#contig	start	end	name	score	strand	break_pos	identity_est	tir_ident	matches	span	la0	la1	ra0	ra1	contig_len	win_start	win_end	kept_pts	bin	arm_len	spacer	ir_class
SUPER_1	335662696	335674306	IR	1000	.	335668501	1.000	1.000	1192	12939	335662696	335667831	335669171	335674306	398148334	335450000	335700000	1192	3641	5135	1340	immediate
SUPER_1	199828475	199834141	IR	1000	.	199831308	1.000	1.000	581	6339	199828475	199831166	199831450	199834141	398148334	199600000	199850000	609	3854	2691	284	immediate
SUPER_1	216452450	216454937	IR	1000	.	216453699	1.000	0.990	262	2772	216452450	216453575	216453823	216454937	398148334	216250000	216500000	262	3394	1114	248	immediate
SUPER_1	57764358	57766984	IR	1000	.	57765671	1.000	1.000	252	2898	57764358	57765604	57765738	57766984	398148334	57550000	57800000	264	3594	1246	134	immediate
SUPER_1	170237888	170244054	IR	999	.	170240971	0.999	1.000	609	6774	170237888	170240636	170241306	170244054	398148334	170000000	170250000	609	4016	2748	670	immediate
SUPER_1	170231804	170237030	IR	999	.	170234412	0.999	0.991	516	5811	170231804	170234135	170234699	170237031	398148334	170000000	170250000	516	3906	2331	564	immediate
SUPER_1	254546536	254551753	IR	999	.	254548927	0.999	0.991	279	5481	254546536	254547954	254550336	254551753	398148334	254350000	254600000	279	3318	1417	2382	spaced
SUPER_1	211077696	211084175	IR	998	.	211080932	0.998	0.993	656	7185	211077696	211080561	211081310	211084180	398148334	211050000	211300000	656	515	2865	749	immediate
SUPER_1	53517791	53522917	IR	998	.	53520354	0.998	1.000	528	5688	53517791	53520063	53520645	53522917	398148334	53300000	53550000	528	3672	2272	582	immediate
SUPER_1	216683657	216686823	IR	998	.	216685240	0.998	1.000	313	3492	216683657	216685062	216685418	216686823	398148334	216450000	216700000	313	3920	1405	356	immediate
SUPER_1	306160920	306168092	IR	996	.	306164507	0.996	0.998	714	7938	306160920	306164102	306164912	306168092	398148334	305950000	306200000	714	3574	3180	810	immediate
SUPER_1	219984547	219987953	IR	996	.	219986250	0.996	0.999	324	3694	219984547	219986080	219986420	219987953	398148334	219750000	220000000	324	3937	1533	340	immediate
SUPER_1	70414446	70419166	IR	995	.	70416806	0.995	0.984	452	5231	70414446	70416536	70417076	70419197	398148334	70200000	70450000	457	3613	2090	540	immediate
SUPER_1	6517672	6521690	IR	992	.	6519681	0.992	1.000	402	4463	6517672	6519451	6519911	6521690	398148334	6300000	6550000	402	3661	1779	460	immediate
SUPER_1	11892315	11894876	IR	991	.	11893447	0.991	1.000	207	2778	11892315	11893327	11893864	11894876	398148334	11650000	11900000	207	4059	1012	537	immediate
SUPER_1	289887069	289889305	IR	988	.	289888187	0.988	1.000	210	2455	289887069	289888040	289888334	289889305	398148334	289650000	289900000	212	3969	971	294	immediate
SUPER_1	379179709	379191501	IR	986	.	379185605	0.986	1.000	1175	13184	379179709	379184901	379186309	379191501	398148334	378950000	379200000	1175	3926	5192	1408	immediate
SUPER_1	133141326	133153564	IR	986	.	133147381	0.986	0.981	961	13322	133141326	133145782	133149192	133153564	398148334	133000000	133250000	961	2457	4372	3410	spaced
SUPER_1	78153852	78159578	IR	986	.	78156715	0.986	0.998	558	6359	78153852	78156380	78157050	78159578	398148334	77950000	78200000	558	3445	2528	670	immediate
SUPER_1	87669160	87681741	IR	985	.	87675450	0.985	1.000	1296	13895	87669160	87674711	87676190	87681741	398148334	87450000	87700000	1296	3757	5551	1479	immediate
SUPER_1	388355	400402	IR	985	.	394378	0.985	0.999	1226	13364	388355	393657	395100	400402	398148334	200000	450000	1226	3239	5302	1443	immediate
SUPER_1	91728181	91740269	IR	985	.	91734225	0.985	0.999	1200	13317	91728181	91733576	91734874	91740275	398148334	91550000	91800000	1215	3070	5395	1298	immediate
SUPER_1	53505936	53516719	IR	985	.	53511328	0.985	1.000	1078	11897	53505936	53510721	53511935	53516719	398148334	53400000	53650000	1079	1855	4784	1214	immediate
SUPER_1	21938210	21947602	IR	985	.	21942906	0.985	0.999	952	10459	21938210	21942379	21943433	21947605	398148334	21700000	21950000	952	4048	4169	1054	immediate
SUPER_1	227420236	227430640	IR	985	.	227425438	0.985	0.921	798	11385	227420236	227424936	227425940	227430697	398148334	227200000	227450000	805	3757	4700	1004	immediate
SUPER_1	292257274	292260478	IR	984	.	292258876	0.984	1.000	315	3543	292257274	292258678	292259074	292260478	398148334	292050000	292300000	315	3481	1404	396	immediate
SUPER_1	316782960	316942338	IR	984	.	316862982	0.984	0.402	253	95573	316782960	316862405	316862967	316942338	398148334	316750000	317000000	0	1877	79371	562	immediate
SUPER_1	335467063	335480759	IR	983	.	335473911	0.983	1.000	1378	186707	335467063	335473124	335474698	335480759	398148334	335350000	335600000	1385	2065	6061	1574	immediate
SUPER_1	83782837	83787119	IR	976	.	83784978	0.976	1.000	439	4754	83782837	83784721	83785235	83787119	398148334	83550000	83800000	439	3916	1884	514	immediate
SUPER_1	198373646	198378434	IR	974	.	198376131	0.974	0.981	296	5161	198373646	198375750	198376330	198378435	398148334	198150000	198400000	296	3767	2104	580	immediate
SUPER_1	148752038	148760994	IR	963	.	148756606	0.963	0.862	460	29448	148752038	148756026	148757014	148760994	398148334	148600000	148850000	460	2608	3980	988	immediate
SUPER_1	117942458	117958112	IR	960	.	117950199	0.960	0.917	962	17048	117942458	117949341	117951229	117958153	398148334	117850000	118100000	970	1671	6883	1888	immediate
SUPER_1	83391338	83397646	IR	960	.	83394335	0.960	0.953	361	7195	83391338	83393985	83395029	83397646	398148334	83150000	83400000	361	4074	2617	1044	immediate
SUPER_1	60550240	60558978	IR	956	.	60554609	0.956	1.000	887	10371	60550240	60554034	60555184	60558978	398148334	60350000	60600000	887	3410	3794	1150	immediate
SUPER_1	260367584	260373592	IR	955	.	260370588	0.955	1.000	561	6751	260367584	260370355	260370821	260373592	398148334	260150000	260400000	651	3676	2771	466	immediate
SUPER_1	98465869	98473109	IR	955	.	98469489	0.955	0.927	428	8232	98465869	98469172	98469806	98473223	398148334	98250000	98500000	430	3658	3303	634	immediate
SUPER_1	82942716	82949734	IR	951	.	82946397	0.951	0.973	444	7593	82942716	82945731	82946719	82949735	398148334	82750000	83000000	444	3270	3015	988	immediate
SUPER_1	207822667	207824997	IR	949	.	207823832	0.949	1.000	225	2540	207822667	207823650	207824014	207824997	398148334	207600000	207850000	225	3730	983	364	immediate
SUPER_1	240160867	240166196	IR	948	.	240163532	0.948	0.989	404	5870	240160867	240163141	240163923	240166196	398148334	239950000	240200000	404	3558	2273	782	immediate
SUPER_1	215422771	215502175	IR	944	.	215462473	0.944	0.449	756	79400	215422771	215461883	215463063	215502185	398148334	215400000	215650000	921	1041	39112	1180	immediate
SUPER_1	360342852	360345281	IR	942	.	360343974	0.942	0.977	119	2648	360342852	360343761	360344372	360345281	398148334	360100000	360350000	119	4067	909	611	immediate
SUPER_1	300143024	300144978	IR	940	.	300144001	0.940	0.951	107	2508	300143024	300143896	300144106	300144978	398148334	299900000	300150000	107	4066	872	210	immediate
SUPER_1	353583655	353585797	IR	939	.	353584726	0.939	0.998	193	2315	353583655	353584554	353584898	353585797	398148334	353350000	353600000	193	3911	899	344	immediate
SUPER_1	152513457	152515641	IR	935	.	152514549	0.935	0.999	193	2396	152513457	152514353	152514745	152515641	398148334	152300000	152550000	193	3575	896	392	immediate
SUPER_1	99069491	99076253	IR	925	.	99072867	0.925	0.992	636	7444	99069491	99072397	99073347	99076254	398148334	98850000	99100000	636	3714	2906	950	immediate
SUPER_1	198723476	198725969	IR	920	.	198724630	0.920	0.979	157	2683	198723476	198724562	198724883	198725969	398148334	198500000	198750000	157	3745	1086	321	immediate
SUPER_1	60103134	60113732	IR	913	.	60108107	0.913	0.912	448	10571	60103134	60108060	60108806	60113742	398148334	59900000	60150000	0	3473	4926	746	immediate
SUPER_1	396199997	396207292	IR	911	.	396203877	0.911	1.000	597	7266	396199997	396203507	396203782	396207292	398148334	396000000	396250000	0	3393	3510	275	immediate
SUPER_1	176002895	176005737	IR	902	.	176004316	0.902	0.994	222	3131	176002895	176004023	176004609	176005737	398148334	175800000	176050000	222	3405	1128	586	immediate
SUPER_1	287788612	287791958	IR	901	.	287790285	0.901	1.000	312	3832	287788612	287789983	287790587	287791958	398148334	287550000	287800000	312	4004	1371	604	immediate
SUPER_1	60625753	60637529	IR	898	.	60631643	0.898	0.969	1062	12896	60625753	60630840	60632446	60637529	398148334	60400000	60650000	1128	3860	5083	1606	immediate
SUPER_1	183597746	183601460	IR	898	.	183599766	0.898	0.965	220	48712	183597746	183599167	183600039	183601460	398148334	183500000	183750000	220	1659	1421	872	immediate
SUPER_1	328614877	328621408	IR	888	.	328618060	0.888	0.984	501	7177	328614877	328617615	328618677	328621408	398148334	328400000	328650000	501	3635	2731	1062	immediate
SUPER_1	69777613	69973915	IR	884	.	69875450	0.884	0.402	52	98328	69777613	69875673	69875857	69973915	398148334	69750000	70000000	0	2095	98058	184	immediate
SUPER_1	265678851	265680840	IR	872	.	265679846	0.872	0.999	151	2190	265678851	265679579	265680113	265680840	398148334	265450000	265700000	151	3830	727	534	immediate
SUPER_1	116846935	116850137	IR	871	.	116848284	0.871	0.971	229	3185	116846935	116848427	116848655	116850137	398148334	116650000	116900000	0	3308	1482	228	immediate
SUPER_1	105959520	105962436	IR	870	.	105960489	0.870	0.976	93	2897	105959520	105960366	105961590	105962436	398148334	105750000	106000000	0	3516	846	1224	immediate
SUPER_1	194959321	194964427	IR	867	.	194961628	0.867	0.971	249	5623	194959321	194961247	194962501	194964427	398148334	194750000	195000000	247	3531	1926	1254	immediate
SUPER_1	133286474	133289161	IR	866	.	133287818	0.866	0.992	179	4447	133286474	133287432	133288204	133289161	398148334	133150000	133400000	179	2296	957	772	immediate
SUPER_1	250053661	250057851	IR	864	.	250055756	0.864	0.999	382	4605	250053661	250055401	250056111	250057851	398148334	249850000	250100000	382	3429	1740	710	immediate
SUPER_1	55671626	55682215	IR	861	.	55677041	0.861	0.999	903	11563	55671626	55675560	55678281	55682215	398148334	55450000	55700000	903	3781	3934	2721	spaced
SUPER_1	324288437	324294661	IR	859	.	324291549	0.859	0.996	601	6827	324288437	324291179	324291919	324294663	398148334	324100000	324350000	611	3192	2742	740	immediate
SUPER_1	247575246	247644019	IR	857	.	247609128	0.857	0.568	29	68729	247575246	247575324	247643975	247644019	398148334	247450000	247700000	0	2660	44	68651	spaced
SUPER_1	294893915	295082138	IR	857	.	294987526	0.857	0.474	22	188185	294893915	294893953	295082100	295082174	398148334	294850000	295100000	0	2300	38	188147	wide
SUPER_1	129287243	129290729	IR	856	.	129289245	0.856	0.973	198	3460	129287243	129288890	129289082	129290729	398148334	129050000	129300000	0	3982	1647	192	immediate
SUPER_1	148590695	148602303	IR	851	.	148596566	0.851	1.000	1027	12805	148590695	148595163	148597835	148602303	398148334	148400000	148650000	1027	3274	4468	2672	spaced
SUPER_1	351009657	351014163	IR	846	.	351011910	0.846	1.000	394	4941	351009657	351011433	351012387	351014163	398148334	350800000	351050000	394	3531	1776	954	immediate
SUPER_1	63955009	63967353	IR	845	.	63960970	0.845	0.972	630	13241	63955009	63958959	63963437	63967353	398148334	63750000	64000000	630	3519	3916	4478	spaced
SUPER_1	287262018	287264822	IR	844	.	287263422	0.844	0.993	210	3012	287262018	287263093	287263751	287264822	398148334	287050000	287300000	210	3556	1071	658	immediate
SUPER_1	283133141	283136421	IR	843	.	283134781	0.843	0.987	190	3612	283133141	283134166	283135396	283136422	398148334	282900000	283150000	190	3912	1025	1230	immediate
SUPER_1	40048985	40053388	IR	841	.	40051188	0.841	0.993	359	4781	40048985	40050763	40051613	40053388	398148334	39950000	40200000	360	1686	1775	850	immediate
SUPER_1	87609985	87613295	IR	840	.	87611640	0.840	0.999	288	3580	87609985	87611261	87612019	87613296	398148334	87400000	87650000	302	3527	1276	758	immediate
SUPER_1	247874031	247880224	IR	839	.	247877063	0.839	0.995	515	6944	247874031	247876463	247877792	247880224	398148334	247650000	247900000	515	3785	2432	1329	immediate
SUPER_1	89279450	89281530	IR	839	.	89280490	0.839	0.976	155	2354	89279450	89280216	89280764	89281542	398148334	89050000	89300000	155	3841	766	548	immediate
SUPER_1	167025428	167028119	IR	835	.	167026790	0.835	0.920	217	2980	167025428	167026604	167026943	167028152	398148334	166800000	167050000	218	3779	1176	339	immediate
SUPER_1	185094128	185096487	IR	835	.	185095332	0.835	0.944	168	2502	185094128	185095001	185095663	185096487	398148334	184850000	185100000	168	4088	824	662	immediate
SUPER_1	283172459	283177445	IR	831	.	283175319	0.831	0.943	177	4967	283172459	283174583	283175364	283177445	398148334	282950000	283200000	0	3749	2081	781	immediate
SUPER_1	306707694	306712990	IR	829	.	306710342	0.829	1.000	482	5800	306707694	306709836	306710848	306712990	398148334	306500000	306750000	482	3505	2142	1012	immediate
SUPER_1	390583983	390588675	IR	829	.	390586329	0.829	0.999	398	5127	390583983	390585834	390586824	390588675	398148334	390350000	390600000	398	3938	1851	990	immediate
SUPER_1	391914455	391916332	IR	829	.	391915394	0.829	0.999	149	2036	391914455	391915209	391915579	391916332	398148334	391700000	391950000	149	3589	753	370	immediate
SUPER_1	239591864	239607174	IR	828	.	239600009	0.828	0.950	564	15019	239591864	239598841	239600199	239607174	398148334	239400000	239650000	0	3325	6975	1358	immediate
SUPER_1	276274400	276278018	IR	825	.	276276209	0.825	0.999	305	3904	276274400	276275793	276276625	276278018	398148334	276050000	276300000	305	3770	1393	832	immediate
SUPER_1	245586252	245590280	IR	823	.	245588266	0.823	0.995	325	4358	245586252	245587808	245588724	245590284	398148334	245450000	245700000	328	2304	1556	916	immediate
SUPER_1	253958857	253962093	IR	822	.	253960475	0.822	0.985	194	3496	253958857	253959849	253961101	253962094	398148334	253750000	254000000	194	3507	992	1252	immediate
SUPER_1	247129742	247141128	IR	821	.	247135850	0.821	0.957	599	11362	247129742	247135244	247135641	247141128	398148334	246900000	247150000	0	3923	5487	397	immediate
SUPER_1	29613293	29616063	IR	821	.	29614678	0.821	0.991	149	2972	29613293	29614077	29615279	29616064	398148334	29400000	29650000	149	3577	784	1202	immediate
SUPER_1	256352948	256354744	IR	820	.	256353846	0.820	1.000	113	2348	256352948	256353445	256354247	256354744	398148334	256200000	256450000	113	2563	497	802	immediate
SUPER_1	340876484	340877718	IR	820	.	340877066	0.820	0.356	23	12256	340876484	340876599	340877666	340877718	398148334	340750000	341000000	103	2118	52	1067	immediate
SUPER_1	369415415	369418778	IR	819	.	369417523	0.819	0.854	78	3284	369415415	369416609	369417681	369418778	398148334	369350000	369600000	0	1118	1097	1072	immediate
SUPER_1	65106542	65108992	IR	812	.	65107767	0.812	0.986	182	2639	65106542	65107393	65108141	65109002	398148334	64900000	65150000	182	3462	851	748	immediate
SUPER_1	151100595	151103184	IR	812	.	151101930	0.812	0.876	119	2731	151100595	151101294	151102566	151103184	398148334	151000000	151250000	119	1698	618	1272	immediate
SUPER_1	182608647	182610859	IR	810	.	182609753	0.810	0.966	103	2283	182608647	182609512	182609994	182610859	398148334	182400000	182650000	103	3495	865	482	immediate
SUPER_1	194553276	194555741	IR	808	.	194554276	0.808	0.980	145	2632	194553276	194554215	194554802	194555743	398148334	194350000	194600000	145	3408	939	587	immediate
SUPER_1	397050262	397053634	IR	806	.	397051948	0.806	0.995	197	3611	397050262	397051143	397052753	397053634	398148334	396850000	397100000	197	3365	881	1610	immediate
SUPER_1	283664092	283667070	IR	805	.	283665244	0.805	0.980	161	2950	283664092	283665379	283665783	283667072	398148334	283450000	283700000	0	3592	1287	404	immediate
SUPER_1	239253749	239258493	IR	805	.	239256121	0.805	0.595	115	5381	239253749	239255831	239256411	239258513	398148334	239050000	239300000	115	3435	2082	580	immediate
SUPER_1	365913266	365921471	IR	804	.	365917369	0.804	1.000	881	9030	365913266	365916870	365917868	365921471	398148334	365800000	366050000	893	1956	3603	998	immediate
SUPER_1	126690891	126692807	IR	799	.	126691849	0.799	0.998	142	2084	126690891	126691474	126692224	126692807	398148334	126450000	126700000	142	4030	583	750	immediate
SUPER_1	27784293	27787541	IR	799	.	27785917	0.799	0.977	117	3515	27784293	27785032	27786802	27787542	398148334	27550000	27800000	117	3931	739	1770	immediate
SUPER_1	377997918	378002148	IR	795	.	378000033	0.795	1.000	378	4671	377997918	377999543	378000523	378002148	398148334	377800000	378050000	378	3333	1625	980	immediate
SUPER_1	196894779	196898179	IR	793	.	196896480	0.793	0.975	152	3727	196894779	196895671	196897289	196898179	398148334	196650000	196900000	152	4107	890	1618	immediate
SUPER_1	358742960	358748066	IR	793	.	358745653	0.793	0.979	84	4874	358742960	358743388	358747645	358748066	398148334	358550000	358800000	953	3258	421	4257	spaced
SUPER_1	243141468	243146352	IR	789	.	243143546	0.789	0.974	204	4862	243141468	243143304	243144516	243146359	398148334	242900000	243150000	0	4065	1836	1212	immediate
SUPER_1	250434817	250437281	IR	789	.	250436063	0.789	0.958	157	2758	250434817	250435644	250436482	250437281	398148334	250200000	250450000	157	3934	799	838	immediate
SUPER_1	219921118	219923888	IR	789	.	219922719	0.789	0.877	39	2927	219921118	219922046	219922960	219923888	398148334	219900000	220150000	31	374	928	914	immediate
SUPER_1	230066253	230070230	IR	788	.	230068334	0.788	0.979	205	4313	230066253	230067709	230068777	230070230	398148334	229850000	230100000	205	3637	1453	1068	immediate
SUPER_1	145688501	145690966	IR	788	.	145689733	0.788	0.975	186	2675	145688501	145689351	145690116	145690977	398148334	145450000	145700000	186	3995	850	765	immediate
SUPER_1	51056109	51059360	IR	786	.	51058213	0.786	0.856	83	3203	51056109	51057308	51058253	51059360	398148334	50850000	51100000	0	3462	1107	945	immediate
SUPER_1	377905552	377910838	IR	785	.	377908195	0.785	1.000	490	5830	377905552	377907831	377908559	377910839	398148334	377800000	378050000	499	1803	2279	728	immediate
SUPER_1	302269672	302272638	IR	785	.	302271155	0.785	0.999	197	3268	302269672	302270544	302271766	302272638	398148334	302050000	302300000	197	3685	872	1222	immediate
SUPER_1	112040574	112042851	IR	784	.	112042005	0.784	0.958	61	2257	112040574	112041243	112042182	112042851	398148334	111800000	112050000	0	4028	669	939	immediate
SUPER_1	81109223	81153399	IR	784	.	81131040	0.784	0.970	25	44138	81109223	81109453	81153169	81153399	398148334	80950000	81200000	0	3021	230	43716	spaced
SUPER_1	368710764	368718184	IR	783	.	368714302	0.783	0.978	483	7944	368710764	368713609	368715339	368718192	398148334	368500000	368750000	483	3574	2845	1730	immediate
SUPER_1	78260804	78262526	IR	783	.	78261665	0.783	0.995	124	2115	78260804	78261371	78261959	78262526	398148334	78050000	78300000	124	3527	567	588	immediate
SUPER_1	9886307	9889101	IR	783	.	9887378	0.783	0.957	99	2775	9886307	9887130	9888278	9889101	398148334	9650000	9900000	0	3961	823	1148	immediate
SUPER_1	276351424	276359322	IR	782	.	276355368	0.782	0.993	736	8691	276351424	276354668	276356081	276359322	398148334	276150000	276400000	736	3422	3241	1413	immediate
SUPER_1	236871655	236874115	IR	780	.	236872885	0.780	1.000	172	2616	236871655	236872435	236873335	236874115	398148334	236650000	236900000	172	3714	780	900	immediate
SUPER_1	131816284	131818122	IR	779	.	131817203	0.779	0.984	136	2018	131816284	131817099	131817307	131818125	398148334	131600000	131850000	136	3619	815	208	immediate
SUPER_1	260804245	260806989	IR	775	.	260805617	0.775	0.991	180	3062	260804245	260805367	260805867	260806991	398148334	260600000	260850000	180	3426	1122	500	immediate
SUPER_1	300289703	300291869	IR	775	.	300290786	0.775	0.990	163	2337	300289703	300290571	300291002	300291869	398148334	300050000	300300000	163	4012	867	431	immediate
SUPER_1	238139614	238146692	IR	774	.	238142860	0.774	0.897	283	6770	238139614	238142975	238143331	238146782	398148334	237950000	238200000	0	3219	3361	356	immediate
SUPER_1	169615971	169618523	IR	774	.	169617361	0.774	1.000	93	2617	169615971	169616373	169618121	169618523	398148334	169400000	169650000	93	3620	402	1748	immediate
SUPER_1	168305059	168306992	IR	771	.	168306026	0.771	0.932	57	2141	168305059	168305909	168306142	168306993	398148334	168200000	168450000	57	1766	850	233	immediate
SUPER_1	131904610	131909008	IR	765	.	131906809	0.765	0.997	360	4932	131904610	131906303	131907315	131909008	398148334	131700000	131950000	360	3446	1693	1012	immediate
SUPER_1	121993077	121996190	IR	764	.	121994216	0.764	0.878	31	3014	121993077	121994040	121995227	121996219	398148334	121800000	122050000	0	3243	963	1187	immediate
SUPER_1	288349698	288352360	IR	763	.	288351042	0.763	0.795	158	2614	288349698	288349776	288352298	288352360	398148334	288150000	288400000	1184	3350	62	2522	spaced
SUPER_1	322785597	322790468	IR	762	.	322788026	0.762	0.983	431	5436	322785597	322787419	322788646	322790472	398148334	322650000	322900000	506	2300	1822	1227	immediate
SUPER_1	173431851	173434621	IR	762	.	173432912	0.762	0.937	72	2752	173431851	173432838	173433634	173434622	398148334	173250000	173500000	0	3053	987	796	immediate
SUPER_1	268815432	268827449	IR	761	.	268820933	0.761	0.945	23	11988	268815432	268815724	268827157	268827449	398148334	268600000	268850000	0	3690	292	11433	spaced
SUPER_1	343092122	343105064	IR	760	.	343099047	0.760	0.906	31	12940	343092122	343092639	343104547	343105079	398148334	343000000	343250000	0	1643	517	11908	spaced
SUPER_1	173123210	173125922	IR	758	.	173124566	0.758	0.988	125	2859	173123210	173123951	173125181	173125926	398148334	172900000	173150000	125	3742	741	1230	immediate
SUPER_1	182572449	182574793	IR	757	.	182573808	0.757	0.953	121	2500	182572449	182573420	182573822	182574797	398148334	182350000	182600000	121	3726	971	402	immediate
SUPER_1	268521780	268524821	IR	756	.	268523507	0.756	0.930	130	3259	268521780	268522671	268523981	268524821	398148334	268450000	268700000	130	1221	840	1310	immediate
SUPER_1	68539342	68554362	IR	754	.	68547272	0.754	0.866	60	12746	68539342	68541751	68551953	68554383	398148334	68350000	68600000	0	3280	2409	10202	spaced
SUPER_1	332381989	332383127	IR	751	.	332382558	0.751	0.981	69	32634	332381989	332382459	332382657	332383127	398148334	332300000	332550000	69	1375	470	198	immediate
SUPER_1	374485887	374490351	IR	748	.	374488120	0.748	0.999	355	4848	374485887	374487530	374488710	374490351	398148334	374250000	374500000	355	3968	1641	1180	immediate
SUPER_1	189516114	189518876	IR	748	.	189517490	0.748	0.940	198	3534	189516114	189517342	189517648	189518911	398148334	189350000	189600000	198	2791	1228	306	immediate
SUPER_1	286364521	286373823	IR	747	.	286368862	0.747	0.943	378	9279	286364521	286368857	286369519	286373823	398148334	286150000	286400000	0	3652	4304	662	immediate
SUPER_1	147953761	147956420	IR	747	.	147955007	0.747	0.923	82	3100	147953761	147954643	147955538	147956420	398148334	147800000	148050000	82	2584	882	895	immediate
SUPER_1	259654468	259657596	IR	747	.	259655818	0.747	0.882	52	3749	259654468	259655605	259656463	259657596	398148334	259550000	259800000	35	1767	1133	858	immediate
SUPER_1	284327972	284330188	IR	746	.	284329080	0.746	1.000	148	2378	284327972	284328659	284329501	284330188	398148334	284100000	284350000	148	3817	687	842	immediate
SUPER_1	83185054	83187322	IR	746	.	83186051	0.746	0.891	53	2831	83185054	83185635	83186741	83187322	398148334	83100000	83350000	61	1436	581	1106	immediate
SUPER_1	388914011	388917335	IR	745	.	388915673	0.745	1.000	271	3647	388914011	388915132	388916214	388917335	398148334	388700000	388950000	271	3594	1121	1082	immediate
SUPER_1	215602448	215604986	IR	744	.	215603872	0.744	0.842	35	3242	215602448	215603019	215604415	215605001	398148334	215400000	215650000	60	3395	571	1396	immediate
SUPER_1	235312110	235313460	IR	743	.	235312785	0.743	0.928	44	2050	235312110	235312725	235312845	235313460	398148334	235100000	235350000	44	3546	615	120	immediate
SUPER_1	241043001	241045633	IR	741	.	241044317	0.741	1.000	180	3076	241043001	241043845	241044789	241045633	398148334	240850000	241100000	180	3238	844	944	immediate
SUPER_1	346151452	346153578	IR	741	.	346152515	0.741	0.997	131	2240	346151452	346152086	346152944	346153578	398148334	345950000	346200000	131	3375	634	858	immediate
SUPER_1	228194538	228196919	IR	740	.	228195731	0.740	0.920	60	2433	228194538	228195271	228196195	228196919	398148334	228000000	228250000	74	3262	724	924	immediate
SUPER_1	253944257	253945622	IR	738	.	253944847	0.738	0.985	87	80112	253944257	253944793	253945086	253945622	398148334	253800000	254050000	87	2415	536	293	immediate
SUPER_1	296258849	296260857	IR	735	.	296259853	0.735	0.972	139	2257	296258849	296259594	296260126	296260857	398148334	296050000	296300000	139	3497	731	532	immediate
SUPER_1	274454248	274456298	IR	731	.	274455093	0.731	0.849	62	2257	274454248	274455091	274455551	274456298	398148334	274250000	274500000	62	3421	747	460	immediate
SUPER_1	217509672	217514932	IR	729	.	217512302	0.729	0.999	514	5895	217509672	217511996	217512609	217514932	398148334	217300000	217550000	514	3538	2323	613	immediate
SUPER_1	381592450	381600833	IR	728	.	381596639	0.728	0.995	746	9212	381592450	381595843	381597444	381600833	398148334	381400000	381650000	756	3277	3389	1601	immediate
SUPER_1	265225272	265233537	IR	728	.	265229594	0.728	1.000	703	9046	265225272	265228333	265230476	265233537	398148334	265000000	265250000	703	3823	3061	2143	spaced
SUPER_1	282708886	282715519	IR	727	.	282712597	0.727	0.713	54	6525	282708886	282711520	282712899	282715519	398148334	282500000	282750000	0	3536	2620	1379	immediate
SUPER_1	278694717	278697521	IR	726	.	278696119	0.726	0.984	137	3036	278694717	278695417	278696821	278697524	398148334	278550000	278800000	137	2435	700	1404	immediate
SUPER_1	69185988	69188719	IR	726	.	69187354	0.726	0.985	131	65463	69185988	69186740	69187968	69188719	398148334	69050000	69300000	133	2289	751	1228	immediate
SUPER_1	311078268	311080570	IR	726	.	311079419	0.726	0.998	130	2542	311078268	311078916	311079922	311080570	398148334	310900000	311150000	130	2990	648	1006	immediate
SUPER_1	140807341	140809579	IR	726	.	140808460	0.726	0.997	129	2394	140807341	140808007	140808913	140809579	398148334	140650000	140900000	129	2640	666	906	immediate
SUPER_1	172075967	172078433	IR	725	.	172077201	0.725	0.997	161	2589	172075967	172076694	172077708	172078433	398148334	171850000	172100000	161	3786	725	1014	immediate
SUPER_1	313800874	313802894	IR	725	.	313802057	0.725	0.937	50	2134	313800874	313801518	313802250	313802894	398148334	313600000	313850000	50	3364	644	732	immediate
SUPER_1	149392751	149395981	IR	723	.	149394366	0.723	0.985	148	3428	149392751	149393608	149395124	149395982	398148334	149300000	149550000	148	1572	857	1516	immediate
SUPER_1	141303847	141306618	IR	720	.	141305233	0.720	0.974	108	3084	141303847	141304592	141305874	141306618	398148334	141100000	141350000	108	3420	744	1282	immediate
SUPER_1	110848676	110851433	IR	719	.	110850055	0.719	0.990	130	2932	110848676	110849344	110850766	110851433	398148334	110650000	110900000	130	3334	667	1422	immediate
SUPER_1	285278497	285280944	IR	719	.	285279768	0.719	0.871	49	2500	285278497	285279204	285280237	285280959	398148334	285100000	285350000	77	2995	707	1033	immediate
SUPER_1	116530140	116532843	IR	718	.	116531493	0.718	0.969	115	2995	116530140	116530858	116532128	116532843	398148334	116450000	116700000	118	1358	715	1270	immediate
SUPER_1	181501999	181505533	IR	717	.	181503820	0.717	0.943	135	3744	181501999	181502912	181504620	181505558	398148334	181350000	181600000	135	2562	913	1708	immediate
SUPER_1	360871887	360957481	IR	715	.	360915054	0.715	0.395	30	43075	360871887	360914657	360914743	360957481	398148334	360750000	361000000	0	2744	42738	86	immediate
SUPER_1	13083138	13086525	IR	711	.	13084833	0.711	0.977	209	3724	13083138	13084338	13085328	13086525	398148334	12850000	13100000	209	3913	1197	990	immediate
SUPER_1	216842656	216846034	IR	711	.	216844350	0.711	0.951	207	3569	216842656	216844029	216844661	216846043	398148334	216600000	216850000	207	4072	1373	632	immediate
SUPER_1	255504610	255507368	IR	709	.	255505989	0.709	0.999	192	2942	255504610	255505479	255506499	255507368	398148334	255300000	255550000	192	3433	869	1020	immediate
SUPER_1	56700696	56702663	IR	709	.	56701679	0.709	0.970	136	2132	56700696	56701563	56701796	56702664	398148334	56700000	56950000	136	27	867	233	immediate
SUPER_1	190251130	190253628	IR	708	.	190252379	0.708	1.000	163	2652	190251130	190251885	190252873	190253628	398148334	190050000	190300000	163	3372	755	988	immediate
SUPER_1	356907866	356910179	IR	708	.	356909362	0.708	0.948	61	2287	356907866	356908690	356909355	356910183	398148334	356700000	356950000	0	3483	824	665	immediate
SUPER_1	333798600	333800626	IR	707	.	333799965	0.707	0.896	51	2004	333798600	333799361	333799888	333800626	398148334	333650000	333900000	0	2493	738	527	immediate
SUPER_1	302959621	302962267	IR	703	.	302960944	0.703	0.994	168	2799	302959621	302960433	302961455	302962267	398148334	302750000	303000000	168	3515	812	1022	immediate
SUPER_1	325543485	325547502	IR	702	.	325545656	0.702	0.913	210	4354	325543485	325544749	325546336	325547502	398148334	325350000	325600000	225	3258	1166	1587	immediate
SUPER_1	298151105	298153926	IR	701	.	298152512	0.701	0.877	154	3027	298151105	298152319	298152775	298153926	398148334	297950000	298200000	196	3375	1151	456	immediate
SUPER_1	123551439	123554480	IR	701	.	123552961	0.701	0.993	151	3266	123551439	123552159	123553763	123554480	398148334	123500000	123750000	151	882	717	1604	immediate
SUPER_1	275167787	275171142	IR	700	.	275169467	0.700	0.950	157	3614	275167787	275168909	275170020	275171142	398148334	275050000	275300000	174	1990	1122	1111	immediate
SUPER_1	123263660	123266701	IR	700	.	123265182	0.700	0.993	151	3266	123263660	123264380	123265984	123266701	398148334	123050000	123300000	151	3586	717	1604	immediate
SUPER_1	152439230	152442539	IR	700	.	152440826	0.700	0.907	117	3612	152439230	152440545	152441224	152442590	398148334	152250000	152500000	117	3181	1315	679	immediate
SUPER_1	284617141	284620500	IR	699	.	284618821	0.699	0.990	226	3619	284617141	284618200	284619449	284620500	398148334	284600000	284850000	226	313	1051	1249	immediate
SUPER_1	364680261	364683464	IR	698	.	364681862	0.698	0.983	156	3405	364680261	364680984	364682750	364683464	398148334	364450000	364700000	156	3864	714	1766	immediate
SUPER_1	68013365	68016399	IR	698	.	68014774	0.698	0.921	35	3027	68013365	68013935	68015829	68016399	398148334	67900000	68150000	35	1914	570	1894	immediate
SUPER_1	150898605	150900963	IR	697	.	150900045	0.697	0.902	29	2338	150898605	150899219	150900349	150900963	398148334	150800000	151050000	0	1662	614	1130	immediate
SUPER_1	186094331	186099091	IR	696	.	186096491	0.696	0.941	287	5831	186094331	186096097	186097325	186099091	398148334	185900000	186150000	287	3278	1766	1228	immediate
SUPER_1	87417665	87420447	IR	696	.	87419065	0.696	0.913	161	4864	87417665	87418832	87419336	87420447	398148334	87250000	87500000	230	2817	1111	504	immediate
SUPER_1	119105240	119107192	IR	694	.	119106216	0.694	0.905	119	2140	119105240	119105953	119106540	119107192	398148334	118950000	119200000	119	2603	652	587	immediate
SUPER_1	117144328	117146994	IR	694	.	117145211	0.694	0.978	59	2634	117144328	117144885	117146437	117146994	398148334	117000000	117250000	0	2427	557	1552	immediate
SUPER_1	62602225	62604181	IR	693	.	62603203	0.693	0.900	98	2141	62602225	62602964	62603502	62604181	398148334	62450000	62700000	98	2553	679	538	immediate
SUPER_1	103699308	103701675	IR	693	.	103700491	0.693	0.922	76	34504	103699308	103699855	103701157	103701675	398148334	103550000	103800000	84	2508	518	1302	immediate
SUPER_1	271979435	271983981	IR	692	.	271982178	0.692	0.954	131	4531	271979435	271980870	271982546	271983989	398148334	271750000	272000000	0	3861	1435	1676	immediate
SUPER_1	382403232	382405350	IR	692	.	382404291	0.692	0.994	114	2273	382403232	382403850	382404732	382405350	398148334	382200000	382450000	114	3404	618	882	immediate
SUPER_1	195066539	195068458	IR	692	.	195067517	0.692	0.848	106	2141	195066539	195067217	195067780	195068517	398148334	195050000	195300000	106	291	678	563	immediate
SUPER_1	125383135	125385220	IR	691	.	125384610	0.691	0.996	91	2064	125383135	125383684	125384671	125385220	398148334	125150000	125400000	0	3902	549	987	immediate
SUPER_1	269234046	269236032	IR	689	.	269235039	0.689	0.996	98	2066	269234046	269234562	269235516	269236032	398148334	269000000	269250000	98	3917	516	954	immediate
SUPER_1	313516275	313518672	IR	689	.	313517148	0.689	0.939	41	2379	313516275	313516828	313518120	313518672	398148334	313300000	313550000	0	3624	552	1292	immediate
SUPER_1	195290774	195293048	IR	688	.	195291911	0.688	0.987	119	2425	195290774	195291487	195292335	195293049	398148334	195050000	195300000	119	4031	713	848	immediate
SUPER_1	316333877	316343533	IR	687	.	316338837	0.687	0.996	763	10527	316333877	316337492	316339931	316343533	398148334	316100000	316350000	791	3978	3602	2439	spaced
SUPER_1	250865748	250871629	IR	687	.	250868696	0.687	0.929	292	6419	250865748	250868490	250868902	250871629	398148334	250700000	250950000	292	2811	2727	412	immediate
SUPER_1	305958839	305961092	IR	687	.	305960052	0.687	0.963	79	2379	305958839	305959521	305960410	305961092	398148334	305750000	306000000	79	3499	682	889	immediate
SUPER_1	347239442	347243377	IR	686	.	347241493	0.686	0.974	193	99089	347239442	347240738	347242081	347243377	398148334	347100000	347350000	193	2356	1296	1343	immediate
SUPER_1	212877607	212879430	IR	686	.	212878519	0.686	0.992	101	2059	212877607	212878114	212878924	212879430	398148334	212650000	212900000	101	3808	506	810	immediate
SUPER_1	248509492	248513003	IR	686	.	248511038	0.686	0.936	76	3596	248509492	248510150	248512345	248513013	398148334	248300000	248550000	76	3520	658	2195	spaced
SUPER_1	68932170	68936952	IR	686	.	68934441	0.686	0.924	74	149836	68932170	68932473	68936669	68936952	398148334	68800000	69050000	691	2242	283	4196	spaced
SUPER_1	202361201	202380011	IR	685	.	202370627	0.685	0.433	78	18939	202361201	202370031	202371181	202380042	398148334	202150000	202400000	110	3676	8830	1150	immediate
SUPER_1	15393825	15396383	IR	684	.	15395202	0.684	0.991	124	2697	15393825	15394513	15395695	15396384	398148334	15150000	15400000	124	4084	688	1182	immediate
SUPER_1	84400161	84404730	IR	681	.	84402721	0.681	0.915	119	4549	84400161	84402318	84402603	84404730	398148334	84400000	84650000	0	40	2127	285	immediate
SUPER_1	212380083	212381973	IR	680	.	212381244	0.680	0.929	27	2127	212380083	212380479	212381577	212381973	398148334	212350000	212600000	23	516	396	1098	immediate
SUPER_1	59217823	59273500	IR	677	.	59245417	0.677	0.916	988	59102	59217823	59219128	59272195	59273504	398148334	59150000	59400000	52	1594	1305	53067	spaced
SUPER_1	202050155	202052807	IR	677	.	202051481	0.677	0.924	167	2888	202050155	202050964	202051998	202052872	398148334	201950000	202200000	167	1691	809	1034	immediate
SUPER_1	298045797	298048673	IR	677	.	298047235	0.677	0.994	152	3078	298045797	298046473	298047997	298048673	398148334	297800000	298050000	152	4120	676	1524	immediate
SUPER_1	113101749	113107516	IR	673	.	113104713	0.673	0.959	224	5944	113101749	113103876	113105389	113107516	398148334	113100000	113350000	224	77	2127	1513	immediate
SUPER_1	142418237	142421785	IR	673	.	142420011	0.673	0.989	205	3793	142418237	142419324	142420698	142421785	398148334	142200000	142450000	205	3666	1087	1374	immediate
SUPER_1	383565113	383567586	IR	671	.	383566350	0.671	0.991	95	2916	383565113	383565641	383567059	383567586	398148334	383400000	383650000	95	2772	527	1418	immediate
SUPER_1	201506590	201509578	IR	671	.	201508085	0.671	0.953	94	3136	201506590	201507499	201508671	201509578	398148334	201400000	201650000	94	1801	907	1172	immediate
SUPER_1	73898253	73899307	IR	671	.	73898780	0.671	0.951	35	21377	73898253	73898617	73898943	73899307	398148334	73700000	73950000	35	3312	364	326	immediate
SUPER_1	303621239	303624592	IR	670	.	303622916	0.670	0.988	153	3613	303621239	303622049	303623783	303624592	398148334	303600000	303850000	153	381	809	1734	immediate
SUPER_1	103377404	103384916	IR	668	.	103381082	0.668	0.988	304	7898	103377404	103379012	103383308	103384919	398148334	103250000	103500000	311	2185	1608	4296	spaced
SUPER_1	164669606	164674086	IR	667	.	164671683	0.667	0.948	187	4922	164669606	164671442	164672250	164674089	398148334	164450000	164700000	187	3697	1836	808	immediate
SUPER_1	266262807	266446873	IR	667	.	266355003	0.667	0.826	22	184054	266262807	266262876	266446816	266446873	398148334	266200000	266450000	85	2580	57	183940	wide
SUPER_1	283549332	283553301	IR	666	.	283551209	0.666	0.967	123	4158	283549332	283550403	283552230	283553305	398148334	283450000	283700000	123	1688	1071	1827	immediate
SUPER_1	53799149	53801269	IR	665	.	53800211	0.665	0.962	99	2196	53799149	53799829	53800589	53801273	398148334	53600000	53850000	99	3336	680	760	immediate
SUPER_1	153673716	153675781	IR	665	.	153674749	0.665	0.966	65	2206	153673716	153674274	153675224	153675781	398148334	153450000	153700000	65	3745	557	950	immediate
SUPER_1	278245385	278248769	IR	664	.	278247077	0.664	0.995	193	3729	278245385	278246372	278247782	278248769	398148334	278000000	278250000	193	4117	987	1410	immediate
SUPER_1	351905408	351909668	IR	664	.	351907103	0.664	0.981	147	4232	351905408	351906652	351908424	351909668	398148334	351700000	351950000	0	3458	1244	1772	immediate
SUPER_1	49728850	49731550	IR	663	.	49730200	0.663	0.965	91	2969	49728850	49729678	49730722	49731550	398148334	49500000	49750000	91	3836	828	1044	immediate
SUPER_1	196110593	196119056	IR	662	.	196115185	0.662	0.925	339	8439	196110593	196114185	196115502	196119056	398148334	195900000	196150000	0	3580	3554	1317	immediate
SUPER_1	177845394	177851760	IR	662	.	177848498	0.662	0.956	332	7315	177845394	177847747	177849412	177851760	398148334	177650000	177900000	332	3309	2348	1665	immediate
SUPER_1	284504756	284586209	IR	661	.	284545038	0.661	0.974	1925	81434	284504756	284516249	284574751	284586209	398148334	284400000	284650000	0	2424	11458	58502	spaced
SUPER_1	53794826	53796957	IR	661	.	53795815	0.661	0.818	45	2343	53794826	53795480	53796360	53796957	398148334	53650000	53900000	79	2431	597	880	immediate
SUPER_1	330421497	330423452	IR	660	.	330422328	0.660	0.889	47	2064	330421497	330422120	330422829	330423452	398148334	330200000	330450000	47	3707	623	709	immediate
SUPER_1	268405460	268410555	IR	659	.	268408119	0.659	0.975	238	5527	268405460	268406993	268409022	268410567	398148334	268200000	268450000	242	3466	1533	2029	spaced
SUPER_1	191861569	191864391	IR	659	.	191862980	0.659	0.999	174	2985	191861569	191862386	191863574	191864391	398148334	191650000	191900000	174	3549	817	1188	immediate
SUPER_1	170260063	170268545	IR	659	.	170264304	0.659	0.544	95	9065	170260063	170263882	170264726	170268624	398148334	170100000	170350000	98	2738	3819	844	immediate
SUPER_1	311669769	311803596	IR	658	.	311736893	0.658	0.985	160	134007	311669769	311670586	311802779	311803597	398148334	311600000	311850000	160	2277	817	132193	wide
SUPER_1	282470216	282473906	IR	658	.	282471839	0.658	0.915	136	4242	282470216	282471767	282472355	282473913	398148334	282250000	282500000	136	3700	1551	588	immediate
SUPER_1	140598873	140599841	IR	658	.	140599412	0.658	1.000	55	9714	140598873	140599209	140599505	140599841	398148334	140400000	140650000	396	3322	336	296	immediate
SUPER_1	196993274	196998019	IR	657	.	196995890	0.657	0.954	156	4722	196993274	196994971	196996326	196998019	398148334	196800000	197050000	0	3260	1693	1355	immediate
SUPER_1	183899941	183903159	IR	655	.	183901495	0.655	0.964	158	3619	183899941	183900875	183902246	183903159	398148334	183700000	183950000	167	3359	913	1371	immediate
SUPER_1	143073896	143076354	IR	654	.	143075125	0.654	1.000	145	2573	143073896	143074565	143075685	143076354	398148334	142850000	143100000	145	3751	669	1120	immediate
SUPER_1	106999008	107001010	IR	654	.	107000009	0.654	0.975	69	2063	106999008	106999494	107000524	107001010	398148334	106850000	107100000	69	2500	486	1030	immediate
SUPER_1	114286029	114288471	IR	653	.	114287250	0.653	0.934	169	2716	114286029	114286884	114287616	114288511	398148334	114050000	114300000	169	3954	855	732	immediate
SUPER_1	157666214	157668874	IR	651	.	157667544	0.651	0.990	119	2810	157666214	157666831	157668257	157668875	398148334	157450000	157700000	119	3625	617	1426	immediate
SUPER_1	198919595	198922894	IR	650	.	198920834	0.650	0.950	70	3278	198919595	198920229	198922274	198922894	398148334	198800000	199050000	0	2020	620	2045	spaced
SUPER_1	64303853	64305576	IR	650	.	64304631	0.650	0.757	35	2076	64303853	64304605	64304829	64305576	398148334	64200000	64450000	75	1745	747	224	immediate
SUPER_1	180687686	180690479	IR	649	.	180689032	0.649	0.992	160	3172	180687686	180688511	180689661	180690479	398148334	180600000	180850000	160	1484	818	1150	immediate
SUPER_1	251928962	251931056	IR	649	.	251930009	0.649	0.845	122	2265	251928962	251929692	251930433	251931056	398148334	251750000	252000000	131	3000	623	741	immediate
SUPER_1	36094040	36096244	IR	649	.	36095142	0.649	0.998	117	2324	36094040	36094601	36095683	36096244	398148334	35850000	36100000	117	4085	561	1082	immediate
SUPER_1	239584448	239586760	IR	648	.	239585604	0.648	0.997	121	2413	239584448	239585032	239586176	239586760	398148334	239350000	239600000	121	3926	584	1144	immediate
SUPER_1	291192500	291194038	IR	648	.	291193269	0.648	0.987	81	11289	291192500	291192949	291193593	291194038	398148334	291050000	291300000	81	2387	445	644	immediate
SUPER_1	82718134	82721084	IR	647	.	82719756	0.647	0.953	104	3181	82718134	82719164	82720054	82721085	398148334	82600000	82850000	104	1993	1030	890	immediate
SUPER_1	206784231	206787193	IR	646	.	206786154	0.646	0.971	104	2943	206784231	206785114	206786312	206787193	398148334	206550000	206800000	0	3928	881	1198	immediate
SUPER_1	315154695	315159756	IR	646	.	315157664	0.646	0.634	59	5042	315154695	315157141	315157321	315159756	398148334	315000000	315250000	0	2620	2435	180	immediate
SUPER_1	389824339	389827183	IR	646	.	389825324	0.646	0.892	20	2824	389824339	389824992	389826538	389827183	398148334	389600000	389850000	0	3762	645	1546	immediate
SUPER_1	242499695	242502624	IR	645	.	242501177	0.645	0.960	218	3197	242499695	242500996	242501323	242502660	398148334	242300000	242550000	218	3352	1301	327	immediate
SUPER_1	265700520	265703565	IR	645	.	265702143	0.645	0.869	134	3203	265700520	265701785	265702315	265703565	398148334	265500000	265750000	162	3367	1250	530	immediate
SUPER_1	306503806	306507613	IR	643	.	306505728	0.643	0.923	142	3997	306503806	306504965	306506491	306507613	398148334	306300000	306550000	142	3428	1122	1526	immediate
SUPER_1	237656673	237658750	IR	643	.	237657989	0.643	0.911	65	2080	237656673	237657504	237657919	237658776	398148334	237500000	237750000	0	2628	831	415	immediate
SUPER_1	260523723	260526552	IR	642	.	260524846	0.642	0.996	85	2810	260523723	260524275	260526000	260526552	398148334	260300000	260550000	0	3752	552	1725	immediate
SUPER_1	295082372	295084482	IR	641	.	295083427	0.641	0.982	90	2286	295082372	295082913	295083941	295084488	398148334	294850000	295100000	90	3890	541	1028	immediate
SUPER_1	81047230	81050232	IR	640	.	81048731	0.640	0.979	132	3193	81047230	81048032	81049430	81050237	398148334	80850000	81100000	133	3312	802	1398	immediate
SUPER_1	210518919	210523077	IR	639	.	210520592	0.639	0.953	159	4143	210518919	210520787	210521209	210523081	398148334	210350000	210600000	0	2849	1868	422	immediate
SUPER_1	199840476	199844103	IR	639	.	199842181	0.639	0.886	151	3946	199840476	199841668	199842911	199844210	398148334	199600000	199850000	181	4038	1192	1243	immediate
SUPER_1	26556630	26558800	IR	639	.	26557715	0.639	0.994	97	2301	26556630	26557144	26558286	26558800	398148334	26350000	26600000	97	3461	514	1142	immediate
SUPER_1	63834816	63836646	IR	639	.	63835731	0.639	0.966	45	2055	63834816	63835204	63836258	63836646	398148334	63600000	63850000	45	3928	388	1054	immediate
SUPER_1	116340483	116343106	IR	638	.	116341881	0.638	0.944	60	2731	116340483	116341152	116342437	116343115	398148334	116100000	116350000	60	4029	669	1285	immediate
SUPER_1	135689357	135692407	IR	637	.	135690882	0.637	0.923	114	3187	135689357	135690016	135691748	135692443	398148334	135450000	135700000	114	4014	659	1732	immediate
SUPER_1	209106502	209108335	IR	635	.	209107419	0.635	0.942	58	2012	209106502	209107312	209107528	209108335	398148334	209100000	209350000	58	123	807	216	immediate
SUPER_1	329454557	329465320	IR	634	.	329459883	0.634	0.992	884	11695	329454557	329458639	329461256	329465320	398148334	329250000	329500000	884	3498	4064	2617	spaced
SUPER_1	130306170	130309940	IR	634	.	130307947	0.634	0.934	88	4032	130306170	130307184	130308926	130309940	398148334	130100000	130350000	88	3467	1014	1742	immediate
SUPER_1	50423871	50426837	IR	633	.	50425228	0.633	0.985	100	3098	50423871	50424396	50426312	50426841	398148334	50200000	50450000	100	3755	525	1916	immediate
SUPER_1	60952091	60958638	IR	632	.	60955008	0.632	0.984	403	6489	60952091	60955134	60955595	60958638	398148334	60750000	61000000	0	3422	3043	461	immediate
SUPER_1	189125937	189129860	IR	631	.	189127542	0.631	0.955	129	3904	189125937	189127258	189128539	189129864	398148334	188900000	189150000	0	3798	1321	1281	immediate
SUPER_1	354125487	354130575	IR	629	.	354127592	0.629	0.899	142	5061	354125487	354127634	354128429	354130575	398148334	353900000	354150000	0	3800	2146	795	immediate
SUPER_1	158048200	158051345	IR	629	.	158049783	0.629	0.953	136	3363	158048200	158049050	158050519	158051345	398148334	157850000	158100000	136	3329	826	1469	immediate
SUPER_1	92228727	92231781	IR	628	.	92230254	0.628	0.937	134	3283	92228727	92229651	92230895	92231781	398148334	92050000	92300000	143	3004	886	1244	immediate
SUPER_1	33458836	33461088	IR	628	.	33459961	0.628	0.972	126	2364	33458836	33459473	33460451	33461097	398148334	33250000	33500000	126	3499	637	978	immediate
SUPER_1	43625518	43634190	IR	626	.	43629854	0.626	0.999	757	9462	43625518	43628923	43630785	43634190	398148334	43400000	43650000	757	3830	3405	1862	immediate
SUPER_1	266895687	266899963	IR	626	.	266897825	0.626	0.985	356	72088	266895687	266897473	266898177	266899980	398148334	266750000	267000000	356	2463	1786	704	immediate
SUPER_1	15691342	15694222	IR	626	.	15692782	0.626	0.999	170	3055	15691342	15692157	15693407	15694222	398148334	15450000	15700000	170	4046	815	1250	immediate
SUPER_1	82471283	82476281	IR	625	.	82473782	0.625	0.995	344	5423	82471283	82472996	82474568	82476281	398148334	82250000	82500000	344	3729	1713	1572	immediate
SUPER_1	238298778	238300589	IR	623	.	238299684	0.623	0.983	124	2008	238298778	238299536	238299831	238300591	398148334	238150000	238400000	124	2494	758	295	immediate
SUPER_1	121670108	121672792	IR	622	.	121671451	0.622	0.963	104	2963	121670108	121670870	121672032	121672792	398148334	121550000	121800000	109	2024	760	1162	immediate
SUPER_1	265757776	265760444	IR	622	.	265758924	0.622	0.943	89	148055	265757776	265758829	265759393	265760444	398148334	265600000	265850000	90	2651	1051	564	immediate
SUPER_1	14552282	14554358	IR	622	.	14553400	0.622	0.833	65	2243	14552282	14552709	14553931	14554435	398148334	14550000	14800000	65	55	427	1222	immediate
SUPER_1	103894281	103898707	IR	621	.	103896669	0.621	0.876	279	4731	103894281	103896351	103896708	103898707	398148334	103650000	103900000	314	4108	1999	357	immediate
SUPER_1	195287567	195290545	IR	620	.	195289085	0.620	0.928	173	3127	195287567	195288737	195289433	195290545	398148334	195050000	195300000	173	3984	1112	696	immediate
SUPER_1	203737178	203742715	IR	620	.	203739976	0.620	0.804	70	6304	203737178	203739551	203740342	203742742	398148334	203700000	203950000	107	665	2373	791	immediate
SUPER_1	184113973	184117686	IR	619	.	184116002	0.619	0.975	153	3880	184113973	184114986	184116673	184117688	398148334	183900000	184150000	153	3597	1013	1687	immediate
SUPER_1	356991454	356993887	IR	619	.	356992260	0.619	0.956	74	2412	356991454	356992091	356993259	356993887	398148334	356750000	357000000	0	4044	628	1168	immediate
SUPER_1	54563239	54572479	IR	618	.	54567637	0.618	0.999	665	9885	54563239	54566131	54569589	54572479	398148334	54450000	54700000	649	1964	2890	3458	spaced
SUPER_1	11899707	11905041	IR	618	.	11902374	0.618	0.995	400	5860	11899707	11901588	11903160	11905041	398148334	11700000	11950000	400	3372	1881	1572	immediate
SUPER_1	140009954	140013123	IR	618	.	140011539	0.618	0.978	137	3383	140009954	140010755	140012322	140013126	398148334	139800000	140050000	137	3525	801	1567	immediate
SUPER_1	321398965	321406647	IR	616	.	321402812	0.616	0.991	661	8768	321398965	321402273	321403356	321406647	398148334	321250000	321500000	941	2546	3291	1083	immediate
SUPER_1	82584056	82590709	IR	616	.	82586950	0.616	0.986	317	6634	82584056	82586407	82588358	82590709	398148334	82500000	82750000	0	1456	2351	1951	immediate
SUPER_1	281646879	281649411	IR	616	.	281647891	0.616	0.763	33	2479	281646879	281647909	281648459	281649411	398148334	281450000	281700000	0	3302	952	550	immediate
SUPER_1	111007763	111010223	IR	615	.	111009373	0.615	0.896	80	2438	111007763	111008768	111009266	111010223	398148334	110800000	111050000	0	3483	957	498	immediate
SUPER_1	131880852	131885442	IR	614	.	131883147	0.614	0.982	254	5378	131880852	131882446	131883848	131885442	398148334	131700000	131950000	254	3052	1594	1402	immediate
SUPER_1	120472850	120475888	IR	614	.	120474259	0.614	0.980	97	3324	120472850	120473449	120475289	120475888	398148334	120250000	120500000	97	3739	599	1840	immediate
SUPER_1	181615244	181618503	IR	613	.	181616877	0.613	0.962	94	3384	181615244	181615957	181617790	181618505	398148334	181400000	181650000	94	3614	713	1833	immediate
SUPER_1	33775503	33781191	IR	612	.	33778520	0.612	1.000	428	6113	33775503	33777382	33779312	33781191	398148334	33550000	33800000	428	3805	1879	1930	immediate
SUPER_1	287517416	287519709	IR	612	.	287518564	0.612	0.953	82	2354	287517416	287518130	287518995	287519713	398148334	287300000	287550000	82	3642	714	865	immediate
SUPER_1	71563048	71797424	IR	612	.	71679746	0.612	0.810	29	234346	71563048	71563133	71797339	71797444	398148334	71550000	71800000	0	2170	85	234206	wide
SUPER_1	132194557	132197094	IR	611	.	132195777	0.611	0.962	120	2759	132194557	132195372	132196290	132197094	398148334	132000000	132250000	120	3263	804	918	immediate
SUPER_1	119108852	119115798	IR	610	.	119112195	0.610	0.995	582	7548	119108852	119111427	119113234	119115798	398148334	118950000	119200000	583	2705	2564	1807	immediate
SUPER_1	287513740	287517154	IR	610	.	287515452	0.610	0.988	300	3814	287513740	287515209	287515696	287517154	398148334	287300000	287550000	300	3590	1458	487	immediate
SUPER_1	176438188	176441012	IR	610	.	176439433	0.610	0.969	99	3191	176438188	176438988	176440213	176441012	398148334	176200000	176450000	99	3993	799	1225	immediate
SUPER_1	248608367	248610505	IR	610	.	248609436	0.610	0.983	73	2209	248608367	248608850	248610022	248610505	398148334	248400000	248650000	73	3490	483	1172	immediate
SUPER_1	376600043	376602103	IR	609	.	376601073	0.609	1.000	98	2213	376600043	376600474	376601672	376602103	398148334	376400000	376650000	98	3351	431	1198	immediate
SUPER_1	101294488	101296832	IR	609	.	101295660	0.609	0.985	84	2566	101294488	101295030	101296290	101296832	398148334	101050000	101300000	84	4094	542	1260	immediate
SUPER_1	216596260	216599767	IR	608	.	216597974	0.608	0.877	63	3616	216596260	216597380	216598647	216599768	398148334	216450000	216700000	140	2466	1120	1267	immediate
SUPER_1	30761310	30763489	IR	607	.	30762779	0.607	0.980	89	2158	30761310	30761953	30762847	30763489	398148334	30550000	30800000	0	3539	642	894	immediate
SUPER_1	230034386	230036632	IR	607	.	230035682	0.607	0.986	83	2342	230034386	230034896	230036124	230036632	398148334	229800000	230050000	83	3925	508	1228	immediate
SUPER_1	1350984	1353714	IR	605	.	1352350	0.605	0.983	135	2969	1350984	1351766	1352934	1353714	398148334	1150000	1400000	135	3372	780	1168	immediate
SUPER_1	169894738	169897277	IR	605	.	169896203	0.605	0.934	79	2631	169894738	169895378	169896660	169897277	398148334	169700000	169950000	79	3266	617	1282	immediate
SUPER_1	84614464	84617263	IR	604	.	84615864	0.604	0.976	116	3010	84614464	84615090	84616639	84617263	398148334	84400000	84650000	116	3597	624	1549	immediate
SUPER_1	342719150	342731152	IR	604	.	342725118	0.604	1.000	84	12086	342719150	342719555	342730747	342731152	398148334	342700000	342950000	87	419	405	11192	spaced
SUPER_1	278994294	278997201	IR	603	.	278996091	0.603	1.000	114	2889	278994294	278994946	278996549	278997201	398148334	278750000	279000000	0	4095	652	1603	immediate
SUPER_1	278416851	278419197	IR	602	.	278417941	0.602	0.952	43	2566	278416851	278417288	278418760	278419197	398148334	278200000	278450000	43	3633	437	1472	immediate
SUPER_1	264241766	264245508	IR	601	.	264243267	0.601	0.815	118	3811	264241766	264243254	264244020	264245599	398148334	264050000	264300000	0	3227	1488	766	immediate
SUPER_1	59418955	59425253	IR	600	.	59421811	0.600	0.909	197	6279	59418955	59421319	59422889	59425253	398148334	59300000	59550000	0	2034	2364	1570	immediate
SUPER_1	203577375	203581098	IR	600	.	203578770	0.600	0.589	49	3698	203577375	203578902	203579598	203581098	398148334	203350000	203600000	0	3820	1500	696	immediate
SUPER_1	38914233	38916213	IR	600	.	38915044	0.600	0.976	42	2176	38914233	38914562	38915884	38916213	398148334	38700000	38950000	42	3586	329	1322	immediate
SUPER_1	154411633	154417217	IR	599	.	154414425	0.599	1.000	471	5919	154411633	154413778	154415072	154417217	398148334	154250000	154500000	484	2740	2145	1294	immediate
SUPER_1	145376895	145383022	IR	599	.	145380305	0.599	0.968	259	6110	145376895	145379321	145380596	145383026	398148334	145150000	145400000	0	3832	2426	1275	immediate
SUPER_1	267651959	267653973	IR	599	.	267652966	0.599	0.982	69	2116	267651959	267652447	267653486	267653973	398148334	267500000	267750000	69	2549	487	1039	immediate
SUPER_1	114272056	114275724	IR	598	.	114274202	0.598	0.979	104	3620	114272056	114273042	114274738	114275724	398148334	114050000	114300000	0	3731	986	1696	immediate
SUPER_1	185265708	185269001	IR	598	.	185266977	0.598	0.894	38	3267	185265708	185266535	185268174	185269027	398148334	185100000	185350000	0	2789	827	1639	immediate
SUPER_1	151615931	151618309	IR	597	.	151616814	0.597	0.891	20	2365	151615931	151616369	151617871	151618313	398148334	151600000	151850000	0	285	438	1502	immediate
SUPER_1	166440770	166444009	IR	596	.	166442847	0.596	0.718	43	2790	166440770	166441550	166443229	166444051	398148334	166250000	166500000	0	3206	780	1679	immediate
SUPER_1	273934361	273937827	IR	595	.	273936204	0.595	0.983	152	3793	273934361	273935257	273936935	273937827	398148334	273800000	274050000	152	2268	892	1678	immediate
SUPER_1	194650063	194653278	IR	593	.	194651671	0.593	0.988	218	3426	194650063	194651165	194652177	194653278	398148334	194450000	194700000	218	3361	1101	1012	immediate
SUPER_1	163402594	163405770	IR	593	.	163404182	0.593	0.980	142	3431	163402594	163403436	163404928	163405770	398148334	163200000	163450000	142	3402	842	1492	immediate
SUPER_1	184323126	184326346	IR	593	.	184324472	0.593	0.788	71	3274	184323126	184324465	184325007	184326433	398148334	184300000	184550000	0	412	1339	542	immediate
SUPER_1	329722171	329739136	IR	591	.	329731157	0.591	0.946	368	16959	329722171	329725165	329736142	329739158	398148334	329500000	329750000	0	3844	2994	10977	spaced
SUPER_1	21157090	21159468	IR	591	.	21158279	0.591	0.972	71	2422	21157090	21157661	21158897	21159468	398148334	20950000	21200000	71	3471	571	1236	immediate
SUPER_1	266631751	266634998	IR	589	.	266633806	0.589	0.934	55	3249	266631751	266632373	266634376	266635024	398148334	266550000	266800000	0	1389	622	2003	spaced
SUPER_1	102270477	102273058	IR	588	.	102271768	0.588	0.995	147	2814	102270477	102271241	102272294	102273059	398148334	102050000	102300000	147	3695	764	1053	immediate
SUPER_1	245538215	245541295	IR	588	.	245539753	0.588	0.960	138	3358	245538215	245539131	245540379	245541296	398148334	245400000	245650000	143	2329	916	1248	immediate
SUPER_1	221218775	221220241	IR	588	.	221219508	0.588	0.994	71	23653	221218775	221219135	221219881	221220241	398148334	221150000	221400000	71	1158	360	746	immediate
SUPER_1	270009173	270024476	IR	587	.	270016513	0.587	0.515	155	15277	270009173	270014768	270018896	270024476	398148334	269800000	270050000	0	3613	5580	4128	spaced
SUPER_1	174118533	174120611	IR	586	.	174119572	0.586	0.997	81	96051	174118533	174118905	174120239	174120611	398148334	174000000	174250000	81	1992	372	1334	immediate
SUPER_1	180592338	180595497	IR	585	.	180593915	0.585	0.955	126	3402	180592338	180593283	180594552	180595507	398148334	180350000	180600000	126	4065	945	1269	immediate
SUPER_1	773678	776340	IR	585	.	775009	0.585	0.966	119	2871	773678	774414	775614	776340	398148334	650000	900000	143	2083	726	1200	immediate
SUPER_1	125402365	125406131	IR	585	.	125404248	0.585	0.706	110	3852	125402365	125403996	125404500	125406131	398148334	125200000	125450000	110	3403	1631	504	immediate
SUPER_1	195749308	195750940	IR	584	.	195750124	0.584	0.996	119	85092	195749308	195749866	195750383	195750940	398148334	195600000	195850000	119	2501	557	517	immediate
SUPER_1	284903210	284906144	IR	584	.	284904863	0.584	0.981	68	3012	284903210	284903625	284905732	284906144	398148334	284700000	284950000	68	3411	412	2107	spaced
SUPER_1	132689734	132693350	IR	583	.	132691542	0.583	0.940	263	4205	132689734	132691350	132691810	132693350	398148334	132500000	132750000	263	3192	1540	460	immediate
SUPER_1	160041166	160044168	IR	583	.	160043003	0.583	0.981	20	2983	160041166	160041324	160044010	160044168	398148334	159800000	160050000	0	4044	158	2686	spaced
SUPER_1	7151066	7162274	IR	582	.	7156670	0.582	1.000	1026	12436	7151066	7155496	7157844	7162274	398148334	6950000	7200000	1027	3444	4430	2348	spaced
SUPER_1	138810211	138818210	IR	582	.	138814211	0.582	0.997	753	8910	138810211	138813660	138814761	138818217	398148334	138600000	138850000	772	3570	3449	1101	immediate
SUPER_1	164915879	164918249	IR	582	.	164917067	0.582	0.964	63	2410	164915879	164916404	164917730	164918249	398148334	164700000	164950000	63	3617	519	1326	immediate
SUPER_1	262209020	262211412	IR	581	.	262210219	0.581	0.965	106	2690	262209020	262209689	262210743	262211422	398148334	262000000	262250000	106	3503	669	1054	immediate
SUPER_1	199176963	199179328	IR	581	.	199178184	0.581	0.786	81	2831	199176963	199177807	199178561	199179328	398148334	198950000	199200000	81	3802	767	754	immediate
SUPER_1	216563997	216570488	IR	580	.	216567241	0.580	0.692	243	6920	216563997	216566659	216567826	216570527	398148334	216350000	216600000	246	3620	2662	1167	immediate
SUPER_1	162450341	162453530	IR	580	.	162451944	0.580	0.905	70	3449	162450341	162450947	162452937	162453530	398148334	162450000	162700000	70	32	593	1990	immediate
SUPER_1	72462879	72470950	IR	580	.	72466639	0.580	0.870	61	8052	72462879	72464352	72469508	72470950	398148334	72250000	72500000	0	3615	1442	5156	spaced
SUPER_1	340598739	340601048	IR	580	.	340600308	0.580	0.936	50	2291	340598739	340599459	340600337	340601048	398148334	340400000	340650000	0	3331	711	878	immediate
SUPER_1	214530498	214533618	IR	580	.	214532058	0.580	0.701	47	3235	214530498	214531494	214532622	214533708	398148334	214500000	214750000	47	534	996	1128	immediate
SUPER_1	364262014	364264302	IR	579	.	364263168	0.579	0.974	156	2456	364262014	364262819	364263517	364264302	398148334	364100000	364350000	157	2719	785	698	immediate
SUPER_1	110927661	110929297	IR	579	.	110928480	0.579	0.928	64	2064	110927661	110928431	110928527	110929304	398148334	110700000	110950000	64	3807	770	96	immediate
SUPER_1	208511462	208522999	IR	578	.	208517172	0.578	0.956	754	12404	208511462	208515424	208519037	208523007	398148334	208300000	208550000	756	3620	3962	3613	spaced
SUPER_1	368867401	368873812	IR	578	.	368870539	0.578	0.981	529	63621	368867401	368870123	368871090	368873848	398148334	368700000	368950000	589	2843	2722	967	immediate
SUPER_1	344779763	344841673	IR	578	.	344810379	0.578	0.934	285	61835	344779763	344783896	344837540	344841697	398148334	344650000	344900000	0	2678	4133	53644	spaced
SUPER_1	53726291	53727577	IR	578	.	53726934	0.578	0.978	70	16915	53726291	53726750	53727119	53727577	398148334	53550000	53800000	70	2948	458	369	immediate
SUPER_1	116959276	116962562	IR	577	.	116960919	0.577	0.989	142	3515	116959276	116960060	116961778	116962562	398148334	116850000	117100000	142	1848	784	1718	immediate
SUPER_1	345927803	345930567	IR	577	.	345929187	0.577	0.987	129	3061	345927803	345928508	345929866	345930567	398148334	345700000	345950000	129	3819	701	1358	immediate
SUPER_1	89722827	89725732	IR	577	.	89724387	0.577	0.959	81	2993	89722827	89723570	89724989	89725736	398148334	89500000	89750000	81	3737	743	1419	immediate
SUPER_1	173923884	173927987	IR	576	.	173926216	0.576	0.809	104	4085	173923884	173925933	173925972	173927987	398148334	173700000	173950000	0	3765	2015	39	immediate
SUPER_1	292882777	292885629	IR	576	.	292884204	0.576	0.962	101	2957	292882777	292883516	292884891	292885629	398148334	292700000	292950000	101	3069	738	1375	immediate
SUPER_1	179938242	179940797	IR	576	.	179939549	0.576	0.791	86	2869	179938242	179939200	179939913	179940797	398148334	179800000	180050000	86	2325	884	713	immediate
SUPER_1	9328792	9330697	IR	576	.	9329745	0.576	0.957	62	2164	9328792	9329256	9330233	9330698	398148334	9100000	9350000	62	3828	464	977	immediate
SUPER_1	174570519	174575169	IR	574	.	174572830	0.574	0.927	286	4974	174570519	174572083	174573605	174575200	398148334	174400000	174650000	286	2880	1564	1522	immediate
SUPER_1	168620700	168624101	IR	574	.	168621967	0.574	0.978	135	3381	168620700	168621843	168622958	168624102	398148334	168600000	168850000	0	373	1143	1115	immediate
SUPER_1	129718655	129722970	IR	573	.	129720340	0.573	0.707	62	4321	129718655	129720713	129720912	129722993	398148334	129550000	129800000	0	2846	2058	199	immediate
SUPER_1	140212562	140218421	IR	572	.	140215736	0.572	0.954	201	5840	140212562	140214673	140216310	140218421	398148334	140200000	140450000	0	258	2111	1637	immediate
SUPER_1	79273928	79275496	IR	572	.	79274464	0.572	0.864	121	3598	79273928	79274163	79275261	79275496	398148334	79050000	79300000	7	3745	235	1098	immediate
SUPER_1	79798391	79801038	IR	572	.	79799714	0.572	0.853	63	2696	79798391	79799163	79800347	79801038	398148334	79650000	79900000	67	2495	691	1184	immediate
SUPER_1	39622172	39661962	IR	572	.	39641549	0.572	0.410	43	21373	39622172	39641228	39642906	39661983	398148334	39500000	39750000	0	2367	19056	1678	immediate
SUPER_1	89629680	89632721	IR	571	.	89631123	0.571	0.958	127	3281	89629680	89630617	89631802	89632721	398148334	89400000	89650000	127	3853	919	1185	immediate
SUPER_1	23289204	23318969	IR	571	.	23303933	0.571	0.728	84	29880	23289204	23290617	23317556	23318969	398148334	23100000	23350000	84	3401	1413	26939	spaced
SUPER_1	180877604	180880804	IR	570	.	180879367	0.570	0.896	127	3451	180877604	180878391	180880017	180880870	398148334	180750000	181000000	127	2153	787	1626	immediate
SUPER_1	293388311	293390532	IR	570	.	293388975	0.570	0.943	44	2196	293388311	293388678	293390167	293390532	398148334	293150000	293400000	0	3990	365	1489	immediate
SUPER_1	162619095	162622090	IR	569	.	162620407	0.569	0.824	71	3209	162619095	162619797	162621388	162622110	398148334	162400000	162650000	79	3676	702	1591	immediate
SUPER_1	231986195	231988342	IR	568	.	231987053	0.568	0.917	180	4138	231986195	231986665	231987872	231988343	398148334	231800000	232050000	39	3121	470	1207	immediate
SUPER_1	33124852	33127000	IR	568	.	33126142	0.568	0.917	78	2943	33124852	33125323	33126530	33127000	398148334	32950000	33200000	39	2931	470	1207	immediate
SUPER_1	149653460	149655667	IR	568	.	149654637	0.568	0.858	52	2678	149653460	149654015	149655112	149655667	398148334	149550000	149800000	52	1742	555	1097	immediate
SUPER_1	253752690	253754346	IR	568	.	253753518	0.568	0.953	33	23122	253752690	253753052	253753984	253754346	398148334	253550000	253800000	33	3391	362	932	immediate
SUPER_1	192569541	192572085	IR	567	.	192570813	0.567	0.985	156	2733	192569541	192570423	192571203	192572086	398148334	192350000	192600000	163	3680	882	780	immediate
SUPER_1	62946342	62949590	IR	567	.	62947966	0.567	0.712	102	3391	62946342	62947852	62948080	62949608	398148334	62750000	63000000	102	3299	1510	228	immediate
SUPER_1	224782234	224784256	IR	567	.	224783245	0.567	0.993	58	2115	224782234	224782512	224783978	224784256	398148334	224600000	224850000	58	3053	278	1466	immediate
SUPER_1	283690504	283694648	IR	566	.	283692576	0.566	0.695	91	4344	283690504	283692429	283692723	283694746	398148334	283550000	283800000	91	2376	1925	294	immediate
SUPER_1	189092196	189094914	IR	564	.	189093555	0.564	1.000	140	2891	189092196	189092828	189094282	189094914	398148334	188850000	189100000	140	4059	632	1454	immediate
SUPER_1	189314019	189315701	IR	564	.	189314860	0.564	0.975	109	42981	189314019	189314652	189315068	189315705	398148334	189250000	189500000	109	1080	633	416	immediate
SUPER_1	202687138	202689149	IR	564	.	202688144	0.564	0.996	98	2132	202687138	202687619	202688669	202689149	398148334	202450000	202700000	98	3968	480	1050	immediate
SUPER_1	386406384	386408378	IR	564	.	386407381	0.564	0.997	80	120348	386406384	386406747	386408015	386408378	398148334	386250000	386500000	80	2622	363	1268	immediate
SUPER_1	317688342	317695119	IR	564	.	317691299	0.564	0.606	61	5238	317688342	317691667	317691794	317695152	398148334	317450000	317700000	0	4028	3325	127	immediate
SUPER_1	86165988	86172809	IR	563	.	86169053	0.563	0.986	346	6787	86165988	86168425	86170372	86172809	398148334	85950000	86200000	0	3656	2437	1947	immediate
SUPER_1	173138480	173140695	IR	563	.	173139588	0.563	0.963	83	2436	173138480	173139189	173139988	173140695	398148334	172950000	173200000	83	3159	707	799	immediate
SUPER_1	232155766	232158647	IR	563	.	232157328	0.563	0.960	72	3072	232155766	232156364	232158049	232158654	398148334	232050000	232300000	72	1786	598	1685	immediate
SUPER_1	389516679	389518747	IR	563	.	389517713	0.563	0.965	70	2205	389516679	389517226	389518202	389518747	398148334	389300000	389550000	70	3628	545	976	immediate
SUPER_1	321523186	321525246	IR	563	.	321524216	0.563	0.954	45	121862	321523186	321523639	321524793	321525249	398148334	321400000	321650000	45	2070	453	1154	immediate
SUPER_1	8104201	8106270	IR	562	.	8105410	0.562	0.936	29	2993	8104201	8104547	8105924	8106270	398148334	7900000	8150000	29	3420	346	1377	immediate
SUPER_1	29264255	29266980	IR	561	.	29265476	0.561	0.895	129	2985	29264255	29265190	29266082	29266980	398148334	29100000	29350000	155	2760	898	892	immediate
SUPER_1	217741954	217947294	IR	561	.	217844624	0.561	0.402	104	205493	217741954	217844357	217844891	217947359	398148334	217700000	217950000	104	2410	102403	534	immediate
SUPER_1	51633229	51639177	IR	560	.	51636538	0.560	0.966	315	5930	51633229	51635645	51636790	51639177	398148334	51400000	51650000	0	3936	2387	1145	immediate
SUPER_1	343215580	343218099	IR	560	.	343216840	0.560	0.976	107	2773	343215580	343216270	343217409	343218104	398148334	343100000	343350000	107	1947	690	1139	immediate
SUPER_1	134175862	134178783	IR	560	.	134177324	0.560	0.959	91	3117	134175862	134176720	134177928	134178783	398148334	133950000	134200000	91	3788	855	1208	immediate
SUPER_1	214714302	214715084	IR	560	.	214714693	0.560	1.000	64	41475	214714302	214714565	214714821	214715084	398148334	214550000	214800000	64	2744	263	256	immediate
SUPER_1	204781152	204783510	IR	559	.	204782331	0.559	1.000	102	2451	204781152	204781644	204783018	204783510	398148334	204550000	204800000	102	3872	492	1374	immediate
SUPER_1	305492091	305495279	IR	559	.	305493688	0.559	0.942	89	3285	305492091	305493027	305494343	305495283	398148334	305350000	305600000	89	2394	936	1316	immediate
SUPER_1	295231204	295236652	IR	558	.	295233928	0.558	0.999	433	5938	295231204	295233096	295234760	295236652	398148334	295000000	295250000	433	3898	1892	1664	immediate
SUPER_1	209818296	209819412	IR	558	.	209818854	0.558	0.868	58	2704	209818296	209818648	209819060	209819461	398148334	209600000	209850000	58	3647	352	412	immediate
SUPER_1	148991149	148993413	IR	558	.	148992032	0.558	0.969	35	2210	148991149	148991508	148993054	148993413	398148334	148800000	149050000	0	3204	359	1546	immediate
SUPER_1	103265361	103269434	IR	557	.	103266909	0.557	0.967	103	4051	103265361	103266302	103268494	103269434	398148334	103050000	103300000	0	3623	940	2192	spaced
SUPER_1	318678873	318680825	IR	557	.	318679849	0.557	0.997	69	52630	318678873	318679200	318680498	318680825	398148334	318500000	318750000	69	2997	327	1298	immediate
SUPER_1	328998120	328998966	IR	557	.	328998543	0.557	0.997	61	175096	328998120	328998427	328998659	328998966	398148334	328850000	329100000	61	2475	307	232	immediate
SUPER_1	140524458	140528569	IR	555	.	140526677	0.555	0.938	170	4410	140524458	140526187	140526842	140528569	398148334	140300000	140550000	170	3775	1727	655	immediate
SUPER_1	298119543	298122711	IR	555	.	298121128	0.555	0.979	162	3482	298119543	298120474	298121782	298122711	398148334	297900000	298150000	162	3685	929	1308	immediate
SUPER_1	197142547	197144739	IR	555	.	197143643	0.555	0.968	112	2315	197142547	197143152	197144134	197144754	398148334	197050000	197300000	112	1560	605	982	immediate
SUPER_1	95074276	95099239	IR	554	.	95086989	0.554	1.000	1350	26419	95074276	95074466	95099049	95099239	398148334	94850000	95100000	25	3945	190	24583	spaced
SUPER_1	334348491	334350745	IR	554	.	334349768	0.554	0.896	45	2352	334348491	334348962	334350274	334350766	398148334	334200000	334450000	57	2493	471	1312	immediate
SUPER_1	265895254	265899076	IR	553	.	265897165	0.553	0.944	226	4127	265895254	265896864	265897466	265899089	398148334	265650000	265900000	252	4119	1610	602	immediate
SUPER_1	325390473	325394599	IR	553	.	325392481	0.553	0.960	116	173030	325390473	325391346	325393730	325394599	398148334	325250000	325500000	116	2375	869	2384	spaced
SUPER_1	249263663	249267016	IR	553	.	249265258	0.553	0.969	113	3492	249263663	249264572	249266107	249267016	398148334	249150000	249400000	113	1922	909	1535	immediate
SUPER_1	119600083	119602305	IR	553	.	119601202	0.553	0.955	82	2298	119600083	119600621	119601783	119602305	398148334	119400000	119650000	82	3353	522	1162	immediate
SUPER_1	110015742	110017556	IR	553	.	110016635	0.553	0.806	42	2053	110015742	110016310	110016988	110017568	398148334	110000000	110250000	69	277	568	678	immediate
SUPER_1	189828356	189841004	IR	552	.	189834535	0.552	0.999	248	12903	189828356	189829494	189839866	189841005	398148334	189600000	189850000	248	3911	1138	10372	spaced
SUPER_1	180111654	180114948	IR	552	.	180113647	0.552	0.988	126	3271	180111654	180112497	180114107	180114948	398148334	180100000	180350000	0	221	841	1610	immediate
SUPER_1	35231269	35233889	IR	552	.	35232579	0.552	0.961	80	2741	35231269	35232016	35233143	35233889	398148334	35000000	35250000	80	3876	746	1127	immediate
SUPER_1	251605097	251607506	IR	552	.	251606223	0.552	0.953	28	2438	251605097	251605284	251607319	251607512	398148334	251400000	251650000	28	3438	187	2035	spaced
SUPER_1	296218336	296226206	IR	551	.	296222271	0.551	0.999	652	8539	296218336	296221277	296223265	296226206	398148334	296000000	296250000	652	3704	2941	1988	immediate
SUPER_1	14807990	14810030	IR	551	.	14809384	0.551	0.777	31	2022	14807990	14808758	14809351	14810030	398148334	14650000	14900000	0	2650	679	593	immediate
SUPER_1	125183617	125185684	IR	550	.	125184651	0.550	0.965	73	2204	125183617	125184165	125185139	125185684	398148334	124950000	125200000	73	3910	545	974	immediate
SUPER_1	231005736	231008098	IR	550	.	231006589	0.550	0.915	68	2377	231005736	231006429	231007405	231008132	398148334	230950000	231200000	0	948	693	976	immediate
SUPER_1	224860174	225026224	IR	550	.	224943001	0.550	0.759	55	166016	224860174	224860232	225026180	225026224	398148334	224850000	225100000	303	1553	44	165948	wide
SUPER_1	242897800	242909141	IR	549	.	242903474	0.549	0.997	1090	12614	242897800	242902805	242904142	242909141	398148334	242700000	242950000	1091	3391	4999	1337	immediate
SUPER_1	190339426	190344364	IR	549	.	190341699	0.549	0.995	280	5245	190339426	190340894	190342896	190344364	398148334	190100000	190350000	280	4031	1468	2002	spaced
SUPER_1	232456602	232460214	IR	549	.	232458516	0.549	0.988	167	3841	232456602	232457539	232459277	232460214	398148334	232250000	232500000	167	3473	937	1738	immediate
SUPER_1	348685134	348687385	IR	549	.	348686112	0.549	1.000	23	2248	348685134	348685229	348687290	348687385	398148334	348450000	348700000	23	3937	95	2061	spaced
SUPER_1	79527520	79615839	IR	548	.	79571697	0.548	0.418	77	46382	79527520	79571053	79572341	79615839	398148334	79400000	79650000	77	2861	43498	1288	immediate
SUPER_1	163376961	163378442	IR	548	.	163377705	0.548	0.923	63	3725	163376961	163377345	163378065	163378442	398148334	163150000	163400000	63	3794	377	720	immediate
SUPER_1	249443067	249446235	IR	547	.	249444669	0.547	0.974	288	3530	249443067	249444465	249444873	249446235	398148334	249200000	249450000	288	4077	1362	408	immediate
SUPER_1	244469702	244473909	IR	547	.	244471834	0.547	0.944	205	4450	244469702	244471053	244472615	244473909	398148334	244300000	244550000	205	2863	1294	1562	immediate
SUPER_1	276106875	276110466	IR	547	.	276108220	0.547	0.926	109	3581	276106875	276108033	276109308	276110478	398148334	275900000	276150000	0	3477	1158	1275	immediate
SUPER_1	387751330	387752184	IR	547	.	387751757	0.547	0.996	58	80160	387751330	387751614	387751900	387752184	398148334	387650000	387900000	58	1695	284	286	immediate
SUPER_1	287434985	287436968	IR	547	.	287436058	0.547	0.946	54	2104	287434985	287435481	287436472	287436969	398148334	287200000	287450000	54	3932	496	991	immediate
SUPER_1	302295038	302296280	IR	547	.	302295659	0.547	0.996	50	3242	302295038	302295295	302296023	302296280	398148334	302050000	302300000	50	4094	257	728	immediate
SUPER_1	321944851	321946920	IR	546	.	321945886	0.546	0.998	99	2168	321944851	321945307	321946464	321946921	398148334	321700000	321950000	99	4097	456	1157	immediate
SUPER_1	134998095	135000610	IR	546	.	134999180	0.546	0.955	69	2535	134998095	134998713	134999994	135000610	398148334	134800000	135050000	69	3322	616	1281	immediate
SUPER_1	29063025	29065839	IR	545	.	29064250	0.545	0.764	89	3320	29063025	29064230	29064634	29065893	398148334	28900000	29150000	89	2740	1205	404	immediate
SUPER_1	120872716	121019573	IR	545	.	120946621	0.545	0.396	88	74890	120872716	120945432	120946905	121019573	398148334	120850000	121100000	0	1602	72668	1473	immediate
SUPER_1	419077	421151	IR	545	.	419646	0.545	0.998	77	2045	419077	419548	420681	421151	398148334	200000	450000	0	3668	470	1133	immediate
SUPER_1	190040405	190053896	IR	544	.	190047583	0.544	0.947	472	13468	190040405	190046626	190047676	190053896	398148334	189850000	190100000	0	3285	6220	1050	immediate
SUPER_1	185162465	185166468	IR	544	.	185164467	0.544	0.966	207	4268	185162465	185163765	185165169	185166468	398148334	184950000	185200000	207	3574	1299	1404	immediate
SUPER_1	211493793	211497750	IR	544	.	211495772	0.544	0.966	207	4268	211493793	211495106	211496438	211497750	398148334	211250000	211500000	242	4096	1312	1332	immediate
SUPER_1	235083266	235085205	IR	544	.	235084235	0.544	0.987	111	2067	235083266	235083797	235084679	235085205	398148334	234900000	235150000	111	3070	526	882	immediate
SUPER_1	60447877	60450330	IR	544	.	60449097	0.544	0.942	108	32803	60447877	60448648	60449559	60450332	398148334	60300000	60550000	112	2484	771	911	immediate
SUPER_1	387194365	387196857	IR	544	.	387195611	0.544	0.992	93	2578	387194365	387194895	387196327	387196857	398148334	386950000	387200000	93	4093	530	1432	immediate
SUPER_1	387196980	387199472	IR	543	.	387198226	0.543	0.992	93	2578	387196980	387197510	387198942	387199472	398148334	386950000	387200000	93	4136	530	1432	immediate
SUPER_1	273653197	273861275	IR	542	.	273757595	0.542	0.415	605	109228	273653197	273756781	273757697	273861275	398148334	273650000	273900000	0	1787	103578	916	immediate
SUPER_1	49399894	49403828	IR	542	.	49402121	0.542	0.967	149	3913	49399894	49401392	49402331	49403828	398148334	49200000	49450000	0	3364	1497	939	immediate
SUPER_1	344079259	344081733	IR	542	.	344080497	0.542	0.976	91	2598	344079259	344079873	344081121	344081733	398148334	343850000	344100000	91	3841	612	1248	immediate
SUPER_1	57259634	57261512	IR	542	.	57260572	0.542	0.937	66	8554	57259634	57260277	57260877	57261512	398148334	57050000	57300000	66	3509	635	600	immediate
SUPER_1	200944892	200946400	IR	542	.	200945491	0.542	0.818	25	35232	200944892	200945275	200946017	200946415	398148334	200750000	201000000	25	3260	383	742	immediate
SUPER_1	283342598	283346115	IR	541	.	283344263	0.541	0.903	196	58312	283342598	283344014	283344699	283346147	398148334	283150000	283400000	252	3239	1416	685	immediate
SUPER_1	288626494	288741258	IR	541	.	288684274	0.541	0.785	82	114679	288626494	288627925	288739887	288741258	398148334	288500000	288750000	0	3064	1371	111962	wide
SUPER_1	106652563	106653978	IR	541	.	106653124	0.541	0.982	34	2000	106652563	106652841	106653700	106653978	398148334	106600000	106850000	34	887	278	859	immediate
SUPER_1	196531635	196535065	IR	540	.	196533350	0.540	0.985	191	3700	196531635	196532689	196534011	196535074	398148334	196500000	196750000	192	555	1054	1322	immediate
SUPER_1	65358311	65361289	IR	540	.	65359816	0.540	0.950	137	3170	65358311	65359076	65360556	65361289	398148334	65150000	65400000	137	3496	733	1480	immediate
SUPER_1	256113904	256116264	IR	540	.	256115192	0.540	0.949	55	2446	256113904	256114625	256115543	256116265	398148334	255900000	256150000	55	3584	721	918	immediate
SUPER_1	328372173	328375131	IR	540	.	328373708	0.540	0.800	52	3013	328372173	328373092	328374324	328375131	398148334	328350000	328600000	52	394	807	1232	immediate
SUPER_1	142365763	142368494	IR	539	.	142367130	0.539	0.946	142	2991	142365763	142366529	142367764	142368494	398148334	142250000	142500000	159	1952	730	1235	immediate
SUPER_1	252016539	252019017	IR	536	.	252017784	0.536	0.953	160	2720	252016539	252017644	252017912	252019029	398148334	251800000	252050000	168	3629	1105	268	immediate
SUPER_1	66344874	66346860	IR	536	.	66345867	0.536	0.995	73	80149	66344874	66345244	66346491	66346860	398148334	66200000	66450000	73	2430	369	1247	immediate
SUPER_1	146683092	146684088	IR	536	.	146683596	0.536	0.928	56	25570	146683092	146683533	146683660	146684088	398148334	146600000	146850000	56	1393	428	127	immediate
SUPER_1	136121525	136263396	IR	535	.	136192094	0.535	0.975	359	141852	136121525	136123957	136260996	136263396	398148334	136050000	136300000	0	2374	2400	137039	wide
SUPER_1	360986736	360989337	IR	535	.	360987574	0.535	0.929	31	2577	360986736	360987266	360988807	360989340	398148334	360750000	361000000	0	3967	530	1541	immediate
SUPER_1	100329544	100333574	IR	534	.	100331453	0.534	0.960	185	4254	100329544	100330873	100332249	100333574	398148334	100100000	100350000	185	3859	1325	1376	immediate
SUPER_1	21933722	21937311	IR	533	.	21935518	0.533	0.989	307	3869	21933722	21935341	21935695	21937311	398148334	21700000	21950000	307	3925	1616	354	immediate
SUPER_1	274723332	274726691	IR	533	.	274724657	0.533	0.780	122	3356	274723332	274724876	274725147	274726706	398148334	274550000	274800000	0	2916	1544	271	immediate
SUPER_1	24710240	24711234	IR	533	.	24710737	0.533	0.944	37	77245	24710240	24710577	24710897	24711234	398148334	24500000	24750000	37	3512	337	320	immediate
SUPER_1	311515800	311518166	IR	532	.	311516981	0.532	0.929	155	2579	311515800	311516882	311517123	311518166	398148334	311300000	311550000	183	3616	1043	241	immediate
SUPER_1	187516846	187518232	IR	532	.	187517539	0.532	0.920	47	21477	187516846	187517451	187517628	187518232	398148334	187400000	187650000	47	1958	604	177	immediate
SUPER_1	50258851	50260889	IR	532	.	50260043	0.532	0.921	46	2239	50258851	50259395	50260361	50260889	398148334	50050000	50300000	46	3497	528	966	immediate
SUPER_1	217109220	217111476	IR	532	.	217110348	0.532	0.970	35	2246	217109220	217109615	217111081	217111476	398148334	217000000	217250000	35	1838	395	1466	immediate
SUPER_1	78388285	78549537	IR	531	.	78468695	0.531	0.904	221	162026	78388285	78393426	78544444	78549537	398148334	78300000	78550000	221	2815	5093	151018	wide
SUPER_1	105476417	105478248	IR	531	.	105477333	0.531	0.968	78	2071	105476417	105477139	105477529	105478248	398148334	105250000	105500000	78	3788	719	390	immediate
SUPER_1	243926160	243928172	IR	531	.	243927249	0.531	0.953	57	2049	243926160	243926628	243927707	243928172	398148334	243700000	243950000	57	3785	465	1079	immediate
SUPER_1	340677042	340686768	IR	530	.	340682052	0.530	0.905	252	10735	340677042	340681064	340682746	340686771	398148334	340450000	340700000	252	3864	4022	1682	immediate
SUPER_1	65751414	65786985	IR	530	.	65769138	0.530	0.464	207	37088	65751414	65768703	65769696	65787021	398148334	65650000	65900000	224	1986	17289	993	immediate
SUPER_1	195486964	195489051	IR	530	.	195488008	0.530	0.986	92	2207	195486964	195487456	195488559	195489056	398148334	195300000	195550000	92	3133	492	1103	immediate
SUPER_1	370277555	370279245	IR	530	.	370278388	0.530	0.815	52	2958	370277555	370278306	370278494	370279279	398148334	370050000	370300000	57	3806	751	188	immediate
SUPER_1	273585113	273587222	IR	529	.	273586170	0.529	0.955	87	2183	273585113	273585822	273586514	273587222	398148334	273400000	273650000	87	3102	708	692	immediate
SUPER_1	359145022	359147228	IR	529	.	359146127	0.529	0.936	27	2288	359145022	359145525	359146729	359147228	398148334	358900000	359150000	27	4101	499	1204	immediate
SUPER_1	275634583	275640260	IR	528	.	275637116	0.528	0.709	221	5656	275634583	275637426	275637424	275640260	398148334	275450000	275700000	0	3123	2836	-2	overlap
SUPER_1	144253820	144257224	IR	528	.	144255528	0.528	0.903	91	3588	144253820	144255032	144256061	144257224	398148334	144050000	144300000	91	3425	1163	1029	immediate
SUPER_1	78933585	78943846	IR	528	.	78938717	0.528	0.516	82	10399	78933585	78938376	78939058	78943846	398148334	78700000	78950000	89	3978	4788	682	immediate
SUPER_1	186959201	186963667	IR	527	.	186961766	0.527	0.764	137	4471	186959201	186961427	186961441	186963703	398148334	186800000	187050000	0	2690	2226	14	immediate
SUPER_1	273527116	273529711	IR	527	.	273528421	0.527	0.952	132	2808	273527116	273527813	273529014	273529726	398148334	273300000	273550000	139	3806	697	1201	immediate
SUPER_1	135980372	135984609	IR	527	.	135982124	0.527	0.978	100	4219	135980372	135981443	135983538	135984609	398148334	135750000	136000000	0	3874	1071	2095	spaced
SUPER_1	54863665	54866168	IR	527	.	54864917	0.527	0.983	94	2574	54863665	54864304	54865529	54866169	398148334	54650000	54900000	94	3581	639	1225	immediate
SUPER_1	317704198	317708669	IR	526	.	317706791	0.526	0.589	51	4378	317704198	317706270	317706674	317708669	398148334	317700000	317950000	0	107	1995	404	immediate
SUPER_1	248676489	248681390	IR	525	.	248678671	0.525	0.779	152	4969	248676489	248678246	248679633	248681477	398148334	248650000	248900000	0	482	1757	1387	immediate
SUPER_1	246284280	246286223	IR	525	.	246285252	0.525	0.985	111	2054	246284280	246284925	246285578	246286223	398148334	246050000	246300000	111	3920	645	653	immediate
SUPER_1	206039639	206041621	IR	525	.	206040630	0.525	0.992	65	53443	206039639	206040007	206041254	206041621	398148334	205950000	206200000	65	1510	367	1247	immediate
SUPER_1	306124073	306126703	IR	525	.	306125115	0.525	0.949	60	2606	306124073	306125094	306125683	306126703	398148334	305900000	306150000	0	3756	1020	589	immediate
SUPER_1	281023100	281027393	IR	524	.	281025459	0.524	0.845	147	4472	281023100	281024765	281025744	281027393	398148334	280850000	281100000	152	2920	1649	979	immediate
SUPER_1	128669598	128672546	IR	524	.	128671072	0.524	0.979	115	3153	128669598	128670352	128671792	128672550	398148334	128450000	128700000	115	3684	754	1440	immediate
SUPER_1	49185730	49187799	IR	524	.	49186770	0.524	0.969	111	2206	49185730	49186371	49187169	49187799	398148334	49000000	49250000	111	3112	630	798	immediate
SUPER_1	230169904	230172302	IR	524	.	230171103	0.524	0.996	82	2561	230169904	230170385	230171821	230172302	398148334	230100000	230350000	82	1184	481	1436	immediate
SUPER_1	121393747	121395825	IR	523	.	121394786	0.523	0.900	103	2318	121393747	121394443	121395182	121395825	398148334	121350000	121600000	103	746	643	739	immediate
SUPER_1	154602475	154603556	IR	523	.	154603105	0.523	0.970	49	17120	154602475	154602739	154603293	154603556	398148334	154500000	154750000	49	1716	263	554	immediate
SUPER_1	23747975	23750498	IR	522	.	23749239	0.522	0.955	127	2687	23747975	23749108	23749370	23750498	398148334	23550000	23800000	128	3320	1128	262	immediate
SUPER_1	180817587	180819612	IR	522	.	180818626	0.522	0.899	101	2318	180817587	180818230	180818969	180819665	398148334	180750000	181000000	101	1143	643	739	immediate
SUPER_1	276471552	276480672	IR	522	.	276475608	0.522	0.464	88	5499	276471552	276475427	276476797	276480780	398148334	276300000	276550000	0	2935	3875	1370	immediate
SUPER_1	194056289	194059685	IR	521	.	194058149	0.521	0.996	181	3621	194056289	194057195	194058780	194059685	398148334	193850000	194100000	181	3466	905	1585	immediate
SUPER_1	334807078	334810620	IR	521	.	334808743	0.521	0.957	137	3804	334807078	334808112	334809593	334810620	398148334	334700000	334950000	147	1814	1027	1481	immediate
SUPER_1	210663670	210665753	IR	521	.	210664722	0.521	0.909	94	2220	210663670	210664397	210665026	210665768	398148334	210550000	210800000	94	1911	727	629	immediate
SUPER_1	193136102	193138173	IR	520	.	193137139	0.520	0.891	48	2117	193136102	193136773	193137504	193138173	398148334	193100000	193350000	48	618	669	731	immediate
SUPER_1	303549378	303552162	IR	520	.	303550741	0.520	0.649	20	2924	303549378	303550415	303551125	303552186	398148334	303350000	303600000	24	3346	1037	710	immediate
SUPER_1	141557571	141560069	IR	519	.	141558435	0.519	0.834	43	2410	141557571	141558545	141559149	141560069	398148334	141350000	141600000	0	3480	920	604	immediate
SUPER_1	70806504	70809571	IR	518	.	70808087	0.518	0.907	150	3404	70806504	70807603	70808472	70809594	398148334	70600000	70850000	162	3467	1099	869	immediate
SUPER_1	140840742	140842700	IR	518	.	140841723	0.518	0.892	103	2236	140840742	140841596	140841846	140842729	398148334	140750000	141000000	103	1528	854	250	immediate
SUPER_1	7666622	7668931	IR	518	.	7667941	0.518	0.934	40	2402	7666622	7667280	7668273	7668935	398148334	7450000	7700000	40	3629	658	993	immediate
SUPER_1	30397269	30401152	IR	517	.	30398996	0.517	0.976	147	4142	30397269	30398198	30400226	30401152	398148334	30200000	30450000	144	3320	926	2028	spaced
SUPER_1	98851607	98854537	IR	517	.	98853178	0.517	0.927	121	3090	98851607	98852460	98853684	98854578	398148334	98700000	98950000	126	2551	853	1224	immediate
SUPER_1	189966485	189968423	IR	517	.	189967454	0.517	0.994	94	2013	189966485	189966966	189967943	189968423	398148334	189750000	190000000	95	3624	480	977	immediate
SUPER_1	96673732	96675712	IR	517	.	96674722	0.517	1.000	71	2054	96673732	96674040	96675404	96675712	398148334	96600000	96850000	71	1245	308	1364	immediate
SUPER_1	382798878	382801284	IR	516	.	382800081	0.516	0.935	110	2562	382798878	382799597	382800565	382801321	398148334	382600000	382850000	110	3334	719	968	immediate
SUPER_1	336721078	336722697	IR	516	.	336721893	0.516	0.949	78	206276	336721078	336721697	336722078	336722707	398148334	336600000	336850000	78	2031	619	381	immediate
SUPER_1	145214582	145218745	IR	516	.	145217092	0.516	0.860	45	4137	145214582	145215756	145217617	145218745	398148334	145050000	145300000	0	2777	1128	1861	immediate
SUPER_1	292135801	292138210	IR	514	.	292136757	0.514	0.993	105	3188	292135801	292135942	292138069	292138210	398148334	291950000	292200000	29	3116	141	2127	spaced
SUPER_1	171377741	171379570	IR	514	.	171378745	0.514	0.942	55	2093	171377741	171378450	171378866	171379570	398148334	171150000	171400000	55	3810	704	416	immediate
SUPER_1	223239203	223240921	IR	513	.	223240062	0.513	0.988	128	19782	223239203	223239865	223240260	223240921	398148334	223050000	223300000	128	3167	661	395	immediate
SUPER_1	14546954	14550492	IR	513	.	14548377	0.513	0.969	118	3520	14546954	14548327	14549119	14550497	398148334	14350000	14600000	0	3311	1373	792	immediate
SUPER_1	341492086	341495677	IR	513	.	341493970	0.513	0.982	111	3736	341492086	341492914	341494850	341495677	398148334	341250000	341500000	111	4064	827	1936	immediate
SUPER_1	180338531	180340755	IR	513	.	180339648	0.513	0.951	102	2373	180338531	180339344	180339942	180340765	398148334	180150000	180400000	102	3160	813	598	immediate
SUPER_1	278273674	278277732	IR	513	.	278275226	0.513	0.839	91	4046	278273674	278274784	278276622	278277738	398148334	278050000	278300000	0	3761	1110	1838	immediate
SUPER_1	82409893	82411783	IR	513	.	82410837	0.513	0.944	76	2074	82409893	82410462	82411232	82411783	398148334	82200000	82450000	76	3513	551	770	immediate
SUPER_1	251350501	251352503	IR	513	.	251351502	0.513	0.988	64	2100	251350501	251350901	251352103	251352504	398148334	251200000	251450000	64	2524	400	1202	immediate
SUPER_1	109584729	109587007	IR	512	.	109585868	0.512	0.970	172	2438	109584729	109585579	109586157	109587008	398148334	109400000	109650000	172	3097	850	578	immediate
SUPER_1	135214398	135217567	IR	512	.	135216037	0.512	0.973	145	3344	135214398	135215283	135216683	135217567	398148334	135000000	135250000	145	3599	884	1400	immediate
SUPER_1	227577624	227581293	IR	512	.	227579547	0.512	0.957	114	3887	227577624	227578630	227580287	227581294	398148334	227450000	227700000	114	2157	1006	1657	immediate
SUPER_1	56792709	56794769	IR	512	.	56793734	0.512	0.888	86	2324	56792709	56793428	56794050	56794815	398148334	56600000	56850000	86	3228	719	622	immediate
SUPER_1	292222033	292224020	IR	511	.	292223028	0.511	0.989	127	2839	292222033	292222661	292223396	292224020	398148334	292050000	292300000	127	2883	624	735	immediate
SUPER_1	356486770	356489663	IR	511	.	356488230	0.511	0.919	93	3014	356486770	356487912	356488521	356489692	398148334	356250000	356500000	93	3970	1142	609	immediate
SUPER_1	11569416	11570867	IR	511	.	11569995	0.511	0.975	21	2092	11569416	11569619	11570664	11570867	398148334	11350000	11600000	21	3668	203	1045	immediate
SUPER_1	253044387	253055664	IR	509	.	253049836	0.509	1.000	978	12289	253044387	253048693	253051358	253055664	398148334	252850000	253100000	978	3333	4306	2665	spaced
SUPER_1	54095790	54099845	IR	509	.	54097828	0.509	0.969	212	4410	54095790	54097065	54098591	54099845	398148334	53900000	54150000	212	3296	1254	1526	immediate
SUPER_1	245746311	245748004	IR	509	.	245747389	0.509	0.982	83	27467	245746311	245746701	245747615	245748004	398148334	245700000	245950000	48	785	389	914	immediate
SUPER_1	116318996	116322535	IR	509	.	116320313	0.509	0.979	81	3519	116318996	116319657	116321874	116322538	398148334	116100000	116350000	0	3679	661	2217	spaced
SUPER_1	66560127	66562469	IR	509	.	66561632	0.509	0.969	31	2300	66560127	66560421	66562175	66562469	398148334	66450000	66700000	0	1854	294	1754	immediate
SUPER_1	266535697	266546334	IR	508	.	266541080	0.508	0.999	954	11693	266535697	266539928	266542103	266546334	398148334	266300000	266550000	954	4016	4231	2175	spaced
SUPER_1	89775696	89778799	IR	508	.	89777166	0.508	0.970	100	3330	89775696	89776419	89778076	89778799	398148334	89550000	89800000	100	3787	723	1657	immediate
SUPER_1	162798679	162800883	IR	508	.	162799966	0.508	0.849	50	2335	162798679	162798956	162800606	162800930	398148334	162750000	163000000	50	829	277	1650	immediate
SUPER_1	19195653	19198602	IR	508	.	19197593	0.508	0.981	47	2932	19195653	19195967	19198288	19198606	398148334	18950000	19200000	0	4118	314	2321	spaced
SUPER_1	176824231	176827376	IR	507	.	176825804	0.507	0.999	168	3298	176824231	176825025	176826583	176827376	398148334	176600000	176850000	168	3763	793	1558	immediate
SUPER_1	160301360	160303484	IR	507	.	160302422	0.507	0.991	63	2197	160301360	160301697	160303147	160303484	398148334	160100000	160350000	63	3373	337	1450	immediate
SUPER_1	145278224	145280564	IR	507	.	145279147	0.507	0.922	46	2818	145278224	145278499	145280289	145280565	398148334	145050000	145300000	26	3823	275	1790	immediate
SUPER_1	162974996	163054884	IR	506	.	163015040	0.506	0.742	28	80055	162974996	162976394	163053533	163054884	398148334	162900000	163150000	28	1915	1351	77139	spaced
SUPER_1	72959887	73001738	IR	506	.	72980916	0.506	0.759	27	41966	72959887	72960383	73001242	73001844	398148334	72850000	73100000	27	2180	496	40859	spaced
SUPER_1	99501749	99513546	IR	505	.	99507648	0.505	0.999	1172	13197	99501749	99506930	99508365	99513550	398148334	99300000	99550000	1172	3460	5181	1435	immediate
SUPER_1	328330497	328333548	IR	505	.	328332052	0.505	0.882	87	3460	328330497	328331468	328332636	328333548	398148334	328200000	328450000	87	2200	912	1168	immediate
SUPER_1	291865076	291867164	IR	505	.	291866118	0.505	0.954	76	2150	291865076	291865569	291866676	291867164	398148334	291700000	291950000	76	2768	488	1107	immediate
SUPER_1	228560590	228562962	IR	505	.	228561650	0.505	0.726	59	2578	228560590	228561607	228562040	228562962	398148334	228400000	228650000	59	2696	922	433	immediate
SUPER_1	412481	415098	IR	504	.	413799	0.504	0.969	181	2924	412481	413582	414016	415098	398148334	200000	450000	181	3563	1082	434	immediate
SUPER_1	207986557	207989931	IR	504	.	207988352	0.504	0.925	78	3509	207986557	207987132	207989356	207989953	398148334	207750000	208000000	78	3970	575	2224	spaced
SUPER_1	343132811	343190599	IR	504	.	343161450	0.504	0.915	44	57762	343132811	343133712	343189698	343190604	398148334	343100000	343350000	0	1028	901	55986	spaced
SUPER_1	336665966	336667820	IR	504	.	336666893	0.504	0.996	40	2017	336665966	336666193	336667593	336667820	398148334	336450000	336700000	40	3614	227	1400	immediate
SUPER_1	290803546	290806031	IR	504	.	290805163	0.504	0.000	27	2449	290803546	290803709	290805987	290806031	398148334	290600000	290850000	0	3413	44	2278	spaced
SUPER_1	181215034	181218012	IR	503	.	181216520	0.503	0.969	135	3189	181215034	181215807	181217239	181218014	398148334	181050000	181300000	136	2775	773	1432	immediate
SUPER_1	113278835	113289667	IR	503	.	113284078	0.503	0.879	92	11989	113278835	113283426	113285076	113289676	398148334	113150000	113400000	92	2237	4591	1650	immediate
SUPER_1	221999511	222001672	IR	503	.	222000592	0.503	0.989	83	2324	221999511	222000044	222001140	222001672	398148334	221950000	222200000	83	843	532	1096	immediate
SUPER_1	309654030	309657673	IR	503	.	309655788	0.503	0.771	79	3781	309654030	309655463	309656320	309657673	398148334	309550000	309800000	87	1764	1353	857	immediate
SUPER_1	189099725	189101747	IR	503	.	189100736	0.503	0.987	51	2058	189099725	189100029	189101443	189101747	398148334	188950000	189200000	51	2512	304	1414	immediate
SUPER_1	203612628	203623425	IR	502	.	203618090	0.502	1.000	780	11599	203612628	203616086	203619967	203623425	398148334	203400000	203650000	780	3633	3458	3881	spaced
SUPER_1	67029019	67031793	IR	502	.	67030406	0.502	0.950	91	3355	67029019	67029653	67031159	67031798	398148334	66850000	67100000	91	3006	634	1506	immediate
SUPER_1	329015610	329017510	IR	502	.	329016560	0.502	0.984	27	87213	329015610	329015794	329017326	329017510	398148334	328900000	329150000	27	1942	184	1532	immediate
SUPER_1	155167850	155172305	IR	501	.	155169996	0.501	0.967	198	4773	155167850	155169361	155170794	155172305	398148334	154950000	155200000	198	3667	1511	1433	immediate
SUPER_1	160560588	160564063	IR	501	.	160562543	0.501	0.965	138	3618	160560588	160561595	160563057	160564063	398148334	160500000	160750000	138	1038	1006	1462	immediate
SUPER_1	128641812	128643603	IR	501	.	128642707	0.501	0.911	50	52769	128641812	128642635	128642783	128643603	398148334	128450000	128700000	50	3211	820	148	immediate
SUPER_1	226061045	226063205	IR	499	.	226062125	0.499	0.977	53	2193	226061045	226061393	226062857	226063205	398148334	226000000	226250000	53	1035	348	1464	immediate
SUPER_1	260011764	260016670	IR	498	.	260014493	0.498	0.910	147	4889	260011764	260013310	260015184	260016670	398148334	259800000	260050000	0	3570	1486	1874	immediate
SUPER_1	293533239	293535161	IR	498	.	293534200	0.498	0.973	124	2074	293533239	293534037	293534363	293535168	398148334	293300000	293550000	124	3903	798	326	immediate
SUPER_1	93420689	93422645	IR	498	.	93421667	0.498	0.972	52	2009	93420689	93421008	93422326	93422649	398148334	93200000	93450000	52	3694	319	1318	immediate
SUPER_1	108830988	108833012	IR	498	.	108832013	0.498	0.911	38	2273	108830988	108831410	108832590	108833038	398148334	108600000	108850000	38	3866	422	1180	immediate
SUPER_1	179579806	179582287	IR	498	.	179580808	0.498	1.000	30	2468	179579806	179579860	179582233	179582287	398148334	179350000	179600000	8	3850	54	2373	spaced
SUPER_1	246465041	246467683	IR	498	.	246466841	0.498	0.987	29	2615	246465041	246465275	246467449	246467684	398148334	246400000	246650000	0	1105	234	2174	spaced
SUPER_1	46700201	46707137	IR	497	.	46704154	0.497	0.980	300	6911	46700201	46702630	46704708	46707139	398148334	46700000	46950000	0	61	2429	2078	spaced
SUPER_1	375766199	375768411	IR	497	.	375767311	0.497	0.922	55	2329	375766199	375766989	375767633	375768411	398148334	375550000	375800000	55	3621	778	644	immediate
SUPER_1	55093380	55095483	IR	496	.	55094434	0.496	0.989	126	2468	55093380	55093932	55094936	55095483	398148334	54950000	55200000	130	2407	547	1004	immediate
SUPER_1	300647462	300649608	IR	496	.	300648349	0.496	0.816	40	2252	300647462	300648228	300648842	300649642	398148334	300500000	300750000	70	2475	766	614	immediate
SUPER_1	284759352	284761391	IR	495	.	284760397	0.495	0.871	90	2133	284759352	284760068	284760737	284761391	398148334	284700000	284950000	90	1006	654	669	immediate
SUPER_1	230772805	230838027	IR	495	.	230805874	0.495	0.394	31	65051	230772805	230803931	230806978	230838027	398148334	230650000	230900000	0	2590	31049	3047	spaced
SUPER_1	270424565	270427482	IR	494	.	270425919	0.494	0.996	109	3039	270424565	270425070	270426977	270427482	398148334	270200000	270450000	109	3766	505	1907	immediate
SUPER_1	347465102	347468688	IR	493	.	347466984	0.493	0.947	196	29378	347465102	347466470	347467320	347468695	398148334	347250000	347500000	216	3614	1368	850	immediate
SUPER_1	349736079	349738860	IR	493	.	349737469	0.493	0.976	134	3080	349736079	349736846	349738093	349738869	398148334	349500000	349750000	134	3957	767	1247	immediate
SUPER_1	270756431	270758846	IR	493	.	270757639	0.493	0.925	86	2488	270756431	270756976	270758334	270758846	398148334	270750000	271000000	86	127	512	1358	immediate
SUPER_1	297203373	297205343	IR	493	.	297204359	0.493	0.957	23	2041	297203373	297203647	297205069	297205345	398148334	297050000	297300000	23	2572	274	1422	immediate
SUPER_1	8947398	9144884	IR	492	.	9046275	0.492	0.833	76	197669	8947398	8948508	9143861	9144884	398148334	8900000	9150000	76	2435	1023	195353	wide
SUPER_1	316485051	316487480	IR	492	.	316486266	0.492	0.949	64	2478	316485051	316485710	316486822	316487480	398148334	316350000	316600000	64	2270	658	1112	immediate
SUPER_1	56993966	56995911	IR	492	.	56994934	0.492	0.767	42	2038	56993966	56994478	56995485	56995911	398148334	56750000	57000000	46	4082	426	1007	immediate
SUPER_1	359598073	359603920	IR	491	.	359600621	0.491	0.996	333	5824	359598073	359599957	359602041	359603920	398148334	359400000	359650000	0	3349	1879	2084	spaced
SUPER_1	241733004	241735614	IR	491	.	241734309	0.491	0.993	117	77086	241733004	241733550	241735068	241735614	398148334	241600000	241850000	117	2238	546	1518	immediate
SUPER_1	83530866	83534107	IR	491	.	83532331	0.491	0.899	93	3311	83530866	83531755	83533279	83534107	398148334	83500000	83750000	93	541	828	1524	immediate
SUPER_1	122919633	122922216	IR	491	.	122920937	0.491	0.923	74	2696	122919633	122920125	122921749	122922216	398148334	122750000	123000000	74	2848	467	1624	immediate
SUPER_1	249568071	249570088	IR	491	.	249569080	0.491	0.991	70	2096	249568071	249568411	249569748	249570089	398148334	249350000	249600000	70	3651	340	1337	immediate
SUPER_1	46424213	46444600	IR	491	.	46433982	0.491	0.425	45	20392	46424213	46433049	46435764	46444671	398148334	46400000	46650000	0	573	8836	2715	spaced
SUPER_1	305116444	305125142	IR	490	.	305121085	0.490	0.554	86	6788	305116444	305120576	305121028	305125142	398148334	305000000	305250000	0	2013	4114	452	immediate
SUPER_1	156626136	156628252	IR	490	.	156627194	0.490	0.997	75	2255	156626136	156626500	156627889	156628252	398148334	156400000	156650000	75	3786	363	1389	immediate
SUPER_1	386525842	386528429	IR	490	.	386527564	0.490	0.961	21	2565	386525842	386526178	386528093	386528429	398148334	386350000	386600000	0	2952	336	1915	immediate
SUPER_1	249895582	249898298	IR	489	.	249896820	0.489	0.980	199	3250	249895582	249896662	249897223	249898298	398148334	249650000	249900000	199	4115	1075	561	immediate
SUPER_1	303630689	303632658	IR	488	.	303631857	0.488	0.972	81	2090	303630689	303631181	303632171	303632658	398148334	303600000	303850000	81	527	487	990	immediate
SUPER_1	190640250	190641558	IR	488	.	190640904	0.488	0.907	53	86631	190640250	190640506	190641302	190641583	398148334	190500000	190750000	97	2348	256	796	immediate
SUPER_1	114917306	114919568	IR	488	.	114918437	0.488	0.974	52	2286	114917306	114917647	114919228	114919568	398148334	114700000	114950000	52	3640	340	1581	immediate
SUPER_1	133954476	133956829	IR	487	.	133955653	0.487	0.987	104	2432	133954476	133955016	133956289	133956830	398148334	133750000	134000000	104	3427	540	1273	immediate
SUPER_1	92790051	92792187	IR	487	.	92791462	0.487	0.954	45	2112	92790051	92790547	92791692	92792187	398148334	92550000	92800000	0	4018	495	1145	immediate
SUPER_1	347637280	347647454	IR	486	.	347642367	0.486	0.996	969	11141	347637280	347641900	347642835	347647454	398148334	347400000	347650000	969	4039	4619	935	immediate
SUPER_1	208862482	208865888	IR	486	.	208864198	0.486	0.952	170	3653	208862482	208863417	208864979	208865888	398148334	208650000	208900000	170	3569	909	1562	immediate
SUPER_1	299807713	299809667	IR	486	.	299808699	0.486	0.951	80	138898	299807713	299808082	299809316	299809667	398148334	299700000	299950000	80	1811	351	1234	immediate
SUPER_1	84038558	84047401	IR	486	.	84043275	0.486	0.611	38	8825	84038558	84042123	84043905	84047401	398148334	83850000	84100000	0	3216	3496	1782	immediate
SUPER_1	314993387	315005654	IR	485	.	314999335	0.485	1.000	1244	13532	314993387	314998817	315000224	315005654	398148334	314800000	315050000	1244	3325	5430	1407	immediate
SUPER_1	260620761	260625498	IR	485	.	260623335	0.485	0.739	197	4933	260620761	260622732	260623643	260625498	398148334	260500000	260750000	204	2052	1855	911	immediate
SUPER_1	192044304	192046912	IR	485	.	192045608	0.485	0.966	60	2682	192044304	192044838	192046378	192046913	398148334	191800000	192050000	60	4093	534	1540	immediate
SUPER_1	1847591	1849499	IR	485	.	1848574	0.485	0.809	36	2053	1847591	1847952	1849195	1849499	398148334	1750000	2000000	39	1642	304	1243	immediate
SUPER_1	9223541	9225784	IR	484	.	9224621	0.484	0.891	145	2508	9223541	9224593	9224794	9225784	398148334	9000000	9250000	169	3744	990	201	immediate
SUPER_1	307537214	307539639	IR	484	.	307538065	0.484	0.863	83	2482	307537214	307537990	307538863	307539722	398148334	307350000	307600000	0	3140	776	873	immediate
SUPER_1	152527438	152529153	IR	484	.	152528306	0.484	0.869	40	29715	152527438	152528176	152528415	152529174	398148334	152450000	152700000	40	1304	738	239	immediate
SUPER_1	351186510	351187872	IR	484	.	351187191	0.484	0.986	34	28617	351186510	351186730	351187652	351187872	398148334	351100000	351350000	34	1453	220	922	immediate
SUPER_1	109808489	109810437	IR	484	.	109809463	0.484	0.951	20	2107	109808489	109808710	109810216	109810440	398148334	109650000	109900000	20	2657	221	1506	immediate
SUPER_1	15933555	15936786	IR	483	.	15935108	0.483	0.974	95	3396	15933555	15934469	15935872	15936790	398148334	15700000	15950000	95	3919	914	1403	immediate
SUPER_1	119008223	119011215	IR	482	.	119009719	0.482	0.990	211	3295	119008223	119009336	119010103	119011215	398148334	118800000	119050000	211	3495	1112	767	immediate
SUPER_1	213131002	213133135	IR	482	.	213132066	0.482	0.963	76	2189	213131002	213131458	213132679	213133138	398148334	212900000	213150000	76	3867	456	1221	immediate
SUPER_1	41036304	41038495	IR	482	.	41037407	0.482	0.542	25	2254	41036304	41037364	41037435	41038515	398148334	40850000	41100000	73	3123	1060	71	immediate
SUPER_1	165154443	165158610	IR	481	.	165156687	0.481	0.925	225	4509	165154443	165155955	165157098	165158628	398148334	165050000	165300000	274	1775	1512	1143	immediate
SUPER_1	220650070	220651961	IR	481	.	220651017	0.481	0.991	135	2007	220650070	220650737	220651296	220651961	398148334	220450000	220700000	135	3350	665	559	immediate
SUPER_1	250834584	250838880	IR	481	.	250836270	0.481	0.804	106	4278	250834584	250835878	250837673	250838880	398148334	250650000	250900000	0	3112	1207	1795	immediate
SUPER_1	204262960	204264958	IR	481	.	204263990	0.481	0.815	63	2148	204262960	204263566	204264352	204265020	398148334	204150000	204400000	64	1899	606	786	immediate
SUPER_1	343007706	343009877	IR	481	.	343008792	0.481	0.977	49	2201	343007706	343008052	343009532	343009877	398148334	342800000	343050000	49	3479	345	1480	immediate
SUPER_1	236826964	236829403	IR	481	.	236827714	0.481	0.978	21	2376	236826964	236827147	236829222	236829403	398148334	236600000	236850000	0	3802	181	2075	spaced
SUPER_1	190840006	191008666	IR	480	.	190924301	0.480	0.395	39	168825	190840006	190924304	190924465	191008666	398148334	190800000	191050000	39	2072	84201	161	immediate
SUPER_1	89602015	89615023	IR	479	.	89608519	0.479	1.000	1286	14473	89602015	89607726	89609313	89615023	398148334	89400000	89650000	1313	3475	5710	1587	immediate
SUPER_1	71329939	71332414	IR	479	.	71331188	0.479	0.965	199	2751	71329939	71331052	71331301	71332437	398148334	71150000	71400000	201	3019	1113	249	immediate
SUPER_1	180294764	180297015	IR	479	.	180295892	0.479	0.984	112	2439	180294764	180295400	180296384	180297015	398148334	180150000	180400000	112	2431	631	984	immediate
SUPER_1	237272436	237277291	IR	479	.	237274858	0.479	0.758	57	4909	237272436	237273889	237275838	237277302	398148334	237050000	237300000	57	3747	1453	1949	immediate
SUPER_1	45372585	45386262	IR	478	.	45378915	0.478	0.932	250	13656	45372585	45376938	45381910	45386262	398148334	45150000	45400000	0	3823	4352	4972	spaced
SUPER_1	223986885	223988757	IR	478	.	223987821	0.478	0.853	70	2132	223986885	223987385	223988257	223988834	398148334	223800000	224050000	70	3130	500	872	immediate
SUPER_1	310941783	310944265	IR	478	.	310942861	0.478	0.928	61	2538	310941783	310942447	310943613	310944265	398148334	310850000	311100000	61	1550	652	1166	immediate
SUPER_1	286729891	286730594	IR	478	.	286730466	0.478	1.000	45	99924	286729891	286730095	286730390	286730594	398148334	286550000	286800000	43	3003	204	295	immediate
SUPER_1	45895837	45954358	IR	478	.	45925236	0.478	0.979	23	58519	45895837	45896032	45954163	45954358	398148334	45750000	46000000	23	2918	195	58131	spaced
SUPER_1	149243029	149247375	IR	477	.	149245613	0.477	0.994	121	4324	149243029	149243684	149246720	149247376	398148334	149050000	149300000	0	3253	655	3036	spaced
SUPER_1	172690319	172862954	IR	477	.	172776960	0.477	0.394	100	172616	172690319	172765974	172787351	172862954	398148334	172650000	172900000	0	2110	75603	21377	spaced
SUPER_1	231116512	231118476	IR	477	.	231117532	0.477	0.844	74	2101	231116512	231117071	231117917	231118552	398148334	231000000	231250000	74	1958	559	846	immediate
SUPER_1	111489853	111491613	IR	476	.	111490732	0.476	0.883	97	2249	111489853	111490738	111490728	111491645	398148334	111350000	111600000	169	2345	885	-10	overlap
SUPER_1	82076471	82079393	IR	476	.	82077934	0.476	0.945	47	3040	82076471	82077092	82078776	82079393	398148334	81850000	82100000	47	3798	617	1684	immediate
SUPER_1	165302769	165308139	IR	475	.	165305633	0.475	0.968	226	5694	165302769	165304498	165306410	165308144	398148334	165150000	165400000	226	2590	1729	1912	immediate
SUPER_1	150069290	150071374	IR	475	.	150070332	0.475	0.904	69	2131	150069290	150070105	150070609	150071374	398148334	149950000	150200000	72	2005	765	504	immediate
SUPER_1	219404383	219407558	IR	474	.	219405972	0.474	0.959	102	3349	219404383	219405169	219406774	219407558	398148334	219400000	219650000	102	99	784	1605	immediate
SUPER_1	10775656	10930921	IR	474	.	10853422	0.474	0.904	68	155718	10775656	10776304	10930273	10930964	398148334	10750000	11000000	68	1721	648	153969	wide
SUPER_1	324945181	324948685	IR	474	.	324946515	0.474	0.636	63	3486	324945181	324946873	324947029	324948685	398148334	324850000	325100000	0	1615	1656	156	immediate
SUPER_1	341877795	342002893	IR	474	.	341940214	0.474	0.930	54	125314	341877795	341878359	342002329	342002900	398148334	341800000	342050000	54	2338	564	123970	wide
SUPER_1	115335697	115338006	IR	474	.	115336572	0.474	0.689	31	2290	115335697	115336842	115336911	115338006	398148334	115100000	115350000	0	3947	1095	69	immediate
SUPER_1	310211801	310214087	IR	474	.	310212461	0.474	0.966	29	2267	310211801	310212123	310213765	310214088	398148334	310200000	310450000	0	215	322	1642	immediate
SUPER_1	276845858	276849057	IR	473	.	276847456	0.473	0.976	156	3515	276845858	276846740	276848176	276849057	398148334	276600000	276850000	156	4124	881	1436	immediate
SUPER_1	260385071	260388507	IR	473	.	260386790	0.473	0.895	109	3665	260385071	260386350	260387279	260388507	398148334	260350000	260600000	125	613	1228	929	immediate
SUPER_1	267987961	267990059	IR	473	.	267989010	0.473	0.989	89	2507	267987961	267988488	267989533	267990059	398148334	267750000	268000000	89	3983	526	1045	immediate
SUPER_1	299897111	299898276	IR	473	.	299897474	0.473	0.000	61	2947	299897111	299897159	299898259	299898276	398148334	299650000	299900000	2	4128	17	1100	immediate
SUPER_1	145235700	145238654	IR	472	.	145237177	0.472	0.994	135	4181	145235700	145236391	145237963	145238654	398148334	145050000	145300000	135	3119	691	1572	immediate
SUPER_1	60414287	60424098	IR	472	.	60418791	0.472	0.627	97	9864	60414287	60418949	60419436	60424196	398148334	60200000	60450000	0	3653	4662	487	immediate
SUPER_1	184546873	184550104	IR	472	.	184548515	0.472	0.597	54	3266	184546873	184548463	184548559	184550104	398148334	184350000	184600000	54	3308	1545	96	immediate
SUPER_1	47943811	47945766	IR	472	.	47944792	0.472	0.915	46	2167	47943811	47944536	47945041	47945775	398148334	47700000	47950000	46	4079	725	505	immediate
SUPER_1	292440182	292518080	IR	472	.	292479163	0.472	0.393	37	78171	292440182	292479001	292479325	292518080	398148334	292350000	292600000	37	2152	38755	324	immediate
SUPER_1	233270918	233286592	IR	471	.	233278755	0.471	0.509	295	16068	233270918	233277938	233279572	233286682	398148334	233100000	233350000	295	2979	7020	1634	immediate
SUPER_1	346469477	346497026	IR	470	.	346482889	0.470	0.987	1512	27571	346469477	346483248	346483255	346497081	398148334	346250000	346500000	0	3887	13771	7	immediate
SUPER_1	165902147	165904547	IR	470	.	165903347	0.470	0.989	101	2641	165902147	165902681	165904018	165904547	398148334	165800000	166050000	101	1722	529	1337	immediate
SUPER_1	31835527	31838480	IR	470	.	31837492	0.470	0.928	33	2875	31835527	31836142	31837867	31838480	398148334	31750000	32000000	0	1449	613	1725	immediate
SUPER_1	95630885	95641586	IR	469	.	95635883	0.469	0.976	24	10675	95630885	95631050	95641423	95641586	398148334	95550000	95800000	0	1437	163	10373	spaced
SUPER_1	312705461	312873102	IR	468	.	312789567	0.468	0.396	156	167678	312705461	312789259	312789304	312873159	398148334	312650000	312900000	0	2321	83798	45	immediate
SUPER_1	272699810	272703870	IR	468	.	272702159	0.468	0.745	140	4066	272699810	272701764	272701916	272703898	398148334	272600000	272850000	0	1697	1954	152	immediate
SUPER_1	310769414	310905047	IR	468	.	310837172	0.468	0.421	80	69536	310769414	310836915	310837575	310905047	398148334	310700000	310950000	80	2287	67472	660	immediate
SUPER_1	177077978	177079446	IR	468	.	177078714	0.468	0.975	55	37557	177077978	177078345	177079083	177079446	398148334	176900000	177150000	55	2978	363	738	immediate
SUPER_1	379652057	379654115	IR	468	.	379653086	0.468	0.970	31	2067	379652057	379652359	379653814	379654115	398148334	379450000	379700000	31	3384	301	1455	immediate
SUPER_1	229179790	229186768	IR	467	.	229183201	0.467	0.988	398	7407	229179790	229182138	229184425	229186768	398148334	228950000	229200000	398	3887	2343	2287	spaced
SUPER_1	225942859	225945485	IR	467	.	225944178	0.467	0.963	112	2878	225942859	225943581	225944780	225945485	398148334	225700000	225950000	138	4069	705	1199	immediate
SUPER_1	246345212	246347341	IR	467	.	246346286	0.467	0.946	100	2304	246345212	246345780	246346792	246347341	398148334	246150000	246400000	100	3271	549	1012	immediate
SUPER_1	92345701	92536445	IR	467	.	92441561	0.467	0.897	92	190792	92345701	92346530	92535616	92536512	398148334	92300000	92550000	0	2351	829	189086	wide
SUPER_1	138191776	138251293	IR	467	.	138221353	0.467	0.400	45	59561	138191776	138220537	138222532	138251331	398148334	138150000	138400000	45	1192	28761	1995	immediate
SUPER_1	292168265	292170690	IR	467	.	292169751	0.467	0.954	42	2406	292168265	292168694	292170261	292170691	398148334	291950000	292200000	0	3657	429	1567	immediate
SUPER_1	337727251	337730344	IR	467	.	337729016	0.467	1.000	23	3192	337727251	337727355	337730240	337730344	398148334	337500000	337750000	23	3813	104	2885	spaced
SUPER_1	318829619	318924544	IR	466	.	318877570	0.466	0.808	508	91522	318829619	318855034	318899150	318924544	398148334	318700000	318950000	0	2951	25394	44116	spaced
SUPER_1	119270015	119277966	IR	466	.	119274233	0.466	0.977	359	7926	119270015	119273103	119274878	119277966	398148334	119050000	119300000	0	3733	3088	1775	immediate
SUPER_1	106567314	106598191	IR	466	.	106583143	0.466	0.485	114	30851	106567314	106581574	106583958	106598191	398148334	106400000	106650000	0	3045	14233	2384	spaced
SUPER_1	149608119	149610993	IR	466	.	149609542	0.466	0.926	91	2973	149608119	149609097	149610015	149610995	398148334	149550000	149800000	100	992	978	918	immediate
SUPER_1	234149133	234151307	IR	466	.	234150220	0.466	0.967	77	2251	234149133	234149585	234150866	234151307	398148334	234000000	234250000	77	2503	441	1281	immediate
SUPER_1	197841256	197842105	IR	466	.	197841640	0.466	0.991	48	26222	197841256	197841482	197841879	197842105	398148334	197650000	197900000	48	3194	226	397	immediate
SUPER_1	66073139	66076101	IR	466	.	66074439	0.466	0.919	41	2964	66073139	66073423	66075835	66076101	398148334	65900000	66150000	41	2910	266	2412	spaced
SUPER_1	169972154	170004393	IR	466	.	169988280	0.466	0.403	35	32239	169972154	169987854	169988706	170004393	398148334	169950000	170200000	35	637	15687	852	immediate
SUPER_1	90220458	90222540	IR	466	.	90221426	0.466	0.938	21	2267	90220458	90220732	90222266	90222540	398148334	90100000	90350000	21	2024	274	1534	immediate
SUPER_1	234137465	234141181	IR	465	.	234139322	0.465	0.880	126	4008	234137465	234138532	234140114	234141209	398148334	233900000	234150000	126	3988	1067	1582	immediate
SUPER_1	158471357	158473730	IR	465	.	158472543	0.465	0.964	108	2507	158471357	158471912	158473191	158473730	398148334	158300000	158550000	108	2875	539	1279	immediate
SUPER_1	56648304	56650282	IR	465	.	56649293	0.465	0.982	104	2123	56648304	56648977	56649610	56650282	398148334	56600000	56850000	104	821	672	633	immediate
SUPER_1	81652882	81654637	IR	465	.	81653904	0.465	0.927	57	2090	81652882	81653247	81654281	81654637	398148334	81450000	81700000	57	3395	356	1034	immediate
SUPER_1	213005129	213007191	IR	465	.	213006411	0.465	0.895	46	2039	213005129	213005501	213006856	213007191	398148334	212850000	213100000	0	2602	335	1355	immediate
SUPER_1	42161791	42165351	IR	465	.	42163073	0.465	0.905	25	3542	42161791	42162437	42164706	42165351	398148334	41950000	42200000	0	3559	645	2269	spaced
SUPER_1	107888687	107892488	IR	464	.	107890844	0.464	0.966	220	3784	107888687	107890335	107890846	107892488	398148334	107650000	107900000	0	4009	1642	511	immediate
SUPER_1	19445781	19448744	IR	464	.	19447261	0.464	0.963	136	3197	19445781	19446551	19447974	19448753	398148334	19200000	19450000	136	4120	770	1423	immediate
SUPER_1	125968361	126131338	IR	464	.	126049908	0.464	0.398	73	163055	125968361	126049783	126050032	126131338	398148334	125950000	126200000	74	1664	81306	249	immediate
SUPER_1	344458412	344463857	IR	464	.	344460664	0.464	0.583	21	5423	344458412	344460967	344461303	344463857	398148334	344250000	344500000	0	3518	2554	336	immediate
SUPER_1	283123326	283127909	IR	463	.	283125312	0.463	0.817	232	4624	283123326	283125577	283125658	283127975	398148334	282900000	283150000	0	3760	2251	81	immediate
SUPER_1	57061185	57063738	IR	463	.	57062353	0.463	0.988	88	2623	57061185	57061663	57063260	57063740	398148334	56950000	57200000	93	1874	478	1597	immediate
SUPER_1	119834700	119836680	IR	463	.	119835689	0.463	0.861	56	2111	119834700	119834990	119836390	119836720	398148334	119600000	119850000	56	3928	290	1400	immediate
SUPER_1	131713875	131716837	IR	463	.	131715842	0.463	0.860	24	2949	131713875	131715011	131715701	131716845	398148334	131550000	131800000	0	2755	1136	690	immediate
SUPER_1	104212217	104214342	IR	462	.	104213280	0.462	0.991	91	2233	104212217	104212757	104213802	104214343	398148334	104000000	104250000	91	3554	540	1045	immediate
SUPER_1	89343976	89494826	IR	462	.	89418927	0.462	0.868	28	150860	89343976	89344334	89494468	89494853	398148334	89250000	89500000	0	2823	358	150134	wide
SUPER_1	298206161	298216377	IR	461	.	298211355	0.461	0.983	788	11553	298206161	298210207	298212331	298216387	398148334	298050000	298300000	788	2687	4046	2124	spaced
SUPER_1	256389376	256391202	IR	461	.	256390297	0.461	0.959	140	2010	256389376	256390141	256390437	256391217	398148334	256200000	256450000	175	3171	765	296	immediate
SUPER_1	253422601	253425275	IR	461	.	253423921	0.461	0.984	107	2790	253422601	253423163	253424715	253425275	398148334	253250000	253500000	107	2898	560	1552	immediate
SUPER_1	373545973	373549623	IR	460	.	373547796	0.460	0.982	206	3888	373545973	373546926	373548679	373549623	398148334	373300000	373550000	206	4129	944	1753	immediate
SUPER_1	274460368	274611460	IR	460	.	274535553	0.460	0.948	61	151066	274460368	274461083	274610745	274611460	398148334	274400000	274650000	0	2265	715	149662	wide
SUPER_1	319503121	319504903	IR	460	.	319504012	0.460	0.778	44	3152	319503121	319503346	319504678	319504966	398148334	319300000	319550000	69	3400	225	1332	immediate
SUPER_1	178893232	178927523	IR	459	.	178910800	0.459	0.964	291	34268	178893232	178897071	178923686	178927523	398148334	178700000	178950000	0	3506	3837	26615	spaced
SUPER_1	274808090	274962209	IR	459	.	274885186	0.459	0.399	65	154217	274808090	274884774	274885598	274962209	398148334	274750000	275000000	67	2252	76611	824	immediate
SUPER_1	393052884	393144279	IR	459	.	393098359	0.459	0.935	61	91440	393052884	393053194	393143971	393144279	398148334	392950000	393200000	48	2476	308	90777	spaced
SUPER_1	253892524	253895066	IR	459	.	253893934	0.459	0.773	59	2792	253892524	253893219	253894476	253895066	398148334	253650000	253900000	59	4063	590	1257	immediate
SUPER_1	263499735	263501919	IR	459	.	263501185	0.459	0.928	36	2055	263499735	263500233	263501422	263501919	398148334	263300000	263550000	0	3346	497	1189	immediate
SUPER_1	167753462	167755706	IR	458	.	167754584	0.458	0.997	63	2310	167753462	167753787	167755381	167755706	398148334	167550000	167800000	63	3409	325	1594	immediate
SUPER_1	61461657	61468344	IR	458	.	61465420	0.458	0.573	28	6754	61461657	61464473	61465528	61468430	398148334	61250000	61500000	0	3583	2816	1055	immediate
SUPER_1	10401804	10414112	IR	457	.	10407895	0.457	0.999	1244	13575	10401804	10407228	10408691	10414112	398148334	10200000	10450000	1244	3465	5421	1463	immediate
SUPER_1	254857075	254859274	IR	457	.	254858219	0.457	0.795	35	2246	254857075	254857935	254858503	254859274	398148334	254700000	254950000	35	2636	771	568	immediate
SUPER_1	137087187	137090465	IR	456	.	137088826	0.456	0.996	171	3469	137087187	137087977	137089675	137090465	398148334	136850000	137100000	171	3980	790	1698	immediate
SUPER_1	199397046	199400433	IR	456	.	199398829	0.456	0.970	113	3896	199397046	199397981	199399500	199400433	398148334	199200000	199450000	113	3312	933	1519	immediate
SUPER_1	167307528	167311110	IR	456	.	167308906	0.456	0.793	97	3569	167307528	167308480	167310158	167311119	398148334	167100000	167350000	0	3488	952	1678	immediate
SUPER_1	111275919	111280494	IR	456	.	111277982	0.456	0.990	62	14021	111275919	111276431	111279982	111280496	398148334	111100000	111350000	62	2969	512	3551	spaced
SUPER_1	250589058	250591587	IR	456	.	250590331	0.456	0.888	60	2596	250589058	250589892	250590767	250591587	398148334	250450000	250700000	60	2338	820	875	immediate
SUPER_1	359732824	359736507	IR	456	.	359734386	0.456	0.995	33	3665	359732824	359733032	359736299	359736507	398148334	359500000	359750000	0	3910	208	3267	spaced
SUPER_1	133806188	133843803	IR	455	.	133824756	0.455	0.973	145	37753	133806188	133807205	133842786	133843803	398148334	133600000	133850000	145	3749	1017	35581	spaced
SUPER_1	346408139	346410847	IR	455	.	346409502	0.455	0.923	86	2865	346408139	346408998	346409988	346410869	398148334	346200000	346450000	96	3491	859	990	immediate
SUPER_1	205942521	205949235	IR	455	.	205945965	0.455	0.874	80	6784	205942521	205944880	205946876	205949257	398148334	205750000	206000000	80	3264	2359	1996	immediate
SUPER_1	143957422	144076636	IR	455	.	144017077	0.455	0.400	45	119605	143957422	144016724	144017430	144076636	398148334	143950000	144200000	45	1117	59206	706	immediate
SUPER_1	303443740	303445794	IR	455	.	303444767	0.455	0.955	31	2095	303443740	303444050	303445484	303445794	398148334	303250000	303500000	31	3245	310	1434	immediate
SUPER_1	87707868	87714444	IR	454	.	87711611	0.454	0.997	193	6556	87707868	87709052	87713260	87714446	398148334	87700000	87950000	0	185	1184	4208	spaced
SUPER_1	333628584	333635886	IR	454	.	333632109	0.454	1.000	75	7339	333628584	333628893	333635577	333635886	398148334	333400000	333650000	75	3870	309	6684	spaced
SUPER_1	105566552	105568466	IR	454	.	105567509	0.454	0.939	55	2472	105566552	105566895	105568123	105568482	398148334	105350000	105600000	55	3625	343	1228	immediate
SUPER_1	271825147	271827177	IR	454	.	271825975	0.454	0.630	24	2042	271825147	271825588	271826773	271827177	398148334	271600000	271850000	59	3769	404	1185	immediate
SUPER_1	85409327	85411046	IR	453	.	85410406	0.453	1.000	214	7612	85409327	85409344	85411029	85411046	398148334	85200000	85450000	1	3502	17	1685	immediate
SUPER_1	124858806	124860933	IR	453	.	124859870	0.453	0.983	152	2348	124858806	124859629	124860110	124860936	398148334	124650000	124900000	152	3497	823	481	immediate
SUPER_1	317887521	317889438	IR	453	.	317888478	0.453	0.930	62	2042	317887521	317888232	317888732	317889438	398148334	317700000	317950000	62	3141	706	500	immediate
SUPER_1	70287022	70290647	IR	453	.	70288401	0.453	1.000	23	3602	70287022	70287162	70290507	70290647	398148334	70100000	70350000	0	3147	140	3345	spaced
SUPER_1	109918164	109921372	IR	452	.	109919964	0.452	0.989	112	3330	109918164	109918720	109920816	109921373	398148334	109850000	110100000	112	1162	556	2096	spaced
SUPER_1	251474319	251476448	IR	452	.	251475383	0.452	0.980	105	2306	251474319	251474925	251475842	251476448	398148334	251250000	251500000	105	3756	606	917	immediate
SUPER_1	130792060	130794762	IR	452	.	130793464	0.452	0.841	92	3092	130792060	130792755	130794067	130794868	398148334	130650000	130900000	105	2390	695	1312	immediate
SUPER_1	90497680	90502384	IR	452	.	90499697	0.452	0.872	64	4709	90497680	90498414	90501650	90502436	398148334	90350000	90600000	0	2500	734	3236	spaced
SUPER_1	169305213	169308280	IR	452	.	169306960	0.452	0.991	37	3147	169305213	169305448	169308045	169308280	398148334	169100000	169350000	37	3445	235	2597	spaced
SUPER_1	150029369	150032639	IR	451	.	150031272	0.451	0.783	65	3206	150029369	150030777	150031283	150032639	398148334	149900000	150150000	0	2183	1356	506	immediate
SUPER_1	256069440	256071438	IR	451	.	256070439	0.451	0.986	47	2030	256069440	256069719	256071159	256071438	398148334	255850000	256100000	48	3673	279	1440	immediate
SUPER_1	31883489	31886493	IR	451	.	31884550	0.451	0.938	31	2980	31883489	31883875	31886107	31886493	398148334	31750000	32000000	0	2249	386	2232	spaced
SUPER_1	183847418	183849530	IR	451	.	183848474	0.451	0.973	30	11798	183847418	183847673	183849275	183849530	398148334	183650000	183900000	30	3307	255	1602	immediate
SUPER_1	256755137	256758394	IR	451	.	256757152	0.451	0.620	29	3237	256755137	256756341	256757209	256758394	398148334	256750000	257000000	0	112	1185	868	immediate
SUPER_1	203053536	203056526	IR	450	.	203055046	0.450	0.907	123	3320	203053536	203054773	203055289	203056567	398148334	202950000	203200000	123	1750	1237	516	immediate
SUPER_1	371503472	371506158	IR	450	.	371505141	0.450	0.972	65	2669	371503472	371503905	371505733	371506158	398148334	371300000	371550000	0	3413	425	1828	immediate
SUPER_1	135252736	135335185	IR	449	.	135294035	0.449	0.987	238	82693	135252736	135253913	135334011	135335185	398148334	135200000	135450000	238	1565	1174	80098	spaced
SUPER_1	120065884	120069149	IR	449	.	120067517	0.449	0.982	154	3865	120065884	120066871	120068162	120069150	398148334	120000000	120250000	154	1125	987	1291	immediate
SUPER_1	76595506	76599392	IR	449	.	76597084	0.449	0.967	98	3864	76595506	76596361	76598537	76599392	398148334	76350000	76600000	0	4124	855	2176	spaced
SUPER_1	219638868	219642378	IR	449	.	219640635	0.449	0.868	81	146310	219638868	219640071	219641175	219642418	398148334	219500000	219750000	83	2343	1203	1104	immediate
SUPER_1	256881282	256885773	IR	449	.	256883988	0.449	0.970	73	4476	256881282	256881986	256885069	256885776	398148334	256700000	256950000	0	3058	704	3083	spaced
SUPER_1	150759525	150761767	IR	449	.	150760759	0.449	0.868	39	2277	150759525	150759885	150761407	150761782	398148334	150750000	151000000	42	177	360	1522	immediate
SUPER_1	117348910	117350942	IR	449	.	117349963	0.449	0.596	20	2072	117348910	117349902	117350034	117350942	398148334	117250000	117500000	21	1665	908	132	immediate
SUPER_1	137631744	137636886	IR	448	.	137634628	0.448	0.953	218	5125	137631744	137633596	137635036	137636886	398148334	137400000	137650000	0	3905	1850	1440	immediate
SUPER_1	135823741	135827479	IR	448	.	135825610	0.448	0.993	182	3952	135823741	135824655	135826565	135827480	398148334	135600000	135850000	182	3760	914	1910	immediate
SUPER_1	193484720	193487189	IR	448	.	193486232	0.448	0.974	24	2449	193484720	193484954	193486957	193487189	398148334	193400000	193650000	0	1432	232	2003	spaced
SUPER_1	342954583	342967328	IR	447	.	342961279	0.447	1.000	993	12726	342954583	342959940	342961971	342967328	398148334	342750000	343000000	0	3515	5357	2031	spaced
SUPER_1	286903855	286907040	IR	447	.	286905447	0.447	0.829	107	3546	286903855	286905016	286905879	286907065	398148334	286750000	287000000	107	2590	1161	863	immediate
SUPER_1	263106363	263109169	IR	447	.	263107766	0.447	0.920	55	2864	263106363	263107010	263108522	263109180	398148334	262900000	263150000	55	3462	647	1512	immediate
SUPER_1	62505696	62507773	IR	447	.	62506735	0.447	0.964	38	2089	62505696	62506088	62507381	62507775	398148334	62300000	62550000	38	3445	392	1293	immediate
SUPER_1	238810377	238812434	IR	447	.	238811838	0.447	0.995	35	2032	238810377	238810589	238812222	238812434	398148334	238650000	238900000	0	2689	212	1633	immediate
SUPER_1	320249299	320251327	IR	446	.	320250313	0.446	0.950	50	2069	320249299	320249689	320250937	320251332	398148334	320050000	320300000	50	3338	390	1248	immediate
SUPER_1	305554554	305556852	IR	446	.	305555704	0.446	0.963	37	2408	305554554	305554880	305556528	305556852	398148334	305350000	305600000	37	3428	324	1648	immediate
SUPER_1	322574882	322580084	IR	445	.	322577483	0.445	1.000	359	5580	322574882	322576513	322578453	322580084	398148334	322350000	322600000	359	3791	1631	1940	immediate
SUPER_1	250420712	250424156	IR	445	.	250422319	0.445	0.982	139	3798	250420712	250421543	250423325	250424157	398148334	250250000	250500000	139	2873	831	1782	immediate
SUPER_1	284872800	284877100	IR	445	.	284874681	0.445	0.961	123	4278	284872800	284873969	284875931	284877101	398148334	284650000	284900000	0	3749	1169	1962	immediate
SUPER_1	185456120	185459575	IR	445	.	185458170	0.445	0.912	106	3468	185456120	185457374	185458321	185459611	398148334	185350000	185600000	0	1797	1254	947	immediate
SUPER_1	279395831	279397827	IR	445	.	279396831	0.445	0.974	59	2050	279395831	279396204	279397454	279397832	398148334	279150000	279400000	59	4113	373	1250	immediate
SUPER_1	322124316	322125848	IR	445	.	322125076	0.445	0.791	46	103975	322124316	322124700	322125515	322125848	398148334	322000000	322250000	46	2084	333	815	immediate
SUPER_1	256808452	256820409	IR	445	.	256814648	0.445	0.415	35	12022	256808452	256814184	256814677	256820454	398148334	256800000	257050000	35	240	5732	493	immediate
SUPER_1	175745627	175748166	IR	445	.	175746897	0.445	0.917	30	2636	175745627	175746073	175747721	175748166	398148334	175550000	175800000	30	3281	445	1648	immediate
SUPER_1	165241833	165246206	IR	443	.	165244021	0.443	0.996	277	4707	165241833	165243173	165244869	165246206	398148334	165000000	165250000	277	4066	1337	1696	immediate
SUPER_1	125827033	125829075	IR	443	.	125828054	0.443	0.990	179	2237	125827033	125827894	125828214	125829076	398148334	125700000	125950000	179	2134	861	320	immediate
SUPER_1	277470794	277473293	IR	443	.	277472205	0.443	0.980	79	2561	277470794	277471340	277472747	277473293	398148334	277250000	277500000	79	3700	546	1407	immediate
SUPER_1	292186003	292188040	IR	443	.	292187022	0.443	0.997	69	2100	292186003	292186324	292187720	292188040	398148334	291950000	292200000	69	3950	320	1396	immediate
SUPER_1	357465438	357467376	IR	442	.	357466407	0.442	0.974	171	2313	357465438	357466276	357466556	357467376	398148334	357300000	357550000	182	2773	820	280	immediate
SUPER_1	125560252	125562176	IR	442	.	125561214	0.442	0.962	73	2043	125560252	125561021	125561408	125562176	398148334	125400000	125650000	73	2686	768	387	immediate
SUPER_1	217529510	217531664	IR	442	.	217530587	0.442	0.948	72	2241	217529510	217530070	217531104	217531681	398148334	217350000	217600000	72	3009	560	1034	immediate
SUPER_1	345009900	345124664	IR	442	.	345066858	0.442	0.402	70	59859	345009900	345066571	345068006	345124664	398148334	344950000	345200000	0	1954	56658	1435	immediate
SUPER_1	290527379	290529541	IR	442	.	290528460	0.442	0.975	65	2770	290527379	290527825	290529095	290529542	398148334	290300000	290550000	65	3807	446	1270	immediate
SUPER_1	306983986	306986924	IR	442	.	306985587	0.442	0.976	58	3042	306983986	306984368	306986546	306986924	398148334	306800000	307050000	58	3090	378	2178	spaced
SUPER_1	81885983	81888073	IR	442	.	81887027	0.442	0.946	46	2241	81885983	81886215	81887841	81888081	398148334	81650000	81900000	46	3950	232	1626	immediate
SUPER_1	287839266	287848947	IR	442	.	287844394	0.442	0.964	44	9651	287839266	287839709	287848506	287848947	398148334	287600000	287850000	0	4068	441	8797	spaced
SUPER_1	304717043	304719069	IR	442	.	304718070	0.442	0.858	42	2042	304717043	304717681	304718459	304719069	398148334	304600000	304850000	42	1967	610	778	immediate
SUPER_1	332751146	332753212	IR	442	.	332752181	0.442	0.945	27	2091	332751146	332751470	332752888	332753216	398148334	332550000	332800000	27	3369	324	1418	immediate
SUPER_1	37466249	37539211	IR	442	.	37503141	0.442	0.809	21	72941	37466249	37466611	37538868	37539211	398148334	37300000	37550000	0	3378	343	72257	spaced
SUPER_1	125846703	125873471	IR	441	.	125860285	0.441	0.925	93	26859	125846703	125847801	125872373	125873487	398148334	125750000	126000000	93	1834	1098	24572	spaced
SUPER_1	356134972	356312887	IR	441	.	356223577	0.441	0.968	89	177899	356134972	356135794	356312065	356312889	398148334	356100000	356350000	0	2065	822	176271	wide
SUPER_1	146389796	146392250	IR	441	.	146391023	0.441	1.000	81	2508	146389796	146390190	146391856	146392250	398148334	146150000	146400000	81	4016	394	1666	immediate
SUPER_1	248781110	248782799	IR	441	.	248781954	0.441	0.921	72	49243	248781110	248781712	248782197	248782830	398148334	248650000	248900000	72	2199	602	485	immediate
SUPER_1	33911446	33914522	IR	441	.	33912549	0.441	0.956	24	3049	33911446	33911811	33914157	33914522	398148334	33900000	34150000	0	216	365	2346	spaced
SUPER_1	269764240	269767299	IR	441	.	269765771	0.441	0.565	23	3047	269764240	269765680	269765862	269767299	398148334	269600000	269850000	23	2762	1437	182	immediate
SUPER_1	163550972	163797709	IR	440	.	163673955	0.440	0.869	68	246661	163550972	163551613	163797138	163797709	398148334	163550000	163800000	0	2072	571	245525	wide
SUPER_1	281906545	281908805	IR	440	.	281907675	0.440	0.973	49	2308	281906545	281906877	281908473	281908805	398148334	281700000	281950000	49	3461	332	1596	immediate
SUPER_1	88884724	88890712	IR	439	.	88887295	0.439	0.957	204	5968	88884724	88886350	88889086	88890712	398148334	88650000	88900000	0	3961	1626	2736	spaced
SUPER_1	125506799	125550129	IR	439	.	125528795	0.439	0.953	175	43313	125506799	125508919	125548009	125550136	398148334	125350000	125600000	0	2974	2120	39090	spaced
SUPER_1	187135801	187138461	IR	439	.	187137131	0.439	0.992	97	2756	187135801	187136286	187137976	187138462	398148334	187000000	187250000	97	2285	485	1690	immediate
SUPER_1	212844943	212847866	IR	439	.	212846356	0.439	0.928	57	2999	212844943	212845371	212847449	212847866	398148334	212600000	212850000	57	4106	417	2078	spaced
SUPER_1	227797338	227798304	IR	439	.	227797821	0.439	0.841	27	39131	227797338	227797613	227798029	227798344	398148334	227650000	227900000	27	2463	275	416	immediate
SUPER_1	217186035	217188562	IR	438	.	217187301	0.438	0.822	63	2618	217186035	217186587	217188015	217188562	398148334	217000000	217250000	63	3121	547	1428	immediate
SUPER_1	139123597	139137098	IR	437	.	139129941	0.437	1.000	1165	13457	139123597	139129925	139130770	139137098	398148334	139000000	139250000	0	2172	6328	845	immediate
SUPER_1	330178891	330183791	IR	437	.	330181341	0.437	0.960	166	5230	330178891	330180239	330182444	330183791	398148334	329950000	330200000	166	3855	1347	2205	spaced
SUPER_1	187662285	187664947	IR	437	.	187663616	0.437	0.992	97	2758	187662285	187662770	187664462	187664948	398148334	187450000	187700000	97	3560	485	1692	immediate
SUPER_1	345330149	345370434	IR	437	.	345349914	0.437	0.901	95	40286	345330149	345331191	345369392	345370456	398148334	345150000	345400000	0	3338	1042	38201	spaced
SUPER_1	62488073	62490346	IR	437	.	62489098	0.437	0.806	77	2392	62488073	62488432	62489987	62490431	398148334	62350000	62600000	77	2320	359	1555	immediate
SUPER_1	242230484	242238331	IR	437	.	242234244	0.437	0.532	35	9214	242230484	242234011	242234804	242238363	398148334	242050000	242300000	50	3073	3527	793	immediate
SUPER_1	140152906	140158790	IR	436	.	140156216	0.436	0.940	291	5831	140152906	140155207	140156532	140158790	398148334	140000000	140250000	0	2597	2258	1325	immediate
SUPER_1	86879381	86903761	IR	436	.	86891764	0.436	0.882	151	25190	86879381	86882057	86901124	86903761	398148334	86750000	87000000	196	2359	2637	19067	spaced
SUPER_1	294115870	294118053	IR	436	.	294116963	0.436	0.975	97	2396	294115870	294116434	294117489	294118053	398148334	294050000	294300000	97	1115	564	1055	immediate
SUPER_1	160653600	160655642	IR	436	.	160654621	0.436	0.991	53	36623	160653600	160653933	160655310	160655642	398148334	160600000	160850000	53	910	332	1377	immediate
SUPER_1	143922029	143924829	IR	436	.	143923358	0.436	0.978	51	3093	143922029	143922351	143924507	143924830	398148334	143800000	144050000	51	2057	322	2156	spaced
SUPER_1	1552680	1753978	IR	436	.	1653631	0.436	0.870	37	201279	1552680	1553500	1753162	1753978	398148334	1550000	1800000	0	1722	816	199662	wide
SUPER_1	281229986	281338154	IR	436	.	281284239	0.436	0.894	31	108185	281229986	281230571	281337578	281338154	398148334	281100000	281350000	31	3067	576	107007	wide
SUPER_1	77283651	77287731	IR	435	.	77285386	0.435	0.874	198	4062	77283651	77285328	77286105	77287731	398148334	77050000	77300000	0	3928	1626	777	immediate
SUPER_1	275143644	275146733	IR	435	.	275145405	0.435	0.802	95	3176	275143644	275144643	275145823	275146733	398148334	274950000	275200000	95	3253	910	1180	immediate
SUPER_1	233079778	233082674	IR	435	.	233081689	0.435	0.995	29	2878	233079778	233079991	233082461	233082674	398148334	233000000	233250000	0	1353	213	2470	spaced
SUPER_1	256148554	256152509	IR	434	.	256150597	0.434	0.987	198	4191	256148554	256149548	256151515	256152516	398148334	255950000	256200000	198	3342	994	1967	immediate
SUPER_1	58981717	58985581	IR	434	.	58983756	0.434	0.912	189	4126	58981717	58982783	58984589	58985581	398148334	58750000	59000000	199	3894	992	1806	immediate
SUPER_1	229869669	229871429	IR	434	.	229870559	0.434	0.833	63	29266	229869669	229870427	229870691	229871429	398148334	229650000	229900000	63	3675	738	264	immediate
SUPER_1	364724997	364746723	IR	434	.	364735939	0.434	0.925	37	22067	364724997	364725506	364746224	364746723	398148334	364700000	364950000	37	597	499	20718	spaced
SUPER_1	108559361	108563900	IR	434	.	108561366	0.434	0.962	26	4516	108559361	108559703	108563558	108563900	398148334	108350000	108600000	0	3527	342	3855	spaced
SUPER_1	297767442	297769846	IR	434	.	297769120	0.434	0.924	23	2384	297767442	297767784	297769511	297769846	398148334	297550000	297800000	0	3643	335	1727	immediate
SUPER_1	66647730	66649897	IR	434	.	66648975	0.434	0.954	22	2209	66647730	66647922	66649705	66649899	398148334	66600000	66850000	22	813	192	1783	immediate
SUPER_1	276132737	276137931	IR	433	.	276135333	0.433	0.900	199	5838	276132737	276134700	276135968	276137992	398148334	275900000	276150000	199	3922	1963	1268	immediate
SUPER_1	208606526	208612941	IR	433	.	208609817	0.433	0.918	198	6998	208606526	208608922	208610545	208613020	398148334	208600000	208850000	198	162	2396	1623	immediate
SUPER_1	802135	807688	IR	433	.	804570	0.433	0.948	161	5534	802135	804256	805578	807688	398148334	800000	1050000	0	81	2110	1322	immediate
SUPER_1	148134508	148140277	IR	433	.	148137212	0.433	0.943	131	6047	148134508	148135542	148139243	148140304	398148334	147900000	148150000	131	3956	1034	3701	spaced
SUPER_1	138588506	138591387	IR	433	.	138589947	0.433	0.887	88	3110	138588506	138589215	138590678	138591408	398148334	138550000	138800000	89	665	709	1463	immediate
SUPER_1	357070705	357101586	IR	433	.	357086573	0.433	0.705	73	30892	357070705	357072768	357099523	357101619	398148334	356900000	357150000	0	3102	2063	26755	spaced
SUPER_1	188603905	188650488	IR	433	.	188627194	0.433	0.411	64	46705	188603905	188626894	188627499	188650555	398148334	188450000	188700000	64	2953	22989	605	immediate
SUPER_1	125201250	125209990	IR	433	.	125205695	0.433	0.918	47	8828	125201250	125201475	125209765	125210010	398148334	125050000	125300000	47	2593	225	8290	spaced
SUPER_1	317288265	317291181	IR	433	.	317289293	0.433	0.898	43	2898	317288265	317289321	317290125	317291187	398148334	317050000	317300000	0	3995	1056	804	immediate
SUPER_1	166676371	166677105	IR	433	.	166676738	0.433	0.967	21	48224	166676371	166676521	166676955	166677105	398148334	166500000	166750000	21	2945	150	434	immediate
SUPER_1	325807672	325809993	IR	432	.	325808818	0.432	0.629	48	2462	325807672	325807776	325809931	325809993	398148334	325600000	325850000	685	3480	62	2155	spaced
SUPER_1	93111754	93113888	IR	432	.	93112821	0.432	0.919	29	2168	93111754	93112187	93113455	93113900	398148334	92900000	93150000	29	3546	433	1268	immediate
SUPER_1	138138482	138144516	IR	431	.	138141499	0.431	0.549	87	6270	138138482	138141352	138141646	138144612	398148334	138000000	138250000	87	2358	2870	294	immediate
SUPER_1	73463116	73466181	IR	431	.	73464624	0.431	0.852	72	3155	73463116	73463775	73465605	73466181	398148334	73300000	73550000	72	2744	576	1830	immediate
SUPER_1	252462220	252467015	IR	431	.	252464882	0.431	0.869	68	4720	252462220	252463579	252465656	252467053	398148334	252300000	252550000	0	2743	1359	2077	spaced
SUPER_1	52725069	52727613	IR	431	.	52726174	0.431	0.959	33	2558	52725069	52725340	52727342	52727613	398148334	52500000	52750000	33	3772	271	2002	spaced
SUPER_1	113302693	113326107	IR	431	.	113314725	0.431	0.838	25	23392	113302693	113303666	113325137	113326107	398148334	113300000	113550000	0	239	970	21471	spaced
SUPER_1	367898818	367902003	IR	431	.	367900831	0.431	0.695	23	3049	367898818	367899317	367901613	367902003	398148334	367850000	368100000	0	840	390	2296	spaced
SUPER_1	168592338	168612968	IR	430	.	168602301	0.430	0.987	234	20505	168592338	168595098	168610208	168612968	398148334	168400000	168650000	0	3377	2760	15110	spaced
SUPER_1	215822273	215825586	IR	430	.	215824056	0.430	0.959	105	3415	215822273	215822828	215825036	215825586	398148334	215650000	215900000	106	2898	550	2208	spaced
SUPER_1	315287329	315289386	IR	430	.	315288360	0.430	0.913	91	2135	315287329	315288293	315288426	315289386	398148334	315050000	315300000	91	3972	960	133	immediate
SUPER_1	210706494	210780350	IR	430	.	210743422	0.430	0.401	86	73993	210706494	210742622	210744222	210780424	398148334	210600000	210850000	87	2390	36128	1600	immediate
SUPER_1	187232832	187236718	IR	430	.	187235041	0.430	0.936	67	3868	187232832	187234040	187235515	187236718	398148334	187000000	187250000	0	3912	1203	1475	immediate
SUPER_1	225099557	225101040	IR	430	.	225100298	0.430	0.978	37	65365	225099557	225099872	225100725	225101041	398148334	225000000	225250000	37	1671	315	853	immediate
SUPER_1	127207287	127209303	IR	430	.	127208222	0.430	0.902	30	2411	127207287	127207619	127208971	127209304	398148334	127050000	127300000	30	2638	332	1352	immediate
SUPER_1	239420879	239423224	IR	429	.	239422053	0.429	0.985	144	2443	239420879	239421675	239422431	239423224	398148334	239250000	239500000	144	2867	793	756	immediate
SUPER_1	225812935	225815630	IR	429	.	225814287	0.429	0.918	93	2947	225812935	225813906	225814659	225815638	398148334	225650000	225900000	93	2737	971	753	immediate
SUPER_1	216245863	216247737	IR	429	.	216246800	0.429	0.866	72	2023	216245863	216246503	216247097	216247804	398148334	216000000	216250000	75	4113	640	594	immediate
SUPER_1	363236997	363264810	IR	429	.	363250542	0.429	0.984	71	27772	363236997	363237569	363264238	363264811	398148334	363050000	363300000	0	3348	572	26669	spaced
SUPER_1	135766440	135768378	IR	429	.	135767409	0.429	0.988	60	2003	135766440	135766758	135768060	135768378	398148334	135550000	135800000	60	3623	318	1302	immediate
SUPER_1	88321898	88324452	IR	429	.	88323175	0.429	0.978	58	2587	88321898	88322300	88324050	88324453	398148334	88100000	88350000	58	3719	402	1750	immediate
SUPER_1	205334762	205338526	IR	429	.	205336380	0.429	0.771	42	3741	205334762	205336170	205337131	205338526	398148334	205150000	205400000	0	3110	1395	961	immediate
SUPER_1	385979963	385982045	IR	429	.	385980685	0.429	0.961	27	2062	385979963	385980294	385981715	385982045	398148334	385750000	386000000	0	3849	330	1421	immediate
SUPER_1	107421130	107428382	IR	428	.	107425020	0.428	0.981	383	7208	107421130	107423976	107425537	107428382	398148334	107200000	107450000	0	3745	2845	1561	immediate
SUPER_1	261581298	261586870	IR	428	.	261583825	0.428	0.965	210	5553	261581298	261583410	261584758	261586870	398148334	261350000	261600000	0	3901	2112	1348	immediate
SUPER_1	143100874	143104251	IR	428	.	143102562	0.428	0.942	99	3442	143100874	143101835	143103290	143104257	398148334	142950000	143200000	99	2542	961	1455	immediate
SUPER_1	254153027	254157590	IR	428	.	254154822	0.428	0.955	85	4473	254153027	254154124	254156493	254157590	398148334	253950000	254200000	0	3421	1097	2369	spaced
SUPER_1	363305550	363307898	IR	428	.	363306724	0.428	0.727	45	2416	363305550	363306248	363307200	363307949	398148334	363100000	363350000	45	3445	698	952	immediate
SUPER_1	76964800	77192754	IR	427	.	77078695	0.427	0.929	63	228014	76964800	76965610	77191944	77192757	398148334	76950000	77200000	63	2146	810	226334	wide
SUPER_1	279867051	279872000	IR	427	.	279869148	0.427	0.743	46	4926	279867051	279867727	279871396	279872000	398148334	279700000	279950000	0	2825	604	3669	spaced
SUPER_1	100304996	100307680	IR	427	.	100306501	0.427	0.936	44	2729	100304996	100305348	100307328	100307690	398148334	100150000	100400000	44	2605	352	1980	immediate
SUPER_1	260255286	260257343	IR	427	.	260256392	0.427	0.991	42	2083	260255286	260255518	260257111	260257343	398148334	260250000	260500000	42	105	232	1593	immediate
SUPER_1	256700677	256702752	IR	427	.	256701708	0.427	0.786	36	2198	256700677	256700970	256702459	256702786	398148334	256500000	256750000	36	3361	293	1489	immediate
SUPER_1	187372632	187374455	IR	426	.	187373550	0.426	0.966	121	2036	187372632	187373417	187373683	187374455	398148334	187150000	187400000	121	3725	772	266	immediate
SUPER_1	73999286	74002092	IR	426	.	74000756	0.426	0.914	94	2887	73999286	73999863	74001554	74002092	398148334	73850000	74100000	94	2511	538	1691	immediate
SUPER_1	31680997	31683096	IR	426	.	31682050	0.426	0.950	61	2330	31680997	31681502	31682591	31683112	398148334	31450000	31700000	61	3867	505	1089	immediate
SUPER_1	366933369	367030705	IR	426	.	366981803	0.426	0.978	28	97426	366933369	366933592	367030482	367030705	398148334	366800000	367050000	28	3033	223	96890	spaced
SUPER_1	232508210	232512997	IR	425	.	232510603	0.425	0.948	196	5175	232508210	232510302	232510910	232512997	398148334	232300000	232550000	196	3509	2087	608	immediate
SUPER_1	227215528	227217749	IR	425	.	227216642	0.425	0.980	132	2371	227215528	227216275	227217009	227217749	398148334	227000000	227250000	132	3610	740	734	immediate
SUPER_1	73444075	73446957	IR	425	.	73445516	0.425	0.978	119	3084	73444075	73444840	73446192	73446958	398148334	73200000	73450000	119	4091	765	1352	immediate
SUPER_1	378254106	378264468	IR	425	.	378259298	0.425	0.998	88	10438	378254106	378254529	378264045	378264468	398148334	378250000	378500000	88	154	423	9516	spaced
SUPER_1	187767455	187988081	IR	425	.	187877531	0.425	0.872	41	220566	187767455	187767523	187988013	187988091	398148334	187750000	188000000	345	2129	68	220490	wide
SUPER_1	56944278	56946669	IR	425	.	56945473	0.425	0.826	38	2578	56944278	56944911	56946108	56946669	398148334	56850000	57100000	43	1591	561	1197	immediate
SUPER_1	83892937	83893665	IR	425	.	83893301	0.425	0.923	33	6466	83892937	83893276	83893337	83893665	398148334	83650000	83900000	33	4054	328	61	immediate
SUPER_1	343903344	343905337	IR	425	.	343904359	0.425	0.831	32	2014	343903344	343903609	343905109	343905337	398148334	343850000	344100000	32	905	228	1500	immediate
SUPER_1	275732274	275744803	IR	424	.	275738301	0.424	0.996	762	33570	275732274	275736164	275740913	275744804	398148334	275600000	275850000	762	2308	3890	4749	spaced
SUPER_1	298967094	299107458	IR	424	.	299036943	0.424	0.958	390	140053	298967094	298974970	299099596	299107458	398148334	298900000	299150000	0	2287	7862	124626	wide
SUPER_1	142223405	142226168	IR	424	.	142224840	0.424	0.987	122	2967	142223405	142224147	142225426	142226169	398148334	142050000	142300000	124	2912	742	1279	immediate
SUPER_1	224329518	224333353	IR	424	.	224331345	0.424	0.949	112	3954	224329518	224330770	224332101	224333363	398148334	224100000	224350000	112	3857	1252	1331	immediate
SUPER_1	266240397	266242257	IR	424	.	266241363	0.424	0.876	107	2044	266240397	266240928	266241726	266242329	398148334	266100000	266350000	107	2355	531	798	immediate
SUPER_1	288866280	289056032	IR	424	.	288961184	0.424	0.453	107	191696	288866280	288960813	288961555	289056032	398148334	288850000	289100000	107	1852	94477	742	immediate
SUPER_1	228028116	228172026	IR	424	.	228100230	0.424	0.397	50	143974	228028116	228099707	228100455	228172026	398148334	228000000	228250000	50	1667	71571	748	immediate
SUPER_1	96946684	96948790	IR	424	.	96947737	0.424	1.000	47	2146	96946684	96946899	96948575	96948790	398148334	96700000	96950000	47	4128	215	1676	immediate
SUPER_1	151237884	151239896	IR	424	.	151238890	0.424	0.815	41	2030	151237884	151238338	151239513	151239896	398148334	151150000	151400000	41	1481	383	1175	immediate
SUPER_1	67087751	67088691	IR	424	.	67088221	0.424	0.972	20	19661	67087751	67087932	67088510	67088691	398148334	67000000	67250000	20	1470	181	578	immediate
SUPER_1	360417208	360419585	IR	424	.	360418886	0.424	0.973	20	2348	360417208	360417432	360419361	360419585	398148334	360350000	360600000	0	1139	224	1929	immediate
SUPER_1	15767734	15770871	IR	423	.	15769303	0.423	0.995	148	61975	15767734	15768512	15770093	15770872	398148334	15600000	15850000	148	2821	778	1581	immediate
SUPER_1	2923395	2925441	IR	423	.	2924418	0.423	0.937	63	2129	2923395	2924138	2924701	2925441	398148334	2700000	2950000	63	3740	740	563	immediate
SUPER_1	66411712	66414068	IR	423	.	66412977	0.423	0.964	39	2361	66411712	66412021	66413759	66414068	398148334	66200000	66450000	39	3548	309	1738	immediate
SUPER_1	111751998	111994930	IR	423	.	111873933	0.423	0.938	39	242905	111751998	111752544	111994385	111994930	398148334	111750000	112000000	0	2057	545	241841	wide
SUPER_1	193822219	193822949	IR	423	.	193822584	0.423	0.991	39	8580	193822219	193822430	193822738	193822950	398148334	193800000	194050000	39	376	211	308	immediate
SUPER_1	188397238	188399203	IR	423	.	188398220	0.423	0.876	36	2026	188397238	188397640	188398801	188399233	398148334	188300000	188550000	36	1636	402	1161	immediate
SUPER_1	90578301	90583956	IR	423	.	90581568	0.423	0.864	33	5670	90578301	90581082	90581175	90583989	398148334	90350000	90600000	0	3852	2781	93	immediate
SUPER_1	143090400	143092481	IR	423	.	143091163	0.423	0.968	20	2061	143090400	143090585	143092296	143092481	398148334	142850000	143100000	0	4023	185	1711	immediate
SUPER_1	367846278	367858247	IR	422	.	367852285	0.422	0.974	929	13201	367846278	367850875	367853695	367858247	398148334	367750000	368000000	957	1704	4552	2820	spaced
SUPER_1	283433387	283450691	IR	422	.	283441788	0.422	0.924	636	16659	283433387	283439184	283444948	283450691	398148334	283250000	283500000	0	3200	5743	5764	spaced
SUPER_1	307000433	307004288	IR	422	.	307002280	0.422	0.953	125	3963	307000433	307001320	307003401	307004302	398148334	306800000	307050000	126	3372	887	2081	spaced
SUPER_1	203179726	203181755	IR	422	.	203180751	0.422	0.937	96	2202	203179726	203180461	203181020	203181772	398148334	202950000	203200000	99	3845	735	559	immediate
SUPER_1	263159059	263161979	IR	422	.	263160519	0.422	0.959	79	3143	263159059	263159586	263161452	263161987	398148334	262950000	263200000	79	3508	527	1866	immediate
SUPER_1	355164459	355178351	IR	422	.	355171669	0.422	0.536	74	11900	355164459	355170398	355172413	355178351	398148334	354950000	355200000	0	3689	5938	2015	spaced
SUPER_1	267127230	267129527	IR	422	.	267128379	0.422	0.943	33	2319	267127230	267127795	267128962	267129528	398148334	267100000	267350000	33	472	565	1167	immediate
SUPER_1	97541014	97635544	IR	422	.	97588648	0.422	0.985	26	94511	97541014	97541212	97635347	97635544	398148334	97400000	97650000	0	3137	197	94135	spaced
SUPER_1	282051054	282053122	IR	421	.	282052100	0.421	0.923	105	2303	282051054	282051871	282052326	282053122	398148334	281950000	282200000	105	1701	796	455	immediate
SUPER_1	349136457	349139343	IR	421	.	349138039	0.421	0.860	64	3157	349136457	349136907	349138893	349139404	398148334	349000000	349250000	64	2298	450	1986	immediate
SUPER_1	295605103	295607198	IR	421	.	295606151	0.421	0.961	47	2161	295605103	295605488	295606814	295607198	398148334	295400000	295650000	47	3435	384	1326	immediate
SUPER_1	138033336	138034460	IR	421	.	138033810	0.421	0.452	45	2081	138033336	138033388	138034408	138034513	398148334	137800000	138050000	693	3898	52	1020	immediate
SUPER_1	256724636	256735574	IR	421	.	256730242	0.421	0.960	43	10978	256724636	256724860	256735358	256735574	398148334	256550000	256800000	43	3001	216	10498	spaced
SUPER_1	235145696	235150922	IR	421	.	235148819	0.421	0.846	30	5238	235145696	235145959	235150659	235150964	398148334	234950000	235200000	0	3305	263	4700	spaced
SUPER_1	94695969	94698000	IR	421	.	94696986	0.421	0.944	29	2043	94695969	94696303	94697666	94698002	398148334	94550000	94800000	29	2449	334	1363	immediate
SUPER_1	117683018	117685176	IR	421	.	117684172	0.421	0.918	22	2158	117683018	117683406	117684791	117685176	398148334	117450000	117700000	22	3901	385	1385	immediate
SUPER_1	296652653	296654753	IR	420	.	296653703	0.420	0.975	116	2269	296652653	296653327	296654079	296654764	398148334	296500000	296750000	116	2561	674	752	immediate
SUPER_1	39018054	39022309	IR	420	.	39020054	0.420	0.982	108	4582	39018054	39018658	39021707	39022309	398148334	38900000	39150000	110	2002	602	3049	spaced
SUPER_1	353605149	353815314	IR	420	.	353710013	0.420	0.901	56	210413	353605149	353605797	353814666	353815347	398148334	353600000	353850000	56	1837	648	208869	wide
SUPER_1	144587368	144693851	IR	420	.	144640647	0.420	0.401	51	106461	144587368	144640502	144640792	144693851	398148334	144500000	144750000	54	2343	53059	290	immediate
SUPER_1	337584473	337586592	IR	420	.	337585534	0.420	0.953	47	2371	337584473	337584916	337586149	337586595	398148334	337350000	337600000	47	3925	443	1233	immediate
SUPER_1	101807023	101877554	IR	420	.	101842635	0.420	0.388	41	36387	101807023	101841528	101843049	101877658	398148334	101750000	102000000	0	1538	34505	1521	immediate
SUPER_1	348433704	348436212	IR	420	.	348434960	0.420	0.833	40	2525	348433704	348434651	348435340	348436212	398148334	348300000	348550000	40	2249	872	689	immediate
SUPER_1	134894478	134910954	IR	420	.	134902720	0.420	0.420	32	16464	134894478	134902649	134902787	134910954	398148334	134700000	134950000	34	3378	8167	138	immediate
SUPER_1	244624198	244812576	IR	420	.	244718140	0.420	0.955	32	188368	244624198	244624421	244812353	244812576	398148334	244600000	244850000	32	1972	223	187932	wide
SUPER_1	64081732	64085083	IR	420	.	64083061	0.420	0.685	25	3063	64081732	64082021	64084794	64085164	398148334	63950000	64200000	0	2223	289	2773	spaced
SUPER_1	58517510	58519526	IR	420	.	58518518	0.420	0.994	23	2012	58517510	58517664	58519372	58519526	398148334	58300000	58550000	23	3641	154	1708	immediate
SUPER_1	310658802	310662081	IR	419	.	310659980	0.419	0.993	116	3262	310658802	310659526	310661357	310662081	398148334	310450000	310700000	0	3507	724	1831	immediate
SUPER_1	65516573	65519237	IR	419	.	65517905	0.419	0.987	94	2944	65516573	65517122	65518688	65519237	398148334	65300000	65550000	94	3631	549	1566	immediate
SUPER_1	166752241	166754261	IR	419	.	166753255	0.419	0.941	52	2106	166752241	166752628	166753874	166754280	398148334	166550000	166800000	52	3387	387	1246	immediate
SUPER_1	183043063	183045349	IR	419	.	183044210	0.419	0.949	39	2314	183043063	183043448	183044964	183045359	398148334	182850000	183100000	39	3236	385	1516	immediate
SUPER_1	149744907	149884242	IR	419	.	149815063	0.419	0.650	35	139285	149744907	149744987	149884190	149884242	398148334	149700000	149950000	0	1909	52	139203	wide
SUPER_1	355477994	355572788	IR	419	.	355525420	0.419	0.399	33	94806	355477994	355525351	355525489	355572788	398148334	355450000	355700000	33	1256	47299	138	immediate
SUPER_1	318063728	318067312	IR	418	.	318065937	0.418	0.997	151	3556	318063728	318064595	318066445	318067312	398148334	317850000	318100000	0	3591	867	1850	immediate
SUPER_1	319885348	319983631	IR	418	.	319934864	0.418	0.779	112	98330	319885348	319920280	319948699	319983711	398148334	319850000	320100000	0	1408	34932	28419	spaced
SUPER_1	87838881	87854308	IR	418	.	87846163	0.418	0.979	86	15403	87838881	87839955	87853235	87854308	398148334	87750000	88000000	0	1609	1073	13280	spaced
SUPER_1	195043914	195046408	IR	418	.	195045161	0.418	0.997	79	2560	195043914	195044292	195046030	195046408	398148334	195000000	195250000	79	752	378	1738	immediate
SUPER_1	35415304	35417600	IR	418	.	35416712	0.418	0.951	55	2278	35415304	35415947	35416958	35417600	398148334	35200000	35450000	0	3607	642	1011	immediate
SUPER_1	344531977	344536463	IR	418	.	344534435	0.418	0.713	39	4629	344531977	344532382	344536058	344536521	398148334	344350000	344600000	39	3070	405	3676	spaced
SUPER_1	150206282	150208518	IR	418	.	150207400	0.418	0.948	34	2296	150206282	150206610	150208195	150208518	398148334	150100000	150350000	34	1789	323	1585	immediate
SUPER_1	332826791	332851609	IR	418	.	332838920	0.418	0.912	31	24760	332826791	332826853	332851547	332851615	398148334	332650000	332900000	0	3153	62	24694	spaced
SUPER_1	246920441	246923139	IR	417	.	246921790	0.417	0.965	224	3112	246920441	246921533	246922047	246923150	398148334	246700000	246950000	224	3696	1092	514	immediate
SUPER_1	260648041	260653407	IR	417	.	260650878	0.417	0.940	178	5754	260648041	260649284	260652221	260653407	398148334	260450000	260700000	178	3345	1186	2937	spaced
SUPER_1	159649885	159653371	IR	417	.	159651625	0.417	0.947	168	3619	159649885	159651277	159651994	159653371	398148334	159450000	159700000	168	3360	1377	717	immediate
SUPER_1	230921097	230925370	IR	417	.	230923411	0.417	0.961	132	4475	230921097	230922373	230924097	230925370	398148334	230700000	230950000	132	3720	1273	1724	immediate
SUPER_1	377460984	377464276	IR	417	.	377462196	0.417	0.992	58	3275	377460984	377461382	377463878	377464277	398148334	377250000	377500000	0	3543	398	2496	spaced
SUPER_1	234577158	234579140	IR	417	.	234578149	0.417	0.985	45	2009	234577158	234577432	234578867	234579140	398148334	234400000	234650000	45	2969	273	1435	immediate
SUPER_1	181186881	181188894	IR	417	.	181187887	0.417	0.973	37	2049	181186881	181187178	181188598	181188894	398148334	181000000	181250000	37	3131	296	1420	immediate
SUPER_1	80758701	80783991	IR	417	.	80770962	0.417	0.404	25	13361	80758701	80771335	80771433	80783991	398148334	80650000	80900000	0	2022	12558	98	immediate
SUPER_1	140649037	140666315	IR	416	.	140657822	0.416	0.970	244	17939	140649037	140650680	140664688	140666315	398148334	140450000	140700000	244	3461	1627	14008	spaced
SUPER_1	376901427	376903448	IR	416	.	376902443	0.416	0.883	67	2338	376901427	376902005	376902881	376903448	398148334	376700000	376950000	67	3373	567	876	immediate
SUPER_1	332494373	332496219	IR	416	.	332495296	0.416	0.965	32	2005	332494373	332494602	332495994	332496219	398148334	332250000	332500000	32	4088	225	1392	immediate
SUPER_1	276904280	277073454	IR	416	.	276988420	0.416	0.947	30	169120	276904280	276904637	277073100	277073454	398148334	276850000	277100000	0	2314	354	168463	wide
SUPER_1	92622961	92625345	IR	416	.	92623928	0.416	0.785	20	2357	92622961	92623110	92625196	92625374	398148334	92450000	92700000	36	2902	149	2086	spaced
SUPER_1	178123206	178125992	IR	415	.	178124627	0.415	0.931	96	2865	178123206	178123915	178125313	178125992	398148334	177900000	178150000	96	3743	679	1398	immediate
SUPER_1	95100275	95103487	IR	415	.	95101787	0.415	0.877	63	3605	95100275	95101649	95102113	95103535	398148334	95100000	95350000	63	31	1374	464	immediate
SUPER_1	44561293	44706870	IR	415	.	44633729	0.415	0.931	47	145542	44561293	44562154	44706016	44706870	398148334	44500000	44750000	0	2234	854	143862	wide
SUPER_1	110150582	110153802	IR	415	.	110151773	0.415	0.603	30	3279	110150582	110151650	110152734	110153914	398148334	110050000	110300000	0	1703	1068	1084	immediate
SUPER_1	367165973	367306396	IR	415	.	367236499	0.415	0.767	22	140465	367165973	367166188	367306181	367306456	398148334	367150000	367400000	0	1436	215	139993	wide
SUPER_1	277134673	277140005	IR	414	.	277137339	0.414	0.999	370	5743	277134673	277136316	277138362	277140005	398148334	276900000	277150000	370	3955	1643	2046	spaced
SUPER_1	309312836	309490182	IR	414	.	309401084	0.414	0.991	224	177328	309312836	309314119	309488899	309490183	398148334	309250000	309500000	0	2525	1283	174780	wide
SUPER_1	194430977	194435382	IR	414	.	194433287	0.414	0.976	181	4666	194430977	194432081	194434278	194435384	398148334	194200000	194450000	181	3886	1104	2197	spaced
SUPER_1	170721251	170724510	IR	414	.	170722780	0.414	0.799	56	3554	170721251	170722129	170723632	170724577	398148334	170500000	170750000	56	3714	878	1503	immediate
SUPER_1	322535576	322552034	IR	414	.	322543422	0.414	0.967	42	16432	322535576	322535993	322551617	322552037	398148334	322400000	322650000	0	2396	417	15624	spaced
SUPER_1	374938887	374981176	IR	414	.	374959992	0.414	0.928	25	42282	374938887	374939288	374980775	374981179	398148334	374750000	375000000	25	3500	401	41487	spaced
SUPER_1	201798323	201800844	IR	413	.	201799583	0.413	0.982	107	2697	201798323	201798921	201800246	201800844	398148334	201600000	201850000	107	3326	598	1325	immediate
SUPER_1	112635724	112637762	IR	413	.	112636743	0.413	0.980	68	2122	112635724	112636222	112637264	112637763	398148334	112600000	112850000	68	612	498	1042	immediate
SUPER_1	178488091	178490433	IR	413	.	178489262	0.413	0.983	54	2372	178488091	178488451	178490073	178490433	398148334	178250000	178500000	54	3987	360	1622	immediate
SUPER_1	367930243	368051923	IR	413	.	367991391	0.413	1.000	28	121660	367930243	367930402	368051764	368051923	398148334	367850000	368100000	0	2351	159	121362	wide
SUPER_1	159996471	160001686	IR	413	.	159999211	0.413	0.956	25	5247	159996471	159996742	160001415	160001686	398148334	159800000	160050000	25	3317	271	4673	spaced
SUPER_1	68720751	68728926	IR	412	.	68725291	0.412	0.993	472	8157	68720751	68723690	68725987	68728926	398148334	68500000	68750000	0	3747	2939	2297	spaced
SUPER_1	262818876	262822595	IR	412	.	262820520	0.412	0.993	213	4049	262818876	262819927	262821544	262822598	398148334	262600000	262850000	213	3678	1051	1617	immediate
SUPER_1	155878699	155898942	IR	412	.	155888530	0.412	0.960	55	20048	155878699	155879666	155897975	155898943	398148334	155650000	155900000	0	3980	967	18309	spaced
SUPER_1	107118035	107133510	IR	412	.	107125851	0.412	0.903	47	15574	107118035	107118769	107132780	107133510	398148334	106900000	107150000	47	3762	730	14011	spaced
SUPER_1	210239666	210242864	IR	412	.	210241701	0.412	0.961	45	3167	210239666	210240173	210242358	210242864	398148334	210000000	210250000	0	4020	506	2185	spaced
SUPER_1	127216572	127218509	IR	412	.	127217542	0.412	0.947	42	2015	127216572	127216945	127218136	127218515	398148334	127000000	127250000	42	3625	373	1191	immediate
SUPER_1	26591044	26771859	IR	412	.	26681519	0.412	0.921	25	180822	26591044	26591259	26771644	26771871	398148334	26550000	26800000	25	2190	215	180385	wide
SUPER_1	363527033	363530017	IR	412	.	363528208	0.412	0.994	22	2966	363527033	363527188	363529862	363530017	398148334	363300000	363550000	0	3808	155	2674	spaced
SUPER_1	115075448	115085555	IR	411	.	115080062	0.411	0.960	272	10078	115075448	115078805	115082198	115085555	398148334	114850000	115100000	0	3841	3357	3393	spaced
SUPER_1	251194113	251239566	IR	411	.	251217334	0.411	0.987	171	45437	251194113	251195262	251238417	251239571	398148334	251150000	251400000	0	1113	1149	43155	spaced
SUPER_1	151889130	151891305	IR	411	.	151890216	0.411	0.932	82	2222	151889130	151889895	151890540	151891309	398148334	151650000	151900000	82	4003	765	645	immediate
SUPER_1	251823934	251826120	IR	411	.	251825027	0.411	0.989	53	2220	251823934	251824209	251825845	251826120	398148334	251600000	251850000	53	3750	275	1636	immediate
SUPER_1	226963014	226965151	IR	411	.	226964083	0.411	0.979	37	2166	226963014	226963251	226964914	226965152	398148334	226750000	227000000	37	3567	237	1663	immediate
SUPER_1	122423107	122425014	IR	411	.	122424062	0.411	0.912	30	2242	122423107	122423356	122424768	122425014	398148334	122250000	122500000	30	2900	246	1412	immediate
SUPER_1	340356661	340361197	IR	411	.	340358929	0.411	0.435	30	4650	340356661	340358542	340359316	340361299	398148334	340150000	340400000	30	3482	1881	774	immediate
SUPER_1	298714655	298716733	IR	411	.	298715694	0.411	0.989	28	2172	298714655	298714840	298716548	298716733	398148334	298500000	298750000	28	3594	185	1708	immediate
SUPER_1	367353023	367373866	IR	411	.	367363291	0.411	0.939	23	20842	367353023	367353162	367373727	367373874	398148334	367150000	367400000	23	3557	139	20565	spaced
SUPER_1	205846676	205850744	IR	410	.	205848603	0.410	0.985	131	4278	205846676	205847467	205849955	205850744	398148334	205700000	205950000	131	2478	789	2488	spaced
SUPER_1	157113483	157136158	IR	410	.	157124354	0.410	0.546	105	22668	157113483	157118581	157131060	157136180	398148334	157000000	157250000	0	2080	5098	12479	spaced
SUPER_1	324000200	324192999	IR	410	.	324096999	0.410	0.944	62	192771	324000200	324000979	324192220	324193004	398148334	323950000	324200000	0	2443	779	191241	wide
SUPER_1	38089363	38090237	IR	410	.	38089800	0.410	0.962	33	39577	38089363	38089628	38089973	38090237	398148334	37950000	38200000	33	2329	264	345	immediate
SUPER_1	264397388	264399412	IR	410	.	264398608	0.410	0.817	23	2039	264397388	264397652	264399148	264399433	398148334	264200000	264450000	23	3306	264	1496	immediate
SUPER_1	65012313	65024078	IR	409	.	65018195	0.409	1.000	1199	13063	65012313	65017500	65018891	65024078	398148334	64800000	65050000	1199	3636	5187	1391	immediate
SUPER_1	143251824	143256681	IR	409	.	143254173	0.409	0.989	261	5124	143251824	143253241	143255266	143256681	398148334	143050000	143300000	261	3404	1415	2025	spaced
SUPER_1	181035622	181038972	IR	409	.	181037030	0.409	0.967	178	3327	181035622	181036992	181037603	181038972	398148334	180800000	181050000	0	3954	1369	611	immediate
SUPER_1	112561535	112564926	IR	409	.	112563410	0.409	0.974	94	3464	112561535	112562267	112564197	112564926	398148334	112350000	112600000	94	3553	729	1930	immediate
SUPER_1	292267322	292272975	IR	409	.	292270159	0.409	0.968	94	5808	292267322	292267955	292272342	292272975	398148334	292250000	292500000	94	335	633	4387	spaced
SUPER_1	285244815	285247634	IR	409	.	285245971	0.409	1.000	70	2794	285244815	285245248	285247201	285247634	398148334	285000000	285250000	0	4103	433	1953	immediate
SUPER_1	249930608	249933638	IR	409	.	249932123	0.409	0.948	64	3071	249930608	249931434	249932812	249933643	398148334	249900000	250150000	64	535	826	1378	immediate
SUPER_1	256749009	256751437	IR	409	.	256750259	0.409	0.704	35	128183	256749009	256750188	256750329	256751437	398148334	256650000	256900000	37	1670	1108	141	immediate
SUPER_1	58091853	58092246	IR	409	.	58092048	0.409	1.000	30	75063	58091853	58091971	58092128	58092246	398148334	58000000	58250000	30	1534	118	157	immediate
SUPER_1	86202047	86205250	IR	409	.	86203926	0.409	0.971	30	3167	86202047	86202389	86204908	86205250	398148334	86200000	86450000	0	60	342	2519	spaced
SUPER_1	281890711	281892831	IR	409	.	281891667	0.409	0.914	20	2117	281890711	281890872	281892670	281892831	398148334	281650000	281900000	34	4029	161	1798	immediate
SUPER_1	173556781	173563809	IR	408	.	173559942	0.408	0.956	157	7009	173556781	173558067	173562523	173563809	398148334	173350000	173600000	0	3504	1286	4456	spaced
SUPER_1	52455322	52457816	IR	408	.	52456678	0.408	0.981	101	2644	52455322	52455959	52457180	52457816	398148334	52250000	52500000	101	3442	636	1221	immediate
SUPER_1	286263554	286267164	IR	408	.	286265107	0.408	0.972	82	3587	286263554	286264163	286266565	286267164	398148334	286050000	286300000	0	3589	599	2402	spaced
SUPER_1	257487760	257489995	IR	408	.	257488879	0.408	0.973	67	2298	257487760	257488175	257489584	257489995	398148334	257250000	257500000	67	3981	411	1409	immediate
SUPER_1	350103009	350105027	IR	408	.	350104024	0.408	0.957	64	2061	350103009	350103299	350104737	350105039	398148334	349900000	350150000	64	3400	290	1438	immediate
SUPER_1	392571888	392618576	IR	408	.	392595586	0.408	0.427	61	46670	392571888	392583250	392607302	392618576	398148334	392500000	392750000	0	1587	11274	24052	spaced
SUPER_1	366298324	366301072	IR	408	.	366299281	0.408	0.959	39	2724	366298324	366298759	366300639	366301072	398148334	366100000	366350000	0	3328	433	1880	immediate
SUPER_1	213555148	213557785	IR	408	.	213556410	0.408	0.940	36	2891	213555148	213555478	213557455	213557786	398148334	213450000	213700000	36	1774	330	1977	immediate
SUPER_1	362538016	362543497	IR	408	.	362540934	0.408	0.714	35	5877	362538016	362540573	362540940	362543529	398148334	362300000	362550000	35	4012	2557	367	immediate
SUPER_1	265189328	265191422	IR	408	.	265190536	0.408	0.578	21	2131	265189328	265189928	265190822	265191466	398148334	264950000	265200000	32	4006	600	894	immediate
SUPER_1	207519801	207531442	IR	407	.	207525619	0.407	0.997	1186	12955	207519801	207524922	207526325	207531442	398148334	207300000	207550000	1186	3760	5117	1403	immediate
SUPER_1	200287014	200289688	IR	407	.	200288354	0.407	0.958	128	2865	200287014	200287795	200288908	200289688	398148334	200150000	200400000	128	2305	780	1113	immediate
SUPER_1	181339002	181341845	IR	407	.	181340513	0.407	0.549	50	2928	181339002	181340357	181340490	181341934	398148334	181200000	181450000	50	2340	1355	133	immediate
SUPER_1	46048357	46053296	IR	407	.	46050830	0.407	0.817	37	5100	46048357	46049887	46051773	46053296	398148334	45900000	46150000	37	2513	1523	1886	immediate
SUPER_1	142747570	142749002	IR	407	.	142748330	0.407	0.985	25	40462	142747570	142747701	142748871	142749002	398148334	142550000	142800000	25	3304	131	1170	immediate
SUPER_1	192155772	192157885	IR	406	.	192156829	0.406	0.996	165	2364	192155772	192156532	192157125	192157887	398148334	191950000	192200000	165	3447	760	593	immediate
SUPER_1	241714661	241719123	IR	406	.	241716555	0.406	0.990	54	4444	241714661	241715076	241718708	241719123	398148334	241500000	241750000	0	3614	415	3632	spaced
SUPER_1	252702369	252705064	IR	406	.	252703983	0.406	0.919	51	2580	252702369	252703434	252703999	252705067	398148334	252500000	252750000	0	3395	1065	565	immediate
SUPER_1	332744892	332751001	IR	406	.	332748143	0.406	0.975	42	6121	332744892	332745131	332750762	332751001	398148334	332550000	332800000	42	3298	239	5631	spaced
SUPER_1	213256173	213362121	IR	406	.	213309147	0.406	0.399	34	106098	213256173	213308570	213309724	213362202	398148334	213150000	213400000	34	2652	52397	1154	immediate
SUPER_1	140414094	140425297	IR	406	.	140419538	0.406	0.928	31	11224	140414094	140414344	140425051	140425297	398148334	140250000	140500000	31	2828	246	10707	spaced
SUPER_1	64481186	64526380	IR	406	.	64503598	0.406	0.956	25	45190	64481186	64481436	64526132	64526380	398148334	64300000	64550000	25	3396	248	44696	spaced
SUPER_1	100897195	100898199	IR	406	.	100897660	0.406	0.643	21	181679	100897195	100897359	100898035	100898278	398148334	100800000	101050000	44	1628	164	676	immediate
SUPER_1	226749328	226927318	IR	406	.	226838599	0.406	0.395	20	89298	226749328	226838242	226838404	226927323	398148334	226700000	226950000	0	2305	88914	162	immediate
SUPER_1	397840368	397991951	IR	405	.	397915936	0.405	0.903	2607	154463	397840368	397866614	397965705	397991955	398148334	397800000	398050000	2607	1935	26246	99091	spaced
SUPER_1	208991858	208994781	IR	405	.	208993316	0.405	0.977	176	3188	208991858	208992706	208993934	208994781	398148334	208750000	209000000	176	4055	847	1228	immediate
SUPER_1	208094049	208100300	IR	405	.	208096846	0.405	0.989	154	6221	208094049	208095047	208099302	208100300	398148334	207900000	208150000	0	3286	998	4255	spaced
SUPER_1	325510517	325514159	IR	405	.	325512675	0.405	0.921	103	3619	325510517	325511906	325512783	325514159	398148334	325450000	325700000	0	1038	1376	877	immediate
SUPER_1	94501949	94641926	IR	405	.	94572079	0.405	0.896	25	140050	94501949	94502150	94641734	94641926	398148334	94400000	94650000	25	2865	192	139584	wide
SUPER_1	200098875	200110995	IR	404	.	200104819	0.404	0.955	556	12762	200098875	200101440	200108531	200110995	398148334	199950000	200200000	556	2582	2464	7091	spaced
SUPER_1	221690526	221693449	IR	404	.	221692027	0.404	0.957	83	3282	221690526	221691179	221692806	221693449	398148334	221550000	221800000	83	2366	643	1627	immediate
SUPER_1	328348363	328351600	IR	404	.	328349982	0.404	0.924	75	3676	328348363	328349436	328350528	328351600	398148334	328250000	328500000	75	1666	1072	1092	immediate
SUPER_1	167922530	167931298	IR	404	.	167926934	0.404	0.951	68	8990	167922530	167923378	167930450	167931300	398148334	167700000	167950000	68	3781	848	7072	spaced
SUPER_1	257501008	257554828	IR	404	.	257527957	0.404	0.398	38	54008	257501008	257527873	257528041	257554828	398148334	257350000	257600000	38	2965	26787	168	immediate
SUPER_1	159640562	159643075	IR	404	.	159642230	0.404	0.832	36	2480	159640562	159640987	159642650	159643132	398148334	159400000	159650000	0	4030	425	1663	immediate
SUPER_1	323438311	323438637	IR	404	.	323438474	0.404	1.000	30	51077	323438311	323438445	323438503	323438637	398148334	323300000	323550000	30	2307	134	58	immediate
SUPER_1	215653747	215657623	IR	403	.	215655656	0.403	0.955	100	4015	215653747	215654665	215656715	215657623	398148334	215650000	215900000	100	94	908	2050	spaced
SUPER_1	310233060	310362477	IR	403	.	310298226	0.403	0.977	71	129388	310233060	310233796	310361742	310362477	398148334	310200000	310450000	0	1629	735	127946	wide
SUPER_1	212930220	212936498	IR	403	.	212932867	0.403	0.980	28	6262	212930220	212930468	212936250	212936499	398148334	212750000	213000000	0	3055	248	5782	spaced
SUPER_1	345166648	345180119	IR	403	.	345173836	0.403	0.907	28	13440	345166648	345166952	345179815	345180137	398148334	345150000	345400000	0	389	304	12863	spaced
SUPER_1	114005246	114012056	IR	403	.	114008378	0.403	1.000	27	6779	114005246	114005404	114011898	114012056	398148334	113800000	114050000	0	3477	158	6494	spaced
SUPER_1	346354072	346355114	IR	403	.	346354679	0.403	0.993	25	62969	346354072	346354216	346354970	346355114	398148334	346150000	346400000	25	3409	144	754	immediate
SUPER_1	229031459	229033888	IR	403	.	229032983	0.403	0.628	23	2411	229031459	229032184	229033245	229033888	398148334	228900000	229150000	0	2211	643	1061	immediate
SUPER_1	221858668	221860733	IR	402	.	221859532	0.402	1.000	128	2210	221858668	221859226	221860175	221860733	398148334	221650000	221900000	128	3494	558	949	immediate
SUPER_1	61718649	61721721	IR	402	.	61720186	0.402	0.978	123	3302	61718649	61719428	61720943	61721721	398148334	61600000	61850000	125	2002	778	1515	immediate
SUPER_1	229352625	229354951	IR	402	.	229353788	0.402	0.991	101	2442	229352625	229353187	229354390	229354951	398148334	229250000	229500000	101	1729	561	1203	immediate
SUPER_1	49204111	49206323	IR	402	.	49205227	0.402	0.847	73	2311	49204111	49204856	49205677	49206323	398148334	49000000	49250000	73	3420	646	821	immediate
SUPER_1	140983582	140985783	IR	402	.	140984698	0.402	0.867	34	2264	140983582	140984075	140985320	140985783	398148334	140900000	141150000	34	1411	463	1245	immediate
SUPER_1	329421037	329423012	IR	402	.	329422024	0.402	0.940	23	2045	329421037	329421270	329422779	329423012	398148334	329200000	329450000	23	3700	233	1509	immediate
SUPER_1	232739408	232744335	IR	401	.	232741451	0.401	0.974	189	4906	232739408	232741076	232742671	232744335	398148334	232550000	232800000	0	3197	1664	1595	immediate
SUPER_1	46356900	46359667	IR	401	.	46358279	0.401	0.938	125	2966	46356900	46357594	46358993	46359667	398148334	46300000	46550000	136	971	674	1399	immediate
SUPER_1	178328421	178330504	IR	401	.	178329386	0.401	0.974	31	2181	178328421	178328725	178330201	178330504	398148334	178250000	178500000	31	1324	303	1476	immediate
SUPER_1	156930366	156936643	IR	400	.	156933081	0.400	0.978	199	6247	156930366	156931829	156935192	156936643	398148334	156700000	156950000	0	3891	1451	3363	spaced
SUPER_1	8649276	8660335	IR	400	.	8654858	0.400	0.991	109	11161	8649276	8649912	8659699	8660335	398148334	8450000	8700000	109	3413	636	9787	spaced
SUPER_1	222780230	222785240	IR	400	.	222782405	0.400	0.904	93	4991	222780230	222781818	222783696	222785240	398148334	222600000	222850000	0	3045	1544	1878	immediate
SUPER_1	177333491	177335388	IR	400	.	177334436	0.400	0.880	85	2014	177333491	177334070	177334809	177335392	398148334	177200000	177450000	87	2240	579	739	immediate
SUPER_1	290195643	290203073	IR	400	.	290199326	0.400	0.917	80	7965	290195643	290197130	290201603	290203073	398148334	290100000	290350000	80	1655	1470	4473	spaced
SUPER_1	129909715	130013584	IR	400	.	129961797	0.400	0.921	51	103927	129909715	129910149	130013150	130013597	398148334	129850000	130100000	51	1860	434	103001	wide
SUPER_1	277625875	277630038	IR	400	.	277628188	0.400	0.857	40	55845	277625875	277626088	277629826	277630038	398148334	277600000	277850000	20	465	212	3738	spaced
SUPER_1	123761216	123763530	IR	400	.	123762260	0.400	1.000	28	2330	123761216	123761345	123763401	123763530	398148334	123650000	123900000	28	1872	129	2056	spaced
SUPER_1	71054960	71084191	IR	399	.	71069220	0.399	0.894	322	28298	71054960	71061453	71077698	71084261	398148334	71050000	71300000	0	326	6493	16245	spaced
SUPER_1	58167487	58366064	IR	399	.	58266857	0.399	0.940	81	198654	58167487	58168281	58365270	58366083	398148334	58150000	58400000	81	1946	794	196989	wide
SUPER_1	112432056	112436617	IR	399	.	112434785	0.399	0.969	48	4536	112432056	112432471	112436207	112436617	398148334	112250000	112500000	0	3072	410	3736	spaced
SUPER_1	351230677	351233347	IR	399	.	351232174	0.399	0.981	48	2715	351230677	351230983	351233041	351233349	398148334	351000000	351250000	48	3866	306	2058	spaced
SUPER_1	320062869	320065574	IR	399	.	320064062	0.399	0.954	45	2745	320062869	320063207	320065236	320065582	398148334	319950000	320200000	45	1903	338	2029	spaced
SUPER_1	351325221	351327617	IR	399	.	351326423	0.399	0.914	38	2432	351325221	351325671	351327173	351327617	398148334	351100000	351350000	38	3773	444	1502	immediate
SUPER_1	257960149	257962725	IR	399	.	257961442	0.399	0.859	32	2738	257960149	257960528	257962356	257962725	398148334	257800000	258050000	32	2690	369	1828	immediate
SUPER_1	170493097	170495291	IR	399	.	170494194	0.399	0.734	26	2204	170493097	170493355	170495096	170495291	398148334	170350000	170600000	26	2403	195	1741	immediate
SUPER_1	66934503	66936650	IR	399	.	66935433	0.399	0.835	25	2258	66934503	66934711	66936442	66936677	398148334	66800000	67050000	67	2259	208	1731	immediate
SUPER_1	80312012	80313911	IR	399	.	80313009	0.399	0.869	25	198205	80312012	80312244	80313679	80313928	398148334	80200000	80450000	75	1882	232	1435	immediate
SUPER_1	79124929	79127613	IR	399	.	79126275	0.399	0.865	24	2671	79124929	79125394	79127156	79127613	398148334	79000000	79250000	24	2104	457	1762	immediate
SUPER_1	193731135	193749064	IR	399	.	193740477	0.399	0.882	24	17910	193731135	193731431	193748777	193749064	398148334	193500000	193750000	0	4001	287	17346	spaced
SUPER_1	115687221	115689569	IR	399	.	115688154	0.399	0.845	23	2729	115687221	115687549	115689242	115689569	398148334	115450000	115700000	13	3973	327	1693	immediate
SUPER_1	184176606	184184825	IR	398	.	184180322	0.398	0.981	230	8211	184176606	184178147	184183284	184184841	398148334	183950000	184200000	0	3845	1541	5137	spaced
SUPER_1	221363162	221476112	IR	398	.	221419316	0.398	0.965	70	112932	221363162	221364008	221475267	221476112	398148334	221250000	221500000	0	2827	845	111259	wide
SUPER_1	277484711	277486736	IR	398	.	277485724	0.398	0.978	68	2116	277484711	277485209	277486239	277486736	398148334	277250000	277500000	68	3928	497	1030	immediate
SUPER_1	240365233	240367461	IR	398	.	240366345	0.398	0.876	49	2386	240365233	240365803	240366934	240367461	398148334	240200000	240450000	49	2772	527	1131	immediate
SUPER_1	257788198	257797261	IR	398	.	257792357	0.398	0.224	48	9029	257788198	257788274	257797185	257797375	398148334	257750000	258000000	0	712	76	8911	spaced
SUPER_1	106304799	106308562	IR	398	.	106306763	0.398	0.950	24	3770	106304799	106305040	106308321	106308563	398148334	106100000	106350000	24	3444	241	3281	spaced
SUPER_1	289552545	289554555	IR	398	.	289553553	0.398	0.885	20	2182	289552545	289552958	289554142	289554559	398148334	289350000	289600000	20	3392	413	1184	immediate
SUPER_1	25501061	25504187	IR	397	.	25502970	0.397	0.877	95	3108	25501061	25501911	25503371	25504187	398148334	25400000	25650000	0	1710	816	1460	immediate
SUPER_1	79263650	79266420	IR	397	.	79264690	0.397	0.984	70	2729	79263650	79264204	79265867	79266420	398148334	79050000	79300000	0	3583	553	1663	immediate
SUPER_1	156281101	156415548	IR	397	.	156348747	0.397	0.874	50	134457	156281101	156282156	156414493	156415579	398148334	156250000	156500000	0	1638	1055	132337	wide
SUPER_1	207351598	207354265	IR	397	.	207353403	0.397	0.787	49	2688	207351598	207352412	207353451	207354314	398148334	207150000	207400000	0	3382	814	1039	immediate
SUPER_1	311175201	311177365	IR	397	.	311176284	0.397	0.971	49	2206	311175201	311175476	311177090	311177367	398148334	310950000	311200000	49	3771	275	1614	immediate
SUPER_1	105497746	105502151	IR	397	.	105500408	0.397	0.988	44	4381	105497746	105498083	105501815	105502151	398148334	105300000	105550000	0	3332	336	3732	spaced
SUPER_1	336272679	336408818	IR	397	.	336341127	0.397	0.963	28	136070	336272679	336273003	336408499	336408818	398148334	336200000	336450000	0	2345	319	135496	wide
SUPER_1	146214552	146330978	IR	397	.	146272765	0.397	0.396	23	116579	146214552	146272601	146272929	146330999	398148334	146200000	146450000	28	1212	58049	328	immediate
SUPER_1	386053899	386065195	IR	396	.	386059976	0.396	0.988	261	11264	386053899	386055539	386063555	386065195	398148334	385850000	386100000	0	3492	1640	8016	spaced
SUPER_1	349865396	349883619	IR	396	.	349874044	0.396	0.566	70	16586	349865396	349867576	349881439	349883642	398148334	349650000	349900000	0	3741	2180	13863	spaced
SUPER_1	112652476	112788804	IR	396	.	112720775	0.396	0.924	40	136479	112652476	112653144	112788136	112788804	398148334	112650000	112900000	40	1177	668	134992	wide
SUPER_1	138900848	139072765	IR	396	.	138986898	0.396	0.900	39	171865	138900848	138900908	139072711	139072765	398148334	138900000	139150000	709	1446	54	171803	wide
SUPER_1	325000032	325214587	IR	396	.	325107248	0.396	0.974	33	214569	325000032	325000267	325214353	325214587	398148334	325000000	325250000	33	1788	234	214086	wide
SUPER_1	269524432	269535741	IR	396	.	269529792	0.396	0.986	21	11281	269524432	269524577	269535596	269535741	398148334	269350000	269600000	0	3001	145	11019	spaced
SUPER_1	153383923	153388498	IR	395	.	153386157	0.395	0.980	184	4834	153383923	153385027	153387394	153388498	398148334	153150000	153400000	184	3936	1104	2367	spaced
SUPER_1	233383069	233587362	IR	395	.	233484943	0.395	0.862	59	204277	233383069	233383931	233586500	233587378	398148334	233350000	233600000	0	2253	862	202569	wide
SUPER_1	335511587	335583547	IR	395	.	335547337	0.395	0.891	52	72301	335511587	335512492	335582642	335583551	398148334	335500000	335750000	52	792	905	70150	spaced
SUPER_1	192992801	192999944	IR	395	.	192996089	0.395	1.000	37	7119	192992801	192993018	192999727	192999944	398148334	192750000	193000000	0	4106	217	6709	spaced
SUPER_1	87017166	87029787	IR	395	.	87023781	0.395	0.974	30	12598	87017166	87017435	87029518	87029787	398148334	86950000	87200000	0	1224	269	12083	spaced
SUPER_1	308766315	308768443	IR	395	.	308767384	0.395	0.916	23	2134	308766315	308766674	308768094	308768443	398148334	308600000	308850000	23	2789	349	1420	immediate
SUPER_1	31097445	31201941	IR	395	.	31150096	0.395	0.978	22	104472	31097445	31097628	31201758	31201941	398148334	31000000	31250000	0	2494	183	104130	wide
SUPER_1	41429957	41442298	IR	394	.	41436124	0.394	1.000	1273	13777	41429957	41435616	41436639	41442298	398148334	41200000	41450000	1321	3935	5659	1023	immediate
SUPER_1	107644300	107649643	IR	394	.	107646974	0.394	0.992	329	5699	107644300	107645857	107648091	107649643	398148334	107450000	107700000	329	3282	1552	2234	spaced
SUPER_1	166013980	166016795	IR	394	.	166015152	0.394	0.982	100	3056	166013980	166014537	166016238	166016797	398148334	165800000	166050000	100	3589	557	1701	immediate
SUPER_1	169886345	169890249	IR	394	.	169888792	0.394	0.979	95	3880	169886345	169887005	169889599	169890249	398148334	169650000	169900000	0	3971	650	2594	spaced
SUPER_1	338290117	338292202	IR	394	.	338291153	0.394	0.913	95	2230	338290117	338290845	338291474	338292222	398148334	338050000	338300000	95	4019	728	629	immediate
SUPER_1	201978799	201981536	IR	394	.	201980386	0.394	1.000	91	4709	201978799	201978841	201981494	201981536	398148334	201750000	202000000	7	3835	42	2653	spaced
SUPER_1	286337281	286339499	IR	394	.	286338393	0.394	0.887	75	2626	286337281	286338040	286338789	286339499	398148334	286100000	286350000	79	3973	710	749	immediate
SUPER_1	158325914	158327994	IR	394	.	158326956	0.394	0.940	50	2303	158325914	158326425	158327486	158327994	398148334	158100000	158350000	50	3782	508	1061	immediate
SUPER_1	121719595	121732808	IR	394	.	121726479	0.394	0.982	41	13196	121719595	121719982	121732421	121732808	398148334	121700000	121950000	0	436	387	12439	spaced
SUPER_1	193926379	193928275	IR	394	.	193927327	0.394	0.974	39	71330	193926379	193926724	193927930	193928276	398148334	193850000	194100000	39	1288	345	1206	immediate
SUPER_1	119309692	119463225	IR	394	.	119385982	0.394	0.947	35	153488	119309692	119310142	119462785	119463225	398148334	119300000	119550000	0	1440	440	152643	wide
SUPER_1	321978667	322056912	IR	394	.	322017410	0.394	0.000	34	78209	321978667	321978802	322056874	322056912	398148334	321900000	322150000	0	1963	38	78072	spaced
SUPER_1	120307801	120307876	IR	394	.	120307918	0.394	0.341	23	70337	120307801	120307845	120307832	120307930	398148334	120200000	120450000	311	1797	44	-13	overlap
SUPER_1	63049864	63174490	IR	394	.	63112078	0.394	0.979	22	124617	63049864	63050009	63174345	63174491	398148334	62950000	63200000	22	2702	145	124336	wide
SUPER_1	301216320	301369486	IR	393	.	301292666	0.393	1.000	2206	174848	301216320	301216337	301369469	301369486	398148334	301150000	301400000	1	2381	17	153132	wide
SUPER_1	109404507	109415267	IR	393	.	109409427	0.393	0.981	122	10736	109404507	109405419	109414355	109415268	398148334	109200000	109450000	0	3497	912	8936	spaced
SUPER_1	251048192	251050506	IR	393	.	251049347	0.393	0.976	74	2345	251048192	251048689	251050014	251050506	398148334	250850000	251100000	74	3322	492	1325	immediate
SUPER_1	243478236	243478497	IR	393	.	243478288	0.393	0.732	63	77779	243478236	243478296	243478437	243478519	398148334	243350000	243600000	1421	2139	60	141	immediate
SUPER_1	181922109	181926487	IR	393	.	181924435	0.393	1.000	59	4415	181922109	181922387	181926209	181926487	398148334	181700000	181950000	59	3738	278	3822	spaced
SUPER_1	236350812	236352853	IR	393	.	236351837	0.393	0.954	42	2085	236350812	236351110	236352555	236352862	398148334	236150000	236400000	42	3363	298	1445	immediate
SUPER_1	55976634	55998675	IR	393	.	55987897	0.393	0.896	21	22025	55976634	55977115	55998194	55998681	398148334	55900000	56150000	0	1460	481	21079	spaced
SUPER_1	380098718	380126140	IR	393	.	380112442	0.393	0.397	20	27412	380098718	380112104	380112780	380126140	398148334	379900000	380150000	20	3540	13360	676	immediate
SUPER_1	267488489	267498059	IR	392	.	267493406	0.392	0.982	135	9733	267488489	267489359	267497189	267498059	398148334	267450000	267700000	135	721	870	7830	spaced
SUPER_1	372328407	372330498	IR	392	.	372329670	0.392	0.998	135	2329	372328407	372329040	372329865	372330498	398148334	372100000	372350000	135	3824	633	825	immediate
SUPER_1	80337078	80355121	IR	392	.	80346300	0.392	0.995	128	18147	80337078	80337724	80354475	80355121	398148334	80150000	80400000	128	3268	646	16751	spaced
SUPER_1	105595554	105603024	IR	392	.	105599075	0.392	0.986	114	7618	105595554	105596266	105602312	105603025	398148334	105400000	105650000	114	3321	712	6046	spaced
SUPER_1	326826700	326828883	IR	392	.	326827791	0.392	0.974	96	79503	326826700	326827204	326828379	326828883	398148334	326700000	326950000	96	2129	504	1175	immediate
SUPER_1	32730431	32878148	IR	392	.	32803799	0.392	0.832	95	147687	32730431	32731811	32876797	32878148	398148334	32650000	32900000	0	2571	1351	144986	wide
SUPER_1	81366822	81526663	IR	392	.	81446656	0.392	0.980	94	159911	81366822	81367378	81526107	81526663	398148334	81300000	81550000	94	2445	556	158729	wide
SUPER_1	6994633	7125510	IR	392	.	7060327	0.392	0.410	33	130849	6994633	7028284	7091901	7125510	398148334	6950000	7200000	0	1834	33609	63617	spaced
SUPER_1	113822410	113826375	IR	392	.	113824306	0.392	0.948	30	3956	113822410	113822720	113826068	113826375	398148334	113600000	113850000	30	3739	307	3348	spaced
SUPER_1	339994777	340176022	IR	392	.	340085827	0.392	0.952	26	181215	339994777	339995172	340175627	340176022	398148334	339950000	340200000	0	2256	395	180455	wide
SUPER_1	91979035	92047487	IR	392	.	92013556	0.392	0.400	22	68431	91979035	92012720	92013871	92047487	398148334	91800000	92050000	0	3554	33616	1151	immediate
SUPER_1	333455371	333460503	IR	391	.	333457634	0.391	0.970	312	5109	333455371	333457233	333458692	333460503	398148334	333250000	333500000	0	3465	1811	1459	immediate
SUPER_1	162522351	162525339	IR	391	.	162523845	0.391	0.984	88	3081	162522351	162522927	162524763	162525339	398148334	162350000	162600000	88	2897	576	1836	immediate
SUPER_1	32171305	32174336	IR	391	.	32173157	0.391	0.907	80	3013	32171305	32172100	32173544	32174336	398148334	31950000	32200000	0	3713	792	1444	immediate
SUPER_1	147679257	147805075	IR	391	.	147742073	0.391	0.973	68	125981	147679257	147679730	147804602	147805076	398148334	147600000	147850000	68	2369	473	124872	wide
SUPER_1	311881669	312088116	IR	391	.	311984515	0.391	0.395	57	206428	311881669	311979630	311990172	312088116	398148334	311850000	312100000	0	2248	97944	10542	spaced
SUPER_1	200735647	200739016	IR	391	.	200737075	0.391	0.824	55	3351	200735647	200736436	200738241	200739016	398148334	200550000	200800000	0	3122	775	1805	immediate
SUPER_1	355350286	355422069	IR	391	.	355385686	0.391	0.920	46	71742	355350286	355351126	355421229	355422069	398148334	355300000	355550000	0	1436	840	70103	spaced
SUPER_1	217268634	217270940	IR	391	.	217269787	0.391	0.980	41	2308	217268634	217268932	217270642	217270940	398148334	217100000	217350000	41	2829	298	1710	immediate
SUPER_1	225261368	225263612	IR	391	.	225262490	0.391	0.967	33	2263	225261368	225261612	225263368	225263614	398148334	225050000	225300000	33	3541	244	1756	immediate
SUPER_1	292065365	292071911	IR	391	.	292068185	0.391	0.963	29	6503	292065365	292065826	292071450	292071912	398148334	291850000	292100000	0	3643	461	5624	spaced
SUPER_1	371919549	372051695	IR	391	.	371985165	0.391	0.392	22	132160	371919549	371976515	371994729	372051726	398148334	371850000	372100000	0	2260	56966	18214	spaced
SUPER_1	370225908	370235191	IR	391	.	370231013	0.391	0.886	21	9217	370225908	370226317	370234782	370235210	398148334	370050000	370300000	0	3009	409	8465	spaced
SUPER_1	138261572	138483134	IR	390	.	138372810	0.390	0.981	137	221540	138261572	138262625	138482089	138483134	398148334	138250000	138500000	0	2039	1045	219464	wide
SUPER_1	121585381	121617689	IR	390	.	121601035	0.390	0.844	89	32292	121585381	121587529	121615541	121617741	398148334	121450000	121700000	0	2525	2148	28012	spaced
SUPER_1	153877844	154067195	IR	390	.	153972061	0.390	0.945	77	189328	153877844	153878986	154066053	154067195	398148334	153850000	154100000	0	2041	1142	187067	wide
SUPER_1	314042072	314073151	IR	390	.	314057785	0.390	0.927	44	31170	314042072	314042497	314072743	314073151	398148334	313950000	314200000	44	1793	408	30246	spaced
SUPER_1	132445516	132449162	IR	390	.	132446868	0.390	0.993	42	3626	132445516	132445805	132448873	132449162	398148334	132200000	132450000	0	4122	289	3068	spaced
SUPER_1	104006977	104010122	IR	390	.	104008409	0.390	0.921	35	3179	104006977	104007454	104009648	104010122	398148334	103950000	104200000	35	975	474	2194	spaced
SUPER_1	205224879	205227123	IR	390	.	205225686	0.390	0.921	26	2235	205224879	205225120	205226882	205227136	398148334	205100000	205350000	0	2099	241	1762	immediate
SUPER_1	209056413	209068589	IR	389	.	209062964	0.389	0.986	355	12142	209056413	209058943	209066059	209068591	398148334	208850000	209100000	0	3541	2530	7116	spaced
SUPER_1	128137206	128140553	IR	389	.	128138892	0.389	0.964	180	3546	128137206	128138258	128139501	128140583	398148334	127900000	128150000	180	3981	1052	1243	immediate
SUPER_1	98262862	98264959	IR	389	.	98263907	0.389	0.971	146	2206	98262862	98263563	98264258	98264963	398148334	98050000	98300000	146	3564	701	695	immediate
SUPER_1	327214403	327217614	IR	389	.	327216321	0.389	0.997	120	3193	327214403	327215108	327216909	327217614	398148334	327000000	327250000	0	3600	705	1801	immediate
SUPER_1	353091239	353128385	IR	389	.	353109341	0.389	0.928	96	37123	353091239	353092703	353126924	353128385	398148334	352900000	353150000	0	3496	1461	34221	spaced
SUPER_1	362952230	362955913	IR	389	.	362953834	0.389	0.973	85	3746	362952230	362952854	362955291	362955913	398148334	362750000	363000000	84	3401	622	2437	spaced
SUPER_1	163099897	163102552	IR	389	.	163100957	0.389	0.799	79	2602	163099897	163101160	163101289	163102560	398148334	162900000	163150000	0	3353	1263	129	immediate
SUPER_1	323754279	323889052	IR	389	.	323822035	0.389	0.947	62	134745	323754279	323755109	323888222	323889053	398148334	323650000	323900000	0	2860	830	133113	wide
SUPER_1	314145716	314147654	IR	389	.	314146685	0.389	0.919	41	2557	314145716	314146072	314147320	314147654	398148334	313900000	314150000	41	4111	334	1248	immediate
SUPER_1	156875391	156878477	IR	389	.	156876577	0.389	0.973	32	3065	156875391	156875688	156878180	156878477	398148334	156650000	156900000	0	3782	297	2492	spaced
SUPER_1	288607445	288609707	IR	389	.	288608576	0.389	0.959	30	2278	288607445	288607809	288609344	288609707	398148334	288400000	288650000	30	3476	363	1535	immediate
SUPER_1	289261834	289267210	IR	388	.	289264529	0.388	0.986	350	5685	289261834	289263510	289265548	289267210	398148334	289050000	289300000	350	3575	1662	2038	spaced
SUPER_1	63360281	63484151	IR	388	.	63421785	0.388	0.417	117	63962	63360281	63421924	63422555	63484151	398148334	63350000	63600000	0	1203	61596	631	immediate
SUPER_1	63912089	63923179	IR	388	.	63917397	0.388	0.976	113	11247	63912089	63912963	63922305	63923179	398148334	63700000	63950000	113	3627	874	9342	spaced
SUPER_1	109953805	109956176	IR	388	.	109954990	0.388	0.970	103	2656	109953805	109954358	109955623	109956187	398148334	109950000	110200000	103	83	553	1265	immediate
SUPER_1	392301561	392304741	IR	388	.	392303171	0.388	0.908	89	3237	392301561	392302298	392304044	392304741	398148334	392200000	392450000	90	1719	697	1746	immediate
SUPER_1	237672318	237675937	IR	388	.	237674418	0.388	0.962	30	3581	237672318	237672579	237675676	237675937	398148334	237600000	237850000	0	1235	261	3097	spaced
SUPER_1	124599152	124614979	IR	387	.	124606699	0.387	0.960	646	15802	124599152	124604097	124610082	124614979	398148334	124500000	124750000	0	1784	4897	5985	spaced
SUPER_1	220435897	220529563	IR	387	.	220482460	0.387	0.972	152	93647	220435897	220437210	220528255	220529563	398148334	220300000	220550000	0	3045	1308	91045	spaced
SUPER_1	333277453	333292395	IR	387	.	333285079	0.387	0.698	100	15431	333277453	333277496	333292365	333292395	398148334	333050000	333300000	464	3915	30	14869	spaced
SUPER_1	266464876	266469843	IR	387	.	266467541	0.387	0.936	75	5131	266464876	266465701	266469018	266469862	398148334	266250000	266500000	75	3622	825	3317	spaced
SUPER_1	65425758	65425848	IR	387	.	65425812	0.387	0.714	60	61673	65425758	65425818	65425788	65425872	398148334	65300000	65550000	1828	2096	60	-30	overlap
SUPER_1	59594783	59596635	IR	387	.	59595676	0.387	0.867	54	2083	59594783	59595254	59596164	59596688	398148334	59450000	59700000	54	2428	471	910	immediate
SUPER_1	124085490	124125593	IR	387	.	124105687	0.387	0.977	43	40203	124085490	124085794	124125289	124125593	398148334	123900000	124150000	43	3425	304	39495	spaced
SUPER_1	200060121	200062096	IR	387	.	200061111	0.387	0.942	37	2009	200060121	200060440	200061777	200062107	398148334	199850000	200100000	37	3518	319	1337	immediate
SUPER_1	36565367	36729876	IR	387	.	36648015	0.387	0.392	31	83667	36565367	36647001	36648273	36729876	398148334	36500000	36750000	0	2460	81603	1272	immediate
SUPER_1	177595774	177708214	IR	387	.	177652285	0.387	0.969	25	112415	177595774	177596097	177707891	177708214	398148334	177500000	177750000	0	2533	323	111794	wide
SUPER_1	56325654	56396711	IR	387	.	56361562	0.387	0.948	20	71044	56325654	56325877	56396488	56396718	398148334	56150000	56400000	0	3519	223	70611	spaced
SUPER_1	138613713	138616726	IR	386	.	138615219	0.386	0.997	173	47331	138613713	138614511	138615928	138616727	398148334	138550000	138800000	173	1086	798	1417	immediate
SUPER_1	131264163	131472701	IR	386	.	131368828	0.386	0.981	150	208515	131264163	131265290	131471574	131472704	398148334	131250000	131500000	0	1973	1127	206284	wide
SUPER_1	154584016	154587281	IR	386	.	154585649	0.386	0.973	131	3505	154584016	154584981	154586316	154587282	398148334	154400000	154650000	134	3094	965	1335	immediate
SUPER_1	197573883	197583944	IR	386	.	197578913	0.386	0.473	101	10301	197573883	197577986	197579841	197584051	398148334	197350000	197600000	101	3815	4103	1855	immediate
SUPER_1	218013954	218016333	IR	386	.	218015144	0.386	0.991	84	2417	218013954	218014378	218015910	218016333	398148334	217800000	218050000	84	3585	423	1532	immediate
SUPER_1	225068172	225072357	IR	386	.	225070601	0.386	0.597	48	4157	225068172	225069439	225071104	225072357	398148334	224950000	225200000	0	2004	1253	1665	immediate
SUPER_1	351726811	351731107	IR	386	.	351728748	0.386	0.958	48	4573	351726811	351727339	351730582	351731107	398148334	351500000	351750000	48	3815	525	3243	spaced
SUPER_1	147548863	147550584	IR	386	.	147549725	0.386	0.962	37	2072	147548863	147549099	147550348	147550587	398148334	147350000	147600000	37	3328	236	1249	immediate
SUPER_1	48466868	48469656	IR	386	.	48468083	0.386	0.848	36	2866	48466868	48467391	48469133	48469696	398148334	48250000	48500000	38	3637	523	1742	immediate
SUPER_1	279202319	279206839	IR	386	.	279204633	0.386	0.939	33	4561	279202319	279202619	279206539	279206850	398148334	279000000	279250000	33	3409	300	3920	spaced
SUPER_1	379017955	379161543	IR	386	.	379090137	0.386	0.164	32	143658	379017955	379018010	379161488	379161631	398148334	378950000	379200000	0	2329	55	143478	wide
SUPER_1	392000601	392179017	IR	386	.	392090181	0.386	0.647	24	178380	392000601	392000669	392178973	392179017	398148334	391950000	392200000	0	2330	44	178304	wide
SUPER_1	284489928	284494310	IR	385	.	284491953	0.385	0.984	195	4695	284489928	284491014	284493227	284494310	398148334	284250000	284500000	195	4035	1083	2213	spaced
SUPER_1	397612067	397670048	IR	385	.	397640653	0.385	0.947	114	57964	397612067	397613570	397668545	397670058	398148334	397450000	397700000	0	3184	1503	54975	spaced
SUPER_1	188026255	188028859	IR	385	.	188027559	0.385	0.986	110	2758	188026255	188026896	188028222	188028859	398148334	187800000	188050000	110	3792	637	1326	immediate
SUPER_1	124210414	124213290	IR	385	.	124211585	0.385	0.918	88	2903	124210414	124210954	124212750	124213335	398148334	124050000	124300000	0	2697	540	1796	immediate
SUPER_1	295910544	295913322	IR	385	.	295912263	0.385	0.977	84	2754	295910544	295911196	295912673	295913322	398148334	295700000	295950000	0	3532	649	1477	immediate
SUPER_1	296100193	296103708	IR	385	.	296101971	0.385	0.884	51	3642	296100193	296101139	296102803	296103708	398148334	296000000	296250000	51	1699	905	1664	immediate
SUPER_1	251762715	251765669	IR	385	.	251764432	0.385	0.978	50	2929	251762715	251763072	251765312	251765669	398148334	251550000	251800000	0	3569	357	2240	spaced
SUPER_1	248411432	248415881	IR	385	.	248413457	0.385	0.966	49	4464	248411432	248411848	248415465	248415881	398148334	248250000	248500000	49	2727	416	3617	spaced
SUPER_1	197630085	197815237	IR	385	.	197722543	0.385	0.964	36	185106	197630085	197630139	197815183	197815239	398148334	197600000	197850000	597	2044	54	185044	wide
SUPER_1	126426526	126448029	IR	385	.	126437713	0.385	0.789	28	21435	126426526	126427111	126447444	126448029	398148334	126250000	126500000	0	3121	585	20333	spaced
SUPER_1	41633219	41668271	IR	385	.	41650717	0.385	0.922	27	35156	41633219	41634286	41667204	41668273	398148334	41450000	41700000	27	3345	1067	32918	spaced
SUPER_1	307589150	307647737	IR	385	.	307618021	0.385	0.886	22	58568	307589150	307589597	307647293	307647737	398148334	307400000	307650000	0	3640	444	57696	spaced
SUPER_1	53212139	53400117	IR	385	.	53305920	0.385	0.975	21	188023	53212139	53212296	53399960	53400117	398148334	53200000	53450000	21	1768	157	187664	wide
SUPER_1	341124642	341127625	IR	384	.	341126131	0.384	0.999	254	3251	341124642	341125771	341126496	341127625	398148334	341050000	341300000	254	1268	1129	725	immediate
SUPER_1	662377	718014	IR	384	.	690358	0.384	0.925	176	56159	662377	663892	716499	718074	398148334	550000	800000	176	2336	1515	52607	spaced
SUPER_1	280087108	280089442	IR	384	.	280088043	0.384	0.969	96	2510	280087108	280087743	280088807	280089452	398148334	279850000	280100000	96	3971	635	1064	immediate
SUPER_1	235517260	235523125	IR	384	.	235520587	0.384	0.698	66	5881	235517260	235518788	235521597	235523177	398148334	235350000	235600000	0	2836	1528	2809	spaced
SUPER_1	192003410	192007219	IR	384	.	192005334	0.384	0.806	59	3905	192003410	192004862	192005806	192007219	398148334	191900000	192150000	59	1755	1413	944	immediate
SUPER_1	84757679	84781335	IR	384	.	84769390	0.384	0.963	53	23679	84757679	84758111	84780908	84781335	398148334	84550000	84800000	53	3658	427	22797	spaced
SUPER_1	334368572	334520179	IR	384	.	334444505	0.384	0.976	45	151633	334368572	334368900	334519851	334520179	398148334	334300000	334550000	45	2406	328	150951	wide
SUPER_1	197493932	197499703	IR	384	.	197497158	0.384	0.995	38	5741	197493932	197494152	197499483	197499703	398148334	197250000	197500000	0	4113	220	5331	spaced
SUPER_1	64541655	64685449	IR	384	.	64613321	0.384	0.975	37	143859	64541655	64541896	64685208	64685449	398148334	64450000	64700000	37	2725	241	143312	wide
SUPER_1	296927991	296954593	IR	384	.	296941734	0.384	0.671	29	26581	296927991	296928227	296954357	296954700	398148334	296900000	297150000	0	688	236	26130	spaced
SUPER_1	4318627	4400401	IR	384	.	4359897	0.384	0.950	28	81756	4318627	4318941	4400087	4400404	398148334	4200000	4450000	0	2658	314	81146	spaced
SUPER_1	370093309	370097232	IR	384	.	370095141	0.384	0.983	27	3941	370093309	370093480	370097061	370097233	398148334	369850000	370100000	27	4087	171	3581	spaced
SUPER_1	209243010	209245064	IR	384	.	209244036	0.384	0.936	26	2049	209243010	209243273	209244803	209245064	398148334	209150000	209400000	26	1567	261	1530	immediate
SUPER_1	343459573	343482710	IR	383	.	343471356	0.383	0.978	216	23442	343459573	343460843	343481440	343482710	398148334	343350000	343600000	212	2018	1270	20597	spaced
SUPER_1	246777097	246784914	IR	383	.	246781167	0.383	0.700	155	8085	246777097	246780242	246781769	246784914	398148334	246600000	246850000	155	3016	3145	1527	immediate
SUPER_1	313741951	313743944	IR	383	.	313742947	0.383	0.945	58	2036	313741951	313742662	313743233	313743944	398148334	313600000	313850000	58	2382	711	571	immediate
SUPER_1	17244330	17246310	IR	383	.	17245077	0.383	0.990	51	2232	17244330	17244635	17246006	17246310	398148334	17100000	17350000	51	2421	304	1371	immediate
SUPER_1	162875541	162878056	IR	383	.	162877233	0.383	0.991	50	2497	162875541	162875864	162877733	162878056	398148334	162700000	162950000	0	2946	323	1869	immediate
SUPER_1	106977131	106988532	IR	383	.	106982709	0.383	0.948	47	11537	106977131	106977605	106988058	106988535	398148334	106900000	107150000	47	1380	474	10453	spaced
SUPER_1	206225241	206227456	IR	383	.	206226349	0.383	0.871	35	2418	206225241	206225819	206226878	206227479	398148334	206150000	206400000	35	1272	578	1059	immediate
SUPER_1	263512840	263515018	IR	383	.	263513929	0.383	0.888	30	2182	263512840	263513152	263514728	263515018	398148334	263350000	263600000	30	2732	290	1576	immediate
SUPER_1	26033961	26037773	IR	383	.	26036184	0.383	0.802	23	3789	26033961	26034543	26037195	26037773	398148334	26000000	26250000	0	597	578	2652	spaced
SUPER_1	61673259	61676903	IR	383	.	61674899	0.383	0.758	21	3687	61673259	61673425	61676737	61676940	398148334	61600000	61850000	36	1251	166	3312	spaced
SUPER_1	44395050	44397555	IR	383	.	44396531	0.383	0.777	20	3435	44395050	44395283	44397360	44397555	398148334	44200000	44450000	11	3271	195	2077	spaced
SUPER_1	8403915	8406974	IR	382	.	8405444	0.382	1.000	302	3362	8403915	8405260	8405629	8406974	398148334	8200000	8450000	302	3423	1345	369	immediate
SUPER_1	156221843	156234667	IR	382	.	156227968	0.382	0.800	138	12776	156221843	156226308	156230283	156234667	398148334	156000000	156250000	0	3804	4384	3975	spaced
SUPER_1	246959542	246973488	IR	382	.	246966934	0.382	0.949	76	13925	246959542	246960644	246972386	246973488	398148334	246800000	247050000	0	2775	1102	11742	spaced
SUPER_1	271334451	271337042	IR	382	.	271335663	0.382	0.930	59	2756	271334451	271335105	271336388	271337042	398148334	271100000	271350000	59	3928	654	1283	immediate
SUPER_1	15889719	15922686	IR	382	.	15905754	0.382	0.975	43	32931	15889719	15890036	15922374	15922686	398148334	15800000	16050000	0	1769	312	32338	spaced
SUPER_1	338910373	339144986	IR	382	.	339027221	0.382	0.993	42	234594	338910373	338910645	339144714	339144986	398148334	338900000	339150000	0	2127	272	234069	wide
SUPER_1	331472441	331474494	IR	382	.	331473542	0.382	0.983	28	2073	331472441	331472617	331474318	331474494	398148334	331350000	331600000	28	2057	176	1701	immediate
SUPER_1	211019829	211049917	IR	381	.	211034390	0.381	0.958	425	30132	211019829	211023056	211046690	211049980	398148334	210800000	211050000	0	3914	3227	23634	spaced
SUPER_1	243825883	243837070	IR	381	.	243831319	0.381	0.950	356	11833	243825883	243828833	243834164	243837070	398148334	243650000	243900000	356	3024	2906	5331	spaced
SUPER_1	74718648	74943827	IR	381	.	74831334	0.381	0.983	293	225554	74718648	74720467	74942008	74943832	398148334	74700000	74950000	293	2187	1819	221541	wide
SUPER_1	23342367	23346094	IR	381	.	23344236	0.381	0.995	192	4054	23342367	23343348	23345113	23346094	398148334	23100000	23350000	192	4070	981	1765	immediate
SUPER_1	149300074	149303203	IR	381	.	149301134	0.381	0.929	123	3051	149300074	149300645	149302632	149303209	398148334	149100000	149350000	0	3360	571	1987	immediate
SUPER_1	327364043	327587416	IR	381	.	327475378	0.381	0.393	57	112527	327364043	327475284	327476175	327587471	398148334	327350000	327600000	0	2095	111241	891	immediate
SUPER_1	219819532	219876176	IR	381	.	219847922	0.381	0.819	56	56958	219819532	219820302	219875406	219876273	398148334	219700000	219950000	56	2464	770	55104	spaced
SUPER_1	3826006	3830833	IR	381	.	3828337	0.381	0.966	49	4854	3826006	3826391	3830448	3830833	398148334	3600000	3850000	49	3806	385	4057	spaced
SUPER_1	242508419	242512388	IR	381	.	242510805	0.381	0.922	46	3943	242508419	242509154	242511657	242512388	398148334	242450000	242700000	0	1006	731	2503	spaced
SUPER_1	93614358	93617728	IR	381	.	93616043	0.381	0.544	23	3399	93614358	93615087	93616999	93617765	398148334	93400000	93650000	23	3600	729	1912	immediate
SUPER_1	373031199	373040778	IR	380	.	373035924	0.380	0.999	882	10698	373031199	373035129	373036848	373040778	398148334	372800000	373050000	882	3933	3930	1719	immediate
SUPER_1	253284294	253288025	IR	380	.	253286222	0.380	0.943	118	3965	253284294	253285588	253286737	253288025	398148334	253100000	253350000	118	3102	1288	1149	immediate
SUPER_1	257082750	257085234	IR	380	.	257083992	0.380	0.940	63	2520	257082750	257083409	257084575	257085241	398148334	256850000	257100000	63	3899	659	1166	immediate
SUPER_1	71516446	71521119	IR	380	.	71519264	0.380	0.978	47	4649	71516446	71516902	71520663	71521119	398148334	71300000	71550000	0	3646	456	3761	spaced
SUPER_1	370740187	370745328	IR	380	.	370742507	0.380	0.886	46	5121	370740187	370741147	370744397	370745328	398148334	370550000	370800000	0	3212	931	3250	spaced
SUPER_1	237072519	237100471	IR	380	.	237086502	0.380	0.960	32	27928	237072519	237072569	237100423	237100471	398148334	236900000	237150000	362	3108	48	27854	spaced
SUPER_1	48754333	48803166	IR	380	.	48778804	0.380	0.407	25	48906	48754333	48778436	48779063	48803249	398148334	48750000	49000000	25	479	24103	627	immediate
SUPER_1	243725952	243728440	IR	380	.	243726753	0.380	0.909	23	2479	243725952	243726211	243728181	243728457	398148334	243500000	243750000	0	3786	259	1970	immediate
SUPER_1	77491129	77599790	IR	380	.	77545736	0.380	0.407	22	108675	77491129	77506663	77584256	77599827	398148334	77350000	77600000	0	3257	15534	77593	spaced
SUPER_1	369288040	369348796	IR	379	.	369318847	0.379	0.921	244	58858	369288040	369298447	369338389	369348801	398148334	369100000	369350000	0	3640	10407	39942	spaced
SUPER_1	223406314	223409783	IR	379	.	223408097	0.379	0.914	186	3728	223406314	223407347	223408832	223409783	398148334	223250000	223500000	204	2634	951	1485	immediate
SUPER_1	197170960	197174061	IR	379	.	197172513	0.379	0.989	133	3277	197170960	197171619	197173407	197174061	398148334	197050000	197300000	133	2041	654	1788	immediate
SUPER_1	200864928	200867900	IR	379	.	200866415	0.379	0.986	111	3142	200864928	200865549	200867279	200867902	398148334	200650000	200900000	111	3606	621	1730	immediate
SUPER_1	112241793	112390085	IR	379	.	112315887	0.379	0.667	66	148431	112241793	112242381	112389675	112390085	398148334	112200000	112450000	66	1932	410	147294	wide
SUPER_1	66959912	66964168	IR	379	.	66962238	0.379	0.851	56	4785	66959912	66960504	66963576	66964203	398148334	66950000	67200000	56	200	592	3072	spaced
SUPER_1	249461427	249463716	IR	379	.	249462572	0.379	0.983	47	2349	249461427	249461728	249463417	249463716	398148334	249350000	249600000	47	1876	299	1689	immediate
SUPER_1	148209836	148212385	IR	379	.	148211253	0.379	0.584	28	2554	148209836	148210398	148211873	148212385	398148334	148200000	148450000	28	185	512	1475	immediate
SUPER_1	254574011	254710137	IR	379	.	254642058	0.379	0.389	28	136147	254574011	254641848	254642311	254710137	398148334	254550000	254800000	32	1534	67826	463	immediate
SUPER_1	93805254	93905503	IR	379	.	93855399	0.379	0.396	26	100245	93805254	93855360	93855444	93905503	398148334	93700000	93950000	26	2589	50059	84	immediate
SUPER_1	308026697	308136861	IR	379	.	308081746	0.379	0.727	26	110173	308026697	308027128	308136432	308136861	398148334	307900000	308150000	26	3029	429	109304	wide
SUPER_1	221223137	221223457	IR	379	.	221223297	0.379	1.000	24	5981	221223137	221223261	221223333	221223457	398148334	221200000	221450000	24	388	124	72	immediate
SUPER_1	387771921	387779760	IR	378	.	387775914	0.378	1.000	417	8263	387771921	387773725	387777956	387779760	398148334	387550000	387800000	417	3763	1804	4231	spaced
SUPER_1	346521784	346561517	IR	378	.	346541260	0.378	0.445	154	39708	346521784	346539228	346544150	346561517	398148334	346500000	346750000	0	694	17367	4922	spaced
SUPER_1	364616499	364618824	IR	378	.	364617662	0.378	0.999	151	63921	364616499	364617211	364618112	364618824	398148334	364500000	364750000	151	1960	712	901	immediate
SUPER_1	364702867	364705024	IR	378	.	364703971	0.378	0.897	107	2262	364702867	364703613	364704329	364705024	398148334	364600000	364850000	107	1732	695	716	immediate
SUPER_1	159961710	159971843	IR	378	.	159967243	0.378	0.918	89	10023	159961710	159963061	159970504	159971843	398148334	159750000	160000000	0	3612	1339	7443	spaced
SUPER_1	47595764	47609136	IR	378	.	47602126	0.378	0.919	45	13340	47595764	47596149	47608779	47609136	398148334	47400000	47650000	0	3374	357	12630	spaced
SUPER_1	345278318	345280262	IR	378	.	345279290	0.378	0.957	43	2017	345278318	345278571	345280012	345280262	398148334	345100000	345350000	43	2988	250	1441	immediate
SUPER_1	70157275	70193159	IR	378	.	70174828	0.378	0.984	35	35865	70157275	70157523	70192913	70193159	398148334	70100000	70350000	0	1253	246	35390	spaced
SUPER_1	105007	107242	IR	378	.	106580	0.378	0.985	25	2208	105007	105143	107106	107242	398148334	100000	350000	0	101	136	1963	immediate
SUPER_1	251144588	251187409	IR	377	.	251165647	0.377	0.954	361	42516	251144588	251151658	251180339	251187409	398148334	250950000	251200000	0	3599	7070	28681	spaced
SUPER_1	31206456	31209907	IR	377	.	31208176	0.377	0.995	229	3729	31206456	31207553	31208810	31209908	398148334	31000000	31250000	229	3469	1097	1257	immediate
SUPER_1	185426155	185428604	IR	377	.	185427358	0.377	1.000	119	2891	185426155	185426700	185428059	185428604	398148334	185300000	185550000	119	2122	545	1359	immediate
SUPER_1	189428682	189432387	IR	377	.	189430475	0.377	0.968	114	3839	189428682	189429516	189431553	189432388	398148334	189200000	189450000	114	3842	834	2037	spaced
SUPER_1	30175706	30204406	IR	377	.	30189903	0.377	0.946	70	59376	30175706	30176003	30204125	30204406	398148334	30000000	30250000	1001	3167	281	28122	spaced
SUPER_1	175995989	175998485	IR	377	.	175997239	0.377	0.969	42	2590	175995989	175996340	175998138	175998485	398148334	175750000	176000000	42	4120	347	1798	immediate
SUPER_1	361526284	361528073	IR	377	.	361527188	0.377	0.873	40	2993	361526284	361526807	361527550	361528092	398148334	361400000	361650000	43	2119	523	743	immediate
SUPER_1	66084264	66182938	IR	377	.	66134092	0.377	0.823	30	98205	66084264	66087288	66179914	66182942	398148334	65950000	66200000	0	3059	3024	92626	spaced
SUPER_1	121265733	121284331	IR	376	.	121275168	0.376	0.982	567	19385	121265733	121269336	121280728	121284331	398148334	121050000	121300000	567	3750	3603	11392	spaced
SUPER_1	44864795	44901613	IR	376	.	44882782	0.376	0.944	496	36373	44864795	44876540	44889889	44901613	398148334	44700000	44950000	0	3053	11724	13349	spaced
SUPER_1	188176879	188180157	IR	376	.	188178515	0.376	0.958	166	3502	188176879	188177743	188179293	188180165	398148334	187950000	188200000	166	3808	864	1550	immediate
SUPER_1	246116892	246120312	IR	376	.	246118554	0.376	0.986	154	3621	246116892	246117820	246119385	246120312	398148334	245900000	246150000	154	3643	927	1565	immediate
SUPER_1	273271925	273273940	IR	376	.	273273147	0.376	0.980	82	2160	273271925	273272478	273273387	273273940	398148334	273050000	273300000	82	3715	553	909	immediate
SUPER_1	362155347	362159891	IR	376	.	362157619	0.376	0.840	80	4770	362155347	362156663	362158575	362159894	398148334	361950000	362200000	80	3460	1316	1912	immediate
SUPER_1	43764197	43874330	IR	376	.	43819490	0.376	0.942	61	110326	43764197	43764730	43873797	43874341	398148334	43700000	43950000	61	1987	533	109067	wide
SUPER_1	132585616	132587774	IR	376	.	132586695	0.376	0.931	42	2172	132585616	132585848	132587542	132587790	398148334	132350000	132600000	44	3944	232	1694	immediate
SUPER_1	161177953	161187663	IR	376	.	161182352	0.376	0.962	38	9689	161177953	161178316	161187300	161187664	398148334	161050000	161300000	0	2213	363	8984	spaced
SUPER_1	9167921	9171208	IR	376	.	9169591	0.376	0.846	37	3790	9167921	9168729	9170444	9171208	398148334	8950000	9200000	37	3659	764	1715	immediate
SUPER_1	266496211	266499556	IR	376	.	266497451	0.376	0.950	24	3327	266496211	266496533	266499234	266499556	398148334	266250000	266500000	0	4131	322	2701	spaced
SUPER_1	235693371	235895010	IR	375	.	235794022	0.375	0.985	243	202005	235693371	235694797	235893584	235895010	398148334	235650000	235900000	243	2403	1426	198787	wide
SUPER_1	301436093	301444606	IR	375	.	301439894	0.375	0.949	180	8494	301436093	301438648	301442051	301444606	398148334	301300000	301550000	0	2339	2555	3403	spaced
SUPER_1	186879683	186885085	IR	375	.	186882603	0.375	0.995	168	5566	186879683	186880484	186884284	186885086	398148334	186650000	186900000	168	3872	801	3800	spaced
SUPER_1	269481877	269484621	IR	375	.	269483257	0.375	0.969	160	3133	269481877	269482804	269483713	269484621	398148334	269350000	269600000	160	2220	908	909	immediate
SUPER_1	214061703	214080100	IR	375	.	214070643	0.375	0.970	130	18378	214061703	214062645	214079169	214080100	398148334	213850000	214100000	0	3681	931	16524	spaced
SUPER_1	344654493	344708616	IR	375	.	344682015	0.375	0.986	119	54091	344654493	344655368	344707741	344708616	398148334	344550000	344800000	0	2192	875	52373	spaced
SUPER_1	303940874	304048896	IR	375	.	303994449	0.375	0.906	97	106813	303940874	303944034	304045736	304048951	398148334	303900000	304150000	0	1581	3160	101702	wide
SUPER_1	378500059	378514578	IR	375	.	378507519	0.375	0.996	67	14589	378500059	378500326	378514311	378514578	398148334	378500000	378750000	67	121	267	13985	spaced
SUPER_1	237128050	237131890	IR	375	.	237129509	0.375	0.984	53	3814	237128050	237128422	237131518	237131891	398148334	237000000	237250000	0	2166	372	3096	spaced
SUPER_1	46229610	46229709	IR	375	.	46229635	0.375	0.246	51	18715	46229610	46229667	46229652	46229789	398148334	46200000	46450000	766	494	57	-15	overlap
SUPER_1	396824516	396831143	IR	375	.	396828184	0.375	0.538	43	6591	396824516	396824568	396831091	396831187	398148334	396600000	396850000	0	3797	52	6523	spaced
SUPER_1	69156588	69169448	IR	375	.	69163311	0.375	0.947	38	12829	69156588	69157078	69168961	69169448	398148334	68950000	69200000	0	3550	487	11883	spaced
SUPER_1	46229608	46229686	IR	375	.	46229635	0.375	0.879	37	18715	46229608	46229666	46229635	46229686	398148334	46150000	46400000	775	1327	51	-31	overlap
SUPER_1	4461216	4463164	IR	375	.	4462190	0.375	1.000	35	50207	4461216	4461366	4463014	4463164	398148334	4350000	4600000	35	1869	150	1648	immediate
SUPER_1	164955233	164966051	IR	374	.	164960642	0.374	1.000	913	11886	164955233	164959281	164962003	164966051	398148334	164800000	165050000	914	2677	4048	2722	spaced
SUPER_1	132923109	133074916	IR	374	.	132999167	0.374	0.954	440	153149	132923109	132926146	133071879	133074950	398148334	132850000	133100000	440	2483	3037	145733	wide
SUPER_1	127575822	127724699	IR	374	.	127650164	0.374	0.895	112	149408	127575822	127576812	127723709	127724761	398148334	127500000	127750000	119	2504	990	146897	wide
SUPER_1	335829365	335975191	IR	374	.	335901820	0.374	0.413	63	145811	335829365	335876004	335928552	335975194	398148334	335800000	336050000	0	1704	46639	52548	spaced
SUPER_1	272340306	272344109	IR	374	.	272341956	0.374	0.974	58	3781	272340306	272340933	272343482	272344109	398148334	272100000	272350000	0	4036	627	2549	spaced
SUPER_1	334959759	335029872	IR	374	.	334994342	0.374	0.919	43	70086	334959759	334960665	335028970	335029872	398148334	334800000	335050000	0	3246	902	68305	spaced
SUPER_1	213402237	213528277	IR	374	.	213465485	0.374	0.963	39	126051	213402237	213402531	213527984	213528277	398148334	213300000	213550000	39	2754	293	125453	wide
SUPER_1	117575448	117577503	IR	374	.	117576476	0.374	0.991	37	2132	117575448	117575662	117577289	117577503	398148334	117350000	117600000	37	3774	214	1627	immediate
SUPER_1	181332738	181338613	IR	374	.	181335327	0.374	0.989	28	5854	181332738	181332925	181338426	181338613	398148334	181150000	181400000	0	3094	187	5501	spaced
SUPER_1	328053079	328065939	IR	374	.	328059189	0.374	1.000	24	12839	328053079	328053250	328065768	328065939	398148334	328050000	328300000	0	158	171	12518	spaced
SUPER_1	207840796	207845163	IR	374	.	207842466	0.374	0.890	23	4326	207840796	207841285	207844674	207845166	398148334	207700000	207950000	0	2382	489	3389	spaced
SUPER_1	137711317	137715592	IR	374	.	137713191	0.374	0.893	21	4250	137711317	137711602	137715307	137715592	398148334	137700000	137950000	0	224	285	3705	spaced
SUPER_1	324732512	324774669	IR	374	.	324753909	0.374	0.725	21	6384	324732512	324738913	324768268	324774698	398148334	324550000	324800000	0	3393	6401	29355	spaced
SUPER_1	6634861	6661355	IR	373	.	6648275	0.373	0.992	360	27032	6634861	6636511	6659716	6661355	398148334	6500000	6750000	360	2468	1639	23205	spaced
SUPER_1	264759605	264763340	IR	373	.	264761473	0.373	0.998	247	4196	264759605	264760738	264762207	264763340	398148334	264550000	264800000	247	3524	1133	1469	immediate
SUPER_1	377056328	377059476	IR	373	.	377057902	0.373	1.000	130	3270	377056328	377056939	377058865	377059476	398148334	376850000	377100000	130	3464	611	1926	immediate
SUPER_1	305669343	305674954	IR	373	.	305672190	0.373	0.508	61	5687	305669343	305671990	305672389	305674954	398148334	305500000	305750000	61	2869	2565	399	immediate
SUPER_1	1368836	1414463	IR	373	.	1391897	0.373	0.964	56	45496	1368836	1369573	1413726	1414465	398148334	1200000	1450000	0	3194	737	44153	spaced
SUPER_1	279614318	279616537	IR	373	.	279615428	0.373	0.968	50	2263	279614318	279614661	279616196	279616537	398148334	279400000	279650000	50	3590	341	1535	immediate
SUPER_1	266152747	266162380	IR	373	.	266157488	0.373	0.952	47	9663	266152747	266153222	266161905	266162382	398148334	266100000	266350000	47	959	475	8683	spaced
SUPER_1	51902683	51919537	IR	373	.	51911079	0.373	0.895	41	17029	51902683	51903487	51918734	51919537	398148334	51700000	51950000	41	3518	803	15247	spaced
SUPER_1	24062797	24076768	IR	373	.	24070220	0.373	0.901	36	13881	24062797	24063437	24076128	24076769	398148334	23850000	24100000	0	3662	640	12691	spaced
SUPER_1	183544210	183546928	IR	373	.	183545426	0.373	0.983	35	2822	183544210	183544386	183546752	183546930	398148334	183300000	183550000	35	4092	176	2366	spaced
SUPER_1	119657608	119661181	IR	372	.	119659349	0.372	0.905	177	3726	119657608	119658770	119660095	119661181	398148334	119550000	119800000	192	1823	1086	1325	immediate
SUPER_1	185022061	185025330	IR	372	.	185023744	0.372	0.984	176	3513	185022061	185022939	185024455	185025330	398148334	184800000	185050000	176	3728	875	1516	immediate
SUPER_1	24753273	24756662	IR	372	.	24755070	0.372	0.990	174	3620	24753273	24754206	24755729	24756664	398148334	24600000	24850000	174	2582	933	1523	immediate
SUPER_1	333342719	333346297	IR	372	.	333344474	0.372	0.971	122	3748	333342719	333343515	333345501	333346307	398148334	333150000	333400000	122	3241	796	1986	immediate
SUPER_1	295136963	295178942	IR	372	.	295158358	0.372	0.958	88	41938	295136963	295137850	295178055	295178951	398148334	294950000	295200000	0	3465	887	40205	spaced
SUPER_1	322487084	322490968	IR	372	.	322489422	0.372	0.996	66	3865	322487084	322487533	322490519	322490968	398148334	322250000	322500000	0	3983	449	2986	spaced
SUPER_1	16931370	17037194	IR	372	.	16983833	0.372	0.953	64	105802	16931370	16932281	17036283	17037195	398148334	16800000	17050000	0	3071	911	104002	wide
SUPER_1	263189879	263266061	IR	372	.	263227955	0.372	0.843	58	76312	263189879	263190267	263265719	263266061	398148334	263050000	263300000	62	2966	342	75452	spaced
SUPER_1	162049231	162051497	IR	372	.	162050364	0.372	0.995	45	2292	162049231	162049439	162051289	162051497	398148334	161850000	162100000	45	3339	208	1850	immediate
SUPER_1	146591935	146597108	IR	372	.	146594061	0.372	0.577	36	5131	146591935	146593180	146595906	146597108	398148334	146350000	146600000	0	4075	1202	2726	spaced
SUPER_1	142202101	142204441	IR	372	.	142203271	0.372	0.949	23	2446	142202101	142202358	142204184	142204441	398148334	142050000	142300000	23	2554	257	1826	immediate
SUPER_1	362228349	362330263	IR	371	.	362279793	0.371	0.938	398	100866	362228349	362238073	362320539	362330294	398148334	362100000	362350000	0	2988	9724	82466	spaced
SUPER_1	203249686	203258221	IR	371	.	203254200	0.371	1.000	296	8506	203249686	203251256	203256651	203258221	398148334	203050000	203300000	0	3399	1570	5395	spaced
SUPER_1	341806554	341810200	IR	371	.	341808273	0.371	0.955	175	3942	341806554	341807666	341809088	341810219	398148334	341600000	341850000	194	3472	1112	1422	immediate
SUPER_1	206659012	206665928	IR	371	.	206662403	0.371	0.948	164	7052	206659012	206660181	206664767	206665928	398148334	206500000	206750000	167	2707	1161	4586	spaced
SUPER_1	276632877	276635164	IR	371	.	276634245	0.371	0.798	96	4144	276632877	276632966	276635084	276635164	398148334	276600000	276850000	5	566	80	2118	spaced
SUPER_1	169018458	169021076	IR	371	.	169019767	0.371	0.988	72	2822	169018458	169018875	169020659	169021076	398148334	168800000	169050000	72	3662	417	1784	immediate
SUPER_1	234643636	234648860	IR	371	.	234646006	0.371	0.974	61	5266	234643636	234643977	234648519	234648861	398148334	234500000	234750000	53	2437	341	4542	spaced
SUPER_1	320558088	320687769	IR	371	.	320622794	0.371	0.878	56	129759	320558088	320558415	320687442	320687793	398148334	320450000	320700000	56	2881	327	129027	wide
SUPER_1	298769142	298852057	IR	371	.	298810959	0.371	0.866	55	82868	298769142	298770208	298851013	298852057	398148334	298650000	298900000	0	2676	1044	80805	spaced
SUPER_1	232231517	232298339	IR	371	.	232265171	0.371	1.000	50	66802	232231517	232231785	232298071	232298339	398148334	232100000	232350000	0	2748	268	66286	spaced
SUPER_1	290783677	290797991	IR	371	.	290791106	0.371	0.895	46	14293	290783677	290784380	290797288	290797991	398148334	290550000	290800000	0	4013	703	12908	spaced
SUPER_1	6772490	6830748	IR	371	.	6802062	0.371	0.412	35	58289	6772490	6798088	6805150	6830802	398148334	6750000	7000000	0	860	25598	7062	spaced
SUPER_1	66230305	66236878	IR	371	.	66233658	0.371	0.754	22	6563	66230305	66230541	66236693	66236878	398148334	66100000	66350000	24	2226	185	6152	spaced
SUPER_1	324779730	324825953	IR	370	.	324802702	0.370	0.767	209	45832	324779730	324787238	324818492	324825953	398148334	324650000	324900000	209	2547	7461	31254	spaced
SUPER_1	364594370	364596801	IR	370	.	364595586	0.370	1.000	207	2637	364594370	364595356	364595815	364596801	398148334	364350000	364600000	207	4092	986	459	immediate
SUPER_1	60755201	60876260	IR	370	.	60815522	0.370	0.972	140	121326	60755201	60756211	60875254	60876260	398148334	60700000	60950000	140	1928	1006	119043	wide
SUPER_1	196438317	196440688	IR	370	.	196439507	0.370	0.886	103	2317	196438317	196438387	196440626	196440688	398148334	196200000	196450000	1028	3991	62	2239	spaced
SUPER_1	64759158	64769588	IR	370	.	64763881	0.370	0.984	100	10400	64759158	64759859	64768887	64769588	398148334	64550000	64800000	0	3572	701	9028	spaced
SUPER_1	253057294	253141101	IR	370	.	253098861	0.370	0.955	65	83781	253057294	253057990	253140409	253141101	398148334	252900000	253150000	0	3319	692	82419	spaced
SUPER_1	335397282	335442071	IR	370	.	335419582	0.370	0.848	61	44871	335397282	335398005	335441384	335442071	398148334	335200000	335450000	61	3661	687	43379	spaced
SUPER_1	358221246	358256581	IR	370	.	358239398	0.370	0.914	49	35254	358221246	358222101	358255726	358256594	398148334	358050000	358300000	0	3148	855	33625	spaced
SUPER_1	255678504	255680669	IR	370	.	255679586	0.370	0.935	46	2194	255678504	255678737	255680436	255680682	398148334	255450000	255700000	46	3826	233	1699	immediate
SUPER_1	189923496	189935292	IR	370	.	189929788	0.370	0.863	45	11833	189923496	189924067	189934721	189935353	398148334	189700000	189950000	0	3823	571	10654	spaced
SUPER_1	212958095	212961033	IR	370	.	212959987	0.370	0.568	26	2934	212958095	212959549	212959579	212961049	398148334	212750000	213000000	0	3492	1454	30	immediate
SUPER_1	358385345	358545894	IR	370	.	358465306	0.370	0.758	26	160499	358385345	358385411	358545844	358545894	398148334	358350000	358600000	0	1926	50	160433	wide
SUPER_1	345694870	345703139	IR	370	.	345698945	0.370	0.690	24	8237	345694870	345694928	345703099	345703139	398148334	345550000	345800000	204	2483	40	8171	spaced
SUPER_1	92294070	92296330	IR	370	.	92295067	0.370	0.955	23	2267	92294070	92294272	92296128	92296330	398148334	92250000	92500000	23	753	202	1856	immediate
SUPER_1	130660872	130674337	IR	370	.	130667100	0.370	1.000	20	13399	130660872	130661088	130674121	130674337	398148334	130450000	130700000	0	3626	216	13033	spaced
SUPER_1	312953391	312960413	IR	370	.	312956454	0.370	1.000	20	6999	312953391	312953516	312960288	312960413	398148334	312850000	313100000	0	1781	125	6772	spaced
SUPER_1	184208957	184211850	IR	369	.	184210403	0.369	0.999	211	3444	184208957	184209889	184210918	184211850	398148334	184100000	184350000	211	1839	932	1029	immediate
SUPER_1	293345111	293349755	IR	369	.	293347765	0.369	0.972	186	4621	293345111	293346485	293348386	293349755	398148334	293100000	293350000	0	4123	1369	1901	immediate
SUPER_1	360227370	360243067	IR	369	.	360235217	0.369	0.857	156	16021	360227370	360228946	360241491	360243189	398148334	360000000	360250000	156	3920	1576	12545	spaced
SUPER_1	127535089	127546010	IR	369	.	127540213	0.369	0.963	95	10873	127535089	127535919	127545192	127546010	398148334	127300000	127550000	0	4009	818	9273	spaced
SUPER_1	45832811	45835732	IR	369	.	45834276	0.369	0.973	88	3004	45832811	45833326	45835226	45835732	398148334	45600000	45850000	88	3904	506	1900	immediate
SUPER_1	171513871	171516769	IR	369	.	171515320	0.369	0.865	45	2991	171513871	171514495	171516145	171516816	398148334	171450000	171700000	45	1088	624	1650	immediate
SUPER_1	288352304	288457219	IR	369	.	288404939	0.369	0.906	43	104853	288352304	288352362	288457161	288457225	398148334	288350000	288600000	925	912	58	104799	wide
SUPER_1	617741	619974	IR	369	.	618888	0.369	0.945	41	2269	617741	617976	619749	619974	398148334	400000	650000	41	3647	225	1773	immediate
SUPER_1	252148569	252150095	IR	369	.	252149335	0.369	0.948	33	37521	252148569	252148798	252149867	252150095	398148334	252000000	252250000	33	2488	228	1069	immediate
SUPER_1	102390021	102394935	IR	369	.	102392071	0.369	0.449	21	2975	102390021	102392213	102392743	102394951	398148334	102200000	102450000	0	3207	2192	530	immediate
SUPER_1	150518469	150522250	IR	369	.	150520186	0.369	1.000	21	3776	150518469	150518591	150522128	150522250	398148334	150300000	150550000	21	3672	122	3537	spaced
SUPER_1	72652820	72670846	IR	368	.	72661345	0.368	0.964	321	18005	72652820	72657325	72666342	72670846	398148334	72450000	72700000	0	3530	4504	9017	spaced
SUPER_1	196399240	196404465	IR	368	.	196401350	0.368	0.979	290	5207	196399240	196401500	196402205	196404465	398148334	196200000	196450000	0	3364	2260	705	immediate
SUPER_1	95748202	95824597	IR	368	.	95786926	0.368	0.420	214	76469	95748202	95786408	95786391	95824689	398148334	95650000	95900000	0	2273	38206	-17	overlap
SUPER_1	298707694	298709857	IR	368	.	298708775	0.368	1.000	155	2285	298707694	298708455	298709096	298709857	398148334	298500000	298750000	155	3479	761	641	immediate
SUPER_1	241195010	241198024	IR	368	.	241196519	0.368	0.988	117	3154	241195010	241195613	241197425	241198024	398148334	240950000	241200000	117	4108	599	1812	immediate
SUPER_1	38752248	38755322	IR	368	.	38753786	0.368	0.981	105	3199	38752248	38752913	38754657	38755322	398148334	38550000	38800000	105	3396	665	1744	immediate
SUPER_1	227594221	227611134	IR	368	.	227602964	0.368	0.443	57	16894	227594221	227602707	227602684	227611134	398148334	227450000	227700000	0	2544	8450	-23	overlap
SUPER_1	277973356	277975480	IR	368	.	277974421	0.368	0.924	41	2140	277973356	277973812	277975026	277975480	398148334	277750000	278000000	41	3740	454	1214	immediate
SUPER_1	270872462	270885748	IR	368	.	270879377	0.368	0.915	38	13268	270872462	270873095	270885119	270885748	398148334	270850000	271100000	0	484	629	12024	spaced
SUPER_1	12822738	13035433	IR	368	.	12928645	0.368	0.434	36	212726	12822738	12836840	13021331	13035482	398148334	12800000	13050000	0	2151	14102	184491	wide
SUPER_1	392268956	392288355	IR	368	.	392279090	0.368	0.969	26	19381	392268956	392269212	392288099	392288355	398148334	392050000	392300000	0	3810	256	18887	spaced
SUPER_1	171001611	171004473	IR	368	.	171003384	0.368	0.956	23	2840	171001611	171001907	171004178	171004473	398148334	170800000	171050000	0	3383	295	2271	spaced
SUPER_1	146987375	146987441	IR	368	.	146987412	0.368	0.938	22	36392	146987375	146987423	146987396	146987441	398148334	146800000	147050000	402	3123	45	-27	overlap
SUPER_1	392232526	392235081	IR	368	.	392233803	0.368	0.589	21	2658	392232526	392233799	392233846	392235081	398148334	392000000	392250000	21	3896	1235	47	immediate
SUPER_1	211544175	211547489	IR	367	.	211545827	0.367	0.971	154	3516	211544175	211545221	211546444	211547489	398148334	211500000	211750000	154	763	1045	1223	immediate
SUPER_1	15157669	15160807	IR	367	.	15159233	0.367	0.886	137	3397	15157669	15158586	15159963	15160807	398148334	14950000	15200000	144	3487	844	1377	immediate
SUPER_1	196079092	196082645	IR	367	.	196080732	0.367	0.981	113	3686	196079092	196079758	196081981	196082645	398148334	195850000	196100000	113	3847	664	2223	spaced
SUPER_1	237327631	237367349	IR	367	.	237347511	0.367	0.836	104	42989	237327631	237328785	237366252	237367349	398148334	237150000	237400000	106	3291	1097	37467	spaced
SUPER_1	299956859	299960069	IR	367	.	299958464	0.367	0.982	98	3386	299956859	299957414	299959514	299960071	398148334	299750000	300000000	98	3474	555	2100	spaced
SUPER_1	43053911	43056669	IR	367	.	43055290	0.367	0.871	94	2903	43053911	43054356	43056224	43056734	398148334	42850000	43100000	101	3421	445	1868	immediate
SUPER_1	3150174	3162525	IR	367	.	3156694	0.367	0.522	90	12346	3150174	3155222	3157477	3162538	398148334	3000000	3250000	0	2605	5048	2255	spaced
SUPER_1	277589469	277593092	IR	367	.	277590824	0.367	0.992	71	3600	277589469	277589947	277592615	277593092	398148334	277500000	277750000	0	1521	477	2668	spaced
SUPER_1	228870905	228877423	IR	367	.	228874139	0.367	0.940	59	6555	228870905	228871388	228876954	228877423	398148334	228700000	228950000	59	2902	469	5566	spaced
SUPER_1	42224135	42257508	IR	367	.	42240866	0.367	0.876	54	33662	42224135	42224922	42256721	42257563	398148334	42050000	42300000	54	3180	787	31799	spaced
SUPER_1	84916961	84964076	IR	367	.	84940937	0.367	0.920	49	47093	84916961	84917786	84963274	84964076	398148334	84750000	85000000	0	3175	802	45488	spaced
SUPER_1	75092681	75143935	IR	367	.	75118231	0.367	0.931	42	51280	75092681	75093204	75143416	75143935	398148334	74900000	75150000	42	3638	519	50212	spaced
SUPER_1	375631315	375674095	IR	367	.	375652322	0.367	0.978	39	42761	375631315	375631583	375673828	375674095	398148334	375450000	375700000	0	3378	267	42245	spaced
SUPER_1	336774779	336809870	IR	367	.	336792023	0.367	0.825	37	5949	336774779	336780762	336803904	336809870	398148334	336600000	336850000	0	3205	5966	23142	spaced
SUPER_1	101351754	101355396	IR	367	.	101353636	0.367	0.930	26	3660	101351754	101352000	101355150	101355402	398148334	101150000	101400000	26	3392	246	3150	spaced
SUPER_1	253430417	253437848	IR	367	.	253433645	0.367	0.907	25	7419	253430417	253430840	253437425	253437854	398148334	253300000	253550000	0	2235	423	6585	spaced
SUPER_1	373056802	373256139	IR	367	.	373156721	0.367	0.793	24	199291	373056802	373056860	373256093	373256139	398148334	373050000	373300000	0	1774	46	199233	wide
SUPER_1	118149898	118248427	IR	367	.	118199544	0.367	0.943	20	98488	118149898	118150144	118248181	118248428	398148334	118100000	118350000	0	1652	246	98037	spaced
SUPER_1	383816008	383979211	IR	367	.	383898062	0.367	0.953	20	163166	383816008	383816257	383978962	383979216	398148334	383750000	384000000	0	2460	249	162705	wide
SUPER_1	268042424	268054967	IR	366	.	268049187	0.366	0.995	830	12520	268042424	268047228	268050170	268054967	398148334	267850000	268100000	0	3311	4797	2942	spaced
SUPER_1	310160252	310169745	IR	366	.	310165414	0.366	0.955	531	9474	310160252	310164469	310165528	310169745	398148334	309950000	310200000	0	3583	4217	1059	immediate
SUPER_1	144791232	144844142	IR	366	.	144817348	0.366	0.952	324	52824	144791232	144794295	144841079	144844144	398148334	144600000	144850000	0	3627	3063	46784	spaced
SUPER_1	157323930	157326937	IR	366	.	157325435	0.366	0.996	177	3296	157323930	157324714	157326155	157326937	398148334	157100000	157350000	177	3757	782	1441	immediate
SUPER_1	155973592	155986731	IR	366	.	155979978	0.366	0.989	137	13294	155973592	155974420	155985904	155986731	398148334	155750000	156000000	137	3835	827	11484	spaced
SUPER_1	249045580	249050403	IR	366	.	249048216	0.366	0.494	84	4921	249045580	249047833	249048158	249050403	398148334	248850000	249100000	84	3299	2245	325	immediate
SUPER_1	252285947	252294314	IR	366	.	252290620	0.366	0.566	64	8349	252285947	252288595	252291754	252294314	398148334	252050000	252300000	0	4002	2560	3159	spaced
SUPER_1	108082374	108086932	IR	366	.	108084905	0.366	0.980	55	4541	108082374	108082768	108086538	108086932	398148334	107950000	108200000	0	2244	394	3770	spaced
SUPER_1	364218853	364219877	IR	366	.	364219595	0.366	1.000	48	3478	364218853	364218870	364219860	364219877	398148334	364000000	364250000	1	3655	17	990	immediate
SUPER_1	36039164	36048938	IR	366	.	36044393	0.366	0.914	44	9751	36039164	36040060	36048063	36048938	398148334	35800000	36050000	0	4067	875	8003	spaced
SUPER_1	148159740	148179110	IR	366	.	148169879	0.366	0.887	38	19380	148159740	148160250	148178600	148179138	398148334	148050000	148300000	0	1990	510	18350	spaced
SUPER_1	353479406	353479480	IR	366	.	353479425	0.366	0.962	25	22313	353479406	353479459	353479429	353479480	398148334	353450000	353700000	601	490	51	-30	overlap
SUPER_1	33746618	33755189	IR	366	.	33751269	0.366	0.966	24	8515	33746618	33746674	33755133	33755191	398148334	33700000	33950000	0	848	56	8459	spaced
SUPER_1	153069705	153258937	IR	366	.	153163979	0.366	0.767	20	189186	153069705	153069751	153258891	153258951	398148334	153050000	153300000	0	1905	46	189140	wide
SUPER_1	196729501	196732566	IR	365	.	196731115	0.365	0.991	247	34300	196729501	196730616	196731461	196732566	398148334	196550000	196800000	247	3017	1105	845	immediate
SUPER_1	290641410	290644109	IR	365	.	290642759	0.365	0.890	198	3080	290641410	290642529	290642990	290644109	398148334	290450000	290700000	198	3212	1119	461	immediate
SUPER_1	227255637	227258889	IR	365	.	227257323	0.365	0.986	183	3510	227255637	227256631	227257896	227258889	398148334	227100000	227350000	183	2620	993	1265	immediate
SUPER_1	8775178	8781310	IR	365	.	8778427	0.365	0.977	180	6392	8775178	8776281	8780207	8781311	398148334	8600000	8850000	180	2970	1103	3926	spaced
SUPER_1	349600076	349727401	IR	365	.	349663414	0.365	0.442	90	127378	349600076	349639879	349687598	349727477	398148334	349600000	349850000	0	1062	39803	47719	spaced
SUPER_1	104248908	104251355	IR	365	.	104250161	0.365	0.871	61	2799	104248908	104249595	104250668	104251423	398148334	104050000	104300000	61	3335	687	1073	immediate
SUPER_1	56563299	56634758	IR	365	.	56598557	0.365	0.399	57	35725	56563299	56599096	56599035	56634758	398148334	56400000	56650000	0	3317	35723	-61	overlap
SUPER_1	333478657	333485239	IR	365	.	333481968	0.365	0.860	57	6729	333478657	333479814	333484088	333485239	398148334	333450000	333700000	57	532	1151	4274	spaced
SUPER_1	29630221	29635645	IR	365	.	29633403	0.365	0.938	48	5403	29630221	29631108	29634760	29635645	398148334	29400000	29650000	0	3882	885	3652	spaced
SUPER_1	295322942	295430855	IR	365	.	295377380	0.365	0.398	48	107892	295322942	295363957	295389840	295430855	398148334	295200000	295450000	0	2948	41015	25883	spaced
SUPER_1	231300850	231517102	IR	365	.	231409441	0.365	0.580	40	216202	231300850	231300900	231517052	231517140	398148334	231300000	231550000	0	1816	50	216152	wide
SUPER_1	202337784	202337949	IR	365	.	202337852	0.365	0.768	38	32821	202337784	202337872	202337861	202337973	398148334	202250000	202500000	565	1464	88	-11	overlap
SUPER_1	370187264	370189370	IR	365	.	370188317	0.365	0.969	37	2148	370187264	370187522	370189112	370189370	398148334	369950000	370200000	37	3971	258	1590	immediate
SUPER_1	127808460	127810546	IR	365	.	127809504	0.365	0.962	34	2277	127808460	127808749	127810259	127810546	398148334	127600000	127850000	34	3491	287	1510	immediate
SUPER_1	70126650	70129394	IR	365	.	70128105	0.365	0.966	29	2788	70126650	70126913	70129131	70129394	398148334	70100000	70350000	29	466	263	2218	spaced
SUPER_1	57626646	57645969	IR	365	.	57635820	0.365	0.995	28	19296	57626646	57626840	57645775	57645969	398148334	57400000	57650000	0	3938	194	18935	spaced
SUPER_1	61207900	61406430	IR	365	.	61306657	0.365	0.905	22	198461	61207900	61208405	61405925	61406435	398148334	61200000	61450000	0	1785	505	197520	wide
SUPER_1	143665928	143683902	IR	364	.	143675156	0.364	0.972	773	17955	143665928	143672115	143677729	143683902	398148334	143450000	143700000	0	3748	6173	5614	spaced
SUPER_1	186001171	186005210	IR	364	.	186003190	0.364	0.999	378	4476	186001171	186002936	186003445	186005210	398148334	185800000	186050000	378	3386	1765	509	immediate
SUPER_1	316070995	316112433	IR	364	.	316091489	0.364	0.981	286	40720	316070995	316074329	316109099	316112440	398148334	315900000	316150000	286	3195	3334	34770	spaced
SUPER_1	303647812	303711155	IR	364	.	303679169	0.364	0.958	173	63325	303647812	303650024	303708945	303711155	398148334	303600000	303850000	0	1324	2210	58921	spaced
SUPER_1	346708570	346712375	IR	364	.	346710259	0.364	0.978	160	4067	346708570	346709540	346711405	346712376	398148334	346600000	346850000	159	1841	970	1865	immediate
SUPER_1	234681364	234684417	IR	364	.	234682891	0.364	0.992	152	3298	234681364	234682108	234683673	234684417	398148334	234450000	234700000	152	3881	744	1565	immediate
SUPER_1	146527940	146548073	IR	364	.	146538023	0.364	0.910	137	20528	146527940	146529190	146546823	146548095	398148334	146300000	146550000	137	3966	1250	17633	spaced
SUPER_1	150731779	150734694	IR	364	.	150732873	0.364	0.987	115	2892	150731779	150732571	150733902	150734694	398148334	150500000	150750000	0	3887	792	1331	immediate
SUPER_1	300199746	300201848	IR	364	.	300200803	0.364	0.895	83	2193	300199746	300200328	300201278	300201848	398148334	300150000	300400000	83	846	570	950	immediate
SUPER_1	137065020	137067389	IR	364	.	137066205	0.364	0.975	77	2535	137065020	137065495	137066919	137067389	398148334	136850000	137100000	77	3603	470	1424	immediate
SUPER_1	241916110	241919194	IR	364	.	241917285	0.364	0.960	61	3062	241916110	241916604	241918709	241919194	398148334	241750000	242000000	0	2794	485	2105	spaced
SUPER_1	162124700	162127246	IR	364	.	162125973	0.364	0.970	47	99216	162124700	162125064	162126882	162127247	398148334	162000000	162250000	47	2099	364	1818	immediate
SUPER_1	46869487	47084992	IR	364	.	46976798	0.364	0.903	38	215509	46869487	46869879	47084600	47085020	398148334	46850000	47100000	0	2120	392	214721	wide
SUPER_1	96451143	96557440	IR	364	.	96504766	0.364	0.930	38	106275	96451143	96451769	96556818	96557440	398148334	96350000	96600000	0	2571	622	105049	wide
SUPER_1	352557838	352560555	IR	364	.	352559414	0.364	0.511	38	2749	352557838	352557921	352560511	352560555	398148334	352350000	352600000	426	3486	44	2590	spaced
SUPER_1	213146848	213227473	IR	364	.	213187520	0.364	0.398	24	80608	213146848	213187216	213187199	213227473	398148334	213000000	213250000	0	3119	40274	-17	overlap
SUPER_1	242090890	242132023	IR	364	.	242111797	0.364	0.734	24	41199	242090890	242091784	242131129	242132109	398148334	241900000	242150000	0	3524	894	39345	spaced
SUPER_1	255333234	255336395	IR	363	.	255334564	0.363	0.999	274	3132	255333234	255334716	255334913	255336395	398148334	255100000	255350000	0	3913	1482	197	immediate
SUPER_1	390060370	390063673	IR	363	.	390061967	0.363	0.993	155	3617	390060370	390061102	390062941	390063674	398148334	389850000	390100000	155	3533	732	1839	immediate
SUPER_1	169409018	169414045	IR	363	.	169411054	0.363	0.997	123	5000	169409018	169409775	169413289	169414045	398148334	169200000	169450000	0	3525	756	3514	spaced
SUPER_1	218228457	218235369	IR	363	.	218232298	0.363	0.942	123	6892	218228457	218230199	218233649	218235369	398148334	218050000	218300000	0	3031	1720	3450	spaced
SUPER_1	132230829	132231580	IR	363	.	132231376	0.363	1.000	69	16645	132230829	132231148	132231261	132231580	398148334	132100000	132350000	69	2186	319	113	immediate
SUPER_1	390655719	390781412	IR	363	.	390718903	0.363	0.908	51	125711	390655719	390656602	390780529	390781451	398148334	390550000	390800000	0	2809	883	123927	wide
SUPER_1	243523684	243526757	IR	363	.	243525058	0.363	0.958	39	3098	243523684	243523946	243526503	243526757	398148334	243500000	243750000	39	420	254	2557	spaced
SUPER_1	154662789	154744756	IR	363	.	154704004	0.363	0.988	27	81974	154662789	154662962	154744583	154744756	398148334	154550000	154800000	27	2562	173	81621	spaced
SUPER_1	303569365	303604769	IR	362	.	303587101	0.362	0.974	314	36658	303569365	303573027	303601107	303604777	398148334	303450000	303700000	314	2284	3662	28080	spaced
SUPER_1	192037635	192041049	IR	362	.	192039292	0.362	0.969	137	3625	192037635	192038607	192040077	192041058	398148334	191800000	192050000	146	3988	972	1470	immediate
SUPER_1	171520040	171521957	IR	362	.	171520988	0.362	0.986	130	2045	171520040	171520763	171521234	171521961	398148334	171300000	171550000	130	3683	723	471	immediate
SUPER_1	227007530	227010884	IR	362	.	227009680	0.362	0.932	110	3377	227007530	227008529	227009885	227010929	398148334	226850000	227100000	0	2653	999	1356	immediate
SUPER_1	214201900	214302890	IR	362	.	214252717	0.362	0.888	73	100967	214201900	214202800	214302051	214302890	398148334	214150000	214400000	0	1706	839	99251	spaced
SUPER_1	128439942	128639887	IR	362	.	128540151	0.362	0.979	66	199920	128439942	128440474	128639356	128639887	398148334	128400000	128650000	0	2331	531	198882	wide
SUPER_1	370327774	370485125	IR	362	.	370406042	0.362	0.836	37	157332	370327774	370329345	370483558	370485125	398148334	370250000	370500000	0	2607	1567	154213	wide
SUPER_1	350233943	350315184	IR	362	.	350275022	0.362	0.905	32	81222	350233943	350234756	350314371	350315187	398148334	350100000	350350000	0	2909	813	79615	spaced
SUPER_1	291236219	291236286	IR	362	.	291236269	0.362	0.979	30	144427	291236219	291236265	291236240	291236287	398148334	291100000	291350000	400	2270	46	-25	overlap
SUPER_1	123932445	123981815	IR	362	.	123956915	0.362	0.920	28	49386	123932445	123932696	123981579	123981815	398148334	123750000	124000000	29	3452	236	48883	spaced
SUPER_1	73082680	73087317	IR	362	.	73085239	0.362	0.866	26	4622	73082680	73083122	73086875	73087320	398148334	72850000	73100000	0	3916	442	3753	spaced
SUPER_1	287133164	287144971	IR	362	.	287139497	0.362	0.984	26	11782	287133164	287133355	287144781	287144971	398148334	286900000	287150000	0	3984	190	11426	spaced
SUPER_1	61026209	61082850	IR	362	.	61054598	0.362	0.934	21	56641	61026209	61026405	61082654	61082850	398148334	61000000	61250000	21	908	196	56249	spaced
SUPER_1	209835614	209862082	IR	362	.	209848467	0.362	0.973	21	26438	209835614	209835763	209861933	209862082	398148334	209700000	209950000	0	2480	149	26170	spaced
SUPER_1	106412156	106423183	IR	361	.	106417764	0.361	1.000	943	12091	106412156	106416223	106419116	106423183	398148334	106200000	106450000	943	3627	4067	2893	spaced
SUPER_1	149442704	149447376	IR	361	.	149444668	0.361	0.971	213	4684	149442704	149443918	149446162	149447406	398148334	149300000	149550000	0	2417	1214	2244	spaced
SUPER_1	380382042	380386940	IR	361	.	380384504	0.361	0.918	166	5188	380382042	380383157	380385825	380387008	398148334	380250000	380500000	199	2241	1115	2668	spaced
SUPER_1	42840788	42843876	IR	361	.	42842334	0.361	0.990	163	3289	42840788	42841571	42843098	42843876	398148334	42800000	43050000	163	705	778	1527	immediate
SUPER_1	120230255	120236459	IR	361	.	120232921	0.361	0.893	112	6163	120230255	120232269	120234452	120236459	398148334	120100000	120350000	0	2222	2007	2183	spaced
SUPER_1	119874301	119876760	IR	361	.	119875745	0.361	1.000	69	2526	119874301	119874646	119876415	119876760	398148334	119650000	119900000	69	3758	345	1769	immediate
SUPER_1	157532945	157552278	IR	361	.	157542588	0.361	0.702	50	19361	157532945	157534638	157550585	157552281	398148334	157500000	157750000	50	710	1693	15947	spaced
SUPER_1	13817382	13820033	IR	361	.	13818716	0.361	1.000	43	2681	13817382	13817606	13819809	13820033	398148334	13600000	13850000	43	3644	224	2203	spaced
SUPER_1	275681710	275687350	IR	361	.	275684725	0.361	0.774	38	5596	275681710	275681772	275687302	275687350	398148334	275500000	275750000	766	3075	48	5530	spaced
SUPER_1	304762295	304827396	IR	361	.	304795326	0.361	0.887	37	65083	304762295	304763344	304826388	304827396	398148334	304600000	304850000	0	3247	1008	63044	spaced
SUPER_1	223719468	223721993	IR	361	.	223720518	0.361	0.984	31	2566	223719468	223719718	223721743	223721993	398148334	223650000	223900000	31	1178	250	2025	spaced
SUPER_1	277401839	277448196	IR	361	.	277425444	0.361	0.825	28	46391	277401839	277402699	277447336	277448265	398148334	277200000	277450000	0	3750	860	44637	spaced
SUPER_1	167668311	167674453	IR	361	.	167671128	0.361	0.848	24	6113	167668311	167668621	167674182	167674453	398148334	167600000	167850000	0	1189	271	5561	spaced
SUPER_1	267359142	267361877	IR	361	.	267360473	0.361	0.737	23	2748	267359142	267359626	267361427	267361877	398148334	267150000	267400000	23	3508	450	1801	immediate
SUPER_1	209874264	209876454	IR	361	.	209875359	0.361	0.486	22	2221	209874264	209875183	209875535	209876465	398148334	209700000	209950000	22	2922	919	352	immediate
SUPER_1	349315830	349349223	IR	361	.	349333003	0.361	0.937	22	33381	349315830	349316157	349348896	349349229	398148334	349100000	349350000	0	3875	327	32739	spaced
SUPER_1	361908974	362000659	IR	361	.	361955246	0.361	0.459	22	91648	361908974	361909011	362000622	362000695	398148334	361800000	362050000	0	2580	37	91611	spaced
SUPER_1	295644402	295738763	IR	361	.	295691204	0.361	0.943	21	94340	295644402	295644733	295738432	295738763	398148334	295500000	295750000	0	3192	331	93699	spaced
SUPER_1	40372015	40376033	IR	361	.	40373857	0.361	0.960	20	4019	40372015	40372189	40375859	40376033	398148334	40150000	40400000	20	3733	174	3670	spaced
SUPER_1	152813170	152825378	IR	360	.	152819749	0.360	1.000	269	12190	152813170	152814614	152823934	152825378	398148334	152600000	152850000	0	3654	1444	9320	spaced
SUPER_1	293920763	294003336	IR	360	.	293961993	0.360	0.992	199	82902	293920763	293921759	294002340	294003337	398148334	293800000	294050000	199	2700	996	80581	spaced
SUPER_1	290871928	290875553	IR	360	.	290874193	0.360	0.996	184	3579	290871928	290873039	290874442	290875553	398148334	290650000	290900000	0	3728	1111	1403	immediate
SUPER_1	137378966	137477510	IR	360	.	137427976	0.360	0.908	156	98524	137378966	137382336	137474163	137477510	398148334	137250000	137500000	0	2970	3347	91827	spaced
SUPER_1	140726279	140745726	IR	360	.	140736320	0.360	0.926	134	19425	140726279	140727194	140744872	140745726	398148334	140650000	140900000	0	1433	854	17678	spaced
SUPER_1	152120215	152122689	IR	360	.	152121353	0.360	0.976	126	2646	152120215	152120794	152122110	152122701	398148334	152000000	152250000	126	2024	579	1316	immediate
SUPER_1	216978505	216981018	IR	360	.	216979761	0.360	0.984	111	2619	216978505	216979247	216980276	216981018	398148334	216850000	217100000	111	2162	742	1029	immediate
SUPER_1	202267733	202295008	IR	360	.	202281557	0.360	0.963	89	27350	202267733	202268459	202294289	202295008	398148334	202050000	202300000	89	3856	719	25830	spaced
SUPER_1	259264592	259467987	IR	360	.	259366794	0.360	0.846	86	203485	259264592	259266797	259465782	259468100	398148334	259250000	259500000	0	1938	2205	198985	wide
SUPER_1	358805243	358807785	IR	360	.	358806972	0.360	0.682	75	2500	358805243	358805388	358807640	358807851	398148334	358700000	358950000	0	1775	145	2252	spaced
SUPER_1	25361211	25415308	IR	360	.	25387836	0.360	0.980	61	54069	25361211	25361707	25414812	25415308	398148334	25200000	25450000	0	3137	496	53105	spaced
SUPER_1	126853712	126948001	IR	360	.	126901329	0.360	0.853	57	94232	126853712	126854686	126947115	126948001	398148334	126750000	127000000	0	2514	886	92429	spaced
SUPER_1	80412966	80547925	IR	360	.	80480297	0.360	0.826	47	136287	80412966	80413705	80547186	80548010	398148334	80300000	80550000	47	3007	739	133481	wide
SUPER_1	186253262	186392375	IR	360	.	186322578	0.360	0.944	47	139083	186253262	186253348	186392289	186392379	398148334	186150000	186400000	379	2880	86	138941	wide
SUPER_1	254250868	254254787	IR	360	.	254253021	0.360	0.986	45	3922	254250868	254251148	254254507	254254788	398148334	254200000	254450000	45	880	280	3359	spaced
SUPER_1	3744564	3747100	IR	360	.	3745612	0.360	0.926	42	2634	3744564	3744937	3746736	3747100	398148334	3500000	3750000	42	4097	364	1799	immediate
SUPER_1	97687758	97875913	IR	360	.	97781840	0.360	0.887	40	188172	97687758	97688545	97875130	97875913	398148334	97650000	97900000	40	2197	783	186585	wide
SUPER_1	359405129	359408695	IR	360	.	359406626	0.360	0.940	38	3548	359405129	359405664	359408172	359408695	398148334	359200000	359450000	0	3448	523	2508	spaced
SUPER_1	62274281	62460886	IR	360	.	62367250	0.360	0.893	36	186619	62274281	62274650	62460517	62460919	398148334	62250000	62500000	0	1959	369	185867	wide
SUPER_1	356496434	356500151	IR	360	.	356498773	0.360	0.915	33	3693	356496434	356496904	356499681	356500151	398148334	356400000	356650000	0	1638	470	2777	spaced
SUPER_1	90923191	91117934	IR	360	.	91020229	0.360	0.843	27	194780	90923191	90923788	91117337	91117992	398148334	90900000	91150000	0	2009	597	193549	wide
SUPER_1	222875731	222962627	IR	360	.	222919011	0.360	0.734	26	87045	222875731	222876519	222961894	222962627	398148334	222800000	223050000	36	1986	733	85375	spaced
SUPER_1	206311316	206457517	IR	360	.	206384089	0.360	0.975	21	146182	206311316	206311518	206457315	206457517	398148334	206250000	206500000	0	2240	202	145797	wide
SUPER_1	256356284	256362305	IR	359	.	256359296	0.359	0.997	522	6671	256356284	256358664	256359929	256362305	398148334	256150000	256400000	522	3488	2376	1265	immediate
SUPER_1	155507634	155534911	IR	359	.	155521346	0.359	0.989	454	27728	155507634	155509608	155532952	155534911	398148334	155300000	155550000	454	3687	1959	23344	spaced
SUPER_1	388358137	388585638	IR	359	.	388472295	0.359	0.861	186	227535	388358137	388361491	388582284	388585692	398148334	388350000	388600000	0	2031	3354	220793	wide
SUPER_1	260751851	260755278	IR	359	.	260753564	0.359	0.923	127	3674	260751851	260752822	260754307	260755324	398148334	260550000	260800000	127	3392	971	1485	immediate
SUPER_1	355341251	355344267	IR	359	.	355342786	0.359	0.908	111	3263	355341251	355341942	355343631	355344267	398148334	355200000	355450000	111	2379	636	1689	immediate
SUPER_1	21269451	21271566	IR	359	.	21270508	0.359	0.907	86	2191	21269451	21270196	21270846	21271566	398148334	21100000	21350000	86	2841	720	650	immediate
SUPER_1	65456278	65463697	IR	359	.	65459945	0.359	0.981	82	7595	65456278	65456859	65463116	65463697	398148334	65250000	65500000	82	3499	581	6257	spaced
SUPER_1	155058605	155061488	IR	359	.	155060047	0.359	0.893	75	3000	155058605	155059239	155060854	155061490	398148334	154900000	155150000	75	2667	634	1615	immediate
SUPER_1	96622450	96671079	IR	359	.	96647119	0.359	0.986	73	48610	96622450	96623029	96670501	96671079	398148334	96550000	96800000	0	1612	578	47472	spaced
SUPER_1	202215017	202248539	IR	359	.	202232227	0.359	0.977	58	33486	202215017	202215543	202248016	202248539	398148334	202000000	202250000	0	3862	523	32473	spaced
SUPER_1	126270456	126273657	IR	359	.	126271897	0.359	0.702	55	3403	126270456	126271420	126272759	126273657	398148334	126150000	126400000	60	2034	898	1339	immediate
SUPER_1	131824252	131853424	IR	359	.	131838988	0.359	0.926	50	29230	131824252	131824506	131853170	131853442	398148334	131650000	131900000	50	3147	254	28664	spaced
SUPER_1	275991890	276081040	IR	359	.	276036099	0.359	0.856	50	89074	275991890	275992758	276080172	276081041	398148334	275850000	276100000	0	3107	868	87414	spaced
SUPER_1	311545553	311614954	IR	359	.	311580633	0.359	0.839	31	69404	311545553	311546467	311614040	311614977	398148334	311400000	311650000	0	3004	914	67573	spaced
SUPER_1	363007647	363028518	IR	359	.	363018095	0.359	0.421	31	20807	363007647	363017840	363018350	363028518	398148334	363000000	363250000	31	301	10168	510	immediate
SUPER_1	211497920	211520817	IR	359	.	211509266	0.359	0.679	25	22855	211497920	211497958	211520779	211520835	398148334	211300000	211550000	210	3489	38	22821	spaced
SUPER_1	371758866	371760955	IR	359	.	371759910	0.359	0.900	22	2194	371758866	371759275	371760546	371760961	398148334	371550000	371800000	22	3498	409	1271	immediate
SUPER_1	101584087	101633809	IR	358	.	101608839	0.358	0.997	1175	51180	101584087	101589338	101628568	101633809	398148334	101400000	101650000	1177	3482	5241	39230	spaced
SUPER_1	160490219	160497977	IR	358	.	160493825	0.358	0.932	301	7716	160490219	160492504	160495792	160497977	398148334	160250000	160500000	0	4068	2185	3288	spaced
SUPER_1	272169372	272172589	IR	358	.	272171137	0.358	0.978	167	3541	272169372	272170180	272171781	272172600	398148334	271950000	272200000	167	3682	808	1601	immediate
SUPER_1	204145702	204150611	IR	358	.	204147778	0.358	0.932	163	4887	204145702	204146940	204149373	204150612	398148334	204050000	204300000	0	1635	1238	2433	spaced
SUPER_1	34062512	34065965	IR	358	.	34064241	0.358	0.925	145	3664	34062512	34063581	34064942	34065965	398148334	33900000	34150000	145	2737	1023	1361	immediate
SUPER_1	241850240	241852979	IR	358	.	241851871	0.358	0.957	129	2732	241850240	241851159	241852060	241852996	398148334	241700000	241950000	0	2526	919	901	immediate
SUPER_1	216377872	216389163	IR	358	.	216383072	0.358	0.959	128	11274	216377872	216379001	216388048	216389163	398148334	216150000	216400000	0	3891	1115	9047	spaced
SUPER_1	100042562	100107204	IR	358	.	100074853	0.358	0.970	125	64745	100042562	100043524	100106242	100107209	398148334	99900000	100150000	125	2914	962	62718	spaced
SUPER_1	350505940	350738009	IR	358	.	350622341	0.358	0.893	82	232070	350505940	350507248	350736701	350738031	398148334	350500000	350750000	0	2032	1308	229453	wide
SUPER_1	70900819	70980069	IR	358	.	70940547	0.358	0.684	54	79208	70900819	70900895	70980017	70980069	398148334	70800000	71050000	1046	2340	52	79122	spaced
SUPER_1	162623675	162677286	IR	358	.	162650327	0.358	0.935	53	53834	162623675	162624382	162676579	162677295	398148334	162500000	162750000	53	2507	707	52197	spaced
SUPER_1	85917838	85928516	IR	358	.	85923007	0.358	0.814	51	10812	85917838	85918508	85927945	85928516	398148334	85750000	86000000	51	2886	571	9437	spaced
SUPER_1	175265452	175267944	IR	358	.	175266698	0.358	0.971	45	2569	175265452	175265795	175267601	175267945	398148334	175050000	175300000	45	3611	343	1806	immediate
SUPER_1	142875310	142877454	IR	358	.	142876603	0.358	1.000	23	2583	142875310	142875327	142877437	142877454	398148334	142650000	142900000	1	3772	17	2110	spaced
SUPER_1	265053289	265159126	IR	358	.	265105733	0.358	0.967	22	105822	265053289	265053525	265158890	265159129	398148334	264950000	265200000	0	2603	236	105365	wide
SUPER_1	368453909	368464582	IR	357	.	368458861	0.357	0.973	406	10643	368453909	368456995	368461496	368464585	398148334	368250000	368500000	0	3487	3086	4501	spaced
SUPER_1	205637367	205639122	IR	357	.	205638264	0.357	0.623	140	2279	205637367	205637444	205639045	205639176	398148334	205450000	205700000	2254	3137	77	1601	immediate
SUPER_1	212516261	212529877	IR	357	.	212522677	0.357	0.980	131	13601	212516261	212517262	212528876	212529879	398148334	212300000	212550000	0	3717	1001	11614	spaced
SUPER_1	293209262	293342830	IR	357	.	293275949	0.357	0.930	131	133755	293209262	293210455	293341685	293342830	398148334	293200000	293450000	131	1267	1145	131230	wide
SUPER_1	293434526	293436047	IR	357	.	293435289	0.357	0.957	94	129045	293434526	293435241	293435332	293436059	398148334	293350000	293600000	94	1421	715	91	immediate
SUPER_1	238034220	238042139	IR	357	.	238038669	0.357	0.812	89	7971	238034220	238035014	238041345	238042211	398148334	237850000	238100000	0	3136	794	6331	spaced
SUPER_1	207049766	207057757	IR	357	.	207053308	0.357	0.985	86	7971	207049766	207050295	207057233	207057757	398148334	206900000	207150000	0	2562	524	6938	spaced
SUPER_1	268561393	268651235	IR	357	.	268606066	0.357	0.967	53	89905	268561393	268562155	268650474	268651235	398148334	268550000	268800000	53	938	761	88319	spaced
SUPER_1	48613823	48633283	IR	357	.	48623814	0.357	0.965	46	19444	48613823	48614162	48632944	48633287	398148334	48400000	48650000	0	3725	339	18782	spaced
SUPER_1	378232548	378253431	IR	357	.	378243219	0.357	0.907	44	20874	378232548	378232587	378253392	378253435	398148334	378050000	378300000	107	3216	39	20805	spaced
SUPER_1	377669718	377672305	IR	357	.	377671452	0.357	0.964	37	2563	377669718	377670109	377671914	377672307	398148334	377450000	377700000	0	3683	391	1805	immediate
SUPER_1	348778510	348885313	IR	357	.	348832018	0.357	0.856	32	106864	348778510	348778931	348884892	348885362	398148334	348700000	348950000	32	2198	421	105961	wide
SUPER_1	136034505	136037922	IR	356	.	136035763	0.356	0.865	125	3478	136034505	136035677	136036750	136038006	398148334	135900000	136150000	0	2270	1172	1073	immediate
SUPER_1	278798104	278800507	IR	356	.	278799120	0.356	0.985	121	2817	278798104	278798651	278799960	278800510	398148334	278600000	278850000	121	3321	547	1309	immediate
SUPER_1	210307328	210471875	IR	356	.	210389137	0.356	0.987	115	164481	210307328	210308220	210470983	210471876	398148334	210250000	210500000	0	2326	892	162763	wide
SUPER_1	123350512	123353678	IR	356	.	123352071	0.356	0.901	108	3397	123350512	123351550	123352640	123353734	398148334	123250000	123500000	117	1701	1038	1090	immediate
SUPER_1	231998514	232001082	IR	356	.	231999813	0.356	0.932	103	2710	231998514	231999235	232000390	232001082	398148334	231900000	232150000	103	1663	692	1155	immediate
SUPER_1	291638087	291641222	IR	356	.	291639655	0.356	0.956	97	3494	291638087	291638851	291640458	291641225	398148334	291400000	291650000	97	3994	764	1607	immediate
SUPER_1	255336811	255340067	IR	356	.	255338845	0.356	0.980	94	3249	255336811	255337452	255339426	255340078	398148334	255100000	255350000	0	3973	641	1974	immediate
SUPER_1	94847549	94851017	IR	356	.	94849337	0.356	0.984	83	3542	94847549	94848065	94850501	94851017	398148334	94700000	94950000	83	2487	516	2436	spaced
SUPER_1	346990100	347197749	IR	356	.	347093522	0.356	0.402	77	207614	346990100	347045514	347142335	347197750	398148334	346950000	347200000	0	2398	55414	96821	spaced
SUPER_1	321527931	321538079	IR	356	.	321532862	0.356	0.959	67	10214	321527931	321528373	321537638	321538079	398148334	321400000	321650000	67	2216	441	9265	spaced
SUPER_1	205218905	205223617	IR	356	.	205220794	0.356	0.950	65	4690	205218905	205219376	205223151	205223617	398148334	205100000	205350000	0	2020	466	3775	spaced
SUPER_1	431040	517289	IR	356	.	474318	0.356	0.926	60	86299	431040	431493	516836	517303	398148334	350000	600000	60	2069	453	85343	spaced
SUPER_1	144878319	144997933	IR	356	.	144938095	0.356	0.706	46	119566	144878319	144878379	144997873	144997958	398148334	144750000	145000000	1091	3135	60	119494	wide
SUPER_1	3490359	3667724	IR	356	.	3578591	0.356	0.906	42	177383	3490359	3491141	3666942	3667760	398148334	3450000	3700000	0	2150	782	175801	wide
SUPER_1	388003444	388071358	IR	356	.	388036958	0.356	0.936	41	67888	388003444	388003993	388070809	388071360	398148334	387850000	388100000	0	3123	549	66816	spaced
SUPER_1	11630738	11668173	IR	356	.	11649168	0.356	0.958	36	37421	11630738	11631089	11667822	11668181	398148334	11450000	11700000	0	3324	351	36733	spaced
SUPER_1	350820218	350822439	IR	356	.	350821308	0.356	0.939	27	2367	350820218	350820409	350822248	350822444	398148334	350600000	350850000	27	3688	191	1839	immediate
SUPER_1	7411873	7430657	IR	356	.	7420852	0.356	0.987	25	18756	7411873	7412097	7430433	7430657	398148334	7200000	7450000	0	3687	224	18336	spaced
SUPER_1	235191758	235216203	IR	356	.	235204412	0.356	0.939	25	24426	235191758	235192282	235215679	235216205	398148334	235150000	235400000	0	899	524	23397	spaced
SUPER_1	22173102	22254972	IR	356	.	22213688	0.356	0.967	21	81850	22173102	22173313	22254761	22254972	398148334	22050000	22300000	0	2733	211	81448	spaced
SUPER_1	376621762	376641835	IR	356	.	376632179	0.356	0.923	21	20009	376621762	376622155	376641442	376641842	398148334	376600000	376850000	0	529	393	19287	spaced
SUPER_1	2494677	2561204	IR	356	.	2528104	0.356	0.858	20	66542	2494677	2494946	2560935	2561217	398148334	2450000	2700000	20	1298	269	65989	spaced
SUPER_1	158659379	158690166	IR	355	.	158674784	0.355	0.971	375	31889	158659379	158661684	158687861	158690185	398148334	158500000	158750000	375	2912	2305	26177	spaced
SUPER_1	205054895	205060906	IR	355	.	205058324	0.355	0.977	371	5981	205054895	205057612	205058189	205060906	398148334	204850000	205100000	0	3464	2717	577	immediate
SUPER_1	201671005	201674922	IR	355	.	201672963	0.355	1.000	368	5461	201671005	201672676	201673251	201674922	398148334	201550000	201800000	370	2049	1671	575	immediate
SUPER_1	342470204	342473458	IR	355	.	342471781	0.355	0.991	216	3456	342470204	342471169	342472493	342473461	398148334	342250000	342500000	216	3697	965	1324	immediate
SUPER_1	186624491	186637211	IR	355	.	186630353	0.355	0.958	213	12706	186624491	186626618	186635084	186637219	398148334	186400000	186650000	0	3847	2127	8466	spaced
SUPER_1	342685831	342714238	IR	355	.	342700009	0.355	0.922	200	29790	342685831	342692429	342707669	342714238	398148334	342550000	342800000	200	2500	6569	15240	spaced
SUPER_1	139997169	140002188	IR	355	.	139999357	0.355	0.964	151	5000	139997169	139998426	140000931	140002190	398148334	139800000	140050000	0	3327	1257	2505	spaced
SUPER_1	226587741	226598138	IR	355	.	226593049	0.355	0.956	139	10749	226587741	226589316	226596563	226598147	398148334	226350000	226600000	139	4048	1575	7247	spaced
SUPER_1	149461771	149468041	IR	355	.	149464398	0.355	0.990	115	6245	149461771	149462553	149467259	149468042	398148334	149250000	149500000	0	3581	782	4706	spaced
SUPER_1	282772145	282789960	IR	355	.	282780904	0.355	0.990	100	17895	282772145	282772650	282789455	282789963	398148334	282550000	282800000	100	3850	505	16805	spaced
SUPER_1	211630367	211633114	IR	355	.	211631361	0.355	0.943	82	2731	211630367	211631256	211632225	211633123	398148334	211550000	211800000	0	1362	889	969	immediate
SUPER_1	362048481	362086466	IR	355	.	362067002	0.355	0.946	74	37967	362048481	362049335	362085612	362086475	398148334	361850000	362100000	0	3624	854	36277	spaced
SUPER_1	203271993	203274643	IR	355	.	203273318	0.355	0.997	72	2712	203271993	203272310	203274326	203274644	398148334	203100000	203350000	72	2888	317	2016	spaced
SUPER_1	28913113	29028707	IR	355	.	28970574	0.355	0.403	55	60707	28913113	28968922	28972898	29028737	398148334	28800000	29050000	0	2848	55809	3976	spaced
SUPER_1	179150861	179274087	IR	355	.	179212444	0.355	0.942	53	123263	179150861	179151462	179273488	179274087	398148334	179050000	179300000	53	2707	599	122026	wide
SUPER_1	189761362	189804584	IR	355	.	189782528	0.355	0.872	49	43203	189761362	189761883	189804063	189804624	398148334	189600000	189850000	0	3049	521	42180	spaced
SUPER_1	108882479	109095227	IR	355	.	108989045	0.355	0.925	48	212795	108882479	108883273	109094434	109095227	398148334	108850000	109100000	48	2314	793	211161	wide
SUPER_1	90702726	90749856	IR	355	.	90726181	0.355	0.632	46	47159	90702726	90703138	90749552	90749856	398148334	90500000	90750000	46	3771	304	46414	spaced
SUPER_1	117706831	117710146	IR	355	.	117708297	0.355	0.792	46	3346	117706831	117707481	117709496	117710161	398148334	117550000	117800000	46	2641	650	2015	spaced
SUPER_1	362655198	362748779	IR	355	.	362701629	0.355	0.818	42	93566	362655198	362655826	362748151	362748782	398148334	362500000	362750000	0	3366	628	92325	spaced
SUPER_1	187392289	187394256	IR	355	.	187393272	0.355	0.938	40	2012	187392289	187392640	187393908	187394256	398148334	187250000	187500000	40	2387	348	1268	immediate
SUPER_1	280827992	280902824	IR	355	.	280865889	0.355	0.987	38	74813	280827992	280828293	280902523	280902824	398148334	280700000	280950000	0	2756	301	74230	spaced
SUPER_1	10591275	10597626	IR	355	.	10594458	0.355	0.456	34	6345	10591275	10594435	10594481	10597626	398148334	10450000	10700000	34	2407	3145	46	immediate
SUPER_1	136728311	136730336	IR	355	.	136729326	0.355	0.970	31	2018	136728311	136728504	136730143	136730341	398148334	136500000	136750000	31	3821	193	1639	immediate
SUPER_1	304308857	304444166	IR	355	.	304376881	0.355	0.705	31	135327	304308857	304309656	304443367	304444202	398148334	304250000	304500000	0	2108	799	133711	wide
SUPER_1	383228425	383229781	IR	355	.	383229103	0.355	0.827	31	95859	383228425	383228849	383229391	383229781	398148334	383100000	383350000	45	2151	390	542	immediate
SUPER_1	165633849	165697207	IR	355	.	165665419	0.355	0.901	28	63365	165633849	165634233	165696843	165697207	398148334	165500000	165750000	28	2758	364	62610	spaced
SUPER_1	135033363	135036480	IR	355	.	135035196	0.355	0.622	27	3071	135033363	135033409	135036434	135036508	398148334	134800000	135050000	0	3915	46	3025	spaced
SUPER_1	243296169	243461906	IR	355	.	243378838	0.355	0.963	27	166184	243296169	243296410	243461665	243461906	398148334	243250000	243500000	27	2150	241	165255	wide
SUPER_1	146065154	146110668	IR	355	.	146087687	0.355	0.970	23	46580	146065154	146065221	146110601	146110668	398148334	146000000	146250000	4	1465	67	45380	spaced
SUPER_1	392754504	392806350	IR	355	.	392779958	0.355	0.971	22	51825	392754504	392754779	392806076	392806350	398148334	392650000	392900000	0	2173	274	51297	spaced
SUPER_1	328869125	328927914	IR	355	.	328898448	0.355	0.971	20	58789	328869125	328869263	328927776	328927914	398148334	328850000	329100000	20	808	138	58513	spaced
SUPER_1	230428671	230434428	IR	354	.	230431308	0.354	0.971	370	6172	230428671	230430925	230432182	230434428	398148334	230200000	230450000	370	3859	2246	1257	immediate
SUPER_1	331568766	331572775	IR	354	.	331570697	0.354	0.999	355	4380	331568766	331570330	331571211	331572776	398148334	331350000	331600000	355	3679	1564	881	immediate
SUPER_1	25987367	25990096	IR	354	.	25989003	0.354	1.000	239	2711	25987367	25988710	25988753	25990096	398148334	25750000	26000000	0	3978	1343	43	immediate
SUPER_1	186973856	186981140	IR	354	.	186976998	0.354	0.996	226	7262	186973856	186975204	186979793	186981140	398148334	186750000	187000000	0	3791	1347	4589	spaced
SUPER_1	200503979	200587160	IR	354	.	200546047	0.354	0.878	194	83127	200503979	200505830	200585309	200587160	398148334	200350000	200600000	0	3259	1851	79479	spaced
SUPER_1	289838565	289842676	IR	354	.	289840249	0.354	0.991	179	4088	289838565	289839728	289841515	289842676	398148334	289600000	289850000	0	4010	1161	1787	immediate
SUPER_1	225585494	225666505	IR	354	.	225625627	0.354	0.412	128	42386	225585494	225625878	225626121	225666594	398148334	225450000	225700000	0	2933	40384	243	immediate
SUPER_1	110345453	110348447	IR	354	.	110346926	0.354	0.982	77	3169	110345453	110345893	110348009	110348447	398148334	110100000	110350000	77	4115	438	2116	spaced
SUPER_1	42938147	42943262	IR	354	.	42941148	0.354	0.998	74	5091	42938147	42938547	42942862	42943262	398148334	42800000	43050000	0	2344	400	4315	spaced
SUPER_1	6118770	6120913	IR	354	.	6119854	0.354	0.925	73	2676	6118770	6119506	6120202	6120913	398148334	5950000	6200000	73	2830	711	696	immediate
SUPER_1	59813553	59908578	IR	354	.	59861328	0.354	0.929	60	94996	59813553	59814468	59907674	59908578	398148334	59700000	59950000	0	2684	904	93206	spaced
SUPER_1	110476011	110479579	IR	354	.	110478232	0.354	0.943	57	3546	110476011	110476868	110478731	110479579	398148334	110250000	110500000	0	3796	848	1863	immediate
SUPER_1	63536986	63539592	IR	354	.	63538287	0.354	1.000	55	2645	63536986	63537223	63539355	63539592	398148334	63450000	63700000	55	1471	237	2132	spaced
SUPER_1	122516093	122604770	IR	354	.	122560055	0.354	0.947	53	88648	122516093	122516994	122603869	122604770	398148334	122400000	122650000	0	2673	901	86875	spaced
SUPER_1	106074042	106282937	IR	354	.	106178436	0.354	0.875	52	209186	106074042	106075965	106281086	106282937	398148334	106050000	106300000	52	2141	1851	205121	wide
SUPER_1	357691055	357700472	IR	354	.	357695258	0.354	0.994	48	9393	357691055	357691383	357700144	357700472	398148334	357500000	357750000	0	3262	328	8761	spaced
SUPER_1	204751952	204754549	IR	354	.	204753251	0.354	0.872	46	2677	204751952	204752507	204754044	204754549	398148334	204550000	204800000	46	3387	505	1537	immediate
SUPER_1	52476839	52511498	IR	354	.	52494297	0.354	0.769	43	34690	52476839	52477258	52511157	52511498	398148334	52450000	52700000	43	736	341	33899	spaced
SUPER_1	249200547	249200619	IR	354	.	249200638	0.354	1.000	41	118964	249200547	249200597	249200569	249200619	398148334	249050000	249300000	503	2509	50	-28	overlap
SUPER_1	111517252	111519434	IR	354	.	111518344	0.354	0.944	35	2208	111517252	111517588	111519100	111519434	398148334	111500000	111750000	35	305	334	1512	immediate
SUPER_1	394761343	394959980	IR	354	.	394860473	0.354	0.958	32	198787	394761343	394761625	394959698	394959981	398148334	394750000	395000000	32	1844	282	198073	wide
SUPER_1	3998535	4023042	IR	354	.	4010698	0.354	0.955	31	24499	3998535	3998824	4022754	4023042	398148334	3950000	4200000	31	1013	288	23930	spaced
SUPER_1	323631146	323642183	IR	354	.	323637104	0.354	0.950	30	11011	323631146	323631386	323641951	323642183	398148334	323550000	323800000	0	1444	232	10565	spaced
SUPER_1	296399144	296427732	IR	354	.	296413436	0.354	0.741	28	28554	296399144	296399198	296427692	296427732	398148334	296300000	296550000	259	1890	40	28494	spaced
SUPER_1	290250817	290281882	IR	354	.	290265895	0.354	0.853	25	30947	290250817	290251239	290281502	290281882	398148334	290100000	290350000	0	2772	380	30263	spaced
SUPER_1	395752528	395756715	IR	354	.	395754917	0.354	0.908	25	4166	395752528	395752895	395756348	395756716	398148334	395750000	396000000	0	76	367	3453	spaced
SUPER_1	98377758	98391411	IR	354	.	98384939	0.354	0.420	24	13625	98377758	98384636	98384609	98391411	398148334	98200000	98450000	0	3076	6802	-27	overlap
SUPER_1	357283479	357285705	IR	354	.	357284594	0.354	0.963	24	2213	357283479	357283669	357285519	357285705	398148334	357100000	357350000	24	3076	186	1850	immediate
SUPER_1	179691135	179760539	IR	354	.	179726209	0.354	0.987	23	69376	179691135	179691359	179760315	179760539	398148334	179550000	179800000	0	2930	224	68956	spaced
SUPER_1	234263188	234401813	IR	353	.	234332593	0.353	0.994	875	139697	234263188	234267469	234397532	234401813	398148334	234250000	234500000	875	1374	4281	130063	wide
SUPER_1	52263012	52309039	IR	353	.	52286448	0.353	0.965	663	45991	52263012	52267934	52304152	52309039	398148334	52100000	52350000	0	3100	4887	36218	spaced
SUPER_1	222209534	222216405	IR	353	.	222212842	0.353	1.000	647	7624	222209534	222212396	222213543	222216405	398148334	222000000	222250000	647	3549	2862	1147	immediate
SUPER_1	238405431	238418277	IR	353	.	238411545	0.353	0.999	423	12824	238405431	238407817	238415891	238418277	398148334	238200000	238450000	0	3530	2386	8074	spaced
SUPER_1	100370660	100566090	IR	353	.	100468600	0.353	0.839	248	193399	100370660	100383111	100553644	100566090	398148334	100350000	100600000	65	1972	12446	170533	wide
SUPER_1	9701722	9704539	IR	353	.	9703131	0.353	0.998	204	2980	9701722	9702709	9703552	9704540	398148334	9500000	9750000	204	3385	987	843	immediate
SUPER_1	44006280	44178390	IR	353	.	44091901	0.353	0.958	188	172090	44006280	44007649	44177067	44178390	398148334	43950000	44200000	0	2372	1323	169418	wide
SUPER_1	145936863	145939534	IR	353	.	145938604	0.353	1.000	175	2641	145936863	145937798	145938599	145939534	398148334	145700000	145950000	0	3969	935	801	immediate
SUPER_1	270371186	270374234	IR	353	.	270372850	0.353	0.899	160	3355	270371186	270372193	270373227	270374309	398148334	270200000	270450000	171	2878	1007	1034	immediate
SUPER_1	65802810	65805334	IR	353	.	65804072	0.353	0.902	119	2743	65802810	65803745	65804400	65805334	398148334	65650000	65900000	119	2567	934	655	immediate
SUPER_1	176604065	176607056	IR	353	.	176605594	0.353	0.703	98	3122	176604065	176605424	176605775	176607056	398148334	176500000	176750000	98	1759	1281	351	immediate
SUPER_1	46366045	46370521	IR	353	.	46368452	0.353	0.938	74	4564	46366045	46366650	46369916	46370541	398148334	46250000	46500000	74	1971	605	3266	spaced
SUPER_1	279527519	279576207	IR	353	.	279552105	0.353	0.981	68	48668	279527519	279528090	279575637	279576207	398148334	279350000	279600000	0	3364	570	47547	spaced
SUPER_1	294561614	294565281	IR	353	.	294563044	0.353	0.985	54	3647	294561614	294562020	294564876	294565281	398148334	294550000	294800000	0	223	405	2856	spaced
SUPER_1	171126418	171129526	IR	353	.	171127714	0.353	0.966	51	3087	171126418	171126921	171129023	171129526	398148334	170900000	171150000	0	3799	503	2102	spaced
SUPER_1	277112353	277128418	IR	353	.	277120382	0.353	0.979	51	16083	277112353	277112679	277128092	277128418	398148334	276950000	277200000	51	2839	326	15413	spaced
SUPER_1	232036088	232131232	IR	353	.	232083359	0.353	0.871	50	95124	232036088	232036688	232130635	232131232	398148334	232000000	232250000	0	1394	597	93947	spaced
SUPER_1	259773276	259988989	IR	353	.	259881157	0.353	0.394	50	215852	259773276	259880849	259881465	259988989	398148334	259750000	260000000	50	2185	107524	616	immediate
SUPER_1	128282714	128321760	IR	353	.	128302659	0.353	0.972	48	39026	128282714	128283213	128321261	128321760	398148334	128100000	128350000	0	3370	499	38048	spaced
SUPER_1	205433238	205437777	IR	353	.	205435957	0.353	0.976	47	4509	205433238	205433609	205437410	205437777	398148334	205250000	205500000	0	3091	367	3801	spaced
SUPER_1	46137561	46188997	IR	353	.	46163413	0.353	0.000	46	51381	46137561	46137596	46188962	46189082	398148334	46000000	46250000	175	2721	35	51366	spaced
SUPER_1	32089746	32107893	IR	353	.	32098364	0.353	0.871	42	18122	32089746	32091178	32106501	32107893	398148334	31900000	32150000	0	3313	1392	15323	spaced
SUPER_1	167101443	167253337	IR	353	.	167177134	0.353	0.398	41	151961	167101443	167176448	167178332	167253425	398148334	167050000	167300000	0	2123	75005	1884	immediate
SUPER_1	88779140	88809610	IR	353	.	88794752	0.353	0.870	38	30456	88779140	88779882	88808868	88809672	398148334	88750000	89000000	0	739	742	28986	spaced
SUPER_1	267721418	267787481	IR	353	.	267754038	0.353	0.927	37	66037	267721418	267721940	267786960	267787481	398148334	267600000	267850000	0	2574	521	65020	spaced
SUPER_1	358841737	358849590	IR	353	.	358845690	0.353	0.909	37	7892	358841737	358842262	358849076	358849590	398148334	358750000	359000000	37	1594	514	6814	spaced
SUPER_1	27053025	27061764	IR	353	.	27057825	0.353	0.827	34	8724	27053025	27053969	27060820	27061772	398148334	26850000	27100000	0	3456	944	6851	spaced
SUPER_1	91367685	91525911	IR	353	.	91446643	0.353	0.940	34	158341	91367685	91368112	91525484	91525914	398148334	91300000	91550000	34	2446	427	157372	wide
SUPER_1	204443249	204496767	IR	353	.	204469527	0.353	0.928	34	53508	204443249	204443709	204496307	204496779	398148334	204250000	204500000	0	3666	460	52598	spaced
SUPER_1	367060213	367060284	IR	353	.	367060252	0.353	0.980	34	162553	367060213	367060262	367060235	367060285	398148334	366900000	367150000	511	2670	49	-27	overlap
SUPER_1	362835951	362856390	IR	353	.	362845809	0.353	0.972	33	20408	362835951	362836240	362856101	362856390	398148334	362750000	363000000	0	1602	289	19861	spaced
SUPER_1	39998824	40003773	IR	353	.	40000840	0.353	0.991	32	4924	39998824	39999049	40003550	40003773	398148334	39800000	40050000	0	3354	223	4501	spaced
SUPER_1	84163565	84236828	IR	353	.	84199984	0.353	0.881	29	73285	84163565	84164045	84236378	84236828	398148334	84000000	84250000	29	3336	450	72333	spaced
SUPER_1	197902919	197973349	IR	353	.	197938281	0.353	0.972	29	70460	197902919	197903170	197973098	197973349	398148334	197750000	198000000	31	3135	251	69928	spaced
SUPER_1	367060215	367060282	IR	353	.	367060252	0.353	0.940	25	20109	367060215	367060262	367060235	367060285	398148334	367050000	367300000	502	170	47	-27	overlap
SUPER_1	367060213	367060269	IR	353	.	367060252	0.353	0.902	23	20109	367060213	367060250	367060232	367060273	398148334	366850000	367100000	233	3503	37	-18	overlap
SUPER_1	367060213	367060269	IR	353	.	367060252	0.353	0.902	23	20109	367060213	367060250	367060232	367060273	398148334	367000000	367250000	233	1003	37	-18	overlap
SUPER_1	9219699	9222575	IR	353	.	9220646	0.353	0.691	20	2855	9219699	9219901	9222373	9222651	398148334	9200000	9450000	0	352	202	2472	spaced
SUPER_1	355029467	355034136	IR	352	.	355031297	0.352	0.999	265	4647	355029467	355030970	355032633	355034136	398148334	354800000	355050000	0	3863	1503	1663	immediate
SUPER_1	361234628	361240932	IR	352	.	361238109	0.352	0.994	201	6276	361234628	361235888	361239672	361240933	398148334	361000000	361250000	0	3962	1260	3784	spaced
SUPER_1	95287429	95327481	IR	352	.	95307426	0.352	0.927	147	40413	95287429	95288758	95326152	95327515	398148334	95100000	95350000	147	3457	1329	37394	spaced
SUPER_1	270631438	270726157	IR	352	.	270678807	0.352	0.925	146	95460	270631438	270632497	270725098	270726207	398148334	270600000	270850000	148	1313	1059	92601	spaced
SUPER_1	341089864	341099987	IR	352	.	341095384	0.352	1.000	139	10099	341089864	341090602	341099249	341099987	398148334	340850000	341100000	0	4081	738	8647	spaced
SUPER_1	168162740	168166854	IR	352	.	168164799	0.352	0.968	134	4221	168162740	168163647	168165957	168166854	398148334	167950000	168200000	134	3579	897	2310	spaced
SUPER_1	112851243	112854234	IR	352	.	112852739	0.352	0.981	122	3194	112851243	112852029	112853448	112854234	398148334	112650000	112900000	122	3378	786	1419	immediate
SUPER_1	334731592	334735753	IR	352	.	334733335	0.352	0.982	120	4145	334731592	334732374	334734971	334735760	398148334	334500000	334750000	0	3894	782	2597	spaced
SUPER_1	174267264	174497791	IR	352	.	174382026	0.352	0.975	110	230506	174267264	174268169	174496892	174497791	398148334	174250000	174500000	0	2208	899	228723	wide
SUPER_1	224238740	224262323	IR	352	.	224250782	0.352	0.958	87	23563	224238740	224239644	224261421	224262323	398148334	224100000	224350000	0	2508	902	21777	spaced
SUPER_1	154828407	154922483	IR	352	.	154875887	0.352	0.900	86	94103	154828407	154829415	154921475	154922527	398148334	154750000	155000000	0	2090	1008	92060	spaced
SUPER_1	122639602	122642163	IR	352	.	122640829	0.352	0.870	85	2748	122639602	122640350	122641415	122642204	398148334	122450000	122700000	85	3181	748	1065	immediate
SUPER_1	106873541	106876445	IR	352	.	106874993	0.352	0.981	79	2973	106873541	106874024	106875962	106876447	398148334	106800000	107050000	79	1249	483	1938	immediate
SUPER_1	38657656	38669091	IR	352	.	38662904	0.352	0.863	73	11488	38657656	38659514	38667233	38669167	398148334	38450000	38700000	0	3556	1858	7719	spaced
SUPER_1	193015418	193025368	IR	352	.	193020663	0.352	0.836	73	9932	193015418	193016303	193024558	193025368	398148334	192800000	193050000	0	3673	810	8255	spaced
SUPER_1	144269890	144337835	IR	352	.	144304318	0.352	0.914	69	67910	144269890	144271176	144336549	144337851	398148334	144100000	144350000	0	3397	1286	65373	spaced
SUPER_1	285440201	285637619	IR	352	.	285538962	0.352	0.961	69	197539	285440201	285440789	285637036	285637619	398148334	285400000	285650000	69	2315	583	196247	wide
SUPER_1	84126647	84128094	IR	352	.	84127370	0.352	0.997	67	78611	84126647	84126966	84127775	84128094	398148334	83950000	84200000	67	2956	319	809	immediate
SUPER_1	287900268	287937520	IR	352	.	287918420	0.352	0.911	60	37249	287900268	287901485	287936303	287937555	398148334	287700000	287950000	0	3648	1217	34818	spaced
SUPER_1	255017621	255117528	IR	352	.	255067397	0.352	0.991	57	99933	255017621	255017955	255117194	255117528	398148334	254900000	255150000	57	2792	334	99239	spaced
SUPER_1	16603214	16774499	IR	352	.	16688891	0.352	0.988	55	171318	16603214	16603555	16774158	16774499	398148334	16550000	16800000	55	2314	341	170603	wide
SUPER_1	106683849	106780172	IR	352	.	106732429	0.352	0.910	53	96333	106683849	106684667	106779354	106780199	398148334	106600000	106850000	0	2200	818	94687	spaced
SUPER_1	219960110	219979666	IR	352	.	219969663	0.352	0.559	52	19563	219960110	219960955	219978821	219979669	398148334	219950000	220200000	19	331	845	17866	spaced
SUPER_1	292706882	292853014	IR	352	.	292780329	0.352	0.865	47	146122	292706882	292707544	292852352	292853022	398148334	292650000	292900000	0	2165	662	144808	wide
SUPER_1	54293568	54415474	IR	352	.	54354406	0.352	0.885	41	121954	54293568	54293977	54415065	54415493	398148334	54200000	54450000	41	2575	409	121088	wide
SUPER_1	235595143	235673537	IR	352	.	235634180	0.352	0.957	40	78446	235595143	235595437	235673243	235673542	398148334	235450000	235700000	40	3072	294	77806	spaced
SUPER_1	245351385	245486819	IR	352	.	245418790	0.352	0.922	39	135412	245351385	245351864	245486340	245486842	398148334	245250000	245500000	0	2818	479	134476	wide
SUPER_1	341682201	341766024	IR	352	.	341724261	0.352	0.882	39	83860	341682201	341682546	341765679	341766046	398148334	341550000	341800000	39	2901	345	83133	spaced
SUPER_1	176932277	176935891	IR	352	.	176934439	0.352	1.000	38	3590	176932277	176932504	176935664	176935891	398148334	176800000	177050000	0	2234	227	3160	spaced
SUPER_1	229789872	229792995	IR	352	.	229791443	0.352	0.548	38	3181	229789872	229791045	229791822	229793020	398148334	229600000	229850000	38	3190	1173	777	immediate
SUPER_1	376555761	376594848	IR	352	.	376574990	0.352	0.702	35	39011	376555761	376556845	376593785	376594848	398148334	376550000	376800000	0	421	1063	36940	spaced
SUPER_1	33845306	33853498	IR	352	.	33849506	0.352	0.986	34	8241	33845306	33845518	33853287	33853498	398148334	33800000	34050000	34	823	211	7769	spaced
SUPER_1	300829147	300836977	IR	352	.	300833357	0.352	0.849	29	7843	300829147	300829369	300836755	300837013	398148334	300700000	300950000	0	2217	222	7386	spaced
SUPER_1	391256638	391346323	IR	352	.	391301662	0.352	0.967	28	89769	391256638	391256847	391346114	391346323	398148334	391100000	391350000	28	3357	209	89267	spaced
SUPER_1	4068253	4231574	IR	352	.	4150261	0.352	0.719	27	163275	4068253	4068317	4231528	4231574	398148334	4000000	4250000	0	2498	46	163211	wide
SUPER_1	68306657	68313324	IR	352	.	68309960	0.352	0.843	27	6621	68306657	68307041	68312940	68313354	398148334	68100000	68350000	27	3499	384	5899	spaced
SUPER_1	326149361	326198310	IR	352	.	326173499	0.352	0.825	26	48930	326149361	326149704	326198003	326198310	398148334	325950000	326200000	0	3730	307	48299	spaced
SUPER_1	26929465	27035834	IR	352	.	26982703	0.352	0.937	23	106488	26929465	26929840	27035459	27035839	398148334	26850000	27100000	23	2210	375	105619	wide
SUPER_1	296280246	296349610	IR	352	.	296314418	0.352	1.000	20	69312	296280246	296280298	296349558	296349610	398148334	296100000	296350000	0	3581	52	69260	spaced
SUPER_1	328795620	328813847	IR	351	.	328805203	0.351	0.997	833	18208	328795620	328799630	328809837	328813849	398148334	328600000	328850000	0	3412	4010	10207	spaced
SUPER_1	30271816	30353074	IR	351	.	30312333	0.351	0.836	496	81788	30271816	30275951	30348991	30353074	398148334	30150000	30400000	496	2707	4083	73040	spaced
SUPER_1	174825346	174841518	IR	351	.	174832953	0.351	0.978	484	16168	174825346	174828587	174838277	174841533	398148334	174600000	174850000	0	3890	3241	9690	spaced
SUPER_1	21127528	21131919	IR	351	.	21129724	0.351	0.999	412	4834	21127528	21129344	21130103	21131921	398148334	20900000	21150000	412	3828	1816	759	immediate
SUPER_1	264044336	264058966	IR	351	.	264051200	0.351	0.998	294	14597	264044336	264046070	264057232	264058966	398148334	263850000	264100000	0	3360	1734	11162	spaced
SUPER_1	289727264	289731621	IR	351	.	289728998	0.351	0.991	219	4335	289727264	289728619	289730274	289731621	398148334	289500000	289750000	0	3823	1347	1655	immediate
SUPER_1	172479871	172546205	IR	351	.	172513432	0.351	0.938	212	66264	172479871	172482295	172543781	172546212	398148334	172300000	172550000	0	3550	2424	61486	spaced
SUPER_1	125196376	125198475	IR	351	.	125197268	0.351	1.000	153	2259	125196376	125197060	125197791	125198475	398148334	124950000	125200000	153	4123	684	731	immediate
SUPER_1	152939530	152942424	IR	351	.	152940972	0.351	0.978	130	3397	152939530	152940274	152941681	152942424	398148334	152700000	152950000	130	4016	743	1407	immediate
SUPER_1	215306332	215334489	IR	351	.	215320135	0.351	0.892	121	28236	215306332	215307916	215332905	215334586	398148334	215150000	215400000	0	2840	1584	24989	spaced
SUPER_1	156238019	156240374	IR	351	.	156239235	0.351	0.869	112	2461	156238019	156238876	156239617	156240374	398148334	156050000	156300000	112	3153	757	741	immediate
SUPER_1	208437723	208445980	IR	351	.	208441812	0.351	1.000	103	8333	208437723	208438240	208445463	208445980	398148334	208200000	208450000	103	4030	517	7223	spaced
SUPER_1	33519067	33601315	IR	351	.	33559901	0.351	0.407	95	82230	33519067	33560116	33560269	33601315	398148334	33450000	33700000	0	1836	41046	153	immediate
SUPER_1	132818288	132912771	IR	351	.	132865048	0.351	0.894	89	94463	132818288	132819469	132911590	132912772	398148334	132700000	132950000	0	2758	1181	92121	spaced
SUPER_1	392809953	392946722	IR	351	.	392877925	0.351	0.969	73	136740	392809953	392810528	392946160	392946722	398148334	392700000	392950000	0	2972	562	135632	wide
SUPER_1	242026596	242066808	IR	351	.	242047163	0.351	0.925	57	40202	242026596	242027246	242066158	242066824	398148334	241850000	242100000	0	3278	650	38912	spaced
SUPER_1	213107717	213118202	IR	351	.	213113340	0.351	0.933	56	10484	213107717	213108200	213117719	213118222	398148334	212900000	213150000	0	3549	483	9519	spaced
SUPER_1	249090709	249093586	IR	351	.	249092234	0.351	0.958	56	2961	249090709	249091114	249093189	249093586	398148334	248850000	249100000	56	4035	397	2075	spaced
SUPER_1	78600121	78661763	IR	351	.	78630858	0.351	0.646	54	61586	78600121	78600169	78661715	78661793	398148334	78450000	78700000	911	3015	48	61546	spaced
SUPER_1	268902623	268904822	IR	351	.	268903831	0.351	0.973	54	2228	268902623	268903032	268904413	268904822	398148334	268750000	269000000	55	2561	409	1381	immediate
SUPER_1	29088422	29096241	IR	351	.	29091989	0.351	0.972	53	7800	29088422	29088891	29095772	29096242	398148334	28850000	29100000	0	4038	469	6881	spaced
SUPER_1	249805	358736	IR	351	.	303816	0.351	0.930	51	108907	249805	250708	357833	358743	398148334	150000	400000	0	2571	903	107125	wide
SUPER_1	122911757	122914684	IR	351	.	122913221	0.351	0.959	48	3088	122911757	122912290	122914152	122914684	398148334	122750000	123000000	48	2720	532	1862	immediate
SUPER_1	364283673	364448407	IR	351	.	364366520	0.351	0.979	43	164718	364283673	364284003	364448077	364448411	398148334	364250000	364500000	0	1933	330	164074	wide
SUPER_1	176240984	176243409	IR	351	.	176242196	0.351	0.853	42	2667	176240984	176241495	176242898	176243454	398148334	176000000	176250000	42	4036	511	1403	immediate
SUPER_1	259093245	259095496	IR	351	.	259094372	0.351	0.953	41	2255	259093245	259093580	259095161	259095502	398148334	258850000	259100000	41	4072	335	1581	immediate
SUPER_1	203811870	204019818	IR	351	.	203915706	0.351	0.961	37	207983	203811870	203812233	204019455	204019818	398148334	203800000	204050000	37	1930	363	207222	wide
SUPER_1	228320619	228326417	IR	351	.	228323846	0.351	0.825	36	5775	228320619	228321309	228325758	228326417	398148334	228250000	228500000	0	1225	659	4449	spaced
SUPER_1	189734446	189737942	IR	351	.	189735821	0.351	0.986	35	3462	189734446	189734738	189737650	189737942	398148334	189650000	189900000	0	1436	292	2912	spaced
SUPER_1	975983	1024055	IR	351	.	999568	0.351	0.847	34	48048	975983	976449	1023589	1024063	398148334	900000	1150000	0	1666	466	47140	spaced
SUPER_1	360595454	360745727	IR	351	.	360670725	0.351	0.747	33	150266	360595454	360596224	360745036	360745727	398148334	360500000	360750000	35	2843	691	148812	wide
SUPER_1	30720995	30724714	IR	351	.	30722568	0.351	0.975	30	3701	30720995	30721269	30724440	30724716	398148334	30500000	30750000	0	3714	274	3171	spaced
SUPER_1	212119681	212296281	IR	351	.	212208011	0.351	0.959	30	176683	212119681	212119995	212295967	212296281	398148334	212050000	212300000	30	2632	314	175972	wide
SUPER_1	171641011	171831060	IR	351	.	171735649	0.351	0.633	27	190069	171641011	171641867	171830204	171831154	398148334	171600000	171850000	0	2267	856	188337	wide
SUPER_1	133982580	134111265	IR	351	.	134046748	0.351	0.929	26	128694	133982580	133982697	134111148	134111274	398148334	133900000	134150000	26	2448	117	128451	wide
SUPER_1	314694626	314697010	IR	351	.	314695330	0.351	0.952	24	2309	314694626	314694827	314696809	314697017	398148334	314450000	314700000	0	4096	201	1982	immediate
SUPER_1	341452214	341465209	IR	351	.	341458566	0.351	0.876	24	13063	341452214	341452629	341464794	341465212	398148334	341250000	341500000	24	3478	415	12165	spaced
SUPER_1	305580882	305594782	IR	351	.	305587729	0.351	0.972	23	13887	305580882	305581060	305594604	305594784	398148334	305350000	305600000	23	3963	178	13544	spaced
SUPER_1	374400406	374444948	IR	351	.	374422396	0.351	0.970	23	44466	374400406	374400670	374444685	374444948	398148334	374200000	374450000	0	3711	263	44015	spaced
SUPER_1	17316365	17410519	IR	351	.	17363417	0.351	0.804	21	94382	17316365	17317102	17409782	17410544	398148334	17250000	17500000	21	1890	737	92680	spaced
SUPER_1	329031883	329222421	IR	351	.	329127252	0.351	0.918	21	190627	329031883	329032380	329221924	329222423	398148334	329000000	329250000	21	2119	497	189544	wide
SUPER_1	164104152	164107133	IR	351	.	164105540	0.351	0.543	20	3099	164104152	164105611	164105674	164107213	398148334	163900000	164150000	20	3427	1459	63	immediate
SUPER_1	162137770	162226393	IR	350	.	162182174	0.350	0.981	351	89038	162137770	162140051	162224112	162226393	398148334	162000000	162250000	351	3034	2281	84061	spaced
SUPER_1	67378585	67480036	IR	350	.	67429153	0.350	0.998	230	101649	67378585	67379675	67478946	67480036	398148334	67250000	67500000	230	2988	1090	99271	spaced
SUPER_1	221709593	221779500	IR	350	.	221744670	0.350	0.983	191	70208	221709593	221710733	221778360	221779502	398148334	221550000	221800000	191	3242	1140	67627	spaced
SUPER_1	94712470	94842678	IR	350	.	94777652	0.350	0.969	171	130493	94712470	94713799	94841353	94842678	398148334	94600000	94850000	171	2959	1325	127554	wide
SUPER_1	83006295	83039372	IR	350	.	83023171	0.350	0.516	156	33042	83006295	83014053	83031614	83039373	398148334	82950000	83200000	0	1213	7758	17561	spaced
SUPER_1	222808439	222811643	IR	350	.	222810037	0.350	0.888	147	3495	222808439	222809394	222810688	222811733	398148334	222650000	222900000	152	2667	955	1294	immediate
SUPER_1	222746678	222749882	IR	350	.	222748276	0.350	0.887	146	3492	222746678	222747633	222748927	222749969	398148334	222600000	222850000	151	2471	955	1294	immediate
SUPER_1	151735147	151740539	IR	350	.	151738221	0.350	0.975	119	5374	151735147	151736102	151739588	151740539	398148334	151500000	151750000	0	3963	951	3486	spaced
SUPER_1	264778262	264835514	IR	350	.	264806397	0.350	0.981	114	57220	264778262	264779121	264834656	264835514	398148334	264650000	264900000	0	2614	858	55535	spaced
SUPER_1	202419996	202568701	IR	350	.	202493947	0.350	0.986	103	148682	202419996	202420760	202567939	202568701	398148334	202350000	202600000	0	2405	762	147179	wide
SUPER_1	103174163	103177386	IR	350	.	103176086	0.350	0.992	101	3200	103174163	103174761	103176792	103177386	398148334	102950000	103200000	0	3762	594	2031	spaced
SUPER_1	174198798	174201033	IR	350	.	174200256	0.350	0.942	93	2244	174198798	174199443	174200388	174201065	398148334	174050000	174300000	0	2498	645	945	immediate
SUPER_1	206995529	207047652	IR	350	.	207021493	0.350	0.966	92	52493	206995529	206996369	207046812	207047655	398148334	206800000	207050000	92	3693	840	50443	spaced
SUPER_1	143428151	143609391	IR	350	.	143519143	0.350	0.940	80	181223	143428151	143429052	143608490	143609395	398148334	143400000	143650000	0	1979	901	179438	wide
SUPER_1	71843135	71851985	IR	350	.	71847851	0.350	0.957	77	8819	71843135	71844036	71851084	71851985	398148334	71650000	71900000	0	3292	901	7048	spaced
SUPER_1	215037960	215196314	IR	350	.	215117454	0.350	0.956	72	158334	215037960	215038681	215195608	215196314	398148334	214950000	215200000	0	2785	706	156927	wide
SUPER_1	184502377	184539878	IR	350	.	184521193	0.350	0.947	68	37667	184502377	184503077	184539187	184539878	398148334	184300000	184550000	68	3685	691	36110	spaced
SUPER_1	213846934	213872583	IR	350	.	213859543	0.350	0.937	62	25809	213846934	213847426	213872104	213872583	398148334	213750000	214000000	62	1829	479	24678	spaced
SUPER_1	31336728	31434813	IR	350	.	31385403	0.350	0.671	53	97702	31336728	31338226	31433315	31434928	398148334	31200000	31450000	0	3096	1498	95089	spaced
SUPER_1	148640425	148657295	IR	350	.	148648359	0.350	0.653	48	16814	148640425	148640489	148657231	148657329	398148334	148450000	148700000	0	3314	64	16742	spaced
SUPER_1	282311668	282437116	IR	350	.	282374487	0.350	0.938	47	125564	282311668	282312129	282436655	282437122	398148334	282200000	282450000	47	2906	461	124526	wide
SUPER_1	3126052	3145331	IR	350	.	3135650	0.350	0.938	44	19485	3126052	3126572	3144811	3145331	398148334	2900000	3150000	44	3928	520	18239	spaced
SUPER_1	54499975	54505575	IR	350	.	54502558	0.350	0.836	43	5981	54499975	54500588	54504962	54505583	398148334	54300000	54550000	43	3379	613	4374	spaced
SUPER_1	117261940	117317503	IR	350	.	117289987	0.350	0.920	42	55537	117261940	117262627	117316822	117317503	398148334	117150000	117400000	0	2328	681	54195	spaced
SUPER_1	184950192	184958353	IR	350	.	184954004	0.350	0.929	41	8137	184950192	184950739	184957806	184958355	398148334	184750000	185000000	0	3404	547	7067	spaced
SUPER_1	239211025	239212844	IR	350	.	239212018	0.350	0.775	41	2077	239211025	239211868	239212001	239212858	398148334	239000000	239250000	41	3532	843	133	immediate
SUPER_1	377066626	377083095	IR	350	.	377074803	0.350	0.928	38	16491	377066626	377067230	377082499	377083095	398148334	376850000	377100000	38	3747	596	15269	spaced
SUPER_1	79060076	79062367	IR	350	.	79061228	0.350	0.921	33	2313	79060076	79060353	79062103	79062367	398148334	79000000	79250000	33	1020	264	1750	immediate
SUPER_1	234930538	234978520	IR	350	.	234954266	0.350	0.948	32	47964	234930538	234930959	234978099	234978520	398148334	234750000	235000000	0	3408	421	47140	spaced
SUPER_1	133509830	133704317	IR	350	.	133606723	0.350	0.929	30	194457	133509830	133510232	133703917	133704317	398148334	133500000	133750000	0	1784	400	193685	wide
SUPER_1	129867460	129874365	IR	350	.	129870895	0.350	0.994	29	6920	129867460	129867625	129874200	129874365	398148334	129750000	130000000	29	2015	165	6575	spaced
SUPER_1	2815773	2823548	IR	350	.	2819500	0.350	0.994	27	7778	2815773	2815935	2823386	2823548	398148334	2600000	2850000	27	3660	162	7451	spaced
SUPER_1	99711987	99714939	IR	350	.	99713065	0.350	0.817	27	2834	99711987	99712705	99714221	99714946	398148334	99500000	99750000	0	3557	718	1516	immediate
SUPER_1	159296301	159341492	IR	350	.	159319390	0.350	0.829	26	45224	159296301	159296854	159340939	159341551	398148334	159100000	159350000	0	3648	553	44085	spaced
SUPER_1	67674387	67676624	IR	350	.	67675510	0.350	0.888	23	2229	67674387	67674801	67676219	67676624	398148334	67550000	67800000	23	2091	405	1418	immediate
SUPER_1	235231788	235264513	IR	350	.	235248554	0.350	0.840	23	32706	235231788	235232859	235263487	235264513	398148334	235200000	235450000	0	802	1026	30628	spaced
SUPER_1	363095621	363105281	IR	350	.	363100682	0.350	0.907	23	9741	363095621	363096310	363104598	363105281	398148334	363050000	363300000	23	840	683	8288	spaced
SUPER_1	339787410	339823097	IR	350	.	339804767	0.350	0.961	21	35661	339787410	339787719	339822788	339823097	398148334	339600000	339850000	0	3420	309	35069	spaced
SUPER_1	359675538	359680763	IR	350	.	359677940	0.350	0.598	20	5235	359675538	359676519	359679856	359680763	398148334	359600000	359850000	20	1302	907	3337	spaced
SUPER_1	377446499	377459006	IR	350	.	377452504	0.350	1.000	20	12489	377446499	377446536	377458969	377459006	398148334	377250000	377500000	4	3379	37	12433	spaced
SUPER_1	220962580	221093133	IR	349	.	221027925	0.349	0.856	923	132553	220962580	220970276	221085446	221093133	398148334	220950000	221200000	923	1297	7687	115170	wide
SUPER_1	241067585	241073236	IR	349	.	241070253	0.349	0.995	253	6046	241067585	241068882	241071939	241073236	398148334	240850000	241100000	253	3673	1297	3057	spaced
SUPER_1	260116150	260120361	IR	349	.	260118652	0.349	0.997	193	4192	260116150	260117211	260119300	260120361	398148334	259900000	260150000	0	3637	1061	2089	spaced
SUPER_1	370971675	371013517	IR	349	.	370993093	0.349	0.804	147	41732	370971675	370973727	371011519	371013517	398148334	370900000	371150000	0	1543	1998	37792	spaced
SUPER_1	177810142	177813561	IR	349	.	177811356	0.349	0.951	123	3408	177810142	177810980	177812723	177813571	398148334	177600000	177850000	0	3530	838	1743	immediate
SUPER_1	264926277	264952235	IR	349	.	264939132	0.349	0.722	108	26137	264926277	264927616	264950896	264952235	398148334	264750000	265000000	108	3154	1339	23280	spaced
SUPER_1	267498176	267615023	IR	349	.	267556202	0.349	0.939	98	116829	267498176	267499099	267614122	267615023	398148334	267450000	267700000	0	1776	901	115023	wide
SUPER_1	275434313	275437492	IR	349	.	275435795	0.349	0.906	92	3366	275434313	275435118	275436687	275437528	398148334	275200000	275450000	92	3931	805	1569	immediate
SUPER_1	159090600	159239938	IR	349	.	159165371	0.349	0.982	91	149470	159090600	159091112	159239426	159239938	398148334	159000000	159250000	91	2754	512	148314	wide
SUPER_1	218019371	218155748	IR	349	.	218087896	0.349	0.920	87	136349	218019371	218020248	218154916	218155748	398148334	217950000	218200000	0	2292	832	134668	wide
SUPER_1	6187711	6365307	IR	349	.	6276276	0.349	0.925	68	177641	6187711	6188429	6364589	6365313	398148334	6150000	6400000	68	2108	718	176160	wide
SUPER_1	76736212	76863019	IR	349	.	76800053	0.349	0.909	54	126785	76736212	76737147	76862116	76863019	398148334	76650000	76900000	0	2493	903	124969	wide
SUPER_1	395723955	395728241	IR	349	.	395725917	0.349	1.000	51	4329	395723955	395724179	395728017	395728241	398148334	395500000	395750000	51	3768	224	3838	spaced
SUPER_1	62146605	62149189	IR	349	.	62148170	0.349	0.993	47	2566	62146605	62146892	62148902	62149190	398148334	62100000	62350000	0	798	287	2010	spaced
SUPER_1	208227776	208279496	IR	349	.	208253678	0.349	0.792	45	51926	208227776	208228591	208278783	208279496	398148334	208150000	208400000	56	1727	713	50192	spaced
SUPER_1	96062233	96256085	IR	349	.	96159375	0.349	0.913	41	193861	96062233	96062785	96255533	96256086	398148334	96050000	96300000	41	1819	552	192748	wide
SUPER_1	157809801	157823803	IR	349	.	157816828	0.349	0.862	38	13956	157809801	157809859	157823753	157823803	398148334	157600000	157850000	548	3613	50	13894	spaced
SUPER_1	336122116	336125132	IR	349	.	336123118	0.349	0.988	38	2992	336122116	336122372	336124876	336125132	398148334	335950000	336200000	0	2893	256	2504	spaced
SUPER_1	116386138	116389358	IR	349	.	116387773	0.349	0.431	35	3176	116386138	116387771	116387777	116389358	398148334	116150000	116400000	399	3962	1581	6	immediate
SUPER_1	131563592	131567251	IR	349	.	131565812	0.349	0.976	33	3643	131563592	131563834	131567009	131567254	398148334	131350000	131600000	0	3590	242	3175	spaced
SUPER_1	362413120	362425300	IR	349	.	362419427	0.349	0.891	31	12278	362413120	362413366	362425054	362425319	398148334	362250000	362500000	31	2820	246	11688	spaced
SUPER_1	337390038	337564272	IR	349	.	337476777	0.349	0.801	29	174216	337390038	337390636	337563772	337564272	398148334	337350000	337600000	0	2119	500	173136	wide
SUPER_1	93756687	93759531	IR	349	.	93758147	0.349	0.957	28	2854	93756687	93756914	93759304	93759536	398148334	93550000	93800000	28	3468	227	2390	spaced
SUPER_1	148439286	148442128	IR	349	.	148440707	0.349	0.951	28	2840	148439286	148439713	148441702	148442128	398148334	148200000	148450000	28	4011	426	1989	immediate
SUPER_1	191351474	191351520	IR	349	.	191351726	0.349	1.000	27	66131	191351474	191351501	191351493	191351520	398148334	191200000	191450000	36	2524	27	-8	overlap
SUPER_1	191351474	191351520	IR	349	.	191351726	0.349	1.000	27	66131	191351474	191351501	191351493	191351520	398148334	191250000	191500000	36	1691	27	-8	overlap
SUPER_1	1108247	1139263	IR	349	.	1123646	0.349	0.797	26	31151	1108247	1108972	1138538	1139347	398148334	900000	1150000	26	3729	725	29566	spaced
SUPER_1	168712556	168751856	IR	349	.	168732063	0.349	0.874	26	39303	168712556	168712721	168751691	168751859	398148334	168650000	168900000	26	1369	165	38970	spaced
SUPER_1	201102560	201117276	IR	349	.	201109486	0.349	0.417	25	14680	201102560	201102634	201117240	201117276	398148334	201050000	201300000	0	998	36	14606	spaced
SUPER_1	19904427	20064729	IR	349	.	19984503	0.349	0.932	23	160288	19904427	19904634	20064526	20064729	398148334	19850000	20100000	23	2242	203	159892	wide
SUPER_1	372553624	372644805	IR	349	.	372598725	0.349	1.000	23	91160	372553624	372553747	372644682	372644805	398148334	372400000	372650000	0	3320	123	90935	spaced
SUPER_1	241638506	241659101	IR	349	.	241649112	0.349	0.970	22	20524	241638506	241638777	241658830	241659101	398148334	241450000	241700000	0	3313	271	20053	spaced
SUPER_1	373732917	373827283	IR	349	.	373779628	0.349	0.940	22	94346	373732917	373733395	373826805	373827283	398148334	373600000	373850000	0	3001	478	93410	spaced
SUPER_1	76335361	76546355	IR	349	.	76440807	0.349	0.928	20	211014	76335361	76335553	76546164	76546355	398148334	76300000	76550000	20	2347	191	210611	wide
SUPER_1	165012454	165027810	IR	348	.	165019769	0.348	0.994	1019	15336	165012454	165018269	165022001	165027810	398148334	164800000	165050000	0	3668	5809	3732	spaced
SUPER_1	302664338	302674414	IR	348	.	302669655	0.348	0.984	493	10056	302664338	302667936	302670816	302674414	398148334	302450000	302700000	0	3656	3598	2880	spaced
SUPER_1	86559373	86671262	IR	348	.	86614823	0.348	1.000	225	111859	86559373	86560651	86669984	86671262	398148334	86450000	86700000	0	2755	1278	109333	wide
SUPER_1	244161937	244165556	IR	348	.	244163747	0.348	0.937	162	3841	244161937	244163034	244164459	244165560	398148334	243950000	244200000	163	3562	1097	1425	immediate
SUPER_1	340702944	340771635	IR	348	.	340736959	0.348	0.586	158	68607	340702944	340722798	340751795	340771635	398148334	340700000	340950000	0	621	19840	28997	spaced
SUPER_1	240686592	240694173	IR	348	.	240689886	0.348	0.846	121	7562	240686592	240687586	240693264	240694173	398148334	240600000	240850000	0	1506	909	5678	spaced
SUPER_1	106859865	106862803	IR	348	.	106861345	0.348	0.953	104	3119	106859865	106860525	106862166	106862803	398148334	106800000	107050000	104	1022	637	1641	immediate
SUPER_1	245872201	246061572	IR	348	.	245967236	0.348	0.986	101	189353	245872201	245873053	246060721	246061572	398148334	245850000	246100000	0	1947	851	187668	wide
SUPER_1	109367746	109370883	IR	348	.	109369512	0.348	0.990	99	3211	109367746	109368331	109370298	109370883	398148334	109150000	109400000	100	3655	585	1967	immediate
SUPER_1	382037801	382190438	IR	348	.	382114526	0.348	0.997	98	152619	382037801	382038379	382189860	382190438	398148334	381950000	382200000	0	2735	578	151481	wide
SUPER_1	98268160	98277537	IR	348	.	98272867	0.348	0.981	92	9606	98268160	98268792	98276905	98277537	398148334	98100000	98350000	92	2880	632	8113	spaced
SUPER_1	237546763	237549243	IR	348	.	237548013	0.348	0.711	88	2557	237546763	237547822	237548205	237549243	398148334	237400000	237650000	88	2466	1038	383	immediate
SUPER_1	206858728	206867032	IR	348	.	206862989	0.348	0.926	84	97654	206858728	206859406	206866354	206867053	398148334	206750000	207000000	84	1881	678	6948	spaced
SUPER_1	200052701	200056408	IR	348	.	200054066	0.348	0.994	77	3683	200052701	200053195	200055914	200056408	398148334	199850000	200100000	0	3409	494	2719	spaced
SUPER_1	345486647	345666311	IR	348	.	345576735	0.348	0.946	70	179643	345486647	345487549	345665411	345666311	398148334	345450000	345700000	0	2107	900	177862	wide
SUPER_1	38202234	38208341	IR	348	.	38205179	0.348	0.955	66	6197	38202234	38202823	38207752	38208346	398148334	38000000	38250000	66	3421	589	4929	spaced
SUPER_1	175589301	175592904	IR	348	.	175591174	0.348	0.938	60	3888	175589301	175589778	175592427	175592906	398148334	175350000	175600000	60	4018	477	2649	spaced
SUPER_1	365613939	365847063	IR	348	.	365730887	0.348	0.939	60	232995	365613939	365615933	365845069	365847063	398148334	365600000	365850000	0	2174	1994	229136	wide
SUPER_1	314423514	314451756	IR	348	.	314437119	0.348	0.741	56	28131	314423514	314425208	314450062	314451767	398148334	314350000	314600000	0	1460	1694	24854	spaced
SUPER_1	201421983	201444108	IR	348	.	201432660	0.348	0.951	55	22108	201421983	201422870	201443221	201444109	398148334	201400000	201650000	0	550	887	20351	spaced
SUPER_1	292386618	292389619	IR	348	.	292388069	0.348	0.864	55	3034	292386618	292387288	292389013	292389619	398148334	292350000	292600000	55	635	606	1725	immediate
SUPER_1	96829887	96836608	IR	348	.	96832838	0.348	0.900	54	6733	96829887	96830479	96836016	96836639	398148334	96700000	96950000	0	2220	592	5537	spaced
SUPER_1	297996283	298002085	IR	348	.	297998887	0.348	0.918	53	5748	297996283	297997190	298001178	298002099	398148334	297800000	298050000	0	3319	907	3988	spaced
SUPER_1	57366699	57374916	IR	348	.	57371202	0.348	0.700	51	8147	57366699	57366769	57374846	57374946	398148334	57200000	57450000	0	2846	70	8077	spaced
SUPER_1	330936945	331128844	IR	348	.	331032653	0.348	0.926	50	191907	330936945	330937337	331128452	331128848	398148334	330900000	331150000	52	2214	392	191115	wide
SUPER_1	260459877	260483325	IR	348	.	260471972	0.348	0.891	45	23453	260459877	260460356	260482846	260483362	398148334	260250000	260500000	0	3693	479	22490	spaced
SUPER_1	262634565	262645011	IR	348	.	262639478	0.348	1.000	45	10427	262634565	262634809	262644767	262645011	398148334	262400000	262650000	0	3996	244	9958	spaced
SUPER_1	273087395	273176383	IR	348	.	273131586	0.348	0.912	45	88957	273087395	273087916	273175890	273176383	398148334	272950000	273200000	0	3031	493	87974	spaced
SUPER_1	289319391	289326467	IR	348	.	289322661	0.348	0.985	44	7058	289319391	289319725	289326133	289326470	398148334	289300000	289550000	0	382	334	6408	spaced
SUPER_1	229708648	229747392	IR	348	.	229728102	0.348	0.953	43	38809	229708648	229709161	229746880	229747392	398148334	229600000	229850000	43	2133	512	37719	spaced
SUPER_1	397299304	397452875	IR	348	.	397376388	0.348	0.970	40	153545	397299304	397299710	397452469	397452875	398148334	397250000	397500000	0	2101	406	152759	wide
SUPER_1	227724958	227725789	IR	348	.	227725388	0.348	0.987	39	111721	227724958	227725182	227725565	227725789	398148334	227600000	227850000	39	2089	224	383	immediate
SUPER_1	269906491	269960996	IR	348	.	269933489	0.348	0.916	39	54489	269906491	269906872	269960615	269961001	398148334	269750000	270000000	0	3062	381	53743	spaced
SUPER_1	134425361	134531999	IR	348	.	134478342	0.348	0.970	36	106607	134425361	134425698	134531666	134531999	398148334	134300000	134550000	0	2977	333	105968	wide
SUPER_1	211708481	211845050	IR	348	.	211776456	0.348	0.932	36	136542	211708481	211709082	211844453	211845050	398148334	211650000	211900000	0	2112	597	135371	wide
SUPER_1	187275314	187345433	IR	348	.	187310429	0.348	0.839	34	70137	187275314	187275880	187344875	187345433	398148334	187250000	187500000	34	1006	558	68995	spaced
SUPER_1	37702878	37707554	IR	348	.	37705489	0.348	0.991	33	4659	37702878	37703105	37707327	37707555	398148334	37500000	37750000	0	3420	227	4222	spaced
SUPER_1	283962064	283967228	IR	348	.	283964422	0.348	0.825	30	5181	283962064	283962423	283966914	283967228	398148334	283750000	284000000	30	3577	314	4491	spaced
SUPER_1	325894096	325983294	IR	348	.	325938357	0.348	0.902	29	89172	325894096	325894567	325982839	325983294	398148334	325750000	326000000	0	3144	455	88272	spaced
SUPER_1	177528045	177537422	IR	348	.	177533089	0.348	0.923	27	9362	177528045	177528359	177537108	177537433	398148334	177400000	177650000	0	2212	314	8749	spaced
SUPER_1	194103797	194263072	IR	348	.	194183026	0.348	0.393	26	159251	194103797	194183476	194183431	194263072	398148334	194100000	194350000	0	1390	79641	-45	overlap
SUPER_1	85847072	85849257	IR	348	.	85848086	0.348	0.939	24	2294	85847072	85847350	85848979	85849257	398148334	85800000	86050000	24	802	278	1629	immediate
SUPER_1	195107015	195276863	IR	348	.	195191858	0.348	0.731	24	169859	195107015	195107053	195276825	195276877	398148334	195050000	195300000	87	2365	38	169772	wide
SUPER_1	380804073	380937534	IR	348	.	380870907	0.348	0.718	24	133480	380804073	380805155	380936452	380937555	398148334	380700000	380950000	24	2846	1082	131297	wide
SUPER_1	85646392	85653898	IR	348	.	85649715	0.348	0.872	20	7454	85646392	85646619	85653675	85653898	398148334	85550000	85800000	0	1668	223	7056	spaced
SUPER_1	134208105	134314674	IR	347	.	134261624	0.347	0.984	642	106544	134208105	134212868	134309911	134314678	398148334	134100000	134350000	0	2689	4763	97043	spaced
SUPER_1	31718355	31747382	IR	347	.	31732581	0.347	0.892	563	29001	31718355	31729270	31736567	31747382	398148334	31500000	31750000	0	3881	10815	7297	spaced
SUPER_1	88004879	88017503	IR	347	.	88010912	0.347	0.819	338	12598	88004879	88010021	88012367	88017503	398148334	87800000	88050000	0	3519	5136	2346	spaced
SUPER_1	218204245	218219213	IR	347	.	218211599	0.347	0.996	315	15376	218204245	218205821	218217637	218219216	398148334	218000000	218250000	315	3528	1576	11816	spaced
SUPER_1	155273102	155429900	IR	347	.	155351398	0.347	0.975	280	160059	155273102	155274782	155428220	155429905	398148334	155200000	155450000	280	2524	1680	153438	wide
SUPER_1	28561866	28622433	IR	347	.	28591969	0.347	0.964	191	61580	28561866	28562966	28621333	28622458	398148334	28400000	28650000	191	3202	1100	58367	spaced
SUPER_1	240490745	240504475	IR	347	.	240497675	0.347	0.968	190	13966	240490745	240492285	240502936	240504475	398148334	240300000	240550000	190	3293	1539	10651	spaced
SUPER_1	198196384	198265072	IR	347	.	198231158	0.347	0.993	164	68670	198196384	198197469	198263988	198265072	398148334	198100000	198350000	0	2178	1084	66519	spaced
SUPER_1	308206779	308218704	IR	347	.	308212933	0.347	0.987	150	12097	308206779	308207618	308217865	308218708	398148334	308000000	308250000	150	3545	839	10247	spaced
SUPER_1	78191902	78194127	IR	347	.	78193317	0.347	0.991	135	2204	78191902	78192779	78193250	78194127	398148334	77950000	78200000	0	4050	877	471	immediate
SUPER_1	392634186	392752700	IR	347	.	392693609	0.347	0.965	132	118850	392634186	392635307	392751579	392752700	398148334	392550000	392800000	132	2390	1121	116272	wide
SUPER_1	190381452	190501191	IR	347	.	190441428	0.347	0.981	118	119808	190381452	190382195	190500448	190501191	398148334	190350000	190600000	118	1521	743	118253	wide
SUPER_1	132751473	132756190	IR	347	.	132753519	0.347	0.984	114	4697	132751473	132752350	132755317	132756190	398148334	132550000	132800000	0	3397	873	2967	spaced
SUPER_1	174152653	174165010	IR	347	.	174158728	0.347	0.904	113	12579	174152653	174154011	174163700	174165010	398148334	173950000	174200000	113	3480	1310	9689	spaced
SUPER_1	77616438	77829918	IR	347	.	77722876	0.347	0.942	71	213451	77616438	77617338	77829019	77829918	398148334	77600000	77850000	0	2052	899	211681	wide
SUPER_1	35478744	35634651	IR	347	.	35556296	0.347	0.948	66	155889	35478744	35479626	35633769	35634659	398148334	35400000	35650000	0	2611	882	154143	wide
SUPER_1	206113782	206159918	IR	347	.	206137021	0.347	0.921	60	46202	206113782	206114556	206159144	206159941	398148334	205950000	206200000	60	3114	774	44588	spaced
SUPER_1	285115802	285140998	IR	347	.	285128685	0.347	0.990	59	25175	285115802	285116205	285140595	285140998	398148334	284900000	285150000	0	3806	403	24390	spaced
SUPER_1	39425742	39545275	IR	347	.	39485368	0.347	0.860	57	120048	39425742	39426832	39544185	39545275	398148334	39350000	39600000	59	2258	1090	117353	wide
SUPER_1	256160206	256291056	IR	347	.	256225486	0.347	0.821	57	131199	256160206	256161294	256289968	256291135	398148334	256050000	256300000	57	2927	1088	128674	wide
SUPER_1	226285197	226326155	IR	347	.	226305434	0.347	0.966	54	40999	226285197	226285664	226325692	226326155	398148334	226200000	226450000	54	1761	463	40028	spaced
SUPER_1	349474385	349481920	IR	347	.	349478224	0.347	0.943	54	7583	349474385	349474889	349481416	349481921	398148334	349250000	349500000	54	3802	504	6527	spaced
SUPER_1	123676865	123684492	IR	347	.	123680327	0.347	0.841	52	7681	123676865	123677387	123683970	123684575	398148334	123650000	123900000	0	511	522	6583	spaced
SUPER_1	128778969	128815795	IR	347	.	128797556	0.347	0.918	49	37026	128778969	128779525	128815239	128815796	398148334	128750000	129000000	49	789	556	35714	spaced
SUPER_1	137775066	137802422	IR	347	.	137789178	0.347	0.980	45	27330	137775066	137775476	137802014	137802422	398148334	137650000	137900000	0	2312	408	26538	spaced
SUPER_1	173970897	173975871	IR	347	.	173973650	0.347	0.951	45	4952	173970897	173971531	173975238	173975871	398148334	173950000	174200000	0	389	633	3707	spaced
SUPER_1	309777376	309781695	IR	347	.	309779897	0.347	0.985	44	4283	309777376	309777715	309781357	309781695	398148334	309550000	309800000	0	3825	338	3642	spaced
SUPER_1	37021995	37180594	IR	347	.	37101298	0.347	0.788	41	158541	37021995	37022047	37180542	37180608	398148334	36950000	37200000	742	2521	52	158495	wide
SUPER_1	364232647	364250755	IR	347	.	364241439	0.347	0.919	33	18094	364232647	364233021	364250381	364250761	398148334	364050000	364300000	0	3194	374	17360	spaced
SUPER_1	347711421	347823021	IR	347	.	347766860	0.347	0.921	32	111547	347711421	347712041	347822402	347823021	398148334	347600000	347850000	0	2786	619	110361	wide
SUPER_1	116380995	116386186	IR	347	.	116383958	0.347	0.844	27	5155	116380995	116381049	116386132	116386196	398148334	116150000	116400000	0	3893	54	5083	spaced
SUPER_1	248874140	249008294	IR	347	.	248940794	0.347	0.844	27	134126	248874140	248874769	249007692	249008294	398148334	248800000	249050000	0	2353	602	132923	wide
SUPER_1	210884220	210899048	IR	347	.	210891668	0.347	0.889	26	14869	210884220	210884578	210898690	210899052	398148334	210750000	211000000	26	2360	358	14112	spaced
SUPER_1	70714439	70717601	IR	347	.	70715624	0.347	0.923	24	3129	70714439	70714659	70717396	70717601	398148334	70500000	70750000	0	3600	205	2737	spaced
SUPER_1	122358202	122360902	IR	347	.	122359657	0.347	0.879	22	2782	122358202	122358522	122360582	122360930	398148334	122250000	122500000	22	1825	320	2060	spaced
SUPER_1	330918075	330936687	IR	347	.	330927216	0.347	0.648	22	18599	330918075	330918598	330936225	330936687	398148334	330750000	331000000	26	2956	462	17627	spaced
SUPER_1	64085021	64129124	IR	347	.	64106876	0.347	0.000	21	6957	64085021	64085128	64129107	64129124	398148334	64050000	64300000	20	951	17	43979	spaced
SUPER_1	19628130	19632313	IR	347	.	19630151	0.347	0.993	20	4178	19628130	19628266	19632177	19632313	398148334	19500000	19750000	20	2170	136	3911	spaced
SUPER_1	101005264	101178555	IR	347	.	101092065	0.347	0.951	20	173302	101005264	101005448	101178372	101178555	398148334	101000000	101250000	20	1531	183	172924	wide
SUPER_1	97018213	97130615	IR	346	.	97074635	0.346	0.444	422	114798	97018213	97070895	97077933	97130645	398148334	96950000	97200000	413	2073	52682	7038	spaced
SUPER_1	208626912	208634536	IR	346	.	208630978	0.346	0.999	357	7596	208626912	208628858	208632592	208634536	398148334	208400000	208650000	0	3845	1944	3734	spaced
SUPER_1	178558708	178659613	IR	346	.	178609021	0.346	0.978	320	101324	178558708	178560546	178657795	178659613	398148334	178500000	178750000	320	1819	1818	97249	spaced
SUPER_1	339893289	339903840	IR	346	.	339898727	0.346	1.000	245	10753	339893289	339894452	339902677	339903840	398148334	339700000	339950000	250	3309	1163	8225	spaced
SUPER_1	232348131	232355877	IR	346	.	232351785	0.346	0.997	157	7886	232348131	232348888	232355120	232355877	398148334	232150000	232400000	157	3366	757	6232	spaced
SUPER_1	237475946	237479043	IR	346	.	237477497	0.346	0.992	121	3171	237475946	237476564	237478425	237479046	398148334	237250000	237500000	121	3791	618	1861	immediate
SUPER_1	45247145	45251678	IR	346	.	45249488	0.346	0.970	117	4658	45247145	45247913	45250910	45251679	398148334	45050000	45300000	117	3323	768	2997	spaced
SUPER_1	181423261	181427854	IR	346	.	181425671	0.346	0.996	106	4682	181423261	181423755	181427360	181427854	398148334	181200000	181450000	106	3759	494	3605	spaced
SUPER_1	223339967	223377858	IR	346	.	223358683	0.346	0.887	98	37995	223339967	223340667	223377158	223377872	398148334	223200000	223450000	78	2648	700	36491	spaced
SUPER_1	65865053	65870855	IR	346	.	65867570	0.346	0.971	95	5773	65865053	65865802	65870106	65870855	398148334	65800000	66050000	0	1132	749	4304	spaced
SUPER_1	261857290	261859713	IR	346	.	261858479	0.346	0.876	89	2527	261857290	261858057	261858946	261859729	398148334	261700000	261950000	90	2641	767	889	immediate
SUPER_1	3064766	3091792	IR	346	.	3077786	0.346	0.972	81	27009	3064766	3065736	3090822	3091793	398148334	2850000	3100000	0	3804	970	25086	spaced
SUPER_1	20081417	20107649	IR	346	.	20094487	0.346	0.988	71	26262	20081417	20081828	20107238	20107649	398148334	19900000	20150000	71	3242	411	25410	spaced
SUPER_1	70031570	70079366	IR	346	.	70055545	0.346	0.417	65	48269	70031570	70049338	70061598	70079394	398148334	70000000	70250000	65	924	17768	12260	spaced
SUPER_1	185790542	185957984	IR	346	.	185874441	0.346	0.944	58	167643	185790542	185791246	185957280	185957993	398148334	185750000	186000000	58	2070	704	166034	wide
SUPER_1	346869795	346883975	IR	346	.	346876616	0.346	0.994	52	14161	346869795	346870131	346883639	346883976	398148334	346650000	346900000	0	3781	336	13508	spaced
SUPER_1	369538641	369543468	IR	346	.	369540720	0.346	0.558	52	4808	369538641	369540771	369541338	369543468	398148334	369450000	369700000	0	1517	2130	567	immediate
SUPER_1	282813083	282920718	IR	346	.	282867192	0.346	0.956	50	107605	282813083	282813721	282920084	282920718	398148334	282800000	283050000	0	1114	634	106363	wide
SUPER_1	391768515	391867849	IR	346	.	391817732	0.346	0.958	48	99291	391768515	391769062	391867302	391867851	398148334	391650000	391900000	0	2802	547	98240	spaced
SUPER_1	128398875	128403215	IR	346	.	128400747	0.346	0.979	47	4319	128398875	128399210	128402880	128403215	398148334	128300000	128550000	0	1683	335	3670	spaced
SUPER_1	81222042	81254565	IR	346	.	81238688	0.346	0.986	45	32489	81222042	81222389	81254218	81254566	398148334	81050000	81300000	0	3138	347	31829	spaced
SUPER_1	37297977	37414199	IR	346	.	37356577	0.346	0.990	42	116192	37297977	37298286	37413890	37414199	398148334	37200000	37450000	0	2601	309	115604	wide
SUPER_1	49836911	49849334	IR	346	.	49842979	0.346	0.980	42	12470	49836911	49837166	49849079	49849334	398148334	49750000	50000000	42	1551	255	11913	spaced
SUPER_1	215851008	215923567	IR	346	.	215886866	0.346	0.942	40	72541	215851008	215851419	215923158	215923567	398148334	215850000	216100000	0	621	409	71739	spaced
SUPER_1	220745547	220853437	IR	346	.	220799653	0.346	0.758	38	107838	220745547	220745597	220853387	220853453	398148334	220650000	220900000	638	2491	50	107790	wide
SUPER_1	68020028	68022315	IR	346	.	68021472	0.346	0.873	30	2266	68020028	68020600	68021755	68022315	398148334	67900000	68150000	0	2019	560	1155	immediate
SUPER_1	87288517	87336511	IR	346	.	87312668	0.346	0.843	30	48303	87288517	87288961	87336067	87336516	398148334	87100000	87350000	30	3541	444	47106	spaced
SUPER_1	131967357	132046406	IR	346	.	132006868	0.346	0.836	29	79167	131967357	131967679	132046113	132046406	398148334	131900000	132150000	34	1781	293	78434	spaced
SUPER_1	147658718	147667428	IR	346	.	147663263	0.346	0.937	29	8722	147658718	147658980	147667166	147667431	398148334	147450000	147700000	29	3551	262	8186	spaced
SUPER_1	237139924	237158488	IR	346	.	237149516	0.346	0.912	29	18547	237139924	237140739	237157673	237158490	398148334	237000000	237250000	0	2486	815	16934	spaced
SUPER_1	377468171	377621765	IR	346	.	377544863	0.346	0.824	26	153681	377468171	377468636	377621300	377621782	398148334	377400000	377650000	26	2415	465	152664	wide
SUPER_1	167719292	167721771	IR	346	.	167720958	0.346	0.938	25	2364	167719292	167719660	167721410	167721771	398148334	167500000	167750000	0	3675	361	1750	immediate
SUPER_1	282167666	282300471	IR	346	.	282233778	0.346	0.959	24	132786	282167666	282168029	282300108	282300474	398148334	282150000	282400000	0	1401	363	132079	wide
SUPER_1	73666994	73775398	IR	346	.	73720822	0.346	0.937	22	108377	73666994	73667423	73774971	73775398	398148334	73550000	73800000	0	2853	427	107548	wide
SUPER_1	20416277	20416934	IR	346	.	20416582	0.346	0.974	21	73385	20416277	20416428	20416783	20416934	398148334	20250000	20500000	21	2776	151	355	immediate
SUPER_1	131516670	131543278	IR	346	.	131529605	0.346	0.946	20	26579	131516670	131516965	131542984	131543278	398148334	131300000	131550000	0	3832	294	26019	spaced
SUPER_1	181941939	181949421	IR	346	.	181945522	0.346	0.958	20	7434	181941939	181941987	181949375	181949421	398148334	181700000	181950000	198	4094	46	7388	spaced
SUPER_1	359960038	359982512	IR	345	.	359971186	0.345	0.940	568	25306	359960038	359968308	359974242	359982526	398148334	359800000	360050000	568	2854	8270	5934	spaced
SUPER_1	305277973	305302784	IR	345	.	305290804	0.345	0.929	293	24792	305277973	305288788	305292043	305302784	398148334	305200000	305450000	0	1506	10741	3255	spaced
SUPER_1	344905925	345006302	IR	345	.	344956464	0.345	0.943	288	100359	344905925	344910060	345002185	345006302	398148334	344900000	345150000	0	935	4117	92125	spaced
SUPER_1	260156394	260164714	IR	345	.	260160946	0.345	0.998	238	8303	260156394	260157744	260163364	260164714	398148334	259950000	260200000	0	3509	1350	5620	spaced
SUPER_1	145415354	145417553	IR	345	.	145416377	0.345	0.999	204	2459	145415354	145416285	145416622	145417553	398148334	145400000	145650000	204	274	931	337	immediate
SUPER_1	139678708	139686175	IR	345	.	139682816	0.345	0.933	196	7468	139678708	139680171	139684712	139686196	398148334	139500000	139750000	0	3040	1463	4541	spaced
SUPER_1	294110847	294114551	IR	345	.	294112699	0.345	0.998	193	3873	294110847	294111691	294113707	294114551	398148334	293900000	294150000	193	3544	844	2016	spaced
SUPER_1	298405589	298413153	IR	345	.	298409640	0.345	0.967	185	7568	298405589	298406720	298412022	298413185	398148334	298250000	298500000	0	2656	1131	5302	spaced
SUPER_1	73858613	73866179	IR	345	.	73862666	0.345	0.967	184	7564	73858613	73859744	73865048	73866211	398148334	73700000	73950000	0	2706	1131	5304	spaced
SUPER_1	370108367	370115931	IR	345	.	370112418	0.345	0.967	184	7562	370108367	370109498	370114800	370115963	398148334	369900000	370150000	0	3535	1131	5302	spaced
SUPER_1	120586305	120617169	IR	345	.	120602042	0.345	0.986	181	30837	120586305	120587506	120615968	120617169	398148334	120400000	120650000	0	3362	1201	28462	spaced
SUPER_1	321324823	321327132	IR	345	.	321325974	0.345	0.983	176	2527	321324823	321325661	321326308	321327132	398148334	321100000	321350000	181	3766	824	647	immediate
SUPER_1	39987808	39996181	IR	345	.	39991911	0.345	0.945	160	76452	39987808	39989359	39994630	39996181	398148334	39850000	40100000	160	2366	1551	5271	spaced
SUPER_1	397761519	397838813	IR	345	.	397800147	0.345	0.988	149	77487	397761519	397762261	397838072	397838813	398148334	397600000	397850000	149	3335	741	75811	spaced
SUPER_1	67855075	67960013	IR	345	.	67907163	0.345	0.875	121	6364	67855075	67861469	67953632	67960013	398148334	67800000	68050000	0	1792	6381	92163	spaced
SUPER_1	284868122	284871964	IR	345	.	284869761	0.345	0.993	113	3825	284868122	284868817	284871269	284871968	398148334	284700000	284950000	0	2833	695	2452	spaced
SUPER_1	92182358	92185039	IR	345	.	92183699	0.345	0.991	100	2866	92182358	92182911	92184488	92185039	398148334	91950000	92200000	100	3894	551	1577	immediate
SUPER_1	102409739	102412535	IR	345	.	102411137	0.345	1.000	100	2899	102409739	102410168	102412106	102412535	398148334	102200000	102450000	100	3518	429	1938	immediate
SUPER_1	228223449	228256102	IR	345	.	228240179	0.345	0.968	97	32634	228223449	228224270	228255282	228256102	398148334	228050000	228300000	0	3162	820	31012	spaced
SUPER_1	109477993	109492422	IR	345	.	109485675	0.345	0.998	88	14400	109477993	109478487	109491928	109492422	398148334	109250000	109500000	0	3919	494	13441	spaced
SUPER_1	67539347	67542292	IR	345	.	67540389	0.345	0.986	80	2924	67539347	67539913	67541726	67542293	398148334	67300000	67550000	0	4013	566	1813	immediate
SUPER_1	191497356	191673658	IR	345	.	191585225	0.345	0.973	77	176277	191497356	191497913	191673109	191673658	398148334	191450000	191700000	0	2258	549	175196	wide
SUPER_1	28268060	28331863	IR	345	.	28300278	0.345	0.941	75	63807	28268060	28269003	28330920	28331886	398148334	28100000	28350000	0	3332	943	61917	spaced
SUPER_1	1145687	1201609	IR	345	.	1173668	0.345	0.872	74	56078	1145687	1146418	1200890	1201609	398148334	1050000	1300000	74	2060	719	54472	spaced
SUPER_1	196332981	196349748	IR	345	.	196341216	0.345	0.864	68	17167	196332981	196333938	196348791	196349779	398148334	196150000	196400000	68	3189	957	14853	spaced
SUPER_1	208697425	208705371	IR	345	.	208701246	0.345	0.967	64	8048	208697425	208697968	208704828	208705373	398148334	208650000	208900000	64	856	543	6860	spaced
SUPER_1	71163359	71296001	IR	345	.	71229683	0.345	0.741	61	132588	71163359	71163440	71295941	71296001	398148334	71050000	71300000	1687	2994	60	132501	wide
SUPER_1	248039942	248161667	IR	345	.	248100789	0.345	0.937	61	121847	248039942	248040728	248160881	248161672	398148334	247950000	248200000	61	2513	786	120153	wide
SUPER_1	196291800	196323716	IR	345	.	196308169	0.345	0.485	60	31847	196291800	196294971	196320545	196323716	398148334	196150000	196400000	0	2629	3171	25574	spaced
SUPER_1	85698520	85844240	IR	345	.	85771471	0.345	0.701	58	145681	85698520	85698574	85844186	85844263	398148334	85600000	85850000	1210	2856	54	145612	wide
SUPER_1	135373109	135586657	IR	345	.	135480300	0.345	0.942	56	213527	135373109	135374021	135585751	135586657	398148334	135350000	135600000	0	2164	906	211730	wide
SUPER_1	218277863	218435103	IR	345	.	218356705	0.345	0.956	53	157398	218277863	218277908	218435060	218435103	398148334	218200000	218450000	5	2607	43	157152	wide
SUPER_1	226160739	226196863	IR	345	.	226178639	0.345	0.862	51	36402	226160739	226161334	226196268	226196888	398148334	225950000	226200000	64	3813	595	34934	spaced
SUPER_1	286769122	286772854	IR	345	.	286770820	0.345	0.842	50	79104	286769122	286769651	286772385	286772854	398148334	286650000	286900000	50	2016	469	2734	spaced
SUPER_1	317451742	317625161	IR	345	.	317538739	0.345	0.863	49	173401	317451742	317453181	317623722	317625164	398148334	317400000	317650000	0	2307	1439	170541	wide
SUPER_1	228372902	228525967	IR	345	.	228449890	0.345	0.934	47	153043	228372902	228373382	228525487	228525979	398148334	228300000	228550000	0	2490	480	152105	wide
SUPER_1	335998984	336082012	IR	345	.	336040769	0.345	0.833	47	82871	335998984	335999456	336081540	336082047	398148334	335950000	336200000	0	1508	472	82084	spaced
SUPER_1	104396310	104503907	IR	345	.	104450242	0.345	0.834	42	107656	104396310	104397064	104503153	104503944	398148334	104350000	104600000	48	1668	754	106089	wide
SUPER_1	69119001	69135968	IR	345	.	69127030	0.345	0.985	39	16936	69119001	69119330	69135639	69135968	398148334	68950000	69200000	0	2957	329	16309	spaced
SUPER_1	165326058	165383475	IR	345	.	165354333	0.345	0.667	37	57361	165326058	165326142	165383419	165383475	398148334	165300000	165550000	0	912	56	57277	spaced
SUPER_1	74601573	74656958	IR	345	.	74629446	0.345	0.873	35	55464	74601573	74601873	74656690	74656958	398148334	74450000	74700000	35	2987	268	54817	spaced
SUPER_1	365085759	365122174	IR	345	.	365103633	0.345	0.791	35	36388	365085759	365087249	365120723	365122174	398148334	364900000	365150000	0	3399	1451	33474	spaced
SUPER_1	33226058	33356499	IR	345	.	33291480	0.345	0.861	33	130494	33226058	33226364	33356193	33356539	398148334	33150000	33400000	33	2354	306	129829	wide
SUPER_1	179773707	179818821	IR	345	.	179796464	0.345	0.922	33	45238	179773707	179774160	179818368	179818823	398148334	179600000	179850000	33	3270	453	44208	spaced
SUPER_1	307316298	307319312	IR	345	.	307317867	0.345	0.695	32	2995	307316298	307316707	307318903	307319355	398148334	307200000	307450000	62	1963	409	2196	spaced
SUPER_1	24504357	24569219	IR	345	.	24536612	0.345	0.953	31	64919	24504357	24504719	24568857	24569221	398148334	24400000	24650000	31	2279	362	64138	spaced
SUPER_1	168365350	168558294	IR	345	.	168462255	0.345	0.986	30	192924	168365350	168365567	168558077	168558294	398148334	168350000	168600000	0	1863	217	192510	wide
SUPER_1	94378529	94380858	IR	345	.	94379694	0.345	0.958	27	2336	94378529	94378813	94380575	94380858	398148334	94150000	94400000	27	3828	283	1762	immediate
SUPER_1	233987239	233992113	IR	345	.	233989576	0.345	0.690	26	4842	233987239	233987297	233992073	233992113	398148334	233750000	234000000	247	3994	40	4776	spaced
SUPER_1	225711307	225715268	IR	345	.	225713588	0.345	0.994	25	3928	225711307	225711461	225715115	225715268	398148334	225550000	225800000	0	2721	153	3654	spaced
SUPER_1	291506813	291509299	IR	345	.	291508550	0.345	0.900	24	2479	291506813	291507022	291509090	291509320	398148334	291300000	291550000	0	3467	209	2068	spaced
SUPER_1	122487207	122489980	IR	345	.	122488390	0.345	0.971	22	2780	122487207	122487413	122489774	122489981	398148334	122250000	122500000	22	3976	206	2361	spaced
SUPER_1	160845310	160853336	IR	345	.	160849508	0.345	0.911	22	8069	160845310	160845566	160853089	160853336	398148334	160650000	160900000	22	3321	247	7523	spaced
SUPER_1	261305554	261322789	IR	345	.	261314592	0.345	0.941	22	17191	261305554	261305817	261322526	261322798	398148334	261150000	261400000	0	2736	263	16709	spaced
SUPER_1	209983087	210006822	IR	345	.	209995272	0.345	0.909	21	23652	209983087	209983554	210006355	210006828	398148334	209800000	210050000	0	3249	467	22801	spaced
SUPER_1	357870402	357965548	IR	345	.	357918427	0.345	0.823	20	95113	357870402	357872517	357963438	357965548	398148334	357750000	358000000	0	2799	2110	90921	spaced
SUPER_1	224556865	224577925	IR	344	.	224567036	0.344	0.961	519	21038	224556865	224562027	224572797	224577925	398148334	224350000	224600000	0	3623	5128	10770	spaced
SUPER_1	296441671	296448096	IR	344	.	296444380	0.344	0.986	434	6429	296441671	296444128	296445639	296448128	398148334	296200000	296450000	0	4081	2457	1511	immediate
SUPER_1	322459440	322462625	IR	344	.	322460613	0.344	0.998	190	3167	322459440	322460485	322461580	322462625	398148334	322250000	322500000	0	3517	1045	1095	immediate
SUPER_1	261494387	261499975	IR	344	.	261497456	0.344	0.987	187	5565	261494387	261495669	261498694	261499975	398148334	261250000	261500000	0	4119	1281	3025	spaced
SUPER_1	207068058	207259831	IR	344	.	207163605	0.344	0.972	177	191756	207068058	207069674	207258220	207259831	398148334	207050000	207300000	0	1898	1611	188546	wide
SUPER_1	253615311	253618186	IR	344	.	253616586	0.344	0.955	149	2994	253615311	253616249	253617278	253618186	398148334	253400000	253650000	149	3612	908	1029	immediate
SUPER_1	220208698	220302573	IR	344	.	220255602	0.344	0.986	137	94030	220208698	220209476	220301795	220302573	398148334	220150000	220400000	137	1760	778	92319	spaced
SUPER_1	217273049	217281632	IR	344	.	217277559	0.344	0.973	128	8795	217273049	217273947	217280734	217281637	398148334	217050000	217300000	128	3788	898	6787	spaced
SUPER_1	35216335	35222894	IR	344	.	35219145	0.344	1.000	127	6537	35216335	35217065	35222164	35222894	398148334	35000000	35250000	0	3660	730	5099	spaced
SUPER_1	245778714	245868308	IR	344	.	245823786	0.344	0.887	122	89576	245778714	245780519	245866524	245868308	398148334	245650000	245900000	0	2891	1784	86005	spaced
SUPER_1	371066095	371068812	IR	344	.	371067417	0.344	0.995	122	3063	371066095	371066711	371068196	371068812	398148334	371050000	371300000	122	290	616	1485	immediate
SUPER_1	351359695	351362565	IR	344	.	351361129	0.344	0.998	120	3011	351359695	351360253	351362008	351362565	398148334	351150000	351400000	120	3518	557	1755	immediate
SUPER_1	207359369	207447055	IR	344	.	207402875	0.344	0.406	109	87719	207359369	207401044	207405380	207447107	398148334	207250000	207500000	0	2553	41675	4336	spaced
SUPER_1	232890899	232898062	IR	344	.	232894665	0.344	0.971	106	7259	232890899	232891585	232897380	232898062	398148334	232800000	233050000	106	1574	682	5795	spaced
SUPER_1	156429563	156542012	IR	344	.	156485409	0.344	0.939	103	112431	156429563	156430655	156540955	156542012	398148334	156300000	156550000	0	3096	1057	110300	wide
SUPER_1	316019875	316032983	IR	344	.	316026576	0.344	1.000	94	13180	316019875	316020312	316032546	316032983	398148334	315800000	316050000	94	3773	437	12234	spaced
SUPER_1	203059373	203134531	IR	344	.	203097376	0.344	0.936	90	75137	203059373	203060532	203133380	203134531	398148334	202900000	203150000	0	3282	1151	72848	spaced
SUPER_1	245124054	245126905	IR	344	.	245124975	0.344	0.996	87	2825	245124054	245124559	245126400	245126905	398148334	244900000	245150000	0	3757	505	1841	immediate
SUPER_1	126505968	126514792	IR	344	.	126510869	0.344	0.482	76	8886	126505968	126510197	126510563	126514876	398148334	126300000	126550000	0	3506	4229	366	immediate
SUPER_1	335320872	335355418	IR	344	.	335338266	0.344	0.903	76	34592	335320872	335321364	335354945	335355418	398148334	335200000	335450000	76	2302	473	33581	spaced
SUPER_1	121364690	121367247	IR	344	.	121366135	0.344	0.912	72	2698	121364690	121365166	121366771	121367275	398148334	121300000	121550000	72	1099	476	1605	immediate
SUPER_1	180526252	180530897	IR	344	.	180528218	0.344	0.961	69	4623	180526252	180526963	180530186	180530900	398148334	180350000	180600000	0	2976	711	3223	spaced
SUPER_1	215675889	215677385	IR	344	.	215676669	0.344	0.877	57	92458	215675889	215675960	215677314	215677395	398148334	215500000	215750000	416	2943	71	1354	immediate
SUPER_1	187738518	187760369	IR	344	.	187749066	0.344	0.988	53	21833	187738518	187738921	187759966	187760369	398148334	187550000	187800000	0	3323	403	21045	spaced
SUPER_1	314274983	314280013	IR	344	.	314277274	0.344	0.969	50	5341	314274983	314275277	314279719	314280014	398148334	314100000	314350000	37	2958	294	4442	spaced
SUPER_1	8106511	8109376	IR	344	.	8107503	0.344	0.967	49	2844	8106511	8106964	8108927	8109376	398148334	7900000	8150000	0	3465	449	1963	immediate
SUPER_1	116549228	116563092	IR	344	.	116555881	0.344	0.949	49	13839	116549228	116549793	116562528	116563092	398148334	116400000	116650000	0	2602	564	12735	spaced
SUPER_1	255367983	255383874	IR	344	.	255375533	0.344	0.957	46	15870	255367983	255368488	255383369	255383881	398148334	255300000	255550000	0	1265	505	14881	spaced
SUPER_1	275893474	275898503	IR	344	.	275895695	0.344	0.982	46	5006	275893474	275893811	275898168	275898503	398148334	275750000	276000000	0	2433	335	4357	spaced
SUPER_1	109728729	109746022	IR	344	.	109737140	0.344	0.929	45	17279	109728729	109728785	109745970	109746022	398148334	109500000	109750000	617	3956	52	17185	spaced
SUPER_1	285673906	285680520	IR	344	.	285677393	0.344	0.920	45	6646	285673906	285674389	285680052	285680520	398148334	285500000	285750000	45	2953	468	5663	spaced
SUPER_1	77422870	77425239	IR	344	.	77424040	0.344	1.000	44	2387	77422870	77423086	77425023	77425239	398148334	77200000	77450000	44	3734	216	1937	immediate
SUPER_1	349202090	349296275	IR	344	.	349249658	0.344	0.726	44	94165	349202090	349203090	349295362	349296275	398148334	349100000	349350000	0	2486	913	92272	spaced
SUPER_1	158822212	158969638	IR	344	.	158895748	0.344	0.848	42	147972	158822212	158822801	158969075	158969638	398148334	158800000	159050000	42	1598	563	146274	wide
SUPER_1	137657591	137660665	IR	344	.	137658912	0.344	0.965	37	3216	137657591	137657905	137660351	137660665	398148334	137650000	137900000	37	151	314	2446	spaced
SUPER_1	188723087	188822952	IR	344	.	188773442	0.344	0.961	36	99795	188723087	188723568	188822471	188822953	398148334	188600000	188850000	0	2883	481	98903	spaced
SUPER_1	177187049	177189337	IR	344	.	177188225	0.344	0.772	34	2371	177187049	177187305	177189081	177189395	398148334	177000000	177250000	98	3136	256	1776	immediate
SUPER_1	362163060	362172006	IR	344	.	362167270	0.344	0.904	34	8935	362163060	362163928	362171138	362172013	398148334	362050000	362300000	0	1958	868	7210	spaced
SUPER_1	266557295	266583816	IR	344	.	266570142	0.344	0.000	33	26476	266557295	266557445	266583771	266583816	398148334	266450000	266700000	0	2009	45	26326	spaced
SUPER_1	71561172	71563167	IR	344	.	71562169	0.344	0.801	32	2064	71561172	71561635	71562704	71563233	398148334	71350000	71600000	32	3536	463	1069	immediate
SUPER_1	231570765	231750594	IR	344	.	231660734	0.344	0.958	32	179829	231570765	231571050	231750310	231750594	398148334	231550000	231800000	32	1844	284	179260	wide
SUPER_1	177232760	177235125	IR	344	.	177233954	0.344	0.843	30	2371	177232760	177233034	177234855	177235125	398148334	177200000	177450000	79	565	270	1821	immediate
SUPER_1	20772746	20875104	IR	344	.	20823703	0.344	0.724	29	102310	20772746	20772788	20875062	20875120	398148334	20650000	20900000	269	2898	42	102274	wide
SUPER_1	188558197	188594982	IR	344	.	188576809	0.344	0.850	29	36889	188558197	188558583	188594633	188594982	398148334	188400000	188650000	35	2943	349	36050	spaced
SUPER_1	236193582	236291464	IR	344	.	236242844	0.344	0.958	29	97863	236193582	236194012	236291035	236291464	398148334	236050000	236300000	0	3208	429	97023	spaced
SUPER_1	259112568	259117222	IR	344	.	259114821	0.344	0.681	28	4688	259112568	259113694	259116096	259117232	398148334	259000000	259250000	28	1914	1126	2402	spaced
SUPER_1	222448244	222459719	IR	344	.	222454206	0.344	0.994	27	11488	222448244	222448414	222459549	222459719	398148334	222250000	222500000	27	3399	170	11135	spaced
SUPER_1	283866183	283873305	IR	344	.	283869345	0.344	0.791	27	7097	283866183	283866550	283872938	283873307	398148334	283700000	283950000	0	2828	367	6388	spaced
SUPER_1	76213834	76218720	IR	344	.	76215927	0.344	0.799	26	4864	76213834	76214157	76218453	76218720	398148334	76200000	76450000	0	271	267	4296	spaced
SUPER_1	192723634	192842336	IR	344	.	192782629	0.344	0.956	22	118683	192723634	192723909	192842063	192842336	398148334	192700000	192950000	0	1382	273	118154	wide
SUPER_1	355604254	355809428	IR	344	.	355706804	0.344	0.792	22	205140	355604254	355604302	355809390	355809428	398148334	355600000	355850000	183	1780	38	205088	wide
SUPER_1	310573446	310575614	IR	344	.	310574459	0.344	0.833	20	2153	310573446	310573811	310575280	310575614	398148334	310400000	310650000	20	2908	334	1469	immediate
SUPER_1	218726366	218868945	IR	343	.	218798044	0.343	0.646	643	118079	218726366	218754798	218840513	218868980	398148334	218700000	218950000	0	1627	28432	85715	spaced
SUPER_1	341009127	341015386	IR	343	.	341012448	0.343	1.000	442	6722	341009127	341011094	341013419	341015386	398148334	340800000	341050000	442	3537	1967	2325	spaced
SUPER_1	115348193	115360140	IR	343	.	115354110	0.343	0.991	439	12400	115348193	115350369	115357964	115360141	398148334	115150000	115400000	439	3402	2176	7595	spaced
SUPER_1	280473015	280478706	IR	343	.	280475589	0.343	0.972	383	5717	280473015	280475220	280476501	280478757	398148334	280250000	280500000	0	3764	2205	1281	immediate
SUPER_1	78952493	79002653	IR	343	.	78977741	0.343	0.949	285	50994	78952493	78958038	78997108	79002685	398148334	78800000	79050000	285	2959	5545	39070	spaced
SUPER_1	316278253	316280629	IR	343	.	316279439	0.343	0.987	236	2620	316278253	316279297	316279585	316280637	398148334	316100000	316350000	236	2990	1044	288	immediate
SUPER_1	136357402	136379192	IR	343	.	136368069	0.343	0.944	201	22161	136357402	136358353	136378241	136379195	398148334	136150000	136400000	114	3638	951	19888	spaced
SUPER_1	122860121	122869468	IR	343	.	122864320	0.343	0.997	197	9319	122860121	122861312	122868277	122869468	398148334	122650000	122900000	0	3579	1191	6965	spaced
SUPER_1	123069627	123078974	IR	343	.	123074775	0.343	0.997	196	9313	123069627	123070818	123077783	123078974	398148334	122850000	123100000	0	3738	1191	6965	spaced
SUPER_1	350191842	350196266	IR	343	.	350193744	0.343	0.999	179	4404	350191842	350192831	350195278	350196266	398148334	349950000	350200000	0	4067	988	2447	spaced
SUPER_1	309782785	309786361	IR	343	.	309784582	0.343	0.977	171	3708	309782785	309783583	309785581	309786361	398148334	309550000	309800000	172	3909	780	1998	immediate
SUPER_1	330709492	330717026	IR	343	.	330713676	0.343	0.981	160	7507	330709492	330710755	330715763	330717026	398148334	330500000	330750000	0	3554	1263	5008	spaced
SUPER_1	87389548	87398319	IR	343	.	87393633	0.343	0.940	151	8753	87389548	87391480	87396388	87398319	398148334	87150000	87400000	0	4065	1931	4908	spaced
SUPER_1	168040476	168046562	IR	343	.	168043290	0.343	0.952	146	6204	168040476	168041184	168045863	168046562	398148334	167800000	168050000	146	4058	699	4679	spaced
SUPER_1	218975121	218984294	IR	343	.	218980155	0.343	0.973	143	9144	218975121	218976365	218983050	218984295	398148334	218750000	219000000	0	3828	1244	6685	spaced
SUPER_1	14201771	14205328	IR	343	.	14203748	0.343	1.000	133	3711	14201771	14202371	14204728	14205328	398148334	14000000	14250000	133	3392	600	2357	spaced
SUPER_1	338508169	338579580	IR	343	.	338543821	0.343	0.930	125	71568	338508169	338509359	338578414	338579580	398148334	338350000	338600000	132	3231	1166	69055	spaced
SUPER_1	224632407	224720980	IR	343	.	224676978	0.343	0.960	118	88561	224632407	224633824	224719563	224720986	398148334	224600000	224850000	0	1278	1417	85739	spaced
SUPER_1	97229161	97251262	IR	343	.	97240436	0.343	0.948	113	22362	97229161	97229998	97250435	97251262	398148334	97100000	97350000	113	2336	827	20437	spaced
SUPER_1	124386760	124428532	IR	343	.	124407836	0.343	0.883	112	41859	124386760	124387659	124427633	124428533	398148334	124350000	124600000	112	960	899	39974	spaced
SUPER_1	145777693	145781766	IR	343	.	145779495	0.343	0.986	105	4161	145777693	145778279	145781181	145781766	398148334	145550000	145800000	105	3828	585	2902	spaced
SUPER_1	69983102	69985950	IR	343	.	69984526	0.343	0.998	101	2917	69983102	69983535	69985517	69985950	398148334	69800000	70050000	101	3075	433	1982	immediate
SUPER_1	183605977	183608596	IR	343	.	183607286	0.343	0.975	97	3259	183605977	183606680	183607893	183608597	398148334	183600000	183850000	97	121	703	1213	immediate
SUPER_1	301600009	301645396	IR	343	.	301623004	0.343	0.905	93	45426	301600009	301601753	301643652	301645463	398148334	301600000	301850000	0	378	1744	41899	spaced
SUPER_1	65707692	65723895	IR	343	.	65715502	0.343	0.982	85	16180	65707692	65708344	65723243	65723896	398148334	65500000	65750000	0	3596	652	14899	spaced
SUPER_1	249580517	249777433	IR	343	.	249678556	0.343	0.943	74	196895	249580517	249581389	249776571	249777433	398148334	249550000	249800000	0	2149	862	195182	wide
SUPER_1	333085976	333117944	IR	343	.	333101702	0.343	0.990	72	31951	333085976	333086465	333117457	333117944	398148334	332900000	333150000	0	3365	487	30992	spaced
SUPER_1	289572713	289664632	IR	343	.	289618249	0.343	0.908	71	91898	289572713	289573642	289663745	289664632	398148334	289450000	289700000	0	2811	887	90103	spaced
SUPER_1	32915158	33022134	IR	343	.	32968804	0.343	0.936	57	107037	32915158	32915981	33021314	33022134	398148334	32900000	33150000	57	1143	820	105333	wide
SUPER_1	163923407	164016773	IR	343	.	163970410	0.343	0.969	56	93345	163923407	163923953	164016228	164016773	398148334	163800000	164050000	0	2834	545	92275	spaced
SUPER_1	127901581	127906194	IR	343	.	127903794	0.343	0.463	52	4565	127901581	127901689	127906140	127906194	398148334	127800000	128050000	1135	1731	54	4451	spaced
SUPER_1	108623407	108682554	IR	343	.	108652775	0.343	0.917	50	59185	108623407	108624251	108681716	108682554	398148334	108450000	108700000	51	3382	838	57465	spaced
SUPER_1	194641748	194644036	IR	343	.	194642892	0.343	0.981	50	2320	194641748	194642062	194643722	194644036	398148334	194600000	194850000	50	714	314	1660	immediate
SUPER_1	209397987	209416248	IR	343	.	209407481	0.343	0.669	49	18222	209397987	209398068	209416167	209416285	398148334	209250000	209500000	0	2618	81	18099	spaced
SUPER_1	67197490	67371237	IR	343	.	67284144	0.343	0.835	46	173841	67197490	67198264	67370463	67371307	398148334	67150000	67400000	46	2239	774	172199	wide
SUPER_1	222482929	222608093	IR	343	.	222545342	0.343	0.939	45	125274	222482929	222483392	222607630	222608101	398148334	222450000	222700000	45	1591	463	124238	wide
SUPER_1	95430659	95434579	IR	343	.	95432377	0.343	0.918	44	3931	95430659	95431393	95433856	95434579	398148334	95200000	95450000	44	3876	723	2463	spaced
SUPER_1	128699342	128702215	IR	343	.	128700442	0.343	0.973	43	2847	128699342	128699748	128701809	128702217	398148334	128500000	128750000	0	3346	406	2061	spaced
SUPER_1	154748246	154751108	IR	343	.	154749785	0.343	0.849	41	2909	154748246	154748655	154750699	154751140	398148334	154600000	154850000	41	2494	409	2044	spaced
SUPER_1	37707598	37716154	IR	343	.	37711408	0.343	0.981	39	8533	37707598	37707865	37715889	37716154	398148334	37500000	37750000	0	3531	265	8024	spaced
SUPER_1	213949334	213975879	IR	343	.	213963049	0.343	0.982	39	26527	213949334	213949675	213975538	213975880	398148334	213750000	214000000	0	3543	341	25863	spaced
SUPER_1	111035443	111219270	IR	343	.	111126948	0.343	0.946	37	183783	111035443	111036057	111218659	111219270	398148334	111000000	111250000	0	2122	611	182602	wide
SUPER_1	238555433	238558525	IR	343	.	238556544	0.343	0.953	37	3079	238555433	238555894	238558064	238558530	398148334	238350000	238600000	0	3449	461	2170	spaced
SUPER_1	19744576	19766280	IR	343	.	19755598	0.343	0.787	34	21747	19744576	19744927	19765995	19766280	398148334	19600000	19850000	35	2590	285	21068	spaced
SUPER_1	364757303	364866424	IR	343	.	364811622	0.343	0.694	34	109177	364757303	364757605	364866122	364866438	398148334	364700000	364950000	19	1864	302	108517	wide
SUPER_1	120336111	120344445	IR	343	.	120340528	0.343	0.919	31	8313	120336111	120337024	120343542	120344445	398148334	120250000	120500000	0	1504	903	6518	spaced
SUPER_1	321574335	321578526	IR	343	.	321576067	0.343	0.937	31	4182	321574335	321574739	321578122	321578537	398148334	321550000	321800000	0	440	404	3383	spaced
SUPER_1	215928381	216051733	IR	343	.	215990507	0.343	0.907	29	123329	215928381	215929044	216051073	216051733	398148334	215900000	216150000	0	1500	660	122029	wide
SUPER_1	217395928	217398302	IR	343	.	217397126	0.343	0.885	27	2336	217395928	217395974	217398256	217398308	398148334	217200000	217450000	294	3285	46	2282	spaced
SUPER_1	4610135	4819300	IR	343	.	4714750	0.343	0.972	26	209162	4610135	4610315	4819123	4819300	398148334	4600000	4850000	26	1911	177	208808	wide
SUPER_1	129158611	129160352	IR	343	.	129159577	0.343	0.967	25	2138	129158611	129158794	129160169	129160352	398148334	129000000	129250000	25	2657	183	1375	immediate
SUPER_1	364449106	364500400	IR	343	.	364474713	0.343	0.932	25	51306	364449106	364449542	364499964	364500403	398148334	364300000	364550000	25	2912	436	50422	spaced
SUPER_1	241384475	241465324	IR	343	.	241424824	0.343	0.919	24	80874	241384475	241385010	241464789	241465332	398148334	241350000	241600000	24	1248	535	79779	spaced
SUPER_1	305946709	305951796	IR	343	.	305949769	0.343	0.807	24	5069	305946709	305947009	305951546	305951796	398148334	305850000	306100000	0	1654	250	4537	spaced
SUPER_1	102908706	102912306	IR	343	.	102910939	0.343	0.944	23	3584	102908706	102908914	102912098	102912312	398148334	102700000	102950000	0	3508	208	3184	spaced
SUPER_1	300356649	300377289	IR	343	.	300366873	0.343	0.813	23	20661	300356649	300357159	300376779	300377297	398148334	300350000	300600000	23	282	510	19620	spaced
SUPER_1	166037638	166040901	IR	343	.	166038841	0.343	0.937	22	3244	166037638	166037893	166040646	166040901	398148334	165900000	166150000	0	2321	255	2753	spaced
SUPER_1	52094917	52238447	IR	343	.	52166364	0.343	0.629	20	143456	52094917	52095718	52237647	52238447	398148334	52050000	52300000	0	1944	800	141929	wide
SUPER_1	91958587	91963203	IR	343	.	91960511	0.343	0.718	20	4560	91958587	91958643	91963147	91963225	398148334	91750000	92000000	0	3514	56	4504	spaced
SUPER_1	363530772	363614885	IR	343	.	363572603	0.343	0.941	20	84193	363530772	363531060	363614597	363614886	398148334	363400000	363650000	20	2880	288	83537	spaced
SUPER_1	13095459	13108036	IR	342	.	13101501	0.342	0.999	829	13480	13095459	13099107	13104389	13108036	398148334	12900000	13150000	829	3362	3647	5282	spaced
SUPER_1	386014923	386025072	IR	342	.	386019650	0.342	0.999	747	10131	386014923	386019108	386020887	386025072	398148334	385800000	386050000	0	3666	4185	1779	immediate
SUPER_1	79983264	80108997	IR	342	.	80046502	0.342	0.962	498	125713	79983264	79995952	80096360	80108997	398148334	79950000	80200000	0	1602	12637	100408	wide
SUPER_1	86751506	86839796	IR	342	.	86796036	0.342	0.994	485	88266	86751506	86754308	86837003	86839796	398148334	86600000	86850000	0	3260	2793	82695	spaced
SUPER_1	354238077	354274533	IR	342	.	354256073	0.342	0.989	322	37061	354238077	354239997	354272613	354274533	398148334	354050000	354300000	322	3438	1920	32616	spaced
SUPER_1	53944377	53951868	IR	342	.	53948199	0.342	0.977	311	7840	53944377	53945945	53950300	53951893	398148334	53800000	54050000	311	2468	1568	4355	spaced
SUPER_1	36952144	37010436	IR	342	.	36981069	0.342	0.932	243	58634	36952144	36954373	37008252	37010436	398148334	36800000	37050000	243	3021	2184	53879	spaced
SUPER_1	165178111	165186253	IR	342	.	165182593	0.342	0.996	211	8124	165178111	165179431	165184933	165186253	398148334	164950000	165200000	0	3869	1320	5502	spaced
SUPER_1	260912297	260939103	IR	342	.	260925235	0.342	0.497	205	26827	260912297	260923077	260928323	260939192	398148334	260750000	261000000	0	2928	10780	5246	spaced
SUPER_1	267088657	267091138	IR	342	.	267090320	0.342	0.999	198	2462	267088657	267089761	267090034	267091138	398148334	266900000	267150000	0	3164	1104	273	immediate
SUPER_1	185698935	185709823	IR	342	.	185704693	0.342	0.941	193	10875	185698935	185702772	185705986	185709833	398148334	185500000	185750000	0	3406	3837	3214	spaced
SUPER_1	120030422	120055802	IR	342	.	120043044	0.342	0.951	149	25637	120030422	120031660	120054564	120055822	398148334	120000000	120250000	149	718	1238	22904	spaced
SUPER_1	271241662	271274254	IR	342	.	271258469	0.342	0.908	142	32655	271241662	271243335	271272581	271274343	398148334	271150000	271400000	0	1799	1673	29246	spaced
SUPER_1	141998125	142007717	IR	342	.	142003261	0.342	0.982	133	9573	141998125	141999082	142006761	142007717	398148334	141800000	142050000	0	3381	956	7679	spaced
SUPER_1	147470238	147529657	IR	342	.	147500421	0.342	0.995	133	59393	147470238	147471090	147528805	147529657	398148334	147300000	147550000	0	3332	852	57715	spaced
SUPER_1	85852542	85855398	IR	342	.	85854013	0.342	0.846	122	2995	85852542	85853376	85854564	85855429	398148334	85650000	85900000	135	3399	834	1188	immediate
SUPER_1	306177572	306186465	IR	342	.	306182482	0.342	0.909	113	8862	306177572	306178625	306185475	306186465	398148334	306050000	306300000	0	2200	990	6850	spaced
SUPER_1	14425201	14476889	IR	342	.	14450864	0.342	0.896	106	52033	14425201	14425976	14476114	14476958	398148334	14300000	14550000	108	2517	775	50138	spaced
SUPER_1	8691542	8693611	IR	342	.	8692103	0.342	1.000	94	2047	8691542	8692097	8693056	8693611	398148334	8650000	8900000	0	709	555	959	immediate
SUPER_1	336446628	336530433	IR	342	.	336488768	0.342	0.983	88	83785	336446628	336447324	336529737	336530433	398148334	336300000	336550000	0	3142	696	82413	spaced
SUPER_1	229612393	229708178	IR	342	.	229659918	0.342	0.935	83	95787	229612393	229613289	229707282	229708198	398148334	229600000	229850000	0	1004	896	93993	spaced
SUPER_1	339883526	339889521	IR	342	.	339886890	0.342	0.879	71	5979	339883526	339885610	339887437	339889528	398148334	339650000	339900000	0	3941	2084	1827	immediate
SUPER_1	389276072	389299568	IR	342	.	389287938	0.342	0.963	71	23806	389276072	389276499	389299141	389299573	398148334	389050000	389300000	71	3963	427	22642	spaced
SUPER_1	276330519	276334985	IR	342	.	276332688	0.342	0.994	67	4509	276330519	276330869	276334635	276334985	398148334	276150000	276400000	67	3045	350	3766	spaced
SUPER_1	282976015	283090616	IR	342	.	283033689	0.342	0.405	66	114610	282976015	283033241	283033390	283090662	398148334	282850000	283100000	0	3055	57226	149	immediate
SUPER_1	73574218	73578751	IR	342	.	73576197	0.342	0.970	62	4513	73574218	73574847	73578122	73578751	398148334	73350000	73600000	0	3774	629	3275	spaced
SUPER_1	159657217	159703665	IR	342	.	159680043	0.342	0.414	62	46429	159657217	159671085	159689821	159703665	398148334	159500000	159750000	0	3007	13844	18736	spaced
SUPER_1	160595295	160600050	IR	342	.	160598108	0.342	0.154	61	4713	160595295	160595347	160599998	160600134	398148334	160450000	160700000	0	2461	52	4651	spaced
SUPER_1	383536703	383550888	IR	342	.	383543527	0.342	1.000	60	14165	383536703	383537040	383550551	383550888	398148334	383400000	383650000	0	2396	337	13511	spaced
SUPER_1	96022549	96029023	IR	342	.	96025756	0.342	0.956	56	6557	96022549	96022994	96028580	96029023	398148334	95850000	96100000	56	2929	443	5586	spaced
SUPER_1	214878485	214976819	IR	342	.	214927393	0.342	0.946	55	98329	214878485	214879078	214976226	214976835	398148334	214750000	215000000	0	2960	593	97148	spaced
SUPER_1	271884608	271887818	IR	342	.	271885857	0.342	0.934	54	3193	271884608	271885285	271887141	271887822	398148334	271650000	271900000	0	3936	677	1856	immediate
SUPER_1	373450908	373498775	IR	342	.	373475086	0.342	0.921	53	47800	373450908	373451680	373498003	373498800	398148334	373250000	373500000	0	3747	772	46323	spaced
SUPER_1	175346949	175380619	IR	342	.	175364152	0.342	0.983	48	33652	175346949	175347356	175380214	175380619	398148334	175150000	175400000	0	3562	405	32858	spaced
SUPER_1	228571052	228711174	IR	342	.	228640857	0.342	0.950	48	140094	228571052	228571556	228710679	228711174	398148334	228500000	228750000	0	2351	495	139123	wide
SUPER_1	300906781	300909183	IR	342	.	300907982	0.342	0.996	47	2446	300906781	300907026	300908938	300909183	398148334	300700000	300950000	47	3466	245	1912	immediate
SUPER_1	121819212	121991320	IR	342	.	121905544	0.342	0.762	46	172089	121819212	121820751	121989857	121991320	398148334	121800000	122050000	0	1754	1463	169106	wide
SUPER_1	223003530	223197563	IR	342	.	223100996	0.342	0.913	46	194002	223003530	223004424	223196677	223197563	398148334	223000000	223250000	0	1675	886	192253	wide
SUPER_1	372786542	372790925	IR	342	.	372788279	0.342	0.938	45	4359	372786542	372787387	372790080	372790929	398148334	372700000	372950000	0	1478	845	2693	spaced
SUPER_1	193115675	193118744	IR	342	.	193117219	0.342	0.842	44	3131	193115675	193116314	193118105	193118763	398148334	192900000	193150000	44	3620	639	1791	immediate
SUPER_1	230479780	230619771	IR	342	.	230549739	0.342	0.922	42	140026	230479780	230480441	230619110	230619789	398148334	230450000	230700000	42	1662	661	138669	wide
SUPER_1	150258394	150263343	IR	342	.	150261145	0.342	0.594	40	4923	150258394	150258458	150263279	150263391	398148334	150250000	150500000	0	181	64	4821	spaced
SUPER_1	262791903	262795027	IR	342	.	262792962	0.342	0.938	39	3049	262791903	262792453	262794477	262795027	398148334	262700000	262950000	0	1557	550	2024	spaced
SUPER_1	307671223	307675217	IR	342	.	307672868	0.342	0.959	37	3973	307671223	307671634	307674806	307675218	398148334	307450000	307700000	0	3720	411	3172	spaced
SUPER_1	268966335	268997211	IR	342	.	268981808	0.342	0.630	36	31039	268966335	268967197	268996349	268997261	398148334	268950000	269200000	36	528	862	29152	spaced
SUPER_1	1913637	2107731	IR	342	.	2010379	0.342	0.406	35	170475	1913637	1937619	2083789	2107731	398148334	1900000	2150000	0	1844	23942	146170	wide
SUPER_1	24934371	25113258	IR	342	.	25024151	0.342	0.604	34	178839	24934371	24934419	25113210	25113292	398148334	24900000	25150000	0	2063	48	178791	wide
SUPER_1	397490456	397606888	IR	342	.	397548350	0.342	0.958	33	116409	397490456	397490788	397606556	397606890	398148334	397400000	397650000	0	2477	332	115768	wide
SUPER_1	393967852	393970092	IR	342	.	393969201	0.342	0.950	31	2254	393967852	393967892	393970054	393970092	398148334	393750000	394000000	32	3649	38	2162	spaced
SUPER_1	35791246	35883087	IR	342	.	35837393	0.342	0.927	27	92764	35791246	35791342	35882993	35883087	398148334	35700000	35950000	3	2285	94	91651	spaced
SUPER_1	331580361	331583524	IR	342	.	331582053	0.342	0.851	27	3199	331580361	331580542	331583343	331583527	398148334	331350000	331600000	27	3865	181	2801	spaced
SUPER_1	46651873	46656968	IR	342	.	46654797	0.342	1.000	25	5059	46651873	46652029	46656812	46656968	398148334	46450000	46700000	0	3406	156	4783	spaced
SUPER_1	20446746	20564073	IR	342	.	20505024	0.342	0.981	22	117299	20446746	20446954	20563865	20564073	398148334	20350000	20600000	0	2590	208	116911	wide
SUPER_1	369759960	369836499	IR	342	.	369798601	0.342	0.970	21	76521	369759960	369760160	369836299	369836500	398148334	369600000	369850000	0	3303	200	76139	spaced
SUPER_1	51872752	51875824	IR	342	.	51874219	0.342	0.992	20	3069	51872752	51872874	51875702	51875824	398148334	51650000	51900000	20	3737	122	2828	spaced
SUPER_1	74045723	74143277	IR	342	.	74094044	0.342	0.972	20	97528	74045723	74045935	74143065	74143277	398148334	73900000	74150000	0	3241	212	97130	spaced
SUPER_1	79956169	79970504	IR	341	.	79963619	0.341	0.999	1073	14309	79956169	79961627	79965046	79970508	398148334	79750000	80000000	0	3555	5458	3419	spaced
SUPER_1	287173529	287185968	IR	341	.	287179591	0.341	1.000	795	13306	287173529	287177074	287182423	287185968	398148334	286950000	287200000	811	3829	3545	5349	spaced
SUPER_1	50674592	50688671	IR	341	.	50681199	0.341	0.900	578	14114	50674592	50678646	50684617	50688767	398148334	50500000	50750000	0	3027	4054	5971	spaced
SUPER_1	289960790	289971123	IR	341	.	289965733	0.341	0.953	268	11136	289960790	289963359	289968554	289971141	398148334	289750000	290000000	268	3599	2569	5195	spaced
SUPER_1	292584750	292594499	IR	341	.	292589503	0.341	0.987	203	9909	292584750	292585734	292593526	292594499	398148334	292350000	292600000	203	3993	973	7792	spaced
SUPER_1	289688007	289697786	IR	341	.	289692583	0.341	0.985	190	9772	289688007	289689226	289696567	289697799	398148334	289450000	289700000	0	4048	1219	7341	spaced
SUPER_1	107916817	107950325	IR	341	.	107933242	0.341	0.799	171	33555	107916817	107920352	107946790	107950393	398148334	107750000	108000000	0	3059	3535	26438	spaced
SUPER_1	196072571	196076625	IR	341	.	196074409	0.341	0.976	147	4201	196072571	196073274	196075922	196076626	398148334	195850000	196100000	147	3743	703	2648	spaced
SUPER_1	175106667	175167529	IR	341	.	175137345	0.341	0.984	135	60845	175106667	175107622	175166574	175167531	398148334	174950000	175200000	0	3118	955	58952	spaced
SUPER_1	202650660	202657012	IR	341	.	202653766	0.341	0.910	135	6531	202650660	202652153	202655519	202657062	398148334	202450000	202700000	135	3397	1493	3366	spaced
SUPER_1	144348477	144351650	IR	341	.	144349938	0.341	0.998	130	3313	144348477	144349067	144351061	144351650	398148334	144150000	144400000	130	3334	589	1994	immediate
SUPER_1	32410966	32555517	IR	341	.	32483731	0.341	0.952	122	144519	32410966	32412792	32553691	32555521	398148334	32350000	32600000	0	2220	1826	140899	wide
SUPER_1	13563768	13679410	IR	341	.	13621682	0.341	0.930	109	115767	13563768	13565003	13678213	13679410	398148334	13450000	13700000	109	2859	1197	113210	wide
SUPER_1	160376332	160399840	IR	341	.	160387929	0.341	0.968	105	23597	160376332	160377167	160399009	160399840	398148334	160200000	160450000	112	3134	831	21842	spaced
SUPER_1	2400258	2412392	IR	341	.	2406242	0.341	1.000	98	12220	2400258	2400709	2411941	2412392	398148334	2200000	2450000	98	3438	451	11232	spaced
SUPER_1	190769127	190776588	IR	341	.	190772669	0.341	1.000	97	7539	190769127	190769519	190776196	190776588	398148334	190550000	190800000	97	3714	392	6677	spaced
SUPER_1	146429605	146438368	IR	341	.	146434393	0.341	0.998	91	8744	146429605	146430139	146437834	146438368	398148334	146200000	146450000	0	3899	534	7695	spaced
SUPER_1	198001492	198087681	IR	341	.	198044649	0.341	0.971	75	86228	198001492	198001961	198087212	198087689	398148334	197900000	198150000	75	2409	469	85251	spaced
SUPER_1	178536956	178540934	IR	341	.	178539234	0.341	0.987	65	3952	178536956	178537409	178540481	178540934	398148334	178300000	178550000	0	3982	453	3072	spaced
SUPER_1	196784875	196792062	IR	341	.	196788019	0.341	0.791	63	7203	196784875	196785904	196791033	196792103	398148334	196550000	196800000	0	3974	1029	5129	spaced
SUPER_1	332202686	332211663	IR	341	.	332207160	0.341	0.957	62	9029	332202686	332203155	332211202	332211663	398148334	332000000	332250000	62	3452	461	8047	spaced
SUPER_1	250888308	250892009	IR	341	.	250890371	0.341	0.966	61	3867	250888308	250888845	250891474	250892009	398148334	250650000	250900000	61	4002	535	2629	spaced
SUPER_1	325434758	325439538	IR	341	.	325437573	0.341	0.940	59	4760	325434758	325435236	325439067	325439538	398148334	325200000	325450000	0	3952	471	3831	spaced
SUPER_1	25851632	25854763	IR	341	.	25853078	0.341	0.985	57	3177	25851632	25851965	25854430	25854763	398148334	25650000	25900000	57	3386	333	2465	spaced
SUPER_1	214726258	214759409	IR	341	.	214742515	0.341	0.860	56	33119	214726258	214726924	214758782	214759409	398148334	214600000	214850000	0	2380	627	31858	spaced
SUPER_1	346723569	346765849	IR	341	.	346744568	0.341	0.399	54	42388	346723569	346744675	346744743	346765901	398148334	346650000	346900000	55	1578	21106	68	immediate
SUPER_1	139167908	139315644	IR	341	.	139241474	0.341	0.792	53	147716	139167908	139169417	139314143	139315644	398148334	139150000	139400000	0	1529	1501	144726	wide
SUPER_1	327698909	327827934	IR	341	.	327763647	0.341	0.962	52	128937	327698909	327698959	327827884	327827936	398148334	327600000	327850000	325	2723	50	128925	wide
SUPER_1	373321962	373349833	IR	341	.	373336306	0.341	0.902	52	27852	373321962	373322650	373349158	373349833	398148334	373100000	373350000	0	3931	675	26508	spaced
SUPER_1	57244951	57247942	IR	341	.	57246445	0.341	0.839	51	3043	57244951	57245346	57247547	57247978	398148334	57000000	57250000	51	4107	395	2201	spaced
SUPER_1	146719537	146727645	IR	341	.	146723614	0.341	0.992	51	8131	146719537	146719776	146727406	146727645	398148334	146700000	146950000	51	393	239	7630	spaced
SUPER_1	264139539	264232235	IR	341	.	264185835	0.341	0.927	51	92833	264139539	264140433	264231343	264232235	398148334	264100000	264350000	51	1431	892	90910	spaced
SUPER_1	179839325	179905629	IR	341	.	179872077	0.341	0.000	49	66268	179839325	179839439	179905593	179905629	398148334	179750000	180000000	0	2041	36	66154	spaced
SUPER_1	245030561	245102409	IR	341	.	245066815	0.341	0.949	47	71823	245030561	245031020	245101950	245102411	398148334	244900000	245150000	0	2774	459	70930	spaced
SUPER_1	336848566	336860059	IR	341	.	336854136	0.341	0.790	47	11608	336848566	336849813	336858889	336860059	398148334	336650000	336900000	50	3405	1170	9076	spaced
SUPER_1	86973588	87001220	IR	341	.	86987539	0.341	0.874	43	27737	86973588	86974104	87000704	87001259	398148334	86950000	87200000	43	623	516	26600	spaced
SUPER_1	4231528	4264734	IR	341	.	4247682	0.341	0.543	42	33160	4231528	4231574	4264688	4264772	398148334	4150000	4400000	0	1635	46	33114	spaced
SUPER_1	88554592	88595207	IR	341	.	88574423	0.341	0.883	42	40603	88554592	88555380	88594419	88595239	398148334	88350000	88600000	0	3748	788	39039	spaced
SUPER_1	122213137	122216932	IR	341	.	122215048	0.341	1.000	41	3810	122213137	122213341	122216728	122216932	398148334	122100000	122350000	41	1917	204	3387	spaced
SUPER_1	172246116	172386224	IR	341	.	172316388	0.341	0.959	41	140135	172246116	172246481	172385859	172386225	398148334	172150000	172400000	41	2769	365	139378	wide
SUPER_1	195787461	195852755	IR	341	.	195819734	0.341	0.901	41	65276	195787461	195788163	195852056	195852755	398148334	195700000	195950000	0	2001	699	63893	spaced
SUPER_1	349447722	349450379	IR	341	.	349448966	0.341	0.974	41	2784	349447722	349448064	349450037	349450379	398148334	349250000	349500000	41	3317	342	1973	immediate
SUPER_1	157847672	157948089	IR	341	.	157897564	0.341	0.975	37	100388	157847672	157847988	157947773	157948089	398148334	157800000	158050000	0	1631	316	99785	spaced
SUPER_1	198266653	198288692	IR	341	.	198277666	0.341	0.896	37	22062	198266653	198267437	198287908	198288692	398148334	198050000	198300000	37	3794	784	20471	spaced
SUPER_1	255745080	255783763	IR	341	.	255764245	0.341	0.948	36	38711	255745080	255745367	255783476	255783763	398148334	255550000	255800000	36	3573	287	38109	spaced
SUPER_1	319136071	319144586	IR	341	.	319140651	0.341	0.980	35	8494	319136071	319136324	319144336	319144586	398148334	318900000	319150000	0	4005	250	8012	spaced
SUPER_1	12678983	12799725	IR	341	.	12739432	0.341	0.961	34	120770	12678983	12679267	12799447	12799725	398148334	12550000	12800000	34	3155	278	120180	wide
SUPER_1	84685208	84709310	IR	341	.	84697739	0.341	0.799	34	23574	84685208	84686628	84707931	84709310	398148334	84550000	84800000	0	2454	1379	21303	spaced
SUPER_1	149188783	149192142	IR	341	.	149190422	0.341	1.000	31	3380	149188783	149188893	149192032	149192142	398148334	148950000	149200000	31	4007	110	3139	spaced
SUPER_1	160072456	160207145	IR	341	.	160139352	0.341	0.959	31	134669	160072456	160072790	160206811	160207151	398148334	160000000	160250000	0	2329	334	134021	wide
SUPER_1	172201736	172215328	IR	341	.	172208758	0.341	0.876	30	13393	172201736	172202323	172214762	172215328	398148334	172050000	172300000	31	2642	566	12439	spaced
SUPER_1	91805117	91842782	IR	341	.	91824314	0.341	0.830	28	37695	91805117	91806273	91841626	91842831	398148334	91600000	91850000	0	3732	1156	35353	spaced
SUPER_1	359540340	359566916	IR	341	.	359553880	0.341	0.781	28	26562	359540340	359541161	359566095	359566921	398148334	359350000	359600000	0	3393	821	24934	spaced
SUPER_1	110135295	110140270	IR	341	.	110137549	0.341	1.000	27	4967	110135295	110135399	110140166	110140270	398148334	110050000	110300000	27	1462	104	4767	spaced
SUPER_1	47818335	47821289	IR	341	.	47819787	0.341	0.756	26	3061	47818335	47818547	47821077	47821337	398148334	47600000	47850000	26	3663	212	2530	spaced
SUPER_1	134558888	134787239	IR	341	.	134672559	0.341	0.906	26	228268	134558888	134559615	134786517	134787239	398148334	134550000	134800000	0	2050	722	226902	wide
SUPER_1	57579950	57596521	IR	341	.	57587816	0.341	0.917	25	16548	57579950	57580470	57596008	57596521	398148334	57350000	57600000	0	3970	513	15538	spaced
SUPER_1	206542497	206595218	IR	341	.	206568561	0.341	0.923	23	52690	206542497	206542707	206595008	206595228	398148334	206350000	206600000	0	3647	210	52301	spaced
SUPER_1	306252966	306317160	IR	341	.	306285228	0.341	0.931	23	64189	306252966	306253338	306316788	306317165	398148334	306200000	306450000	23	1417	372	63450	spaced
SUPER_1	114655318	114781423	IR	341	.	114718311	0.341	0.899	22	126186	114655318	114655709	114781032	114781428	398148334	114550000	114800000	22	2806	391	125323	wide
SUPER_1	119589895	119595872	IR	341	.	119592700	0.341	0.993	22	5975	119589895	119590035	119595732	119595872	398148334	119350000	119600000	22	4047	140	5697	spaced
SUPER_1	372111428	372118725	IR	341	.	372114573	0.341	0.985	22	7259	372111428	372111563	372118590	372118725	398148334	372100000	372350000	0	251	135	7027	spaced
SUPER_1	390070953	390077851	IR	341	.	390074768	0.341	0.986	22	6875	390070953	390071098	390077706	390077851	398148334	389850000	390100000	0	3739	145	6608	spaced
SUPER_1	395449585	395466225	IR	341	.	395457632	0.341	0.975	22	16621	395449585	395449746	395466064	395466226	398148334	395250000	395500000	0	3464	161	16318	spaced
SUPER_1	75465431	75467784	IR	341	.	75466620	0.341	0.790	21	2403	75465431	75465826	75467389	75467830	398148334	75350000	75600000	21	1943	395	1563	immediate
SUPER_1	80797687	80911422	IR	341	.	80854990	0.341	0.635	20	113716	80797687	80798057	80911052	80911422	398148334	80700000	80950000	0	2575	370	112995	wide
SUPER_1	212312221	212316020	IR	341	.	212314329	0.341	0.947	20	3826	212312221	212312408	212315837	212316020	398148334	212100000	212350000	38	3568	183	3429	spaced
SUPER_1	331321375	331346986	IR	340	.	331334108	0.340	0.936	380	27063	331321375	331330878	331337501	331346986	398148334	331300000	331550000	380	569	9485	6623	spaced
SUPER_1	197410125	197414816	IR	340	.	197412106	0.340	1.000	377	4663	197410125	197412282	197412659	197414816	398148334	197200000	197450000	0	3541	2157	377	immediate
SUPER_1	354496076	354505996	IR	340	.	354501431	0.340	0.994	200	9893	354496076	354497296	354504780	354505996	398148334	354300000	354550000	0	3350	1216	7484	spaced
SUPER_1	232906458	232908805	IR	340	.	232907632	0.340	0.990	197	2598	232906458	232907486	232907781	232908805	398148334	232700000	232950000	198	3460	1024	295	immediate
SUPER_1	4886155	4893584	IR	340	.	4889587	0.340	0.980	183	7403	4886155	4887435	4892304	4893584	398148334	4650000	4900000	0	3997	1280	4869	spaced
SUPER_1	211426969	211433062	IR	340	.	211429795	0.340	0.996	163	6262	211426969	211427743	211432288	211433062	398148334	211350000	211600000	163	1333	774	4545	spaced
SUPER_1	136515202	136521401	IR	340	.	136518352	0.340	0.992	127	6329	136515202	136515845	136520760	136521401	398148334	136300000	136550000	127	3638	641	4915	spaced
SUPER_1	216110403	216117906	IR	340	.	216113682	0.340	0.887	122	7470	216110403	216111465	216116943	216117906	398148334	215900000	216150000	0	3569	963	5478	spaced
SUPER_1	227821316	227977667	IR	340	.	227899387	0.340	0.976	121	156601	227821316	227822112	227976871	227977667	398148334	227750000	228000000	129	2491	796	154759	wide
SUPER_1	306326159	306482972	IR	340	.	306404752	0.340	0.992	117	156945	306326159	306326782	306482349	306482972	398148334	306250000	306500000	117	2575	623	155567	wide
SUPER_1	246142361	246183818	IR	340	.	246163355	0.340	0.911	112	41428	246142361	246144001	246182184	246183818	398148334	245950000	246200000	0	3551	1634	38183	spaced
SUPER_1	197183395	197348543	IR	340	.	197266186	0.340	0.946	97	166090	197183395	197183487	197348451	197348543	398148334	197150000	197400000	8	1932	92	164964	wide
SUPER_1	229880350	230013271	IR	340	.	229946463	0.340	0.926	90	132892	229880350	229881193	230012428	230013298	398148334	229800000	230050000	0	2446	843	131235	wide
SUPER_1	384324759	384544308	IR	340	.	384434827	0.340	0.403	86	219532	384324759	384357810	384511366	384544308	398148334	384300000	384550000	0	2242	32942	153556	wide
SUPER_1	231784732	231943820	IR	340	.	231864670	0.340	0.959	80	159030	231784732	231785756	231942796	231943825	398148334	231700000	231950000	0	2737	1024	157040	wide
SUPER_1	281352335	281486252	IR	340	.	281418802	0.340	0.918	80	133932	281352335	281352859	281485728	281486288	398148334	281250000	281500000	0	2821	524	132869	wide
SUPER_1	342098993	342110633	IR	340	.	342104559	0.340	0.965	72	11620	342098993	342099725	342109901	342110634	398148334	341900000	342150000	0	3413	732	10176	spaced
SUPER_1	337359926	337367955	IR	340	.	337363797	0.340	0.991	69	8076	337359926	337360277	337367604	337367955	398148334	337200000	337450000	69	2732	351	7327	spaced
SUPER_1	231950845	231968896	IR	340	.	231959426	0.340	0.185	66	18015	231950845	231950983	231968842	231968896	398148334	231850000	232100000	0	1831	54	17859	spaced
SUPER_1	183199765	183221210	IR	340	.	183210434	0.340	0.933	64	21599	183199765	183200516	183220459	183221219	398148334	183050000	183300000	64	2674	751	19943	spaced
SUPER_1	227666122	227700585	IR	340	.	227683580	0.340	0.869	53	36431	227666122	227666282	227700432	227700585	398148334	227650000	227900000	11	555	153	34150	spaced
SUPER_1	342513113	342520825	IR	340	.	342517336	0.340	0.963	53	7694	342513113	342513569	342520371	342520825	398148334	342300000	342550000	0	3616	454	6802	spaced
SUPER_1	234532090	234539797	IR	340	.	234536327	0.340	0.494	52	7686	234532090	234535820	234536105	234539797	398148334	234400000	234650000	0	2265	3692	285	immediate
SUPER_1	228879887	228901914	IR	340	.	228891286	0.340	0.859	50	21967	228879887	228880480	228901365	228901914	398148334	228850000	229100000	0	681	549	20885	spaced
SUPER_1	261101339	261173021	IR	340	.	261137485	0.340	0.448	50	71656	261101339	261108999	261165382	261173021	398148334	260950000	261200000	0	3119	7639	56383	spaced
SUPER_1	209270836	209290432	IR	340	.	209281038	0.340	0.893	49	19575	209270836	209271710	209289597	209290432	398148334	209100000	209350000	0	3010	835	17887	spaced
SUPER_1	294770934	294893148	IR	340	.	294831534	0.340	0.939	49	122137	294770934	294771801	294892290	294893148	398148334	294650000	294900000	0	3033	858	120489	wide
SUPER_1	209434232	209445453	IR	340	.	209439800	0.340	0.978	47	11343	209434232	209434553	209445133	209445453	398148334	209200000	209450000	47	3997	320	10580	spaced
SUPER_1	366519852	366532189	IR	340	.	366525562	0.340	0.979	46	12318	366519852	366520242	366531799	366532189	398148334	366300000	366550000	0	3766	390	11557	spaced
SUPER_1	275830383	275888889	IR	340	.	275859248	0.340	0.919	44	58500	275830383	275831097	275888175	275888902	398148334	275750000	276000000	0	1827	714	57078	spaced
SUPER_1	349455037	349458758	IR	340	.	349457006	0.340	0.967	41	3738	349455037	349455361	349458434	349458762	398148334	349300000	349550000	41	2614	324	3073	spaced
SUPER_1	61779373	61829686	IR	340	.	61804976	0.340	0.867	40	50139	61779373	61780066	61828993	61829698	398148334	61650000	61900000	0	2575	693	48927	spaced
SUPER_1	321169804	321173663	IR	340	.	321171830	0.340	0.990	40	3915	321169804	321170008	321173459	321173665	398148334	320950000	321200000	40	3695	204	3451	spaced
SUPER_1	29678648	29743947	IR	340	.	29711170	0.340	0.548	38	65247	29678648	29678690	29743905	29743981	398148334	29500000	29750000	335	3521	42	65215	spaced
SUPER_1	189555586	189572956	IR	340	.	189563939	0.340	0.488	38	17286	189555586	189559162	189569382	189572956	398148334	189550000	189800000	0	237	3574	10220	spaced
SUPER_1	150612650	150699850	IR	340	.	150655964	0.340	0.867	37	87135	150612650	150613544	150698956	150699891	398148334	150450000	150700000	0	3437	894	85412	spaced
SUPER_1	27970141	28129041	IR	340	.	28049303	0.340	0.393	35	158878	27970141	28046441	28052822	28129041	398148334	27900000	28150000	0	2493	76219	6381	spaced
SUPER_1	212529928	212641264	IR	340	.	212585261	0.340	0.979	34	111306	212529928	212530255	212640937	212641265	398148334	212400000	212650000	0	3093	327	110682	wide
SUPER_1	261008590	261020160	IR	340	.	261013992	0.340	0.968	34	11457	261008590	261008870	261019881	261020160	398148334	260950000	261200000	0	1072	279	11011	spaced
SUPER_1	221141543	221205968	IR	340	.	221173869	0.340	0.364	33	64419	221141543	221141639	221205924	221205968	398148334	221050000	221300000	320	2062	44	64285	spaced
SUPER_1	192222548	192361070	IR	340	.	192291373	0.340	0.730	32	138468	192222548	192222602	192361016	192361090	398148334	192150000	192400000	0	2363	54	138414	wide
SUPER_1	13210098	13447350	IR	340	.	13328663	0.340	0.927	31	237384	13210098	13210455	13446997	13447350	398148334	13200000	13450000	31	2145	353	236542	wide
SUPER_1	379420974	379457883	IR	340	.	379439626	0.340	0.923	29	36945	379420974	379421660	379457197	379457886	398148334	379250000	379500000	29	3157	686	35537	spaced
SUPER_1	140125502	140128809	IR	340	.	140127131	0.340	0.925	28	3333	140125502	140125730	140128581	140128820	398148334	139900000	140150000	28	3785	228	2851	spaced
SUPER_1	37848603	37850708	IR	340	.	37849656	0.340	0.964	25	2095	37848603	37848853	37850458	37850709	398148334	37750000	38000000	25	1660	250	1605	immediate
SUPER_1	351523454	351546091	IR	340	.	351534540	0.340	0.911	25	22641	351523454	351523843	351545702	351546092	398148334	351500000	351750000	21	579	389	21859	spaced
SUPER_1	203333484	203504173	IR	340	.	203418881	0.340	0.841	24	171002	203333484	203333947	203503710	203504208	398148334	203300000	203550000	24	1980	463	169763	wide
SUPER_1	126309274	126313501	IR	340	.	126311865	0.340	0.426	23	2244	126309274	126311386	126311389	126313514	398148334	126150000	126400000	0	2689	2112	3	immediate
SUPER_1	84665442	84680389	IR	340	.	84673396	0.340	0.962	22	14926	84665442	84665734	84680097	84680390	398148334	84650000	84900000	0	381	292	14363	spaced
SUPER_1	366014896	366135577	IR	340	.	366075293	0.340	0.727	22	120722	366014896	366015180	366135293	366135630	398148334	365950000	366200000	22	2087	284	120113	wide
SUPER_1	391448104	391584543	IR	340	.	391516752	0.340	0.977	22	136420	391448104	391448318	391584329	391584543	398148334	391350000	391600000	0	2771	214	136011	wide
SUPER_1	116592072	116608607	IR	340	.	116600758	0.340	0.953	20	16514	116592072	116592325	116608354	116608608	398148334	116550000	116800000	0	838	253	16029	spaced
SUPER_1	162302777	162361556	IR	340	.	162331812	0.340	0.636	20	58737	162302777	162302819	162361514	162361580	398148334	162250000	162500000	0	1369	42	58695	spaced
SUPER_1	183435018	183513224	IR	340	.	183474010	0.340	0.933	20	78204	183435018	183435226	183513023	183513224	398148334	183300000	183550000	20	2901	201	77797	spaced
SUPER_1	393004767	393033841	IR	339	.	393019473	0.339	0.973	624	30346	393004767	393008953	393029657	393033841	398148334	392800000	393050000	624	3654	4184	20704	spaced
SUPER_1	242844392	242871069	IR	339	.	242857831	0.339	0.986	518	27269	242844392	242847288	242868173	242871070	398148334	242650000	242900000	518	3462	2896	20885	spaced
SUPER_1	244399174	244457445	IR	339	.	244428188	0.339	0.997	214	58489	244399174	244400220	244456399	244457445	398148334	244250000	244500000	214	2971	1046	56179	spaced
SUPER_1	216866598	216872890	IR	339	.	216870113	0.339	0.986	175	6272	216866598	216867846	216871647	216872890	398148334	216850000	217100000	0	328	1243	3801	spaced
SUPER_1	267416385	267421987	IR	339	.	267418844	0.339	0.951	160	5602	267416385	267417769	267420603	267422011	398148334	267250000	267500000	0	2819	1384	2834	spaced
SUPER_1	396623411	396636250	IR	339	.	396629415	0.339	0.979	103	12823	396623411	396624175	396635486	396636254	398148334	396400000	396650000	0	3830	764	11311	spaced
SUPER_1	214671348	214675061	IR	339	.	214673336	0.339	0.934	101	3902	214671348	214672013	214674396	214675083	398148334	214500000	214750000	101	2886	665	2383	spaced
SUPER_1	132177119	132183079	IR	339	.	132179988	0.339	0.948	92	6252	132177119	132177899	132182299	132183088	398148334	131950000	132200000	92	3834	780	4400	spaced
SUPER_1	275158294	275161539	IR	339	.	275159928	0.339	0.852	92	3414	275158294	275158987	275160846	275161624	398148334	275000000	275250000	92	2665	693	1859	immediate
SUPER_1	230396136	230399822	IR	339	.	230397831	0.339	0.995	85	3740	230396136	230396566	230399392	230399822	398148334	230150000	230400000	85	4132	430	2826	spaced
SUPER_1	129481904	129490217	IR	339	.	129486539	0.339	0.976	75	8283	129481904	129482601	129489520	129490219	398148334	129300000	129550000	0	3100	697	6919	spaced
SUPER_1	286254582	286259057	IR	339	.	286257269	0.339	0.971	71	4458	286254582	286255236	286258403	286259058	398148334	286050000	286300000	0	3446	654	3167	spaced
SUPER_1	108398293	108402265	IR	339	.	108400209	0.339	0.756	70	4186	108398293	108399037	108401606	108402265	398148334	108300000	108550000	73	1671	659	2569	spaced
SUPER_1	383997938	384195894	IR	339	.	384097373	0.339	0.943	64	197943	383997938	383998760	384195072	384195903	398148334	383950000	384200000	0	2448	822	196312	wide
SUPER_1	339525997	339540136	IR	339	.	339532976	0.339	1.000	61	14177	339525997	339526281	339539852	339540136	398148334	339300000	339550000	64	3884	284	13571	spaced
SUPER_1	196549300	196555870	IR	339	.	196552573	0.339	0.979	57	6684	196549300	196549587	196555583	196555873	398148334	196450000	196700000	57	1709	287	5996	spaced
SUPER_1	210276376	210285304	IR	339	.	210280791	0.339	0.920	57	8972	210276376	210277207	210284473	210285305	398148334	210050000	210300000	57	3847	831	7266	spaced
SUPER_1	393146304	393319927	IR	339	.	393232718	0.339	0.874	52	173607	393146304	393147459	393318772	393319934	398148334	393100000	393350000	0	2218	1155	171313	wide
SUPER_1	2561872	2612381	IR	339	.	2587292	0.339	0.925	47	50551	2561872	2562605	2611649	2612381	398148334	2400000	2650000	47	3118	732	49044	spaced
SUPER_1	2347087	2392633	IR	339	.	2370311	0.339	0.891	45	45544	2347087	2347754	2391966	2392658	398148334	2150000	2400000	0	3664	667	44212	spaced
SUPER_1	290358021	290363740	IR	339	.	290360829	0.339	1.000	45	5727	290358021	290358233	290363528	290363740	398148334	290150000	290400000	45	3514	212	5295	spaced
SUPER_1	330055142	330057416	IR	339	.	330055803	0.339	0.946	42	2253	330055142	330055552	330057013	330057416	398148334	329850000	330100000	0	3437	403	1461	immediate
SUPER_1	192955556	192968273	IR	339	.	192961413	0.339	0.928	39	12642	192955556	192956086	192967749	192968273	398148334	192750000	193000000	0	3531	524	11663	spaced
SUPER_1	146696347	146706402	IR	339	.	146701194	0.339	0.827	35	10784	146696347	146698525	146704224	146706496	398148334	146500000	146750000	53	3356	2178	5699	spaced
SUPER_1	219396402	219398782	IR	339	.	219397323	0.339	0.684	32	2312	219396402	219396500	219398714	219398782	398148334	219150000	219400000	0	4126	68	2214	spaced
SUPER_1	393455974	393506488	IR	339	.	393480809	0.339	0.625	32	50464	393455974	393456024	393506438	393506518	398148334	393300000	393550000	0	3020	50	50414	spaced
SUPER_1	200448062	200450069	IR	339	.	200449101	0.339	0.973	31	2125	200448062	200448323	200449808	200450069	398148334	200250000	200500000	31	3317	261	1485	immediate
SUPER_1	212729114	212822454	IR	339	.	212776259	0.339	0.523	31	93298	212729114	212729158	212822410	212822492	398148334	212600000	212850000	0	2929	44	93252	spaced
SUPER_1	126424273	126426492	IR	339	.	126425053	0.339	0.970	29	2193	126424273	126424610	126426155	126426492	398148334	126200000	126450000	0	3756	337	1545	immediate
SUPER_1	5822574	5877707	IR	339	.	5849915	0.339	1.000	27	55053	5822574	5822591	5877690	5877707	398148334	5700000	5950000	1	2502	17	55099	spaced
SUPER_1	395817646	395846630	IR	339	.	395832091	0.339	0.986	27	29063	395817646	395817859	395846417	395846630	398148334	395750000	396000000	27	1368	213	28558	spaced
SUPER_1	240130079	240139256	IR	339	.	240134647	0.339	0.909	26	9205	240130079	240130233	240139102	240139264	398148334	239900000	240150000	26	3910	154	8869	spaced
SUPER_1	117082549	117091048	IR	339	.	117086469	0.339	0.978	25	8465	117082549	117082779	117090818	117091048	398148334	116850000	117100000	0	3946	230	8039	spaced
SUPER_1	136532149	136544497	IR	339	.	136537975	0.339	0.430	23	8891	136532149	136535763	136540921	136544497	398148334	136400000	136650000	0	2305	3576	5158	spaced
SUPER_1	350363551	350441044	IR	339	.	350401887	0.339	0.442	22	77223	350363551	350375728	350428896	350441044	398148334	350200000	350450000	0	3371	12148	53168	spaced
SUPER_1	319821751	319842170	IR	339	.	319832114	0.339	0.969	21	20413	319821751	319821943	319841978	319842171	398148334	319600000	319850000	21	3865	192	20035	spaced
SUPER_1	75983990	76019280	IR	339	.	76001217	0.339	0.896	20	35271	75983990	75984289	76018982	76019280	398148334	75850000	76100000	0	2527	298	34693	spaced
SUPER_1	221882969	221895882	IR	338	.	221889112	0.338	0.980	927	12881	221882969	221888571	221890354	221895882	398148334	221650000	221900000	0	3990	5528	1783	immediate
SUPER_1	218940555	218944806	IR	338	.	218942693	0.338	0.999	423	4779	218940555	218942407	218942954	218944806	398148334	218750000	219000000	423	3211	1852	547	immediate
SUPER_1	337139760	337199261	IR	338	.	337169935	0.338	0.905	397	59295	337139760	337159268	337179824	337199261	398148334	336950000	337200000	0	3658	19437	20556	spaced
SUPER_1	143362999	143372678	IR	338	.	143367571	0.338	0.971	284	9660	143362999	143365379	143370301	143372678	398148334	143150000	143400000	0	3630	2377	4922	spaced
SUPER_1	382840281	382972850	IR	338	.	382906692	0.338	0.974	260	132875	382840281	382841798	382971333	382972854	398148334	382750000	383000000	260	2609	1517	129535	wide
SUPER_1	160903041	160917403	IR	338	.	160910108	0.338	0.956	253	77700	160903041	160905850	160914594	160917403	398148334	160700000	160950000	253	3503	2809	8744	spaced
SUPER_1	180314847	180320342	IR	338	.	180317712	0.338	0.997	246	5713	180314847	180315910	180319279	180320344	398148334	180100000	180350000	246	3626	1063	3369	spaced
SUPER_1	253965054	253969973	IR	338	.	253967952	0.338	0.999	198	4896	253965054	253966128	253968899	253969973	398148334	253750000	254000000	0	3625	1074	2771	spaced
SUPER_1	49103998	49113236	IR	338	.	49108157	0.338	0.999	197	9210	49103998	49105158	49112076	49113236	398148334	48900000	49150000	0	3476	1160	6918	spaced
SUPER_1	238759141	238785757	IR	338	.	238771993	0.338	0.925	195	26698	238759141	238761877	238783021	238785858	398148334	238600000	238850000	0	2874	2736	21144	spaced
SUPER_1	89857171	89868536	IR	338	.	89862576	0.338	0.782	183	11198	89857171	89861780	89863938	89868536	398148334	89650000	89900000	0	3547	4598	2158	spaced
SUPER_1	335163690	335170110	IR	338	.	335167347	0.338	0.968	169	6401	335163690	335165175	335168625	335170110	398148334	335100000	335350000	0	1114	1485	3450	spaced
SUPER_1	153806449	153872645	IR	338	.	153839551	0.338	0.834	165	66516	153806449	153808662	153870432	153872693	398148334	153750000	154000000	165	1492	2213	61770	spaced
SUPER_1	264568590	264599846	IR	338	.	264583940	0.338	0.988	149	31234	264568590	264569631	264598805	264599846	398148334	264350000	264600000	0	3903	1041	29174	spaced
SUPER_1	219184612	219221377	IR	338	.	219203171	0.338	0.974	148	37493	219184612	219185705	219220284	219221379	398148334	219050000	219300000	148	2549	1093	34579	spaced
SUPER_1	294330999	294350983	IR	338	.	294341458	0.338	0.965	133	19960	294330999	294332356	294349626	294350983	398148334	294150000	294400000	0	3183	1357	17270	spaced
SUPER_1	258641079	258749178	IR	338	.	258694741	0.338	0.984	129	108077	258641079	258642073	258748184	258749178	398148334	258500000	258750000	0	3252	994	106111	wide
SUPER_1	28709975	28717302	IR	338	.	28714097	0.338	0.882	125	7365	28709975	28711272	28716005	28717362	398148334	28700000	28950000	0	227	1297	4733	spaced
SUPER_1	154934510	154944916	IR	338	.	154939941	0.338	0.919	117	10525	154934510	154936387	154943039	154944922	398148334	154750000	155000000	98	3161	1877	6652	spaced
SUPER_1	111659880	111666946	IR	338	.	111663741	0.338	0.773	114	7037	111659880	111661379	111665447	111666946	398148334	111500000	111750000	0	2723	1499	4068	spaced
SUPER_1	214474914	214520718	IR	338	.	214498167	0.338	0.965	113	45725	214474914	214476176	214519456	214520718	398148334	214300000	214550000	0	3296	1262	43280	spaced
SUPER_1	327843956	327850872	IR	338	.	327847046	0.338	0.904	100	6958	327843956	327844907	327849921	327850940	398148334	327650000	327900000	0	3290	951	5014	spaced
SUPER_1	188249950	188252854	IR	338	.	188251110	0.338	0.991	88	2882	188249950	188250516	188252289	188252854	398148334	188150000	188400000	0	1689	565	1773	immediate
SUPER_1	240850013	240871794	IR	338	.	240860801	0.338	0.800	78	64936	240850013	240850083	240871738	240871794	398148334	240700000	240950000	1008	2681	56	21655	spaced
SUPER_1	155919679	155927542	IR	338	.	155923807	0.338	0.862	76	7991	155919679	155920103	155927120	155927542	398148334	155700000	155950000	76	3726	422	7017	spaced
SUPER_1	166979835	166989798	IR	338	.	166984880	0.338	0.902	74	10378	166979835	166981385	166988248	166989801	398148334	166750000	167000000	74	3913	1550	6863	spaced
SUPER_1	167515189	167652029	IR	338	.	167583970	0.338	0.736	74	136821	167515189	167516670	167650548	167652035	398148334	167450000	167700000	0	2226	1481	133878	wide
SUPER_1	52444555	52448152	IR	338	.	52446800	0.338	0.958	72	3564	52444555	52445237	52447470	52448156	398148334	52200000	52450000	0	4105	682	2233	spaced
SUPER_1	245185986	245195266	IR	338	.	245190958	0.338	0.899	72	9179	245185986	245187009	245194270	245195266	398148334	244950000	245200000	0	4010	996	7261	spaced
SUPER_1	172625134	172627889	IR	338	.	172626835	0.338	0.964	71	2738	172625134	172625815	172627208	172627892	398148334	172500000	172750000	0	2108	681	1393	immediate
SUPER_1	379592683	379595201	IR	338	.	379593942	0.338	1.000	70	2593	379592683	379592990	379594894	379595201	398148334	379350000	379600000	70	4065	307	1904	immediate
SUPER_1	17581895	17799619	IR	338	.	17690582	0.338	0.947	68	217775	17581895	17582367	17799151	17799619	398148334	17550000	17800000	68	2345	468	216784	wide
SUPER_1	136827908	136834844	IR	338	.	136831325	0.338	0.989	68	7062	136827908	136828284	136834468	136834844	398148334	136600000	136850000	68	3856	376	6184	spaced
SUPER_1	66047899	66052954	IR	338	.	66050613	0.338	0.839	65	5416	66047899	66048443	66052469	66052954	398148334	65850000	66100000	65	3340	485	4026	spaced
SUPER_1	164331765	164338152	IR	338	.	164335085	0.338	0.997	65	6430	164331765	164332108	164337809	164338152	398148334	164300000	164550000	65	582	343	5701	spaced
SUPER_1	204811880	204820630	IR	338	.	204816059	0.338	0.984	64	8793	204811880	204812307	204820203	204820631	398148334	204600000	204850000	64	3604	427	7896	spaced
SUPER_1	196698934	196705132	IR	338	.	196702433	0.338	0.828	63	6147	196698934	196700098	196704020	196705132	398148334	196500000	196750000	0	3367	1112	3922	spaced
SUPER_1	345967865	346025291	IR	338	.	345996965	0.338	0.940	60	57408	345967865	345968749	346024408	346025291	398148334	345800000	346050000	0	3276	883	55659	spaced
SUPER_1	225121002	225206886	IR	338	.	225164342	0.338	0.854	59	85941	225121002	225122183	225205705	225206972	398148334	225000000	225250000	0	2732	1181	83522	spaced
SUPER_1	55176428	55183236	IR	338	.	55180178	0.338	0.990	57	6790	55176428	55176832	55182835	55183236	398148334	54950000	55200000	0	3830	401	6003	spaced
SUPER_1	85193782	85377438	IR	338	.	85286024	0.338	0.870	56	183637	85193782	85194680	85376597	85377438	398148334	85150000	85400000	0	2260	841	181917	wide
SUPER_1	275239885	275283550	IR	338	.	275262109	0.338	0.919	51	43606	275239885	275240779	275282656	275283551	398148334	275100000	275350000	0	2695	894	41877	spaced
SUPER_1	313300863	313313641	IR	338	.	313306790	0.338	0.956	47	12753	313300863	313301183	313313331	313313641	398148334	313100000	313350000	0	3454	310	12148	spaced
SUPER_1	355276943	355282539	IR	338	.	355279246	0.338	1.000	47	5576	355276943	355277207	355282275	355282539	398148334	355200000	355450000	0	1328	264	5068	spaced
SUPER_1	356342828	356485789	IR	338	.	356414487	0.338	0.861	45	143089	356342828	356343571	356485046	356485840	398148334	356250000	356500000	45	2738	743	141475	wide
SUPER_1	157140424	157155813	IR	338	.	157148417	0.338	0.900	44	15347	157140424	157140813	157155459	157155813	398148334	157050000	157300000	0	1635	354	14646	spaced
SUPER_1	291302349	291338268	IR	338	.	291319814	0.338	0.618	43	35950	291302349	291302417	291338200	291338316	398148334	291150000	291400000	0	2838	68	35783	spaced
SUPER_1	166662633	166669470	IR	338	.	166665927	0.338	0.982	41	6862	166662633	166662861	166669244	166669470	398148334	166450000	166700000	41	3600	226	6383	spaced
SUPER_1	177125704	177128943	IR	338	.	177127002	0.338	0.986	40	3221	177125704	177125995	177128652	177128944	398148334	176900000	177150000	0	3788	291	2657	spaced
SUPER_1	244364522	244368862	IR	338	.	244367181	0.338	0.980	40	4309	244364522	244364868	244368516	244368862	398148334	244200000	244450000	0	2778	346	3648	spaced
SUPER_1	79407423	79411163	IR	338	.	79409697	0.338	0.937	38	3714	79407423	79407896	79410690	79411168	398148334	79250000	79500000	0	2654	473	2794	spaced
SUPER_1	359148063	359154553	IR	338	.	359151285	0.338	0.991	38	6510	359148063	359148292	359154324	359154553	398148334	358950000	359200000	38	3354	229	6032	spaced
SUPER_1	232998272	233001131	IR	338	.	233000010	0.338	0.936	37	2846	232998272	232998843	233000560	233001136	398148334	232900000	233150000	0	1661	571	1717	immediate
SUPER_1	151559407	151567069	IR	338	.	151563044	0.338	0.934	36	7734	151559407	151559599	151566877	151567069	398148334	151350000	151600000	36	3553	192	7278	spaced
SUPER_1	204647261	204657666	IR	338	.	204652646	0.338	0.957	36	10414	204647261	204647445	204657488	204657666	398148334	204450000	204700000	36	3374	178	10043	spaced
SUPER_1	378786118	378790305	IR	338	.	378788427	0.338	0.839	36	4207	378786118	378786371	378790087	378790305	398148334	378550000	378800000	36	3970	218	3716	spaced
SUPER_1	188219113	188228533	IR	338	.	188223533	0.338	0.991	32	9403	188219113	188219338	188228309	188228533	398148334	188000000	188250000	0	3730	224	8971	spaced
SUPER_1	110220513	110225502	IR	338	.	110223497	0.338	0.927	29	4975	110220513	110221101	110224914	110225514	398148334	110000000	110250000	0	3716	588	3813	spaced
SUPER_1	116389308	116488805	IR	338	.	116439522	0.338	0.794	29	99443	116389308	116389362	116488751	116488819	398148334	116250000	116500000	0	3150	54	99389	spaced
SUPER_1	223233705	223238740	IR	338	.	223236648	0.338	0.963	26	4966	223233705	223233921	223238524	223238740	398148334	223000000	223250000	0	3936	216	4603	spaced
SUPER_1	375479747	375604767	IR	338	.	375542081	0.338	0.850	26	125108	375479747	375480430	375604084	375604804	398148334	375400000	375650000	26	2370	683	123654	wide
SUPER_1	313461956	313469275	IR	338	.	313465815	0.338	0.949	25	7332	313461956	313462307	313468924	313469277	398148334	313250000	313500000	25	3593	351	6617	spaced
SUPER_1	30211234	30217088	IR	338	.	30214151	0.338	0.993	24	5864	30211234	30211383	30216939	30217088	398148334	30000000	30250000	24	3569	149	5556	spaced
SUPER_1	256610053	256639022	IR	338	.	256624737	0.338	0.948	21	29004	256610053	256610285	256638791	256639022	398148334	256400000	256650000	21	3742	231	28506	spaced
SUPER_1	70520082	70711521	IR	338	.	70615652	0.338	0.935	20	191431	70520082	70520465	70711140	70711521	398148334	70500000	70750000	20	1929	381	190675	wide
SUPER_1	161860490	162019110	IR	338	.	161940127	0.338	0.862	20	158616	161860490	161861347	162018253	162019138	398148334	161850000	162100000	0	1496	857	156906	wide
SUPER_1	296954904	297100702	IR	338	.	297027642	0.338	0.956	20	145809	296954904	296955086	297100523	297100702	398148334	296900000	297150000	20	2129	179	145437	wide
SUPER_1	167422774	167434570	IR	337	.	167428325	0.337	0.991	410	11770	167422774	167425737	167431607	167434570	398148334	167200000	167450000	0	3811	2963	5870	spaced
SUPER_1	107567018	107614242	IR	337	.	107590170	0.337	0.821	349	47199	107567018	107573377	107607884	107614242	398148334	107450000	107700000	0	2343	6358	34507	spaced
SUPER_1	55370635	55386083	IR	337	.	55378720	0.337	0.968	334	15430	55370635	55373504	55383219	55386083	398148334	55150000	55400000	0	3805	2864	9715	spaced
SUPER_1	352192655	352200083	IR	337	.	352195964	0.337	0.997	283	7407	352192655	352194250	352198488	352200085	398148334	352000000	352250000	0	3272	1595	4238	spaced
SUPER_1	158292564	158301330	IR	337	.	158296930	0.337	1.000	238	8982	158292564	158293627	158300267	158301330	398148334	158100000	158350000	238	3282	1063	6640	spaced
SUPER_1	172648863	172689420	IR	337	.	172669475	0.337	0.924	183	40524	172648863	172651307	172687012	172689420	398148334	172450000	172700000	0	3652	2408	35705	spaced
SUPER_1	269313572	269409523	IR	337	.	269361075	0.337	1.000	179	95932	269313572	269314529	269408566	269409523	398148334	269250000	269500000	0	1858	957	94037	spaced
SUPER_1	124337708	124349520	IR	337	.	124343271	0.337	0.988	172	11787	124337708	124338890	124348338	124349520	398148334	124100000	124350000	0	4060	1182	9448	spaced
SUPER_1	374501231	374610350	IR	337	.	374555755	0.337	0.980	161	109341	374501231	374502358	374609223	374610353	398148334	374400000	374650000	161	2596	1127	106865	wide
SUPER_1	201357558	201365926	IR	337	.	201361528	0.337	0.904	159	8819	201357558	201359128	201364356	201365950	398148334	201200000	201450000	159	2695	1570	5228	spaced
SUPER_1	236368534	236419717	IR	337	.	236393861	0.337	0.984	147	51165	236368534	236369591	236418663	236419717	398148334	236200000	236450000	0	3235	1054	49072	spaced
SUPER_1	346609829	346617479	IR	337	.	346613267	0.337	0.911	131	7627	346609829	346611231	346616101	346617479	398148334	346600000	346850000	0	227	1378	4870	spaced
SUPER_1	247739113	247752965	IR	337	.	247745635	0.337	0.977	128	13828	247739113	247740143	247751935	247752970	398148334	247550000	247800000	0	3267	1030	11792	spaced
SUPER_1	141685267	141777644	IR	337	.	141731843	0.337	0.935	109	92379	141685267	141686090	141776821	141777676	398148334	141550000	141800000	0	3024	823	90731	spaced
SUPER_1	304135151	304241546	IR	337	.	304188375	0.337	0.962	104	106532	304135151	304136017	304240681	304241546	398148334	304050000	304300000	104	2305	865	104664	wide
SUPER_1	3777336	3798604	IR	337	.	3787476	0.337	0.877	99	21250	3777336	3778546	3797497	3798604	398148334	3550000	3800000	0	3966	1107	18951	spaced
SUPER_1	44724146	44741370	IR	337	.	44732978	0.337	1.000	95	19654	44724146	44724208	44741308	44741370	398148334	44550000	44800000	12	3045	62	17100	spaced
SUPER_1	22477009	22494938	IR	337	.	22485697	0.337	0.922	90	17906	22477009	22477847	22494147	22494938	398148334	22300000	22550000	0	3099	791	16300	spaced
SUPER_1	383760529	383763692	IR	337	.	383761676	0.337	0.908	86	3162	383760529	383761184	383763037	383763727	398148334	383550000	383800000	0	3535	655	1853	immediate
SUPER_1	105738976	105743247	IR	337	.	105740662	0.337	0.987	82	4254	105738976	105739585	105742638	105743247	398148334	105650000	105900000	0	1518	609	3053	spaced
SUPER_1	113342522	113356166	IR	337	.	113349146	0.337	0.939	81	14042	113342522	113343082	113355630	113356166	398148334	113300000	113550000	81	822	536	12548	spaced
SUPER_1	394206889	394210338	IR	337	.	394208546	0.337	0.868	76	3626	394206889	394207679	394209548	394210404	398148334	394050000	394300000	76	2643	790	1869	immediate
SUPER_1	192435125	192478655	IR	337	.	192456688	0.337	0.888	64	43576	192435125	192436109	192477692	192478655	398148334	192250000	192500000	64	3448	963	41583	spaced
SUPER_1	273182768	273217057	IR	337	.	273200385	0.337	0.900	62	34272	273182768	273184495	273215330	273217067	398148334	273000000	273250000	0	3331	1727	30835	spaced
SUPER_1	279895732	279912796	IR	337	.	279903781	0.337	1.000	59	17034	279895732	279896069	279912459	279912796	398148334	279700000	279950000	0	3404	337	16390	spaced
SUPER_1	386550846	386787766	IR	337	.	386669192	0.337	0.000	58	200156	386550846	386550945	386787735	386787766	398148334	386550000	386800000	415	1988	31	236790	wide
SUPER_1	83112116	83119822	IR	337	.	83116427	0.337	0.828	57	7755	83112116	83113023	83118915	83119899	398148334	83050000	83300000	0	1099	907	5892	spaced
SUPER_1	217492256	217503258	IR	337	.	217497606	0.337	0.957	53	11043	217492256	217492672	217502843	217503258	398148334	217300000	217550000	53	3295	415	10171	spaced
SUPER_1	225279884	225335646	IR	337	.	225307463	0.337	0.992	48	55736	225279884	225280238	225335292	225335646	398148334	225100000	225350000	0	3462	354	55054	spaced
SUPER_1	118065051	118149798	IR	337	.	118107631	0.337	0.935	46	85403	118065051	118065354	118149495	118149801	398148334	118050000	118300000	22	956	303	84141	spaced
SUPER_1	287995159	288177427	IR	337	.	288086645	0.337	0.945	45	182244	287995159	287995629	288176960	288177427	398148334	287950000	288200000	0	2271	467	181331	wide
SUPER_1	169104819	169113498	IR	337	.	169108901	0.337	0.647	43	8608	169104819	169106349	169112041	169113498	398148334	169000000	169250000	0	1819	1457	5692	spaced
SUPER_1	339745072	339749179	IR	337	.	339746829	0.337	0.845	43	3987	339745072	339745816	339748511	339749179	398148334	339550000	339800000	0	3285	668	2695	spaced
SUPER_1	115332177	115334895	IR	337	.	115333815	0.337	0.711	41	2693	115332177	115332430	115334642	115334981	398148334	115100000	115350000	0	3892	253	2212	spaced
SUPER_1	358545844	358605252	IR	337	.	358575868	0.337	0.560	40	59358	358545844	358545894	358605202	358605292	398148334	358400000	358650000	0	2925	50	59308	spaced
SUPER_1	79934867	79943226	IR	337	.	79938947	0.337	0.715	36	14715	79934867	79935098	79942995	79943235	398148334	79700000	79950000	36	3983	231	7897	spaced
SUPER_1	108277894	108280520	IR	337	.	108279436	0.337	0.986	35	2630	108277894	108278113	108280302	108280520	398148334	108100000	108350000	35	2986	218	2189	spaced
SUPER_1	263895541	263898164	IR	337	.	263896853	0.337	0.946	35	2664	263895541	263895909	263897797	263898164	398148334	263650000	263900000	35	4114	367	1888	immediate
SUPER_1	237923886	237970640	IR	337	.	237946819	0.337	0.967	34	46730	237923886	237924221	237970308	237970640	398148334	237750000	238000000	0	3287	332	46087	spaced
SUPER_1	300466027	300474955	IR	337	.	300470581	0.337	0.912	34	9003	300466027	300466457	300474545	300474955	398148334	300300000	300550000	34	2841	410	8088	spaced
SUPER_1	319232336	319288898	IR	337	.	319260166	0.337	0.797	34	56572	319232336	319232946	319288288	319288936	398148334	319050000	319300000	0	3510	610	55342	spaced
SUPER_1	233877567	233881174	IR	337	.	233879127	0.337	0.966	33	3606	233877567	233877741	233881006	233881174	398148334	233650000	233900000	33	3822	168	3265	spaced
SUPER_1	246528576	246535087	IR	337	.	246532318	0.337	0.710	33	6563	246528576	246528812	246534851	246535179	398148334	246400000	246650000	0	2197	236	6039	spaced
SUPER_1	321678255	321768405	IR	337	.	321722919	0.337	0.963	33	90127	321678255	321678690	321767974	321768405	398148334	321550000	321800000	0	2888	431	89284	spaced
SUPER_1	132208821	132211913	IR	337	.	132210157	0.337	0.958	32	3109	132208821	132209151	132211585	132211913	398148334	132200000	132450000	32	172	328	2434	spaced
SUPER_1	394246075	394396233	IR	337	.	394320787	0.337	0.407	31	150102	394246075	394265419	394376889	394396246	398148334	394150000	394400000	0	2852	19344	111470	wide
SUPER_1	40431952	40435100	IR	337	.	40433526	0.337	0.876	30	3189	40431952	40432467	40434585	40435143	398148334	40250000	40500000	30	3058	515	2118	spaced
SUPER_1	124661052	124665611	IR	337	.	124662824	0.337	0.925	30	4530	124661052	124661623	124665046	124665611	398148334	124650000	124900000	0	222	565	3423	spaced
SUPER_1	43309009	43311169	IR	337	.	43309833	0.337	0.961	29	2133	43309009	43309238	43310945	43311169	398148334	43100000	43350000	0	3501	224	1707	immediate
SUPER_1	255405787	255408701	IR	337	.	255407632	0.337	0.928	29	2896	255405787	255406422	255408073	255408701	398148334	255400000	255650000	0	120	628	1651	immediate
SUPER_1	112498780	112501177	IR	337	.	112499700	0.337	0.976	24	2374	112498780	112498945	112501013	112501177	398148334	112300000	112550000	0	3332	164	2068	spaced
SUPER_1	301148606	301150836	IR	337	.	301149415	0.337	0.983	24	2212	301148606	301148783	301150659	301150836	398148334	300950000	301200000	0	3328	177	1876	immediate
SUPER_1	291625011	291627532	IR	337	.	291626278	0.337	0.866	23	2695	291625011	291625235	291627329	291627532	398148334	291400000	291650000	23	3771	203	2094	spaced
SUPER_1	59071140	59073891	IR	337	.	59072555	0.337	0.756	22	2891	59071140	59071381	59073650	59073933	398148334	58900000	59150000	33	2875	241	2269	spaced
SUPER_1	106361076	106372453	IR	337	.	106366424	0.337	0.963	21	11350	106361076	106361291	106372238	106372453	398148334	106250000	106500000	0	1945	215	10947	spaced
SUPER_1	130430562	130570882	IR	337	.	130500227	0.337	0.960	20	140301	130430562	130430838	130570608	130570882	398148334	130350000	130600000	0	2511	274	139770	wide
SUPER_1	155551982	155571424	IR	336	.	155561309	0.336	0.970	781	19425	155551982	155558239	155565167	155571425	398148334	155550000	155800000	0	194	6257	6928	spaced
SUPER_1	270152822	270167323	IR	336	.	270159734	0.336	0.928	424	14483	270152822	270157688	270162568	270167323	398148334	269950000	270200000	0	3501	4755	4880	spaced
SUPER_1	75724293	75726440	IR	336	.	75725506	0.336	1.000	213	2347	75724293	75725219	75725514	75726440	398148334	75500000	75750000	213	3755	926	295	immediate
SUPER_1	268749039	268757509	IR	336	.	268753576	0.336	0.918	202	8491	268749039	268750312	268756236	268757552	398148334	268600000	268850000	0	2554	1273	5924	spaced
SUPER_1	206103079	206107402	IR	336	.	206105024	0.336	0.995	187	4454	206103079	206103734	206106747	206107402	398148334	205950000	206200000	130	2587	655	3013	spaced
SUPER_1	107161504	107169408	IR	336	.	107165398	0.336	0.828	120	8009	107161504	107162329	107168672	107169408	398148334	107050000	107300000	126	1924	736	6343	spaced
SUPER_1	41691495	41810965	IR	336	.	41751447	0.336	0.875	117	119653	41691495	41692604	41809856	41810965	398148334	41600000	41850000	117	2520	1109	117252	wide
SUPER_1	363001038	363005037	IR	336	.	363003333	0.336	0.948	114	3972	363001038	363001849	363004260	363005037	398148334	362850000	363100000	0	2550	777	2411	spaced
SUPER_1	211289523	211299993	IR	336	.	211294254	0.336	0.986	97	10448	211289523	211290262	211299254	211299993	398148334	211050000	211300000	0	4079	739	8992	spaced
SUPER_1	158104619	158112204	IR	336	.	158108141	0.336	0.945	94	7556	158104619	158105613	158111211	158112204	398148334	157900000	158150000	0	3473	993	5598	spaced
SUPER_1	303309264	303401794	IR	336	.	303355160	0.336	0.813	93	92253	303309264	303309960	303401172	303401794	398148334	303200000	303450000	0	2592	622	91212	spaced
SUPER_1	132218718	132223538	IR	336	.	132221314	0.336	0.998	81	4891	132218718	132219141	132223115	132223538	398148334	132000000	132250000	81	3685	423	3974	spaced
SUPER_1	386979434	386994300	IR	336	.	386986624	0.336	0.495	74	14952	386979434	386982933	386990801	386994300	398148334	386750000	387000000	74	3947	3499	7868	spaced
SUPER_1	49016010	49019107	IR	336	.	49017562	0.336	1.000	72	3175	49016010	49016335	49018782	49019107	398148334	48800000	49050000	72	3625	325	2447	spaced
SUPER_1	50765615	50767964	IR	336	.	50767112	0.336	0.991	72	2329	50765615	50766051	50767528	50767964	398148334	50700000	50950000	0	1113	436	1477	immediate
SUPER_1	238907267	239068336	IR	336	.	238987676	0.336	0.929	70	161228	238907267	238907995	239067608	239068344	398148334	238850000	239100000	70	2296	728	159613	wide
SUPER_1	300944881	300964745	IR	336	.	300954582	0.336	0.990	69	19914	300944881	300945264	300964362	300964745	398148334	300750000	301000000	69	3413	383	19098	spaced
SUPER_1	319696017	319700224	IR	336	.	319697722	0.336	0.925	67	4187	319696017	319696604	319699673	319700224	398148334	319550000	319800000	0	2468	551	3069	spaced
SUPER_1	384853254	384992203	IR	336	.	384922414	0.336	0.944	62	138929	384853254	384854157	384991301	384992203	398148334	384750000	385000000	0	2878	902	137144	wide
SUPER_1	251835413	251920259	IR	336	.	251877709	0.336	0.986	59	98282	251835413	251835777	251919895	251920260	398148334	251700000	251950000	59	2963	364	84118	spaced
SUPER_1	11328187	11342454	IR	336	.	11335508	0.336	0.992	57	14318	11328187	11328452	11342189	11342454	398148334	11100000	11350000	57	3921	265	13737	spaced
SUPER_1	66187191	66201679	IR	336	.	66194512	0.336	0.992	57	14539	66187191	66187456	66201414	66201679	398148334	66000000	66250000	57	3240	265	13958	spaced
SUPER_1	110765049	110767870	IR	336	.	110766689	0.336	1.000	57	4635	110765049	110765079	110767840	110767870	398148334	110650000	110900000	3	1940	30	2761	spaced
SUPER_1	317068971	317083459	IR	336	.	317076138	0.336	0.992	57	14539	317068971	317069236	317083194	317083459	398148334	316900000	317150000	57	2936	265	13958	spaced
SUPER_1	120386496	120391976	IR	336	.	120389413	0.336	0.978	55	67446	120386496	120386868	120391606	120391976	398148334	120300000	120550000	55	1487	370	4738	spaced
SUPER_1	357239112	357253600	IR	336	.	357246433	0.336	0.993	55	14529	357239112	357239381	357253331	357253600	398148334	357050000	357300000	55	3272	269	13950	spaced
SUPER_1	118706565	118713269	IR	336	.	118710386	0.336	0.982	54	6686	118706565	118706956	118712878	118713270	398148334	118500000	118750000	0	3498	391	5922	spaced
SUPER_1	214660054	214662384	IR	336	.	214661220	0.336	0.978	54	2360	214660054	214660417	214662023	214662384	398148334	214500000	214750000	54	2686	361	1606	immediate
SUPER_1	289114802	289122365	IR	336	.	289118624	0.336	0.971	54	7593	289114802	289115076	289122095	289122365	398148334	288900000	289150000	54	3642	270	7019	spaced
SUPER_1	114924139	114997515	IR	336	.	114961267	0.336	0.973	50	73361	114924139	114924540	114997114	114997517	398148334	114750000	115000000	0	3513	401	72574	spaced
SUPER_1	84901145	84905424	IR	336	.	84903127	0.336	0.735	46	4223	84901145	84901195	84905374	84905442	398148334	84750000	85000000	753	2554	50	4179	spaced
SUPER_1	102686925	102811478	IR	336	.	102749130	0.336	0.918	45	124616	102686925	102687590	102810817	102811478	398148334	102600000	102850000	45	2486	661	123227	wide
SUPER_1	261826651	261832145	IR	336	.	261829002	0.336	0.878	45	5455	261826651	261827392	261831404	261832147	398148334	261600000	261850000	0	3823	741	4012	spaced
SUPER_1	239850670	239853121	IR	336	.	239852124	0.336	0.995	40	2459	239850670	239850860	239852932	239853121	398148334	239650000	239900000	40	3364	189	2072	spaced
SUPER_1	181655468	181657155	IR	336	.	181656312	0.336	0.991	39	91949	181655468	181655682	181656941	181657155	398148334	181550000	181800000	39	1771	214	1259	immediate
SUPER_1	270833878	270833949	IR	336	.	270833905	0.336	0.842	37	106753	270833878	270833926	270833901	270833958	398148334	270700000	270950000	642	2231	48	-25	overlap
SUPER_1	270833880	270833964	IR	336	.	270833905	0.336	0.983	37	106753	270833880	270833940	270833905	270833964	398148334	270750000	271000000	952	1398	59	-35	overlap
SUPER_1	170754013	170761438	IR	336	.	170758166	0.336	0.991	36	7395	170754013	170754232	170761219	170761438	398148334	170750000	171000000	0	128	219	6987	spaced
SUPER_1	270833884	270833966	IR	336	.	270833905	0.336	0.898	36	54765	270833884	270833943	270833913	270833966	398148334	270650000	270900000	830	3065	53	-30	overlap
SUPER_1	270833884	270833966	IR	336	.	270833905	0.336	0.898	36	54765	270833884	270833943	270833913	270833966	398148334	270800000	271050000	830	565	53	-30	overlap
SUPER_1	45013423	45019617	IR	336	.	45016305	0.336	0.800	35	6240	45013423	45013846	45019261	45019617	398148334	45000000	45250000	37	275	356	5415	spaced
SUPER_1	114205927	114209783	IR	336	.	114207393	0.336	0.905	35	3837	114205927	114206527	114209183	114209790	398148334	114000000	114250000	0	3464	600	2656	spaced
SUPER_1	243775010	243803451	IR	336	.	243789697	0.336	0.987	34	28413	243775010	243775235	243803226	243803451	398148334	243600000	243850000	0	3153	225	27991	spaced
SUPER_1	280946297	280949503	IR	336	.	280948246	0.336	0.977	34	3177	280946297	280946599	280949201	280949503	398148334	280700000	280950000	0	4131	302	2602	spaced
SUPER_1	234830466	234926941	IR	336	.	234878872	0.336	0.539	32	96531	234830466	234832328	234925079	234927002	398148334	234700000	234950000	32	2978	1862	92751	spaced
SUPER_1	299997329	300005473	IR	336	.	300001071	0.336	0.937	31	8123	299997329	299997804	300004999	300005473	398148334	299850000	300100000	0	2523	474	7195	spaced
SUPER_1	90419510	90425589	IR	336	.	90422300	0.336	0.839	29	6061	90419510	90420357	90424802	90425589	398148334	90200000	90450000	0	3709	787	4445	spaced
SUPER_1	281543425	281588598	IR	336	.	281565688	0.336	0.725	29	45112	281543425	281543862	281588268	281588598	398148334	281500000	281750000	0	1100	330	44406	spaced
SUPER_1	170515048	170680619	IR	336	.	170597477	0.336	0.394	28	90348	170515048	170590694	170604973	170680647	398148334	170450000	170700000	0	2463	75646	14279	spaced
SUPER_1	168777324	168817619	IR	336	.	168797546	0.336	0.927	27	40378	168777324	168777542	168817407	168817619	398148334	168650000	168900000	27	2457	212	39865	spaced
SUPER_1	25436188	25443480	IR	336	.	25440277	0.336	0.884	26	7233	25436188	25436612	25443057	25443480	398148334	25200000	25450000	0	3997	423	6445	spaced
SUPER_1	79916607	79932450	IR	336	.	79924673	0.336	0.769	26	15940	79916607	79916810	79932247	79932501	398148334	79700000	79950000	26	3741	203	15437	spaced
SUPER_1	17161222	17163920	IR	336	.	17162495	0.336	0.982	25	2758	17161222	17161391	17163751	17163920	398148334	17050000	17300000	25	1876	169	2360	spaced
SUPER_1	272846204	272849183	IR	336	.	272847404	0.336	0.697	25	3033	272846204	272846398	272848989	272849263	398148334	272600000	272850000	0	4128	194	2591	spaced
SUPER_1	184551782	184727128	IR	336	.	184639917	0.336	0.813	24	175340	184551782	184552394	184726516	184727144	398148334	184550000	184800000	0	1490	612	174122	wide
SUPER_1	77219719	77229511	IR	336	.	77224851	0.336	0.981	23	9770	77219719	77219881	77229349	77229511	398148334	77000000	77250000	0	3743	162	9468	spaced
SUPER_1	105020415	105205484	IR	336	.	105112618	0.336	0.577	23	185019	105020415	105020507	105205432	105205484	398148334	105000000	105250000	0	1882	52	184925	wide
SUPER_1	317325255	317449742	IR	336	.	317387184	0.336	0.610	22	124476	317325255	317329225	317445772	317449816	398148334	317300000	317550000	0	1458	3970	116547	wide
SUPER_1	21720384	21765826	IR	336	.	21743578	0.336	0.971	20	45351	21720384	21720623	21765587	21765827	398148334	21550000	21800000	0	3218	239	44964	spaced
SUPER_1	30434039	30521018	IR	335	.	30477932	0.335	0.713	1478	86956	30434039	30457172	30497893	30521018	398148334	30350000	30600000	0	2125	23125	40721	spaced
SUPER_1	221584740	221592414	IR	335	.	221588422	0.335	0.975	304	8052	221584740	221586378	221590776	221592438	398148334	221350000	221600000	304	3976	1638	4398	spaced
SUPER_1	294642250	294647340	IR	335	.	294644805	0.335	0.989	259	5468	294642250	294643519	294646071	294647349	398148334	294400000	294650000	259	4079	1269	2552	spaced
SUPER_1	171438067	171509872	IR	335	.	171474242	0.335	0.927	166	71777	171438067	171439445	171508555	171509872	398148334	171300000	171550000	0	2899	1317	69110	spaced
SUPER_1	217566792	217654341	IR	335	.	217610275	0.335	0.999	165	87520	217566792	217567762	217653371	217654341	398148334	217450000	217700000	0	2675	970	85609	spaced
SUPER_1	57998105	58010177	IR	335	.	58003891	0.335	0.977	162	12009	57998105	57999510	58008779	58010177	398148334	57800000	58050000	0	3402	1398	9269	spaced
SUPER_1	190269003	190276064	IR	335	.	190272718	0.335	0.991	161	7225	190269003	190269813	190275254	190276067	398148334	190050000	190300000	161	3708	810	5441	spaced
SUPER_1	86062604	86073607	IR	335	.	86068554	0.335	0.999	137	10982	86062604	86063413	86072798	86073607	398148334	85850000	86100000	0	3634	809	9385	spaced
SUPER_1	344583101	344586214	IR	335	.	344584288	0.335	0.994	136	3088	344583101	344583903	344585416	344586214	398148334	344350000	344600000	0	3910	798	1513	immediate
SUPER_1	287069752	287072195	IR	335	.	287071386	0.335	0.880	135	2433	287069752	287070970	287070977	287072203	398148334	286850000	287100000	0	3682	1218	7	immediate
SUPER_1	3442670	3455017	IR	335	.	3449283	0.335	0.979	132	12325	3442670	3443528	3454168	3455017	398148334	3300000	3550000	0	2480	849	10640	spaced
SUPER_1	343623666	343641655	IR	335	.	343633115	0.335	0.810	127	18009	343623666	343625358	343639963	343641700	398148334	343400000	343650000	0	3877	1692	14605	spaced
SUPER_1	294464744	294479183	IR	335	.	294471978	0.335	0.998	119	14555	294464744	294465237	294478690	294479183	398148334	294250000	294500000	119	3699	493	13453	spaced
SUPER_1	226270126	226276169	IR	335	.	226272695	0.335	0.942	115	6018	226270126	226271109	226275186	226276176	398148334	226100000	226350000	0	2885	983	4077	spaced
SUPER_1	173180686	173183812	IR	335	.	173181811	0.335	0.951	103	3075	173180686	173181279	173183219	173183831	398148334	172950000	173200000	0	3870	593	1940	immediate
SUPER_1	299705014	299710096	IR	335	.	299707723	0.335	0.987	98	5189	299705014	299705551	299709559	299710099	398148334	299500000	299750000	98	3459	537	4008	spaced
SUPER_1	263347562	263361747	IR	335	.	263354242	0.335	0.769	96	14166	263347562	263348685	263360661	263361747	398148334	263250000	263500000	0	1744	1086	11976	spaced
SUPER_1	244511737	244530078	IR	335	.	244521093	0.335	0.930	79	18393	244511737	244512430	244529395	244530078	398148334	244500000	244750000	79	348	683	16965	spaced
SUPER_1	135739217	135746344	IR	335	.	135742585	0.335	0.980	69	7428	135739217	135739670	135745894	135746344	398148334	135500000	135750000	69	4046	450	6224	spaced
SUPER_1	222032189	222139463	IR	335	.	222085642	0.335	0.988	69	107303	222032189	222032608	222139044	222139463	398148334	221950000	222200000	69	2263	419	106436	wide
SUPER_1	11962374	11995122	IR	335	.	11978953	0.335	0.856	67	32836	11962374	11963379	11994188	11995122	398148334	11900000	12150000	67	1312	934	30809	spaced
SUPER_1	186102860	186133976	IR	335	.	186118703	0.335	0.992	60	31094	186102860	186103229	186133607	186133977	398148334	186100000	186350000	0	306	369	30378	spaced
SUPER_1	102182762	102215022	IR	335	.	102198414	0.335	0.914	59	32260	102182762	102183495	102214289	102215042	398148334	102000000	102250000	0	3314	733	30794	spaced
SUPER_1	371879105	371894585	IR	335	.	371886719	0.335	1.000	59	15527	371879105	371879369	371894321	371894585	398148334	371650000	371900000	59	3947	264	14952	spaced
SUPER_1	362861829	362900834	IR	335	.	362881449	0.335	0.850	56	39057	362861829	362862350	362900378	362900834	398148334	362700000	362950000	57	3022	456	38028	spaced
SUPER_1	347323367	347340518	IR	335	.	347331461	0.335	0.789	54	16929	347323367	347325754	347338138	347340518	398148334	347250000	347500000	0	1365	2380	12384	spaced
SUPER_1	23234529	23264721	IR	335	.	23249285	0.335	0.973	53	30174	23234529	23235043	23264207	23264721	398148334	23050000	23300000	0	3326	514	29164	spaced
SUPER_1	40950812	40965438	IR	335	.	40958586	0.335	0.997	52	14603	40950812	40951151	40965099	40965438	398148334	40750000	41000000	0	3468	339	13948	spaced
SUPER_1	182528804	182531555	IR	335	.	182529855	0.335	0.902	52	2732	182528804	182529309	182531062	182531555	398148334	182300000	182550000	0	3836	493	1753	immediate
SUPER_1	386274491	386291802	IR	335	.	386283537	0.335	0.940	52	17291	386274491	386275326	386290967	386291803	398148334	386200000	386450000	0	1385	835	15641	spaced
SUPER_1	146691014	146694075	IR	335	.	146693009	0.335	0.989	51	3042	146691014	146691369	146693720	146694075	398148334	146450000	146700000	0	4042	355	2351	spaced
SUPER_1	289701103	289715288	IR	335	.	289708401	0.335	0.996	49	14216	289701103	289701331	289715060	289715288	398148334	289500000	289750000	49	3469	228	13729	spaced
SUPER_1	212374709	212376939	IR	335	.	212375384	0.335	0.961	45	2207	212374709	212375071	212376584	212376939	398148334	212250000	212500000	0	2096	355	1513	immediate
SUPER_1	7202087	7274757	IR	335	.	7237954	0.335	0.858	42	72531	7202087	7202999	7273884	7274757	398148334	7050000	7300000	0	3140	873	70885	spaced
SUPER_1	366916947	366931416	IR	335	.	366924657	0.335	0.768	42	14438	366916947	366918496	366929908	366931416	398148334	366700000	366950000	0	3736	1508	11412	spaced
SUPER_1	66748056	66753421	IR	335	.	66750873	0.335	0.733	41	5381	66748056	66748443	66753107	66753421	398148334	66600000	66850000	41	2512	314	4664	spaced
SUPER_1	279735413	279775354	IR	335	.	279754928	0.335	0.925	41	39929	279735413	279736320	279774447	279775363	398148334	279550000	279800000	0	3422	907	38127	spaced
SUPER_1	258968372	259089846	IR	335	.	259029467	0.335	0.896	39	121488	258968372	258969341	259088877	259089880	398148334	258950000	259200000	0	1318	969	119536	wide
SUPER_1	65042617	65101114	IR	335	.	65071881	0.335	0.395	38	30260	65042617	65071177	65072586	65101114	398148334	64900000	65150000	38	2864	28528	1409	immediate
SUPER_1	88047776	88051245	IR	335	.	88049923	0.335	0.957	38	3430	88047776	88048168	88050853	88051250	398148334	87850000	88100000	0	3325	392	2685	spaced
SUPER_1	152894189	152896776	IR	335	.	152895398	0.335	0.972	36	2591	152894189	152894332	152896633	152896776	398148334	152650000	152900000	36	4091	143	2301	spaced
SUPER_1	158446387	158455656	IR	335	.	158450668	0.335	0.933	36	9234	158446387	158446612	158455444	158455656	398148334	158300000	158550000	0	2516	212	8832	spaced
SUPER_1	163319261	163346214	IR	335	.	163333207	0.335	1.000	36	26934	163319261	163319487	163345988	163346214	398148334	163100000	163350000	0	3878	226	26501	spaced
SUPER_1	5499607	5503270	IR	335	.	5501501	0.335	0.964	32	3679	5499607	5499887	5502990	5503270	398148334	5300000	5550000	32	3357	280	3103	spaced
SUPER_1	42339338	42341289	IR	335	.	42340493	0.335	0.964	31	2059	42339338	42339612	42341015	42341291	398148334	42100000	42350000	31	4005	274	1403	immediate
SUPER_1	362343172	362349539	IR	335	.	362346867	0.335	0.847	31	6382	362343172	362343529	362349182	362349586	398148334	362300000	362550000	0	772	357	5653	spaced
SUPER_1	56116816	56127689	IR	335	.	56122449	0.335	0.988	30	10879	56116816	56116983	56127522	56127689	398148334	55900000	56150000	30	3704	167	10539	spaced
SUPER_1	142953007	142972564	IR	335	.	142962392	0.335	0.677	30	19591	142953007	142953971	142971600	142972615	398148334	142750000	143000000	0	3546	964	17629	spaced
SUPER_1	6524762	6551277	IR	335	.	6537846	0.335	0.810	28	26688	6524762	6525428	6550665	6551277	398148334	6350000	6600000	28	3133	612	25237	spaced
SUPER_1	114408592	114411918	IR	335	.	114409766	0.335	0.969	28	3310	114408592	114408848	114411662	114411919	398148334	114300000	114550000	0	1837	256	2814	spaced
SUPER_1	142517662	142520653	IR	335	.	142519202	0.335	0.936	27	3037	142517662	142517895	142520428	142520653	398148334	142450000	142700000	27	1152	225	2533	spaced
SUPER_1	258599289	258601353	IR	335	.	258600181	0.335	0.918	26	2104	258599289	258599470	258601180	258601353	398148334	258450000	258700000	26	2505	173	1710	immediate
SUPER_1	161640549	161687970	IR	335	.	161664216	0.335	0.782	25	47475	161640549	161641112	161687407	161688020	398148334	161500000	161750000	25	2737	563	46295	spaced
SUPER_1	266252878	266256722	IR	335	.	266254810	0.335	0.952	24	3901	266252878	266253100	266256500	266256728	398148334	266200000	266450000	24	913	222	3400	spaced
SUPER_1	323967871	323972479	IR	335	.	323970464	0.335	0.711	24	4523	323967871	323968213	323972224	323972479	398148334	323800000	324050000	0	2836	255	4011	spaced
SUPER_1	100698617	100786908	IR	335	.	100742286	0.335	0.749	22	88303	100698617	100699081	100786444	100786958	398148334	100600000	100850000	0	2379	464	87363	spaced
SUPER_1	177589166	177592329	IR	335	.	177591173	0.335	1.000	21	3143	177589166	177589304	177592191	177592329	398148334	177550000	177800000	0	678	138	2887	spaced
SUPER_1	203587974	203593307	IR	335	.	203591130	0.335	0.987	21	5314	203587974	203588123	203593158	203593307	398148334	203350000	203600000	0	4010	149	5035	spaced
SUPER_1	19869993	19873676	IR	335	.	19871782	0.335	0.910	20	3725	19869993	19870380	19873290	19873676	398148334	19650000	19900000	20	3697	386	2910	spaced
SUPER_1	183743404	183753956	IR	334	.	183748601	0.334	1.000	694	11548	183743404	183746520	183750840	183753956	398148334	183600000	183850000	694	2477	3116	4320	spaced
SUPER_1	260209609	260233991	IR	334	.	260222197	0.334	0.953	493	24365	260209609	260217799	260225801	260233996	398148334	260000000	260250000	0	3696	8190	8002	spaced
SUPER_1	157463178	157469209	IR	334	.	157466632	0.334	0.998	466	6009	157463178	157465812	157466575	157469210	398148334	157250000	157500000	0	3603	2634	763	immediate
SUPER_1	231062353	231066371	IR	334	.	231064442	0.334	0.995	406	4516	231062353	231064088	231064636	231066377	398148334	230850000	231100000	406	3572	1735	548	immediate
SUPER_1	180063919	180077184	IR	334	.	180070058	0.334	0.966	308	13208	180063919	180066391	180074715	180077184	398148334	179900000	180150000	0	2842	2469	8324	spaced
SUPER_1	342551457	342555632	IR	334	.	342553940	0.334	0.998	271	4158	342551457	342552973	342554118	342555632	398148334	342350000	342600000	0	3392	1514	1145	immediate
SUPER_1	145357111	145374289	IR	334	.	145366133	0.334	0.998	222	17154	145357111	145358455	145372948	145374289	398148334	145150000	145400000	0	3594	1341	14493	spaced
SUPER_1	224419364	224468798	IR	334	.	224444033	0.334	0.989	181	49725	224419364	224420440	224467722	224468798	398148334	224250000	224500000	181	3234	1076	47282	spaced
SUPER_1	138523382	138532392	IR	334	.	138528233	0.334	0.920	176	8985	138523382	138524940	138530858	138532392	398148334	138350000	138600000	0	2964	1534	5918	spaced
SUPER_1	390789406	390837381	IR	334	.	390813135	0.334	0.919	152	47948	390789406	390790745	390836104	390837381	398148334	390600000	390850000	0	3556	1277	45359	spaced
SUPER_1	190081235	190086759	IR	334	.	190083894	0.334	0.998	150	5733	190081235	190081868	190086126	190086759	398148334	190050000	190300000	150	566	633	4258	spaced
SUPER_1	9989679	9996789	IR	334	.	9993029	0.334	0.914	137	7308	9989679	9991049	9995419	9996814	398148334	9750000	10000000	174	4053	1370	4370	spaced
SUPER_1	71359874	71413226	IR	334	.	71386224	0.334	0.412	137	53333	71359874	71385230	71387870	71413226	398148334	71200000	71450000	0	3109	25356	2640	spaced
SUPER_1	213802133	213806701	IR	334	.	213804442	0.334	0.968	130	4913	213802133	213803211	213805623	213806701	398148334	213600000	213850000	130	3406	1078	2412	spaced
SUPER_1	342057247	342071821	IR	334	.	342065018	0.334	0.995	115	14556	342057247	342057893	342071175	342071821	398148334	341850000	342100000	0	3575	646	13282	spaced
SUPER_1	54860934	54863341	IR	334	.	54862222	0.334	0.912	114	2531	54860934	54861725	54862600	54863341	398148334	54650000	54900000	114	3535	741	875	immediate
SUPER_1	85006984	85009879	IR	334	.	85008378	0.334	0.955	110	3347	85006984	85007670	85009193	85009900	398148334	84800000	85050000	110	3473	686	1523	immediate
SUPER_1	251363427	251371212	IR	334	.	251367760	0.334	0.957	108	7764	251363427	251364474	251370165	251371226	398148334	251200000	251450000	0	2788	1047	5691	spaced
SUPER_1	268160958	268182101	IR	334	.	268171958	0.334	0.982	96	21113	268160958	268161736	268181325	268182101	398148334	268050000	268300000	0	2025	776	19589	spaced
SUPER_1	163357000	163362593	IR	334	.	163359799	0.334	0.982	90	5717	163357000	163357491	163362103	163362593	398148334	163150000	163400000	90	3496	490	4612	spaced
SUPER_1	86369960	86374319	IR	334	.	86372124	0.334	0.927	86	4471	86369960	86370424	86373855	86374349	398148334	86250000	86500000	86	2035	464	3431	spaced
SUPER_1	224849314	224859927	IR	334	.	224854597	0.334	0.765	80	10713	224849314	224850237	224859075	224859927	398148334	224650000	224900000	80	3410	852	8838	spaced
SUPER_1	95520312	95613995	IR	334	.	95567115	0.334	0.897	78	94022	95520312	95521163	95613144	95614045	398148334	95450000	95700000	78	1952	851	91981	spaced
SUPER_1	209120752	209124439	IR	334	.	209122464	0.334	0.878	75	3885	209120752	209121604	209123587	209124497	398148334	209100000	209350000	77	376	852	1983	immediate
SUPER_1	185235526	185238826	IR	334	.	185236852	0.334	1.000	74	3270	185235526	185235951	185238401	185238826	398148334	185150000	185400000	0	1452	425	2450	spaced
SUPER_1	145596308	145610737	IR	334	.	145603931	0.334	0.988	70	14400	145596308	145596803	145610243	145610737	398148334	145400000	145650000	0	3391	494	13440	spaced
SUPER_1	79186270	79189434	IR	334	.	79188324	0.334	0.997	64	3137	79186270	79186634	79189070	79189435	398148334	79000000	79250000	0	3130	364	2436	spaced
SUPER_1	95406162	95408365	IR	334	.	95407146	0.334	1.000	62	2299	95406162	95406432	95408095	95408365	398148334	95200000	95450000	62	3454	270	1663	immediate
SUPER_1	293088707	293120745	IR	334	.	293104654	0.334	0.536	62	32185	293088707	293091780	293117672	293120750	398148334	292950000	293200000	62	2578	3073	25892	spaced
SUPER_1	353502493	353504412	IR	334	.	353503453	0.334	0.974	62	2005	353502493	353502796	353504115	353504412	398148334	353300000	353550000	62	3390	297	1319	immediate
SUPER_1	177890659	178094075	IR	334	.	177992773	0.334	0.901	61	203424	177890659	177891251	178093483	178094113	398148334	177850000	178100000	0	2372	592	202232	wide
SUPER_1	161340090	161352335	IR	334	.	161346113	0.334	0.974	59	12424	161340090	161340474	161351952	161352335	398148334	161150000	161400000	59	3270	383	11478	spaced
SUPER_1	358128120	358155153	IR	334	.	358141336	0.334	0.897	59	27035	358128120	358128914	358154359	358155172	398148334	357950000	358200000	0	3193	794	25445	spaced
SUPER_1	34565380	34687191	IR	334	.	34626627	0.334	0.881	58	121793	34565380	34565959	34686640	34687191	398148334	34500000	34750000	0	2104	551	120681	wide
SUPER_1	180751377	180809265	IR	334	.	180779949	0.334	0.907	50	57830	180751377	180751463	180809187	180809265	398148334	180600000	180850000	0	3005	78	57724	spaced
SUPER_1	306535486	306541244	IR	334	.	306538544	0.334	0.952	48	5843	306535486	306535967	306540763	306541244	398148334	306300000	306550000	48	3972	481	4796	spaced
SUPER_1	357528271	357530554	IR	334	.	357529696	0.334	0.993	47	2264	357528271	357528550	357530276	357530554	398148334	357300000	357550000	0	3823	278	1726	immediate
SUPER_1	186673130	186819153	IR	334	.	186745947	0.334	0.632	45	145983	186673130	186673206	186819105	186819153	398148334	186600000	186850000	736	2435	48	145899	wide
SUPER_1	251109568	251113439	IR	334	.	251111027	0.334	0.971	45	3842	251109568	251109949	251113064	251113439	398148334	250900000	251150000	0	3524	375	3115	spaced
SUPER_1	182856381	182997339	IR	334	.	182926801	0.334	0.929	44	141104	182856381	182857008	182996712	182997340	398148334	182750000	183000000	44	2947	627	139704	wide
SUPER_1	23685915	23719876	IR	334	.	23703237	0.334	0.915	41	33901	23685915	23686568	23719240	23719876	398148334	23500000	23750000	0	3381	636	32672	spaced
SUPER_1	67566528	67578396	IR	334	.	67572248	0.334	0.936	40	11890	67566528	67566809	67578115	67578412	398148334	67400000	67650000	40	2874	281	11306	spaced
SUPER_1	387861543	387885635	IR	334	.	387873747	0.334	0.957	38	24148	387861543	387861934	387885247	387885635	398148334	387650000	387900000	38	3726	388	23313	spaced
SUPER_1	29245463	29251417	IR	334	.	29248473	0.334	0.889	37	6003	29245463	29245812	29251068	29251442	398148334	29150000	29400000	37	1640	349	5256	spaced
SUPER_1	89029931	89042669	IR	334	.	89036465	0.334	0.766	37	12898	89029931	89030852	89041748	89042728	398148334	88950000	89200000	39	1438	921	10896	spaced
SUPER_1	199605343	199786996	IR	334	.	199695741	0.334	0.946	37	181632	199605343	199605959	199786380	199786996	398148334	199550000	199800000	0	2436	616	180421	wide
SUPER_1	228307469	228315463	IR	334	.	228311767	0.334	1.000	36	7975	228307469	228307681	228315251	228315463	398148334	228300000	228550000	0	190	212	7570	spaced
SUPER_1	283727759	283852663	IR	334	.	283790616	0.334	0.953	35	124882	283727759	283728308	283852115	283852663	398148334	283700000	283950000	0	1503	548	123807	wide
SUPER_1	175731413	175735972	IR	334	.	175733522	0.334	0.858	34	4575	175731413	175731786	175735625	175735972	398148334	175550000	175800000	34	3061	347	3839	spaced
SUPER_1	254760636	254792680	IR	334	.	254776270	0.334	0.972	34	32019	254760636	254760955	254792362	254792680	398148334	254550000	254800000	0	3777	318	31407	spaced
SUPER_1	184482125	184484344	IR	334	.	184483260	0.334	0.952	33	2221	184482125	184482456	184484013	184484349	398148334	184400000	184650000	33	1387	331	1557	immediate
SUPER_1	271590275	271595233	IR	334	.	271592704	0.334	0.982	33	4986	271590275	271590502	271595006	271595233	398148334	271350000	271600000	33	4045	227	4504	spaced
SUPER_1	258073154	258078788	IR	334	.	258075647	0.334	0.967	32	5615	258073154	258073521	258078423	258078788	398148334	257850000	258100000	0	3766	365	4902	spaced
SUPER_1	6767299	6770335	IR	334	.	6768696	0.334	0.926	30	3049	6767299	6767682	6769952	6770339	398148334	6700000	6950000	30	1146	383	2270	spaced
SUPER_1	148863992	148989554	IR	334	.	148926670	0.334	0.800	30	125714	148863992	148864485	148989083	148989554	398148334	148850000	149100000	30	1279	471	124598	wide
SUPER_1	49944633	49947266	IR	334	.	49945917	0.334	0.875	29	2588	49944633	49944867	49947032	49947278	398148334	49800000	50050000	78	2432	234	2165	spaced
SUPER_1	55314690	55326277	IR	334	.	55320857	0.334	0.939	28	11568	55314690	55315180	55325790	55326277	398148334	55100000	55350000	0	3674	487	10610	spaced
SUPER_1	183088236	183186362	IR	334	.	183137528	0.334	1.000	28	98246	183088236	183088277	183186321	183186362	398148334	182950000	183200000	7	3121	41	98044	spaced
SUPER_1	269720472	269724936	IR	334	.	269722511	0.334	0.973	28	4488	269720472	269720656	269724752	269724940	398148334	269500000	269750000	28	3711	184	4096	spaced
SUPER_1	40555214	40706580	IR	334	.	40630477	0.334	0.986	27	151346	40555214	40555431	40706363	40706580	398148334	40500000	40750000	0	2181	217	150932	wide
SUPER_1	169189778	169219831	IR	334	.	169204756	0.334	0.935	27	30063	169189778	169190079	169219530	169219837	398148334	169050000	169300000	27	2579	301	29451	spaced
SUPER_1	392622063	392629147	IR	334	.	392625435	0.334	0.898	26	7084	392622063	392622258	392628965	392629147	398148334	392400000	392650000	26	3759	182	6707	spaced
SUPER_1	192614632	192617006	IR	334	.	192615819	0.334	0.929	25	2450	192614632	192614899	192616739	192617007	398148334	192400000	192650000	25	3596	267	1840	immediate
SUPER_1	26335627	26345914	IR	334	.	26341027	0.334	0.740	22	10265	26335627	26335982	26345559	26345914	398148334	26100000	26350000	0	4012	355	9577	spaced
SUPER_1	69215722	69219711	IR	334	.	69218024	0.334	0.957	21	3971	69215722	69216004	69219429	69219711	398148334	69200000	69450000	0	295	282	3425	spaced
SUPER_1	126180915	126185828	IR	334	.	126183375	0.334	0.975	21	4905	126180915	126181076	126185667	126185829	398148334	126100000	126350000	21	1389	161	4591	spaced
SUPER_1	348729747	348760689	IR	334	.	348745026	0.334	0.960	20	30949	348729747	348729996	348760440	348760691	398148334	348550000	348800000	20	3253	249	30444	spaced
SUPER_1	123483894	123520913	IR	333	.	123502221	0.333	0.977	1502	39453	123483894	123492234	123512632	123520913	398148334	123300000	123550000	1502	3373	8281	20398	spaced
SUPER_1	396255841	396278343	IR	333	.	396267467	0.333	0.985	1375	22483	396255841	396264654	396269535	396278343	398148334	396050000	396300000	0	3618	8808	4881	spaced
SUPER_1	61490822	61524211	IR	333	.	61507125	0.333	0.977	587	33370	61490822	61495439	61519594	61524216	398148334	61300000	61550000	0	3458	4617	24155	spaced
SUPER_1	164447470	164463533	IR	333	.	164455547	0.333	1.000	470	16716	164447470	164449586	164461417	164463533	398148334	164250000	164500000	470	3424	2116	11831	spaced
SUPER_1	173239625	173255158	IR	333	.	173247028	0.333	0.998	467	15508	173239625	173242238	173252545	173255158	398148334	173050000	173300000	0	3289	2613	10307	spaced
SUPER_1	198403249	198416473	IR	333	.	198409664	0.333	0.972	403	13699	198403249	198406154	198413568	198416481	398148334	198200000	198450000	403	3497	2905	7414	spaced
SUPER_1	304869754	304884386	IR	333	.	304876578	0.333	0.973	355	14606	304869754	304873295	304880845	304884386	398148334	304650000	304900000	0	3784	3541	7550	spaced
SUPER_1	328258606	328263525	IR	333	.	328261502	0.333	0.997	330	4891	328258606	328260400	328261731	328263530	398148334	328050000	328300000	0	3517	1794	1331	immediate
SUPER_1	185403662	185409139	IR	333	.	185406219	0.333	0.999	307	148073	185403662	185405057	185407744	185409140	398148334	185250000	185500000	307	2606	1395	2687	spaced
SUPER_1	202788707	202865755	IR	333	.	202827670	0.333	0.424	253	44109	202788707	202823798	202830664	202865766	398148334	202750000	203000000	0	1287	35091	6866	spaced
SUPER_1	103502905	103511296	IR	333	.	103507154	0.333	0.997	219	8584	103502905	103503969	103510232	103511297	398148334	103300000	103550000	219	3451	1064	6263	spaced
SUPER_1	143864136	143875713	IR	333	.	143870213	0.333	0.993	219	11550	143864136	143865480	143874375	143875713	398148334	143700000	143950000	0	2831	1338	8895	spaced
SUPER_1	318419813	318431581	IR	333	.	318425265	0.333	0.967	196	11746	318419813	318421412	318429982	318431586	398148334	318200000	318450000	0	3761	1599	8570	spaced
SUPER_1	160969755	160977327	IR	333	.	160973297	0.333	0.994	182	7767	160969755	160970682	160976400	160977327	398148334	160950000	161200000	182	392	927	5718	spaced
SUPER_1	223833434	223840028	IR	333	.	223836548	0.333	0.965	163	6752	223833434	223834438	223839031	223840028	398148334	223700000	223950000	163	2278	997	4593	spaced
SUPER_1	280255047	280257891	IR	333	.	280256948	0.333	0.989	153	2825	280255047	280255950	280256995	280257891	398148334	280050000	280300000	0	3441	896	1045	immediate
SUPER_1	22918464	22928677	IR	333	.	22923070	0.333	0.917	125	10209	22918464	22920231	22926910	22928691	398148334	22750000	23000000	0	2892	1767	6679	spaced
SUPER_1	185498583	185513356	IR	333	.	185505515	0.333	0.889	121	14743	185498583	185499387	185512638	185513356	398148334	185400000	185650000	0	1766	718	13251	spaced
SUPER_1	258478865	258483184	IR	333	.	258481232	0.333	0.993	120	4391	258478865	258479547	258482502	258483184	398148334	258300000	258550000	119	3016	682	2955	spaced
SUPER_1	32556838	32562025	IR	333	.	32558982	0.333	0.879	115	5163	32556838	32557875	32561095	32562025	398148334	32400000	32650000	0	2657	930	3220	spaced
SUPER_1	351744749	351754655	IR	333	.	351749964	0.333	0.950	113	9886	351744749	351745833	351753584	351754655	398148334	351550000	351800000	0	3328	1071	7751	spaced
SUPER_1	243843624	243858209	IR	333	.	243851402	0.333	0.994	109	14556	243843624	243844281	243857552	243858209	398148334	243650000	243900000	0	3348	657	13271	spaced
SUPER_1	268186250	268229069	IR	333	.	268207177	0.333	0.992	106	42788	268186250	268186873	268228451	268229069	398148334	268000000	268250000	0	3460	618	41578	spaced
SUPER_1	14580817	14585819	IR	333	.	14583329	0.333	0.937	102	5333	14580817	14582078	14584561	14585819	398148334	14550000	14800000	102	555	1258	2483	spaced
SUPER_1	107660627	107792276	IR	333	.	107725980	0.333	0.786	102	131627	107660627	107662046	107790886	107792276	398148334	107600000	107850000	0	2107	1390	128840	wide
SUPER_1	182054897	182065401	IR	333	.	182060610	0.333	0.963	100	10483	182054897	182055812	182064488	182065401	398148334	181850000	182100000	0	3502	913	8676	spaced
SUPER_1	49546414	49552250	IR	333	.	49549697	0.333	0.914	97	5832	49546414	49547182	49551482	49552265	398148334	49450000	49700000	0	1655	768	4300	spaced
SUPER_1	241029173	241033360	IR	333	.	241031153	0.333	0.970	93	4334	241029173	241029765	241032771	241033360	398148334	240800000	241050000	93	3854	589	3006	spaced
SUPER_1	173831215	173834434	IR	333	.	173832535	0.333	0.984	87	3199	173831215	173831825	173833826	173834434	398148334	173600000	173850000	0	3880	608	2001	spaced
SUPER_1	8275845	8290292	IR	333	.	8282578	0.333	0.994	80	14418	8275845	8276339	8289798	8290292	398148334	8050000	8300000	0	3884	494	13459	spaced
SUPER_1	115822722	115824751	IR	333	.	115823739	0.333	1.000	78	2090	115822722	115823063	115824410	115824751	398148334	115600000	115850000	78	3728	341	1347	immediate
SUPER_1	128841393	128848945	IR	333	.	128844980	0.333	1.000	78	7680	128841393	128841745	128848593	128848945	398148334	128600000	128850000	78	4086	352	6848	spaced
SUPER_1	361331602	361346041	IR	333	.	361339237	0.333	0.992	72	14410	361331602	361332096	361345547	361346041	398148334	361150000	361400000	0	3146	494	13451	spaced
SUPER_1	220139350	220153525	IR	333	.	220146284	0.333	0.987	71	14236	220139350	220139739	220153136	220153526	398148334	219950000	220200000	71	3273	389	13397	spaced
SUPER_1	225986867	226013761	IR	333	.	226000509	0.333	0.851	67	27002	225986867	225987553	226013103	226013761	398148334	225800000	226050000	67	3338	658	25550	spaced
SUPER_1	262717875	262730361	IR	333	.	262724394	0.333	0.989	66	12464	262717875	262718334	262729902	262730361	398148334	262500000	262750000	0	3735	459	11568	spaced
SUPER_1	285863232	285895050	IR	333	.	285879423	0.333	0.820	63	31877	285863232	285864102	285894180	285895138	398148334	285750000	286000000	0	2152	870	30078	spaced
SUPER_1	285966154	285969033	IR	333	.	285967714	0.333	0.951	59	2904	285966154	285966718	285968480	285969033	398148334	285750000	286000000	59	3626	553	1762	immediate
SUPER_1	339909704	339924189	IR	333	.	339917073	0.333	1.000	59	14536	339909704	339909969	339923924	339924189	398148334	339850000	340100000	59	1115	265	13955	spaced
SUPER_1	338810754	338825732	IR	333	.	338818660	0.333	0.964	58	14957	338810754	338811252	338825234	338825732	398148334	338600000	338850000	0	3637	498	13982	spaced
SUPER_1	392356281	392540975	IR	333	.	392449034	0.333	0.997	58	184661	392356281	392356617	392540640	392540975	398148334	392350000	392600000	0	1643	335	184023	wide
SUPER_1	201852444	201860488	IR	333	.	201856198	0.333	0.966	53	8016	201852444	201852972	201859962	201860488	398148334	201650000	201900000	0	3440	526	6990	spaced
SUPER_1	82834945	82856540	IR	333	.	82846070	0.333	0.977	51	21531	82834945	82835029	82856456	82856542	398148334	82650000	82900000	0	3262	84	21427	spaced
SUPER_1	191065663	191259068	IR	333	.	191162531	0.333	0.988	48	193429	191065663	191065916	191258815	191259068	398148334	191050000	191300000	48	1872	253	192899	wide
SUPER_1	183852180	183865920	IR	333	.	183859459	0.333	0.963	47	13710	183852180	183852696	183865404	183865920	398148334	183650000	183900000	0	3484	516	12708	spaced
SUPER_1	144368626	144418704	IR	333	.	144393583	0.333	0.952	44	50109	144368626	144369043	144418287	144418704	398148334	144350000	144600000	44	727	417	49244	spaced
SUPER_1	201011406	201044992	IR	333	.	201027942	0.333	0.927	43	33556	201011406	201012196	201044210	201044992	398148334	200950000	201200000	0	1303	782	32014	spaced
SUPER_1	278444204	278552555	IR	333	.	278498865	0.333	0.318	43	108307	278444204	278444248	278552511	278552611	398148334	278400000	278650000	0	1639	44	108263	wide
SUPER_1	166110145	166236245	IR	333	.	166173649	0.333	0.756	41	126038	166110145	166110207	166236183	166236265	398148334	166000000	166250000	0	2886	62	125976	wide
SUPER_1	150483881	150486790	IR	333	.	150485176	0.333	0.995	40	2970	150483881	150484082	150486589	150486790	398148334	150250000	150500000	40	3922	201	2507	spaced
SUPER_1	387020375	387022910	IR	333	.	387021695	0.333	0.972	40	2552	387020375	387020693	387022592	387022910	398148334	386800000	387050000	40	3693	318	1899	immediate
SUPER_1	195352446	195362489	IR	333	.	195357635	0.333	0.926	36	9989	195352446	195352496	195362439	195362493	398148334	195150000	195400000	600	3457	50	9943	spaced
SUPER_1	227032061	227104119	IR	333	.	227068291	0.333	0.845	36	72124	227032061	227032370	227103834	227104119	398148334	226900000	227150000	36	2801	285	71464	spaced
SUPER_1	248710265	248713898	IR	333	.	248712441	0.333	0.649	36	3615	248710265	248711210	248712975	248713898	398148334	248700000	248950000	0	201	923	1765	immediate
SUPER_1	250076741	250286098	IR	333	.	250181797	0.333	0.829	36	209299	250076741	250077369	250285502	250286098	398148334	250050000	250300000	0	2190	596	208133	wide
SUPER_1	23385997	23400471	IR	333	.	23392836	0.333	0.917	31	14464	23385997	23386572	23399896	23400480	398148334	23200000	23450000	0	3220	575	13324	spaced
SUPER_1	195988933	195994139	IR	333	.	195991406	0.333	0.974	31	5215	195988933	195989168	195993904	195994139	398148334	195850000	196100000	31	2358	235	4736	spaced
SUPER_1	57597522	57601559	IR	333	.	57599862	0.333	0.896	29	4029	57597522	57598148	57600933	57601569	398148334	57400000	57650000	0	3325	626	2785	spaced
SUPER_1	271413577	271500716	IR	333	.	271457270	0.333	0.966	28	87139	271413577	271413812	271500481	271500717	398148334	271300000	271550000	28	2618	235	86669	spaced
SUPER_1	173005685	173013245	IR	333	.	173009471	0.333	0.909	26	7554	173005685	173005935	173013005	173013245	398148334	172850000	173100000	26	2657	240	7070	spaced
SUPER_1	395099311	395101745	IR	333	.	395100540	0.333	0.937	26	2443	395099311	395099528	395101528	395101750	398148334	394950000	395200000	26	2508	217	2000	immediate
SUPER_1	79657623	79745750	IR	333	.	79701805	0.333	0.977	25	88139	79657623	79657837	79745536	79745750	398148334	79600000	79850000	25	1694	214	87699	spaced
SUPER_1	363118570	363125175	IR	333	.	363121863	0.333	1.000	25	6606	363118570	363118671	363125074	363125175	398148334	363050000	363300000	25	1197	101	6403	spaced
SUPER_1	52566792	52620916	IR	333	.	52593511	0.333	0.967	24	54091	52566792	52567002	52620707	52620916	398148334	52500000	52750000	0	1564	209	53705	spaced
SUPER_1	234125671	234134845	IR	333	.	234129751	0.333	0.884	24	9146	234125671	234126176	234134342	234134845	398148334	233900000	234150000	0	3837	503	8166	spaced
SUPER_1	269180399	269188181	IR	333	.	269184209	0.333	0.987	24	7774	269180399	269180551	269188029	269188181	398148334	268950000	269200000	24	3904	152	7478	spaced
SUPER_1	300460890	300463050	IR	333	.	300461992	0.333	0.775	24	2158	300460890	300461467	300462506	300463050	398148334	300300000	300550000	24	2699	544	1039	immediate
SUPER_1	199209258	199219340	IR	332	.	199214220	0.332	0.945	720	10835	199209258	199212738	199215949	199219340	398148334	199050000	199300000	720	2738	3391	3211	spaced
SUPER_1	286551212	286608974	IR	332	.	286580550	0.332	0.971	687	57741	286551212	286555887	286604322	286608974	398148334	286400000	286650000	0	3001	4652	48435	spaced
SUPER_1	18657577	18681061	IR	332	.	18669720	0.332	0.979	449	23466	18657577	18660074	18678617	18681061	398148334	18450000	18700000	0	3655	2444	18543	spaced
SUPER_1	164250447	164260835	IR	332	.	164255178	0.332	0.955	367	10374	164250447	164253785	164257497	164260840	398148334	164150000	164400000	0	1760	3338	3712	spaced
SUPER_1	313571481	313584717	IR	332	.	313577687	0.332	0.979	340	13214	313571481	313574006	313582192	313584721	398148334	313350000	313600000	0	3801	2525	8186	spaced
SUPER_1	147239912	147251568	IR	332	.	147245998	0.332	0.979	261	11637	147239912	147241957	147249523	147251568	398148334	147050000	147300000	0	3262	2045	7566	spaced
SUPER_1	156153439	156162864	IR	332	.	156158479	0.332	0.988	245	9409	156153439	156155115	156161188	156162867	398148334	155950000	156200000	0	3469	1676	6073	spaced
SUPER_1	180610579	180636701	IR	332	.	180624021	0.332	0.958	221	26068	180610579	180612729	180634565	180636701	398148334	180400000	180650000	0	3727	2136	21836	spaced
SUPER_1	223647098	223660965	IR	332	.	223654178	0.332	0.885	209	14204	223647098	223649089	223659043	223660965	398148334	223450000	223700000	209	3400	1922	9954	spaced
SUPER_1	125671896	125678520	IR	332	.	125674797	0.332	0.975	206	6603	125671896	125673742	125676674	125678520	398148334	125450000	125700000	0	3753	1846	2932	spaced
SUPER_1	275483136	275625278	IR	332	.	275554341	0.332	0.962	202	142356	275483136	275484220	275624194	275625305	398148334	275450000	275700000	202	1736	1084	139974	wide
SUPER_1	296786836	296798827	IR	332	.	296792809	0.332	0.973	197	12391	296786836	296788183	296797481	296798827	398148334	296550000	296800000	197	4047	1346	9298	spaced
SUPER_1	169841572	169847117	IR	332	.	169844642	0.332	0.957	196	5521	169841572	169842714	169846005	169847117	398148334	169600000	169850000	0	4072	1112	3291	spaced
SUPER_1	92100759	92103831	IR	332	.	92102342	0.332	0.958	136	3287	92100759	92101592	92102998	92103850	398148334	91950000	92200000	136	2538	833	1406	immediate
SUPER_1	219237490	219249686	IR	332	.	219243418	0.332	0.987	121	12301	219237490	219238190	219248986	219249688	398148334	219050000	219300000	121	3226	700	10796	spaced
SUPER_1	188263583	188279135	IR	332	.	188271072	0.332	0.956	120	15525	188263583	188265189	188277530	188279135	398148334	188150000	188400000	0	2022	1605	12341	spaced
SUPER_1	141917930	141939787	IR	332	.	141928385	0.332	0.966	112	21836	141917930	141919209	141938508	141939787	398148334	141700000	141950000	0	3814	1279	19299	spaced
SUPER_1	258353122	258415886	IR	332	.	258384508	0.332	0.977	112	62926	258353122	258353918	258415090	258415887	398148334	258200000	258450000	112	3074	796	61172	spaced
SUPER_1	185277438	185287758	IR	332	.	185282249	0.332	0.975	99	10270	185277438	185278223	185286984	185287758	398148334	185050000	185300000	0	3876	774	8761	spaced
SUPER_1	91173896	91184459	IR	332	.	91178945	0.332	0.947	94	35481	91173896	91174438	91183939	91184459	398148334	91000000	91250000	100	2986	520	9501	spaced
SUPER_1	191710193	191759702	IR	332	.	191734949	0.332	0.962	87	49666	191710193	191710824	191759080	191759702	398148334	191550000	191800000	87	3082	622	48256	spaced
SUPER_1	152151193	152157238	IR	332	.	152153761	0.332	0.987	84	6024	152151193	152151786	152156645	152157238	398148334	152000000	152250000	0	2570	593	4859	spaced
SUPER_1	173785152	173822545	IR	332	.	173803376	0.332	0.891	84	37371	173785152	173785928	173821812	173822545	398148334	173600000	173850000	0	3397	733	35884	spaced
SUPER_1	348232211	348235468	IR	332	.	348233842	0.332	0.969	80	3560	348232211	348232799	348234885	348235468	398148334	348000000	348250000	80	3897	583	2086	spaced
SUPER_1	313857848	313872261	IR	332	.	313864641	0.332	0.994	74	14395	313857848	313858331	313871778	313872261	398148334	313650000	313900000	0	3584	483	13447	spaced
SUPER_1	320051033	320054331	IR	332	.	320052632	0.332	0.981	73	3483	320051033	320051565	320053799	320054331	398148334	319950000	320200000	73	1711	532	2234	spaced
SUPER_1	294262032	294269703	IR	332	.	294266131	0.332	1.000	69	7646	294262032	294262436	294269299	294269703	398148334	294050000	294300000	0	3597	404	6863	spaced
SUPER_1	158606758	158613316	IR	332	.	158610293	0.332	0.991	67	6530	158606758	158607191	158612884	158613316	398148334	158400000	158650000	0	3500	432	5693	spaced
SUPER_1	24136758	24288829	IR	332	.	24212612	0.332	0.978	62	152203	24136758	24137203	24288385	24288829	398148334	24050000	24300000	62	2713	444	151182	wide
SUPER_1	137650854	137655006	IR	332	.	137652422	0.332	0.958	62	4131	137650854	137651430	137654430	137655007	398148334	137650000	137900000	0	48	576	3000	spaced
SUPER_1	285756889	285771179	IR	332	.	285763745	0.332	1.000	62	14271	285756889	285757228	285770840	285771179	398148334	285550000	285800000	0	3567	339	13612	spaced
SUPER_1	171961527	172075886	IR	332	.	172019158	0.332	0.949	58	114294	171961527	171962313	172075111	172075886	398148334	171900000	172150000	0	1978	775	112798	wide
SUPER_1	255280073	255305308	IR	332	.	255292607	0.332	0.974	57	25390	255280073	255280493	255304888	255305308	398148334	255150000	255400000	57	2378	420	24395	spaced
SUPER_1	79282218	79381443	IR	332	.	79331405	0.332	0.942	50	99206	79282218	79282926	79380737	79381443	398148334	79200000	79450000	0	2197	706	97811	spaced
SUPER_1	170338762	170350165	IR	332	.	170344408	0.332	0.650	50	11445	170338762	170341329	170347666	170350165	398148334	170250000	170500000	66	1574	2499	6337	spaced
SUPER_1	209685830	209811234	IR	332	.	209748896	0.332	0.530	45	125338	209685830	209685896	209811168	209811292	398148334	209600000	209850000	0	2475	66	125272	wide
SUPER_1	205485360	205586895	IR	332	.	205536536	0.332	0.948	41	101517	205485360	205485750	205586505	205586907	398148334	205400000	205650000	0	2268	390	100755	wide
SUPER_1	6858059	6864571	IR	332	.	6861419	0.332	0.968	40	6544	6858059	6858305	6864325	6864576	398148334	6650000	6900000	40	3521	246	6020	spaced
SUPER_1	109242640	109245331	IR	332	.	109243811	0.332	0.991	40	2855	109242640	109242867	109245104	109245331	398148334	109000000	109250000	40	4066	227	2237	spaced
SUPER_1	127890577	127894806	IR	332	.	127892226	0.332	0.957	40	4205	127890577	127891018	127894365	127894806	398148334	127650000	127900000	0	4044	441	3347	spaced
SUPER_1	81291736	81295144	IR	332	.	81293062	0.332	0.969	38	3383	81291736	81292057	81294828	81295144	398148334	81100000	81350000	0	3223	316	2771	spaced
SUPER_1	22334693	22373011	IR	332	.	22354255	0.332	0.953	37	38289	22334693	22335121	22372584	22373011	398148334	22150000	22400000	0	3397	427	37463	spaced
SUPER_1	258951580	258954511	IR	332	.	258953045	0.332	0.921	37	2940	258951580	258952142	258953949	258954515	398148334	258800000	259050000	37	2550	562	1807	immediate
SUPER_1	163197005	163205474	IR	332	.	163201697	0.332	1.000	36	8437	163197005	163197222	163205257	163205474	398148334	163000000	163250000	0	3353	217	8035	spaced
SUPER_1	265519597	265593095	IR	332	.	265556586	0.332	0.934	36	73435	265519597	265519991	265592701	265593096	398148334	265350000	265600000	0	3438	394	72710	spaced
SUPER_1	236576277	236668025	IR	332	.	236622278	0.332	0.396	32	96093	236576277	236619891	236624411	236668125	398148334	236450000	236700000	32	2869	43614	4520	spaced
SUPER_1	46750038	46763673	IR	332	.	46756362	0.332	0.990	31	13610	46750038	46750233	46763478	46763673	398148334	46750000	47000000	0	114	195	13245	spaced
SUPER_1	311104476	311124292	IR	332	.	311114158	0.332	0.926	30	19802	311104476	311104650	311124120	311124292	398148334	311000000	311250000	14	1906	172	19470	spaced
SUPER_1	331804776	331981099	IR	332	.	331892934	0.332	0.857	29	176402	331804776	331805454	331980424	331981099	398148334	331750000	332000000	29	2382	675	174970	wide
SUPER_1	349074462	349081200	IR	332	.	349077872	0.332	0.945	25	6733	349074462	349074717	349080948	349081200	398148334	348850000	349100000	25	3797	252	6231	spaced
SUPER_1	353317568	353411538	IR	332	.	353364883	0.332	0.333	25	93934	353317568	353317604	353411502	353411582	398148334	353200000	353450000	0	2742	36	93898	spaced
SUPER_1	124810654	124812847	IR	332	.	124811750	0.332	0.972	24	2203	124810654	124810867	124812634	124812847	398148334	124700000	124950000	24	1862	213	1767	immediate
SUPER_1	15566232	15691381	IR	332	.	15628607	0.332	0.992	23	125154	15566232	15566355	15691259	15691381	398148334	15450000	15700000	23	2979	122	124904	wide
SUPER_1	91622439	91704179	IR	332	.	91662890	0.332	0.906	22	81729	91622439	91622843	91703775	91704188	398148334	91500000	91750000	0	2721	404	80932	spaced
SUPER_1	238517686	238545363	IR	332	.	238531912	0.332	0.954	21	27637	238517686	238518015	238545034	238545363	398148334	238300000	238550000	0	3858	329	27019	spaced
SUPER_1	298613586	298622274	IR	332	.	298617729	0.332	1.000	21	8680	298613586	298613679	298622181	298622274	398148334	298400000	298650000	21	3632	93	8502	spaced
SUPER_1	324509584	324577519	IR	331	.	324543373	0.331	0.932	289	68414	324509584	324511038	324576065	324577613	398148334	324450000	324700000	289	1559	1454	65027	spaced
SUPER_1	122093172	122102405	IR	331	.	122098128	0.331	0.936	278	9214	122093172	122096518	122099059	122102407	398148334	121900000	122150000	0	3296	3346	2541	spaced
SUPER_1	78688675	78862389	IR	331	.	78775319	0.331	0.992	270	174090	78688675	78690055	78861011	78862389	398148334	78650000	78900000	270	2092	1378	170956	wide
SUPER_1	85519044	85527292	IR	331	.	85523600	0.331	0.982	242	8181	85519044	85520636	85525700	85527292	398148334	85300000	85550000	0	3719	1592	5064	spaced
SUPER_1	247916441	247940979	IR	331	.	247928555	0.331	0.994	239	24822	247916441	247917596	247939825	247940979	398148334	247700000	247950000	239	3811	1154	22229	spaced
SUPER_1	251573609	251583239	IR	331	.	251578900	0.331	0.993	220	9606	251573609	251574957	251581891	251583240	398148334	251350000	251600000	0	3806	1348	6934	spaced
SUPER_1	42700842	42743416	IR	331	.	42722536	0.331	0.992	213	42555	42700842	42702116	42742142	42743416	398148334	42500000	42750000	0	3702	1274	40026	spaced
SUPER_1	244945182	244965383	IR	331	.	244955380	0.331	0.932	158	20446	244945182	244946216	244964402	244965383	398148334	244750000	245000000	158	3421	981	18186	spaced
SUPER_1	3883408	3899108	IR	331	.	3891076	0.331	0.551	154	15861	3883408	3886170	3896346	3899119	398148334	3650000	3900000	154	4020	2762	10176	spaced
SUPER_1	163365213	163372183	IR	331	.	163369111	0.331	0.904	142	6838	163365213	163366649	163370791	163372183	398148334	163200000	163450000	0	2811	1392	4142	spaced
SUPER_1	250373277	250377396	IR	331	.	250375169	0.331	0.979	132	4588	250373277	250374119	250376558	250377396	398148334	250200000	250450000	132	2922	838	2439	spaced
SUPER_1	214768935	214828525	IR	331	.	214798789	0.331	0.969	131	59750	214768935	214769701	214827759	214828539	398148334	214600000	214850000	131	3312	766	58058	spaced
SUPER_1	55429996	55591207	IR	331	.	55510213	0.331	0.918	123	161177	55429996	55431932	55589271	55591238	398148334	55400000	55650000	0	1843	1936	157339	wide
SUPER_1	208324296	208421938	IR	331	.	208372976	0.331	0.977	121	97876	208324296	208324983	208421255	208421938	398148334	208200000	208450000	129	2885	683	96272	spaced
SUPER_1	387444509	387453391	IR	331	.	387449412	0.331	0.911	121	8880	387444509	387446681	387451219	387453416	398148334	387300000	387550000	0	2482	2172	4538	spaced
SUPER_1	252935565	252941176	IR	331	.	252938432	0.331	1.000	101	5706	252935565	252936048	252940693	252941176	398148334	252700000	252950000	101	3972	483	4645	spaced
SUPER_1	193220414	193226812	IR	331	.	193223673	0.331	0.960	96	6484	193220414	193220825	193226401	193226817	398148334	193000000	193250000	96	3726	411	5576	spaced
SUPER_1	12426187	12545297	IR	331	.	12485733	0.331	0.965	93	119295	12426187	12426900	12544584	12545303	398148334	12300000	12550000	93	3095	713	117684	wide
SUPER_1	18004387	18015495	IR	331	.	18009772	0.331	0.986	93	11401	18004387	18004875	18015009	18015495	398148334	17800000	18050000	93	3498	486	10134	spaced
SUPER_1	152321691	152336173	IR	331	.	152329113	0.331	0.995	87	14560	152321691	152322070	152335796	152336173	398148334	152100000	152350000	87	3815	377	13726	spaced
SUPER_1	221896635	221901867	IR	331	.	221899289	0.331	0.970	87	5327	221896635	221897337	221901165	221901868	398148334	221750000	222000000	87	2487	702	3828	spaced
SUPER_1	230984679	230989357	IR	331	.	230986584	0.331	0.925	85	4654	230984679	230985714	230988322	230989359	398148334	230950000	231200000	0	616	1035	2608	spaced
SUPER_1	154251651	154404502	IR	331	.	154327813	0.331	0.908	79	152881	154251651	154252524	154403629	154404562	398148334	154200000	154450000	0	2134	873	151105	wide
SUPER_1	266776229	266786732	IR	331	.	266781238	0.331	0.995	74	10724	266776229	266776615	266786346	266786732	398148334	266650000	266900000	73	2191	386	9731	spaced
SUPER_1	198617047	198621137	IR	331	.	198619492	0.331	0.970	71	3954	198617047	198617649	198620535	198621139	398148334	198450000	198700000	0	2818	602	2886	spaced
SUPER_1	103863554	103877983	IR	331	.	103871177	0.331	0.988	70	14400	103863554	103864049	103877489	103877983	398148334	103650000	103900000	0	3679	494	13440	spaced
SUPER_1	121786264	121788327	IR	331	.	121787399	0.331	1.000	67	2140	121786264	121786586	121788005	121788327	398148334	121550000	121800000	67	3954	322	1419	immediate
SUPER_1	287321932	287336279	IR	331	.	287328965	0.331	0.948	66	14401	287321932	287322328	287335883	287336283	398148334	287100000	287350000	66	3818	396	13555	spaced
SUPER_1	49260101	49303200	IR	331	.	49281627	0.331	0.882	65	43229	49260101	49261466	49301838	49303200	398148334	49100000	49350000	65	3027	1362	40372	spaced
SUPER_1	306852127	306908650	IR	331	.	306880331	0.331	0.875	65	56803	306852127	306853185	306907671	306908650	398148334	306700000	306950000	65	3006	979	54486	spaced
SUPER_1	219666849	219782131	IR	331	.	219724006	0.331	0.915	63	115251	219666849	219667596	219781406	219782131	398148334	219550000	219800000	0	2908	725	113810	wide
SUPER_1	10177427	10199574	IR	331	.	10188933	0.331	0.932	59	22121	10177427	10178324	10198683	10199574	398148334	10000000	10250000	0	3141	891	20359	spaced
SUPER_1	241867915	241882539	IR	331	.	241874760	0.331	1.000	59	14601	241867915	241868254	241882200	241882539	398148334	241750000	242000000	0	2086	339	13946	spaced
SUPER_1	307802632	307817028	IR	331	.	307809478	0.331	1.000	59	14373	307802632	307802971	307816689	307817028	398148334	307600000	307850000	0	3497	339	13718	spaced
SUPER_1	59151082	59182273	IR	331	.	59166207	0.331	0.970	57	31125	59151082	59151773	59181582	59182273	398148334	58950000	59200000	0	3611	691	29809	spaced
SUPER_1	8440276	8467462	IR	331	.	8453688	0.331	0.934	53	27253	8440276	8441106	8466641	8467462	398148334	8250000	8500000	53	3397	821	25535	spaced
SUPER_1	120505213	120519751	IR	331	.	120512291	0.331	0.996	53	14583	120505213	120505482	120519482	120519751	398148334	120300000	120550000	53	3541	269	14000	spaced
SUPER_1	336916170	336921310	IR	331	.	336918604	0.331	0.639	53	5267	336916170	336917742	336919738	336921310	398148334	336700000	336950000	53	3645	1572	1996	immediate
SUPER_1	78368504	78376548	IR	331	.	78372532	0.331	0.980	52	8062	78368504	78368899	78376153	78376548	398148334	78200000	78450000	52	2875	395	7254	spaced
SUPER_1	273346216	273349969	IR	331	.	273348448	0.331	0.954	49	3734	273346216	273346784	273349405	273349969	398148334	273100000	273350000	0	4134	564	2621	spaced
SUPER_1	182357470	182363315	IR	331	.	182360752	0.331	0.944	46	5832	182357470	182357873	182362912	182363320	398148334	182150000	182400000	0	3506	403	5039	spaced
SUPER_1	382975004	382979058	IR	331	.	382976540	0.331	0.913	45	4034	382975004	382975679	382978383	382979059	398148334	382950000	383200000	0	450	675	2704	spaced
SUPER_1	131053942	131062321	IR	331	.	131058376	0.331	1.000	43	8350	131053942	131054182	131062081	131062321	398148334	130850000	131100000	0	3468	240	7899	spaced
SUPER_1	193358982	193366585	IR	331	.	193362310	0.331	1.000	43	7584	193358982	193359253	193366314	193366585	398148334	193150000	193400000	0	3546	271	7061	spaced
SUPER_1	142460667	142517357	IR	331	.	142489356	0.331	0.692	42	56615	142460667	142463387	142514637	142517364	398148334	142450000	142700000	0	650	2720	51250	spaced
SUPER_1	240767663	240779249	IR	331	.	240773306	0.331	0.985	42	11609	240767663	240767929	240778983	240779250	398148334	240750000	241000000	42	390	266	11054	spaced
SUPER_1	278708555	278733866	IR	331	.	278721145	0.331	0.954	42	25350	278708555	278708853	278733568	278733873	398148334	278700000	278950000	42	353	298	24715	spaced
SUPER_1	340781878	340784135	IR	331	.	340782666	0.331	0.991	42	2236	340781878	340782199	340783814	340784135	398148334	340750000	341000000	0	549	321	1615	immediate
SUPER_1	104084355	104140100	IR	331	.	104112629	0.331	0.950	39	55734	104084355	104084743	104139712	104140109	398148334	103950000	104200000	0	2703	388	54969	spaced
SUPER_1	339924288	339950862	IR	331	.	339937941	0.331	0.838	38	26557	339924288	339925928	339949257	339950862	398148334	339900000	340150000	0	626	1605	23329	spaced
SUPER_1	302019325	302030339	IR	331	.	302024696	0.331	0.932	36	11038	302019325	302019505	302030159	302030346	398148334	301800000	302050000	36	3747	180	10654	spaced
SUPER_1	280541612	280636320	IR	331	.	280589489	0.331	0.401	34	76814	280541612	280559828	280618177	280636320	398148334	280400000	280650000	0	3149	18143	58349	spaced
SUPER_1	296497444	296503072	IR	331	.	296500622	0.331	0.995	34	5606	296497444	296497642	296502874	296503072	398148334	296400000	296650000	0	1670	198	5232	spaced
SUPER_1	7480159	7517234	IR	331	.	7498878	0.331	0.893	31	37070	7480159	7480724	7516678	7517234	398148334	7300000	7550000	31	3311	556	35954	spaced
SUPER_1	330537068	330545144	IR	331	.	330540676	0.331	0.937	28	8053	330537068	330537320	330544903	330545144	398148334	330450000	330700000	0	1518	241	7583	spaced
SUPER_1	34228367	34403776	IR	331	.	34315933	0.331	0.838	27	175460	34228367	34228925	34403218	34403799	398148334	34200000	34450000	27	1934	558	174293	wide
SUPER_1	191800796	191839575	IR	331	.	191820672	0.331	0.821	24	38761	191800796	191801639	191838732	191839579	398148334	191750000	192000000	0	1169	843	37093	spaced
SUPER_1	256919214	256925620	IR	331	.	256922449	0.331	0.969	24	6396	256919214	256919406	256925428	256925622	398148334	256750000	257000000	24	2873	192	6022	spaced
SUPER_1	385350687	385356501	IR	331	.	385353594	0.331	0.912	24	5822	385350687	385351002	385356186	385356503	398148334	385150000	385400000	24	3393	315	5184	spaced
SUPER_1	21518029	21524986	IR	331	.	21521520	0.331	0.820	23	7048	21518029	21518449	21524566	21525021	398148334	21300000	21550000	23	3691	420	6117	spaced
SUPER_1	153307043	153318710	IR	331	.	153312645	0.331	0.977	23	11670	153307043	153307215	153318538	153318711	398148334	153200000	153450000	23	1881	172	11323	spaced
SUPER_1	219398716	219398776	IR	331	.	219398733	0.331	0.953	22	173202	219398716	219398757	219398735	219398778	398148334	219300000	219550000	277	1645	41	-22	overlap
SUPER_1	365142232	365224955	IR	331	.	365183781	0.331	0.974	22	82720	365142232	365142423	365224765	365224955	398148334	365000000	365250000	22	3059	190	82342	spaced
SUPER_1	239321450	239325626	IR	331	.	239323076	0.331	0.898	21	4123	239321450	239321917	239325177	239325626	398148334	239300000	239550000	0	392	449	3260	spaced
SUPER_1	243574137	243678606	IR	331	.	243626785	0.331	0.916	21	104425	243574137	243574363	243678391	243678606	398148334	243500000	243750000	0	2106	215	104028	wide
SUPER_1	270929263	270969452	IR	331	.	270949795	0.331	0.985	20	40143	270929263	270929400	270969315	270969452	398148334	270900000	271150000	0	822	137	39915	spaced
SUPER_1	258119074	258150160	IR	330	.	258134639	0.330	0.996	333	31390	258119074	258120639	258148595	258150160	398148334	257950000	258200000	335	3076	1565	27956	spaced
SUPER_1	288806005	288812341	IR	330	.	288808933	0.330	0.988	263	6683	288806005	288807402	288810944	288812345	398148334	288650000	288900000	263	2652	1397	3542	spaced
SUPER_1	127259296	127484835	IR	330	.	127371793	0.330	0.993	227	225508	127259296	127260786	127483345	127484835	398148334	127250000	127500000	0	2034	1490	222559	wide
SUPER_1	258515322	258523285	IR	330	.	258519361	0.330	0.996	198	8158	258515322	258516233	258522378	258523285	398148334	258300000	258550000	198	3654	907	6145	spaced
SUPER_1	384739297	384744118	IR	330	.	384742082	0.330	0.998	173	4791	384739297	384740306	384743110	384744118	398148334	384500000	384750000	0	4028	1008	2804	spaced
SUPER_1	123464871	123474246	IR	330	.	123469130	0.330	0.921	112	9354	123464871	123465651	123473520	123474246	398148334	123250000	123500000	0	3659	726	7869	spaced
SUPER_1	214427852	214444368	IR	330	.	214435895	0.330	0.910	103	16652	214427852	214428768	214443452	214444403	398148334	214200000	214450000	103	3935	916	14684	spaced
SUPER_1	247501528	247570451	IR	330	.	247535561	0.330	0.950	92	68902	247501528	247502582	247569397	247570458	398148334	247350000	247600000	0	3099	1054	66815	spaced
SUPER_1	101449733	101453177	IR	330	.	101450959	0.330	0.973	89	3403	101449733	101450358	101452554	101453177	398148334	101250000	101500000	0	3357	623	2196	spaced
SUPER_1	33878903	33885712	IR	330	.	33882533	0.330	0.947	86	7093	33878903	33879374	33885255	33885712	398148334	33800000	34050000	86	1371	457	5881	spaced
SUPER_1	250897017	250953089	IR	330	.	250925141	0.330	0.877	69	56232	250897017	250897982	250952124	250953149	398148334	250800000	251050000	69	2084	965	54142	spaced
SUPER_1	388849504	388863853	IR	330	.	388856865	0.330	0.933	66	14398	388849504	388850030	388863327	388863858	398148334	388650000	388900000	66	3444	526	13297	spaced
SUPER_1	169529041	169537039	IR	330	.	169533036	0.330	0.972	64	8252	169529041	169529429	169536651	169537042	398148334	169300000	169550000	64	3883	388	7222	spaced
SUPER_1	308263452	308267507	IR	330	.	308265848	0.330	0.958	62	4004	308263452	308263974	308266995	308267507	398148334	308050000	308300000	0	3591	512	3021	spaced
SUPER_1	166895520	166902230	IR	330	.	166898922	0.330	0.975	61	6745	166895520	166895875	166901879	166902230	398148334	166700000	166950000	61	3314	351	6004	spaced
SUPER_1	237534806	237542345	IR	330	.	237538347	0.330	0.871	58	7572	237534806	237535481	237541670	237542345	398148334	237350000	237600000	58	3142	675	6189	spaced
SUPER_1	278552511	278646551	IR	330	.	278599130	0.330	0.706	57	93968	278552511	278552613	278646479	278646551	398148334	278400000	278650000	0	3325	72	93866	spaced
SUPER_1	25577912	25622775	IR	330	.	25600276	0.330	0.913	55	45041	25577912	25578681	25622006	25622808	398148334	25450000	25700000	59	2505	769	43325	spaced
SUPER_1	72327560	72357323	IR	330	.	72342522	0.330	0.868	55	29851	72327560	72328119	72356764	72357370	398148334	72150000	72400000	55	3207	559	28645	spaced
SUPER_1	21230943	21250515	IR	330	.	21240443	0.330	0.938	53	19545	21230943	21231801	21249661	21250515	398148334	21200000	21450000	0	678	854	17860	spaced
SUPER_1	171885935	171928553	IR	330	.	171906773	0.330	0.877	53	42518	171885935	171886905	171927633	171928553	398148334	171800000	172050000	0	1787	920	40728	spaced
SUPER_1	290000354	290003019	IR	330	.	290001769	0.330	0.987	43	2676	290000354	290000591	290002782	290003019	398148334	290000000	290250000	43	27	237	2191	spaced
SUPER_1	200327182	200438085	IR	330	.	200382500	0.330	0.954	39	110920	200327182	200327530	200437738	200438085	398148334	200200000	200450000	39	3043	347	110208	wide
SUPER_1	204416158	204420679	IR	330	.	204418736	0.330	0.674	38	4465	204416158	204416216	204420621	204420707	398148334	204350000	204600000	0	1140	58	4405	spaced
SUPER_1	217003340	217008724	IR	330	.	217006241	0.330	0.897	38	5466	217003340	217004000	217008084	217008724	398148334	217000000	217250000	38	100	640	4084	spaced
SUPER_1	133965793	133968650	IR	330	.	133967306	0.330	0.939	37	2878	133965793	133966285	133968166	133968650	398148334	133850000	134100000	37	1953	484	1881	immediate
SUPER_1	315753265	315941726	IR	330	.	315847656	0.330	0.806	36	188554	315753265	315754413	315940583	315941726	398148334	315750000	316000000	36	1624	1143	186170	wide
SUPER_1	199432512	199556683	IR	330	.	199494972	0.330	0.933	34	124141	199432512	199432880	199556315	199556688	398148334	199400000	199650000	0	1576	368	123435	wide
SUPER_1	72544102	72552381	IR	330	.	72548168	0.330	0.842	32	8489	72544102	72544865	72551618	72552425	398148334	72400000	72650000	32	2470	763	6753	spaced
SUPER_1	112937961	113046389	IR	330	.	112992623	0.330	0.965	32	108408	112937961	112938245	113046109	113046389	398148334	112800000	113050000	0	3202	280	107864	wide
SUPER_1	167503742	167507835	IR	330	.	167505920	0.330	0.993	30	4123	167503742	167503879	167507698	167507835	398148334	167450000	167700000	30	929	137	3819	spaced
SUPER_1	352005049	352174629	IR	330	.	352090028	0.330	0.911	30	169601	352005049	352005717	352173962	352174629	398148334	352000000	352250000	30	1497	667	168245	wide
SUPER_1	76182806	76186397	IR	330	.	76184611	0.330	0.960	29	3541	76182806	76182856	76186349	76186397	398148334	75950000	76200000	280	3909	48	3493	spaced
SUPER_1	34856886	34945955	IR	330	.	34901401	0.330	0.976	27	89061	34856886	34857094	34945747	34945957	398148334	34700000	34950000	27	3356	208	88653	spaced
SUPER_1	153474571	153576753	IR	330	.	153525644	0.330	0.742	26	102272	153474571	153474730	153576594	153576802	398148334	153350000	153600000	26	2927	159	101864	wide
SUPER_1	343193814	343198680	IR	330	.	343196512	0.330	0.959	25	4839	343193814	343194202	343198292	343198680	398148334	343100000	343350000	0	1603	388	4090	spaced
SUPER_1	355923653	356063150	IR	330	.	355993077	0.330	0.915	25	139409	355923653	355923957	356062859	356063150	398148334	355850000	356100000	0	2389	291	138902	wide
SUPER_1	157441216	157443324	IR	330	.	157442137	0.330	0.838	24	2156	157441216	157441485	157443076	157443324	398148334	157400000	157650000	24	704	248	1591	immediate
SUPER_1	309880407	309884880	IR	330	.	309882389	0.330	0.994	23	4451	309880407	309880565	309884722	309884880	398148334	309700000	309950000	0	3043	158	4157	spaced
SUPER_1	47256088	47354869	IR	330	.	47305281	0.330	0.923	22	98731	47256088	47256136	47354821	47354873	398148334	47150000	47400000	243	2591	48	98685	spaced
SUPER_1	157952402	157956609	IR	330	.	157954050	0.330	0.944	22	4039	157952402	157952701	157956310	157956611	398148334	157850000	158100000	0	1741	299	3609	spaced
SUPER_1	143775637	143852279	IR	330	.	143813753	0.330	1.000	21	76670	143775637	143775727	143852189	143852279	398148334	143700000	143950000	21	1899	90	76462	spaced
SUPER_1	146828802	146868388	IR	330	.	146848150	0.330	0.967	21	39562	146828802	146828983	146868207	146868388	398148334	146700000	146950000	0	2476	181	39224	spaced
SUPER_1	258833963	258850140	IR	330	.	258842324	0.330	0.971	20	16160	258833963	258834136	258849968	258850140	398148334	258650000	258900000	0	3200	172	15832	spaced
SUPER_1	249109922	249121071	IR	329	.	249115338	0.329	0.999	858	11999	249109922	249113818	249117175	249121073	398148334	248950000	249200000	914	2758	3896	3357	spaced
SUPER_1	352851020	352877232	IR	329	.	352864015	0.329	0.845	349	28320	352851020	352857247	352871009	352877232	398148334	352800000	353050000	349	1068	6223	13762	spaced
SUPER_1	284661970	284682044	IR	329	.	284672197	0.329	0.928	292	20503	284661970	284664422	284679592	284682111	398148334	284550000	284800000	292	2033	2452	15170	spaced
SUPER_1	51281713	51294262	IR	329	.	51287632	0.329	0.640	225	10352	51281713	51285390	51290585	51294307	398148334	51050000	51300000	0	3966	3677	5195	spaced
SUPER_1	261086649	261089956	IR	329	.	261088766	0.329	0.930	198	3291	261086649	261087834	261088771	261090027	398148334	261050000	261300000	0	638	1185	937	immediate
SUPER_1	264060097	264067932	IR	329	.	264063551	0.329	0.977	196	7817	264060097	264061369	264066660	264067939	398148334	263850000	264100000	0	3566	1272	5291	spaced
SUPER_1	121490983	121507081	IR	329	.	121499322	0.329	0.943	190	16097	121490983	121491994	121506070	121507102	398148334	121350000	121600000	0	2483	1011	14076	spaced
SUPER_1	124433237	124579517	IR	329	.	124506794	0.329	0.965	190	146258	124433237	124435097	124577658	124579517	398148334	124350000	124600000	0	2606	1859	142561	wide
SUPER_1	244273191	244284128	IR	329	.	244278926	0.329	0.997	160	10918	244273191	244274161	244283158	244284128	398148334	244050000	244300000	0	3810	970	8997	spaced
SUPER_1	24365202	24370599	IR	329	.	24368138	0.329	0.953	125	5374	24365202	24366416	24369389	24370599	398148334	24150000	24400000	0	3631	1210	2973	spaced
SUPER_1	368756848	368770840	IR	329	.	368763426	0.329	0.988	112	13961	368756848	368757649	368770039	368770840	398148334	368750000	369000000	0	230	801	12390	spaced
SUPER_1	186484216	186486819	IR	329	.	186485550	0.329	1.000	110	2878	186484216	186484727	186486308	186486819	398148334	186250000	186500000	110	3925	511	1581	immediate
SUPER_1	112614754	112621066	IR	329	.	112617503	0.329	0.984	91	6295	112614754	112615322	112620498	112621070	398148334	112400000	112650000	0	3631	568	5176	spaced
SUPER_1	149288107	149293051	IR	329	.	149290773	0.329	1.000	89	5039	149288107	149288502	149292656	149293051	398148334	149050000	149300000	89	4009	395	4154	spaced
SUPER_1	145735872	145739725	IR	329	.	145737997	0.329	0.971	88	4016	145735872	145736559	145739042	145739725	398148334	145500000	145750000	88	3963	683	2483	spaced
SUPER_1	347871087	347976462	IR	329	.	347924043	0.329	0.917	81	105346	347871087	347871830	347975725	347976462	398148334	347800000	348050000	0	2062	737	103895	wide
SUPER_1	125962745	125967683	IR	329	.	125965348	0.329	0.998	78	5108	125962745	125963169	125967259	125967683	398148334	125750000	126000000	78	3586	424	4090	spaced
SUPER_1	167468731	167472038	IR	329	.	167470833	0.329	0.994	74	3285	167468731	167469211	167471558	167472038	398148334	167450000	167700000	0	339	480	2347	spaced
SUPER_1	217080862	217083691	IR	329	.	217082195	0.329	1.000	74	2881	217080862	217081201	217083352	217083691	398148334	216850000	217100000	74	3871	339	2151	spaced
SUPER_1	378694552	378704362	IR	329	.	378699058	0.329	0.984	67	9782	378694552	378695058	378703856	378704363	398148334	378550000	378800000	0	2490	506	8798	spaced
SUPER_1	363341242	363347559	IR	329	.	363344337	0.329	0.987	65	6357	363341242	363341636	363347165	363347559	398148334	363100000	363350000	65	4073	394	5529	spaced
SUPER_1	149020350	149053083	IR	329	.	149036617	0.329	0.847	64	32924	149020350	149020935	149052498	149053165	398148334	148950000	149200000	64	1445	585	31563	spaced
SUPER_1	335692126	335706710	IR	329	.	335699356	0.329	1.000	61	14605	335692126	335692402	335706434	335706710	398148334	335500000	335750000	61	3323	276	14032	spaced
SUPER_1	178406159	178420807	IR	329	.	178413773	0.329	0.924	52	14614	178406159	178406723	178420264	178420807	398148334	178250000	178500000	0	2724	543	13541	spaced
SUPER_1	139968152	139975661	IR	329	.	139971422	0.329	0.994	50	7485	139968152	139968470	139975343	139975661	398148334	139800000	140050000	0	2864	318	6873	spaced
SUPER_1	243547236	243549321	IR	329	.	243548279	0.329	0.962	49	2110	243547236	243547554	243549003	243549322	398148334	243500000	243750000	49	804	318	1449	immediate
SUPER_1	323506035	323519572	IR	329	.	323512366	0.329	0.918	47	13492	323506035	323506841	323518766	323519595	398148334	323300000	323550000	0	3546	806	11925	spaced
SUPER_1	225849084	225908874	IR	329	.	225879458	0.329	0.940	45	59766	225849084	225849714	225908253	225908874	398148334	225700000	225950000	0	2982	621	58539	spaced
SUPER_1	165749035	165754069	IR	329	.	165751940	0.329	0.385	44	5090	165749035	165749100	165754004	165754145	398148334	165550000	165800000	0	3359	65	4904	spaced
SUPER_1	211903442	211923847	IR	329	.	211913503	0.329	0.991	40	20416	211903442	211903658	211923631	211923847	398148334	211700000	211950000	40	3560	216	19973	spaced
SUPER_1	324217308	324249405	IR	329	.	324233338	0.329	0.812	39	32754	324217308	324218492	324248221	324249466	398148334	324000000	324250000	39	3889	1184	29729	spaced
SUPER_1	157758782	157783534	IR	329	.	157770694	0.329	0.956	38	24733	157758782	157759188	157783128	157783534	398148334	157550000	157800000	0	3685	406	23940	spaced
SUPER_1	159529989	159544431	IR	329	.	159537647	0.329	0.878	38	14412	159529989	159530718	159543725	159544431	398148334	159300000	159550000	0	3953	706	13007	spaced
SUPER_1	27268157	27273752	IR	329	.	27271093	0.329	0.828	36	5603	27268157	27268346	27273579	27273752	398148334	27050000	27300000	36	3682	173	5233	spaced
SUPER_1	134374251	134377231	IR	329	.	134375239	0.329	0.975	35	2927	134374251	134374576	134376907	134377231	398148334	134200000	134450000	0	2928	324	2331	spaced
SUPER_1	93623574	93627268	IR	329	.	93625103	0.329	0.935	34	3673	93623574	93623926	93626925	93627268	398148334	93400000	93650000	0	3756	343	2999	spaced
SUPER_1	311127473	311158711	IR	329	.	311142853	0.329	0.963	33	31246	311127473	311127773	311158413	311158711	398148334	310950000	311200000	33	3218	298	30640	spaced
SUPER_1	19213817	19445193	IR	329	.	19329938	0.329	0.961	30	231324	19213817	19214177	19444834	19445193	398148334	19200000	19450000	0	2158	359	230657	wide
SUPER_1	336966232	337083030	IR	329	.	337025051	0.329	0.387	30	116757	336966232	337020423	337028906	337083030	398148334	336850000	337100000	0	2910	54124	8483	spaced
SUPER_1	356527508	356554831	IR	329	.	356540758	0.329	0.795	30	27304	356527508	356527984	356554355	356554836	398148334	356500000	356750000	0	686	476	26371	spaced
SUPER_1	101314134	101323638	IR	329	.	101318721	0.329	0.960	26	9499	101314134	101314283	101323490	101323638	398148334	101100000	101350000	26	3647	148	9207	spaced
SUPER_1	59010952	59037884	IR	329	.	59024264	0.329	0.758	23	27086	59010952	59013900	59034937	59037884	398148334	58800000	59050000	23	3740	2947	21037	spaced
SUPER_1	86127400	86131574	IR	329	.	86129388	0.329	0.889	23	4205	86127400	86127612	86131373	86131574	398148334	85900000	86150000	79	3824	201	3761	spaced
SUPER_1	229256972	229261501	IR	329	.	229259461	0.329	0.941	23	4579	229256972	229257226	229261247	229261501	398148334	229200000	229450000	23	987	254	4021	spaced
SUPER_1	281708995	281778281	IR	329	.	281743936	0.329	0.950	21	69262	281708995	281709213	281778063	281778282	398148334	281550000	281800000	0	3227	218	68850	spaced
SUPER_1	301922242	301925023	IR	329	.	301923923	0.329	0.946	21	2757	301922242	301922630	301924637	301925023	398148334	301700000	301950000	0	3727	386	2007	spaced
SUPER_1	264443567	264447005	IR	329	.	264444812	0.329	0.897	20	3434	264443567	264444095	264446477	264447019	398148334	264250000	264500000	0	3254	528	2382	spaced
SUPER_1	245646266	245660055	IR	328	.	245653390	0.328	1.000	930	16592	245646266	245646558	245659763	245660055	398148334	245450000	245700000	74	3385	292	13205	spaced
SUPER_1	266799814	266806717	IR	328	.	266803432	0.328	0.994	525	7514	266799814	266802138	266804399	266806717	398148334	266650000	266900000	526	2554	2318	2261	spaced
SUPER_1	302352057	302363307	IR	328	.	302358152	0.328	0.988	247	11212	302352057	302353506	302361858	302363318	398148334	302150000	302400000	0	3461	1449	8352	spaced
SUPER_1	293804918	293855872	IR	328	.	293830815	0.328	0.982	203	50945	293804918	293806220	293854570	293855883	398148334	293650000	293900000	0	3006	1302	48350	spaced
SUPER_1	133386713	133390058	IR	328	.	133388852	0.328	0.997	198	3327	133386713	133387851	133388920	133390058	398148334	133150000	133400000	0	3972	1138	1069	immediate
SUPER_1	66809014	66816641	IR	328	.	66812760	0.328	0.995	189	7832	66809014	66809886	66815770	66816641	398148334	66600000	66850000	189	3546	871	5884	spaced
SUPER_1	252659950	252663471	IR	328	.	252661972	0.328	1.000	173	3497	252659950	252660851	252662570	252663471	398148334	252450000	252700000	0	3528	901	1719	immediate
SUPER_1	232754941	232776261	IR	328	.	232765929	0.328	0.979	124	21258	232754941	232755845	232775357	232776262	398148334	232750000	233000000	0	259	904	19512	spaced
SUPER_1	252738043	252835545	IR	328	.	252786323	0.328	0.985	124	97483	252738043	252739000	252834588	252835545	398148334	252600000	252850000	0	3113	957	95588	spaced
SUPER_1	190368044	190370783	IR	328	.	190369116	0.328	0.940	119	2721	190368044	190368929	190369938	190370783	398148334	190350000	190600000	0	323	845	1009	immediate
SUPER_1	119926420	119966628	IR	328	.	119946616	0.328	0.865	116	40653	119926420	119928818	119964327	119966628	398148334	119750000	120000000	116	3275	2301	35509	spaced
SUPER_1	147932299	147937262	IR	328	.	147934870	0.328	0.996	105	5125	147932299	147932830	147936731	147937262	398148334	147700000	147950000	105	3912	531	3901	spaced
SUPER_1	227112342	227126955	IR	328	.	227119201	0.328	0.998	99	14589	227112342	227112921	227126376	227126955	398148334	226900000	227150000	0	3660	579	13455	spaced
SUPER_1	300597781	300600509	IR	328	.	300599145	0.328	1.000	89	2822	300597781	300598208	300600082	300600509	398148334	300400000	300650000	89	3318	427	1874	immediate
SUPER_1	92819905	92826080	IR	328	.	92822488	0.328	0.988	88	6154	92819905	92820582	92825403	92826080	398148334	92600000	92850000	0	3716	677	4821	spaced
SUPER_1	117032947	117074921	IR	328	.	117053581	0.328	0.957	85	41943	117032947	117033849	117074019	117074921	398148334	116850000	117100000	0	3398	902	40170	spaced
SUPER_1	301805663	301807682	IR	328	.	301806651	0.328	0.989	85	2238	301805663	301806119	301807226	301807682	398148334	301650000	301900000	85	2611	456	1107	immediate
SUPER_1	295980971	295988771	IR	328	.	295984564	0.328	0.965	84	7778	295980971	295981904	295987838	295988771	398148334	295750000	296000000	0	3914	933	5934	spaced
SUPER_1	145044206	145161646	IR	328	.	145103384	0.328	0.901	78	117471	145044206	145045870	145159982	145161698	398148334	145000000	145250000	0	1715	1664	114112	wide
SUPER_1	9145581	9159957	IR	328	.	9152663	0.328	0.981	72	14416	9145581	9145995	9159543	9159958	398148334	8950000	9200000	72	3379	414	13548	spaced
SUPER_1	133472365	133496148	IR	328	.	133483803	0.328	0.883	72	23832	133472365	133473033	133495480	133496216	398148334	133400000	133650000	0	1404	668	22447	spaced
SUPER_1	55811939	55876186	IR	328	.	55843696	0.328	0.404	71	64229	55811939	55841490	55846708	55876186	398148334	55800000	56050000	0	734	29478	5218	spaced
SUPER_1	196496316	196500106	IR	328	.	196498646	0.328	0.991	71	3764	196496316	196496774	196499648	196500108	398148334	196450000	196700000	0	803	458	2874	spaced
SUPER_1	199290129	199293081	IR	328	.	199291711	0.328	0.986	71	3004	199290129	199290567	199292643	199293083	398148334	199050000	199300000	71	4026	438	2076	spaced
SUPER_1	130103477	130138325	IR	328	.	130120838	0.328	0.943	69	34898	130103477	130104107	130137711	130138325	398148334	129900000	130150000	70	3681	614	33604	spaced
SUPER_1	286785039	286799370	IR	328	.	286792098	0.328	0.980	69	14392	286785039	286785430	286798979	286799371	398148334	286550000	286800000	69	4036	391	13549	spaced
SUPER_1	193043401	193045387	IR	328	.	193044394	0.328	0.992	65	2313	193043401	193043773	193045016	193045387	398148334	192800000	193050000	65	4073	371	1243	immediate
SUPER_1	366419373	366457324	IR	328	.	366437864	0.328	0.776	65	37865	366419373	366421754	366455032	366457324	398148334	366250000	366500000	0	3139	2292	33278	spaced
SUPER_1	262852497	262860011	IR	328	.	262856644	0.328	0.974	63	7493	262852497	262853002	262859511	262860011	398148334	262650000	262900000	0	3437	500	6509	spaced
SUPER_1	302430980	302496623	IR	328	.	302463605	0.328	0.707	61	65593	302430980	302431062	302496565	302496623	398148334	302350000	302600000	1532	1896	58	65503	spaced
SUPER_1	320739350	320887845	IR	328	.	320813885	0.328	0.937	61	148469	320739350	320740145	320887050	320887849	398148334	320650000	320900000	0	2726	795	146905	wide
SUPER_1	191321083	191335668	IR	328	.	191328326	0.328	0.996	58	14606	191321083	191321359	191335392	191335668	398148334	191100000	191350000	58	3806	276	14033	spaced
SUPER_1	306547300	306554113	IR	328	.	306550767	0.328	0.886	53	6887	306547300	306547634	306553779	306554149	398148334	306400000	306650000	53	2511	334	6145	spaced
SUPER_1	51964881	51987778	IR	328	.	51976445	0.328	0.854	52	23022	51964881	51965747	51986964	51987778	398148334	51850000	52100000	52	2105	814	21217	spaced
SUPER_1	387961480	387964975	IR	328	.	387963185	0.328	1.000	51	3538	387961480	387961704	387964751	387964975	398148334	387750000	388000000	51	3553	224	3047	spaced
SUPER_1	215372432	215391844	IR	328	.	215382313	0.328	0.861	49	19515	215372432	215372870	215391406	215391863	398148334	215150000	215400000	49	3868	438	18536	spaced
SUPER_1	38370083	38397845	IR	328	.	38384368	0.328	0.924	41	27748	38370083	38370532	38397396	38397855	398148334	38150000	38400000	0	3899	449	26864	spaced
SUPER_1	161017970	161089466	IR	328	.	161053373	0.328	0.936	41	71473	161017970	161018635	161088803	161089466	398148334	161000000	161250000	0	895	663	70168	spaced
SUPER_1	391979584	392000643	IR	328	.	391990324	0.328	0.758	41	21005	391979584	391979634	392000593	392000659	398148334	391800000	392050000	795	3168	50	20959	spaced
SUPER_1	130741100	130743174	IR	328	.	130742351	0.328	1.000	40	2837	130741100	130741140	130743134	130743174	398148334	130600000	130850000	5	2368	40	1994	immediate
SUPER_1	151383095	151387482	IR	328	.	151384872	0.328	0.974	36	4368	151383095	151383366	151387212	151387482	398148334	151150000	151400000	0	3921	270	3846	spaced
SUPER_1	267915539	267918700	IR	328	.	267916959	0.328	0.950	36	3159	267915539	267915876	267918363	267918703	398148334	267700000	267950000	36	3618	337	2487	spaced
SUPER_1	305501497	305542281	IR	328	.	305521813	0.328	0.820	35	40779	305501497	305502467	305541359	305542281	398148334	305400000	305650000	35	2031	922	38892	spaced
SUPER_1	123644433	123646991	IR	328	.	123645712	0.328	0.941	34	2581	123644433	123644799	123646625	123646999	398148334	123600000	123850000	34	761	366	1826	immediate
SUPER_1	140997219	141179941	IR	328	.	141088956	0.328	0.849	34	182698	140997219	140997775	141179439	141179941	398148334	140950000	141200000	0	2309	502	181664	wide
SUPER_1	120814304	120819680	IR	328	.	120816496	0.328	0.543	33	5330	120814304	120814388	120819634	120819680	398148334	120600000	120850000	0	3616	46	5246	spaced
SUPER_1	177372302	177514324	IR	328	.	177443358	0.328	0.978	33	142039	177372302	177372581	177514045	177514324	398148334	177350000	177600000	35	1555	279	141464	wide
SUPER_1	101370287	101449110	IR	328	.	101409361	0.328	0.906	31	78791	101370287	101370857	101448540	101449110	398148334	101300000	101550000	0	1828	570	77683	spaced
SUPER_1	369909858	369939200	IR	328	.	369924909	0.328	0.545	30	29308	369909858	369909938	369939156	369939200	398148334	369700000	369950000	0	3742	44	29218	spaced
SUPER_1	56486867	56548802	IR	328	.	56517773	0.328	0.956	29	61932	56486867	56487208	56548461	56548802	398148334	56300000	56550000	29	3630	341	61253	spaced
SUPER_1	236919653	236921748	IR	328	.	236920230	0.328	0.982	29	2077	236919653	236919924	236921477	236921748	398148334	236800000	237050000	0	2011	271	1553	immediate
SUPER_1	123225276	123228938	IR	328	.	123227230	0.328	1.000	25	3651	123225276	123225418	123228796	123228938	398148334	123000000	123250000	25	3784	142	3378	spaced
SUPER_1	154406716	154409539	IR	328	.	154408354	0.328	0.914	25	2911	154406716	154406901	154409354	154409539	398148334	154300000	154550000	3	1801	185	2453	spaced
SUPER_1	99885524	100021079	IR	328	.	99953516	0.328	0.395	23	135548	99885524	99934616	99972027	100021079	398148334	99850000	100100000	23	1721	49052	37411	spaced
SUPER_1	27360705	27389756	IR	328	.	27375259	0.328	0.904	21	29078	27360705	27360955	27389521	27389756	398148334	27150000	27400000	21	3753	235	28566	spaced
SUPER_1	363615219	363618722	IR	328	.	363616525	0.328	0.777	20	3517	363615219	363615327	363618614	363618753	398148334	363400000	363650000	0	3616	108	3287	spaced
SUPER_1	219029823	219059036	IR	327	.	219044148	0.327	0.985	784	29197	219029823	219038473	219050386	219059037	398148334	218850000	219100000	0	3240	8650	11913	spaced
SUPER_1	193382869	193396081	IR	327	.	193389366	0.327	0.988	755	14072	193382869	193386415	193392568	193396081	398148334	193150000	193400000	756	3991	3513	6153	spaced
SUPER_1	375454419	375470676	IR	327	.	375462115	0.327	0.999	648	16228	375454419	375458105	375466990	375470676	398148334	375250000	375500000	0	3542	3686	8885	spaced
SUPER_1	287522614	287535800	IR	327	.	287528779	0.327	0.998	520	13154	287522614	287525634	287532784	287535800	398148334	287400000	287650000	0	2153	3016	7150	spaced
SUPER_1	32236583	32249987	IR	327	.	32243026	0.327	0.978	421	13387	32236583	32240233	32246360	32249987	398148334	32000000	32250000	0	4054	3627	6127	spaced
SUPER_1	322976278	322984170	IR	327	.	322980355	0.327	0.979	302	8516	322976278	322977898	322982550	322984170	398148334	322750000	323000000	302	3836	1620	4652	spaced
SUPER_1	221112368	221117926	IR	327	.	221114678	0.327	0.998	289	5535	221112368	221113995	221116300	221117926	398148334	221000000	221250000	0	1918	1626	2305	spaced
SUPER_1	232788259	232798868	IR	327	.	232793869	0.327	0.985	273	10604	232788259	232789922	232797205	232798882	398148334	232550000	232800000	0	4059	1663	7283	spaced
SUPER_1	195569683	195572822	IR	327	.	195571050	0.327	0.998	246	3389	195569683	195570832	195571674	195572822	398148334	195350000	195600000	246	3687	1148	842	immediate
SUPER_1	193751628	193768559	IR	327	.	193759934	0.327	0.984	220	17404	193751628	193752973	193767214	193768559	398148334	193550000	193800000	220	3501	1345	14241	spaced
SUPER_1	351778146	351787729	IR	327	.	351783053	0.327	0.889	216	10073	351778146	351780802	351785073	351787751	398148334	351650000	351900000	216	2215	2656	4271	spaced
SUPER_1	269567146	269576770	IR	327	.	269571562	0.327	0.999	149	9594	269567146	269567999	269575917	269576770	398148334	269350000	269600000	0	3699	853	7918	spaced
SUPER_1	294535596	294543034	IR	327	.	294539612	0.327	0.935	139	7419	294535596	294537527	294541110	294543034	398148334	294300000	294550000	0	3988	1924	3583	spaced
SUPER_1	377767604	377772877	IR	327	.	377770660	0.327	0.961	112	5248	377767604	377768533	377771956	377772877	398148334	377550000	377800000	0	3670	921	3423	spaced
SUPER_1	35081222	35122827	IR	327	.	35101649	0.327	0.904	99	41523	35081222	35082253	35121871	35122827	398148334	35000000	35250000	0	1700	956	39618	spaced
SUPER_1	164567930	164582543	IR	327	.	164574750	0.327	0.997	96	14589	164567930	164568509	164581964	164582543	398148334	164350000	164600000	0	3753	579	13455	spaced
SUPER_1	158725812	158769159	IR	327	.	158747317	0.327	0.915	87	43485	158725812	158726397	158768616	158769159	398148334	158550000	158800000	87	3291	543	42219	spaced
SUPER_1	324663966	324669680	IR	327	.	324666364	0.327	0.986	80	5689	324663966	324664543	324669103	324669680	398148334	324450000	324700000	0	3613	577	4560	spaced
SUPER_1	115438221	115522364	IR	327	.	115480434	0.327	0.973	79	84315	115438221	115438783	115521802	115522367	398148334	115300000	115550000	79	3004	562	83019	spaced
SUPER_1	208714808	208831036	IR	327	.	208773025	0.327	0.401	79	116336	208714808	208754055	208791789	208831060	398148334	208650000	208900000	79	2048	39247	37734	spaced
SUPER_1	358004519	358012425	IR	327	.	358008899	0.327	0.894	79	7881	358004519	358005877	358011067	358012449	398148334	357800000	358050000	0	3474	1358	5190	spaced
SUPER_1	90139369	90143799	IR	327	.	90141337	0.327	0.978	70	4569	90139369	90139780	90143388	90143802	398148334	89900000	90150000	70	4026	411	3608	spaced
SUPER_1	370631310	370680781	IR	327	.	370655984	0.327	0.940	69	49708	370631310	370632042	370680059	370680781	398148334	370500000	370750000	69	2600	722	48017	spaced
SUPER_1	388664166	388848611	IR	327	.	388756103	0.327	0.943	69	184424	388664166	388665059	388847720	388848611	398148334	388600000	388850000	0	2606	891	182661	wide
SUPER_1	50127822	50249204	IR	327	.	50188266	0.327	0.963	67	121468	50127822	50128226	50248800	50249205	398148334	50000000	50250000	43	3141	404	120574	wide
SUPER_1	343755411	343764496	IR	327	.	343759807	0.327	0.715	63	9185	343755411	343755975	343763933	343764496	398148334	343600000	343850000	64	2665	563	7958	spaced
SUPER_1	247424129	247438709	IR	327	.	247431266	0.327	1.000	61	14601	247424129	247424405	247438433	247438709	398148334	247200000	247450000	61	3856	276	14028	spaced
SUPER_1	205866843	205881299	IR	327	.	205874088	0.327	1.000	60	14477	205866843	205867113	205881029	205881299	398148334	205700000	205950000	60	2901	270	13916	spaced
SUPER_1	94680627	94688712	IR	327	.	94684971	0.327	0.990	59	8065	94680627	94681027	94688314	94688712	398148334	94450000	94700000	0	3911	398	7287	spaced
SUPER_1	113853381	113867723	IR	327	.	113860385	0.327	0.996	58	14363	113853381	113853657	113867447	113867723	398148334	113650000	113900000	58	3509	276	13790	spaced
SUPER_1	230640940	230655294	IR	327	.	230647943	0.327	0.958	56	14371	230640940	230641220	230655014	230655297	398148334	230450000	230700000	56	3301	280	13794	spaced
SUPER_1	53455437	53469717	IR	327	.	53462410	0.327	1.000	55	14346	53455437	53455681	53469473	53469717	398148334	53250000	53500000	55	3542	244	13792	spaced
SUPER_1	389635693	389644189	IR	327	.	389640084	0.327	0.913	55	8553	389635693	389636256	389643626	389644206	398148334	389450000	389700000	55	3165	563	7370	spaced
SUPER_1	145984951	145992109	IR	327	.	145988162	0.327	0.985	50	7138	145984951	145985284	145991776	145992112	398148334	145850000	146100000	0	2308	333	6492	spaced
SUPER_1	194821946	194945592	IR	327	.	194883347	0.327	0.975	49	123616	194821946	194822391	194945147	194945592	398148334	194700000	194950000	0	3062	445	122756	wide
SUPER_1	220063883	220077917	IR	327	.	220070848	0.327	0.948	49	14122	220063883	220064304	220077496	220077921	398148334	219900000	220150000	58	2848	421	13192	spaced
SUPER_1	322364023	322367307	IR	327	.	322365306	0.327	0.996	49	3264	322364023	322364305	322367025	322367307	398148334	322150000	322400000	0	3594	282	2720	spaced
SUPER_1	359177949	359181225	IR	327	.	359179940	0.327	1.000	49	3251	359177949	359178237	359180937	359181225	398148334	358950000	359200000	0	3826	288	2700	spaced
SUPER_1	178728363	178786916	IR	327	.	178758063	0.327	0.946	48	58498	178728363	178728939	178786340	178786923	398148334	178550000	178800000	0	3460	576	57401	spaced
SUPER_1	181575412	181580219	IR	327	.	181578301	0.327	0.700	47	4787	181575412	181576134	181579537	181580219	398148334	181550000	181800000	0	463	682	3403	spaced
SUPER_1	53419429	53431913	IR	327	.	53425568	0.327	0.987	44	12535	53419429	53419727	53431617	53431913	398148334	53200000	53450000	44	3761	296	11890	spaced
SUPER_1	36387349	36402647	IR	327	.	36394502	0.327	0.920	43	15276	36387349	36387845	36402162	36402647	398148334	36200000	36450000	0	3249	485	14317	spaced
SUPER_1	50467327	50591308	IR	327	.	50529438	0.327	0.965	42	123997	50467327	50467557	50591083	50591308	398148334	50350000	50600000	42	2988	225	123526	wide
SUPER_1	16883897	16889292	IR	327	.	16887069	0.327	0.984	40	5363	16883897	16884154	16889035	16889292	398148334	16650000	16900000	0	3943	257	4881	spaced
SUPER_1	15190954	15345196	IR	327	.	15267601	0.327	0.963	39	154219	15190954	15191432	15344718	15345199	398148334	15100000	15350000	0	2801	478	153286	wide
SUPER_1	263408733	263411754	IR	327	.	263409817	0.327	0.941	35	2992	263408733	263409155	263411334	263411754	398148334	263300000	263550000	0	1837	420	2179	spaced
SUPER_1	30124892	30135342	IR	327	.	30130142	0.327	0.968	33	10494	30124892	30125166	30135068	30135346	398148334	29900000	30150000	33	3835	274	9902	spaced
SUPER_1	272722444	272784301	IR	327	.	272753007	0.327	0.938	33	61835	272722444	272722890	272783863	272784301	398148334	272550000	272800000	0	3389	438	60973	spaced
SUPER_1	312113906	312116178	IR	327	.	312114766	0.327	0.763	33	2088	312113906	312114324	312115851	312116178	398148334	312000000	312250000	0	1917	327	1527	immediate
SUPER_1	267879577	267882931	IR	327	.	267881647	0.327	0.816	31	3374	267879577	267880160	267882348	267883007	398148334	267650000	267900000	0	3854	583	2188	spaced
SUPER_1	310370027	310498060	IR	327	.	310434503	0.327	0.980	31	128012	310370027	310370225	310497864	310498060	398148334	310250000	310500000	0	3067	196	127639	wide
SUPER_1	43184574	43249323	IR	327	.	43216884	0.327	0.963	27	64773	43184574	43184761	43249136	43249324	398148334	43000000	43250000	27	3615	187	64375	spaced
SUPER_1	122720398	122746979	IR	327	.	122733688	0.327	0.396	27	26657	122720398	122733634	122733743	122746980	398148334	122650000	122900000	29	1394	13236	109	immediate
SUPER_1	35930493	35936389	IR	327	.	35933497	0.327	0.764	25	5887	35930493	35930747	35936193	35936389	398148334	35750000	36000000	25	3057	196	5446	spaced
SUPER_1	265484644	265512239	IR	327	.	265498420	0.327	0.836	24	27644	265484644	265484873	265512010	265512277	398148334	265300000	265550000	24	3307	229	27137	spaced
SUPER_1	90225379	90276649	IR	327	.	90250595	0.327	0.891	23	51250	90225379	90225761	90276279	90276649	398148334	90050000	90300000	0	3350	370	50518	spaced
SUPER_1	302078038	302240897	IR	327	.	302159404	0.327	0.939	23	162849	302078038	302078299	302240636	302240897	398148334	302000000	302250000	23	2657	261	162337	wide
SUPER_1	221226260	221229684	IR	327	.	221227573	0.327	0.980	21	3403	221226260	221226464	221229480	221229684	398148334	221200000	221450000	0	466	204	3016	spaced
SUPER_1	326848907	326852309	IR	327	.	326850320	0.327	0.951	21	3325	326848907	326849257	326851962	326852309	398148334	326750000	327000000	0	1676	347	2705	spaced
SUPER_1	158499484	158526447	IR	327	.	158513040	0.327	0.904	20	26964	158499484	158499765	158526166	158526447	398148334	158350000	158600000	20	2715	281	26401	spaced
SUPER_1	221922208	221929056	IR	326	.	221925304	0.326	0.991	322	6827	221922208	221924114	221927150	221929067	398148334	221700000	221950000	0	3760	1906	3036	spaced
SUPER_1	123619226	123641889	IR	326	.	123630959	0.326	0.999	308	22635	123619226	123620976	123640139	123641889	398148334	123500000	123750000	0	2175	1750	19163	spaced
SUPER_1	151116163	151137763	IR	326	.	151127436	0.326	0.936	292	21581	151116163	151119012	151134991	151137763	398148334	150950000	151200000	0	2949	2772	15979	spaced
SUPER_1	247698344	247708930	IR	326	.	247703977	0.326	0.986	273	10575	247698344	247700003	247707271	247708938	398148334	247500000	247750000	0	3393	1659	7268	spaced
SUPER_1	386240069	386252769	IR	326	.	386246750	0.326	0.991	273	12681	386240069	386241763	386251076	386252769	398148334	386050000	386300000	0	3273	1693	9313	spaced
SUPER_1	138055998	138114689	IR	326	.	138085175	0.326	0.980	256	59040	138055998	138057242	138113445	138114701	398148334	137900000	138150000	256	3088	1244	56203	spaced
SUPER_1	98056494	98060974	IR	326	.	98059201	0.326	0.967	204	4459	98056494	98057855	98059624	98060974	398148334	97850000	98100000	0	3478	1350	1769	immediate
SUPER_1	170818110	170826198	IR	326	.	170822046	0.326	1.000	197	8263	170818110	170819018	170825290	170826198	398148334	170600000	170850000	197	3702	908	6272	spaced
SUPER_1	276579237	276589390	IR	326	.	276583943	0.326	0.791	192	10218	276579237	276581910	276586717	276589480	398148334	276500000	276750000	0	1405	2673	4807	spaced
SUPER_1	201780134	201788049	IR	326	.	201783631	0.326	0.946	177	7942	201780134	201781368	201786815	201788094	398148334	201550000	201800000	0	3901	1234	5447	spaced
SUPER_1	198504231	198530225	IR	326	.	198517546	0.326	0.993	164	25974	198504231	198505270	198529186	198530225	398148334	198450000	198700000	0	1120	1039	23916	spaced
SUPER_1	284025074	284027792	IR	326	.	284026522	0.326	0.997	159	2849	284025074	284025845	284027022	284027792	398148334	283800000	284050000	159	3773	770	1177	immediate
SUPER_1	160283837	160297045	IR	326	.	160290037	0.326	0.746	130	13179	160283837	160285376	160295586	160297045	398148334	160050000	160300000	0	4007	1459	10210	spaced
SUPER_1	61549319	61566439	IR	326	.	61558327	0.326	0.990	129	17096	61549319	61550107	61565651	61566443	398148334	61350000	61600000	0	3464	788	15544	spaced
SUPER_1	241218604	241221279	IR	326	.	241220278	0.326	0.991	119	2647	241218604	241219403	241220482	241221279	398148334	241050000	241300000	0	2832	797	1079	immediate
SUPER_1	135957862	135964012	IR	326	.	135961417	0.326	0.978	110	6121	135957862	135958645	135963230	135964012	398148334	135750000	136000000	0	3515	782	4585	spaced
SUPER_1	122217121	122222323	IR	326	.	122220176	0.326	0.999	109	5174	122217121	122217799	122221645	122222323	398148334	122100000	122350000	0	1995	678	3846	spaced
SUPER_1	296596650	296600832	IR	326	.	296598814	0.326	0.965	97	4272	296596650	296597343	296600146	296600832	398148334	296400000	296650000	97	3312	686	2803	spaced
SUPER_1	31839353	31844572	IR	326	.	31842371	0.326	0.993	94	5191	31839353	31840025	31843901	31844572	398148334	31750000	32000000	0	1532	671	3876	spaced
SUPER_1	316770533	316776685	IR	326	.	316773136	0.326	0.979	89	6123	316770533	316771274	316775944	316776690	398148334	316550000	316800000	0	3726	741	4670	spaced
SUPER_1	351630523	351689083	IR	326	.	351659943	0.326	0.914	81	58972	351630523	351631639	351687983	351689083	398148334	351600000	351850000	81	996	1100	56344	spaced
SUPER_1	188418112	188468135	IR	326	.	188443323	0.326	0.934	79	50777	188418112	188419042	188467205	188468135	398148334	188250000	188500000	79	3218	930	48163	spaced
SUPER_1	147810568	147816764	IR	326	.	147813976	0.326	0.957	75	6164	147810568	147811080	147816268	147816764	398148334	147650000	147900000	0	2727	496	5188	spaced
SUPER_1	296660845	296680058	IR	326	.	296670771	0.326	0.901	75	19186	296660845	296661683	296679230	296680058	398148334	296500000	296750000	0	2840	828	17547	spaced
SUPER_1	151779602	151781899	IR	326	.	151780690	0.326	0.961	69	2433	151779602	151780140	151781365	151781899	398148334	151550000	151800000	69	3845	534	1225	immediate
SUPER_1	132132075	132138717	IR	326	.	132134931	0.326	0.954	65	6619	132132075	132132571	132138239	132138717	398148334	131900000	132150000	0	3923	478	5668	spaced
SUPER_1	312171057	312294674	IR	326	.	312232897	0.326	0.482	61	123571	312171057	312171113	312294618	312294728	398148334	312100000	312350000	1535	2214	56	123505	wide
SUPER_1	78571723	78573796	IR	326	.	78572801	0.326	0.991	60	2143	78571723	78572068	78573451	78573796	398148334	78500000	78750000	60	1212	345	1383	immediate
SUPER_1	130975487	130993460	IR	326	.	130984264	0.326	0.939	59	18033	130975487	130976053	130992894	130993465	398148334	130750000	131000000	59	3907	566	16841	spaced
SUPER_1	4264692	4264766	IR	326	.	4264769	0.326	0.964	57	108401	4264692	4264745	4264713	4264768	398148334	4100000	4350000	788	2745	53	-32	overlap
SUPER_1	4264690	4264761	IR	326	.	4264769	0.326	0.881	57	108401	4264690	4264742	4264709	4264768	398148334	4200000	4450000	805	1078	52	-33	overlap
SUPER_1	278735755	278738561	IR	326	.	278736797	0.326	0.976	56	2781	278735755	278736093	278738231	278738561	398148334	278600000	278850000	0	2285	330	2138	spaced
SUPER_1	281809674	281817797	IR	326	.	281814233	0.326	0.904	54	8123	281809674	281810510	281816961	281817817	398148334	281600000	281850000	0	3562	836	6451	spaced
SUPER_1	4264696	4264772	IR	326	.	4264769	0.326	0.811	53	108401	4264696	4264749	4264729	4264772	398148334	4150000	4400000	403	1912	43	-20	overlap
SUPER_1	204067495	204102970	IR	326	.	204085176	0.326	0.923	50	35633	204067495	204068144	204102321	204102983	398148334	203900000	204150000	50	3087	649	34177	spaced
SUPER_1	207284155	207343338	IR	326	.	207314041	0.326	0.981	50	59157	207284155	207284515	207342981	207343338	398148334	207100000	207350000	0	3562	357	58466	spaced
SUPER_1	46212100	46229678	IR	326	.	46220528	0.326	0.024	49	17546	46212100	46212162	46229616	46229795	398148334	46200000	46450000	0	348	62	17454	spaced
SUPER_1	243224907	243272879	IR	326	.	243249137	0.326	0.942	44	47939	243224907	243225644	243272143	243272879	398148334	243150000	243400000	0	1648	736	46499	spaced
SUPER_1	144482542	144486227	IR	326	.	144484642	0.326	0.996	43	3667	144482542	144482792	144485977	144486227	398148334	144350000	144600000	0	2239	250	3185	spaced
SUPER_1	386883766	386885909	IR	326	.	386884768	0.326	0.975	43	2154	386883766	386884120	386885555	386885909	398148334	386650000	386900000	43	3913	354	1435	immediate
SUPER_1	178233704	178275291	IR	326	.	178254298	0.326	0.954	42	41612	178233704	178234032	178274969	178275291	398148334	178150000	178400000	42	1741	322	40937	spaced
SUPER_1	187729875	187733479	IR	326	.	187731889	0.326	0.983	42	3628	187729875	187730104	187733254	187733479	398148334	187500000	187750000	42	3861	225	3150	spaced
SUPER_1	226327184	226533572	IR	326	.	226430338	0.326	0.922	42	206657	226327184	226327773	226532985	226533572	398148334	226300000	226550000	42	2172	587	205212	wide
SUPER_1	190722298	190728595	IR	326	.	190725055	0.326	0.970	41	6277	190722298	190722695	190728199	190728595	398148334	190600000	190850000	0	2090	396	5504	spaced
SUPER_1	172150274	172152946	IR	326	.	172151729	0.326	0.931	39	2712	172150274	172150597	172152623	172152956	398148334	172050000	172300000	39	1693	323	2026	spaced
SUPER_1	262145970	262148669	IR	326	.	262147334	0.326	0.826	39	2844	262145970	262146617	262148051	262148669	398148334	262000000	262250000	39	2455	618	1434	immediate
SUPER_1	138883071	138900902	IR	326	.	138891773	0.326	0.900	37	17773	138883071	138883125	138900848	138900908	398148334	138700000	138950000	645	3199	54	17723	spaced
SUPER_1	357148287	357237215	IR	326	.	357192412	0.326	0.851	37	88904	357148287	357148995	357236522	357237215	398148334	357000000	357250000	0	3212	693	87527	spaced
SUPER_1	169743979	169748954	IR	326	.	169746733	0.326	0.959	35	4954	169743979	169744389	169748544	169748954	398148334	169500000	169750000	0	4107	410	4155	spaced
SUPER_1	4264690	4264742	IR	326	.	4264769	0.326	0.776	30	54067	4264690	4264728	4264704	4264753	398148334	4150000	4400000	430	1911	38	-24	overlap
SUPER_1	353979943	354018924	IR	326	.	353998962	0.326	0.608	30	37249	353979943	353981822	354017047	354018924	398148334	353800000	354050000	0	3323	1877	35225	spaced
SUPER_1	117452776	117455778	IR	326	.	117453862	0.326	0.953	29	2984	117452776	117453107	117455447	117455783	398148334	117250000	117500000	0	3404	331	2340	spaced
SUPER_1	147376486	147379843	IR	326	.	147378498	0.326	0.850	25	3360	147376486	147377068	147379261	147379867	398148334	147300000	147550000	0	1302	582	2193	spaced
SUPER_1	292642617	292674611	IR	326	.	292658385	0.326	0.921	23	31991	292642617	292642909	292674319	292674621	398148334	292550000	292800000	23	1810	292	31410	spaced
SUPER_1	322803830	322836136	IR	326	.	322819504	0.326	0.734	21	32181	322803830	322806587	322833379	322836142	398148334	322600000	322850000	0	3666	2757	26792	spaced
SUPER_1	212354210	212372296	IR	325	.	212363433	0.325	0.995	1563	19984	212354210	212361503	212365003	212372296	398148334	212150000	212400000	1563	3554	7293	3500	spaced
SUPER_1	104524002	104546359	IR	325	.	104534801	0.325	0.813	795	22419	104524002	104531192	104539169	104546439	398148334	104350000	104600000	0	3086	7190	7977	spaced
SUPER_1	225517817	225531098	IR	325	.	225524296	0.325	0.923	683	14180	225517817	225521349	225527566	225531098	398148334	225400000	225650000	683	2074	3532	6217	spaced
SUPER_1	335091859	335106761	IR	325	.	335098808	0.325	0.968	435	14884	335091859	335096677	335101945	335106761	398148334	334900000	335150000	0	3321	4816	5268	spaced
SUPER_1	71105783	71112142	IR	325	.	71109279	0.325	0.998	345	6335	71105783	71107700	71110226	71112142	398148334	70900000	71150000	0	3482	1916	2526	spaced
SUPER_1	308780716	308787110	IR	325	.	308783495	0.325	0.962	274	6406	308780716	308782519	308785307	308787146	398148334	308550000	308800000	0	3898	1803	2788	spaced
SUPER_1	82813642	82822005	IR	325	.	82817408	0.325	0.934	186	8211	82813642	82814889	82820758	82822014	398148334	82600000	82850000	0	3630	1247	5869	spaced
SUPER_1	276613553	276625689	IR	325	.	276619160	0.325	0.914	168	12114	276613553	276616069	276623181	276625689	398148334	276600000	276850000	0	326	2508	7112	spaced
SUPER_1	363907254	363957472	IR	325	.	363931946	0.325	0.949	165	50224	363907254	363908775	363955951	363957504	398148334	363750000	364000000	0	3039	1521	47176	spaced
SUPER_1	286189141	286195280	IR	325	.	286192584	0.325	0.915	162	6201	286189141	286190197	286194224	286195362	398148334	286050000	286300000	0	2370	1056	4027	spaced
SUPER_1	32894434	32903629	IR	325	.	32899057	0.325	0.887	116	9264	32894434	32895985	32902104	32903629	398148334	32750000	33000000	116	2483	1525	6119	spaced
SUPER_1	137861908	137953791	IR	325	.	137907399	0.325	0.606	98	91863	137861908	137863890	137951834	137953791	398148334	137800000	138050000	0	1797	1957	87944	spaced
SUPER_1	221129466	221138105	IR	325	.	221133389	0.325	1.000	85	8618	221129466	221129930	221137641	221138105	398148334	221100000	221350000	0	562	464	7711	spaced
SUPER_1	340459195	340469294	IR	325	.	340464339	0.325	1.000	84	96561	340459195	340459605	340468884	340469294	398148334	340300000	340550000	84	2737	410	9279	spaced
SUPER_1	49189821	49196183	IR	325	.	49193313	0.325	0.998	82	6338	49189821	49190286	49195718	49196184	398148334	48950000	49200000	0	4049	465	5432	spaced
SUPER_1	161152502	161170638	IR	325	.	161161817	0.325	0.917	76	18104	161152502	161153476	161169668	161170638	398148334	160950000	161200000	0	3526	970	16192	spaced
SUPER_1	389129634	389225049	IR	325	.	389177167	0.325	0.944	75	95491	389129634	389130332	389224351	389225058	398148334	389000000	389250000	75	2955	698	94019	spaced
SUPER_1	307962554	307971389	IR	325	.	307967335	0.325	0.411	73	8804	307962554	307966969	307966974	307971468	398148334	307750000	308000000	0	3616	4415	5	immediate
SUPER_1	136863405	136937857	IR	325	.	136900783	0.325	0.923	63	74554	136863405	136863910	136937352	136937885	398148334	136700000	136950000	63	3343	505	73442	spaced
SUPER_1	159703720	159717141	IR	325	.	159710385	0.325	0.793	61	13477	159703720	159704270	159716693	159717141	398148334	159500000	159750000	75	3507	448	12423	spaced
SUPER_1	159744402	159880519	IR	325	.	159812000	0.325	0.963	58	136093	159744402	159745022	159879899	159880519	398148334	159700000	159950000	0	1874	620	134877	wide
SUPER_1	314074698	314080035	IR	325	.	314076913	0.325	0.826	58	5317	314074698	314075273	314079542	314080035	398148334	313850000	314100000	0	3789	493	4269	spaced
SUPER_1	290305336	290333233	IR	325	.	290319567	0.325	0.907	55	27876	290305336	290306140	290332442	290333233	398148334	290100000	290350000	0	3654	791	26302	spaced
SUPER_1	255410758	255499572	IR	325	.	255454689	0.325	0.952	53	88790	255410758	255411423	255498915	255499572	398148334	255350000	255600000	0	1752	657	87492	spaced
SUPER_1	359688381	359691760	IR	325	.	359689632	0.325	0.988	52	3362	359688381	359688719	359691422	359691760	398148334	359450000	359700000	0	4001	338	2703	spaced
SUPER_1	267685099	267691643	IR	325	.	267688652	0.325	0.916	49	6527	267685099	267685741	267691030	267691643	398148334	267500000	267750000	0	3139	613	5289	spaced
SUPER_1	285281707	285414180	IR	325	.	285347554	0.325	0.975	48	132453	285281707	285282152	285413735	285414180	398148334	285200000	285450000	0	2465	445	131583	wide
SUPER_1	343921002	344006868	IR	325	.	343963389	0.325	0.405	45	85849	343921002	343955401	343972490	344006868	398148334	343850000	344100000	0	1898	34378	17089	spaced
SUPER_1	344415390	344446686	IR	325	.	344431294	0.325	0.841	44	31290	344415390	344416247	344445829	344446702	398148334	344200000	344450000	0	3850	857	29582	spaced
SUPER_1	266130368	266136089	IR	325	.	266133050	0.325	0.971	42	5748	266130368	266130640	266135817	266136089	398148334	266100000	266350000	42	553	272	5177	spaced
SUPER_1	267375943	267391652	IR	325	.	267383508	0.325	0.962	40	15688	267375943	267376336	267391259	267391653	398148334	267150000	267400000	0	3896	393	14923	spaced
SUPER_1	204178556	204230429	IR	325	.	204204981	0.325	0.895	39	51874	204178556	204179373	204229612	204230456	398148334	204000000	204250000	0	3408	817	50239	spaced
SUPER_1	294661271	294663400	IR	325	.	294662220	0.325	0.955	38	2263	294661271	294661607	294663072	294663400	398148334	294600000	294850000	38	1038	328	1465	immediate
SUPER_1	327144523	327195129	IR	325	.	327169511	0.325	0.855	38	50510	327144523	327145663	327194036	327195129	398148334	327000000	327250000	0	2830	1093	48373	spaced
SUPER_1	105205436	105210732	IR	325	.	105207972	0.325	0.697	36	5244	105205436	105205482	105210686	105210752	398148334	105050000	105300000	441	2634	46	5204	spaced
SUPER_1	346935283	346968218	IR	325	.	346952081	0.325	0.911	35	32912	346935283	346935957	346967551	346968218	398148334	346750000	347000000	0	3362	667	31594	spaced
SUPER_1	248376511	248385335	IR	325	.	248381344	0.325	0.617	34	8875	248376511	248377579	248384267	248385407	398148334	248200000	248450000	0	3015	1068	6688	spaced
SUPER_1	359492639	359525798	IR	325	.	359508870	0.325	0.813	33	33215	359492639	359493167	359525270	359525890	398148334	359400000	359650000	0	1820	528	32103	spaced
SUPER_1	31605933	31609553	IR	325	.	31608053	0.325	0.839	31	3641	31605933	31606411	31609075	31609621	398148334	31400000	31650000	0	3462	478	2664	spaced
SUPER_1	238602997	238613962	IR	325	.	238608124	0.325	0.902	30	10905	238602997	238603599	238613365	238613962	398148334	238450000	238700000	0	2641	597	9766	spaced
SUPER_1	312469935	312610132	IR	325	.	312539614	0.325	0.905	30	140189	312469935	312470553	312609514	312610148	398148334	312400000	312650000	0	2333	618	138961	wide
SUPER_1	94158502	94283598	IR	325	.	94220800	0.325	0.995	29	125075	94158502	94158716	94283384	94283598	398148334	94050000	94300000	0	2850	214	124668	wide
SUPER_1	101273545	101277399	IR	325	.	101275193	0.325	0.976	28	3826	101273545	101273790	101277154	101277399	398148334	101050000	101300000	0	3757	245	3364	spaced
SUPER_1	143732675	143760287	IR	325	.	143746006	0.325	0.983	28	27594	143732675	143732904	143760058	143760287	398148334	143700000	143950000	0	774	229	27154	spaced
SUPER_1	176846441	176856803	IR	325	.	176851382	0.325	0.851	26	10415	176846441	176846642	176856602	176856803	398148334	176650000	176900000	26	3360	201	9960	spaced
SUPER_1	387469204	387590548	IR	325	.	387530310	0.325	0.982	26	121326	387469204	387469429	387590323	387590548	398148334	387350000	387600000	0	2997	225	120894	wide
SUPER_1	44423379	44443788	IR	325	.	44434038	0.325	0.914	25	20390	44423379	44423934	44443233	44443788	398148334	44200000	44450000	0	3892	555	19299	spaced
SUPER_1	114252458	114258508	IR	325	.	114255584	0.325	0.926	25	6004	114252458	114252508	114258458	114258512	398148334	114200000	114450000	350	924	50	5950	spaced
SUPER_1	127861534	127866506	IR	325	.	127863797	0.325	0.965	25	5079	127861534	127861817	127866223	127866506	398148334	127650000	127900000	25	3566	283	4406	spaced
SUPER_1	93158457	93161522	IR	325	.	93160056	0.325	0.926	24	3065	93158457	93158749	93161230	93161526	398148334	93000000	93250000	24	2666	292	2481	spaced
SUPER_1	252999707	253033577	IR	325	.	253016310	0.325	0.000	24	33842	252999707	252999787	253033549	253033577	398148334	252800000	253050000	0	3610	28	33762	spaced
SUPER_1	273973807	273976096	IR	325	.	273974493	0.325	0.938	22	2163	273973807	273974178	273975725	273976096	398148334	273950000	274200000	0	415	371	1547	immediate
SUPER_1	114049801	114136495	IR	325	.	114093483	0.325	0.958	21	86674	114049801	114050108	114136188	114136495	398148334	113900000	114150000	0	3218	307	86080	spaced
SUPER_1	10948241	11119422	IR	325	.	11033408	0.325	0.885	20	170997	10948241	10948934	11118729	11119437	398148334	10900000	11150000	0	2230	693	169795	wide
SUPER_1	113454717	113571158	IR	325	.	113512996	0.325	0.848	20	116456	113454717	113454907	113570968	113571176	398148334	113350000	113600000	20	2715	190	116061	wide
SUPER_1	188471322	188505024	IR	325	.	188487859	0.325	0.977	20	33674	188471322	188471535	188504811	188505024	398148334	188300000	188550000	0	3136	213	33276	spaced
SUPER_1	294048042	294059822	IR	324	.	294053609	0.324	1.000	844	11758	294048042	294052696	294055168	294059823	398148334	293950000	294200000	0	1732	4654	2472	spaced
SUPER_1	42767231	42779726	IR	324	.	42773440	0.324	0.989	509	13048	42767231	42769857	42777100	42779727	398148334	42550000	42800000	509	3724	2626	7243	spaced
SUPER_1	205670300	205681974	IR	324	.	205676543	0.324	0.979	451	11651	205670300	205673793	205678481	205681974	398148334	205450000	205700000	0	3768	3493	4688	spaced
SUPER_1	116062832	116253316	IR	324	.	116158404	0.324	0.927	404	190562	116062832	116072975	116243173	116253421	398148334	116050000	116300000	0	1801	10143	170198	wide
SUPER_1	151972016	151983747	IR	324	.	151978350	0.324	0.975	402	11709	151972016	151975588	151980188	151983747	398148334	151750000	152000000	0	3797	3559	4600	spaced
SUPER_1	63252067	63258438	IR	324	.	63255666	0.324	0.912	198	6342	63252067	63253407	63257207	63258438	398148334	63150000	63400000	0	1754	1231	3800	spaced
SUPER_1	327835913	327841700	IR	324	.	327838682	0.324	0.991	168	5999	327835913	327836820	327840793	327841702	398148334	327600000	327850000	168	3979	907	3973	spaced
SUPER_1	244080558	244086653	IR	324	.	244084107	0.324	0.953	153	6075	244080558	244081669	244085582	244086653	398148334	243850000	244100000	0	3893	1071	3913	spaced
SUPER_1	214028313	214031452	IR	324	.	214029877	0.324	0.962	136	3223	214028313	214029065	214030700	214031453	398148334	213800000	214050000	136	3831	752	1635	immediate
SUPER_1	284939006	284984339	IR	324	.	284961233	0.324	0.939	123	45342	284939006	284940434	284982911	284984374	398148334	284800000	285050000	0	2694	1428	42477	spaced
SUPER_1	206469913	206532503	IR	324	.	206500850	0.324	0.950	110	62575	206469913	206471118	206531298	206532518	398148334	206300000	206550000	0	3353	1205	60180	spaced
SUPER_1	180721659	180724678	IR	324	.	180722830	0.324	0.955	105	3001	180721659	180722406	180723959	180724678	398148334	180700000	180950000	0	386	719	1553	immediate
SUPER_1	57321749	57333978	IR	324	.	57328040	0.324	0.880	98	12511	57321749	57322545	57333182	57334010	398148334	57100000	57350000	98	3797	796	10637	spaced
SUPER_1	257338201	257466246	IR	324	.	257402265	0.324	0.991	93	128128	257338201	257338746	257465702	257466246	398148334	257250000	257500000	107	2536	544	126956	wide
SUPER_1	233717640	233738401	IR	324	.	233727788	0.324	0.933	85	20865	233717640	233718378	233737663	233738402	398148334	233500000	233750000	77	3800	738	19285	spaced
SUPER_1	243157151	243174402	IR	324	.	243166058	0.324	0.961	85	17205	243157151	243158082	243173471	243174402	398148334	243150000	243400000	0	262	931	15389	spaced
SUPER_1	272829085	272837808	IR	324	.	272833145	0.324	0.998	73	8704	272829085	272829491	272837402	272837808	398148334	272600000	272850000	0	3890	406	7911	spaced
SUPER_1	54938692	54971318	IR	324	.	54954480	0.324	0.631	71	32647	54938692	54954915	54955095	54971356	398148334	54750000	55000000	0	3416	16223	180	immediate
SUPER_1	48873797	48916187	IR	324	.	48895475	0.324	0.814	58	42441	48873797	48874429	48915555	48916290	398148334	48800000	49050000	0	1583	632	41126	spaced
SUPER_1	345449705	345468891	IR	324	.	345458833	0.324	0.940	58	19167	345449705	345450605	345467991	345468893	398148334	345250000	345500000	0	3488	900	17386	spaced
SUPER_1	250381822	250383881	IR	324	.	250382890	0.324	0.997	54	2099	250381822	250382120	250383583	250383881	398148334	250150000	250400000	54	3880	298	1463	immediate
SUPER_1	314490961	314498876	IR	324	.	314495211	0.324	0.740	50	7892	314490961	314491941	314497995	314498876	398148334	314350000	314600000	0	2415	881	6054	spaced
SUPER_1	45979915	45983577	IR	324	.	45981308	0.324	0.944	49	3581	45979915	45980595	45982903	45983577	398148334	45750000	46000000	0	3862	674	2308	spaced
SUPER_1	237067329	237072571	IR	324	.	237069551	0.324	0.691	48	5178	237067329	237067426	237072504	237072571	398148334	236850000	237100000	0	3665	67	5078	spaced
SUPER_1	213635619	213665601	IR	324	.	213650439	0.324	0.892	45	30023	213635619	213636153	213665080	213665601	398148334	213450000	213700000	45	3343	521	28927	spaced
SUPER_1	45025805	45029674	IR	324	.	45027339	0.324	0.983	44	3838	45025805	45026149	45029330	45029674	398148334	44900000	45150000	0	2128	344	3181	spaced
SUPER_1	59476232	59479863	IR	324	.	59478239	0.324	0.831	42	3683	59476232	59476776	59479319	59479889	398148334	59450000	59700000	42	467	544	2543	spaced
SUPER_1	203627123	203699337	IR	324	.	203663089	0.324	1.000	42	72156	203627123	203627181	203699279	203699337	398148334	203450000	203700000	838	3553	58	72098	spaced
SUPER_1	217145142	217161045	IR	324	.	217153190	0.324	0.806	40	15849	217145142	217145192	217160995	217161057	398148334	216950000	217200000	586	3384	50	15803	spaced
SUPER_1	119550928	119578339	IR	324	.	119564875	0.324	0.925	39	27178	119550928	119551585	119577682	119578343	398148334	119350000	119600000	0	3577	657	26097	spaced
SUPER_1	132482675	132497276	IR	324	.	132489497	0.324	0.947	38	14565	132482675	132483241	132496712	132497276	398148334	132250000	132500000	0	3999	564	13471	spaced
SUPER_1	36406132	36553540	IR	324	.	36479873	0.324	0.889	36	147441	36406132	36406442	36553250	36553540	398148334	36350000	36600000	36	2163	290	146808	wide
SUPER_1	247207822	247271417	IR	324	.	247239610	0.324	0.857	34	63707	247207822	247208338	247270917	247271417	398148334	247150000	247400000	34	1493	500	62579	spaced
SUPER_1	269243250	269278114	IR	324	.	269261085	0.324	0.667	34	34820	269243250	269243406	269278005	269278114	398148334	269050000	269300000	0	3511	109	34599	spaced
SUPER_1	82190079	82225814	IR	324	.	82207470	0.324	0.781	31	35729	82190079	82191100	82224793	82225827	398148334	82050000	82300000	0	2632	1021	33693	spaced
SUPER_1	337607923	337722661	IR	324	.	337665534	0.324	0.937	31	114722	337607923	337608398	337722186	337722663	398148334	337500000	337750000	0	2754	475	113788	wide
SUPER_1	261476590	261481670	IR	324	.	261478692	0.324	0.757	30	5083	261476590	261477207	261481053	261481693	398148334	261250000	261500000	0	3818	617	3846	spaced
SUPER_1	185000959	185003665	IR	324	.	185002093	0.324	0.842	29	2737	185000959	185001284	185003340	185003687	398148334	184800000	185050000	29	3371	325	2056	spaced
SUPER_1	293603497	293752128	IR	324	.	293677408	0.324	0.430	28	148613	293603497	293608509	293747160	293752128	398148334	293550000	293800000	0	2130	4968	138651	wide
SUPER_1	337229471	337319450	IR	324	.	337274236	0.324	0.957	28	89991	337229471	337229839	337319082	337319450	398148334	337200000	337450000	28	1240	368	89243	spaced
SUPER_1	21368373	21370612	IR	324	.	21369494	0.324	0.964	25	2251	21368373	21368597	21370391	21370612	398148334	21250000	21500000	25	1991	221	1794	immediate
SUPER_1	192585233	192589879	IR	324	.	192587077	0.324	0.910	25	4628	192585233	192585588	192589532	192589879	398148334	192350000	192600000	0	3959	347	3944	spaced
SUPER_1	18291895	18323725	IR	324	.	18307602	0.324	0.922	24	31841	18291895	18292101	18323531	18323725	398148334	18100000	18350000	24	3463	194	31430	spaced
SUPER_1	92929183	93088971	IR	324	.	93008929	0.324	0.836	23	159791	92929183	92929651	93088534	93088971	398148334	92850000	93100000	23	2651	437	158883	wide
SUPER_1	98111028	98119109	IR	324	.	98115222	0.324	0.843	21	8096	98111028	98111326	98118811	98119135	398148334	97900000	98150000	52	3584	298	7485	spaced
SUPER_1	37818273	37839483	IR	324	.	37828807	0.324	0.739	20	21277	37818273	37818473	37839283	37839544	398148334	37800000	38050000	20	481	200	20810	spaced
SUPER_1	383300486	383529776	IR	324	.	383414884	0.324	0.917	20	229281	383300486	383300822	383529440	383529776	398148334	383300000	383550000	20	1918	336	228618	wide
SUPER_1	161721671	161733112	IR	323	.	161727039	0.323	1.000	857	11420	161721671	161726442	161728341	161733112	398148334	161500000	161750000	0	3789	4771	1899	immediate
SUPER_1	187396998	187403120	IR	323	.	187399590	0.323	0.995	309	6093	187396998	187398891	187401233	187403120	398148334	187200000	187450000	0	3334	1887	2342	spaced
SUPER_1	356749572	356757112	IR	323	.	356752933	0.323	0.998	295	7517	356749572	356751216	356755468	356757112	398148334	356550000	356800000	0	3388	1644	4252	spaced
SUPER_1	376274833	376285364	IR	323	.	376279633	0.323	0.974	260	10423	376274833	376276844	376283353	376285370	398148334	376050000	376300000	0	3834	2011	6509	spaced
SUPER_1	188833761	188974147	IR	323	.	188903912	0.323	0.924	183	140950	188833761	188835847	188972061	188974165	398148334	188750000	189000000	183	2565	2086	136214	wide
SUPER_1	185269574	185276992	IR	323	.	185273542	0.323	0.998	144	7396	185269574	185270400	185276167	185276992	398148334	185050000	185300000	0	3721	825	5767	spaced
SUPER_1	347557027	347605325	IR	323	.	347581334	0.323	0.975	131	48409	347557027	347557893	347604460	347605325	398148334	347400000	347650000	131	3019	865	46567	spaced
SUPER_1	348365970	348370578	IR	323	.	348368402	0.323	0.969	125	4933	348365970	348366672	348369891	348370578	398148334	348150000	348400000	125	3637	687	3219	spaced
SUPER_1	238201088	238203001	IR	323	.	238201887	0.323	0.995	122	2018	238201088	238201698	238202391	238203001	398148334	238150000	238400000	122	867	610	693	immediate
SUPER_1	313752193	313757410	IR	323	.	313754517	0.323	0.997	121	5196	313752193	313752942	313756661	313757411	398148334	313600000	313850000	0	2579	749	3719	spaced
SUPER_1	250954158	250961402	IR	323	.	250957364	0.323	0.985	114	7218	250954158	250954955	250960605	250961403	398148334	250750000	251000000	0	3462	797	5650	spaced
SUPER_1	262050302	262137461	IR	323	.	262093419	0.323	0.986	95	87133	262050302	262051025	262136739	262137461	398148334	261900000	262150000	0	3231	722	85714	spaced
SUPER_1	328500698	328508687	IR	323	.	328505057	0.323	0.811	90	7810	328500698	328501408	328507977	328508787	398148334	328350000	328600000	0	2578	710	6569	spaced
SUPER_1	133305638	133309156	IR	323	.	133307498	0.323	0.984	81	3721	133305638	133306075	133308720	133309156	398148334	133250000	133500000	81	956	436	2645	spaced
SUPER_1	180283494	180289643	IR	323	.	180286703	0.323	0.975	74	6223	180283494	180283969	180289168	180289651	398148334	180150000	180400000	74	2276	475	5199	spaced
SUPER_1	246073924	246082083	IR	323	.	246078099	0.323	0.920	73	8318	246073924	246074763	246081244	246082083	398148334	245850000	246100000	73	3799	839	6481	spaced
SUPER_1	374771805	374776161	IR	323	.	374773926	0.323	0.977	68	4408	374771805	374772186	374775780	374776164	398148334	374550000	374800000	68	3732	381	3594	spaced
SUPER_1	214334589	214342219	IR	323	.	214338859	0.323	0.977	61	7610	214334589	214335118	214341690	214342219	398148334	214100000	214350000	0	3973	529	6572	spaced
SUPER_1	186439938	186442816	IR	323	.	186440880	0.323	0.995	60	2855	186439938	186440336	186442418	186442816	398148334	186200000	186450000	0	4022	398	2082	spaced
SUPER_1	226618673	226717639	IR	323	.	226667958	0.323	0.982	60	99335	226618673	226619067	226717246	226717639	398148334	226600000	226850000	60	1135	393	98179	spaced
SUPER_1	98648471	98829468	IR	323	.	98739069	0.323	0.960	58	181161	98648471	98649144	98828795	98829468	398148334	98600000	98850000	58	2316	673	179651	wide
SUPER_1	131502139	131505142	IR	323	.	131503423	0.323	0.735	55	3381	131502139	131503125	131504156	131505175	398148334	131350000	131600000	55	2560	986	1031	immediate
SUPER_1	189593185	189697091	IR	323	.	189645556	0.323	0.887	55	103888	189593185	189593858	189696419	189697091	398148334	189550000	189800000	0	1585	672	102561	wide
SUPER_1	24330418	24356162	IR	323	.	24343590	0.323	0.790	46	25688	24330418	24331525	24355055	24356169	398148334	24200000	24450000	0	2388	1107	23530	spaced
SUPER_1	9748381	9831803	IR	323	.	9789966	0.323	0.885	42	83725	9748381	9749055	9831165	9831803	398148334	9600000	9850000	42	3168	638	82110	spaced
SUPER_1	200177315	200179905	IR	323	.	200178624	0.323	0.869	38	2607	200177315	200177599	200179621	200179913	398148334	200150000	200400000	43	476	284	2022	spaced
SUPER_1	94034900	94107322	IR	323	.	94071476	0.323	0.975	36	72403	94034900	94035222	94107002	94107322	398148334	93900000	94150000	0	2851	320	71780	spaced
SUPER_1	154610208	154632129	IR	323	.	154621561	0.323	0.158	36	21885	154610208	154610246	154632091	154632189	398148334	154400000	154650000	0	3686	38	21845	spaced
SUPER_1	90067469	90075717	IR	323	.	90071208	0.323	0.431	31	4933	90067469	90071014	90072215	90075717	398148334	89950000	90200000	0	2026	3502	1201	immediate
SUPER_1	5790110	5793014	IR	323	.	5791437	0.323	0.970	30	3090	5790110	5790377	5792747	5793014	398148334	5600000	5850000	30	3192	267	2370	spaced
SUPER_1	178818941	178822803	IR	323	.	178821083	0.323	0.943	30	3873	178818941	178819224	178822522	178822803	398148334	178600000	178850000	30	3681	281	3298	spaced
SUPER_1	281674473	281677368	IR	323	.	281675694	0.323	0.950	30	2967	281674473	281674811	281677030	281677368	398148334	281500000	281750000	30	2931	338	2219	spaced
SUPER_1	296510067	296529159	IR	323	.	296519158	0.323	0.911	29	19073	296510067	296510606	296528630	296529159	398148334	296500000	296750000	0	326	529	18024	spaced
SUPER_1	382560925	382738163	IR	323	.	382649130	0.323	0.135	29	177186	382560925	382561063	382738111	382738163	398148334	382500000	382750000	0	2492	52	177048	wide
SUPER_1	22568119	22571124	IR	323	.	22569201	0.323	0.714	28	2993	22568119	22569468	22569775	22571131	398148334	22350000	22600000	0	3660	1349	307	immediate
SUPER_1	289522229	289525028	IR	323	.	289523820	0.323	0.930	27	2877	289522229	289522510	289524747	289525032	398148334	289350000	289600000	27	2893	281	2237	spaced
SUPER_1	320716099	320735781	IR	323	.	320726067	0.323	0.910	25	19721	320716099	320716298	320735593	320735781	398148334	320500000	320750000	25	3765	188	19295	spaced
SUPER_1	61877127	61922062	IR	323	.	61899881	0.323	0.753	23	44913	61877127	61877715	61921543	61922062	398148334	61750000	62000000	0	2493	519	43828	spaced
SUPER_1	230261450	230269895	IR	323	.	230265720	0.323	0.880	22	8470	230261450	230262074	230269271	230269903	398148334	230100000	230350000	22	2761	624	7197	spaced
SUPER_1	43044343	43053185	IR	323	.	43048354	0.323	0.993	20	8816	43044343	43044485	43053043	43053185	398148334	42850000	43100000	0	3312	142	8558	spaced
SUPER_1	218167803	218200483	IR	322	.	218184093	0.322	0.963	694	34258	218167803	218172109	218196210	218200483	398148334	218050000	218300000	696	2235	4273	24101	spaced
SUPER_1	230877132	230884557	IR	322	.	230881113	0.322	0.982	257	7406	230877132	230878773	230882916	230884561	398148334	230650000	230900000	0	3847	1641	4143	spaced
SUPER_1	157398301	157414453	IR	322	.	157405949	0.322	0.928	166	16198	157398301	157399253	157413501	157414524	398148334	157250000	157500000	0	2606	952	14248	spaced
SUPER_1	244503023	244508383	IR	322	.	244505967	0.322	0.994	155	5335	244503023	244504013	244507393	244508383	398148334	244300000	244550000	0	3428	990	3380	spaced
SUPER_1	231070104	231107586	IR	322	.	231089057	0.322	0.966	154	37689	231070104	231071398	231106296	231107586	398148334	230900000	231150000	154	3147	1290	34898	spaced
SUPER_1	342520930	342527240	IR	322	.	342524227	0.322	0.894	149	6458	342520930	342521842	342526410	342527240	398148334	342350000	342600000	149	2901	830	4568	spaced
SUPER_1	165077065	165116511	IR	322	.	165097179	0.322	0.932	139	39378	165077065	165079054	165114522	165116522	398148334	164900000	165150000	0	3279	1989	35468	spaced
SUPER_1	200590482	200594682	IR	322	.	200593015	0.322	1.000	139	4178	200590482	200591211	200593953	200594682	398148334	200400000	200650000	0	3209	729	2742	spaced
SUPER_1	291056572	291072498	IR	322	.	291064906	0.322	0.934	128	15900	291056572	291057467	291071652	291072498	398148334	290900000	291150000	0	2742	846	14185	spaced
SUPER_1	74390015	74412362	IR	322	.	74401206	0.322	1.000	124	22428	74390015	74390585	74411792	74412362	398148334	74200000	74450000	124	3353	570	21207	spaced
SUPER_1	258915416	258921849	IR	322	.	258918245	0.322	0.978	118	6417	258915416	258916181	258921084	258921857	398148334	258700000	258950000	0	3643	765	4903	spaced
SUPER_1	237515649	237522039	IR	322	.	237518803	0.322	0.995	115	6499	237515649	237516218	237521471	237522039	398148334	237300000	237550000	115	3647	568	5253	spaced
SUPER_1	124150376	124191659	IR	322	.	124170944	0.322	0.893	109	41409	124150376	124151026	124191009	124191727	398148334	124000000	124250000	111	2850	650	39983	spaced
SUPER_1	163454334	163493957	IR	322	.	163473641	0.322	0.961	103	39560	163454334	163455631	163492660	163493957	398148334	163250000	163500000	0	3735	1297	37029	spaced
SUPER_1	308182244	308186326	IR	322	.	308183900	0.322	0.992	96	4062	308182244	308182907	308185663	308186326	398148334	307950000	308200000	0	3904	663	2756	spaced
SUPER_1	242446304	242451154	IR	322	.	242448324	0.322	0.996	93	4830	242446304	242446824	242450634	242451154	398148334	242250000	242500000	0	3312	520	3810	spaced
SUPER_1	354195163	354200015	IR	322	.	354197675	0.322	0.962	91	4979	354195163	354195972	354199210	354200015	398148334	354150000	354400000	91	793	805	3238	spaced
SUPER_1	64854716	64858981	IR	322	.	64857036	0.322	0.990	85	4470	64854716	64855110	64858587	64858983	398148334	64700000	64950000	85	2614	394	3477	spaced
SUPER_1	281917710	281922304	IR	322	.	281919584	0.322	0.914	81	4619	281917710	281918429	281921585	281922350	398148334	281750000	282000000	0	2833	719	3156	spaced
SUPER_1	307006619	307042550	IR	322	.	307024144	0.322	0.952	73	35913	307006619	307007306	307041874	307042550	398148334	306850000	307100000	0	2909	676	34568	spaced
SUPER_1	214039818	214043743	IR	322	.	214041539	0.322	0.988	71	18346	214039818	214040226	214043335	214043743	398148334	213900000	214150000	71	2362	408	3109	spaced
SUPER_1	285057684	285064758	IR	322	.	285061489	0.322	0.590	66	7056	285057684	285059146	285063348	285064758	398148334	284950000	285200000	0	1853	1410	4202	spaced
SUPER_1	349975538	349981848	IR	322	.	349978268	0.322	0.923	65	6259	349975538	349976017	349981395	349981848	398148334	349750000	350000000	0	3811	453	5378	spaced
SUPER_1	129906234	129909021	IR	322	.	129907455	0.322	0.813	62	2958	129906234	129906601	129908654	129909099	398148334	129850000	130100000	63	960	367	2053	spaced
SUPER_1	147167111	147172375	IR	322	.	147169495	0.322	0.966	58	5641	147167111	147167224	147172262	147172377	398148334	146950000	147200000	26	3662	113	5038	spaced
SUPER_1	30856374	30931026	IR	322	.	30894174	0.322	0.874	41	74679	30856374	30857184	30930216	30931071	398148334	30800000	31050000	0	1561	810	73032	spaced
SUPER_1	322870701	322882839	IR	322	.	322877061	0.322	0.963	39	12127	322870701	322871074	322882466	322882847	398148334	322650000	322900000	0	3779	373	11392	spaced
SUPER_1	145850005	145926603	IR	322	.	145887975	0.322	0.788	33	76628	145850005	145850959	145925649	145926654	398148334	145850000	146100000	0	638	954	74690	spaced
SUPER_1	65599247	65603548	IR	322	.	65601490	0.322	0.906	32	4331	65599247	65599725	65603070	65603551	398148334	65500000	65750000	32	1689	478	3345	spaced
SUPER_1	126680945	126683140	IR	322	.	126682526	0.322	0.742	32	2263	126680945	126681282	126682803	126683229	398148334	126450000	126700000	0	3867	337	1521	immediate
SUPER_1	18164867	18205123	IR	322	.	18184632	0.322	0.904	28	40256	18164867	18165295	18204695	18205142	398148334	18000000	18250000	0	3083	428	39400	spaced
SUPER_1	193723262	193726336	IR	322	.	193724349	0.322	0.995	28	3055	193723262	193723471	193726127	193726337	398148334	193500000	193750000	0	3746	209	2656	spaced
SUPER_1	1850018	1852147	IR	322	.	1851083	0.322	0.933	27	2180	1850018	1850346	1851819	1852147	398148334	1650000	1900000	27	3351	328	1473	immediate
SUPER_1	321667142	321673497	IR	322	.	321670310	0.322	0.861	27	6479	321667142	321667512	321673127	321673512	398148334	321650000	321900000	27	338	370	5615	spaced
SUPER_1	350768300	350772331	IR	322	.	350770616	0.322	0.940	26	4019	350768300	350768624	350772007	350772341	398148334	350550000	350800000	0	3671	324	3383	spaced
SUPER_1	117488074	117491667	IR	322	.	117489457	0.322	0.964	25	3568	117488074	117488380	117491361	117491667	398148334	117250000	117500000	0	3997	306	2981	spaced
SUPER_1	23903897	23979309	IR	322	.	23941255	0.322	0.917	24	75392	23903897	23904101	23979119	23979309	398148334	23750000	24000000	0	3193	190	75018	spaced
SUPER_1	207689401	207728750	IR	322	.	207708926	0.322	0.993	22	39338	207689401	207689543	207728608	207728750	398148334	207550000	207800000	22	2651	142	39065	spaced
SUPER_1	20715433	20768546	IR	322	.	20741499	0.322	0.935	20	53071	20715433	20715761	20768218	20768554	398148334	20550000	20800000	0	3199	328	52457	spaced
SUPER_1	105001912	105020449	IR	322	.	105011666	0.322	0.231	20	18503	105001912	105001951	105020410	105020505	398148334	104850000	105100000	0	2686	39	18459	spaced
SUPER_1	194002441	194007219	IR	322	.	194004845	0.322	0.977	20	4781	194002441	194002573	194007087	194007220	398148334	193800000	194050000	20	3413	132	4514	spaced
SUPER_1	287631378	287696759	IR	322	.	287663652	0.322	0.836	20	65259	287631378	287631869	287696268	287696785	398148334	287550000	287800000	0	1901	491	64399	spaced
SUPER_1	62068646	62084703	IR	321	.	62076607	0.321	0.976	454	16545	62068646	62071474	62081875	62084705	398148334	61950000	62200000	454	2111	2828	10401	spaced
SUPER_1	245505815	245516713	IR	321	.	245511511	0.321	0.998	375	10870	245505815	245507912	245514619	245516713	398148334	245300000	245550000	0	3520	2094	6707	spaced
SUPER_1	291345684	291353439	IR	321	.	291349948	0.321	0.962	273	7752	291345684	291347441	291351682	291353459	398148334	291250000	291500000	0	1659	1757	4241	spaced
SUPER_1	119790795	119798606	IR	321	.	119794345	0.321	0.954	265	7635	119790795	119792543	119796889	119798606	398148334	119550000	119800000	0	4078	1717	4346	spaced
SUPER_1	70450604	70454239	IR	321	.	70452245	0.321	0.976	225	3929	70450604	70451767	70453076	70454253	398148334	70250000	70500000	225	3373	1163	1309	immediate
SUPER_1	53837269	53845166	IR	321	.	53840850	0.321	0.998	171	7838	53837269	53838205	53844230	53845166	398148334	53600000	53850000	0	4020	936	6025	spaced
SUPER_1	350902025	350954506	IR	321	.	350928479	0.321	0.979	166	52655	350902025	350902737	350953794	350954509	398148334	350750000	351000000	166	2970	712	51057	spaced
SUPER_1	326412845	326521722	IR	321	.	326467157	0.321	0.871	130	110343	326412845	326413094	326521473	326521751	398148334	326350000	326600000	817	1954	249	108379	wide
SUPER_1	223444148	223587232	IR	321	.	223516180	0.321	0.945	104	143059	223444148	223445215	223586176	223587232	398148334	223350000	223600000	0	2761	1056	140961	wide
SUPER_1	155011873	155015383	IR	321	.	155013633	0.321	0.939	77	3571	155011873	155012487	155014769	155015387	398148334	154900000	155150000	77	1893	614	2282	spaced
SUPER_1	211604779	211611107	IR	321	.	211607481	0.321	0.828	71	6333	211604779	211606193	211609693	211611138	398148334	211550000	211800000	0	965	1414	3500	spaced
SUPER_1	150228839	150231154	IR	321	.	150229788	0.321	0.941	68	2467	150228839	150229245	150230748	150231173	398148334	150050000	150300000	68	2999	406	1503	immediate
SUPER_1	179832809	179839397	IR	321	.	179835686	0.321	0.638	68	6516	179832809	179832883	179839323	179839439	398148334	179650000	179900000	0	3101	74	6440	spaced
SUPER_1	160695723	160741663	IR	321	.	160719026	0.321	0.419	65	45922	160695723	160714136	160723250	160741668	398148334	160500000	160750000	0	3644	18413	9114	spaced
SUPER_1	85118793	85149257	IR	321	.	85133703	0.321	0.886	62	30444	85118793	85120705	85147378	85149257	398148334	85000000	85250000	0	2233	1879	26673	spaced
SUPER_1	144126422	144129859	IR	321	.	144128223	0.321	0.968	60	3709	144126422	144126884	144129399	144129859	398148334	143900000	144150000	60	3802	460	2515	spaced
SUPER_1	299490585	299495269	IR	321	.	299492493	0.321	0.995	59	4667	299490585	299490952	299494902	299495269	398148334	299250000	299500000	0	4048	367	3950	spaced
SUPER_1	175593917	175610498	IR	321	.	175602422	0.321	0.803	58	17252	175593917	175595385	175609030	175610546	398148334	175500000	175750000	58	1703	1468	13645	spaced
SUPER_1	220363696	220419547	IR	321	.	220391309	0.321	0.826	52	55775	220363696	220363788	220419471	220419547	398148334	220200000	220450000	0	3193	76	55683	spaced
SUPER_1	273545406	273552941	IR	321	.	273549081	0.321	0.967	52	7573	273545406	273545764	273552586	273552941	398148334	273500000	273750000	52	819	355	6822	spaced
SUPER_1	29780801	29785180	IR	321	.	29783229	0.321	0.968	45	4361	29780801	29781207	29784774	29785182	398148334	29650000	29900000	0	2216	406	3567	spaced
SUPER_1	318283729	318393913	IR	321	.	318339099	0.321	0.975	43	110165	318283729	318284051	318393591	318393913	398148334	318150000	318400000	0	3146	322	109540	wide
SUPER_1	168282861	168303920	IR	321	.	168293012	0.321	0.914	42	21043	168282861	168283308	168303473	168303921	398148334	168150000	168400000	0	2389	447	20165	spaced
SUPER_1	213795873	213799449	IR	321	.	213797561	0.321	0.977	38	3684	213795873	213796173	213799149	213799449	398148334	213550000	213800000	38	4127	300	2976	spaced
SUPER_1	226204429	226207687	IR	321	.	226206080	0.321	0.962	38	3304	226204429	226204633	226207483	226207695	398148334	226200000	226450000	38	100	204	2850	spaced
SUPER_1	200251153	200268818	IR	321	.	200260078	0.321	0.980	34	17662	200251153	200251403	200268568	200268819	398148334	200150000	200400000	34	1832	250	17165	spaced
SUPER_1	271636574	271757045	IR	321	.	271696515	0.321	0.931	34	120441	271636574	271637093	271756526	271757059	398148334	271550000	271800000	0	2446	519	119433	wide
SUPER_1	310578904	310581956	IR	321	.	310580864	0.321	0.914	30	3045	310578904	310579267	310581593	310581976	398148334	310400000	310650000	0	3007	363	2326	spaced
SUPER_1	62157291	62209628	IR	321	.	62183722	0.321	0.881	29	52326	62157291	62157905	62209014	62209637	398148334	62150000	62400000	0	557	614	51109	spaced
SUPER_1	204511242	204570411	IR	321	.	204541028	0.321	0.976	27	59180	204511242	204511412	204570241	204570411	398148334	204500000	204750000	27	680	170	58829	spaced
SUPER_1	11790590	11802059	IR	321	.	11796537	0.321	0.881	26	11472	11790590	11790766	11801883	11802059	398148334	11600000	11850000	26	3271	176	11117	spaced
SUPER_1	244822603	244825889	IR	321	.	244824124	0.321	0.554	26	3589	244822603	244822743	244825749	244825995	398148334	244650000	244900000	26	2903	140	3006	spaced
SUPER_1	35773989	35778298	IR	321	.	35776080	0.321	0.960	24	4302	35773989	35774186	35778101	35778298	398148334	35550000	35800000	24	3768	197	3915	spaced
SUPER_1	382339604	382344968	IR	321	.	382342494	0.321	0.921	24	5354	382339604	382339795	382344786	382344968	398148334	382150000	382400000	24	3204	182	4991	spaced
SUPER_1	193770197	193795311	IR	321	.	193783161	0.321	0.823	23	25096	193770197	193770588	193794941	193795311	398148334	193750000	194000000	0	545	370	24353	spaced
SUPER_1	276090028	276096532	IR	321	.	276093166	0.321	1.000	21	6501	276090028	276090143	276096417	276096532	398148334	275850000	276100000	21	4054	115	6274	spaced
SUPER_1	229550989	229571405	IR	320	.	229561604	0.320	0.984	1153	20397	229550989	229558735	229563667	229571405	398148334	229350000	229600000	0	3519	7738	4932	spaced
SUPER_1	137113459	137161781	IR	320	.	137137428	0.320	0.980	695	49155	137113459	137117052	137158188	137161801	398148334	137000000	137250000	695	2293	3593	41136	spaced
SUPER_1	328148632	328152657	IR	320	.	328150826	0.320	0.999	384	4402	328148632	328150353	328150936	328152657	398148334	327950000	328200000	385	3343	1721	583	immediate
SUPER_1	370123551	370132163	IR	320	.	370127502	0.320	0.881	270	8419	370123551	370125695	370130066	370132163	398148334	369900000	370150000	0	3797	2097	4371	spaced
SUPER_1	116753547	116757200	IR	320	.	116755462	0.320	0.994	231	4081	116753547	116754626	116756121	116757203	398148334	116550000	116800000	231	3422	1079	1495	immediate
SUPER_1	391128102	391217918	IR	320	.	391173292	0.320	0.933	183	89855	391128102	391130107	391215913	391217980	398148334	391000000	391250000	0	2883	2005	85806	spaced
SUPER_1	242332532	242339037	IR	320	.	242336054	0.320	0.940	128	6511	242332532	242333556	242338013	242339069	398148334	242100000	242350000	0	3929	1024	4457	spaced
SUPER_1	300626742	300631545	IR	320	.	300628817	0.320	0.985	126	4784	300626742	300627699	300630589	300631545	398148334	300500000	300750000	0	2152	956	2890	spaced
SUPER_1	266075590	266080053	IR	320	.	266077624	0.320	0.949	119	4556	266075590	266076510	266079146	266080053	398148334	265850000	266100000	125	3796	907	2636	spaced
SUPER_1	14018979	14025247	IR	320	.	14022102	0.320	0.945	112	6471	14018979	14019520	14024733	14025247	398148334	13800000	14050000	112	3701	514	5213	spaced
SUPER_1	40777754	40820742	IR	320	.	40798919	0.320	0.984	108	42957	40777754	40778571	40819926	40820742	398148334	40600000	40850000	0	3320	816	41355	spaced
SUPER_1	150912263	150922065	IR	320	.	150916712	0.320	0.952	108	9792	150912263	150912976	150921352	150922081	398148334	150700000	150950000	0	3619	713	8376	spaced
SUPER_1	302592993	302599481	IR	320	.	302596352	0.320	0.984	108	6577	302592993	302593630	302598844	302599481	398148334	302350000	302600000	108	4103	637	5214	spaced
SUPER_1	350859705	350863720	IR	320	.	350861890	0.320	0.958	100	4115	350859705	350860465	350862971	350863720	398148334	350650000	350900000	100	3528	749	2506	spaced
SUPER_1	357371566	357378215	IR	320	.	357375321	0.320	0.879	93	6651	357371566	357372279	357377502	357378252	398148334	357150000	357400000	0	3748	713	5223	spaced
SUPER_1	147979463	147994009	IR	320	.	147987122	0.320	0.920	84	14542	147979463	147980184	147993288	147994049	398148334	147750000	148000000	0	3945	721	13104	spaced
SUPER_1	15114004	15151913	IR	320	.	15132494	0.320	0.886	83	37888	15114004	15116497	15149420	15151968	398148334	14950000	15200000	0	3049	2493	32923	spaced
SUPER_1	366581701	366584389	IR	320	.	366582744	0.320	0.990	83	2670	366581701	366582214	366583877	366584389	398148334	366350000	366600000	0	3883	512	1663	immediate
SUPER_1	339832973	339838852	IR	320	.	339835709	0.320	0.960	79	5987	339832973	339833552	339838282	339838852	398148334	339600000	339850000	79	3931	570	4730	spaced
SUPER_1	255271875	255280159	IR	320	.	255276440	0.320	0.949	72	8271	255271875	255272816	255279218	255280168	398148334	255050000	255300000	0	3766	941	6402	spaced
SUPER_1	61687871	61710917	IR	320	.	61699480	0.320	0.906	70	23405	61687871	61689351	61709472	61710917	398148334	61600000	61850000	70	1656	1445	20121	spaced
SUPER_1	360006702	360061514	IR	320	.	360033768	0.320	0.765	60	54844	360006702	360007971	360060245	360061593	398148334	360000000	360250000	0	568	1269	52274	spaced
SUPER_1	130865297	130868304	IR	320	.	130866549	0.320	1.000	59	2988	130865297	130865614	130867987	130868304	398148334	130650000	130900000	0	3613	317	2373	spaced
SUPER_1	241677005	241691248	IR	320	.	241684134	0.320	0.977	56	14289	241677005	241677395	241690858	241691249	398148334	241550000	241800000	61	2235	390	13463	spaced
SUPER_1	262679134	262687212	IR	320	.	262683465	0.320	0.902	54	8090	262679134	262680063	262686283	262687249	398148334	262450000	262700000	0	3886	929	6220	spaced
SUPER_1	307205419	307244435	IR	320	.	307224522	0.320	0.733	49	38950	307205419	307205485	307244369	307244459	398148334	307000000	307250000	0	3748	66	38884	spaced
SUPER_1	242616867	242620533	IR	320	.	242618512	0.320	0.995	47	3792	242616867	242617082	242620318	242620533	398148334	242450000	242700000	47	2811	215	3236	spaced
SUPER_1	186392283	186402221	IR	320	.	186396976	0.320	0.529	46	9870	186392283	186392411	186402153	186402221	398148334	186350000	186600000	0	787	68	9742	spaced
SUPER_1	49552303	49674174	IR	320	.	49613655	0.320	0.659	42	121884	49552303	49552361	49674116	49674204	398148334	49450000	49700000	0	2720	58	121755	wide
SUPER_1	57601849	57605087	IR	320	.	57603157	0.320	0.844	41	3017	57601849	57602303	57604633	57605092	398148334	57450000	57700000	0	2557	454	2330	spaced
SUPER_1	318182528	318221790	IR	320	.	318202299	0.320	0.614	40	39212	318182528	318182572	318221746	318221820	398148334	318000000	318250000	535	3369	44	39174	spaced
SUPER_1	115240763	115327375	IR	320	.	115284360	0.320	0.000	39	86580	115240763	115240904	115327343	115327375	398148334	115200000	115450000	0	1401	32	86439	spaced
SUPER_1	353472946	353479464	IR	320	.	353475707	0.320	0.756	38	6456	353472946	353473008	353479402	353479484	398148334	353450000	353700000	0	436	62	6394	spaced
SUPER_1	28134552	28137604	IR	320	.	28135721	0.320	0.931	36	3011	28134552	28135112	28137062	28137604	398148334	27900000	28150000	0	3934	542	1950	immediate
SUPER_1	239219693	239236603	IR	320	.	239228209	0.320	0.722	34	17595	239219693	239220645	239235670	239236603	398148334	239000000	239250000	34	3802	933	15025	spaced
SUPER_1	73333641	73360705	IR	320	.	73346996	0.320	0.977	32	27083	73333641	73333859	73360487	73360705	398148334	73150000	73400000	32	3286	218	26628	spaced
SUPER_1	23050666	23052960	IR	320	.	23051813	0.320	0.964	27	2356	23050666	23050885	23052741	23052960	398148334	22900000	23150000	27	2530	219	1856	immediate
SUPER_1	103052882	103074086	IR	320	.	103063957	0.320	0.968	23	21152	103052882	103053101	103073868	103074086	398148334	102850000	103100000	0	3557	218	20767	spaced
SUPER_1	319345323	319378199	IR	320	.	319361392	0.320	0.650	21	32854	319345323	319345900	319377675	319378199	398148334	319250000	319500000	0	1862	524	31775	spaced
SUPER_1	366853101	366911574	IR	320	.	366882562	0.320	1.000	21	118803	366853101	366853118	366911557	366911574	398148334	366700000	366950000	1	3038	17	58439	spaced
SUPER_1	370536782	370563019	IR	320	.	370549516	0.320	0.862	21	26219	370536782	370537480	370562321	370563019	398148334	370350000	370600000	0	3331	698	24841	spaced
SUPER_1	74198491	74203193	IR	320	.	74200404	0.320	0.528	20	4666	74198491	74198557	74203157	74203193	398148334	74000000	74250000	0	3347	36	4600	spaced
SUPER_1	164204487	164213733	IR	319	.	164209329	0.319	0.930	166	9823	164204487	164206014	164212206	164213764	398148334	164000000	164250000	166	3485	1527	6192	spaced
SUPER_1	217557191	217560212	IR	319	.	217558964	0.319	0.994	163	2998	217557191	217558232	217559171	217560212	398148334	217350000	217600000	0	3478	1041	939	immediate
SUPER_1	179023256	179105564	IR	319	.	179064705	0.319	0.994	160	82289	179023256	179024213	179104607	179105564	398148334	179000000	179250000	0	1073	957	80394	spaced
SUPER_1	129023254	129028665	IR	319	.	129025496	0.319	0.909	130	5441	129023254	129024742	129027177	129028720	398148334	128850000	129100000	0	2932	1488	2435	spaced
SUPER_1	155041691	155045944	IR	319	.	155043628	0.319	0.981	95	4363	155041691	155042261	155045379	155045944	398148334	154800000	155050000	95	4063	565	3118	spaced
SUPER_1	372880815	372966708	IR	319	.	372924231	0.319	0.971	92	85872	372880815	372881710	372965814	372966708	398148334	372750000	373000000	0	2895	894	84104	spaced
SUPER_1	64187527	64302757	IR	319	.	64245443	0.319	0.957	78	115209	64187527	64188427	64301857	64302757	398148334	64100000	64350000	0	2418	900	113430	wide
SUPER_1	362207559	362210834	IR	319	.	362209314	0.319	0.873	53	3301	362207559	362207967	362210458	362210834	398148334	362050000	362300000	53	2653	376	2491	spaced
SUPER_1	59712982	59715931	IR	319	.	59714052	0.319	0.834	51	2853	59712982	59713434	59715554	59715931	398148334	59500000	59750000	0	3574	377	2120	spaced
SUPER_1	154091859	154202476	IR	319	.	154147301	0.319	0.926	46	110647	154091859	154092250	154202085	154202484	398148334	154000000	154250000	46	2452	391	109835	wide
SUPER_1	392238035	392262890	IR	319	.	392250414	0.319	0.957	45	24873	392238035	392238496	392262429	392262890	398148334	392050000	392300000	45	3340	461	23933	spaced
SUPER_1	96334740	96339730	IR	319	.	96336820	0.319	0.953	38	4899	96334740	96335319	96339152	96339730	398148334	96100000	96350000	0	3953	578	3833	spaced
SUPER_1	109750815	109806874	IR	319	.	109778864	0.319	0.956	38	56078	109750815	109751198	109806492	109806874	398148334	109600000	109850000	38	2980	382	55294	spaced
SUPER_1	138006437	138017304	IR	319	.	138011560	0.319	0.971	37	10847	138006437	138006745	138016998	138017304	398148334	137800000	138050000	0	3531	306	10253	spaced
SUPER_1	67180453	67194374	IR	319	.	67187481	0.319	0.933	36	13932	67180453	67180698	67194129	67194381	398148334	67000000	67250000	36	3123	245	13431	spaced
SUPER_1	295283380	295286679	IR	319	.	295284948	0.319	0.994	35	3341	295283380	295283540	295286519	295286680	398148334	295150000	295400000	35	2250	160	2979	spaced
SUPER_1	127212985	127215948	IR	319	.	127214408	0.319	0.982	34	2963	127212985	127213208	127215727	127215948	398148334	127000000	127250000	34	3574	221	2519	spaced
SUPER_1	155772953	155775572	IR	319	.	155773785	0.319	0.962	27	2581	155772953	155773156	155775369	155775578	398148334	155600000	155850000	0	2904	203	2213	spaced
SUPER_1	161522702	161524957	IR	319	.	161523938	0.319	1.000	27	2258	161522702	161522826	161524833	161524957	398148334	161350000	161600000	27	2897	124	2007	spaced
SUPER_1	210182967	210184938	IR	319	.	210183952	0.319	0.923	24	2021	210182967	210183284	210184621	210184945	398148334	209950000	210200000	24	3899	317	1337	immediate
SUPER_1	238440440	238486589	IR	319	.	238463014	0.319	0.988	24	46132	238440440	238440609	238486420	238486590	398148334	238300000	238550000	0	2725	169	45811	spaced
SUPER_1	350991119	351005259	IR	319	.	350997919	0.319	0.815	23	14123	350991119	350991583	351004795	351005271	398148334	350900000	351150000	0	1636	464	13212	spaced
SUPER_1	7907544	8099061	IR	319	.	8003302	0.319	0.903	22	191556	7907544	7908034	8098573	8099061	398148334	7850000	8100000	22	2554	488	190539	wide
SUPER_1	169261080	169263291	IR	319	.	169262188	0.319	0.936	22	2206	169261080	169261345	169263031	169263291	398148334	169050000	169300000	22	3536	260	1686	immediate
SUPER_1	351150904	351156567	IR	319	.	351153230	0.319	0.949	22	5513	351150904	351151161	351156310	351156567	398148334	351050000	351300000	0	1728	257	5149	spaced
SUPER_1	352311086	352508652	IR	319	.	352410313	0.319	0.812	22	197567	352311086	352311234	352508504	352508680	398148334	352300000	352550000	0	1831	148	197270	wide
SUPER_1	242399687	242405458	IR	318	.	242402073	0.318	0.990	494	5751	242399687	242402538	242402607	242405461	398148334	242200000	242450000	0	3376	2851	69	immediate
SUPER_1	84515093	84523370	IR	318	.	84518872	0.318	0.955	346	8310	84515093	84517263	84521200	84523421	398148334	84350000	84600000	0	2820	2170	3937	spaced
SUPER_1	46602257	46647242	IR	318	.	46624411	0.318	0.992	344	44967	46602257	46604213	46645291	46647242	398148334	46400000	46650000	0	3745	1951	41078	spaced
SUPER_1	263516539	263603918	IR	318	.	263560655	0.318	0.922	201	87362	263516539	263517813	263602736	263603918	398148334	263450000	263700000	0	1837	1182	84923	spaced
SUPER_1	164634524	164639935	IR	318	.	164636948	0.318	0.972	186	5417	164634524	164635749	164638710	164639960	398148334	164400000	164650000	0	3953	1225	2961	spaced
SUPER_1	100131503	100133302	IR	318	.	100132441	0.318	0.995	84	105885	100131503	100131941	100132864	100133302	398148334	100000000	100250000	84	2206	438	923	immediate
SUPER_1	102593270	102610844	IR	318	.	102602543	0.318	0.971	70	17549	102593270	102593854	102610260	102610848	398148334	102400000	102650000	0	3367	584	16406	spaced
SUPER_1	173577186	173579587	IR	318	.	173578707	0.318	0.993	58	2383	173577186	173577589	173579184	173579587	398148334	173450000	173700000	0	2139	403	1595	immediate
SUPER_1	262308043	262337764	IR	318	.	262322973	0.318	0.930	58	29856	262308043	262308600	262337224	262337764	398148334	262150000	262400000	58	2881	540	28624	spaced
SUPER_1	325676065	325681211	IR	318	.	325679077	0.318	0.937	57	5129	325676065	325676542	325680753	325681211	398148334	325650000	325900000	0	477	458	4211	spaced
SUPER_1	8854623	8941592	IR	318	.	8898245	0.318	0.943	52	87039	8854623	8855342	8940874	8941592	398148334	8700000	8950000	52	3301	718	85532	spaced
SUPER_1	369951286	369953756	IR	318	.	369952368	0.318	1.000	47	2498	369951286	369951507	369953535	369953756	398148334	369750000	370000000	47	3375	221	2028	spaced
SUPER_1	86473168	86481449	IR	318	.	86477508	0.318	0.943	41	8308	86473168	86473486	86481145	86481449	398148334	86250000	86500000	41	3788	304	7659	spaced
SUPER_1	198322204	198329435	IR	318	.	198325606	0.318	0.942	40	7241	198322204	198322749	198328890	198329437	398148334	198100000	198350000	40	3763	545	6141	spaced
SUPER_1	302517369	302521072	IR	318	.	302519470	0.318	0.962	36	3638	302517369	302517766	302520675	302521074	398148334	302400000	302650000	0	1986	397	2909	spaced
SUPER_1	274020654	274130727	IR	318	.	274075388	0.318	0.895	32	110033	274020654	274020740	274130649	274130727	398148334	273900000	274150000	0	2928	78	109909	wide
SUPER_1	254831073	254856401	IR	318	.	254843535	0.318	0.940	31	25396	254831073	254831400	254856078	254856401	398148334	254650000	254900000	31	3228	323	24678	spaced
SUPER_1	272491672	272493771	IR	318	.	272492233	0.318	0.967	30	2070	272491672	272491941	272493502	272493773	398148334	272350000	272600000	0	2378	269	1561	immediate
SUPER_1	93502346	93543088	IR	318	.	93522852	0.318	0.930	25	40750	93502346	93502566	93542868	93543097	398148334	93300000	93550000	25	3711	220	40302	spaced
SUPER_1	267301081	267359094	IR	318	.	267330013	0.318	0.906	25	58028	267301081	267301546	267358629	267359105	398148334	267150000	267400000	25	3001	465	57083	spaced
SUPER_1	75828596	75903828	IR	318	.	75866436	0.318	0.847	23	75227	75828596	75829152	75903272	75903834	398148334	75750000	76000000	23	1936	556	74120	spaced
SUPER_1	368116738	368128867	IR	318	.	368123131	0.318	0.803	23	12083	368116738	368118222	368127454	368128867	398148334	368050000	368300000	0	1213	1413	9232	spaced
SUPER_1	124751538	124807753	IR	318	.	124779289	0.318	0.926	22	56196	124751538	124752296	124806996	124807753	398148334	124750000	125000000	0	493	757	54700	spaced
SUPER_1	110702751	110719757	IR	318	.	110711369	0.318	0.925	21	17195	110702751	110703165	110719343	110719759	398148334	110500000	110750000	21	3520	414	16178	spaced
SUPER_1	272882619	272899356	IR	318	.	272891191	0.318	0.903	21	17167	272882619	272882856	272899119	272899357	398148334	272850000	273100000	11	682	237	16263	spaced
SUPER_1	144857191	144864413	IR	317	.	144860421	0.317	0.991	268	7205	144857191	144858781	144862835	144864413	398148334	144650000	144900000	0	3513	1578	4054	spaced
SUPER_1	122620462	122629251	IR	317	.	122625063	0.317	0.999	202	8987	122620462	122621379	122628334	122629251	398148334	122400000	122650000	202	3747	917	6955	spaced
SUPER_1	241745605	241781391	IR	317	.	241763800	0.317	0.985	137	35753	241745605	241746644	241780352	241781391	398148334	241550000	241800000	0	3558	1039	33708	spaced
SUPER_1	146038472	146041782	IR	317	.	146040145	0.317	0.983	119	3475	146038472	146038984	146041270	146041791	398148334	145850000	146100000	119	3168	512	2286	spaced
SUPER_1	277149887	277343885	IR	317	.	277246946	0.317	0.980	119	194189	277149887	277150627	277343145	277343885	398148334	277100000	277350000	119	2447	740	192518	wide
SUPER_1	74306268	74309832	IR	317	.	74307916	0.317	0.994	99	3865	74306268	74306733	74309367	74309832	398148334	74100000	74350000	99	3467	465	2634	spaced
SUPER_1	240395350	240400401	IR	317	.	240397748	0.317	0.965	92	5840	240395350	240396209	240399542	240400402	398148334	240200000	240450000	92	3297	859	3333	spaced
SUPER_1	46247127	46288074	IR	317	.	46267130	0.317	0.886	67	40945	46247127	46249151	46286050	46288095	398148334	46100000	46350000	0	2793	2024	36899	spaced
SUPER_1	123326251	123344545	IR	317	.	123334975	0.317	0.920	65	18275	123326251	123327143	123343673	123344545	398148334	123100000	123350000	0	3923	872	16530	spaced
SUPER_1	99151559	99299299	IR	317	.	99224999	0.317	0.906	64	147746	99151559	99152376	99298482	99299322	398148334	99100000	99350000	0	2090	817	146106	wide
SUPER_1	176905446	176909106	IR	317	.	176906823	0.317	0.972	57	3635	176905446	176905880	176908676	176909106	398148334	176700000	176950000	0	3454	430	2796	spaced
SUPER_1	240909077	240913690	IR	317	.	240911279	0.317	0.991	49	69963	240909077	240909305	240913462	240913690	398148334	240750000	241000000	49	2689	228	4157	spaced
SUPER_1	263003906	263037533	IR	317	.	263020289	0.317	0.567	48	33591	263003906	263006625	263034888	263037533	398148334	262850000	263100000	0	2845	2645	28263	spaced
SUPER_1	1202059	1286939	IR	317	.	1244947	0.317	0.907	41	84864	1202059	1202950	1286048	1286942	398148334	1050000	1300000	0	3241	891	83098	spaced
SUPER_1	273405120	273408453	IR	317	.	273406534	0.317	1.000	41	3315	273405120	273405385	273408188	273408453	398148334	273200000	273450000	0	3446	265	2803	spaced
SUPER_1	324310163	324385960	IR	317	.	324347829	0.317	0.839	41	75745	324310163	324310215	324385908	324385970	398148334	324250000	324500000	673	1634	52	75693	spaced
SUPER_1	83791706	83795809	IR	317	.	83793831	0.317	0.970	39	4125	83791706	83792069	83795446	83795809	398148334	83550000	83800000	39	4062	363	3377	spaced
SUPER_1	126715074	126786921	IR	317	.	126750618	0.317	0.978	38	71803	126715074	126715520	126786475	126786921	398148334	126550000	126800000	0	3349	446	70955	spaced
SUPER_1	22046592	22058343	IR	317	.	22052455	0.317	0.826	35	11808	22046592	22047298	22057637	22058383	398148334	22000000	22250000	35	874	706	10339	spaced
SUPER_1	206204197	206211973	IR	317	.	206208452	0.317	0.943	35	7716	206204197	206204601	206211569	206211988	398148334	206200000	206450000	0	134	404	6968	spaced
SUPER_1	50824134	50835940	IR	317	.	50829590	0.317	1.000	34	11785	50824134	50824334	50835740	50835940	398148334	50700000	50950000	0	2167	200	11406	spaced
SUPER_1	169561765	169602879	IR	317	.	169582451	0.317	0.837	31	41143	169561765	169562275	169602382	169602879	398148334	169450000	169700000	31	2205	497	40107	spaced
SUPER_1	168137798	168141130	IR	317	.	168139020	0.317	0.888	30	3315	168137798	168138226	168140735	168141130	398148334	168000000	168250000	0	2324	395	2509	spaced
SUPER_1	321336168	321340060	IR	317	.	321338142	0.317	0.975	30	3906	321336168	321336405	321339823	321340062	398148334	321150000	321400000	30	3135	237	3418	spaced
SUPER_1	145009810	145014545	IR	317	.	145012340	0.317	0.984	29	4755	145009810	145009999	145014356	145014545	398148334	144900000	145150000	29	1869	189	4357	spaced
SUPER_1	163812581	163816862	IR	317	.	163814827	0.317	0.787	28	4273	163812581	163813023	163816492	163816862	398148334	163800000	164050000	28	245	370	3469	spaced
SUPER_1	104974334	105001946	IR	317	.	104987702	0.317	0.441	22	27578	104974334	104974402	105001912	105001946	398148334	104800000	105050000	0	3135	34	27510	spaced
SUPER_1	139771015	139784719	IR	316	.	139777711	0.316	0.983	573	14353	139771015	139775031	139780709	139784719	398148334	139550000	139800000	573	3797	4010	5678	spaced
SUPER_1	166245235	166341300	IR	316	.	166292898	0.316	0.947	298	96033	166245235	166248048	166338488	166341300	398148334	166150000	166400000	0	2387	2812	90440	spaced
SUPER_1	87078263	87122900	IR	316	.	87100564	0.316	0.989	122	44744	87078263	87078979	87122184	87122900	398148334	86950000	87200000	122	2509	716	43205	spaced
SUPER_1	25655017	25716971	IR	316	.	25685567	0.316	0.983	119	61936	25655017	25655933	25716055	25716971	398148334	25500000	25750000	0	3099	916	60122	spaced
SUPER_1	323544027	323550968	IR	316	.	323547853	0.316	0.911	82	6920	323544027	323545408	323549655	323550968	398148334	323400000	323650000	0	2458	1313	4247	spaced
SUPER_1	169380952	169387139	IR	316	.	169383947	0.316	0.997	78	6271	169380952	169381326	169386765	169387139	398148334	169150000	169400000	78	3900	374	5439	spaced
SUPER_1	3909241	3912066	IR	316	.	3910472	0.316	0.859	77	2923	3909241	3909711	3911596	3912121	398148334	3900000	4150000	77	177	470	1885	immediate
SUPER_1	274671032	274677790	IR	316	.	274673956	0.316	0.965	55	6740	274671032	274671633	274677191	274677790	398148334	274450000	274700000	0	3740	599	5558	spaced
SUPER_1	170452791	170476474	IR	316	.	170464501	0.316	0.901	50	23732	170452791	170453574	170475691	170476480	398148334	170300000	170550000	50	2743	783	22117	spaced
SUPER_1	227227139	227239608	IR	316	.	227233150	0.316	0.635	42	12507	227227139	227228249	227238498	227239608	398148334	227000000	227250000	42	3889	1110	10249	spaced
SUPER_1	128153463	128156901	IR	316	.	128154948	0.316	0.995	38	3466	128153463	128153678	128156686	128156901	398148334	127950000	128200000	38	3419	215	3008	spaced
SUPER_1	305805862	305811461	IR	316	.	305808890	0.316	0.969	38	5793	305805862	305806154	305811169	305811461	398148334	305600000	305850000	38	3477	292	5015	spaced
SUPER_1	177742948	177757034	IR	316	.	177749528	0.316	0.672	34	14104	177742948	177743392	177756590	177757074	398148334	177550000	177800000	0	3333	444	13198	spaced
SUPER_1	193939631	193987826	IR	316	.	193963237	0.316	0.404	32	48159	193939631	193939683	193987774	193987884	398148334	193750000	194000000	0	3562	52	48091	spaced
SUPER_1	198871600	198903145	IR	316	.	198887691	0.316	0.975	29	31528	198871600	198871876	198902869	198903146	398148334	198800000	199050000	0	1456	276	30993	spaced
SUPER_1	175846790	175979192	IR	316	.	175912574	0.316	0.869	28	132379	175846790	175847431	175978573	175979192	398148334	175750000	176000000	0	2716	619	131142	wide
SUPER_1	193542412	193720277	IR	316	.	193631653	0.316	0.895	24	177815	193542412	193543088	193719601	193720278	398148334	193500000	193750000	0	2188	676	176513	wide
SUPER_1	49471937	49497877	IR	316	.	49485336	0.316	0.936	22	25912	49471937	49472172	49497650	49497877	398148334	49450000	49700000	0	581	227	25478	spaced
SUPER_1	101931185	102057422	IR	316	.	101994436	0.316	0.960	21	126239	101931185	101931334	102057274	102057422	398148334	101850000	102100000	21	2404	148	125940	wide
SUPER_1	352717044	352795952	IR	315	.	352756914	0.315	0.898	180	78907	352717044	352722711	352790285	352795974	398148334	352600000	352850000	0	2608	5667	67574	spaced
SUPER_1	305758704	305762448	IR	315	.	305760257	0.315	0.979	152	3725	305758704	305759773	305761389	305762448	398148334	305550000	305800000	0	3509	1059	1616	immediate
SUPER_1	87785304	87837997	IR	315	.	87811160	0.315	0.905	151	52721	87785304	87785923	87837378	87838046	398148334	87600000	87850000	0	3527	619	51455	spaced
SUPER_1	109706693	109710638	IR	315	.	109709131	0.315	0.989	139	3922	109706693	109707665	109709667	109710638	398148334	109500000	109750000	0	3477	971	2002	spaced
SUPER_1	377364902	377371570	IR	315	.	377368017	0.315	1.000	108	8401	377364902	377364919	377371553	377371570	398148334	377150000	377400000	1	3637	17	6634	spaced
SUPER_1	268257015	268305944	IR	315	.	268281747	0.315	0.438	103	48941	268257015	268272129	268290830	268305974	398148334	268100000	268350000	0	3024	15114	18701	spaced
SUPER_1	372460471	372475652	IR	315	.	372468392	0.315	0.911	93	15105	372460471	372462591	372473559	372475652	398148334	372250000	372500000	0	3634	2093	10968	spaced
SUPER_1	228540069	228560391	IR	315	.	228550292	0.315	0.834	70	20376	228540069	228540587	228559952	228560391	398148334	228350000	228600000	70	3337	439	19365	spaced
SUPER_1	153029707	153043879	IR	315	.	153036575	0.315	0.957	64	14325	153029707	153030287	153043302	153043879	398148334	152800000	153050000	64	3946	577	13015	spaced
SUPER_1	204327088	204332255	IR	315	.	204329993	0.315	0.989	55	5144	204327088	204327450	204331894	204332255	398148334	204100000	204350000	0	3827	361	4444	spaced
SUPER_1	11409793	11413493	IR	315	.	11411279	0.315	0.922	49	3636	11409793	11410257	11413050	11413493	398148334	11200000	11450000	0	3527	443	2793	spaced
SUPER_1	151857252	151885638	IR	315	.	151871665	0.315	0.946	40	28463	151857252	151857754	151885141	151885638	398148334	151650000	151900000	40	3690	497	27387	spaced
SUPER_1	55904318	55941938	IR	315	.	55923614	0.315	0.976	39	37603	55904318	55904611	55941645	55941941	398148334	55750000	56000000	0	2885	293	37034	spaced
SUPER_1	156685407	156826948	IR	315	.	156756663	0.315	0.909	32	141535	156685407	156686262	156826093	156826960	398148334	156650000	156900000	0	1769	855	139831	wide
SUPER_1	115866129	115870135	IR	315	.	115867628	0.315	0.782	23	3981	115866129	115866482	115869833	115870135	398148334	115650000	115900000	0	3635	302	3351	spaced
SUPER_1	262386311	262416347	IR	315	.	262401352	0.315	0.819	21	30062	262386311	262386632	262416026	262416385	398148334	262200000	262450000	21	3355	321	29394	spaced
SUPER_1	355573075	355580121	IR	314	.	355576418	0.314	0.998	277	7369	355573075	355574310	355578887	355580121	398148334	355350000	355600000	277	3776	1234	4577	spaced
SUPER_1	85557806	85561559	IR	314	.	85559401	0.314	0.979	209	3752	85557806	85558869	85560496	85561581	398148334	85550000	85800000	0	161	1063	1627	immediate
SUPER_1	298063475	298085860	IR	314	.	298074667	0.314	0.987	200	22695	298063475	298064618	298084717	298085860	398148334	297850000	298100000	200	3744	1143	20099	spaced
SUPER_1	128333936	128338510	IR	314	.	128336512	0.314	0.864	178	4239	128333936	128335266	128337262	128338510	398148334	128200000	128450000	0	2270	1248	1996	immediate
SUPER_1	351336750	351353714	IR	314	.	351345366	0.314	0.885	134	17183	351336750	351337989	351352475	351353717	398148334	351200000	351450000	134	2420	1239	14486	spaced
SUPER_1	22864667	22868526	IR	314	.	22866486	0.314	0.990	120	4011	22864667	22865252	22867941	22868529	398148334	22700000	22950000	120	2776	585	2689	spaced
SUPER_1	298691247	298697124	IR	314	.	298693860	0.314	0.991	93	5859	298691247	298691811	298696560	298697124	398148334	298450000	298700000	0	4069	564	4749	spaced
SUPER_1	246404791	246410185	IR	314	.	246407443	0.314	0.929	73	5838	246404791	246405547	246409446	246410185	398148334	246250000	246500000	73	2624	739	3899	spaced
SUPER_1	120663497	120722927	IR	314	.	120693675	0.314	0.954	67	59410	120663497	120664277	120722147	120722929	398148334	120500000	120750000	0	3220	780	57870	spaced
SUPER_1	79240247	79243462	IR	314	.	79241868	0.314	0.902	54	3270	79240247	79240951	79242780	79243462	398148334	79000000	79250000	54	4030	682	1829	immediate
SUPER_1	220653851	220689151	IR	314	.	220671468	0.314	0.451	50	38379	220653851	220657677	220685325	220689152	398148334	220500000	220750000	50	2858	3826	27648	spaced
SUPER_1	280209932	280217645	IR	314	.	280213358	0.314	0.423	48	7661	280209932	280210040	280217593	280217645	398148334	280100000	280350000	0	1896	52	7553	spaced
SUPER_1	175528644	175535113	IR	314	.	175531963	0.314	0.979	44	6486	175528644	175528933	175534824	175535113	398148334	175300000	175550000	44	3864	289	5891	spaced
SUPER_1	137247783	137262351	IR	314	.	137254694	0.314	0.973	37	14521	137247783	137248075	137262059	137262351	398148334	137050000	137300000	0	3417	292	13984	spaced
SUPER_1	62975926	63031282	IR	314	.	63003949	0.314	0.814	35	55338	62975926	62978356	63028869	63031282	398148334	62950000	63200000	0	893	2413	50513	spaced
SUPER_1	304492204	304526354	IR	314	.	304509287	0.314	1.000	32	34174	304492204	304492359	304526199	304526354	398148334	304300000	304550000	33	3487	155	33840	spaced
SUPER_1	25205328	25270323	IR	314	.	25238244	0.314	0.938	30	64990	25205328	25205831	25269820	25270336	398148334	25150000	25400000	0	1463	503	63989	spaced
SUPER_1	126529734	126535362	IR	314	.	126532238	0.314	1.000	27	5607	126529734	126529870	126535226	126535362	398148334	126300000	126550000	0	3875	136	5356	spaced
SUPER_1	133731769	133775371	IR	314	.	133753293	0.314	0.852	25	43458	133731769	133732459	133774686	133775371	398148334	133600000	133850000	0	2559	685	42227	spaced
SUPER_1	141475237	141513104	IR	314	.	141494186	0.314	0.916	24	37938	141475237	141475787	141512554	141513110	398148334	141300000	141550000	24	3236	550	36767	spaced
SUPER_1	383149470	383161998	IR	314	.	383155648	0.314	0.947	22	12524	383149470	383149733	383161735	383161998	398148334	382950000	383200000	22	3428	263	12002	spaced
SUPER_1	205949314	205956351	IR	313	.	205952511	0.313	1.000	610	7016	205949314	205952718	205952947	205956351	398148334	205750000	206000000	0	3380	3404	229	immediate
SUPER_1	355141496	355147443	IR	313	.	355144791	0.313	0.998	503	5927	355141496	355144355	355144584	355147443	398148334	354900000	355150000	0	4074	2859	229	immediate
SUPER_1	71447775	71450972	IR	313	.	71449188	0.313	0.999	243	3422	71447775	71448859	71449888	71450972	398148334	71250000	71500000	243	3322	1084	1029	immediate
SUPER_1	333726660	333737256	IR	313	.	333731455	0.313	0.976	125	10578	333726660	333727437	333736496	333737256	398148334	333500000	333750000	0	3865	760	9059	spaced
SUPER_1	75506498	75511368	IR	313	.	75509337	0.313	0.950	74	4863	75506498	75507041	75510825	75511383	398148334	75300000	75550000	0	3482	543	3784	spaced
SUPER_1	266853362	266862621	IR	313	.	266857859	0.313	0.976	65	9314	266853362	266853808	266862175	266862627	398148334	266650000	266900000	65	3466	446	8367	spaced
SUPER_1	273867062	273896444	IR	313	.	273881337	0.313	0.400	62	15616	273867062	273881244	273882297	273896444	398148334	273800000	274050000	0	1362	14147	1053	immediate
SUPER_1	276794181	276804549	IR	313	.	276799379	0.313	0.997	61	10434	276794181	276794487	276804243	276804549	398148334	276650000	276900000	61	2489	306	9756	spaced
SUPER_1	88595397	88705106	IR	313	.	88650507	0.313	0.944	56	109690	88595397	88596173	88704331	88705106	398148334	88500000	88750000	0	2504	775	108158	wide
SUPER_1	62655574	62663319	IR	313	.	62659879	0.313	0.829	54	7657	62655574	62655667	62663226	62663337	398148334	62450000	62700000	0	3490	93	7559	spaced
SUPER_1	271018416	271037454	IR	313	.	271028296	0.313	0.963	50	18977	271018416	271018955	271036921	271037454	398148334	270850000	271100000	0	2965	533	17966	spaced
SUPER_1	272906749	272910457	IR	313	.	272908553	0.313	0.981	39	3722	272906749	272907072	272910134	272910457	398148334	272700000	272950000	39	3476	323	3062	spaced
SUPER_1	126204590	126208512	IR	313	.	126206826	0.313	0.953	35	3876	126204590	126204949	126208153	126208515	398148334	126000000	126250000	0	3442	359	3204	spaced
SUPER_1	78116071	78120749	IR	313	.	78118522	0.313	0.994	31	4671	78116071	78116241	78120579	78120749	398148334	77900000	78150000	31	3640	170	4338	spaced
SUPER_1	327034950	327037852	IR	313	.	327036381	0.313	0.926	30	2894	327034950	327035340	327037465	327037852	398148334	326800000	327050000	30	3939	387	2125	spaced
SUPER_1	94304563	94307131	IR	313	.	94306161	0.313	0.957	29	2548	94304563	94304867	94306830	94307131	398148334	94100000	94350000	0	3430	301	1963	immediate
SUPER_1	209200413	209202866	IR	313	.	209201141	0.313	0.980	26	2434	209200413	209200616	209202664	209202866	398148334	209150000	209400000	0	860	202	2048	spaced
SUPER_1	304115795	304121566	IR	313	.	304118396	0.313	0.963	24	5748	304115795	304116067	304121294	304121566	398148334	303950000	304200000	0	2811	272	5227	spaced
SUPER_1	278199151	278204731	IR	312	.	278202168	0.312	0.998	503	5910	278199151	278200789	278203095	278204731	398148334	278000000	278250000	349	3365	1636	2306	spaced
SUPER_1	361113107	361167609	IR	312	.	361140581	0.312	0.965	373	54938	361113107	361115163	361165553	361167630	398148334	360950000	361200000	373	3172	2056	50390	spaced
SUPER_1	219450175	219459914	IR	312	.	219454928	0.312	0.939	163	9871	219450175	219451396	219458746	219459914	398148334	219250000	219500000	163	3417	1168	7350	spaced
SUPER_1	73028806	73032437	IR	312	.	73030667	0.312	0.981	136	4004	73028806	73029534	73031710	73032437	398148334	72800000	73050000	136	3843	727	2176	spaced
SUPER_1	296183663	296211553	IR	312	.	296197233	0.312	0.986	103	27864	296183663	296184377	296210839	296211553	398148334	296000000	296250000	0	3293	714	26462	spaced
SUPER_1	222614965	222713690	IR	312	.	222663844	0.312	0.997	90	98694	222614965	222615556	222713099	222713691	398148334	222500000	222750000	0	2738	591	97543	spaced
SUPER_1	269985721	269990011	IR	312	.	269988122	0.312	0.988	82	4255	269985721	269986282	269989450	269990011	398148334	269750000	270000000	0	3964	561	3168	spaced
SUPER_1	164740933	164787065	IR	312	.	164763596	0.312	0.513	74	46130	164740933	164744346	164783652	164787114	398148334	164700000	164950000	0	1066	3413	39306	spaced
SUPER_1	181250025	181269986	IR	312	.	181260073	0.312	0.974	69	20009	181250025	181250564	181269447	181269986	398148334	181100000	181350000	69	2666	539	18883	spaced
SUPER_1	69294011	69335759	IR	312	.	69315002	0.312	0.761	66	41836	69294011	69294720	69335050	69335791	398148334	69200000	69450000	73	1914	709	40330	spaced
SUPER_1	28628910	28634589	IR	312	.	28631937	0.312	0.983	58	5725	28628910	28629206	28634293	28634591	398148334	28600000	28850000	58	529	296	5087	spaced
SUPER_1	133452825	133456294	IR	312	.	133454959	0.312	0.992	51	3443	133452825	133453191	133455928	133456294	398148334	133400000	133650000	0	909	366	2737	spaced
SUPER_1	150394108	150476797	IR	312	.	150434994	0.312	0.725	48	82667	150394108	150395763	150475170	150476797	398148334	150300000	150550000	0	2257	1627	79407	spaced
SUPER_1	385900203	385978377	IR	312	.	385939453	0.312	0.927	48	78209	385900203	385900808	385977772	385978387	398148334	385750000	386000000	48	3154	605	76964	spaced
SUPER_1	366204553	366263709	IR	312	.	366234422	0.312	0.789	44	59175	366204553	366205231	366263031	366263748	398148334	366100000	366350000	0	2235	678	57800	spaced
SUPER_1	333396018	333403352	IR	312	.	333400109	0.312	0.965	40	7250	333396018	333396102	333403268	333403354	398148334	333200000	333450000	0	3327	84	7166	spaced
SUPER_1	320989878	321008183	IR	312	.	320998615	0.312	0.797	39	18399	320989878	320990946	321007115	321008296	398148334	320800000	321050000	0	3317	1068	16169	spaced
SUPER_1	89919538	89921581	IR	312	.	89920904	0.312	0.961	38	2028	89919538	89919923	89921196	89921585	398148334	89900000	90150000	0	342	385	1273	immediate
SUPER_1	8428668	8434117	IR	312	.	8431447	0.312	0.931	36	5461	8428668	8428852	8433936	8434117	398148334	8200000	8450000	36	3856	181	5084	spaced
SUPER_1	172557837	172577919	IR	312	.	172567387	0.312	0.469	32	20160	172557837	172560120	172575636	172578019	398148334	172350000	172600000	0	3631	2283	15516	spaced
SUPER_1	348362288	348365553	IR	312	.	348363501	0.312	0.950	32	3255	348362288	348362598	348365243	348365563	398148334	348150000	348400000	0	3565	310	2645	spaced
SUPER_1	239698966	239813862	IR	312	.	239756531	0.312	0.839	31	115128	239698966	239699566	239813262	239813907	398148334	239650000	239900000	31	1773	600	113696	wide
SUPER_1	317036832	317043931	IR	312	.	317040755	0.312	0.982	31	7075	317036832	317037116	317043647	317043931	398148334	316900000	317150000	0	2339	284	6531	spaced
SUPER_1	171233828	171243787	IR	312	.	171238883	0.312	0.911	23	9964	171233828	171234098	171243517	171243797	398148334	171100000	171350000	23	2313	270	9419	spaced
SUPER_1	21913614	21926999	IR	311	.	21919955	0.311	1.000	813	13352	21913614	21918108	21922505	21926999	398148334	21700000	21950000	0	3671	4494	4397	spaced
SUPER_1	204956404	204962471	IR	311	.	204959089	0.311	0.945	281	6098	204956404	204958810	204960065	204962564	398148334	204800000	205050000	0	2657	2406	1255	immediate
SUPER_1	143189952	143200294	IR	311	.	143194790	0.311	0.986	229	10317	143189952	143191282	143198978	143200294	398148334	143050000	143300000	0	2418	1316	7696	spaced
SUPER_1	347504586	347523050	IR	311	.	347514297	0.311	0.994	205	18439	347504586	347505818	347521818	347523050	398148334	347300000	347550000	0	3563	1232	16000	spaced
SUPER_1	215631727	215634026	IR	311	.	215632971	0.311	0.998	184	2492	215631727	215632563	215633190	215634026	398148334	215400000	215650000	184	3881	836	627	immediate
SUPER_1	39884533	39898795	IR	311	.	39891302	0.311	0.930	170	14217	39884533	39886067	39897311	39898795	398148334	39700000	39950000	0	3194	1484	11244	spaced
SUPER_1	171325196	171339693	IR	311	.	171332251	0.311	0.939	116	14662	171325196	171326396	171338522	171339693	398148334	171150000	171400000	116	3040	1171	12126	spaced
SUPER_1	343254093	343258615	IR	311	.	343255968	0.311	0.988	111	4497	343254093	343254868	343257840	343258617	398148334	343100000	343350000	0	2605	775	2972	spaced
SUPER_1	226082722	226085630	IR	311	.	226084451	0.311	0.986	92	2882	226082722	226083374	226084983	226085630	398148334	225850000	226100000	0	3902	647	1609	immediate
SUPER_1	161476119	161482187	IR	311	.	161479640	0.311	0.867	78	6039	161476119	161476914	161481484	161482187	398148334	161250000	161500000	0	3819	703	4570	spaced
SUPER_1	333712970	333720735	IR	311	.	333716503	0.311	0.981	72	7669	333712970	333713073	333720634	333720735	398148334	333700000	333950000	0	280	101	7561	spaced
SUPER_1	325614144	325675626	IR	311	.	325645252	0.311	0.859	58	61434	325614144	325619411	325670359	325675654	398148334	325550000	325800000	0	1581	5267	50948	spaced
SUPER_1	307248498	307261145	IR	311	.	307255079	0.311	0.920	47	12607	307248498	307248827	307260827	307261145	398148334	307050000	307300000	0	3413	318	12000	spaced
SUPER_1	187524522	187528068	IR	311	.	187525837	0.311	0.974	42	3521	187524522	187524908	187527682	187528068	398148334	187450000	187700000	0	1271	386	2774	spaced
SUPER_1	326668473	326749722	IR	311	.	326709149	0.311	0.942	32	81346	326668473	326668815	326749381	326749722	398148334	326500000	326750000	32	3484	341	80566	spaced
SUPER_1	216134500	216159391	IR	311	.	216146702	0.311	0.971	27	24969	216134500	216134773	216159118	216159392	398148334	215950000	216200000	27	3282	273	24345	spaced
SUPER_1	33443113	33457376	IR	311	.	33450450	0.311	0.536	21	14210	33443113	33444099	33456404	33457376	398148334	33250000	33500000	41	3337	972	12305	spaced
SUPER_1	382738113	382797147	IR	310	.	382767727	0.310	0.427	62	58970	382738113	382738161	382797099	382797198	398148334	382650000	382900000	918	1960	48	58938	spaced
SUPER_1	234438106	234529883	IR	310	.	234483575	0.310	0.967	61	91759	234438106	234438838	234529151	234529885	398148334	234400000	234650000	0	1399	732	90313	spaced
SUPER_1	237834904	237836847	IR	310	.	237835691	0.310	0.997	61	2011	237834904	237835215	237836536	237836847	398148334	237650000	237900000	61	3097	311	1321	immediate
SUPER_1	175337648	175342788	IR	310	.	175340327	0.310	0.891	53	5182	175337648	175338041	175342399	175342788	398148334	175100000	175350000	53	4003	389	4358	spaced
SUPER_1	185586538	185602309	IR	310	.	185594339	0.310	0.958	35	15771	185586538	185586939	185601908	185602309	398148334	185450000	185700000	35	2406	401	14969	spaced
SUPER_1	55191896	55193545	IR	310	.	55192720	0.310	0.973	34	97999	55191896	55192151	55193290	55193545	398148334	55050000	55300000	34	2378	255	1139	immediate
SUPER_1	7671115	7728210	IR	310	.	7699707	0.310	0.796	30	57244	7671115	7671651	7727674	7728223	398148334	7500000	7750000	30	3327	536	56023	spaced
SUPER_1	348029075	348041010	IR	310	.	348035297	0.310	0.714	28	11885	348029075	348029145	348040960	348041010	398148334	347800000	348050000	0	3917	50	11815	spaced
SUPER_1	89153103	89242553	IR	310	.	89197682	0.310	0.813	26	89460	89153103	89153324	89242344	89242553	398148334	89000000	89250000	26	3296	209	89020	spaced
SUPER_1	269042866	269073518	IR	310	.	269058625	0.310	0.914	25	30632	269042866	269043320	269073083	269073518	398148334	268950000	269200000	0	1803	435	29763	spaced
SUPER_1	159284208	159287621	IR	310	.	159285564	0.310	0.892	24	3408	159284208	159284609	159287220	159287644	398148334	159150000	159400000	0	2265	401	2611	spaced
SUPER_1	57441944	57560571	IR	310	.	57500993	0.310	0.962	22	118600	57441944	57442156	57560359	57560571	398148334	57350000	57600000	0	2520	212	118203	wide
SUPER_1	41144213	41194061	IR	310	.	41169093	0.310	0.557	21	49755	41144213	41147456	41190818	41194093	398148334	41050000	41300000	25	1985	3243	43362	spaced
SUPER_1	141225332	141257948	IR	309	.	141241177	0.309	0.991	209	32605	141225332	141226598	141256682	141257956	398148334	141050000	141300000	0	3193	1266	30084	spaced
SUPER_1	309045896	309050518	IR	309	.	309047962	0.309	0.989	159	4759	309045896	309046636	309049778	309050518	398148334	308850000	309100000	151	3303	740	3142	spaced
SUPER_1	175386329	175402908	IR	309	.	175394246	0.309	0.983	114	16560	175386329	175387286	175401951	175402908	398148334	175200000	175450000	0	3243	957	14665	spaced
SUPER_1	160419288	160434096	IR	309	.	160426795	0.309	0.916	105	14987	160419288	160420223	160433161	160434145	398148334	160200000	160450000	105	3778	935	12938	spaced
SUPER_1	303755615	303761668	IR	309	.	303759094	0.309	0.993	75	6031	303755615	303756060	303761223	303761669	398148334	303600000	303850000	0	2643	445	5163	spaced
SUPER_1	88237520	88265735	IR	309	.	88251937	0.309	0.963	70	28193	88237520	88238244	88265017	88265735	398148334	88050000	88300000	0	3360	718	26773	spaced
SUPER_1	95712691	95720784	IR	309	.	95716456	0.309	1.000	67	8063	95712691	95713109	95720366	95720784	398148334	95500000	95750000	0	3612	418	7257	spaced
SUPER_1	247494928	247499362	IR	309	.	247497451	0.309	0.966	44	4398	247494928	247495285	247499011	247499362	398148334	247250000	247500000	0	4118	351	3726	spaced
SUPER_1	40067027	40241743	IR	309	.	40153940	0.309	0.927	41	174682	40067027	40067531	40241258	40241743	398148334	40050000	40300000	0	1739	485	173727	wide
SUPER_1	329811770	329831260	IR	309	.	329821194	0.309	0.874	40	19376	329811770	329812848	329830214	329831260	398148334	329650000	329900000	0	2858	1046	17366	spaced
SUPER_1	309508526	309559541	IR	309	.	309533697	0.309	0.909	39	50989	309508526	309509424	309558652	309559541	398148334	309350000	309600000	0	3067	889	49228	spaced
SUPER_1	137165490	137173513	IR	309	.	137169111	0.309	0.913	36	8000	137165490	137165822	137173206	137173513	398148334	137100000	137350000	0	1158	307	7384	spaced
SUPER_1	306933915	306937319	IR	309	.	306935943	0.309	0.954	36	3384	306933915	306934304	306936930	306937319	398148334	306700000	306950000	0	3926	389	2626	spaced
SUPER_1	249514423	249521942	IR	309	.	249518574	0.309	0.978	35	7459	249514423	249514512	249521855	249521942	398148334	249300000	249550000	0	3636	87	7343	spaced
SUPER_1	64463470	64466093	IR	309	.	64465071	0.309	0.920	31	2590	64463470	64464006	64465557	64466105	398148334	64250000	64500000	0	3579	536	1551	immediate
SUPER_1	141464539	141475162	IR	309	.	141469958	0.309	0.932	24	79526	141464539	141464891	141474814	141475162	398148334	141300000	141550000	24	2830	348	9923	spaced
SUPER_1	103076285	103080300	IR	309	.	103078501	0.309	0.958	22	4021	103076285	103076524	103080062	103080300	398148334	102900000	103150000	22	2971	238	3538	spaced
SUPER_1	150091734	150100057	IR	308	.	150095413	0.308	0.989	492	8301	150091734	150094747	150097044	150100061	398148334	150000000	150250000	0	1598	3013	2297	spaced
SUPER_1	36213990	36282588	IR	308	.	36248688	0.308	0.992	342	68579	36213990	36215877	36280701	36282603	398148334	36050000	36300000	0	3304	1887	64824	spaced
SUPER_1	105646705	105650116	IR	308	.	105648002	0.308	0.904	92	3400	105646705	105647709	105649112	105650125	398148334	105450000	105700000	0	3306	1004	1403	immediate
SUPER_1	261994274	262023691	IR	308	.	262008627	0.308	0.864	92	29472	261994274	261994973	262022992	262023764	398148334	261900000	262150000	0	1816	699	28019	spaced
SUPER_1	275076420	275088140	IR	308	.	275082461	0.308	0.998	89	11836	275076420	275076845	275087716	275088140	398148334	274850000	275100000	89	3871	424	10871	spaced
SUPER_1	107807211	107812590	IR	308	.	107810340	0.308	0.754	88	4731	107807211	107808762	107811065	107812590	398148334	107600000	107850000	0	3498	1525	2303	spaced
SUPER_1	58927221	58980446	IR	308	.	58953592	0.308	0.944	76	53249	58927221	58927588	58980079	58980453	398148334	58750000	59000000	31	3397	367	52491	spaced
SUPER_1	293438755	293468244	IR	308	.	293453004	0.308	0.880	45	29301	293438755	293440636	293466375	293468244	398148334	293250000	293500000	0	3391	1869	25739	spaced
SUPER_1	388217137	388333863	IR	308	.	388275850	0.308	0.951	38	116714	388217137	388217517	388333483	388333869	398148334	388150000	388400000	0	2091	380	115966	wide
SUPER_1	51488243	51495047	IR	308	.	51492084	0.308	0.846	37	6820	51488243	51488464	51494826	51495085	398148334	51350000	51600000	0	2360	221	6362	spaced
SUPER_1	291869795	291926123	IR	308	.	291898229	0.308	0.920	37	56310	291869795	291870299	291925620	291926123	398148334	291700000	291950000	0	3299	503	55321	spaced
SUPER_1	32018282	32034711	IR	308	.	32026471	0.308	0.908	32	16460	32018282	32018917	32034076	32034720	398148334	31800000	32050000	32	3774	635	15159	spaced
SUPER_1	18212158	18223085	IR	308	.	18217675	0.308	0.799	27	11463	18212158	18213443	18221800	18223105	398148334	18050000	18300000	27	2793	1285	8357	spaced
SUPER_1	88103555	88125431	IR	308	.	88114655	0.308	0.745	20	21894	88103555	88104266	88124720	88125457	398148334	87900000	88150000	20	3574	711	20454	spaced
SUPER_1	47472762	47480977	IR	307	.	47476899	0.307	0.955	263	9311	47472762	47475065	47478679	47480977	398148334	47300000	47550000	263	2947	2298	3614	spaced
SUPER_1	150849072	150858958	IR	307	.	150853726	0.307	1.000	237	9868	150849072	150850405	150857625	150858958	398148334	150650000	150900000	0	3400	1333	7220	spaced
SUPER_1	365232163	365236977	IR	307	.	365234822	0.307	0.995	149	4793	365232163	365233039	365236101	365236977	398148334	365000000	365250000	0	3909	876	3062	spaced
SUPER_1	308562508	308592214	IR	307	.	308577625	0.307	0.915	102	29682	308562508	308563398	308591324	308592214	398148334	308350000	308600000	0	3789	890	27926	spaced
SUPER_1	100195276	100221766	IR	307	.	100208860	0.307	0.974	64	26443	100195276	100195805	100221237	100221768	398148334	100050000	100300000	0	2641	529	25432	spaced
SUPER_1	113709886	113810417	IR	307	.	113759778	0.307	0.929	59	100510	113709886	113710798	113809516	113810417	398148334	113600000	113850000	0	2669	901	98718	spaced
SUPER_1	247352014	247420359	IR	307	.	247386062	0.307	0.968	45	68369	247352014	247352392	247419981	247420359	398148334	247200000	247450000	45	3102	378	67589	spaced
SUPER_1	155669757	155707565	IR	307	.	155688623	0.307	0.923	36	38042	155669757	155670056	155707266	155707573	398148334	155600000	155850000	36	1477	299	37210	spaced
SUPER_1	22102959	22106056	IR	307	.	22104184	0.307	0.981	35	3071	22102959	22103279	22105738	22106056	398148334	22000000	22250000	0	1741	318	2459	spaced
SUPER_1	168884433	168939399	IR	307	.	168911623	0.307	0.757	35	55045	168884433	168885028	168938804	168939500	398148334	168800000	169050000	0	1865	595	53776	spaced
SUPER_1	352552700	352557820	IR	307	.	352555221	0.307	0.000	31	5072	352552700	352552742	352557778	352557905	398148334	352450000	352700000	272	1754	42	5036	spaced
SUPER_1	269204917	269219135	IR	307	.	269212257	0.307	0.900	30	14536	269204917	269204967	269219085	269219135	398148334	269000000	269250000	2	3533	50	14118	spaced
SUPER_1	124910311	125118284	IR	307	.	125014184	0.307	0.896	21	207972	124910311	124910810	125117785	125118290	398148334	124900000	125150000	21	1904	499	206975	wide
SUPER_1	302745336	302847100	IR	307	.	302796213	0.307	1.000	20	101756	302745336	302745441	302846995	302847100	398148334	302700000	302950000	20	1603	105	101554	wide
SUPER_1	378846908	378854325	IR	306	.	378850675	0.306	0.897	101	7695	378846908	378848664	378852569	378854329	398148334	378650000	378900000	101	3343	1756	3905	spaced
SUPER_1	36916945	36924394	IR	306	.	36920493	0.306	0.952	60	8046	36916945	36917465	36923875	36924394	398148334	36700000	36950000	60	3677	519	6410	spaced
SUPER_1	52240813	52244209	IR	306	.	52242195	0.306	0.971	46	3378	52240813	52241263	52243761	52244209	398148334	52000000	52250000	0	4041	448	2498	spaced
SUPER_1	257577841	257700397	IR	306	.	257638933	0.306	0.932	27	122584	257577841	257578132	257700106	257700398	398148334	257500000	257750000	27	2318	291	121974	wide
SUPER_1	219882242	219891606	IR	305	.	219886446	0.305	0.883	216	9342	219882242	219884982	219888882	219891606	398148334	219650000	219900000	0	3948	2724	3900	spaced
SUPER_1	284219144	284230319	IR	305	.	284224865	0.305	0.914	154	11690	284219144	284220567	284228896	284230383	398148334	284000000	284250000	154	3745	1423	8329	spaced
SUPER_1	297518746	297521135	IR	305	.	297520318	0.305	0.990	61	2370	297518746	297519151	297520730	297521136	398148334	297300000	297550000	0	3665	405	1579	immediate
SUPER_1	33951596	34004431	IR	305	.	33977753	0.305	0.869	56	52879	33951596	33952424	34003603	34004498	398148334	33850000	34100000	0	2133	828	51179	spaced
SUPER_1	54617566	54756274	IR	305	.	54687410	0.305	0.926	41	138565	54617566	54618352	54755498	54756274	398148334	54600000	54850000	0	1448	776	137146	wide
SUPER_1	81667187	81671112	IR	305	.	81668954	0.305	0.981	38	3956	81667187	81667397	81670902	81671114	398148334	81450000	81700000	38	3652	210	3505	spaced
SUPER_1	224087319	224097424	IR	304	.	224092843	0.304	0.960	194	10077	224087319	224089299	224095444	224097427	398148334	223850000	224100000	0	4039	1980	6145	spaced
SUPER_1	218580529	218597861	IR	304	.	218589642	0.304	0.955	111	17314	218580529	218581786	218596604	218597861	398148334	218400000	218650000	0	3153	1257	14818	spaced
SUPER_1	272029851	272113123	IR	304	.	272071882	0.304	0.938	63	83243	272029851	272030720	272112268	272113123	398148334	271950000	272200000	0	2024	855	81548	spaced
SUPER_1	315290364	315403947	IR	304	.	315346702	0.304	0.900	43	113511	315290364	315290436	315403875	315403955	398148334	315200000	315450000	0	2452	72	113439	wide
SUPER_1	275758823	275799579	IR	304	.	275778778	0.304	0.946	41	40732	275758823	275759286	275799120	275799579	398148334	275750000	276000000	0	486	459	39834	spaced
SUPER_1	246869879	246889438	IR	304	.	246879390	0.304	0.882	31	19499	246869879	246869947	246889378	246889438	398148334	246650000	246900000	0	3827	60	19431	spaced
SUPER_1	225777020	225797732	IR	304	.	225787002	0.304	0.987	23	20694	225777020	225777179	225797573	225797732	398148334	225550000	225800000	0	3956	159	20394	spaced
SUPER_1	307465207	307494675	IR	304	.	307479604	0.304	0.881	21	29445	307465207	307466011	307493873	307494675	398148334	307350000	307600000	0	2165	802	27862	spaced
SUPER_1	198585736	198589065	IR	303	.	198587080	0.303	1.000	109	3311	198585736	198586369	198588432	198589065	398148334	198450000	198700000	0	2289	633	2063	spaced
SUPER_1	247956764	248006223	IR	303	.	247981922	0.303	0.926	100	49462	247956764	247958025	248004962	248006259	398148334	247900000	248150000	0	1358	1261	46937	spaced
SUPER_1	119026157	119057186	IR	303	.	119041274	0.303	0.982	80	31009	119026157	119026709	119056635	119057186	398148334	118850000	119100000	0	3194	551	29926	spaced
SUPER_1	104859004	104903874	IR	303	.	104881669	0.303	0.963	68	45084	104859004	104859328	104903550	104903874	398148334	104700000	104950000	37	3023	324	44222	spaced
SUPER_1	222852892	222873729	IR	303	.	222862868	0.303	0.955	67	20820	222852892	222853805	222872816	222873732	398148334	222800000	223050000	0	1055	913	19011	spaced
SUPER_1	102564026	102568500	IR	303	.	102566732	0.303	0.969	63	4453	102564026	102564610	102567917	102568500	398148334	102350000	102600000	0	3604	583	3307	spaced
SUPER_1	321038374	321044327	IR	303	.	321041078	0.303	0.969	47	5827	321038374	321038788	321043915	321044327	398148334	320800000	321050000	0	4022	412	5127	spaced
SUPER_1	147267465	147276046	IR	303	.	147271737	0.303	1.000	44	8523	147267465	147267523	147275988	147276046	398148334	147050000	147300000	791	3695	58	8465	spaced
SUPER_1	84339777	84345188	IR	303	.	84342598	0.303	0.964	40	5367	84339777	84339831	84345134	84345190	398148334	84100000	84350000	760	4041	54	5303	spaced
SUPER_1	307306879	307310033	IR	303	.	307308692	0.303	0.982	35	3119	307306879	307307151	307309761	307310033	398148334	307100000	307350000	0	3474	272	2610	spaced
SUPER_1	362000622	362008634	IR	303	.	362004176	0.303	0.886	34	7950	362000622	362000692	362008572	362008634	398148334	361800000	362050000	0	3410	62	7880	spaced
SUPER_1	168313156	168318194	IR	303	.	168316164	0.303	0.965	31	5012	168313156	168313472	168317881	168318194	398148334	168250000	168500000	0	1094	313	4409	spaced
SUPER_1	43358320	43553400	IR	303	.	43455905	0.303	0.637	23	195063	43358320	43360483	43551240	43553400	398148334	43350000	43600000	29	1764	2160	190757	wide
SUPER_1	270200780	270208253	IR	302	.	270204145	0.302	0.997	240	7447	270200780	270202150	270206884	270208253	398148334	270200000	270450000	0	75	1369	4734	spaced
SUPER_1	276665378	276761721	IR	302	.	276713831	0.302	0.977	222	96315	276665378	276666995	276760111	276761721	398148334	276550000	276800000	0	2725	1610	93116	spaced
SUPER_1	115423706	115431712	IR	302	.	115427783	0.302	0.983	121	8211	115423706	115424452	115430967	115431712	398148334	115200000	115450000	121	3795	745	6515	spaced
SUPER_1	103985337	103992047	IR	302	.	103988918	0.302	0.998	112	6835	103985337	103985873	103991511	103992047	398148334	103750000	104000000	112	3978	536	5638	spaced
SUPER_1	148473970	148562704	IR	302	.	148518666	0.302	0.886	80	88813	148473970	148475585	148561089	148562801	398148334	148400000	148650000	0	1972	1615	85504	spaced
SUPER_1	365428935	365523603	IR	302	.	365475971	0.302	0.865	62	94611	365428935	365429614	365522924	365523629	398148334	365300000	365550000	0	2937	679	93310	spaced
SUPER_1	214598089	214624873	IR	302	.	214611741	0.302	1.000	60	26763	214598089	214598427	214624535	214624873	398148334	214500000	214750000	0	1857	338	26108	spaced
SUPER_1	152760974	152772350	IR	302	.	152766985	0.302	0.963	53	11346	152760974	152761461	152771863	152772350	398148334	152550000	152800000	0	3610	487	10402	spaced
SUPER_1	55724016	55751345	IR	302	.	55737314	0.302	0.939	51	27310	55724016	55724906	55750455	55751348	398148334	55550000	55800000	0	3127	890	25549	spaced
SUPER_1	261892792	261921245	IR	302	.	261906774	0.302	0.939	40	28486	261892792	261893277	261920760	261921246	398148334	261850000	262100000	40	950	485	27483	spaced
SUPER_1	357726488	357733315	IR	302	.	357729972	0.302	0.954	38	6853	357726488	357727071	357732734	357733315	398148334	357600000	357850000	38	2164	581	5663	spaced
SUPER_1	305897626	305910935	IR	302	.	305904310	0.302	0.893	32	13259	305897626	305897682	305910885	305910935	398148334	305700000	305950000	540	3404	50	13203	spaced
SUPER_1	307571955	307584245	IR	302	.	307577679	0.302	0.801	30	12337	307571955	307572430	307583770	307584312	398148334	307400000	307650000	0	2968	475	11340	spaced
SUPER_1	261835892	261853206	IR	302	.	261844112	0.302	0.250	27	17278	261835892	261835928	261853170	261853256	398148334	261650000	261900000	0	3242	36	17242	spaced
SUPER_1	286441226	286529759	IR	302	.	286485960	0.302	0.921	20	88513	286441226	286441478	286529520	286529759	398148334	286400000	286650000	0	1424	239	88042	spaced
SUPER_1	213060787	213082918	IR	301	.	213071525	0.301	0.999	135	22114	213060787	213061575	213082130	213082919	398148334	212850000	213100000	0	3697	788	20555	spaced
SUPER_1	240708497	240711982	IR	301	.	240710670	0.301	0.992	76	3467	240708497	240708969	240711510	240711982	398148334	240500000	240750000	0	3503	472	2541	spaced
SUPER_1	202938038	202950596	IR	301	.	202944611	0.301	0.992	59	12539	202938038	202938414	202950220	202950596	398148334	202850000	203100000	0	1571	376	11806	spaced
SUPER_1	270889342	270915795	IR	301	.	270902439	0.301	0.989	57	26550	270889342	270889694	270915443	270915795	398148334	270850000	271100000	57	876	352	25749	spaced
SUPER_1	348260716	348269702	IR	301	.	348265601	0.301	0.887	27	8947	348260716	348261125	348269293	348269708	398148334	348050000	348300000	0	3586	409	8168	spaced
SUPER_1	18028670	18147868	IR	301	.	18088642	0.301	0.935	26	119180	18028670	18029172	18147367	18147868	398148334	17900000	18150000	0	3137	501	118195	wide
SUPER_1	384270738	384283173	IR	301	.	384276452	0.301	0.638	26	12416	384270738	384272333	384281578	384283173	398148334	384050000	384300000	0	3782	1595	9245	spaced
SUPER_1	166603505	166612424	IR	301	.	166608454	0.301	0.994	24	8900	166603505	166603664	166612265	166612424	398148334	166450000	166700000	0	2632	159	8601	spaced
SUPER_1	270549189	270559964	IR	300	.	270555009	0.300	0.991	395	10758	270549189	270551656	270557500	270559964	398148334	270350000	270600000	0	3409	2464	5844	spaced
SUPER_1	42824023	42830735	IR	300	.	42827625	0.300	0.980	65	6682	42824023	42824511	42830252	42830735	398148334	42800000	43050000	0	456	483	5741	spaced
SUPER_1	315231869	315236336	IR	300	.	315234067	0.300	1.000	57	4510	315231869	315232145	315236060	315236336	398148334	315000000	315250000	57	3901	276	3915	spaced
SUPER_1	304535732	304567623	IR	300	.	304551862	0.300	0.956	54	31921	304535732	304536141	304567215	304567623	398148334	304350000	304600000	54	3361	408	31074	spaced
SUPER_1	265237962	265313121	IR	300	.	265275118	0.300	0.811	52	75178	265237962	265239490	265311593	265313179	398148334	265150000	265400000	0	2092	1528	72103	spaced
SUPER_1	164496068	164500668	IR	300	.	164498140	0.300	0.944	43	4759	164496068	164496583	164500160	164500668	398148334	164350000	164600000	43	2472	508	3577	spaced
SUPER_1	269236658	269243294	IR	300	.	269240434	0.300	0.156	43	6592	269236658	269236722	269243230	269243398	398148334	269050000	269300000	0	3166	64	6508	spaced
SUPER_1	286202239	286205857	IR	300	.	286204069	0.300	0.870	36	3636	286202239	286202764	286205332	286205867	398148334	286000000	286250000	36	3400	525	2568	spaced
SUPER_1	267218657	267239684	IR	300	.	267228761	0.300	0.990	29	21003	267218657	267218863	267239478	267239684	398148334	267100000	267350000	0	2152	206	20615	spaced
SUPER_1	90433295	90441147	IR	300	.	90437346	0.300	0.975	28	7869	90433295	90433499	90440943	90441147	398148334	90200000	90450000	28	3953	204	7444	spaced
SUPER_1	128206144	128226918	IR	300	.	128216682	0.300	0.843	27	20884	128206144	128206463	128226599	128226928	398148334	128000000	128250000	27	3608	319	20136	spaced
SUPER_1	20601400	20666039	IR	300	.	20633789	0.300	0.918	26	64636	20601400	20601595	20665857	20666039	398148334	20450000	20700000	26	3061	182	64262	spaced
SUPER_1	130187651	130199948	IR	300	.	130194189	0.300	0.738	26	12278	130187651	130188519	130199087	130199948	398148334	130050000	130300000	0	2396	861	10568	spaced
SUPER_1	216909693	216962560	IR	299	.	216935705	0.299	0.922	442	52871	216909693	216914209	216958044	216962585	398148334	216850000	217100000	0	1435	4516	43835	spaced
SUPER_1	201050851	201057903	IR	299	.	201053944	0.299	0.922	108	7034	201050851	201051727	201057079	201057903	398148334	200850000	201100000	0	3406	824	5352	spaced
SUPER_1	361250490	361261542	IR	299	.	361256367	0.299	0.991	106	11028	361250490	361251169	361260863	361261543	398148334	361150000	361400000	0	1766	679	9694	spaced
SUPER_1	228736072	228842324	IR	299	.	228788976	0.299	0.908	101	106467	228736072	228737038	228841358	228842366	398148334	228600000	228850000	101	3153	966	104320	wide
SUPER_1	64355764	64364963	IR	299	.	64360499	0.299	0.958	65	9436	64355764	64356186	64364541	64364969	398148334	64200000	64450000	65	2672	422	8355	spaced
SUPER_1	263919982	263964082	IR	299	.	263942465	0.299	0.931	63	44078	263919982	263920886	263963183	263964082	398148334	263750000	264000000	0	3200	899	42297	spaced
SUPER_1	162847485	162851058	IR	299	.	162849238	0.299	0.957	62	3727	162847485	162847924	162850631	162851058	398148334	162650000	162900000	62	3321	427	2707	spaced
SUPER_1	115848376	115853778	IR	299	.	115851280	0.299	0.967	39	5498	115848376	115848680	115853475	115853778	398148334	115650000	115900000	39	3351	303	4795	spaced
SUPER_1	165508185	165514198	IR	299	.	165511496	0.299	0.862	24	5992	165508185	165508445	165513972	165514198	398148334	165350000	165600000	0	2686	226	5527	spaced
SUPER_1	133357006	133361293	IR	298	.	133358939	0.298	1.000	405	8356	133357006	133357338	133360961	133361293	398148334	133250000	133500000	81	1819	332	3623	spaced
SUPER_1	247046467	247062088	IR	298	.	247054403	0.298	0.933	264	15918	247046467	247048064	247060496	247062088	398148334	246850000	247100000	264	3404	1592	12432	spaced
SUPER_1	12053737	12061594	IR	298	.	12057202	0.298	0.985	75	7830	12053737	12054279	12061052	12061595	398148334	11900000	12150000	0	2627	542	6773	spaced
SUPER_1	92238017	92272073	IR	298	.	92255020	0.298	0.816	57	34263	92238017	92239106	92271040	92272073	398148334	92200000	92450000	63	917	1033	31934	spaced
SUPER_1	104640163	104648927	IR	298	.	104644948	0.298	0.979	50	8735	104640163	104640590	104648503	104648927	398148334	104400000	104650000	0	4075	424	7913	spaced
SUPER_1	300101228	300113438	IR	298	.	300107558	0.298	0.759	37	12188	300101228	300101286	300113394	300113438	398148334	299900000	300150000	279	3455	44	12108	spaced
SUPER_1	74993229	75001513	IR	298	.	74997210	0.298	0.991	33	8299	74993229	74993443	75001299	75001513	398148334	74800000	75050000	33	3289	214	7856	spaced
SUPER_1	378870651	378875977	IR	298	.	378872978	0.298	0.844	25	5318	378870651	378871919	378874709	378875987	398148334	378700000	378950000	0	2888	1268	2790	spaced
SUPER_1	232359719	232409501	IR	297	.	232384461	0.297	0.948	118	49954	232359719	232360622	232408598	232409517	398148334	232200000	232450000	118	3076	903	47976	spaced
SUPER_1	243496703	243504071	IR	297	.	243500085	0.297	0.998	97	7341	243496703	243497262	243503512	243504071	398148334	243300000	243550000	0	3339	559	6250	spaced
SUPER_1	258557504	258564152	IR	297	.	258560374	0.297	0.822	62	6516	258557504	258559408	258562259	258564152	398148334	258400000	258650000	0	2680	1893	2851	spaced
SUPER_1	198133129	198159623	IR	297	.	198146781	0.297	0.952	24	26480	198133129	198133373	198159379	198159627	398148334	198000000	198250000	0	2439	244	26006	spaced
SUPER_1	200985339	200988579	IR	297	.	200987254	0.297	0.982	22	3211	200985339	200985502	200988416	200988579	398148334	200750000	201000000	0	3949	163	2914	spaced
SUPER_1	337793244	337824697	IR	297	.	337808630	0.297	0.879	21	31434	337793244	337793435	337824513	337824697	398148334	337600000	337850000	0	3482	184	31078	spaced
SUPER_1	316724197	316731568	IR	296	.	316728021	0.296	0.907	37	7399	316724197	316724550	316731235	316731568	398148334	316550000	316800000	37	2964	333	6685	spaced
SUPER_1	352901733	352933052	IR	296	.	352917807	0.296	0.865	33	31299	352901733	352902999	352931809	352933052	398148334	352900000	353150000	0	289	1243	28810	spaced
SUPER_1	274295183	274390244	IR	296	.	274342399	0.296	0.885	24	95042	274295183	274295763	274389686	274390244	398148334	274150000	274400000	0	3211	558	93923	spaced
SUPER_1	302334637	302338160	IR	295	.	302336252	0.295	1.000	135	3638	302334637	302335266	302337531	302338160	398148334	302100000	302350000	135	3939	629	2265	spaced
SUPER_1	184255750	184322356	IR	295	.	184289376	0.295	0.980	128	66585	184255750	184256755	184321351	184322358	398148334	184200000	184450000	0	1484	1005	64596	spaced
SUPER_1	221967900	221975726	IR	295	.	221971611	0.295	0.971	69	7998	221967900	221968278	221975348	221975730	398148334	221950000	222200000	69	363	378	7070	spaced
SUPER_1	263700423	263891363	IR	295	.	263795717	0.295	0.966	41	191016	263700423	263700770	263891016	263891363	398148334	263650000	263900000	41	2431	347	190246	wide
SUPER_1	72160883	72326922	IR	295	.	72243537	0.295	0.917	40	166022	72160883	72161571	72326234	72326923	398148334	72100000	72350000	0	2398	688	164663	wide
SUPER_1	181138701	181147310	IR	295	.	181143480	0.295	0.925	30	8603	181138701	181138992	181147019	181147327	398148334	181000000	181250000	0	2383	291	8027	spaced
SUPER_1	122389866	122393930	IR	295	.	122391482	0.295	0.815	24	4043	122389866	122390276	122393573	122393930	398148334	122150000	122400000	0	4031	357	3297	spaced
SUPER_1	385466481	385471254	IR	295	.	385468650	0.295	1.000	21	54089	385466481	385466568	385471167	385471254	398148334	385300000	385550000	21	2814	87	4599	spaced
SUPER_1	334354458	334366382	IR	294	.	334360706	0.294	0.930	81	11905	334354458	334355666	334365174	334366382	398148334	334150000	334400000	0	3506	1208	9508	spaced
SUPER_1	135036466	135051946	IR	294	.	135044434	0.294	1.000	45	15434	135036466	135036508	135051904	135051946	398148334	134850000	135100000	64	3236	42	15396	spaced
SUPER_1	158266711	158270945	IR	294	.	158268920	0.294	0.959	38	4247	158266711	158267004	158270652	158270945	398148334	158050000	158300000	38	3646	293	3648	spaced
SUPER_1	238486420	238492914	IR	294	.	238489506	0.294	0.994	28	6547	238486420	238486578	238492756	238492914	398148334	238250000	238500000	28	3994	158	6178	spaced
SUPER_1	298265065	298283067	IR	294	.	298273708	0.294	0.961	28	17958	298265065	298265399	298282733	298283067	398148334	298250000	298500000	0	400	334	17334	spaced
SUPER_1	184775501	184779210	IR	294	.	184776848	0.294	0.849	22	3715	184775501	184775863	184778848	184779243	398148334	184550000	184800000	0	3789	362	2985	spaced
SUPER_1	182080337	182103959	IR	293	.	182092595	0.293	0.996	748	23603	182080337	182084862	182099434	182103964	398148334	181900000	182150000	0	3202	4525	14572	spaced
SUPER_1	132409580	132414833	IR	293	.	132412113	0.293	0.942	31	5262	132409580	132409960	132414453	132414833	398148334	132200000	132450000	31	3536	380	4493	spaced
SUPER_1	227985962	228002169	IR	292	.	227994178	0.292	0.824	37	16209	227985962	227986398	228001790	228002169	398148334	227800000	228050000	37	3234	379	15392	spaced
SUPER_1	29203620	29214739	IR	291	.	29208975	0.291	0.975	68	31372	29203620	29203931	29214428	29214746	398148334	29100000	29350000	783	1819	311	10497	spaced
SUPER_1	187419864	187516042	IR	291	.	187468400	0.291	0.010	36	96207	187419864	187419916	187515990	187516137	398148334	187300000	187550000	0	2799	52	96074	spaced
SUPER_1	195456126	195469515	IR	291	.	195462525	0.291	0.957	25	13295	195456126	195456453	195469188	195469515	398148334	195300000	195550000	0	2713	327	12735	spaced
SUPER_1	13828904	13838054	IR	290	.	13833481	0.290	0.963	37	9174	13828904	13829173	13837791	13838054	398148334	13600000	13850000	42	3891	263	8618	spaced
SUPER_1	303101333	303122491	IR	290	.	303111425	0.290	0.882	20	21142	303101333	303101515	303122309	303122504	398148334	302900000	303150000	0	3531	182	20794	spaced
SUPER_1	387323662	387331860	IR	289	.	387327456	0.289	0.873	119	8241	387323662	387324391	387331131	387331927	398148334	387200000	387450000	0	2129	729	6740	spaced
SUPER_1	60892192	60912752	IR	289	.	60902263	0.289	0.951	25	20543	60892192	60892561	60912388	60912752	398148334	60700000	60950000	25	3374	364	19827	spaced
SUPER_1	372096927	372111558	IR	289	.	372104412	0.289	1.000	23	14621	372096927	372097036	372111449	372111558	398148334	372000000	372250000	23	1737	109	14413	spaced
SUPER_1	260887655	260894679	IR	288	.	260891652	0.288	0.989	334	6981	260887655	260889891	260892447	260894679	398148334	260650000	260900000	0	4019	2232	2556	spaced
SUPER_1	134979343	134987614	IR	287	.	134983782	0.287	0.956	35	8252	134979343	134979685	134987279	134987614	398148334	134750000	135000000	0	3891	335	7594	spaced
SUPER_1	154231973	154240602	IR	287	.	154235995	0.287	0.940	21	8613	154231973	154232339	154240236	154240605	398148334	154050000	154300000	0	3104	366	7897	spaced
SUPER_1	354301070	354314397	IR	286	.	354307341	0.286	0.974	87	13267	354301070	354301693	354313774	354314397	398148334	354150000	354400000	0	2628	623	12081	spaced
SUPER_1	145807086	145813306	IR	286	.	145809920	0.286	0.700	36	6164	145807086	145807166	145813250	145813306	398148334	145700000	145950000	0	1836	56	6084	spaced
SUPER_1	65195035	65198684	IR	285	.	65197190	0.285	0.938	26	3332	65195035	65196084	65197635	65198713	398148334	65100000	65350000	0	1614	1049	1551	immediate
SUPER_1	147327647	147334659	IR	278	.	147331600	0.278	1.000	20	6982	147327647	147327775	147334531	147334659	398148334	147250000	147500000	0	1352	128	6756	spaced
SUPER_1	376214145	376234174	IR	277	.	376223728	0.277	0.462	22	20004	376214145	376219614	376228705	376234174	398148334	376000000	376250000	0	3735	5469	9091	spaced
SUPER_1	346329053	346334941	IR	274	.	346331947	0.274	0.998	127	6010	346329053	346329644	346334350	346334941	398148334	346100000	346350000	127	3866	591	4706	spaced
SUPER_1	242620750	242841362	IR	274	.	242730849	0.274	0.838	43	221535	242620750	242620954	242841165	242841362	398148334	242600000	242850000	9	2184	197	220211	wide
SUPER_2	100801322	100813251	IR	1000	.	100807287	1.000	1.000	1198	13178	100801322	100806655	100807919	100813251	396779011	100650000	100900000	1205	2621	5332	1264	immediate
SUPER_2	204978974	204984471	IR	1000	.	204981726	1.000	0.997	560	12521	204978974	204981424	204982028	204984471	396779011	204750000	205000000	560	3861	2443	604	immediate
SUPER_2	155495280	155499634	IR	1000	.	155497457	1.000	1.000	463	4841	155495280	155497212	155497702	155499634	396779011	155250000	155500000	463	4124	1932	490	immediate
SUPER_2	274484412	274487163	IR	1000	.	274485788	1.000	0.998	260	3011	274484412	274485668	274485908	274487163	396779011	274250000	274500000	260	3929	1255	240	immediate
SUPER_2	271030592	271051400	IR	999	.	271041000	0.999	0.991	2006	64122	271030592	271039858	271042145	271051400	396779011	270850000	271100000	2006	3183	9255	2287	spaced
SUPER_2	125838493	125840980	IR	998	.	125839737	0.998	0.999	252	2710	125838493	125839587	125839887	125840980	396779011	125600000	125850000	252	3995	1093	300	immediate
SUPER_2	275096119	275104205	IR	997	.	275100097	0.997	0.999	590	8652	275096119	275098816	275101508	275104205	396779011	274900000	275150000	591	3335	2697	2692	spaced
SUPER_2	287527219	287532115	IR	997	.	287529667	0.997	0.982	482	5434	287527219	287529397	287529937	287532136	396779011	287350000	287600000	487	2994	2178	540	immediate
SUPER_2	255877271	255879954	IR	997	.	255878611	0.997	0.986	286	3098	255877271	255878459	255878775	255879954	396779011	255650000	255900000	286	3810	1179	316	immediate
SUPER_2	163440661	163447879	IR	995	.	163444270	0.995	1.000	723	8025	163440661	163443866	163444674	163447879	396779011	163200000	163450000	724	4071	3205	808	immediate
SUPER_2	192328025	192334517	IR	995	.	192331275	0.995	0.996	652	7189	192328025	192330895	192331655	192334517	396779011	192100000	192350000	652	3854	2862	760	immediate
SUPER_2	197238369	197241623	IR	993	.	197239996	0.993	0.999	322	3639	197238369	197239794	197240198	197241624	396779011	197150000	197400000	322	1499	1425	404	immediate
SUPER_2	213385067	213387021	IR	993	.	213386044	0.993	1.000	177	2222	213385067	213385904	213386184	213387021	396779011	213300000	213550000	177	1433	837	280	immediate
SUPER_2	310779499	310791458	IR	992	.	310785543	0.992	1.000	983	12947	310779499	310783803	310787154	310791458	396779011	310550000	310800000	985	3924	4304	3351	spaced
SUPER_2	13776247	13784041	IR	992	.	13780144	0.992	1.000	702	8532	13776247	13779281	13781007	13784041	396779011	13550000	13800000	710	3835	3034	1726	immediate
SUPER_2	353798295	353802151	IR	991	.	353800223	0.991	0.999	378	4220	353798295	353800001	353800445	353802151	396779011	353600000	353850000	378	3336	1706	444	immediate
SUPER_2	149829804	149833336	IR	990	.	149831570	0.990	0.999	342	3887	149829804	149831369	149831771	149833338	396779011	149600000	149850000	342	3859	1565	402	immediate
SUPER_2	152183171	152195251	IR	985	.	152189211	0.985	1.000	1206	13331	152183171	152188562	152189860	152195251	396779011	152050000	152300000	1213	2320	5391	1298	immediate
SUPER_2	68650264	68661008	IR	985	.	68655636	0.985	0.995	992	12348	68650264	68655078	68656194	68661015	396779011	68550000	68800000	992	1760	4814	1116	immediate
SUPER_2	177040402	177043511	IR	985	.	177041957	0.985	0.990	242	3687	177040402	177041792	177042122	177043511	396779011	176800000	177050000	242	4032	1389	330	immediate
SUPER_2	177991909	178003669	IR	984	.	177997786	0.984	0.997	1206	13075	177991909	177997101	177998478	178003669	396779011	177800000	178050000	1206	3296	5191	1377	immediate
SUPER_2	48672341	48685999	IR	984	.	48679088	0.984	1.000	824	14534	48672341	48676018	48682322	48685999	396779011	48500000	48750000	824	2986	3677	6304	spaced
SUPER_2	230841401	230849663	IR	984	.	230845470	0.984	0.994	666	22220	230841401	230844234	230846836	230849663	396779011	230650000	230900000	666	3258	2827	2602	spaced
SUPER_2	380021242	380031358	IR	982	.	380025936	0.982	0.992	378	9648	380021242	380025885	380026715	380031358	396779011	379800000	380050000	0	3771	4643	830	immediate
SUPER_2	83403493	83407211	IR	976	.	83405265	0.976	0.996	301	4108	83403493	83405033	83405671	83407211	396779011	83200000	83450000	301	3422	1540	638	immediate
SUPER_2	266086969	266091255	IR	970	.	266089112	0.970	1.000	432	4837	266086969	266088844	266089380	266091255	396779011	265850000	266100000	432	3985	1875	536	immediate
SUPER_2	162347799	162351747	IR	959	.	162349774	0.959	0.999	385	4385	162347799	162349489	162350059	162351747	396779011	162150000	162400000	389	3329	1688	570	immediate
SUPER_2	191210385	191213319	IR	959	.	191211852	0.959	0.999	251	3225	191210385	191211651	191212053	191213319	396779011	191000000	191250000	251	3530	1266	402	immediate
SUPER_2	193663549	193667754	IR	955	.	193665561	0.955	0.963	276	4559	193663549	193665390	193665915	193667754	396779011	193450000	193700000	276	3593	1839	525	immediate
SUPER_2	226373549	226381436	IR	954	.	226377431	0.954	0.971	460	8727	226373549	226376939	226378047	226381436	396779011	226150000	226400000	460	3791	3389	1108	immediate
SUPER_2	137712292	137715236	IR	953	.	137713764	0.953	1.000	277	3250	137712292	137713533	137713995	137715236	396779011	137500000	137750000	277	3562	1241	462	immediate
SUPER_2	174732801	174744781	IR	946	.	174738447	0.946	0.934	532	12008	174732801	174738462	174739120	174744837	396779011	174550000	174800000	0	3146	5661	658	immediate
SUPER_2	284298391	284305450	IR	941	.	284301689	0.941	1.000	670	7797	284298391	284301406	284302435	284305450	396779011	284100000	284350000	670	3365	3015	1029	immediate
SUPER_2	10773171	10776440	IR	940	.	10774574	0.940	1.000	283	3607	10773171	10774431	10775180	10776440	396779011	10550000	10800000	283	3746	1260	749	immediate
SUPER_2	98814104	98816576	IR	938	.	98815340	0.938	0.999	217	2688	98814104	98815127	98815553	98816576	396779011	98600000	98850000	217	3588	1023	426	immediate
SUPER_2	159293454	159297782	IR	933	.	159295618	0.933	0.999	405	4769	159293454	159295279	159295957	159297782	396779011	159050000	159300000	405	4093	1825	678	immediate
SUPER_2	27220314	27223440	IR	928	.	27221875	0.928	0.986	286	3426	27220314	27221614	27222140	27223447	396779011	27000000	27250000	286	3697	1300	526	immediate
SUPER_2	1131935	1144739	IR	924	.	1138338	0.924	0.999	1295	14203	1131935	1137517	1139159	1144739	396779011	900000	1150000	1295	3972	5580	1642	immediate
SUPER_2	102575263	102588213	IR	924	.	102581738	0.924	0.645	458	13596	102575263	102581372	102582104	102588213	396779011	102450000	102700000	460	2195	6109	732	immediate
SUPER_2	187219756	187223718	IR	924	.	187221737	0.924	1.000	369	4367	187219756	187221413	187222061	187223718	396779011	187000000	187250000	369	3695	1657	648	immediate
SUPER_2	230523634	230528650	IR	923	.	230526162	0.923	0.975	443	5500	230523634	230525814	230526510	230528650	396779011	230350000	230600000	458	2935	2140	696	immediate
SUPER_2	161410989	161417884	IR	919	.	161414437	0.919	0.987	551	7907	161410989	161414014	161414860	161417884	396779011	161200000	161450000	551	3573	3024	846	immediate
SUPER_2	159041915	159044637	IR	918	.	159043103	0.918	0.995	185	2955	159041915	159042853	159043699	159044637	396779011	159000000	159250000	185	721	938	846	immediate
SUPER_2	158960155	158964835	IR	915	.	158962325	0.915	0.985	333	5025	158960155	158962019	158962977	158964835	396779011	158750000	159000000	333	3541	1858	958	immediate
SUPER_2	268645049	268651557	IR	909	.	268648117	0.909	0.982	434	7331	268645049	268647870	268648736	268651564	396779011	268450000	268700000	434	3304	2821	866	immediate
SUPER_2	236261746	236266170	IR	908	.	236263960	0.908	0.996	394	4816	236261746	236263619	236264301	236266170	396779011	236050000	236300000	394	3565	1869	682	immediate
SUPER_2	289309681	289311707	IR	908	.	289310694	0.908	0.999	147	2191	289309681	289310409	289310979	289311707	396779011	289100000	289350000	147	3511	728	570	immediate
SUPER_2	14690413	14697815	IR	891	.	14693856	0.891	0.898	256	7403	14690413	14693767	14694461	14697887	396779011	14500000	14750000	0	3235	3354	694	immediate
SUPER_2	217418564	217424522	IR	890	.	217422026	0.890	0.983	316	5934	217418564	217420937	217422149	217424522	396779011	217200000	217450000	0	3692	2373	1212	immediate
SUPER_2	189152313	189163839	IR	882	.	189158334	0.882	0.999	858	11508	189152313	189157087	189159065	189163839	396779011	188950000	189200000	0	3467	4774	1978	immediate
SUPER_2	213249491	213264020	IR	880	.	213256323	0.880	0.687	428	14528	213249491	213256170	213257341	213264119	396779011	213150000	213400000	0	1779	6679	1171	immediate
SUPER_2	260482141	260486410	IR	880	.	260484348	0.880	0.940	206	4754	260482141	260483934	260484617	260486415	396779011	260250000	260500000	206	3904	1793	683	immediate
SUPER_2	361697133	361701207	IR	876	.	361699108	0.876	0.792	132	4397	361697133	361698965	361699375	361701236	396779011	361500000	361750000	196	3319	1832	410	immediate
SUPER_2	127408243	127413473	IR	871	.	127410684	0.871	0.931	78	6371	127408243	127410206	127411510	127413477	396779011	127200000	127450000	78	3514	1963	1304	immediate
SUPER_2	73275601	73277657	IR	865	.	73276629	0.865	1.000	159	2237	73275601	73276334	73276924	73277657	396779011	73150000	73400000	159	2110	733	590	immediate
SUPER_2	351676225	351685935	IR	862	.	351681080	0.862	0.996	897	10757	351676225	351680348	351681812	351685938	396779011	351450000	351700000	897	3851	4123	1464	immediate
SUPER_2	246259969	246262060	IR	861	.	246261015	0.861	0.994	169	2340	246259969	246260848	246261181	246262061	396779011	246050000	246300000	169	3516	879	333	immediate
SUPER_2	241974642	241987664	IR	858	.	241981155	0.858	0.998	1315	14378	241974642	241980363	241981947	241987664	396779011	241750000	242000000	1315	3852	5717	1584	immediate
SUPER_2	327357286	327359383	IR	853	.	327358767	0.853	0.962	58	2068	327357286	327357897	327358773	327359383	396779011	327150000	327400000	0	3472	610	876	immediate
SUPER_2	126621817	126627542	IR	846	.	126624504	0.846	0.980	457	7219	126621817	126623494	126625865	126627577	396779011	126400000	126650000	1464	3744	1677	2371	spaced
SUPER_2	296285076	296289222	IR	846	.	296287149	0.846	0.998	353	4515	296285076	296286745	296287553	296289222	396779011	296050000	296300000	353	3952	1669	808	immediate
SUPER_2	199315162	199326512	IR	845	.	199320837	0.845	0.995	1096	15694	199315162	199320040	199321634	199326532	396779011	199100000	199350000	1096	3680	4878	1594	immediate
SUPER_2	254446008	254449630	IR	844	.	254447819	0.844	1.000	321	3956	254446008	254447394	254448244	254449630	396779011	254200000	254450000	321	4130	1386	850	immediate
SUPER_2	176540393	176544245	IR	838	.	176542319	0.838	1.000	343	4260	176540393	176541878	176542760	176544245	396779011	176300000	176550000	343	4038	1485	882	immediate
SUPER_2	122326021	122328583	IR	838	.	122327302	0.838	0.986	198	2798	122326021	122327145	122327459	122328586	396779011	122100000	122350000	198	3788	1124	314	immediate
SUPER_2	81284799	81287045	IR	838	.	81285922	0.838	0.990	113	2756	81284799	81285425	81286419	81287045	396779011	81050000	81300000	113	3931	626	994	immediate
SUPER_2	236934585	236936453	IR	837	.	236935333	0.837	0.970	90	2015	236934585	236935246	236935792	236936453	396779011	236850000	237100000	90	1425	661	546	immediate
SUPER_2	24701226	24703701	IR	833	.	24702024	0.833	1.000	126	2456	24701226	24701998	24702929	24703701	396779011	24500000	24750000	0	3374	772	931	immediate
SUPER_2	232385358	232390602	IR	831	.	232387747	0.831	0.999	500	5869	232385358	232387687	232388275	232390602	396779011	232150000	232400000	500	3966	2327	588	immediate
SUPER_2	200458621	200460859	IR	831	.	200459740	0.831	1.000	168	2393	200458621	200459407	200460073	200460859	396779011	200250000	200500000	168	3495	786	666	immediate
SUPER_2	319040989	319043941	IR	829	.	319042738	0.829	0.987	166	2934	319040989	319042080	319042853	319043941	396779011	318800000	319050000	0	4040	1088	773	immediate
SUPER_2	18890441	18892379	IR	829	.	18891410	0.829	0.985	158	2068	18890441	18891217	18891611	18892379	396779011	18650000	18900000	160	4023	768	394	immediate
SUPER_2	155240492	155245208	IR	828	.	155242598	0.828	0.967	228	4698	155240492	155242337	155243378	155245208	396779011	155000000	155250000	0	4047	1830	1041	immediate
SUPER_2	240770848	240777824	IR	826	.	240774336	0.826	0.985	635	7649	240770848	240773738	240774934	240777858	396779011	240600000	240850000	635	2905	2890	1196	immediate
SUPER_2	227380456	227394504	IR	825	.	227387819	0.825	0.450	126	14028	227380456	227387167	227387851	227394504	396779011	227250000	227500000	0	2291	6653	684	immediate
SUPER_2	214816389	214820275	IR	825	.	214818765	0.825	0.867	89	3864	214816389	214817180	214819544	214820275	396779011	214650000	214900000	0	2805	731	2364	spaced
SUPER_2	316677152	316680953	IR	824	.	316679542	0.824	0.953	138	3737	316677152	316678487	316679618	316680953	396779011	316450000	316700000	0	3817	1335	1131	immediate
SUPER_2	5152847	5157191	IR	823	.	5155019	0.823	1.000	384	4735	5152847	5154574	5155464	5157191	396779011	4950000	5200000	384	3416	1727	890	immediate
SUPER_2	135929761	135932860	IR	822	.	135931311	0.822	0.975	134	3301	135929761	135930608	135932015	135932860	396779011	135700000	135950000	138	3855	845	1407	immediate
SUPER_2	196378982	196381957	IR	818	.	196380521	0.818	0.903	200	3196	196378982	196380118	196380924	196381957	396779011	196150000	196400000	200	3841	1033	806	immediate
SUPER_2	235812607	235816625	IR	814	.	235814616	0.814	0.985	265	4257	235812607	235814197	235815035	235816627	396779011	235600000	235850000	265	3576	1590	838	immediate
SUPER_2	321673599	321677180	IR	801	.	321675336	0.801	0.952	163	3814	321673599	321674686	321676120	321677180	396779011	321500000	321750000	182	2923	1060	1434	immediate
SUPER_2	172836260	172841494	IR	800	.	172838877	0.800	0.999	450	5652	172836260	172838370	172839384	172841494	396779011	172600000	172850000	450	3981	2110	1014	immediate
SUPER_2	110931383	110934763	IR	798	.	110933074	0.798	0.957	163	3619	110931383	110932427	110933740	110934763	396779011	110750000	111000000	183	3051	1023	1313	immediate
SUPER_2	150329684	150333235	IR	798	.	150331029	0.798	0.977	134	3531	150329684	150330746	150332173	150333235	396779011	150150000	150400000	0	3024	1062	1427	immediate
SUPER_2	193272528	193274909	IR	794	.	193273719	0.794	0.993	177	2672	193272528	193273396	193274042	193274909	396779011	193050000	193300000	177	3728	867	646	immediate
SUPER_2	396182042	396184506	IR	793	.	396183586	0.793	0.819	27	2505	396182042	396182917	396183631	396184589	396779011	396050000	396300000	0	2221	875	714	immediate
SUPER_2	174975821	174980648	IR	791	.	174978359	0.791	0.989	202	181374	174975821	174976861	174979608	174980650	396779011	174850000	175100000	202	2137	1040	2747	spaced
SUPER_2	147847375	147855150	IR	790	.	147851609	0.790	0.977	390	7756	147847375	147850665	147851861	147855150	396779011	147650000	147900000	0	3354	3289	1196	immediate
SUPER_2	108706981	108712200	IR	790	.	108709860	0.790	0.948	183	5221	108706981	108709365	108709816	108712228	396779011	108500000	108750000	0	3493	2384	451	immediate
SUPER_2	251393209	251398601	IR	789	.	251395905	0.789	1.000	483	5900	251393209	251395354	251396456	251398601	396779011	251150000	251400000	483	4098	2145	1102	immediate
SUPER_2	141445542	141447864	IR	789	.	141446703	0.789	1.000	169	27946	141445542	141446306	141447100	141447864	396779011	141300000	141550000	169	2444	764	794	immediate
SUPER_2	199627987	199630092	IR	788	.	199629187	0.788	0.999	164	2294	199627987	199628872	199629207	199630093	396779011	199400000	199650000	164	3817	885	335	immediate
SUPER_2	121635149	121637840	IR	787	.	121636495	0.787	0.999	164	3010	121635149	121635943	121637047	121637840	396779011	121400000	121650000	164	3941	793	1104	immediate
SUPER_2	130351631	130355314	IR	787	.	130353364	0.787	0.968	142	3932	130351631	130352602	130354348	130355314	396779011	130150000	130400000	148	3391	966	1746	immediate
SUPER_2	324937841	324954127	IR	784	.	324945699	0.784	0.823	753	15021	324937841	324945843	324946125	324954180	396779011	324750000	325000000	0	3266	8002	282	immediate
SUPER_2	180487037	180491633	IR	782	.	180489335	0.782	0.999	393	4997	180487037	180488798	180489872	180491634	396779011	180250000	180500000	393	3988	1761	1074	immediate
SUPER_2	222468476	222473408	IR	780	.	222470666	0.780	0.942	144	4888	222468476	222470585	222471299	222473414	396779011	222250000	222500000	0	3682	2109	714	immediate
SUPER_2	99914054	99917092	IR	777	.	99915330	0.777	1.000	145	3062	99914054	99914203	99916943	99917092	396779011	99750000	100000000	34	2759	149	2740	spaced
SUPER_2	145266198	145270561	IR	777	.	145268035	0.777	0.790	101	4389	145266198	145267901	145268858	145270605	396779011	145100000	145350000	0	2806	1703	957	immediate
SUPER_2	302223117	302227911	IR	774	.	302225514	0.774	0.875	345	5236	302223117	302225029	302225999	302228011	396779011	302050000	302300000	345	2925	1912	970	immediate
SUPER_2	114514635	114517798	IR	773	.	114516263	0.773	0.890	187	3602	114514635	114515729	114516704	114517892	396779011	114350000	114600000	210	2770	1094	975	immediate
SUPER_2	133029230	133032586	IR	773	.	133030909	0.773	0.967	177	3621	133029230	133030267	133031551	133032586	396779011	132800000	133050000	177	3848	1035	1284	immediate
SUPER_2	254329539	254333350	IR	773	.	254331565	0.773	0.917	90	3899	254329539	254330471	254332443	254333350	396779011	254100000	254350000	90	3857	907	1972	immediate
SUPER_2	155971602	155974456	IR	773	.	155973407	0.773	0.793	24	2773	155971602	155972631	155973536	155974456	396779011	155750000	156000000	0	3717	920	905	immediate
SUPER_2	237098374	237104628	IR	772	.	237101664	0.772	0.579	104	6335	237098374	237100931	237102071	237104645	396779011	236900000	237150000	104	3358	2557	1140	immediate
SUPER_2	313183247	313186814	IR	771	.	313185084	0.771	0.896	163	3806	313183247	313184308	313185844	313186814	396779011	312950000	313200000	181	3917	970	1536	immediate
SUPER_2	216262724	216264817	IR	766	.	216264004	0.766	0.995	134	2078	216262724	216263528	216264013	216264820	396779011	216150000	216400000	0	1896	804	485	immediate
SUPER_2	138858499	138861049	IR	765	.	138860236	0.765	0.945	53	2526	138858499	138859065	138860483	138861049	396779011	138650000	138900000	0	3496	566	1418	immediate
SUPER_2	152803209	152811183	IR	763	.	152807197	0.763	0.999	781	8792	152803209	152806731	152807663	152811183	396779011	152600000	152850000	781	3453	3520	932	immediate
SUPER_2	152752004	152758596	IR	763	.	152755299	0.763	0.996	646	7386	152752004	152754927	152755673	152758602	396779011	152550000	152800000	646	3421	2923	746	immediate
SUPER_2	49169480	49172098	IR	763	.	49170862	0.763	0.952	52	2892	49169480	49169936	49171642	49172098	396779011	48950000	49200000	52	3679	456	1706	immediate
SUPER_2	198329915	198334625	IR	762	.	198331838	0.762	0.942	133	4693	198329915	198331469	198333071	198334631	396779011	198100000	198350000	0	3871	1554	1602	immediate
SUPER_2	162543287	162546599	IR	761	.	162544943	0.761	0.968	128	3742	162543287	162544202	162545684	162546608	396779011	162300000	162550000	128	4082	915	1482	immediate
SUPER_2	294818557	294826503	IR	760	.	294822079	0.760	0.996	490	7921	294818557	294821384	294823678	294826503	396779011	294600000	294850000	0	3708	2825	2294	spaced
SUPER_2	251971856	251973705	IR	760	.	251972781	0.760	0.994	162	2087	251971856	251972637	251972925	251973705	396779011	251800000	252050000	163	2879	780	288	immediate
SUPER_2	69906539	69909901	IR	756	.	69908220	0.756	0.945	105	3511	69906539	69907535	69908905	69909907	396779011	69700000	69950000	105	3470	996	1370	immediate
SUPER_2	199819949	199822042	IR	756	.	199820736	0.756	0.881	70	2073	199819949	199820808	199821183	199822044	396779011	199650000	199900000	0	2849	859	375	immediate
SUPER_2	198201052	198204220	IR	751	.	198202636	0.751	0.985	150	3516	198201052	198201861	198203411	198204224	396779011	198000000	198250000	150	3377	809	1550	immediate
SUPER_2	259973900	259977692	IR	748	.	259975795	0.748	0.989	296	4086	259973900	259975311	259976287	259977692	396779011	259750000	260000000	296	3763	1405	976	immediate
SUPER_2	247749555	247752801	IR	748	.	247751178	0.748	0.992	145	3508	247749555	247750280	247752076	247752802	396779011	247700000	247950000	145	852	725	1796	immediate
SUPER_2	53198543	53202434	IR	747	.	53200612	0.747	0.924	250	4853	53198543	53199618	53201390	53202434	396779011	53000000	53250000	757	3341	1044	1772	immediate
SUPER_2	194575663	194580171	IR	745	.	194578347	0.745	0.930	192	4527	194575663	194577131	194578703	194580226	396779011	194350000	194600000	0	3798	1468	1572	immediate
SUPER_2	238448446	238450416	IR	744	.	238449431	0.744	1.000	125	2096	238448446	238449001	238449861	238450416	396779011	238400000	238650000	125	823	555	860	immediate
SUPER_2	192855477	192858513	IR	744	.	192857347	0.744	0.894	93	2974	192855477	192856878	192857157	192858513	396779011	192850000	193100000	0	116	1356	279	immediate
SUPER_2	148973906	148975862	IR	743	.	148974883	0.743	0.983	116	2055	148973906	148974447	148975325	148975862	396779011	148750000	149000000	116	3747	537	878	immediate
SUPER_2	214124157	214252161	IR	742	.	214187786	0.742	0.901	62	128019	214124157	214124969	214251349	214252195	396779011	214100000	214350000	0	1469	812	126380	wide
SUPER_2	18346967	18350848	IR	741	.	18348909	0.741	0.997	310	4210	18346967	18348394	18349424	18350848	396779011	18200000	18450000	310	2481	1424	1030	immediate
SUPER_2	354781467	354783488	IR	738	.	354782825	0.738	0.926	71	2004	354781467	354782220	354782745	354783488	396779011	354600000	354850000	0	3041	743	525	immediate
SUPER_2	144736060	144738550	IR	737	.	144737305	0.737	0.993	139	2684	144736060	144736808	144737802	144738550	396779011	144600000	144850000	139	2288	748	994	immediate
SUPER_2	97391232	97394147	IR	737	.	97393182	0.737	0.765	75	2787	97391232	97392314	97393182	97394147	396779011	97250000	97500000	0	2378	965	868	immediate
SUPER_2	75640210	75643348	IR	735	.	75641779	0.735	0.989	170	3321	75640210	75641120	75642438	75643349	396779011	75400000	75650000	170	4029	910	1318	immediate
SUPER_2	166836165	166839381	IR	735	.	166837773	0.735	0.985	161	3394	166836165	166837043	166838503	166839383	396779011	166750000	167000000	161	1462	878	1460	immediate
SUPER_2	197124136	197139613	IR	734	.	197131875	0.734	0.972	926	17649	197124136	197131047	197132711	197139613	396779011	196900000	197150000	926	3864	6902	1664	immediate
SUPER_2	344351353	344355272	IR	732	.	344353316	0.732	0.948	350	4314	344351353	344353077	344353636	344355272	396779011	344200000	344450000	352	2555	1636	559	immediate
SUPER_2	330342518	330344844	IR	731	.	330343682	0.731	0.986	155	2486	330342518	330343357	330344005	330344846	396779011	330150000	330400000	155	3227	839	648	immediate
SUPER_2	352043929	352046998	IR	730	.	352045462	0.730	0.958	146	3291	352043929	352044719	352046229	352046998	396779011	351950000	352200000	146	1590	769	1510	immediate
SUPER_2	117044863	117047848	IR	730	.	117046243	0.730	0.844	56	3279	117044863	117045744	117046967	117047918	396779011	117000000	117250000	56	772	881	1223	immediate
SUPER_2	356159557	356162651	IR	729	.	356161104	0.729	0.989	179	3410	356159557	356160466	356161742	356162654	396779011	355950000	356200000	179	3518	909	1276	immediate
SUPER_2	182097910	182116885	IR	726	.	182107121	0.726	0.955	706	18949	182097910	182106996	182107825	182116885	396779011	181900000	182150000	0	3456	9060	829	immediate
SUPER_2	310539489	310542515	IR	726	.	310541002	0.726	0.991	154	3189	310539489	310540306	310541698	310542517	396779011	310300000	310550000	154	4016	817	1392	immediate
SUPER_2	227078086	227080346	IR	726	.	227079216	0.726	0.984	119	2447	227078086	227078794	227079638	227080346	396779011	226900000	227150000	119	2986	708	844	immediate
SUPER_2	288309032	288312591	IR	725	.	288310756	0.725	0.886	153	3818	288309032	288310082	288311630	288312591	396779011	288150000	288400000	175	2680	961	1548	immediate
SUPER_2	369384627	369389355	IR	725	.	369386536	0.725	0.931	85	3831	369384627	369386240	369387742	369389414	396779011	369200000	369450000	0	3116	1613	1502	immediate
SUPER_2	105139765	105228373	IR	725	.	105184205	0.725	0.982	21	88612	105139765	105139928	105228210	105228373	396779011	105000000	105250000	21	3067	163	88282	spaced
SUPER_2	55365072	55367552	IR	724	.	55366650	0.724	0.961	90	2455	55365072	55366025	55366599	55367554	396779011	55150000	55400000	0	3605	953	574	immediate
SUPER_2	68905135	68929792	IR	722	.	68917670	0.722	0.547	170	81888	68905135	68916969	68917958	68929814	396779011	68850000	69100000	240	1124	11834	989	immediate
SUPER_2	41575121	41578840	IR	717	.	41576971	0.717	0.901	181	4144	41575121	41576117	41577844	41578930	396779011	41450000	41700000	213	2116	996	1727	immediate
SUPER_2	224132529	224135885	IR	717	.	224134207	0.717	0.934	100	3473	224132529	224133565	224134849	224135889	396779011	223900000	224150000	100	3903	1036	1284	immediate
SUPER_2	245180149	245193180	IR	716	.	245186672	0.716	0.997	1332	14322	245180149	245185918	245187426	245193180	396779011	244950000	245200000	1332	3944	5754	1508	immediate
SUPER_2	153035607	153038315	IR	716	.	153036961	0.716	0.984	131	2845	153035607	153036373	153037549	153038315	396779011	152800000	153050000	131	3949	766	1176	immediate
SUPER_2	53156485	53161262	IR	713	.	53158875	0.713	0.998	327	5213	53156485	53157975	53159775	53161262	396779011	53150000	53400000	327	147	1487	1800	immediate
SUPER_2	187829669	187833515	IR	712	.	187831771	0.712	0.961	237	4292	187829669	187831188	187832030	187833515	396779011	187700000	187950000	238	2193	1485	842	immediate
SUPER_2	46242697	46244769	IR	710	.	46243733	0.710	0.980	155	2402	46242697	46243409	46244058	46244769	396779011	46000000	46250000	271	4062	711	649	immediate
SUPER_2	133302578	133304938	IR	710	.	133303699	0.710	0.777	42	2547	133302578	133303340	133304274	133304938	396779011	133200000	133450000	61	1729	664	934	immediate
SUPER_2	319319376	319329804	IR	709	.	319324590	0.709	0.960	479	11345	319319376	319323841	319325339	319329804	396779011	319100000	319350000	479	3743	4465	1498	immediate
SUPER_2	40038545	40235386	IR	709	.	40136642	0.709	0.401	203	100734	40038545	40136480	40137451	40235414	396779011	40000000	40250000	0	2282	97935	971	immediate
SUPER_2	318130071	318133567	IR	706	.	318131943	0.706	0.999	169	3679	318130071	318130886	318132752	318133567	396779011	317950000	318200000	177	3030	815	1866	immediate
SUPER_2	370105747	370109006	IR	703	.	370107428	0.703	0.885	180	3621	370105747	370106767	370107986	370109109	396779011	369900000	370150000	197	3456	1020	1219	immediate
SUPER_2	161060056	161063827	IR	703	.	161061890	0.703	0.985	170	3972	161060056	161060914	161062972	161063827	396779011	160850000	161100000	170	3532	855	2058	spaced
SUPER_2	336093284	336096468	IR	701	.	336094876	0.701	0.995	151	3620	336093284	336094024	336095728	336096468	396779011	335850000	336100000	151	4081	740	1704	immediate
SUPER_2	143484731	143488116	IR	701	.	143486422	0.701	0.966	136	3621	143484731	143485684	143487163	143488118	396779011	143250000	143500000	136	3940	953	1479	immediate
SUPER_2	96193773	96197166	IR	700	.	96195469	0.700	0.938	140	3622	96193773	96194833	96196135	96197166	396779011	95950000	96200000	152	4091	1031	1302	immediate
SUPER_2	326267725	326271557	IR	700	.	326269421	0.700	0.974	140	4367	326267725	326269062	326270220	326271557	396779011	326150000	326400000	140	1993	1337	1158	immediate
SUPER_2	714306	717697	IR	700	.	716002	0.700	0.974	137	3620	714306	715261	716743	717697	396779011	500000	750000	137	3599	954	1482	immediate
SUPER_2	203473193	203475061	IR	700	.	203474127	0.700	0.989	128	2247	203473193	203473852	203474402	203475062	396779011	203250000	203500000	128	3735	659	550	immediate
SUPER_2	243641339	243645619	IR	699	.	243643479	0.699	0.997	313	4687	243641339	243642826	243644132	243645619	396779011	243400000	243650000	313	4057	1487	1306	immediate
SUPER_2	116908876	116915031	IR	699	.	116912198	0.699	0.972	264	6135	116908876	116911474	116912439	116915031	396779011	116900000	117150000	0	199	2592	965	immediate
SUPER_2	353376026	353378584	IR	699	.	353377305	0.699	0.999	160	28000	353376026	353376772	353377838	353378584	396779011	353200000	353450000	160	2954	746	1066	immediate
SUPER_2	113381944	113384799	IR	699	.	113383369	0.699	0.974	156	3176	113381944	113382672	113384078	113384799	396779011	113250000	113500000	156	2222	721	1406	immediate
SUPER_2	109059571	109062260	IR	699	.	109061039	0.699	0.969	134	2886	109059571	109060526	109061306	109062260	396779011	108850000	109100000	134	3515	954	780	immediate
SUPER_2	174360083	174363151	IR	699	.	174361617	0.699	0.974	114	3188	174360083	174360814	174362420	174363152	396779011	174150000	174400000	114	3526	731	1606	immediate
SUPER_2	355305630	355309317	IR	697	.	355307620	0.697	0.944	153	3927	355305630	355307100	355307847	355309317	396779011	355100000	355350000	153	3457	1470	747	immediate
SUPER_2	8336832	8339126	IR	697	.	8337979	0.697	0.996	125	2426	8336832	8337502	8338456	8339126	396779011	8150000	8400000	125	3132	670	954	immediate
SUPER_2	304804534	304806611	IR	697	.	304805752	0.697	0.957	93	2254	304804534	304805412	304805733	304806612	396779011	304600000	304850000	93	3426	878	321	immediate
SUPER_2	239132786	239134619	IR	696	.	239133703	0.696	0.980	89	2026	239132786	239133323	239134082	239134620	396779011	238900000	239150000	89	3894	537	759	immediate
SUPER_2	78366843	78368250	IR	696	.	78367639	0.696	0.986	55	2251	78366843	78367205	78367888	78368250	396779011	78150000	78400000	55	3625	362	683	immediate
SUPER_2	181197249	181200697	IR	693	.	181198973	0.693	0.981	151	3715	181197249	181198033	181199913	181200705	396779011	181000000	181250000	155	3316	784	1880	immediate
SUPER_2	242724122	242726074	IR	693	.	242725098	0.693	0.900	97	2134	242724122	242724859	242725397	242726074	396779011	242550000	242800000	97	2918	677	538	immediate
SUPER_2	54107756	54111278	IR	690	.	54109517	0.690	0.997	275	3786	54107756	54109012	54110022	54111278	396779011	53950000	54200000	275	2658	1256	1010	immediate
SUPER_2	175301010	175303806	IR	690	.	175302429	0.690	0.948	163	3042	175301010	175301925	175302933	175303806	396779011	175100000	175350000	163	3373	873	1008	immediate
SUPER_2	263580184	263582603	IR	690	.	263581479	0.690	0.994	145	2544	263580184	263580989	263581798	263582603	396779011	263350000	263600000	145	3856	805	809	immediate
SUPER_2	188965281	188967141	IR	686	.	188966238	0.686	0.902	88	2126	188965281	188965918	188966504	188967195	396779011	188750000	189000000	88	3603	637	586	immediate
SUPER_2	306536860	306539568	IR	685	.	306538401	0.685	0.815	135	3059	306536860	306537886	306538542	306539636	396779011	306400000	306650000	229	2303	1026	656	immediate
SUPER_2	36609259	36611379	IR	685	.	36610321	0.685	0.989	127	2212	36609259	36609814	36610828	36611379	396779011	36400000	36650000	127	3505	551	1014	immediate
SUPER_2	357017903	357019989	IR	684	.	357018946	0.684	0.995	108	2325	357017903	357018463	357019429	357019989	396779011	356900000	357150000	108	1982	560	966	immediate
SUPER_2	170420532	170423469	IR	684	.	170422423	0.684	0.950	53	2872	170420532	170421158	170422853	170423469	396779011	170200000	170450000	0	3699	616	1695	immediate
SUPER_2	164871323	164874402	IR	683	.	164872872	0.683	0.983	261	3360	164871323	164872530	164873214	164874402	396779011	164650000	164900000	261	3714	1188	684	immediate
SUPER_2	244466930	244469530	IR	683	.	244468230	0.683	0.977	114	2731	244466930	244467664	244468796	244469530	396779011	244250000	244500000	114	3637	734	1132	immediate
SUPER_2	203637157	203639053	IR	683	.	203638105	0.683	0.980	108	2250	203637157	203637846	203638364	203639053	396779011	203400000	203650000	108	3968	689	518	immediate
SUPER_2	305739403	305742968	IR	682	.	305741115	0.682	0.876	112	3841	305739403	305740473	305741898	305743047	396779011	305550000	305800000	117	3186	1070	1425	immediate
SUPER_2	357524642	357529469	IR	681	.	357527010	0.681	0.578	69	10322	357524642	357526932	357527179	357529500	396779011	357300000	357550000	69	3784	2290	247	immediate
SUPER_2	344373465	344376775	IR	679	.	344375120	0.679	0.975	141	3513	344373465	344374433	344375807	344376775	396779011	344150000	344400000	141	3751	968	1374	immediate
SUPER_2	384250064	384253260	IR	679	.	384251661	0.679	0.987	128	3398	384250064	384250753	384252571	384253261	396779011	384050000	384300000	128	3360	689	1818	immediate
SUPER_2	114711520	114714011	IR	677	.	114712766	0.677	0.999	201	2659	114711520	114712351	114713181	114714011	396779011	114500000	114750000	201	3545	830	830	immediate
SUPER_2	189765194	189767826	IR	677	.	189766510	0.677	0.987	110	2747	189765194	189765822	189767198	189767826	396779011	189550000	189800000	110	3608	628	1376	immediate
SUPER_2	31490581	31492069	IR	676	.	31491325	0.676	0.983	108	71698	31490581	31491179	31491475	31492069	396779011	31350000	31600000	108	2355	594	296	immediate
SUPER_2	171693530	171695516	IR	676	.	171694523	0.676	0.990	77	2054	171693530	171693945	171695101	171695516	396779011	171450000	171700000	77	4075	415	1156	immediate
SUPER_2	218437541	218439415	IR	675	.	218438482	0.675	0.982	125	2037	218437541	218438261	218438695	218439423	396779011	218200000	218450000	125	3974	720	434	immediate
SUPER_2	331552792	331691231	IR	675	.	331622301	0.675	0.395	36	70784	331552792	331621972	331622061	331691231	396779011	331500000	331750000	0	2033	69170	89	immediate
SUPER_2	192923199	192926389	IR	674	.	192924690	0.674	0.936	92	3442	192923199	192923966	192925629	192926389	396779011	192900000	193150000	92	413	760	1663	immediate
SUPER_2	163543173	163545215	IR	674	.	163544194	0.674	0.984	70	2207	163543173	163543661	163544727	163545215	396779011	163300000	163550000	70	4069	488	1066	immediate
SUPER_2	248786313	248789957	IR	673	.	248787973	0.673	0.973	137	3892	248786313	248787120	248789150	248789957	396779011	248750000	249000000	137	635	807	2030	spaced
SUPER_2	130383216	130385264	IR	673	.	130383799	0.673	0.998	102	2025	130383216	130383837	130384643	130385265	396779011	130150000	130400000	0	3903	621	806	immediate
SUPER_2	35795454	35797919	IR	673	.	35796509	0.673	0.814	57	2618	35795454	35796265	35797108	35797968	396779011	35550000	35800000	119	4111	811	843	immediate
SUPER_2	157611998	157614064	IR	672	.	157613031	0.672	0.987	71	2207	157611998	157612461	157613601	157614064	396779011	157400000	157650000	71	3550	463	1140	immediate
SUPER_2	176310009	176320565	IR	671	.	176315287	0.671	1.000	1001	11610	176310009	176314319	176316255	176320565	396779011	176100000	176350000	1001	3587	4310	1936	immediate
SUPER_2	286344725	286348243	IR	671	.	286346268	0.671	0.975	151	3831	286344725	286345605	286347363	286348243	396779011	286150000	286400000	151	3274	880	1758	immediate
SUPER_2	303477247	303480458	IR	671	.	303478559	0.671	0.931	115	3193	303477247	303478795	303478911	303480458	396779011	303350000	303600000	0	2147	1547	116	immediate
SUPER_2	122685387	122687440	IR	671	.	122686409	0.671	0.946	76	2209	122685387	122685838	122686989	122687443	396779011	122450000	122700000	76	3940	451	1151	immediate
SUPER_2	86025083	86028923	IR	670	.	86026788	0.670	0.992	163	4051	86025083	86025965	86028043	86028923	396779011	85800000	86050000	163	3783	880	2078	spaced
SUPER_2	87540477	87542733	IR	667	.	87541607	0.667	0.956	102	2375	87540477	87541273	87541942	87542733	396779011	87300000	87550000	102	4026	791	669	immediate
SUPER_2	350805537	350807991	IR	666	.	350806761	0.666	0.958	146	59678	350805537	350806247	350807281	350808008	396779011	350700000	350950000	146	1779	710	1034	immediate
SUPER_2	59211213	59281056	IR	666	.	59245842	0.666	0.941	53	69827	59211213	59211954	59280315	59281057	396779011	59100000	59350000	0	2435	741	68361	spaced
SUPER_2	96332808	96335328	IR	665	.	96334068	0.665	1.000	162	2687	96332808	96333518	96334618	96335328	396779011	96100000	96350000	162	3900	710	1100	immediate
SUPER_2	297689921	297699939	IR	664	.	297695416	0.664	0.622	33	9978	297689921	297690024	297699836	297700000	396779011	297450000	297700000	0	4082	103	9812	spaced
SUPER_2	15539712	15542316	IR	664	.	15541014	0.664	0.848	27	2762	15539712	15540606	15541422	15542316	396779011	15300000	15550000	27	4016	894	816	immediate
SUPER_2	222759592	222761751	IR	662	.	222760673	0.662	0.958	104	2680	222759592	222760375	222760968	222761755	396779011	222600000	222850000	104	2677	783	593	immediate
SUPER_2	302487546	302489682	IR	662	.	302488614	0.662	0.998	99	2207	302487546	302488036	302489192	302489682	396779011	302250000	302500000	99	3976	490	1156	immediate
SUPER_2	317342851	317344937	IR	662	.	317343894	0.662	0.994	88	2223	317342851	317343335	317344453	317344937	396779011	317100000	317350000	88	4064	484	1118	immediate
SUPER_2	38381201	38385100	IR	662	.	38382844	0.662	0.928	85	3876	38381201	38382015	38384318	38385100	396779011	38250000	38500000	0	2219	782	2303	spaced
SUPER_2	166347711	166349839	IR	660	.	166348775	0.660	0.981	107	2209	166347711	166348339	166349211	166349839	396779011	166150000	166400000	107	3312	628	872	immediate
SUPER_2	251784101	251786073	IR	660	.	251785087	0.660	0.832	64	2452	251784101	251784921	251785253	251786095	396779011	251600000	251850000	64	3084	820	332	immediate
SUPER_2	224180505	224183915	IR	659	.	224182215	0.659	0.991	247	3713	224180505	224181612	224182818	224183915	396779011	223950000	224200000	247	3870	1097	1206	immediate
SUPER_2	362913653	362917044	IR	659	.	362915371	0.659	0.942	162	3576	362913653	362914470	362916272	362917044	396779011	362700000	362950000	162	3589	772	1802	immediate
SUPER_2	287108412	287110439	IR	659	.	287109610	0.659	0.940	35	2054	287108412	287108762	287110089	287110439	396779011	286950000	287200000	35	2656	350	1327	immediate
SUPER_2	52707955	52710185	IR	658	.	52709070	0.658	0.879	109	2571	52707955	52708860	52709280	52710299	396779011	52550000	52800000	109	2651	905	420	immediate
SUPER_2	190846854	190848929	IR	656	.	190847588	0.656	0.932	39	2045	190846854	190847520	190848271	190848929	396779011	190600000	190850000	0	4131	658	751	immediate
SUPER_2	220536552	220539717	IR	653	.	220538133	0.653	0.955	124	3403	220536552	220537491	220538794	220539717	396779011	220400000	220650000	131	2302	923	1303	immediate
SUPER_2	146705746	146710733	IR	653	.	146708520	0.653	0.993	23	4962	146705746	146705897	146710582	146710733	396779011	146500000	146750000	0	3470	151	4685	spaced
SUPER_2	211597532	211760297	IR	651	.	211679425	0.651	0.419	279	162744	211597532	211678448	211679420	211760297	396779011	211550000	211800000	0	2148	80877	972	immediate
SUPER_2	359206192	359209322	IR	651	.	359207811	0.651	0.996	131	3409	359206192	359206859	359208656	359209322	396779011	359000000	359250000	131	3462	666	1797	immediate
SUPER_2	253400356	253402880	IR	648	.	253401618	0.648	0.994	182	2731	253400356	253401216	253402020	253402885	396779011	253200000	253450000	182	3360	860	804	immediate
SUPER_2	31042341	31044474	IR	645	.	31043408	0.645	0.998	98	2204	31042341	31042830	31043986	31044474	396779011	30800000	31050000	98	4056	488	1156	immediate
SUPER_2	316067474	316070636	IR	645	.	316068972	0.645	0.771	46	3201	316067474	316068013	316070158	316070636	396779011	315900000	316150000	46	2817	478	2145	spaced
SUPER_2	89346173	89349071	IR	645	.	89347370	0.645	0.971	24	2878	89346173	89346378	89348870	89349071	396779011	89100000	89350000	0	4126	201	2492	spaced
SUPER_2	58616973	58618883	IR	643	.	58617928	0.643	0.971	54	2085	58616973	58617425	58618431	58618883	396779011	58400000	58650000	54	3631	452	1006	immediate
SUPER_2	215434687	215438494	IR	642	.	215436590	0.642	0.914	136	4209	215434687	215436036	215437198	215438494	396779011	215250000	215500000	136	3109	1296	1162	immediate
SUPER_2	146738859	146743230	IR	640	.	146741156	0.640	1.000	267	4654	146738859	146740037	146742052	146743230	396779011	146500000	146750000	267	4017	1178	2015	spaced
SUPER_2	220131651	220296365	IR	640	.	220214034	0.640	0.402	132	164990	220131651	220213458	220214610	220296365	396779011	220050000	220300000	132	2733	81755	1152	immediate
SUPER_2	289545577	289547868	IR	639	.	289547000	0.639	0.955	50	2218	289545577	289546181	289547264	289547869	396779011	289350000	289600000	0	3278	604	1083	immediate
SUPER_2	146421355	146423616	IR	636	.	146422168	0.636	0.914	39	2249	146421355	146422051	146422920	146423629	396779011	146400000	146650000	0	374	696	869	immediate
SUPER_2	47148619	47153241	IR	635	.	47150617	0.635	0.899	189	4578	47148619	47150737	47151123	47153244	396779011	47000000	47250000	0	2515	2118	386	immediate
SUPER_2	220123520	220127596	IR	633	.	220125558	0.633	0.931	296	4407	220123520	220125091	220126025	220127686	396779011	219900000	220150000	518	3759	1571	934	immediate
SUPER_2	199957673	199960720	IR	633	.	199959564	0.633	0.988	123	3026	199957673	199958583	199959810	199960722	396779011	199750000	200000000	0	3486	910	1227	immediate
SUPER_2	110947206	110951492	IR	632	.	110949080	0.632	0.969	198	4263	110947206	110948795	110949904	110951492	396779011	110800000	111050000	0	2489	1588	1109	immediate
SUPER_2	224408922	224411316	IR	632	.	224410126	0.632	0.963	107	2484	224408922	224409519	224410732	224411316	396779011	224200000	224450000	107	3501	584	1213	immediate
SUPER_2	289281231	289284123	IR	632	.	289282677	0.632	0.898	60	2948	289281231	289282055	289283299	289284141	396779011	289050000	289300000	60	3877	824	1244	immediate
SUPER_2	90955677	90958024	IR	632	.	90956425	0.632	0.879	52	2339	90955677	90956438	90957263	90958038	396779011	90750000	91000000	0	3447	761	825	immediate
SUPER_2	160126240	160136389	IR	631	.	160131314	0.631	0.996	1000	11556	160126240	160130724	160131905	160136398	396779011	159900000	160150000	1000	3855	4484	1181	immediate
SUPER_2	315658619	315661240	IR	631	.	315659490	0.631	0.875	70	2606	315658619	315659550	315660309	315661244	396779011	315650000	315900000	0	165	931	759	immediate
SUPER_2	330612285	330615097	IR	630	.	330613691	0.630	0.935	115	2970	330612285	330613226	330614156	330615131	396779011	330400000	330650000	115	3561	941	930	immediate
SUPER_2	55811292	55813476	IR	630	.	55812384	0.630	0.996	101	2402	55811292	55811759	55813009	55813476	396779011	55650000	55900000	127	2706	467	1250	immediate
SUPER_2	220099829	220101607	IR	630	.	220100718	0.630	0.997	80	143467	220099829	220100224	220101212	220101607	396779011	220000000	220250000	80	1678	395	988	immediate
SUPER_2	360675777	360690131	IR	629	.	360682771	0.629	0.908	314	15065	360675777	360681963	360683945	360690223	396779011	360500000	360750000	314	3049	6186	1982	immediate
SUPER_2	108158197	108160242	IR	629	.	108159244	0.629	0.910	104	2220	108158197	108158712	108159727	108160291	396779011	108050000	108300000	111	1820	515	1015	immediate
SUPER_2	179436602	179440005	IR	627	.	179438411	0.627	0.990	161	3618	179436602	179437392	179439215	179440005	396779011	179200000	179450000	161	3971	790	1823	immediate
SUPER_2	152862488	152865149	IR	627	.	152863905	0.627	0.930	86	2759	152862488	152863512	152864136	152865149	396779011	152800000	153050000	86	1063	1013	624	immediate
SUPER_2	285777742	285784214	IR	627	.	285781362	0.627	0.697	23	6426	285777742	285777788	285784168	285784234	396779011	285750000	286000000	0	516	46	6380	spaced
SUPER_2	180755969	180758173	IR	626	.	180757071	0.626	1.000	107	2316	180755969	180756453	180757689	180758173	396779011	180550000	180800000	107	3451	484	1236	immediate
SUPER_2	93157679	93159889	IR	625	.	93158802	0.625	0.921	91	2560	93157679	93158374	93159231	93159889	396779011	93100000	93350000	91	979	658	857	immediate
SUPER_2	124986367	124989132	IR	625	.	124988224	0.625	0.935	59	2753	124986367	124987267	124988232	124989141	396779011	124950000	125200000	0	629	900	965	immediate
SUPER_2	134500665	134504426	IR	624	.	134502373	0.624	0.975	208	4008	134500665	134502016	134503077	134504426	396779011	134300000	134550000	208	3375	1349	1061	immediate
SUPER_2	209561755	209566856	IR	624	.	209563943	0.624	0.951	127	5079	209561755	209563559	209565054	209566856	396779011	209350000	209600000	0	3571	1802	1495	immediate
SUPER_2	307550859	307554285	IR	623	.	307552572	0.623	0.960	247	3774	307550859	307551947	307553197	307554329	396779011	307350000	307600000	247	3376	1088	1250	immediate
SUPER_2	229662924	229665231	IR	623	.	229663956	0.623	0.902	47	2365	229662924	229663345	229664810	229665257	396779011	229500000	229750000	47	2734	421	1465	immediate
SUPER_2	233799956	233804465	IR	621	.	233801835	0.621	0.890	148	4486	233799956	233801629	233802904	233804465	396779011	233600000	233850000	0	3370	1561	1275	immediate
SUPER_2	71295573	71306797	IR	619	.	71300866	0.619	0.983	339	10462	71295573	71300325	71302099	71306797	396779011	71200000	71450000	0	1686	4698	1774	immediate
SUPER_2	167663878	167666616	IR	619	.	167665251	0.619	0.965	98	2851	167663878	167664594	167665908	167666616	396779011	167450000	167700000	98	3587	708	1314	immediate
SUPER_2	205609321	205611575	IR	619	.	205610594	0.619	0.841	66	2390	205609321	205609818	205611078	205611651	396779011	205400000	205650000	71	3507	497	1260	immediate
SUPER_2	335621665	335754885	IR	618	.	335687791	0.618	0.915	84	133198	335621665	335622523	335754070	335754885	396779011	335550000	335800000	0	2304	815	131547	wide
SUPER_2	76971816	76974108	IR	616	.	76972962	0.616	0.964	66	2357	76971816	76972195	76973729	76974119	396779011	76750000	77000000	66	3715	379	1534	immediate
SUPER_2	290766177	290768090	IR	612	.	290767134	0.612	0.989	162	2123	290766177	290766911	290767356	290768097	396779011	290550000	290800000	162	3618	734	445	immediate
SUPER_2	170015519	170017342	IR	612	.	170016559	0.612	0.766	82	2214	170015519	170016339	170016522	170017426	396779011	169800000	170050000	82	3607	820	183	immediate
SUPER_2	44392103	44393685	IR	611	.	44392894	0.611	0.930	114	83058	44392103	44392803	44392985	44393725	396779011	44250000	44500000	114	2381	700	182	immediate
SUPER_2	169102751	169104961	IR	610	.	169103856	0.610	0.993	114	2368	169102751	169103364	169104348	169104961	396779011	168900000	169150000	114	3397	613	984	immediate
SUPER_2	15535809	15538001	IR	610	.	15536905	0.610	0.892	81	2387	15535809	15536553	15537314	15538001	396779011	15300000	15550000	81	3948	687	761	immediate
SUPER_2	7510819	7512887	IR	609	.	7511853	0.609	0.909	118	2315	7510819	7511500	7512264	7512887	396779011	7350000	7600000	118	2697	623	764	immediate
SUPER_2	193390842	193393646	IR	609	.	193392351	0.609	0.998	97	2991	193390842	193391259	193393229	193393647	396779011	193150000	193400000	97	4037	417	1970	immediate
SUPER_2	231655917	231658615	IR	608	.	231657266	0.608	0.987	119	2831	231655917	231656626	231657906	231658615	396779011	231450000	231700000	119	3454	709	1280	immediate
SUPER_2	196077962	196082372	IR	607	.	196080167	0.607	0.548	47	4514	196077962	196079527	196080807	196082448	396779011	195950000	196200000	47	2169	1565	1280	immediate
SUPER_2	49724458	49728909	IR	606	.	49726415	0.606	0.949	155	4428	49724458	49726066	49727304	49728909	396779011	49550000	49800000	0	2944	1605	1238	immediate
SUPER_2	348777632	348779971	IR	606	.	348778802	0.606	0.951	71	2527	348777632	348778385	348779219	348779971	396779011	348550000	348800000	71	3813	752	834	immediate
SUPER_2	91967332	91970570	IR	604	.	91968778	0.604	0.714	152	3489	91967332	91968837	91969065	91970619	396779011	91750000	92000000	152	3649	1505	228	immediate
SUPER_2	358532013	358536111	IR	603	.	358534062	0.603	0.998	302	4436	358532013	358533385	358534739	358536114	396779011	358300000	358550000	302	3900	1372	1354	immediate
SUPER_2	230669955	230682271	IR	602	.	230676236	0.602	0.999	1072	13398	230669955	230674680	230677547	230682271	396779011	230450000	230700000	1072	3768	4724	2867	spaced
SUPER_2	176629020	176632202	IR	602	.	176630611	0.602	0.979	131	3460	176629020	176629887	176631335	176632202	396779011	176450000	176700000	134	3010	867	1448	immediate
SUPER_2	125726986	125729020	IR	602	.	125728003	0.602	1.000	85	2123	125726986	125727407	125728599	125729020	396779011	125550000	125800000	85	2966	421	1192	immediate
SUPER_2	62964181	62982441	IR	601	.	62972907	0.601	0.783	27	18060	62964181	62965334	62981337	62982441	396779011	62800000	63050000	0	2888	1104	16003	spaced
SUPER_2	107414128	107419293	IR	600	.	107416294	0.600	0.920	146	5141	107414128	107416418	107417033	107419293	396779011	107200000	107450000	0	3611	2260	615	immediate
SUPER_2	178278832	178281122	IR	600	.	178279977	0.600	0.991	88	2321	178278832	178279275	178280679	178281122	396779011	178050000	178300000	88	3832	443	1404	immediate
SUPER_2	191417741	191441180	IR	599	.	191429736	0.599	0.640	713	23421	191417741	191429325	191429678	191441180	396779011	191350000	191600000	0	1324	11502	353	immediate
SUPER_2	315621800	315633634	IR	599	.	315627789	0.599	0.899	415	13675	315621800	315626847	315628587	315633638	396779011	315400000	315650000	415	3795	5047	1740	immediate
SUPER_2	111479363	111491977	IR	599	.	111485599	0.599	0.899	397	14305	111479363	111484745	111486597	111491977	396779011	111250000	111500000	397	3927	5380	1852	immediate
SUPER_2	146601823	146602811	IR	598	.	146602317	0.598	0.978	65	58080	146601823	146602194	146602440	146602811	396779011	146450000	146700000	65	2538	371	246	immediate
SUPER_2	96830193	96966363	IR	598	.	96898318	0.598	0.401	63	138021	96830193	96898098	96898458	96966381	396779011	96800000	97050000	108	1637	67905	360	immediate
SUPER_2	290911305	290913396	IR	598	.	290912495	0.598	0.782	28	2046	290911305	290911933	290912768	290913457	396779011	290800000	291050000	36	1872	628	835	immediate
SUPER_2	186874320	186876102	IR	597	.	186875211	0.597	0.929	77	65935	186874320	186875145	186875296	186876102	396779011	186700000	186950000	77	2920	806	151	immediate
SUPER_2	267954476	267955984	IR	597	.	267955230	0.597	0.984	62	2856	267954476	267954853	267955607	267955984	396779011	267750000	268000000	62	3420	377	754	immediate
SUPER_2	38474456	38477592	IR	596	.	38476024	0.596	0.956	167	3411	38474456	38475313	38476735	38477608	396779011	38300000	38550000	167	2933	857	1422	immediate
SUPER_2	279758715	279761585	IR	596	.	279760204	0.596	0.792	76	3112	279758715	279759538	279760762	279761643	396779011	279600000	279850000	79	2669	823	1224	immediate
SUPER_2	171839502	171841888	IR	596	.	171840317	0.596	0.917	26	2369	171839502	171840003	171841387	171841890	396779011	171700000	171950000	0	2344	501	1384	immediate
SUPER_2	264205651	264208984	IR	596	.	264207780	0.596	0.908	24	3193	264205651	264206345	264208290	264208985	396779011	264100000	264350000	0	1788	694	1945	immediate
SUPER_2	325410497	325412625	IR	595	.	325411597	0.595	0.884	92	2325	325410497	325411244	325411878	325412697	396779011	325300000	325550000	92	1859	747	634	immediate
SUPER_2	86422552	86424788	IR	595	.	86423362	0.595	0.837	28	2224	86422552	86423347	86423993	86424798	396779011	86300000	86550000	0	2061	795	646	immediate
SUPER_2	116446851	116459771	IR	593	.	116453065	0.593	0.933	293	14790	116446851	116447691	116458931	116459776	396779011	116300000	116550000	40	2555	840	11240	spaced
SUPER_2	229370958	229374916	IR	593	.	229372935	0.593	0.976	234	4353	229370958	229372534	229373340	229374923	396779011	229150000	229400000	234	3715	1576	806	immediate
SUPER_2	160098434	160101977	IR	593	.	160100152	0.593	0.936	118	3813	160098434	160099658	160100753	160101978	396779011	159900000	160150000	118	3336	1224	1095	immediate
SUPER_2	249208304	249210350	IR	593	.	249209327	0.593	0.975	49	2060	249208304	249208697	249209957	249210350	396779011	249200000	249450000	49	155	393	1260	immediate
SUPER_2	108294024	108296294	IR	592	.	108295159	0.592	1.000	111	2353	108294024	108294538	108295780	108296294	396779011	108050000	108300000	111	4085	514	1242	immediate
SUPER_2	82717458	82719883	IR	592	.	82718752	0.592	0.950	60	2622	82717458	82718060	82719281	82719883	396779011	82650000	82900000	60	1144	602	1221	immediate
SUPER_2	364439598	364442060	IR	591	.	364440829	0.591	0.938	50	2535	364439598	364440298	364441360	364442060	396779011	364200000	364450000	50	4013	700	1062	immediate
SUPER_2	113000428	113002890	IR	590	.	113001659	0.590	0.994	108	2626	113000428	113000964	113002354	113002890	396779011	112800000	113050000	108	3360	536	1390	immediate
SUPER_2	277711104	277713633	IR	589	.	277712396	0.589	0.904	114	2703	277711104	277711865	277712927	277713633	396779011	277500000	277750000	114	3539	706	1062	immediate
SUPER_2	83533256	83746638	IR	589	.	83640423	0.589	0.399	103	213380	83533256	83638508	83641386	83746653	396779011	83500000	83750000	0	2332	105252	2878	spaced
SUPER_2	221878845	221882636	IR	588	.	221880848	0.588	0.933	193	4106	221878845	221879940	221881541	221882687	396779011	221700000	221950000	193	3012	1095	1601	immediate
SUPER_2	82872035	82875817	IR	588	.	82874010	0.588	0.854	158	4158	82872035	82873723	82874129	82875856	396779011	82700000	82950000	183	2898	1688	406	immediate
SUPER_2	153569747	153572535	IR	588	.	153571141	0.588	0.980	112	3021	153569747	153570484	153571798	153572535	396779011	153400000	153650000	112	2852	737	1314	immediate
SUPER_2	227165907	227168595	IR	586	.	227167251	0.586	0.833	151	3128	227165907	227167092	227167439	227168595	396779011	226950000	227200000	151	3620	1156	347	immediate
SUPER_2	208555713	208557784	IR	585	.	208556776	0.585	0.914	133	2226	208555713	208556600	208556897	208557833	396779011	208400000	208650000	133	2612	887	297	immediate
SUPER_2	131282606	131284318	IR	585	.	131283462	0.585	0.981	30	2020	131282606	131282816	131284108	131284318	396779011	131050000	131300000	30	3890	210	1292	immediate
SUPER_2	72850885	73073304	IR	585	.	72962369	0.585	0.398	24	222444	72850885	72961977	72962212	73073368	396779011	72850000	73100000	0	1868	111092	235	immediate
SUPER_2	308936619	308938971	IR	584	.	308937849	0.584	0.990	92	2465	308936619	308937118	308938472	308938972	396779011	308700000	308950000	92	3963	499	1354	immediate
SUPER_2	200298336	200300242	IR	584	.	200299456	0.584	0.923	57	2039	200298336	200298737	200299841	200300267	396779011	200150000	200400000	57	2488	401	1104	immediate
SUPER_2	68450366	68451077	IR	584	.	68450870	0.584	1.000	28	2237	68450366	68450512	68450931	68451077	396779011	68250000	68500000	28	3345	146	419	immediate
SUPER_2	215618964	215622398	IR	582	.	215620681	0.582	0.984	148	3601	215618964	215619724	215621638	215622398	396779011	215400000	215650000	148	3677	760	1914	immediate
SUPER_2	175632339	175634260	IR	582	.	175633300	0.582	0.908	132	2367	175632339	175633209	175633390	175634321	396779011	175400000	175650000	132	3888	870	181	immediate
SUPER_2	182289469	182292241	IR	582	.	182290855	0.582	0.913	94	2951	182289469	182290033	182291677	182292289	396779011	182150000	182400000	94	2347	564	1644	immediate
SUPER_2	137219871	137222657	IR	581	.	137221024	0.581	0.941	64	2922	137219871	137220780	137221757	137222657	396779011	137050000	137300000	64	2854	900	977	immediate
SUPER_2	198432858	198440280	IR	580	.	198436568	0.580	0.994	636	8133	198432858	198435746	198437392	198440285	396779011	198200000	198450000	636	3942	2888	1646	immediate
SUPER_2	303617146	303620665	IR	580	.	303618618	0.580	0.821	123	3550	303617146	303618581	303619230	303620727	396779011	303400000	303650000	0	3648	1435	649	immediate
SUPER_2	79084958	79088217	IR	580	.	79086183	0.580	0.704	21	3277	79084958	79085990	79087185	79088254	396779011	78950000	79200000	0	2276	1032	1195	immediate
SUPER_2	224559751	224562401	IR	579	.	224561074	0.579	0.986	226	2886	224559751	224560751	224561405	224562401	396779011	224350000	224600000	226	3517	996	654	immediate
SUPER_2	343958652	343961802	IR	579	.	343960227	0.579	0.984	125	3463	343958652	343959335	343961119	343961803	396779011	343750000	344000000	125	3503	683	1784	immediate
SUPER_2	133370910	133373164	IR	579	.	133371966	0.579	0.918	52	2379	133370910	133371552	133372546	133373164	396779011	133200000	133450000	52	2867	618	994	immediate
SUPER_2	110527068	110538538	IR	578	.	110533024	0.578	0.889	400	13344	110527068	110532288	110533321	110538538	396779011	110300000	110550000	400	3879	5217	1033	immediate
SUPER_2	10209950	10211960	IR	578	.	10210955	0.578	0.992	68	2165	10209950	10210331	10211579	10211960	396779011	10000000	10250000	68	3515	381	1248	immediate
SUPER_2	163727660	163730208	IR	578	.	163728805	0.578	0.962	61	2591	163727660	163727965	163729903	163730219	396779011	163500000	163750000	61	3815	305	1938	immediate
SUPER_2	313831141	313833271	IR	577	.	313832206	0.577	0.954	58	2217	313831141	313831661	313832751	313833272	396779011	313700000	313950000	58	2203	520	1090	immediate
SUPER_2	301645793	301650032	IR	576	.	301647683	0.576	0.933	120	4463	301645793	301647348	301648477	301650060	396779011	301450000	301700000	120	3298	1555	1129	immediate
SUPER_2	270912701	270915395	IR	576	.	270914048	0.576	0.975	111	2901	270912701	270913459	270914637	270915399	396779011	270850000	271100000	111	1067	758	1178	immediate
SUPER_2	321379088	321381375	IR	576	.	321380305	0.576	0.961	65	2373	321379088	321379657	321380806	321381375	396779011	321300000	321550000	65	1337	569	1149	immediate
SUPER_2	154271591	154273915	IR	575	.	154272289	0.575	0.998	65	2295	154271591	154272003	154273503	154273915	396779011	154150000	154400000	0	2045	412	1500	immediate
SUPER_2	265714056	265717340	IR	575	.	265716178	0.575	0.684	36	3196	265714056	265715385	265716109	265717340	396779011	265600000	265850000	0	1928	1231	724	immediate
SUPER_2	322588490	322590424	IR	574	.	322589457	0.574	0.982	75	2039	322588490	322588940	322589974	322590424	396779011	322400000	322650000	75	3157	450	1034	immediate
SUPER_2	59601754	59610486	IR	573	.	59606120	0.573	1.000	752	10694	59601754	59605134	59607106	59610486	396779011	59500000	59750000	754	1768	3380	1972	immediate
SUPER_2	303258628	303264323	IR	572	.	303261487	0.572	0.989	467	6306	303258628	303260700	303262274	303264323	396779011	303050000	303300000	467	3524	2049	1574	immediate
SUPER_2	161234297	161237299	IR	572	.	161235793	0.572	0.956	206	3338	161234297	161235576	161236030	161237299	396779011	161000000	161250000	206	3929	1269	454	immediate
SUPER_2	64049735	64051824	IR	572	.	64050780	0.572	0.993	110	2219	64049735	64050288	64051272	64051824	396779011	63850000	64100000	110	3346	552	984	immediate
SUPER_2	134289105	134291155	IR	571	.	134290130	0.571	0.986	63	2186	134289105	134289521	134290739	134291155	396779011	134100000	134350000	63	3168	416	1218	immediate
SUPER_2	272046757	272049079	IR	570	.	272047918	0.570	0.968	77	2393	272046757	272047251	272048585	272049079	396779011	271800000	272050000	77	4131	494	1334	immediate
SUPER_2	63837476	63839702	IR	570	.	63839081	0.570	0.957	31	2174	63837476	63837827	63839351	63839702	396779011	63650000	63900000	0	3143	351	1524	immediate
SUPER_2	101082542	101084716	IR	570	.	101083310	0.570	0.548	28	2197	101082542	101083165	101084093	101084826	396779011	100950000	101200000	0	2227	623	928	immediate
SUPER_2	229458485	229460646	IR	569	.	229459567	0.569	0.983	71	2196	229458485	229458954	229460177	229460649	396779011	229250000	229500000	71	3492	469	1223	immediate
SUPER_2	32512818	32547039	IR	569	.	32529489	0.569	0.409	54	34256	32512818	32529917	32529940	32547128	396779011	32300000	32550000	0	3832	17099	23	immediate
SUPER_2	88979052	89009958	IR	568	.	88994825	0.568	0.546	289	30708	88979052	88987293	89001717	89010010	396779011	88850000	89100000	0	2408	8241	14424	spaced
SUPER_2	371399409	371401557	IR	568	.	371400699	0.568	0.919	165	4139	371399409	371399880	371401087	371401557	396779011	371250000	371500000	40	2507	470	1207	immediate
SUPER_2	214617742	214620738	IR	568	.	214619240	0.568	0.973	135	3329	214617742	214618551	214619929	214620745	396779011	214600000	214850000	135	320	809	1378	immediate
SUPER_2	333009422	333010270	IR	568	.	333009846	0.568	1.000	60	41655	333009422	333009687	333010005	333010270	396779011	332850000	333100000	60	2663	265	318	immediate
SUPER_2	48442112	48443169	IR	568	.	48442640	0.568	0.976	56	3048	48442112	48442441	48442840	48443172	396779011	48250000	48500000	56	3210	329	399	immediate
SUPER_2	190534828	190544796	IR	567	.	190539625	0.567	0.989	339	10543	190534828	190536517	190543107	190544796	396779011	190300000	190550000	339	3996	1689	6590	spaced
SUPER_2	232703722	232705818	IR	567	.	232704770	0.567	0.974	63	2140	232703722	232704139	232705401	232705818	396779011	232500000	232750000	63	3412	417	1262	immediate
SUPER_2	271505904	271508909	IR	566	.	271507268	0.566	0.994	165	3244	271505904	271506692	271508121	271508909	396779011	271300000	271550000	165	3456	788	1429	immediate
SUPER_2	159453118	159455619	IR	566	.	159454026	0.566	0.931	52	2480	159453118	159453813	159454939	159455619	396779011	159400000	159650000	0	906	680	1126	immediate
SUPER_2	303899351	303903680	IR	565	.	303901409	0.565	0.964	99	4466	303899351	303900120	303902914	303903680	396779011	303700000	303950000	99	3358	766	2794	spaced
SUPER_2	144504622	144509369	IR	565	.	144507019	0.565	0.570	82	4852	144504622	144506921	144507116	144509369	396779011	144350000	144600000	82	2616	2253	195	immediate
SUPER_2	101603597	101607387	IR	565	.	101605492	0.565	0.856	65	3998	101603597	101604839	101606145	101607417	396779011	101450000	101700000	65	2591	1242	1306	immediate
SUPER_2	202111654	202114815	IR	564	.	202113196	0.564	0.983	156	3351	202111654	202112398	202114071	202114816	396779011	202100000	202350000	156	220	744	1673	immediate
SUPER_2	225076482	225079078	IR	564	.	225077682	0.564	0.991	107	3927	225076482	225077060	225078500	225079078	396779011	224850000	225100000	107	3796	578	1440	immediate
SUPER_2	168096489	168098568	IR	564	.	168097610	0.564	0.974	65	2181	168096489	168096952	168098105	168098568	396779011	167850000	168100000	65	4125	463	1153	immediate
SUPER_2	290410252	290412868	IR	563	.	290411562	0.563	0.987	138	3313	290410252	290410994	290412130	290412868	396779011	290200000	290450000	138	3525	738	1136	immediate
SUPER_2	15398176	15400157	IR	563	.	15399033	0.563	0.516	26	2125	15398176	15398489	15399900	15400157	396779011	15250000	15500000	26	2485	257	1411	immediate
SUPER_2	271980511	271990951	IR	562	.	271985744	0.562	0.993	1037	12425	271980511	271984117	271987371	271990951	396779011	271750000	272000000	1662	3928	3580	3254	spaced
SUPER_2	267395850	267398453	IR	562	.	267397604	0.562	0.990	56	2571	267395850	267396253	267398050	267398453	396779011	267150000	267400000	0	4119	403	1797	immediate
SUPER_2	139832136	139834760	IR	562	.	139833451	0.562	0.920	48	2741	139832136	139832922	139833980	139834760	396779011	139750000	140000000	48	1390	780	1058	immediate
SUPER_2	56134608	56141542	IR	561	.	56137593	0.561	0.979	299	6907	56134608	56137039	56139113	56141542	396779011	55900000	56150000	0	3967	2429	2074	spaced
SUPER_2	260283269	260290312	IR	561	.	260286421	0.561	0.764	97	6941	260283269	260286765	260286847	260290312	396779011	260150000	260400000	0	2279	3465	82	immediate
SUPER_2	180336435	180340015	IR	560	.	180338225	0.560	0.981	297	3955	180336435	180337962	180338488	180340034	396779011	180100000	180350000	297	3970	1527	526	immediate
SUPER_2	207924932	207928322	IR	560	.	207926717	0.560	0.971	137	3578	207924932	207926015	207927242	207928322	396779011	207750000	208000000	137	2943	1080	1227	immediate
SUPER_2	297077839	297080084	IR	560	.	297078961	0.560	0.963	86	2471	297077839	297078343	297079580	297080093	396779011	296850000	297100000	86	3815	504	1237	immediate
SUPER_2	251236208	251245903	IR	559	.	251240809	0.559	0.935	344	10653	251236208	251239969	251242142	251245906	396779011	251000000	251250000	344	4017	3761	2173	spaced
SUPER_2	259627025	259633356	IR	559	.	259630502	0.559	0.854	125	5966	259627025	259629357	259631061	259633356	396779011	259550000	259800000	0	1336	2295	1704	immediate
SUPER_2	172624162	172629740	IR	558	.	172626951	0.558	0.996	404	6022	172624162	172626066	172627836	172629740	396779011	172400000	172650000	404	3782	1904	1770	immediate
SUPER_2	218927655	218931178	IR	558	.	218929427	0.558	0.910	183	3823	218927655	218928913	218929920	218931243	396779011	218700000	218950000	196	3823	1258	1007	immediate
SUPER_2	359474801	359476702	IR	558	.	359475755	0.558	0.960	91	2046	359474801	359475577	359475933	359476702	396779011	359250000	359500000	91	3762	769	356	immediate
SUPER_2	188051352	188055846	IR	557	.	188053985	0.557	0.947	167	4471	188051352	188052852	188054362	188055846	396779011	187850000	188100000	0	3393	1484	1510	immediate
SUPER_2	281635691	281638411	IR	557	.	281637101	0.557	0.871	126	2860	281635691	281636692	281637448	281638411	396779011	281500000	281750000	149	2284	963	756	immediate
SUPER_2	196615307	196616709	IR	557	.	196616008	0.557	0.973	44	9058	196615307	196615644	196616372	196616709	396779011	196500000	196750000	44	1933	337	728	immediate
SUPER_2	255987866	255989371	IR	556	.	255988641	0.556	0.917	114	6323	255987866	255988398	255988839	255989416	396779011	255800000	256050000	114	3143	532	441	immediate
SUPER_2	112858750	112861970	IR	556	.	112860621	0.556	0.872	43	3202	112858750	112859295	112861466	112861970	396779011	112700000	112950000	0	2672	504	2171	spaced
SUPER_2	391885909	391889233	IR	556	.	391887064	0.556	0.950	42	3307	391885909	391886493	391888649	391889233	396779011	391650000	391900000	0	3959	584	2156	spaced
SUPER_2	307958552	307964314	IR	555	.	307960935	0.555	0.832	94	5697	307958552	307961150	307961716	307964361	396779011	307800000	308050000	0	2690	2598	566	immediate
SUPER_2	273263471	273265595	IR	555	.	273264533	0.555	0.981	42	2146	273263471	273263784	273265282	273265595	396779011	273100000	273350000	42	2742	313	1498	immediate
SUPER_2	39728866	39779721	IR	554	.	39753965	0.554	0.986	1080	50878	39728866	39735606	39772981	39779762	396779011	39600000	39850000	0	2571	6740	37375	spaced
SUPER_2	101634513	101637561	IR	554	.	101635977	0.554	0.930	129	3388	101634513	101635801	101636277	101637561	396779011	101450000	101700000	160	3100	1284	476	immediate
SUPER_2	219217359	219219221	IR	554	.	219218290	0.554	0.992	112	2167	219217359	219217956	219218624	219219222	396779011	219000000	219250000	112	3638	597	668	immediate
SUPER_2	144018714	144021163	IR	554	.	144020270	0.554	0.967	30	2397	144018714	144018955	144020922	144021163	396779011	143850000	144100000	0	2832	241	1967	immediate
SUPER_2	241490335	241492806	IR	553	.	241491570	0.553	0.975	191	2688	241490335	241491465	241491683	241492806	396779011	241250000	241500000	191	4026	1123	218	immediate
SUPER_2	174405293	174408583	IR	553	.	174406938	0.553	0.980	150	3454	174405293	174406185	174407691	174408585	396779011	174200000	174450000	150	3448	892	1506	immediate
SUPER_2	33927679	33929911	IR	552	.	33928795	0.552	0.978	107	2312	33927679	33928399	33929191	33929914	396779011	33700000	33950000	107	3813	720	792	immediate
SUPER_2	374998155	374999913	IR	552	.	374999035	0.552	0.980	107	10065	374998155	374998758	374999313	374999913	396779011	374800000	375050000	107	3317	600	555	immediate
SUPER_2	92790461	92793648	IR	552	.	92791883	0.552	0.971	34	3233	92790461	92790733	92793376	92793648	396779011	92650000	92900000	34	2367	272	2643	spaced
SUPER_2	113152321	113179339	IR	552	.	113166226	0.552	0.717	33	26996	113152321	113156343	113175432	113179339	396779011	112950000	113200000	0	3597	3907	19089	spaced
SUPER_2	263236229	263238086	IR	552	.	263237058	0.552	0.790	20	2015	263236229	263236715	263237600	263238132	396779011	263100000	263350000	26	2285	486	885	immediate
SUPER_2	271647653	271653159	IR	551	.	271650406	0.551	0.966	361	5999	271647653	271649593	271651219	271653187	396779011	271500000	271750000	361	2506	1940	1626	immediate
SUPER_2	111623568	111631121	IR	551	.	111627033	0.551	0.999	260	7532	111623568	111625023	111629666	111631121	396779011	111500000	111750000	0	2122	1455	4643	spaced
SUPER_2	93870785	93875536	IR	551	.	93873326	0.551	0.972	173	4909	93870785	93872188	93874141	93875536	396779011	93650000	93900000	173	3719	1395	1953	immediate
SUPER_2	300444804	300447846	IR	551	.	300446235	0.551	0.987	122	3207	300444804	300445516	300447134	300447846	396779011	300200000	300450000	122	4105	712	1618	immediate
SUPER_2	396463934	396466474	IR	550	.	396465204	0.550	0.916	109	2548	396463934	396464634	396465774	396466502	396779011	396300000	396550000	131	2753	700	1140	immediate
SUPER_2	341961146	341963879	IR	550	.	341962058	0.550	0.937	52	2710	341961146	341962042	341962983	341963887	396779011	341750000	342000000	0	3541	896	941	immediate
SUPER_2	66257896	66260076	IR	550	.	66258986	0.550	0.968	49	2205	66257896	66258304	66259668	66260077	396779011	66100000	66350000	49	2649	408	1364	immediate
SUPER_2	62453953	62468637	IR	549	.	62460907	0.549	0.988	1029	14660	62453953	62460296	62462302	62468637	396779011	62250000	62500000	0	3521	6335	2006	spaced
SUPER_2	166735721	166751932	IR	549	.	166743597	0.549	0.964	446	17889	166735721	166738815	166748852	166751932	396779011	166550000	166800000	446	3230	3080	10037	spaced
SUPER_2	204642352	204645921	IR	549	.	204644138	0.549	0.976	261	4050	204642352	204643941	204644332	204645928	396779011	204400000	204650000	261	4068	1589	391	immediate
SUPER_2	193118828	193121638	IR	549	.	193120233	0.549	0.999	159	2959	193118828	193119554	193120912	193121638	396779011	192900000	193150000	159	3670	726	1358	immediate
SUPER_2	305831841	305923006	IR	549	.	305877039	0.549	0.955	67	91144	305831841	305832747	305922100	305923006	396779011	305700000	305950000	0	2956	906	89353	spaced
SUPER_2	156029439	156031289	IR	549	.	156030364	0.549	0.987	50	17958	156029439	156029751	156030977	156031289	396779011	155850000	156100000	50	3005	312	1226	immediate
SUPER_2	295953646	295957124	IR	548	.	295955385	0.548	0.997	201	3716	295953646	295954597	295956173	295957124	396779011	295750000	296000000	201	3422	951	1576	immediate
SUPER_2	235614295	235618281	IR	548	.	235616446	0.548	0.881	58	4096	235614295	235614993	235617636	235618281	396779011	235450000	235700000	58	2771	645	2643	spaced
SUPER_2	137180657	137182414	IR	547	.	137181561	0.547	0.904	120	2010	137180657	137181459	137181612	137182465	396779011	137000000	137250000	120	3025	802	153	immediate
SUPER_2	147928388	147931922	IR	547	.	147930254	0.547	0.952	110	3814	147928388	147929213	147931107	147931922	396779011	147900000	148150000	110	502	815	1894	immediate
SUPER_2	245176921	245179295	IR	547	.	245177961	0.547	0.874	78	104846	245176921	245177488	245178728	245179346	396779011	245000000	245250000	78	2968	567	1240	immediate
SUPER_2	34193720	34198233	IR	546	.	34195755	0.546	0.988	137	4779	34193720	34194412	34197544	34198233	396779011	33950000	34200000	137	4099	689	3132	spaced
SUPER_2	164483639	164486189	IR	546	.	164484915	0.546	0.978	108	2656	164483639	164484308	164485522	164486189	396779011	164250000	164500000	108	3915	667	1214	immediate
SUPER_2	101172637	101173350	IR	546	.	101172747	0.546	1.000	34	2780	101172637	101172654	101173333	101173350	396779011	101000000	101250000	2	2883	17	679	immediate
SUPER_2	343897326	343901301	IR	545	.	343899313	0.545	0.961	214	4268	343897326	343898615	343900018	343901301	396779011	343800000	344050000	234	1655	1283	1403	immediate
SUPER_2	137459779	137463782	IR	545	.	137461781	0.545	0.966	207	4268	137459779	137461079	137462483	137463782	396779011	137250000	137500000	207	3529	1299	1404	immediate
SUPER_2	66595368	66598373	IR	545	.	66596887	0.545	0.918	138	3194	66595368	66596298	66597481	66598373	396779011	66350000	66600000	140	4114	892	1183	immediate
SUPER_2	327809456	327813283	IR	545	.	327811800	0.545	0.765	52	3571	327809456	327811278	327811564	327813283	396779011	327700000	327950000	0	1856	1719	286	immediate
SUPER_2	252746523	252750558	IR	544	.	252748541	0.544	0.967	209	4337	252746523	252747839	252749243	252750558	396779011	252550000	252800000	209	3308	1315	1404	immediate
SUPER_2	395118930	395123049	IR	544	.	395120502	0.544	0.980	141	4094	395118930	395119891	395122093	395123049	396779011	394900000	395150000	0	3683	956	2202	spaced
SUPER_2	276541893	276545178	IR	544	.	276543619	0.544	0.975	112	3525	276541893	276542648	276544423	276545178	396779011	276350000	276600000	114	3225	755	1775	immediate
SUPER_2	96202713	96214384	IR	544	.	96208200	0.544	0.991	27	11650	96202713	96202927	96214170	96214384	396779011	96200000	96450000	0	142	214	11243	spaced
SUPER_2	389865460	389869470	IR	543	.	389867466	0.543	0.966	204	4269	389865460	389866767	389868165	389869470	396779011	389650000	389900000	204	3624	1305	1398	immediate
SUPER_2	86230895	86258087	IR	542	.	86244314	0.542	0.997	1459	31171	86230895	86242881	86246101	86258094	396779011	86050000	86300000	1459	3241	11986	3220	spaced
SUPER_2	11568176	11572185	IR	542	.	11570018	0.542	0.978	201	4268	11568176	11569314	11571047	11572185	396779011	11350000	11600000	201	3669	1138	1733	immediate
SUPER_2	142429735	142431874	IR	542	.	142430817	0.542	0.962	149	2303	142429735	142430577	142431058	142431874	396779011	142250000	142500000	183	3013	816	481	immediate
SUPER_2	323341281	323344981	IR	542	.	323343111	0.542	0.594	68	3888	323341281	323342860	323343509	323344981	396779011	323100000	323350000	68	4052	1472	649	immediate
SUPER_2	306831771	306834530	IR	542	.	306833625	0.542	0.940	39	2736	306831771	306832452	306833852	306834530	396779011	306750000	307000000	0	1385	678	1400	immediate
SUPER_2	139486840	139487490	IR	541	.	139487165	0.541	1.000	60	31828	139486840	139487124	139487206	139487490	396779011	139450000	139700000	60	619	284	82	immediate
SUPER_2	92915929	92917090	IR	541	.	92916508	0.541	0.779	46	2043	92915929	92916167	92916852	92917148	396779011	92700000	92950000	76	3608	238	685	immediate
SUPER_2	189242142	189244224	IR	541	.	189243183	0.541	0.899	29	2090	189242142	189242996	189243370	189244229	396779011	189200000	189450000	29	719	854	374	immediate
SUPER_2	41502427	41506105	IR	540	.	41504266	0.540	0.896	118	4134	41502427	41503523	41505009	41506168	396779011	41300000	41550000	118	3404	1096	1486	immediate
SUPER_2	64692755	64694728	IR	539	.	64693742	0.539	0.927	63	2034	64692755	64693518	64693966	64694728	396779011	64450000	64700000	63	4062	762	448	immediate
SUPER_2	17459748	17466710	IR	538	.	17463235	0.538	0.962	342	8739	17459748	17462329	17464141	17466710	396779011	17250000	17500000	342	3553	2569	1812	immediate
SUPER_2	357697968	357775126	IR	538	.	357736902	0.538	0.412	135	77135	357697968	357736148	357737018	357775126	396779011	357650000	357900000	0	1442	38108	870	immediate
SUPER_2	824108	826086	IR	538	.	825091	0.538	0.948	120	2268	824108	824989	825206	826086	396779011	600000	850000	121	3751	880	217	immediate
SUPER_2	181600749	181604642	IR	538	.	181603019	0.538	0.918	96	3868	181600749	181602171	181603220	181604665	396779011	181400000	181650000	0	3378	1422	1049	immediate
SUPER_2	303987447	303992732	IR	537	.	303989599	0.537	0.961	131	5265	303987447	303988996	303991186	303992732	396779011	303900000	304150000	0	1501	1546	2190	spaced
SUPER_2	73209216	73211663	IR	537	.	73210441	0.537	0.972	120	2917	73209216	73210108	73210774	73211663	396779011	73200000	73450000	120	173	889	666	immediate
SUPER_2	193791689	193794563	IR	537	.	193793050	0.537	0.815	75	2915	193791689	193792328	193793945	193794563	396779011	193750000	194000000	75	718	618	1617	immediate
SUPER_2	167993842	167996106	IR	537	.	167994750	0.537	1.000	50	2285	167993842	167994094	167995854	167996106	396779011	167800000	168050000	50	3249	252	1760	immediate
SUPER_2	128705805	128709531	IR	536	.	128707668	0.536	1.000	241	3942	128705805	128706945	128708391	128709531	396779011	128600000	128850000	242	1794	1140	1446	immediate
SUPER_2	257520361	257522424	IR	536	.	257521306	0.536	0.991	117	2135	257520361	257520895	257521891	257522424	396779011	257300000	257550000	117	3689	533	996	immediate
SUPER_2	141106642	141110424	IR	536	.	141108076	0.536	0.971	82	3772	141106642	141107114	141109952	141110434	396779011	140900000	141150000	0	3475	472	2838	spaced
SUPER_2	165130922	165131788	IR	536	.	165131355	0.536	0.994	65	15875	165130922	165131235	165131475	165131788	396779011	164950000	165200000	65	3022	313	240	immediate
SUPER_2	72654258	72778861	IR	536	.	72716261	0.536	0.951	54	124581	72654258	72655162	72777957	72778862	396779011	72550000	72800000	0	2775	904	122795	wide
SUPER_2	38742629	38744522	IR	536	.	38743723	0.536	0.778	44	2076	38742629	38743204	38743962	38744522	396779011	38500000	38750000	76	4059	560	758	immediate
SUPER_2	286869079	286876404	IR	535	.	286872742	0.535	0.995	728	8142	286869079	286872374	286873120	286876404	396779011	286650000	286900000	732	3712	3284	746	immediate
SUPER_2	325295804	325301409	IR	535	.	325298779	0.535	0.983	365	5984	325295804	325297957	325299256	325301409	396779011	325100000	325350000	365	3309	2153	1299	immediate
SUPER_2	45516478	45521458	IR	535	.	45519027	0.535	0.872	247	5342	45516478	45518701	45519235	45521509	396779011	45300000	45550000	273	3649	2223	534	immediate
SUPER_2	27153282	27156540	IR	535	.	27154930	0.535	0.939	181	3444	27153282	27154456	27155404	27156540	396779011	27050000	27300000	181	1748	1136	948	immediate
SUPER_2	104702185	104712957	IR	535	.	104707088	0.535	0.645	31	10396	104702185	104702675	104712467	104713037	396779011	104550000	104800000	0	2626	490	9792	spaced
SUPER_2	145757214	145761818	IR	534	.	145759516	0.534	0.997	324	4944	145757214	145758670	145760362	145761820	396779011	145550000	145800000	324	3491	1456	1692	immediate
SUPER_2	48419239	48422937	IR	534	.	48421059	0.534	0.907	227	3986	48419239	48420887	48421307	48422937	396779011	48250000	48500000	272	2851	1630	420	immediate
SUPER_2	64365677	64367224	IR	534	.	64366451	0.534	0.998	104	4202	64365677	64366142	64366759	64367225	396779011	64250000	64500000	104	1940	465	617	immediate
SUPER_2	118640211	118653759	IR	533	.	118646916	0.533	0.966	589	14604	118640211	118645745	118648249	118653759	396779011	118500000	118750000	589	2449	5510	2504	spaced
SUPER_2	154613797	154616833	IR	533	.	154615368	0.533	0.936	80	3397	154613797	154614573	154616057	154616835	396779011	154450000	154700000	82	2755	776	1484	immediate
SUPER_2	220474885	220479287	IR	532	.	220477083	0.532	0.923	126	4985	220474885	220476419	220477753	220479314	396779011	220400000	220650000	126	1284	1534	1334	immediate
SUPER_2	317073620	317078049	IR	532	.	317075840	0.532	0.923	126	4985	317073620	317075176	317076510	317078049	396779011	316850000	317100000	126	3763	1539	1334	immediate
SUPER_2	133171643	133174642	IR	532	.	133173510	0.532	0.900	82	2974	133171643	133173006	133173282	133174642	396779011	133150000	133400000	0	385	1360	276	immediate
SUPER_2	68581392	68607742	IR	531	.	68594513	0.531	0.961	450	27209	68581392	68584178	68604964	68607742	396779011	68400000	68650000	450	3242	2778	20786	spaced
SUPER_2	113216891	113296577	IR	531	.	113257094	0.531	0.496	385	79705	113216891	113256655	113256813	113296619	396779011	113050000	113300000	0	3445	39764	158	immediate
SUPER_2	204535781	204540086	IR	531	.	204538366	0.531	0.950	129	4216	204535781	204536991	204538876	204540086	396779011	204350000	204600000	0	3132	1210	1885	immediate
SUPER_2	308245079	308247116	IR	531	.	308246095	0.531	0.957	66	2114	308245079	308245393	308246802	308247119	396779011	308100000	308350000	66	2434	314	1409	immediate
SUPER_2	120968528	120971675	IR	531	.	120970105	0.531	0.797	24	3319	120968528	120969503	120970700	120971719	396779011	120750000	121000000	25	3668	975	1197	immediate
SUPER_2	385532756	385535565	IR	530	.	385534162	0.530	0.939	44	3079	385532756	385533366	385534958	385535565	396779011	385300000	385550000	44	3902	607	1592	immediate
SUPER_2	317286424	317290183	IR	529	.	317288513	0.529	0.936	164	3973	317286424	317287597	317289058	317290183	396779011	317100000	317350000	226	3138	1125	1461	immediate
SUPER_2	121606726	121612807	IR	529	.	121609475	0.529	0.720	153	5920	121606726	121608856	121610682	121612807	396779011	121450000	121700000	0	2662	2125	1826	immediate
SUPER_2	84950231	84953696	IR	529	.	84951856	0.529	0.962	118	3615	84950231	84951074	84952853	84953703	396779011	84750000	85000000	121	3365	843	1779	immediate
SUPER_2	242702655	242705850	IR	529	.	242704077	0.529	0.942	94	3330	242702655	242703762	242704744	242705850	396779011	242500000	242750000	94	3404	1106	982	immediate
SUPER_2	298751269	298753589	IR	529	.	298752429	0.529	0.968	48	2406	298751269	298751712	298753146	298753589	396779011	298550000	298800000	48	3373	443	1434	immediate
SUPER_2	181127543	181129947	IR	529	.	181128799	0.529	0.951	21	2406	181127543	181127728	181129762	181129947	396779011	180900000	181150000	21	3812	185	2034	spaced
SUPER_2	306499957	306514904	IR	528	.	306507161	0.528	1.000	1375	14923	306499957	306507378	306507483	306514904	396779011	306300000	306550000	0	3457	7421	105	immediate
SUPER_2	211428457	211430554	IR	528	.	211429738	0.528	0.994	121	2068	211428457	211429244	211429767	211430554	396779011	211400000	211650000	0	491	787	523	immediate
SUPER_2	239552195	239554575	IR	528	.	239553386	0.528	0.924	47	2451	239552195	239552956	239553816	239554575	396779011	239350000	239600000	47	3389	759	860	immediate
SUPER_2	354999563	355004507	IR	527	.	355001715	0.527	0.995	146	4916	354999563	355000514	355003556	355004507	396779011	354800000	355050000	0	3367	951	3042	spaced
SUPER_2	206597697	206600872	IR	527	.	206599108	0.527	0.973	117	3349	206597697	206598436	206600133	206600875	396779011	206400000	206650000	117	3321	739	1697	immediate
SUPER_2	188222470	188224864	IR	527	.	188223669	0.527	0.956	80	2481	188222470	188223200	188224138	188224864	396779011	188150000	188400000	80	1227	726	938	immediate
SUPER_2	164165814	164169088	IR	527	.	164167059	0.527	0.934	66	3272	164165814	164166359	164168543	164169110	396779011	163950000	164200000	0	3624	545	2184	spaced
SUPER_2	33664926	33667535	IR	526	.	33666231	0.526	0.966	94	2754	33664926	33665668	33666799	33667535	396779011	33450000	33700000	94	3603	736	1131	immediate
SUPER_2	215267159	215270847	IR	525	.	215269057	0.525	0.991	147	3977	215267159	215267927	215270079	215270847	396779011	215100000	215350000	147	2816	768	2152	spaced
SUPER_2	23484847	23488069	IR	525	.	23486458	0.525	0.983	135	69773	23484847	23485565	23487351	23488073	396779011	23350000	23600000	135	2274	718	1786	immediate
SUPER_2	17825577	17827692	IR	525	.	17826635	0.525	0.978	45	2161	17825577	17825934	17827336	17827692	396779011	17600000	17850000	45	3777	356	1402	immediate
SUPER_2	357490645	357496460	IR	524	.	357493876	0.524	0.865	110	5789	357490645	357492308	357494906	357496460	396779011	357250000	357500000	0	4059	1554	2598	spaced
SUPER_2	224932644	224935193	IR	524	.	224933837	0.524	0.919	67	3294	224932644	224933581	224934256	224935197	396779011	224750000	225000000	67	3065	937	675	immediate
SUPER_2	205764016	205766179	IR	524	.	205764754	0.524	0.934	42	2151	205764016	205764581	205765614	205766189	396779011	205650000	205900000	0	1918	565	1033	immediate
SUPER_2	260626258	260629528	IR	523	.	260627893	0.523	0.959	110	3454	260626258	260627144	260628642	260629528	396779011	260500000	260750000	110	2131	886	1498	immediate
SUPER_2	243166524	243168946	IR	523	.	243167736	0.523	0.969	77	2629	243166524	243167172	243168303	243168946	396779011	243050000	243300000	77	1962	643	1131	immediate
SUPER_2	352171473	352174315	IR	522	.	352172894	0.522	0.997	163	3155	352171473	352172218	352173570	352174315	396779011	351950000	352200000	163	3714	745	1352	immediate
SUPER_2	82708433	82710678	IR	522	.	82709583	0.522	0.863	85	2360	82708433	82709516	82709660	82710678	396779011	82650000	82900000	86	992	1018	144	immediate
SUPER_2	179564019	179566214	IR	522	.	179565121	0.522	0.947	62	2267	179564019	179564451	179565791	179566214	396779011	179500000	179750000	62	1085	423	1340	immediate
SUPER_2	249203280	249205264	IR	522	.	249204272	0.522	0.920	45	2018	249203280	249203891	249204653	249205274	396779011	249200000	249450000	45	71	611	762	immediate
SUPER_2	202898207	202900304	IR	521	.	202899690	0.521	0.955	110	2089	202898207	202899230	202899281	202900314	396779011	202700000	202950000	0	3320	1023	51	immediate
SUPER_2	192993938	192996100	IR	521	.	192995019	0.521	0.865	88	2412	192993938	192994640	192995398	192996184	396779011	192950000	193200000	88	750	702	758	immediate
SUPER_2	238828333	238831832	IR	520	.	238830083	0.520	0.985	173	3693	238828333	238829266	238830900	238831832	396779011	238800000	239050000	173	501	932	1634	immediate
SUPER_2	369975359	369979572	IR	520	.	369977611	0.520	0.801	135	4496	369975359	369977348	369977604	369979572	396779011	369850000	370100000	194	2124	1968	256	immediate
SUPER_2	139653861	139655841	IR	520	.	139654851	0.520	0.962	38	2016	139653861	139654181	139655521	139655841	396779011	139500000	139750000	38	2580	320	1340	immediate
SUPER_2	235994931	235997085	IR	520	.	235996007	0.520	0.938	36	2182	235994931	235995195	235996821	235997091	396779011	235850000	236100000	36	2433	264	1626	immediate
SUPER_2	27790103	27812759	IR	519	.	27801431	0.519	1.000	2269	25249	27790103	27800177	27802685	27812759	396779011	27700000	27950000	2288	1690	10074	2508	spaced
SUPER_2	16489113	16491957	IR	519	.	16490546	0.519	0.964	142	3035	16489113	16489780	16491312	16491957	396779011	16250000	16500000	142	4008	645	1532	immediate
SUPER_2	200719258	200724451	IR	519	.	200722080	0.519	0.869	53	5215	200719258	200719391	200724321	200724451	396779011	200650000	200900000	20	1197	130	4930	spaced
SUPER_2	287094966	287097314	IR	519	.	287096147	0.519	0.913	47	2419	287094966	287095629	287096651	287097327	396779011	286900000	287150000	48	3268	663	1022	immediate
SUPER_2	330710246	330788155	IR	518	.	330748756	0.518	0.995	182	77886	330710246	330711349	330787052	330788155	396779011	330550000	330800000	0	3319	1103	75703	spaced
SUPER_2	167401826	167405709	IR	518	.	167403704	0.518	0.933	131	4058	167401826	167403110	167404461	167405709	396779011	167250000	167500000	131	2562	1248	1351	immediate
SUPER_2	147101411	147113586	IR	517	.	147107960	0.517	0.977	567	12149	147101411	147106696	147108306	147113586	396779011	146900000	147150000	0	3458	5280	1610	immediate
SUPER_2	9594793	9598135	IR	517	.	9596462	0.517	0.989	276	3667	9594793	9596019	9596909	9598138	396779011	9350000	9600000	276	4107	1226	890	immediate
SUPER_2	165756111	165758306	IR	517	.	165757508	0.517	0.858	61	2171	165756111	165757211	165757227	165758306	396779011	165600000	165850000	0	2620	1079	16	immediate
SUPER_2	279228662	279230584	IR	517	.	279229625	0.517	0.971	54	2058	279228662	279229033	279230213	279230588	396779011	279100000	279350000	54	2160	371	1180	immediate
SUPER_2	33497069	33499201	IR	517	.	33497700	0.517	0.956	28	2112	33497069	33497357	33498913	33499207	396779011	33250000	33500000	0	4135	288	1556	immediate
SUPER_2	116696284	116699262	IR	516	.	116697770	0.516	0.951	114	3187	116696284	116697117	116698429	116699267	396779011	116500000	116750000	116	3296	833	1312	immediate
SUPER_2	353900684	354115079	IR	516	.	354008351	0.516	0.937	56	213864	353900684	353902318	354113445	354115087	396779011	353900000	354150000	0	1797	1634	211127	wide
SUPER_2	119292826	119301268	IR	515	.	119297053	0.515	0.971	275	9433	119292826	119295949	119298157	119301268	396779011	119150000	119400000	275	2450	3111	2208	spaced
SUPER_2	165762706	165766666	IR	515	.	165764693	0.515	0.943	128	4062	165762706	165764044	165765342	165766666	396779011	165600000	165850000	128	2744	1324	1298	immediate
SUPER_2	212347464	212351318	IR	515	.	212349398	0.515	0.584	79	3962	212347464	212349326	212349471	212351318	396779011	212150000	212400000	79	3323	1847	145	immediate
SUPER_2	1744741	1747218	IR	515	.	1746169	0.515	0.741	49	2587	1744741	1745551	1746408	1747218	396779011	1600000	1850000	50	2432	810	857	immediate
SUPER_2	138315255	138537492	IR	515	.	138426000	0.515	0.393	35	222219	138315255	138425050	138427697	138537496	396779011	138300000	138550000	0	2106	109795	2647	spaced
SUPER_2	326476739	326480857	IR	514	.	326478796	0.514	0.964	166	4406	326476739	326478094	326479502	326480860	396779011	326400000	326650000	166	1313	1355	1408	immediate
SUPER_2	314094805	314097313	IR	514	.	314096060	0.514	0.969	82	2650	314094805	314095447	314096673	314097313	396779011	313850000	314100000	82	4100	640	1226	immediate
SUPER_2	218672680	218677466	IR	514	.	218675269	0.514	0.823	61	4854	218672680	218673323	218676823	218677479	396779011	218450000	218700000	61	3751	643	3500	spaced
SUPER_2	322439096	322441672	IR	514	.	322440276	0.514	0.971	50	2628	322439096	322439506	322441262	322441673	396779011	322400000	322650000	50	672	410	1756	immediate
SUPER_2	78148270	78150749	IR	514	.	78149588	0.514	0.858	46	2811	78148270	78149112	78149907	78150777	396779011	78050000	78300000	46	1658	842	795	immediate
SUPER_2	211930860	212050426	IR	514	.	211990643	0.514	0.400	35	119705	211930860	211990184	211991102	212050466	396779011	211900000	212150000	35	1510	59324	918	immediate
SUPER_2	105293891	105296459	IR	514	.	105294679	0.514	0.825	29	2488	105293891	105294312	105296038	105296490	396779011	105150000	105400000	0	2419	421	1726	immediate
SUPER_2	200593711	200596038	IR	513	.	200594456	0.513	0.989	116	2305	200593711	200594472	200595277	200596038	396779011	200350000	200600000	0	4081	761	805	immediate
SUPER_2	247433240	247435405	IR	513	.	247434323	0.513	0.952	98	2487	247433240	247434195	247434450	247435407	396779011	247200000	247450000	98	3905	955	255	immediate
SUPER_2	289134283	289136513	IR	513	.	289135398	0.513	0.954	97	2383	289134283	289135061	289135735	289136516	396779011	288900000	289150000	97	3923	778	674	immediate
SUPER_2	78336208	78338538	IR	513	.	78337373	0.513	0.956	77	2417	78336208	78336668	78338078	78338556	396779011	78100000	78350000	77	3956	460	1410	immediate
SUPER_2	46184398	46186428	IR	513	.	46185414	0.513	0.804	47	2090	46184398	46185103	46185756	46186428	396779011	45950000	46200000	85	3923	672	653	immediate
SUPER_2	183398946	183401663	IR	513	.	183400305	0.513	0.854	35	2921	183398946	183400057	183400555	183401663	396779011	183200000	183450000	35	3338	1108	498	immediate
SUPER_2	282616289	282618213	IR	513	.	282617251	0.513	0.956	30	2090	282616289	282616582	282617920	282618213	396779011	282400000	282650000	30	3620	293	1338	immediate
SUPER_2	337687976	337688837	IR	513	.	337688407	0.513	0.926	28	83654	337687976	337688380	337688433	337688838	396779011	337550000	337800000	28	2306	404	53	immediate
SUPER_2	167051398	167063683	IR	512	.	167057344	0.512	0.998	1106	13523	167051398	167056194	167058887	167063684	396779011	166850000	167100000	1106	3458	4796	2693	spaced
SUPER_2	98412741	98415290	IR	512	.	98414123	0.512	0.987	89	2663	98412741	98413280	98414751	98415290	396779011	98200000	98450000	89	3566	539	1471	immediate
SUPER_2	302580074	302582975	IR	512	.	302581442	0.512	0.897	57	3272	302580074	302581117	302581934	302582975	396779011	302350000	302600000	57	3858	1041	817	immediate
SUPER_2	337737460	337739719	IR	511	.	337738600	0.511	0.940	141	2521	337737460	337738476	337738703	337739741	396779011	337500000	337750000	162	3976	1016	227	immediate
SUPER_2	215194818	215197098	IR	511	.	215195958	0.511	0.924	115	2469	215194818	215195566	215196397	215197098	396779011	214950000	215200000	115	4099	701	831	immediate
SUPER_2	363899850	363902121	IR	511	.	363900991	0.511	0.941	84	2367	363899850	363900598	363901384	363902121	396779011	363700000	363950000	84	3349	737	786	immediate
SUPER_2	120934949	120936468	IR	511	.	120935709	0.511	0.957	48	127383	120934949	120935413	120936005	120936468	396779011	120800000	121050000	48	2261	463	592	immediate
SUPER_2	127397136	127400404	IR	510	.	127398770	0.510	0.980	212	3484	127397136	127398304	127399236	127400409	396779011	127200000	127450000	212	3312	1168	932	immediate
SUPER_2	191060945	191064672	IR	510	.	191062446	0.510	0.733	127	3744	191060945	191062407	191063210	191064715	396779011	190900000	191150000	0	2713	1462	803	immediate
SUPER_2	146370793	146373053	IR	510	.	146371912	0.510	0.833	80	2414	146370793	146371441	146372460	146373053	396779011	146350000	146600000	80	365	593	1019	immediate
SUPER_2	52003109	52005950	IR	510	.	52004204	0.510	0.799	20	2815	52003109	52003677	52005382	52005950	396779011	51800000	52050000	0	3408	568	1705	immediate
SUPER_2	330189572	330191705	IR	509	.	330190811	0.509	0.973	61	2293	330189572	330189945	330191333	330191705	396779011	329950000	330200000	61	4010	372	1388	immediate
SUPER_2	320968760	320972537	IR	508	.	320970270	0.508	0.961	113	3754	320968760	320969836	320971461	320972537	396779011	320750000	321000000	0	3677	1076	1625	immediate
SUPER_2	33119143	33121479	IR	508	.	33120144	0.508	0.968	24	2334	33119143	33119363	33121259	33121479	396779011	32900000	33150000	24	3671	220	1896	immediate
SUPER_2	154739600	154744609	IR	507	.	154742224	0.507	0.993	149	5156	154739600	154740361	154743848	154744609	396779011	154550000	154800000	149	3201	761	3487	spaced
SUPER_2	305306702	305308217	IR	507	.	305307460	0.507	0.976	58	23078	305306702	305307110	305307809	305308218	396779011	305200000	305450000	58	1790	408	699	immediate
SUPER_2	339156055	339158513	IR	507	.	339157040	0.507	0.963	42	2524	339156055	339156517	339158051	339158514	396779011	338950000	339200000	42	3454	462	1534	immediate
SUPER_2	166759786	166763481	IR	506	.	166761526	0.506	0.979	142	3779	166759786	166760658	166762609	166763483	396779011	166750000	167000000	142	193	872	1951	immediate
SUPER_2	213809491	213812241	IR	506	.	213810894	0.506	0.794	112	2849	213809491	213810794	213810994	213812241	396779011	213600000	213850000	114	3514	1247	200	immediate
SUPER_2	247253786	247256216	IR	506	.	247255004	0.506	0.947	61	2737	247253786	247254385	247255623	247256216	396779011	247100000	247350000	61	2583	593	1238	immediate
SUPER_2	220691440	220695514	IR	506	.	220693925	0.506	0.861	57	3942	220691440	220692374	220694665	220695514	396779011	220550000	220800000	0	2391	849	2291	spaced
SUPER_2	324677363	324680866	IR	505	.	324678956	0.505	0.988	185	3707	324677363	324678327	324679902	324680867	396779011	324450000	324700000	185	3818	964	1575	immediate
SUPER_2	121257429	121261398	IR	505	.	121259947	0.505	0.861	88	4042	121257429	121258344	121260483	121261496	396779011	121050000	121300000	0	3490	915	2139	spaced
SUPER_2	341462931	341641901	IR	505	.	341552318	0.505	0.832	85	177041	341462931	341473347	341631547	341641901	396779011	341400000	341650000	85	2540	10354	158200	wide
SUPER_2	218096638	218110378	IR	505	.	218103508	0.505	0.437	75	14890	218096638	218103394	218103622	218110399	396779011	217900000	218150000	75	3391	6756	228	immediate
SUPER_2	170824935	170827052	IR	505	.	170825905	0.505	0.971	45	2138	170824935	170825356	170826632	170827052	396779011	170600000	170850000	45	3766	420	1276	immediate
SUPER_2	213576123	213578692	IR	504	.	213577426	0.504	0.888	79	2699	213576123	213577042	213577773	213578729	396779011	213450000	213700000	81	2123	919	731	immediate
SUPER_2	190451786	190453766	IR	504	.	190452779	0.504	0.938	65	2032	190451786	190452498	190453054	190453772	396779011	190250000	190500000	65	3379	712	556	immediate
SUPER_2	125131403	125213318	IR	504	.	125172201	0.504	0.985	55	81989	125131403	125131738	125212983	125213318	396779011	125000000	125250000	55	2872	335	81245	spaced
SUPER_2	242168526	242170649	IR	504	.	242169588	0.504	0.980	54	2195	242168526	242168884	242170292	242170649	396779011	242000000	242250000	54	2826	357	1408	immediate
SUPER_2	219831124	219842286	IR	503	.	219836769	0.503	0.950	737	11961	219831124	219835177	219838233	219842325	396779011	219650000	219900000	740	3111	4053	3056	spaced
SUPER_2	17150591	17152464	IR	502	.	17151525	0.502	0.938	66	2169	17150591	17151133	17151924	17152464	396779011	16950000	17200000	66	3358	540	791	immediate
SUPER_2	171074698	171076511	IR	502	.	171075605	0.502	0.947	62	2026	171074698	171075259	171075950	171076512	396779011	170900000	171150000	62	2926	561	691	immediate
SUPER_2	42112019	42113985	IR	502	.	42113003	0.502	0.753	34	196893	42112019	42112629	42113375	42114026	396779011	42000000	42250000	48	1883	610	746	immediate
SUPER_2	205079927	205109766	IR	502	.	205095232	0.502	0.411	23	15226	205079927	205094810	205094883	205109834	396779011	205050000	205300000	0	747	14883	73	immediate
SUPER_2	212255215	212262284	IR	501	.	212259042	0.501	0.974	266	7085	212255215	212256951	212260548	212262319	396779011	212050000	212300000	0	3479	1736	3597	spaced
SUPER_2	132134607	132157336	IR	501	.	132145674	0.501	0.923	38	22698	132134607	132135513	132156439	132157336	396779011	131950000	132200000	0	3266	897	20926	spaced
SUPER_2	146902178	146904238	IR	500	.	146903208	0.500	0.989	115	2209	146902178	146902806	146903611	146904238	396779011	146700000	146950000	115	3386	627	805	immediate
SUPER_2	108445354	108447756	IR	500	.	108446555	0.500	0.808	56	2681	108445354	108446342	108446768	108447783	396779011	108200000	108450000	56	4109	988	426	immediate
SUPER_2	153326057	153328105	IR	500	.	153327081	0.500	0.987	50	2105	153326057	153326356	153327806	153328105	396779011	153100000	153350000	50	3784	299	1450	immediate
SUPER_2	193537863	193539855	IR	499	.	193538861	0.499	0.962	105	2390	193537863	193538622	193539096	193539861	396779011	193300000	193550000	105	3980	759	474	immediate
SUPER_2	176871573	176874620	IR	499	.	176873178	0.499	0.966	98	3169	176871573	176872369	176873824	176874620	396779011	176650000	176900000	98	3718	796	1455	immediate
SUPER_2	178352082	178352917	IR	499	.	178352500	0.499	0.996	60	46065	178352082	178352359	178352640	178352918	396779011	178150000	178400000	60	3374	277	281	immediate
SUPER_2	146825468	146827724	IR	499	.	146826596	0.499	0.957	45	2279	146825468	146825818	146827374	146827725	396779011	146600000	146850000	45	3776	350	1556	immediate
SUPER_2	90637360	90639470	IR	499	.	90638415	0.499	0.937	32	2268	90637360	90637754	90639076	90639471	396779011	90600000	90850000	32	640	394	1322	immediate
SUPER_2	146666048	146669951	IR	499	.	146668140	0.499	0.813	26	4015	146666048	146666611	146669401	146669951	396779011	146450000	146700000	26	3633	550	2790	spaced
SUPER_2	183680702	183686604	IR	498	.	183683240	0.498	0.949	152	5914	183680702	183681971	183685335	183686638	396779011	183450000	183700000	0	3894	1269	3364	spaced
SUPER_2	245371535	245374895	IR	498	.	245373215	0.498	0.929	142	3614	245371535	245372378	245374052	245374927	396779011	245150000	245400000	142	3720	843	1674	immediate
SUPER_2	132026475	132028825	IR	498	.	132027650	0.498	0.927	71	2381	132026475	132027235	132028069	132028825	396779011	131850000	132100000	71	2960	756	834	immediate
SUPER_2	241674244	241675877	IR	498	.	241675060	0.498	0.932	57	3003	241674244	241674796	241675332	241675877	396779011	241450000	241700000	57	3750	545	536	immediate
SUPER_2	159605303	159607398	IR	498	.	159605917	0.498	0.748	24	2070	159605303	159605839	159606969	159607398	396779011	159400000	159650000	0	3439	429	1130	immediate
SUPER_2	342815939	342818470	IR	497	.	342817204	0.497	0.971	84	2609	342815939	342816498	342817912	342818470	396779011	342600000	342850000	85	3619	558	1414	immediate
SUPER_2	46460406	46462740	IR	497	.	46461748	0.497	0.989	42	2366	46460406	46460675	46462471	46462740	396779011	46250000	46500000	42	3526	269	1796	immediate
SUPER_2	337725542	337728165	IR	497	.	337726493	0.497	0.937	37	2586	337725542	337725965	337727742	337728170	396779011	337500000	337750000	0	3780	423	1777	immediate
SUPER_2	175015612	175019076	IR	496	.	175017689	0.496	0.996	125	3436	175015612	175016321	175018367	175019076	396779011	174800000	175050000	0	3622	709	2046	spaced
SUPER_2	118870425	118883144	IR	495	.	118876691	0.495	0.973	717	14055	118870425	118875653	118877922	118883144	396779011	118650000	118900000	717	3779	5222	2269	spaced
SUPER_2	336533050	336536113	IR	495	.	336534636	0.495	0.947	106	3186	336533050	336533866	336535298	336536113	396779011	336300000	336550000	106	3909	815	1432	immediate
SUPER_2	100891930	100894001	IR	495	.	100892965	0.495	0.973	43	2137	100891930	100892267	100893664	100894002	396779011	100650000	100900000	43	4049	337	1397	immediate
SUPER_2	152655162	152657186	IR	495	.	152656174	0.495	0.982	37	2079	152655162	152655446	152656902	152657186	396779011	152450000	152700000	37	3436	284	1456	immediate
SUPER_2	288962608	288964280	IR	495	.	288963442	0.495	0.636	35	11120	288962608	288963423	288963520	288964280	396779011	288750000	289000000	48	3557	760	97	immediate
SUPER_2	99081828	99082550	IR	495	.	99082189	0.495	0.934	22	38232	99081828	99082085	99082294	99082550	396779011	98900000	99150000	22	3036	256	209	immediate
SUPER_2	198455127	198458012	IR	494	.	198456569	0.494	0.980	169	3182	198455127	198456205	198456934	198458012	396779011	198250000	198500000	169	3442	1078	729	immediate
SUPER_2	192457197	192459994	IR	494	.	192458725	0.494	0.989	138	2902	192457197	192457932	192459259	192459996	396779011	192250000	192500000	138	3476	735	1327	immediate
SUPER_2	342013706	342015726	IR	494	.	342014704	0.494	0.855	56	2081	342013706	342014659	342014773	342015734	396779011	341800000	342050000	56	3578	953	114	immediate
SUPER_2	106896906	107058934	IR	494	.	106978032	0.494	0.954	52	162078	106896906	106897405	107058439	107058934	396779011	106850000	107100000	52	2131	495	161034	wide
SUPER_2	281769388	281820978	IR	493	.	281795399	0.493	0.994	193	52012	281769388	281770358	281820008	281820978	396779011	281600000	281850000	193	3252	970	49650	spaced
SUPER_2	248456975	248459651	IR	493	.	248458314	0.493	0.982	127	2825	248456975	248457711	248458916	248459651	396779011	248300000	248550000	127	2638	735	1205	immediate
SUPER_2	286268071	286270199	IR	493	.	286269135	0.493	0.941	91	2181	286268071	286268810	286269476	286270199	396779011	286050000	286300000	91	3652	723	666	immediate
SUPER_2	34282597	34284386	IR	493	.	34283505	0.493	0.728	48	2036	34282597	34283426	34283584	34284386	396779011	34050000	34300000	48	3891	802	158	immediate
SUPER_2	137709048	137712048	IR	493	.	137710136	0.493	0.887	26	3007	137709048	137709340	137711756	137712075	396779011	137700000	137950000	0	175	292	2416	spaced
SUPER_2	270832327	270846759	IR	492	.	270839312	0.492	0.996	1422	17977	270832327	270838576	270840532	270846759	396779011	270600000	270850000	1491	3992	6227	1956	immediate
SUPER_2	204390963	204394223	IR	492	.	204392594	0.492	0.885	128	3505	204390963	204392005	204393277	204394223	396779011	204150000	204400000	144	4043	946	1272	immediate
SUPER_2	322046031	322048842	IR	491	.	322047437	0.491	0.964	107	3050	322046031	322046785	322048089	322048842	396779011	321800000	322050000	107	4123	753	1304	immediate
SUPER_2	43419618	43422758	IR	491	.	43421188	0.491	0.921	48	3210	43419618	43420317	43422059	43422762	396779011	43200000	43450000	48	3686	699	1742	immediate
SUPER_2	51929156	51931341	IR	491	.	51930308	0.491	0.978	24	2187	51929156	51929340	51931157	51931341	396779011	51700000	51950000	28	3837	184	1817	immediate
SUPER_2	242480443	242482448	IR	490	.	242481454	0.490	0.938	92	2089	242480443	242481396	242481495	242482465	396779011	242250000	242500000	92	3857	953	99	immediate
SUPER_2	198526675	198528959	IR	490	.	198527817	0.490	0.997	73	2326	198526675	198527042	198528592	198528959	396779011	198300000	198550000	73	3796	367	1550	immediate
SUPER_2	315440706	315444105	IR	490	.	315442889	0.490	0.805	68	3380	315440706	315441635	315443252	315444105	396779011	315300000	315550000	0	2373	853	1617	immediate
SUPER_2	76405421	76407387	IR	490	.	76406404	0.490	0.979	62	2024	76405421	76405803	76407005	76407389	396779011	76200000	76450000	62	3439	382	1202	immediate
SUPER_2	321454458	321469304	IR	490	.	321461822	0.490	0.397	49	7944	321454458	321461558	321462259	321469304	396779011	321400000	321650000	49	1031	7045	701	immediate
SUPER_2	35134839	35138137	IR	489	.	35136488	0.489	0.980	128	3433	35134839	35135651	35137325	35138139	396779011	34900000	35150000	128	3941	812	1674	immediate
SUPER_2	146893745	146896196	IR	489	.	146894917	0.489	0.877	93	2672	146893745	146894681	146895266	146896196	396779011	146700000	146950000	101	3249	930	585	immediate
SUPER_2	267725961	267728261	IR	489	.	267727111	0.489	0.969	73	2418	267725961	267726567	267727655	267728265	396779011	267500000	267750000	73	3785	606	1088	immediate
SUPER_2	68876665	68879490	IR	489	.	68877858	0.489	0.954	62	3382	68876665	68877292	68878863	68879490	396779011	68650000	68900000	62	3801	627	1571	immediate
SUPER_2	155268736	155270799	IR	489	.	155269765	0.489	0.715	55	2114	155268736	155269697	155269838	155270870	396779011	155250000	155500000	66	329	961	141	immediate
SUPER_2	369751214	369753417	IR	489	.	369752531	0.489	1.000	31	3014	369751214	369751231	369753400	369753417	396779011	369550000	369800000	1	3371	17	2169	spaced
SUPER_2	204762553	204851432	IR	488	.	204807095	0.488	0.585	230	89157	204762553	204766541	204847444	204851432	396779011	204650000	204900000	230	2616	3988	80903	spaced
SUPER_2	342479036	342482312	IR	488	.	342480674	0.488	0.992	155	3508	342479036	342479829	342481519	342482315	396779011	342400000	342650000	155	1344	793	1690	immediate
SUPER_2	204720625	204723186	IR	488	.	204722204	0.488	0.987	102	2534	204720625	204721340	204722471	204723186	396779011	204550000	204800000	0	2864	715	1131	immediate
SUPER_2	149477480	149479620	IR	488	.	149478550	0.488	0.906	99	2329	149477480	149478202	149478950	149479620	396779011	149350000	149600000	99	2142	670	748	immediate
SUPER_2	321256069	321258393	IR	488	.	321257231	0.488	0.980	67	2372	321256069	321256468	321257994	321258393	396779011	321050000	321300000	67	3453	399	1526	immediate
SUPER_2	197042503	197044607	IR	488	.	197043555	0.488	0.929	44	2288	197042503	197042864	197044246	197044612	396779011	196850000	197100000	44	3225	361	1382	immediate
SUPER_2	81908628	81913536	IR	488	.	81911127	0.488	0.443	31	4966	81908628	81910566	81911617	81913536	396779011	81900000	82150000	48	184	1919	1051	immediate
SUPER_2	243019058	243028425	IR	487	.	243024152	0.487	0.992	583	9347	243019058	243022739	243024756	243028425	396779011	242800000	243050000	0	3728	3669	2017	spaced
SUPER_2	316160335	316162575	IR	487	.	316161462	0.487	0.911	42	2260	316160335	316160987	316161940	316162575	396779011	315950000	316200000	42	3524	635	953	immediate
SUPER_2	207035282	207156234	IR	486	.	207095281	0.486	0.983	235	120934	207035282	207037097	207154425	207156234	396779011	206950000	207200000	0	2429	1809	117328	wide
SUPER_2	105100607	105103584	IR	486	.	105102095	0.486	0.967	112	3211	105100607	105101560	105102631	105103589	396779011	104900000	105150000	112	3368	953	1071	immediate
SUPER_2	106668095	106670399	IR	486	.	106669247	0.486	1.000	68	2428	106668095	106668405	106670089	106670399	396779011	106450000	106700000	68	3653	310	1684	immediate
SUPER_2	296848548	296875928	IR	486	.	296862716	0.486	0.954	25	27356	296848548	296848765	296875715	296875928	396779011	296650000	296900000	0	3537	213	26950	spaced
SUPER_2	167072149	167075304	IR	485	.	167073510	0.485	0.992	172	3390	167072149	167072976	167074477	167075304	396779011	166850000	167100000	172	3728	827	1501	immediate
SUPER_2	107466222	107468150	IR	485	.	107467186	0.485	0.979	113	2110	107466222	107466901	107467471	107468151	396779011	107450000	107700000	113	286	679	570	immediate
SUPER_2	340525160	340528418	IR	485	.	340526735	0.485	0.982	102	3447	340525160	340525810	340527768	340528418	396779011	340300000	340550000	102	3779	650	1958	immediate
SUPER_2	230376682	230379188	IR	484	.	230377937	0.484	0.987	93	2604	230376682	230377153	230378721	230379188	396779011	230150000	230400000	93	3798	467	1568	immediate
SUPER_2	231036613	231037617	IR	484	.	231037115	0.484	0.996	55	34330	231036613	231036880	231037350	231037617	396779011	230850000	231100000	55	3118	267	470	immediate
SUPER_2	237898782	237901864	IR	483	.	237900322	0.483	0.977	100	3225	237898782	237899421	237901226	237901864	396779011	237850000	238100000	100	838	638	1805	immediate
SUPER_2	230246861	230248735	IR	483	.	230247798	0.483	0.928	48	2015	230246861	230247281	230248315	230248735	396779011	230000000	230250000	50	4129	420	1034	immediate
SUPER_2	308132585	308138174	IR	482	.	308135415	0.482	0.951	400	6436	308132585	308134734	308136025	308138250	396779011	308000000	308250000	420	2256	2149	1291	immediate
SUPER_2	280692117	280694255	IR	482	.	280693359	0.482	1.000	21	2152	280692117	280692207	280694165	280694255	396779011	280450000	280700000	21	4052	90	1958	immediate
SUPER_2	279158085	279160975	IR	480	.	279159530	0.480	0.966	137	3127	279158085	279158855	279160205	279160987	396779011	278950000	279200000	137	3492	770	1350	immediate
SUPER_2	313054311	313128171	IR	479	.	313091249	0.479	0.923	39	73814	313054311	313054363	313128123	313128171	396779011	312900000	313150000	303	3187	48	73760	spaced
SUPER_2	273579724	273586384	IR	478	.	273583055	0.478	0.991	529	8015	273579724	273581953	273584157	273586384	396779011	273350000	273600000	671	3884	2227	2204	spaced
SUPER_2	388557375	388560701	IR	478	.	388559038	0.478	0.998	194	3502	388557375	388558191	388559885	388560701	396779011	388350000	388600000	194	3483	816	1694	immediate
SUPER_2	201314795	201316767	IR	478	.	201315781	0.478	0.994	152	2103	201314795	201315568	201315994	201316768	396779011	201100000	201350000	152	3596	773	426	immediate
SUPER_2	256386994	256389789	IR	478	.	256387927	0.478	1.000	52	2777	256386994	256387324	256389459	256389789	396779011	256200000	256450000	0	3139	330	2135	spaced
SUPER_2	182268984	182274419	IR	476	.	182271702	0.476	0.992	488	5979	182268984	182271189	182272214	182274429	396779011	182150000	182400000	488	2028	2205	1025	immediate
SUPER_2	251925089	251927857	IR	476	.	251926531	0.476	0.987	128	2971	251925089	251925794	251927153	251927857	396779011	251700000	251950000	128	3774	704	1359	immediate
SUPER_2	269126520	269129286	IR	476	.	269127939	0.476	0.830	123	2875	269126520	269127297	269128581	269129286	396779011	268900000	269150000	123	3798	705	1284	immediate
SUPER_2	138242641	138244512	IR	476	.	138243577	0.476	0.982	112	2029	138242641	138243252	138243901	138244513	396779011	138000000	138250000	112	4059	611	649	immediate
SUPER_2	76053789	76057571	IR	476	.	76056027	0.476	0.982	98	3765	76053789	76054516	76056849	76057571	396779011	75850000	76100000	0	3427	722	2333	spaced
SUPER_2	238013010	238015106	IR	476	.	238014058	0.476	1.000	54	2111	238013010	238013271	238014845	238015106	396779011	237900000	238150000	54	1900	261	1574	immediate
SUPER_2	122462751	122465975	IR	476	.	122464727	0.476	0.728	44	3098	122462751	122464371	122464393	122465975	396779011	122250000	122500000	0	3572	1582	22	immediate
SUPER_2	325733680	325735720	IR	476	.	325734356	0.476	0.906	24	2019	325733680	325734420	325734980	325735726	396779011	325500000	325750000	0	3911	740	560	immediate
SUPER_2	292888334	292891147	IR	475	.	292889740	0.475	0.927	116	2941	292888334	292889428	292890079	292891147	396779011	292650000	292900000	116	3995	1068	651	immediate
SUPER_2	135355175	135358334	IR	475	.	135357088	0.475	0.856	114	3130	135355175	135356188	135357385	135358334	396779011	135250000	135500000	0	1779	949	1197	immediate
SUPER_2	296205315	296207502	IR	475	.	296206409	0.475	0.991	93	2297	296205315	296205885	296206933	296207502	396779011	296000000	296250000	93	3440	569	1048	immediate
SUPER_2	128945426	128947848	IR	475	.	128946427	0.475	0.993	45	2436	128945426	128945703	128947571	128947848	396779011	128700000	128950000	45	4110	277	1868	immediate
SUPER_2	109562165	109668703	IR	475	.	109615655	0.475	0.866	26	107000	109562165	109562926	109667960	109668703	396779011	109500000	109750000	17	1923	743	105034	wide
SUPER_2	339502805	339626492	IR	474	.	339564207	0.474	0.843	115	123668	339502805	339504513	339624820	339626492	396779011	339450000	339700000	0	1910	1672	120307	wide
SUPER_2	310282900	310286894	IR	474	.	310285362	0.474	0.983	107	3972	310282900	310283652	310286142	310286894	396779011	310050000	310300000	0	3914	752	2490	spaced
SUPER_2	79442215	79444953	IR	474	.	79443584	0.474	0.912	104	2905	79442215	79442812	79444356	79445005	396779011	79250000	79500000	104	3226	597	1544	immediate
SUPER_2	337132454	337135377	IR	474	.	337133912	0.474	0.916	66	3028	337132454	337133244	337134587	337135385	396779011	336900000	337150000	66	3898	790	1343	immediate
SUPER_2	347871422	347873468	IR	474	.	347872445	0.474	0.988	37	2057	347871422	347871666	347873224	347873468	396779011	347650000	347900000	37	3707	244	1558	immediate
SUPER_2	332084313	332086635	IR	474	.	332085014	0.474	0.718	23	2378	332084313	332084691	332086257	332086740	396779011	331900000	332150000	0	3091	378	1566	immediate
SUPER_2	297022763	297034694	IR	473	.	297029044	0.473	0.990	187	11912	297022763	297023872	297033591	297034694	396779011	296800000	297050000	0	3812	1103	9719	spaced
SUPER_2	253160697	253163704	IR	473	.	253162196	0.473	0.954	126	3187	253160697	253161498	253162905	253163704	396779011	252950000	253200000	126	3536	799	1407	immediate
SUPER_2	221030464	221033510	IR	473	.	221031987	0.473	0.974	124	3236	221030464	221031217	221032757	221033512	396779011	220800000	221050000	124	3866	753	1540	immediate
SUPER_2	273797411	273801979	IR	473	.	273799193	0.473	0.974	105	4539	273797411	273798428	273800962	273801979	396779011	273600000	273850000	0	3328	1017	2534	spaced
SUPER_2	44420550	44589555	IR	472	.	44505238	0.472	0.918	186	169534	44420550	44422163	44588005	44589555	396779011	44350000	44600000	188	2584	1550	165842	wide
SUPER_2	216327952	216330658	IR	472	.	216329305	0.472	1.000	130	2805	216327952	216328498	216330112	216330658	396779011	216150000	216400000	130	2988	546	1614	immediate
SUPER_2	339243466	339246934	IR	472	.	339245325	0.472	0.989	121	3691	339243466	339244116	339246287	339246934	396779011	339050000	339300000	122	3253	647	2171	spaced
SUPER_2	195806216	195807617	IR	472	.	195807064	0.472	0.989	70	10076	195806216	195806682	195807151	195807617	396779011	195600000	195850000	70	3448	466	469	immediate
SUPER_2	132746949	132748865	IR	472	.	132747908	0.472	0.949	50	2011	132746949	132747539	132748275	132748867	396779011	132500000	132750000	50	4131	590	736	immediate
SUPER_2	305265658	305268379	IR	472	.	305266581	0.472	0.970	37	2661	305265658	305266087	305267951	305268379	396779011	305150000	305400000	0	1950	428	1864	immediate
SUPER_2	119469063	119472365	IR	471	.	119470714	0.471	0.995	172	3472	119469063	119469890	119471538	119472366	396779011	119300000	119550000	172	2845	827	1648	immediate
SUPER_2	260241237	260243379	IR	471	.	260242308	0.471	0.994	100	2249	260241237	260241771	260242846	260243379	396779011	260000000	260250000	100	4038	533	1075	immediate
SUPER_2	319481563	319484002	IR	471	.	319482783	0.471	0.938	58	2620	319481563	319482349	319483216	319484004	396779011	319400000	319650000	58	1379	786	867	immediate
SUPER_2	55611304	55614415	IR	471	.	55613205	0.471	0.970	42	3091	55611304	55611765	55613954	55614415	396779011	55400000	55650000	0	3547	461	2189	spaced
SUPER_2	152351228	152356425	IR	470	.	152354091	0.470	0.975	167	5182	152351228	152352798	152354855	152356430	396779011	152350000	152600000	0	63	1570	2057	spaced
SUPER_2	113415710	113419471	IR	470	.	113417428	0.470	0.872	137	3976	113415710	113416705	113418574	113419471	396779011	113250000	113500000	147	2793	897	1869	immediate
SUPER_2	185618482	185621554	IR	470	.	185620018	0.470	0.950	136	3231	185618482	185619347	185620689	185621572	396779011	185500000	185750000	136	2000	865	1342	immediate
SUPER_2	199389943	199393003	IR	470	.	199391473	0.470	0.957	130	3229	199389943	199390668	199392278	199393028	396779011	199150000	199400000	130	4024	725	1610	immediate
SUPER_2	245945989	245948191	IR	470	.	245947090	0.470	0.805	79	2446	245945989	245946641	245947650	245948191	396779011	245700000	245950000	79	4118	541	1009	immediate
SUPER_2	302727015	302728939	IR	470	.	302727977	0.470	0.884	65	2005	302727015	302727744	302728210	302728991	396779011	302500000	302750000	65	3799	729	466	immediate
SUPER_2	205406583	205458309	IR	470	.	205432335	0.470	0.405	49	51773	205406583	205432453	205432514	205458309	396779011	205300000	205550000	49	2207	25795	61	immediate
SUPER_2	32756904	32759224	IR	470	.	32758064	0.470	0.933	39	2374	32756904	32757335	32758793	32759224	396779011	32550000	32800000	39	3467	431	1458	immediate
SUPER_2	17499576	17501726	IR	469	.	17500645	0.469	0.872	96	2324	17499576	17500295	17501059	17501726	396779011	17400000	17650000	96	1677	667	764	immediate
SUPER_2	60933455	60976831	IR	469	.	60955228	0.469	0.954	37	43388	60933455	60933843	60976444	60976831	396779011	60750000	61000000	37	3418	387	42601	spaced
SUPER_2	39100748	39337440	IR	469	.	39219383	0.469	0.962	20	236647	39100748	39101011	39337177	39337440	396779011	39100000	39350000	0	1984	263	236166	wide
SUPER_2	316580643	316584836	IR	468	.	316582875	0.468	0.979	337	4646	316580643	316582288	316583191	316584842	396779011	316400000	316650000	337	3045	1645	903	immediate
SUPER_2	220361979	220363643	IR	468	.	220362804	0.468	0.856	131	2206	220361979	220362074	220363548	220363659	396779011	220200000	220450000	1456	2713	95	1474	immediate
SUPER_2	94079000	94082344	IR	468	.	94080215	0.468	0.848	120	3392	94079000	94080080	94081264	94082410	396779011	94000000	94250000	0	1344	1080	1184	immediate
SUPER_2	100223216	100226839	IR	468	.	100225028	0.468	0.938	103	4051	100223216	100224306	100225749	100226846	396779011	100000000	100250000	103	3750	1090	1443	immediate
SUPER_2	279598056	279708704	IR	468	.	279653630	0.468	0.908	24	110629	279598056	279598646	279708115	279708704	396779011	279500000	279750000	0	2556	589	109469	wide
SUPER_2	92040777	92045469	IR	467	.	92043606	0.467	0.981	149	4667	92040777	92041843	92044410	92045469	396779011	91800000	92050000	0	4051	1059	2567	spaced
SUPER_2	183820151	183832429	IR	467	.	183825941	0.467	0.482	144	12290	183820151	183826291	183826289	183832469	396779011	183600000	183850000	0	3771	6140	-2	overlap
SUPER_2	301224807	301226844	IR	467	.	301225826	0.467	0.954	93	2117	301224807	301225602	301226049	301226844	396779011	301000000	301250000	93	3763	795	447	immediate
SUPER_2	316291268	316293800	IR	467	.	316292859	0.467	0.771	43	2598	316291268	316292147	316292921	316293896	396779011	316050000	316300000	0	4042	879	774	immediate
SUPER_2	162829385	162833424	IR	466	.	162831526	0.466	0.912	171	4209	162829385	162830707	162832172	162833424	396779011	162650000	162900000	171	3023	1252	1465	immediate
SUPER_2	280922604	280925158	IR	466	.	280924251	0.466	0.952	35	2534	280922604	280923023	280924739	280925158	396779011	280750000	281000000	0	2897	419	1716	immediate
SUPER_2	304946775	304949768	IR	465	.	304948271	0.465	0.945	130	3124	304946775	304947679	304948894	304949768	396779011	304750000	305000000	144	3304	874	1215	immediate
SUPER_2	234279681	234282645	IR	465	.	234281192	0.465	0.913	123	3170	234279681	234280440	234281944	234282645	396779011	234100000	234350000	123	3019	701	1504	immediate
SUPER_2	21170007	21173209	IR	464	.	21171499	0.464	0.975	142	3401	21170007	21170814	21172402	21173215	396779011	21000000	21250000	146	2859	807	1588	immediate
SUPER_2	211541374	211543458	IR	464	.	211542418	0.464	0.927	110	2346	211541374	211542112	211542729	211543458	396779011	211400000	211650000	110	2373	729	617	immediate
SUPER_2	227700561	227703481	IR	463	.	227701687	0.463	0.968	95	2902	227700561	227701267	227702775	227703481	396779011	227500000	227750000	0	3366	706	1508	immediate
SUPER_2	216064565	216066621	IR	463	.	216065593	0.463	0.894	82	2224	216064565	216065229	216066004	216066621	396779011	215850000	216100000	82	3593	617	775	immediate
SUPER_2	154761990	154764707	IR	463	.	154763538	0.463	0.980	80	2839	154761990	154762545	154764154	154764707	396779011	154550000	154800000	80	3555	553	1609	immediate
SUPER_2	209970742	209974031	IR	463	.	209972172	0.463	0.781	73	3358	209970742	209971767	209973009	209974031	396779011	209850000	210100000	73	2039	1022	1242	immediate
SUPER_2	96080349	96083193	IR	463	.	96081568	0.463	0.909	62	3219	96080349	96080871	96082671	96083220	396779011	96000000	96250000	67	1362	522	1800	immediate
SUPER_2	62778692	62780281	IR	463	.	62779314	0.463	0.908	20	67954	62778692	62779082	62779893	62780281	396779011	62600000	62850000	20	2991	388	811	immediate
SUPER_2	149028318	149030966	IR	462	.	149029642	0.462	0.926	98	2776	149028318	149028974	149030310	149030996	396779011	148800000	149050000	98	3827	656	1336	immediate
SUPER_2	20050990	20054215	IR	462	.	20052603	0.462	0.938	57	3260	20050990	20051688	20053518	20054215	396779011	19850000	20100000	57	3376	697	1830	immediate
SUPER_2	38902378	38914180	IR	462	.	38908718	0.462	0.692	52	11778	38902378	38907787	38908780	38914180	396779011	38750000	39000000	0	2637	5400	993	immediate
SUPER_2	233779257	233781415	IR	462	.	233780336	0.462	0.996	50	2182	233779257	233779515	233781157	233781415	396779011	233550000	233800000	50	3838	258	1642	immediate
SUPER_2	72355811	72359250	IR	462	.	72358022	0.462	0.316	24	3420	72355811	72355985	72359174	72359250	396779011	72250000	72500000	0	1792	76	3189	spaced
SUPER_2	216103577	216107948	IR	461	.	216105811	0.461	0.932	159	4503	216103577	216104414	216107163	216107948	396779011	215900000	216150000	162	3429	785	2749	spaced
SUPER_2	236268392	236269328	IR	461	.	236268815	0.461	0.440	71	109213	236268392	236268530	236269261	236269328	396779011	236100000	236350000	1132	2814	67	731	immediate
SUPER_2	109294026	109296260	IR	461	.	109295146	0.461	0.913	45	2313	109294026	109294331	109295961	109296260	396779011	109100000	109350000	45	3252	299	1630	immediate
SUPER_2	172301464	172310663	IR	460	.	172306187	0.460	0.998	460	9616	172301464	172303560	172308567	172310663	396779011	172100000	172350000	460	3434	2096	5007	spaced
SUPER_2	303866763	303870343	IR	460	.	303868550	0.460	0.984	206	3847	303866763	303867667	303869439	303870344	396779011	303650000	303900000	206	3642	904	1772	immediate
SUPER_2	91652656	91653618	IR	460	.	91653138	0.460	0.975	55	15563	91652656	91653054	91653220	91653620	396779011	91600000	91850000	55	885	398	166	immediate
SUPER_2	320861431	320956464	IR	460	.	320908468	0.460	0.886	51	95060	320861431	320862259	320955636	320956522	396779011	320850000	321100000	0	982	828	93377	spaced
SUPER_2	166273556	166276085	IR	460	.	166274627	0.460	0.870	31	2568	166273556	166274376	166275266	166276085	396779011	166100000	166350000	31	2913	819	890	immediate
SUPER_2	65531231	65533571	IR	460	.	65532484	0.460	0.730	28	2480	65531231	65531638	65533164	65533658	396779011	65300000	65550000	28	3873	407	1526	immediate
SUPER_2	240384736	240386816	IR	460	.	240385776	0.460	0.947	27	2128	240384736	240385057	240386495	240386817	396779011	240200000	240450000	27	3096	321	1438	immediate
SUPER_2	296075256	296075958	IR	459	.	296075607	0.459	0.950	40	24084	296075256	296075512	296075702	296075964	396779011	295900000	296150000	40	2926	256	190	immediate
SUPER_2	295032620	295226309	IR	459	.	295129516	0.459	0.951	30	193851	295032620	295032887	295226045	295226309	396779011	295000000	295250000	30	2157	264	193158	wide
SUPER_2	138991171	138993314	IR	457	.	138992254	0.457	0.889	93	2243	138991171	138992085	138992438	138993314	396779011	138750000	139000000	93	4037	876	353	immediate
SUPER_2	90678884	90681218	IR	457	.	90680051	0.457	0.989	65	2412	90678884	90679234	90680868	90681218	396779011	90450000	90700000	65	3834	350	1634	immediate
SUPER_2	361189245	361231826	IR	456	.	361210710	0.456	0.977	140	42796	361189245	361190099	361230974	361231826	396779011	361000000	361250000	140	3508	852	40875	spaced
SUPER_2	261093096	261096479	IR	456	.	261095066	0.456	0.969	100	3364	261093096	261094089	261095486	261096483	396779011	260850000	261100000	0	4079	993	1397	immediate
SUPER_2	95308730	95454490	IR	456	.	95381530	0.456	0.397	74	146027	95308730	95381536	95381684	95454519	396779011	95250000	95500000	74	2193	72806	148	immediate
SUPER_2	256593493	256595639	IR	456	.	256594566	0.456	0.940	43	2254	256593493	256593916	256595216	256595650	396779011	256400000	256650000	43	3242	423	1300	immediate
SUPER_2	266398738	266401719	IR	456	.	266400643	0.456	0.950	32	2962	266398738	266399059	266401398	266401719	396779011	266300000	266550000	0	1670	321	2339	spaced
SUPER_2	264876146	264877147	IR	456	.	264876480	0.456	0.955	21	112597	264876146	264876343	264876950	264877148	396779011	264750000	265000000	21	2110	197	607	immediate
SUPER_2	285052213	285068165	IR	455	.	285059943	0.455	0.995	343	20359	285052213	285052654	285067724	285068165	396779011	284850000	285100000	88	3503	441	15070	spaced
SUPER_2	62027350	62033244	IR	455	.	62029931	0.455	0.824	125	5531	62027350	62029405	62031189	62033284	396779011	61800000	62050000	0	3838	2055	1784	immediate
SUPER_2	165004354	165116848	IR	455	.	165060690	0.455	0.988	59	112529	165004354	165004697	165116506	165116848	396779011	165000000	165250000	59	1009	342	111809	wide
SUPER_2	331015559	331017679	IR	455	.	331016178	0.455	0.911	26	2096	331015559	331016040	331017198	331017680	396779011	330850000	331100000	0	2776	481	1158	immediate
SUPER_2	180573220	180639520	IR	454	.	180606552	0.454	0.865	79	66548	180573220	180573968	180638772	180639606	396779011	180450000	180700000	81	2606	748	64804	spaced
SUPER_2	324808195	324810289	IR	454	.	324809247	0.454	0.879	42	2110	324808195	324808897	324809628	324810289	396779011	324600000	324850000	42	3487	661	731	immediate
SUPER_2	319694518	319704312	IR	454	.	319699641	0.454	0.417	22	9790	319694518	319699119	319699813	319704312	396779011	319550000	319800000	22	2490	4499	694	immediate
SUPER_2	386166584	386169288	IR	454	.	386168133	0.454	0.974	21	2704	386166584	386166776	386169096	386169289	396779011	385950000	386200000	21	3632	192	2320	spaced
SUPER_2	248421466	248423938	IR	453	.	248422541	0.453	0.989	65	2576	248421466	248421832	248423572	248423940	396779011	248350000	248600000	65	1211	366	1740	immediate
SUPER_2	317584825	317590989	IR	453	.	317588081	0.453	0.807	35	6214	317584825	317585038	317590776	317591040	396779011	317450000	317700000	35	2298	213	5738	spaced
SUPER_2	197723878	197727404	IR	453	.	197726058	0.453	0.957	31	3504	197723878	197724226	197727056	197727405	396779011	197500000	197750000	0	3760	348	2830	spaced
SUPER_2	264506134	264558117	IR	453	.	264531675	0.453	0.969	30	51955	264506134	264506422	264557829	264558118	396779011	264350000	264600000	0	3035	288	51407	spaced
SUPER_2	24760809	24764942	IR	453	.	24762876	0.453	0.570	28	4312	24760809	24762133	24763618	24764975	396779011	24750000	25000000	29	214	1324	1485	immediate
SUPER_2	175268403	175271924	IR	452	.	175270200	0.452	0.909	136	3700	175268403	175269336	175271064	175271924	396779011	175050000	175300000	149	3669	860	1728	immediate
SUPER_2	64020054	64022074	IR	452	.	64021010	0.452	0.822	67	2152	64020054	64020584	64021544	64022155	396779011	63800000	64050000	67	3684	530	960	immediate
SUPER_2	304233177	304236658	IR	452	.	304235320	0.452	0.972	48	3463	304233177	304233567	304236269	304236658	396779011	304000000	304250000	0	3915	389	2702	spaced
SUPER_2	219914920	219916846	IR	452	.	219915883	0.452	0.770	29	2115	219914920	219915277	219916489	219916894	396779011	219900000	220150000	29	264	357	1212	immediate
SUPER_2	318956105	318958190	IR	452	.	318956745	0.452	0.991	29	2065	318956105	318956336	318957959	318958190	396779011	318750000	319000000	0	3452	231	1623	immediate
SUPER_2	371341437	371346961	IR	451	.	371344288	0.451	0.962	201	57212	371341437	371343273	371345125	371346964	396779011	371150000	371400000	201	3236	1836	1852	immediate
SUPER_2	91555395	91560233	IR	451	.	91557380	0.451	0.962	100	4820	91555395	91556107	91559537	91560233	396779011	91350000	91600000	0	3463	696	3430	spaced
SUPER_2	279411318	279414326	IR	451	.	279413162	0.451	0.716	58	2977	279411318	279412313	279413355	279414326	396779011	279250000	279500000	0	2713	971	1042	immediate
SUPER_2	316899778	316913148	IR	450	.	316906254	0.450	0.991	156	13517	316899778	316900514	316912416	316913148	396779011	316750000	317000000	156	2607	732	11902	spaced
SUPER_2	93987858	93989792	IR	450	.	93988825	0.450	0.917	60	2007	93987858	93988408	93989242	93989817	396779011	93900000	94150000	60	1480	550	834	immediate
SUPER_2	337991395	337993360	IR	450	.	337992379	0.450	0.984	55	2054	337991395	337991717	337993041	337993360	396779011	337750000	338000000	55	4039	319	1324	immediate
SUPER_2	90939818	90941766	IR	450	.	90940792	0.450	0.969	53	2015	90939818	90940135	90941449	90941767	396779011	90700000	90950000	53	4013	317	1314	immediate
SUPER_2	359646137	359648179	IR	450	.	359647158	0.450	0.932	41	2061	359646137	359646570	359647746	359648181	396779011	359500000	359750000	41	2452	433	1176	immediate
SUPER_2	65065544	65112123	IR	450	.	65088934	0.450	0.885	39	65578	65065544	65065891	65111802	65112123	396779011	64950000	65200000	39	2313	321	45911	spaced
SUPER_2	152199272	152227447	IR	450	.	152213201	0.450	0.784	27	27766	152199272	152199866	152226864	152227447	396779011	152050000	152300000	71	2722	583	26998	spaced
SUPER_2	204109099	204233890	IR	449	.	204171262	0.449	0.923	548	127779	204109099	204109233	204233756	204233899	396779011	204000000	204250000	13	2858	134	124523	wide
SUPER_2	232089903	232092014	IR	449	.	232090959	0.449	0.993	125	2274	232089903	232090570	232091348	232092014	396779011	231950000	232200000	125	2349	666	778	immediate
SUPER_2	242867602	242869732	IR	449	.	242868667	0.449	0.986	63	2259	242867602	242867951	242869383	242869732	396779011	242750000	243000000	63	1977	349	1432	immediate
SUPER_2	5611944	5614142	IR	449	.	5613043	0.449	1.000	60	2236	5611944	5612216	5613870	5614142	396779011	5400000	5650000	60	3550	272	1654	immediate
SUPER_2	63369363	63369777	IR	449	.	63369570	0.449	1.000	39	71168	63369363	63369541	63369599	63369777	396779011	63200000	63450000	39	2826	178	58	immediate
SUPER_2	329589429	329591651	IR	449	.	329590547	0.449	0.900	28	2326	329589429	329589768	329591312	329591671	396779011	329400000	329650000	28	3175	339	1544	immediate
SUPER_2	53769928	53772335	IR	449	.	53771390	0.449	0.647	25	2403	53769928	53770591	53771672	53772361	396779011	53550000	53800000	0	3685	663	1081	immediate
SUPER_2	17604341	17610615	IR	449	.	17607083	0.449	0.965	24	6255	17604341	17604569	17610387	17610615	396779011	17600000	17850000	0	124	228	5818	spaced
SUPER_2	246511473	246513583	IR	448	.	246512528	0.448	0.991	120	2274	246511473	246512139	246512917	246513584	396779011	246350000	246600000	120	2708	666	778	immediate
SUPER_2	97183262	97187036	IR	448	.	97184773	0.448	0.570	31	3751	97183262	97184659	97185640	97187036	396779011	97100000	97350000	0	1419	1396	981	immediate
SUPER_2	173326653	173330983	IR	447	.	173328818	0.447	0.948	144	5033	173326653	173327978	173329658	173330992	396779011	173100000	173350000	144	3813	1325	1680	immediate
SUPER_2	200266684	200269400	IR	447	.	200268091	0.447	0.913	100	2867	200266684	200267392	200268692	200269408	396779011	200050000	200300000	100	3633	708	1300	immediate
SUPER_2	294868572	294871126	IR	447	.	294869902	0.447	0.949	99	2651	294868572	294869233	294870484	294871126	396779011	294850000	295100000	99	330	642	1251	immediate
SUPER_2	217068170	217070317	IR	447	.	217069522	0.447	0.923	52	2134	217068170	217068695	217069792	217070340	396779011	216900000	217150000	0	2820	525	1097	immediate
SUPER_2	68384662	68392185	IR	446	.	68388488	0.446	1.000	720	8275	68384662	68387744	68389103	68392185	396779011	68150000	68400000	720	3973	3082	1359	immediate
SUPER_2	123842581	123849287	IR	446	.	123845767	0.446	0.946	183	7798	123842581	123845173	123846707	123849287	396779011	123600000	123850000	183	4098	2580	1534	immediate
SUPER_2	348841053	348843995	IR	446	.	348842524	0.446	0.987	122	3181	348841053	348841682	348843366	348843995	396779011	348600000	348850000	122	4041	629	1684	immediate
SUPER_2	88598785	88599365	IR	446	.	88599075	0.446	0.994	32	90945	88598785	88598961	88599189	88599365	396779011	88450000	88700000	32	2484	176	228	immediate
SUPER_2	217627679	217632195	IR	445	.	217629513	0.445	0.991	123	4490	217627679	217628469	217631406	217632195	396779011	217450000	217700000	0	2998	789	2937	spaced
SUPER_2	286425262	286428433	IR	445	.	286427208	0.445	0.837	111	3148	286425262	286426355	286427413	286428433	396779011	286250000	286500000	0	2947	1020	1058	immediate
SUPER_2	131705678	131709601	IR	445	.	131707835	0.445	0.980	86	4040	131705678	131706178	131709106	131709601	396779011	131550000	131800000	87	2627	495	2928	spaced
SUPER_2	133979663	133982504	IR	445	.	133980743	0.445	0.970	80	2820	133979663	133980337	133981836	133982504	396779011	133750000	134000000	0	3851	668	1499	immediate
SUPER_2	294521622	294524026	IR	445	.	294522824	0.445	0.995	72	2444	294521622	294522005	294523643	294524026	396779011	294350000	294600000	72	2880	383	1638	immediate
SUPER_2	137033679	137036015	IR	445	.	137034847	0.445	0.903	54	2407	137033679	137034363	137035331	137036015	396779011	136850000	137100000	54	3080	684	968	immediate
SUPER_2	71704357	71706399	IR	445	.	71705378	0.445	0.892	33	2066	71704357	71705083	71705673	71706403	396779011	71650000	71900000	34	922	726	590	immediate
SUPER_2	120272317	120274397	IR	444	.	120273359	0.444	0.923	99	2211	120272317	120273029	120273692	120274397	396779011	120050000	120300000	99	3722	705	663	immediate
SUPER_2	78166458	78170240	IR	444	.	78168305	0.444	0.842	93	3946	78166458	78167582	78169116	78170306	396779011	78050000	78300000	93	1972	1124	1534	immediate
SUPER_2	52704327	52706513	IR	444	.	52705418	0.444	0.969	56	2284	52704327	52704615	52706225	52706513	396779011	52500000	52750000	56	3423	288	1610	immediate
SUPER_2	101689196	101691112	IR	444	.	101690154	0.444	1.000	29	2008	101689196	101689337	101690971	101691112	396779011	101500000	101750000	29	3169	141	1634	immediate
SUPER_2	5874570	5879968	IR	444	.	5877567	0.444	0.481	20	5379	5874570	5877057	5877538	5879968	396779011	5700000	5950000	0	2954	2430	481	immediate
SUPER_2	65658688	65661506	IR	443	.	65660100	0.443	0.953	92	2951	65658688	65659489	65660708	65661506	396779011	65450000	65700000	92	3501	798	1219	immediate
SUPER_2	202663734	202667035	IR	443	.	202665396	0.443	0.901	90	3469	202663734	202665032	202665760	202667035	396779011	202650000	202900000	90	256	1275	728	immediate
SUPER_2	144908659	144911358	IR	443	.	144909793	0.443	0.938	76	2757	144908659	144909673	144910344	144911358	396779011	144700000	144950000	75	3500	1014	671	immediate
SUPER_2	186115216	186118784	IR	443	.	186117227	0.443	0.795	76	3794	186115216	186116175	186117825	186118865	396779011	185950000	186200000	75	2783	959	1650	immediate
SUPER_2	222259565	222262431	IR	443	.	222260821	0.443	0.960	67	3012	222259565	222260168	222261828	222262431	396779011	222050000	222300000	67	3516	603	1660	immediate
SUPER_2	57289792	57291950	IR	443	.	57290871	0.443	0.963	47	2209	57289792	57290274	57291469	57291950	396779011	57050000	57300000	47	4014	481	1195	immediate
SUPER_2	173446412	173450136	IR	443	.	173447898	0.443	0.954	41	3711	173446412	173446989	173449559	173450142	396779011	173350000	173600000	0	1637	577	2570	spaced
SUPER_2	220749729	220753151	IR	442	.	220751270	0.442	0.951	59	3507	220749729	220750305	220752581	220753151	396779011	220550000	220800000	59	3357	570	2276	spaced
SUPER_2	90944870	90947627	IR	442	.	90946572	0.442	0.744	21	2736	90944870	90945557	90947045	90947627	396779011	90700000	90950000	0	4104	582	1488	immediate
SUPER_2	15931783	15933742	IR	441	.	15932763	0.441	0.991	151	2278	15931783	15932543	15932983	15933742	396779011	15700000	15950000	151	3879	759	440	immediate
SUPER_2	233545643	233547567	IR	441	.	233546628	0.441	0.893	100	2003	233545643	233546516	233546733	233547567	396779011	233400000	233650000	100	2443	834	217	immediate
SUPER_2	184274112	184277773	IR	441	.	184276381	0.441	0.956	65	3639	184274112	184274906	184276982	184277773	396779011	184050000	184300000	0	3765	791	2076	spaced
SUPER_2	4533690	4597553	IR	441	.	4565760	0.441	0.878	57	63948	4533690	4534486	4596757	4597618	396779011	4400000	4650000	57	2760	796	62271	spaced
SUPER_2	140166589	140168587	IR	441	.	140167588	0.441	0.963	34	2054	140166589	140166831	140168345	140168591	396779011	139950000	140200000	34	3626	242	1514	immediate
SUPER_2	337426670	337598435	IR	440	.	337512947	0.440	0.761	182	162646	337426670	337450051	337575054	337598461	396779011	337350000	337600000	0	2709	23381	125003	wide
SUPER_2	177940883	177943599	IR	440	.	177942241	0.440	0.822	108	71144	177940883	177942093	177942389	177943642	396779011	177850000	178100000	108	1537	1210	296	immediate
SUPER_2	255156475	255158813	IR	440	.	255157644	0.440	0.997	81	2409	255156475	255156859	255158429	255158813	396779011	254950000	255200000	81	3460	384	1570	immediate
SUPER_2	221251651	221253572	IR	440	.	221252443	0.440	0.981	78	2046	221251651	221252117	221253106	221253574	396779011	221050000	221300000	78	3376	466	989	immediate
SUPER_2	300621118	300625740	IR	440	.	300623786	0.440	0.591	56	4593	300621118	300623067	300623792	300625740	396779011	300450000	300700000	0	2890	1948	725	immediate
SUPER_2	117976597	117977293	IR	440	.	117976945	0.440	0.979	22	69933	117976597	117976738	117977152	117977293	396779011	117850000	118100000	22	2115	141	414	immediate
SUPER_2	377854089	377877607	IR	439	.	377865581	0.439	0.913	217	23471	377854089	377861819	377869877	377877678	396779011	377800000	378050000	0	1097	7730	8058	spaced
SUPER_2	180018716	180086427	IR	439	.	180052759	0.439	0.957	80	67870	180018716	180019458	180085685	180086435	396779011	179850000	180100000	80	3376	742	66227	spaced
SUPER_2	309368095	309370259	IR	439	.	309369178	0.439	0.946	43	2275	309368095	309368429	309369925	309370259	396779011	309250000	309500000	43	1986	334	1496	immediate
SUPER_2	284139880	284149873	IR	439	.	284145305	0.439	0.838	42	9958	284139880	284140864	284148973	284149873	396779011	283900000	284150000	0	4081	900	8109	spaced
SUPER_2	300465252	300467282	IR	439	.	300466267	0.439	0.949	33	2034	300465252	300465637	300466897	300467284	396779011	300450000	300700000	33	270	385	1260	immediate
SUPER_2	269109699	269113254	IR	439	.	269111602	0.439	0.814	20	3556	269109699	269109922	269113031	269113273	396779011	269100000	269350000	42	191	223	3109	spaced
SUPER_2	85712869	85715853	IR	438	.	85714361	0.438	0.949	132	3146	85712869	85713659	85715063	85715879	396779011	85500000	85750000	132	3572	790	1404	immediate
SUPER_2	274620511	274622993	IR	438	.	274621772	0.438	0.903	72	2513	274620511	274621012	274622532	274622993	396779011	274450000	274700000	72	2862	461	1520	immediate
SUPER_2	23512800	23726449	IR	438	.	23619141	0.438	0.945	70	213628	23512800	23513701	23725549	23726449	396779011	23500000	23750000	0	1993	900	211848	wide
SUPER_2	325969718	325972672	IR	438	.	325971298	0.438	0.945	65	110875	325969718	325970618	325971778	325972672	396779011	325800000	326050000	65	2853	894	1160	immediate
SUPER_2	212813118	212815599	IR	438	.	212814079	0.438	0.970	53	2459	212813118	212813580	212815139	212815599	396779011	212750000	213000000	0	1072	460	1559	immediate
SUPER_2	162482692	162485739	IR	437	.	162484216	0.437	0.989	149	3315	162482692	162483528	162484904	162485739	396779011	162250000	162500000	149	3903	835	1376	immediate
SUPER_2	255395978	255399434	IR	437	.	255397817	0.437	0.998	116	3644	255395978	255396515	255398897	255399434	396779011	255150000	255400000	117	4128	537	2382	spaced
SUPER_2	303022949	303026544	IR	437	.	303024992	0.437	0.948	116	3592	303022949	303023971	303025522	303026568	396779011	302800000	303050000	0	3745	1022	1551	immediate
SUPER_2	109817308	109822188	IR	437	.	109819671	0.437	0.792	73	4934	109817308	109818620	109820901	109822188	396779011	109600000	109850000	73	3662	1287	2281	spaced
SUPER_2	240248857	240251187	IR	437	.	240250022	0.437	0.985	52	2398	240248857	240249195	240250849	240251187	396779011	240050000	240300000	52	3333	338	1654	immediate
SUPER_2	216728933	216731599	IR	437	.	216730450	0.437	0.978	51	2777	216728933	216729250	216731282	216731601	396779011	216500000	216750000	51	3837	317	2032	spaced
SUPER_2	41649671	41653641	IR	437	.	41651463	0.437	0.951	35	4091	41649671	41650037	41653275	41653641	396779011	41450000	41700000	35	3360	366	3238	spaced
SUPER_2	340374592	340376634	IR	437	.	340375708	0.437	0.899	28	2120	340374592	340375175	340376051	340376645	396779011	340200000	340450000	28	2926	583	876	immediate
SUPER_2	217227090	217230980	IR	436	.	217229036	0.436	0.993	181	4227	217227090	217227940	217230132	217230980	396779011	217000000	217250000	181	3817	848	2192	spaced
SUPER_2	160496331	160527713	IR	436	.	160512297	0.436	0.417	116	31346	160496331	160511282	160512823	160527713	396779011	160350000	160600000	0	2700	14890	1541	immediate
SUPER_2	22809715	22811827	IR	436	.	22810774	0.436	0.959	104	2196	22809715	22810461	22811086	22811827	396779011	22600000	22850000	104	3512	741	625	immediate
SUPER_2	379290621	379293346	IR	436	.	379292040	0.436	0.926	91	2900	379290621	379291461	379292513	379293346	396779011	379050000	379300000	95	4032	833	1052	immediate
SUPER_2	121072838	121247563	IR	435	.	121160169	0.435	0.961	158	174858	121072838	121074363	121246043	121247563	396779011	121000000	121250000	158	2669	1520	171680	wide
SUPER_2	135227023	135228241	IR	435	.	135227863	0.435	0.877	118	3015	135227023	135227183	135228081	135228242	396779011	135000000	135250000	8	3793	160	898	immediate
SUPER_2	134186219	134267194	IR	435	.	134226656	0.435	0.843	57	81607	134186219	134186792	134266621	134267246	396779011	134150000	134400000	57	1278	573	79829	spaced
SUPER_2	94647284	94666509	IR	435	.	94656495	0.435	0.817	33	19087	94647284	94655833	94658058	94666509	396779011	94600000	94850000	0	948	8451	2225	spaced
SUPER_2	239297907	239405685	IR	435	.	239351793	0.435	0.390	25	108041	239297907	239351477	239352115	239405751	396779011	239250000	239500000	26	1696	53570	638	immediate
SUPER_2	173060185	173062858	IR	434	.	173061519	0.434	0.943	94	2876	173060185	173061060	173061983	173062872	396779011	172950000	173200000	94	1858	875	923	immediate
SUPER_2	159376219	159379153	IR	434	.	159377688	0.434	0.979	93	3046	159376219	159376799	159378577	159379153	396779011	159200000	159450000	93	2961	576	1778	immediate
SUPER_2	312724622	312728103	IR	434	.	312726143	0.434	0.917	56	3564	312724622	312725364	312727364	312728103	396779011	312500000	312750000	56	3772	739	2000	immediate
SUPER_2	74119932	74120754	IR	434	.	74120343	0.434	0.976	33	79814	74119932	74120186	74120500	74120755	396779011	73950000	74200000	33	2838	254	314	immediate
SUPER_2	137749747	137751739	IR	434	.	137750743	0.434	0.956	30	2044	137749747	137749997	137751489	137751741	396779011	137700000	137950000	30	845	250	1492	immediate
SUPER_2	271591112	271597312	IR	434	.	271594505	0.434	0.971	24	6177	271591112	271591313	271597111	271597317	396779011	271350000	271600000	0	4070	201	5798	spaced
SUPER_2	376410583	376414052	IR	433	.	376411854	0.433	0.869	99	3495	376410583	376411536	376413099	376414096	396779011	376200000	376450000	0	3538	953	1563	immediate
SUPER_2	103279039	103281529	IR	433	.	103280284	0.433	0.991	61	108406	103279039	103279376	103281192	103281529	396779011	103150000	103400000	61	2171	337	1816	immediate
SUPER_2	204035090	204037458	IR	433	.	204036274	0.433	0.953	56	2399	204035090	204035449	204037108	204037458	396779011	203800000	204050000	56	3937	350	1659	immediate
SUPER_2	81933421	82063139	IR	433	.	81998246	0.433	0.924	45	129732	81933421	81933804	82062770	82063139	396779011	81900000	82150000	45	1637	369	128966	wide
SUPER_2	145729430	145731287	IR	433	.	145730365	0.433	0.847	22	2012	145729430	145730040	145730677	145731325	396779011	145500000	145750000	22	3839	610	637	immediate
SUPER_2	141229453	141236606	IR	432	.	141233027	0.432	0.560	127	7402	141229453	141232541	141233518	141236718	396779011	141100000	141350000	127	2217	3088	977	immediate
SUPER_2	53899953	53902268	IR	432	.	53901111	0.432	0.947	107	2439	53899953	53900617	53901630	53902268	396779011	53700000	53950000	107	3351	638	1013	immediate
SUPER_2	241399334	241401480	IR	432	.	241400407	0.432	0.912	59	2345	241399334	241399723	241401091	241401506	396779011	241250000	241500000	59	2506	389	1368	immediate
SUPER_2	194786654	194810907	IR	432	.	194798834	0.432	0.442	56	24504	194786654	194798220	194799341	194810957	396779011	194700000	194950000	78	1646	11566	1121	immediate
SUPER_2	199109014	199111154	IR	432	.	199110084	0.432	0.945	47	51863	199109014	199109481	199110687	199111158	396779011	198950000	199200000	47	2667	467	1206	immediate
SUPER_2	176011182	176013572	IR	432	.	176012377	0.432	0.881	33	2395	176011182	176011704	176013050	176013577	396779011	175850000	176100000	33	2706	522	1346	immediate
SUPER_2	292856599	292859314	IR	432	.	292858447	0.432	0.951	22	2698	292856599	292856862	292859051	292859314	396779011	292650000	292900000	0	3465	263	2189	spaced
SUPER_2	61392613	61395423	IR	431	.	61393756	0.431	0.960	47	2798	61392613	61393086	61394950	61395429	396779011	61150000	61400000	0	4066	473	1864	immediate
SUPER_2	144724714	144727616	IR	430	.	144726165	0.430	0.989	90	2967	144724714	144725257	144727073	144727616	396779011	144500000	144750000	90	3769	543	1816	immediate
SUPER_2	247373671	247375996	IR	430	.	247374725	0.430	0.708	29	2407	247373671	247374195	247375472	247376059	396779011	247150000	247400000	55	3747	524	1277	immediate
SUPER_2	95820897	95823443	IR	429	.	95822187	0.429	0.932	122	2720	95820897	95821534	95822839	95823443	396779011	95600000	95850000	122	3702	604	1305	immediate
SUPER_2	167243081	167245223	IR	429	.	167244155	0.429	0.924	65	2185	167243081	167243770	167244539	167245223	396779011	167150000	167400000	65	1569	684	769	immediate
SUPER_2	329465282	329563781	IR	429	.	329514590	0.429	0.927	53	98525	329465282	329466128	329562936	329563781	396779011	329350000	329600000	53	2742	845	96808	spaced
SUPER_2	211159913	211174234	IR	428	.	211167396	0.428	0.911	140	14368	211159913	211160799	211173348	211174307	396779011	211050000	211300000	0	1951	886	12549	spaced
SUPER_2	281999930	282002935	IR	428	.	282001424	0.428	0.962	95	3247	281999930	282000673	282002194	282002935	396779011	281850000	282100000	95	2523	741	1521	immediate
SUPER_2	164774827	164776032	IR	428	.	164775429	0.428	0.975	69	8154	164774827	164775303	164775556	164776032	396779011	164600000	164850000	69	2923	476	253	immediate
SUPER_2	248264887	248269258	IR	427	.	248267487	0.427	0.881	103	4449	248264887	248265958	248268187	248269359	396779011	248150000	248400000	0	1951	1071	2229	spaced
SUPER_2	170918858	170921322	IR	427	.	170920098	0.427	0.946	88	2573	170918858	170919528	170920668	170921322	396779011	170700000	170950000	88	3668	654	1140	immediate
SUPER_2	221333298	221335447	IR	427	.	221334378	0.427	0.985	81	2202	221333298	221333838	221334907	221335447	396779011	221100000	221350000	81	3906	540	1069	immediate
SUPER_2	202548743	202551824	IR	427	.	202550501	0.427	0.863	49	3067	202548743	202548835	202551739	202551824	396779011	202350000	202600000	16	3337	85	2904	spaced
SUPER_2	203224250	203226729	IR	427	.	203225490	0.427	0.943	38	2624	203224250	203224634	203226346	203226729	396779011	203000000	203250000	38	3758	383	1712	immediate
SUPER_2	394234911	394235646	IR	427	.	394235296	0.427	0.863	28	90534	394234911	394235108	394235469	394235646	396779011	394100000	394350000	86	2254	177	361	immediate
SUPER_2	116507188	116510484	IR	426	.	116508880	0.426	0.921	115	3453	116507188	116508010	116509700	116510484	396779011	116500000	116750000	134	147	784	1690	immediate
SUPER_2	258447535	258449789	IR	426	.	258448663	0.426	0.971	35	2282	258447535	258447848	258449478	258449789	396779011	258350000	258600000	35	1644	311	1630	immediate
SUPER_2	283656211	283658436	IR	426	.	283657636	0.426	0.968	34	2159	283656211	283656588	283658060	283658436	396779011	283500000	283750000	0	2621	376	1472	immediate
SUPER_2	65144539	65147141	IR	426	.	65146195	0.426	0.970	33	2382	65144539	65145000	65146682	65147141	396779011	65100000	65350000	0	763	459	1682	immediate
SUPER_2	227978465	227979517	IR	426	.	227978991	0.426	0.978	29	28099	227978465	227978643	227979339	227979517	396779011	227800000	228050000	29	2983	178	696	immediate
SUPER_2	380583977	380586689	IR	426	.	380585750	0.426	0.859	27	2713	380583977	380584320	380586346	380586720	396779011	380350000	380600000	0	3922	343	2026	spaced
SUPER_2	104816591	104970074	IR	426	.	104893001	0.426	0.392	23	77044	104816591	104893145	104893520	104970091	396779011	104750000	105000000	0	2388	76554	375	immediate
SUPER_2	313571072	313605239	IR	425	.	313588258	0.425	0.994	408	34781	313571072	313573092	313603220	313605239	396779011	313400000	313650000	408	3135	2019	30128	spaced
SUPER_2	210255904	210264851	IR	425	.	210260800	0.425	0.821	209	8928	210255904	210259458	210261297	210264851	396779011	210050000	210300000	0	3506	3554	1839	immediate
SUPER_2	299136140	299210785	IR	425	.	299173640	0.425	0.953	100	74744	299136140	299136590	299210355	299210785	396779011	299100000	299350000	101	1224	430	73765	spaced
SUPER_2	68147648	68150640	IR	424	.	68149156	0.424	0.942	101	3243	68147648	68148300	68150012	68150640	396779011	68000000	68250000	101	2485	628	1712	immediate
SUPER_2	334875463	334878851	IR	424	.	334877076	0.424	0.968	90	3453	334875463	334876073	334878241	334878862	396779011	334650000	334900000	90	3785	610	2168	spaced
SUPER_2	44655339	44657687	IR	424	.	44656872	0.424	0.839	82	2371	44655339	44655826	44657200	44657772	396779011	44550000	44800000	0	1775	487	1374	immediate
SUPER_2	288160929	288163200	IR	424	.	288162065	0.424	0.874	70	2441	288160929	288162022	288162107	288163230	396779011	287950000	288200000	70	3534	1093	85	immediate
SUPER_2	130948039	130948992	IR	424	.	130948519	0.424	0.976	62	195885	130948039	130948409	130948629	130948992	396779011	130850000	131100000	62	1641	363	220	immediate
SUPER_2	51697793	51703776	IR	424	.	51701108	0.424	0.597	30	6024	51697793	51700637	51700932	51703834	396779011	51500000	51750000	0	3346	2844	295	immediate
SUPER_2	264026613	264054334	IR	423	.	264039993	0.423	0.995	256	27704	264026613	264028147	264052800	264054334	396779011	263850000	264100000	0	3174	1534	24653	spaced
SUPER_2	181566699	181570240	IR	423	.	181568247	0.423	0.996	159	3683	181566699	181567479	181569460	181570240	396779011	181350000	181600000	159	3641	780	1981	immediate
SUPER_2	41223572	41226458	IR	423	.	41224914	0.423	0.957	119	3121	41223572	41224399	41225646	41226458	396779011	41200000	41450000	121	416	812	1247	immediate
SUPER_2	91599520	91602753	IR	423	.	91601209	0.423	0.952	117	3449	91599520	91600322	91601951	91602768	396779011	91400000	91650000	118	3352	802	1629	immediate
SUPER_2	318603852	318606246	IR	423	.	318605074	0.423	0.869	52	2487	318603852	318604257	318605891	318606246	396779011	318400000	318650000	52	3417	355	1634	immediate
SUPER_2	343131459	343134096	IR	423	.	343132689	0.423	0.986	37	2675	343131459	343131671	343133884	343134096	396779011	342900000	343150000	37	3879	212	2213	spaced
SUPER_2	344888248	344891674	IR	423	.	344890187	0.423	0.973	21	3416	344888248	344888361	344891561	344891674	396779011	344850000	345100000	15	665	113	3200	spaced
SUPER_2	13548314	13550633	IR	422	.	13549474	0.422	0.989	97	2940	13548314	13548860	13550087	13550633	396779011	13350000	13600000	97	3324	546	1227	immediate
SUPER_2	90573300	90605556	IR	422	.	90589625	0.422	0.779	36	32445	90573300	90573540	90605316	90605563	396779011	90500000	90750000	36	1490	240	31776	spaced
SUPER_2	167757844	167759877	IR	422	.	167758861	0.422	0.975	31	2046	167757844	167758081	167759641	167759877	396779011	167550000	167800000	31	3480	236	1560	immediate
SUPER_2	309182811	309198606	IR	422	.	309191002	0.422	0.891	24	15775	309182811	309183268	309198178	309198606	396779011	308950000	309200000	0	4011	428	14910	spaced
SUPER_2	144665139	144668790	IR	421	.	144666965	0.421	0.999	217	3926	144665139	144666054	144667876	144668790	396779011	144450000	144700000	217	3615	914	1822	immediate
SUPER_2	157874646	157903731	IR	421	.	157888790	0.421	0.887	109	29088	157874646	157876973	157901404	157903753	396779011	157700000	157950000	0	3153	2327	24431	spaced
SUPER_2	107060479	107062348	IR	421	.	107061414	0.421	0.959	91	2100	107060479	107061173	107061658	107062348	396779011	106850000	107100000	91	3523	690	485	immediate
SUPER_2	95117359	95120226	IR	421	.	95118796	0.421	0.738	62	2914	95117359	95118457	95119150	95120226	396779011	95050000	95300000	62	1146	1076	693	immediate
SUPER_2	149040001	149042656	IR	421	.	149041350	0.421	0.773	50	2786	149040001	149041168	149041489	149042750	396779011	148950000	149200000	50	1522	1167	321	immediate
SUPER_2	46689959	46698841	IR	421	.	46694400	0.421	0.470	41	9192	46689959	46693999	46694801	46698862	396779011	46550000	46800000	41	2406	4040	802	immediate
SUPER_2	213135473	213146235	IR	420	.	213140854	0.420	0.998	920	11785	213135473	213139540	213142168	213146240	396779011	212900000	213150000	920	4014	4067	2628	spaced
SUPER_2	275452970	275460076	IR	420	.	275456752	0.420	0.998	137	7240	275452970	275453602	275459444	275460076	396779011	275250000	275500000	137	3441	632	5842	spaced
SUPER_2	54737321	54763247	IR	420	.	54750559	0.420	0.938	92	25897	54737321	54738219	54762382	54763247	396779011	54650000	54900000	0	1671	865	24163	spaced
SUPER_2	181835250	181904453	IR	420	.	181869746	0.420	0.959	61	69290	181835250	181835976	181903731	181904453	396779011	181700000	181950000	62	2830	722	67755	spaced
SUPER_2	70147348	70164876	IR	420	.	70156391	0.420	0.986	42	17507	70147348	70147711	70164513	70164876	396779011	70050000	70300000	0	1768	363	16802	spaced
SUPER_2	121305297	121416730	IR	420	.	121361332	0.420	0.393	31	111416	121305297	121360884	121361232	121416730	396779011	121250000	121500000	0	1850	55498	348	immediate
SUPER_2	71115932	71195698	IR	420	.	71155815	0.420	0.395	30	79829	71115932	71155715	71155915	71195750	396779011	70950000	71200000	30	3430	39783	200	immediate
SUPER_2	84573725	84576075	IR	419	.	84574900	0.419	0.995	124	2463	84573725	84574349	84575452	84576075	396779011	84350000	84600000	129	3748	623	1103	immediate
SUPER_2	181791618	181794112	IR	419	.	181792865	0.419	0.997	78	2622	181791618	181792003	181793727	181794113	396779011	181600000	181850000	78	3214	385	1724	immediate
SUPER_2	228509595	228511706	IR	419	.	228510650	0.419	0.871	46	2192	228509595	228509923	228511378	228511740	396779011	228300000	228550000	46	3510	328	1455	immediate
SUPER_2	195427132	195428927	IR	419	.	195428032	0.419	0.974	41	107964	195427132	195427355	195428704	195428932	396779011	195300000	195550000	41	2133	223	1349	immediate
SUPER_2	128411340	128486668	IR	419	.	128448858	0.419	0.390	27	75360	128411340	128448976	128449032	128486683	396779011	128400000	128650000	27	816	37636	56	immediate
SUPER_2	337816331	337819884	IR	418	.	337818107	0.418	0.998	195	3890	337816331	337817277	337818938	337819884	396779011	337650000	337900000	198	2801	946	1661	immediate
SUPER_2	122695734	122697742	IR	418	.	122696741	0.418	0.917	118	2260	122695734	122696636	122696887	122697742	396779011	122450000	122700000	118	4112	855	251	immediate
SUPER_2	186902562	186956978	IR	418	.	186929501	0.418	0.961	60	54405	186902562	186903470	186956070	186956987	396779011	186800000	187050000	0	2162	908	52600	spaced
SUPER_2	128388763	128391402	IR	418	.	128390083	0.418	0.909	53	2630	128388763	128389213	128390953	128391402	396779011	128150000	128400000	53	4001	449	1740	immediate
SUPER_2	116545470	116548296	IR	417	.	116546549	0.417	0.955	69	2800	116545470	116546196	116547575	116548296	396779011	116500000	116750000	0	781	721	1379	immediate
SUPER_2	113775603	113776950	IR	417	.	113776276	0.417	0.994	65	11109	113775603	113775944	113776609	113776950	396779011	113550000	113800000	65	3771	341	665	immediate
SUPER_2	196361391	196364915	IR	417	.	196363596	0.417	0.854	65	3572	196361391	196361973	196364333	196364984	396779011	196300000	196550000	0	1052	582	2360	spaced
SUPER_2	299006098	299008034	IR	417	.	299007070	0.417	0.963	49	2031	299006098	299006386	299007746	299008042	396779011	298900000	299150000	49	1784	288	1360	immediate
SUPER_2	245472985	245476109	IR	417	.	245474553	0.417	0.558	30	3229	245472985	245473926	245475179	245476109	396779011	245400000	245650000	52	1242	930	1253	immediate
SUPER_2	338035539	338134120	IR	416	.	338085253	0.416	0.961	37	98561	338035539	338035972	338133687	338134120	396779011	338000000	338250000	0	1413	433	97715	spaced
SUPER_2	363719846	363722216	IR	416	.	363721033	0.416	0.835	28	2447	363719846	363720268	363721794	363722251	396779011	363550000	363800000	28	2850	422	1526	immediate
SUPER_2	265184633	265190892	IR	415	.	265187725	0.415	0.965	167	6680	265184633	265185830	265189703	265190892	396779011	264950000	265200000	167	3962	1189	3873	spaced
SUPER_2	324132111	324135029	IR	415	.	324133570	0.415	0.872	80	3089	324132111	324132642	324134498	324135099	396779011	323950000	324200000	80	3059	531	1856	immediate
SUPER_2	49682081	49684278	IR	415	.	49683017	0.415	0.940	72	2364	49682081	49682842	49683517	49684278	396779011	49450000	49700000	72	3886	761	675	immediate
SUPER_2	328661163	328689176	IR	415	.	328675063	0.415	0.877	54	28505	328661163	328662162	328688177	328689213	396779011	328500000	328750000	115	2919	999	26015	spaced
SUPER_2	129192003	129341975	IR	415	.	129266947	0.415	0.912	52	150088	129192003	129192740	129341238	129341988	396779011	129100000	129350000	52	2783	737	148498	wide
SUPER_2	134750204	134752795	IR	415	.	134751540	0.415	0.789	34	2647	134750204	134750655	134752425	134752795	396779011	134700000	134950000	34	858	370	1770	immediate
SUPER_2	12912944	12915092	IR	415	.	12914409	0.415	0.899	30	2138	12912944	12913316	12914720	12915100	396779011	12700000	12950000	0	3566	372	1404	immediate
SUPER_2	6885152	6887256	IR	415	.	6886204	0.415	0.994	29	2100	6885152	6885328	6887080	6887256	396779011	6650000	6900000	29	3936	176	1752	immediate
SUPER_2	361780747	361874342	IR	415	.	361827123	0.415	0.415	21	84390	361780747	361823497	361831592	361874388	396779011	361750000	362000000	0	1292	42750	8095	spaced
SUPER_2	188082344	188085313	IR	414	.	188083829	0.414	0.993	147	3214	188082344	188083096	188084561	188085316	396779011	188050000	188300000	147	563	752	1465	immediate
SUPER_2	63951184	63954868	IR	414	.	63952736	0.414	0.973	114	3658	63951184	63951992	63954063	63954868	396779011	63750000	64000000	0	3383	805	2071	spaced
SUPER_2	151712135	151715288	IR	414	.	151713689	0.414	1.000	102	3332	151712135	151712624	151714799	151715288	396779011	151550000	151800000	102	2728	489	2175	spaced
SUPER_2	40258720	40261167	IR	414	.	40259852	0.414	0.987	100	26480	40258720	40259239	40260648	40261167	396779011	40100000	40350000	100	2665	519	1409	immediate
SUPER_2	343869886	343872747	IR	414	.	343870847	0.414	0.947	50	2808	343869886	343870342	343872304	343872747	396779011	343650000	343900000	0	3688	443	1962	immediate
SUPER_2	144165072	144167023	IR	414	.	144166049	0.414	0.967	48	2042	144165072	144165343	144166755	144167023	396779011	143950000	144200000	48	3600	268	1412	immediate
SUPER_2	258352444	258433084	IR	414	.	258392349	0.414	0.862	47	80512	258352444	258353161	258432367	258433115	396779011	258350000	258600000	0	712	717	79206	spaced
SUPER_2	49305994	49309858	IR	414	.	49308037	0.414	0.573	41	3942	49305994	49307277	49308575	49309858	396779011	49100000	49350000	46	3465	1283	1298	immediate
SUPER_2	214925998	214996273	IR	414	.	214960798	0.414	0.954	36	70227	214925998	214926578	214995693	214996274	396779011	214800000	215050000	0	2685	580	69115	spaced
SUPER_2	364250161	364254403	IR	414	.	364252676	0.414	0.923	25	4215	364250161	364250511	364254067	364254403	396779011	364050000	364300000	0	3371	336	3556	spaced
SUPER_2	197517300	197519658	IR	413	.	197518479	0.413	0.990	71	2448	197517300	197517694	197519264	197519658	396779011	197300000	197550000	71	3641	394	1570	immediate
SUPER_2	290563107	290565785	IR	413	.	290564632	0.413	0.977	65	2720	290563107	290563461	290565431	290565785	396779011	290350000	290600000	65	3573	354	1970	immediate
SUPER_2	251636398	251638615	IR	413	.	251637507	0.413	0.961	45	2239	251636398	251636806	251638208	251638615	396779011	251400000	251650000	45	3958	407	1402	immediate
SUPER_2	26792675	26838828	IR	413	.	26815646	0.413	0.392	33	46275	26792675	26815658	26815874	26838828	396779011	26650000	26900000	55	2762	22954	216	immediate
SUPER_2	275136356	275139966	IR	412	.	275138600	0.412	0.952	56	3543	275136356	275136785	275139537	275139979	396779011	275000000	275250000	0	2302	429	2752	spaced
SUPER_2	11591092	11593223	IR	412	.	11592158	0.412	0.964	44	2156	11591092	11591391	11592925	11593223	396779011	11350000	11600000	44	4035	298	1534	immediate
SUPER_2	349068950	349070936	IR	412	.	349069943	0.412	0.974	41	2010	349068950	349069185	349070705	349070936	396779011	348850000	349100000	41	3665	231	1520	immediate
SUPER_2	238883170	238887426	IR	412	.	238885484	0.412	0.965	40	4276	238883170	238883458	238887138	238887426	396779011	238850000	239100000	40	588	288	3680	spaced
SUPER_2	347750016	347773456	IR	412	.	347761322	0.412	0.868	38	22749	347750016	347756003	347767469	347773506	396779011	347750000	348000000	0	195	5987	11466	spaced
SUPER_2	295940939	295945235	IR	412	.	295943246	0.412	0.938	37	4378	295940939	295941292	295944882	295945235	396779011	295700000	295950000	37	4051	353	3590	spaced
SUPER_2	369544176	369551419	IR	412	.	369548280	0.412	0.855	27	7225	369544176	369545570	369550025	369551423	396779011	369400000	369650000	0	2463	1394	4455	spaced
SUPER_2	80772117	80882072	IR	412	.	80827076	0.412	0.993	20	109943	80772117	80772253	80881936	80882072	396779011	80750000	81000000	20	1284	136	109683	wide
SUPER_2	152780862	152787268	IR	411	.	152783605	0.411	0.983	284	6388	152780862	152782764	152785366	152787269	396779011	152550000	152800000	0	3900	1902	2602	spaced
SUPER_2	330804691	330807709	IR	411	.	330806206	0.411	0.771	167	3005	330804691	330804774	330807645	330807709	396779011	330800000	331050000	1310	103	64	2871	spaced
SUPER_2	216139897	216143280	IR	411	.	216141852	0.411	0.968	88	3352	216139897	216140824	216142353	216143280	396779011	215900000	216150000	0	4026	927	1529	immediate
SUPER_2	394855172	394857978	IR	411	.	394856575	0.411	0.955	73	2873	394855172	394855774	394857376	394857980	396779011	394650000	394900000	73	3442	602	1602	immediate
SUPER_2	180287980	180290791	IR	411	.	180289857	0.411	0.907	56	2795	180287980	180288559	180290212	180290808	396779011	180050000	180300000	0	3989	579	1653	immediate
SUPER_2	140789808	140796224	IR	411	.	140793191	0.411	0.892	26	6437	140789808	140789935	140796097	140796234	396779011	140550000	140800000	26	4050	127	6162	spaced
SUPER_2	120730160	120730656	IR	411	.	120730532	0.411	0.974	23	46798	120730160	120730314	120730502	120730656	396779011	120650000	120900000	23	1339	154	188	immediate
SUPER_2	87846892	88020474	IR	411	.	87933245	0.411	0.865	22	173504	87846892	87847383	88019985	88020474	396779011	87800000	88050000	0	2227	489	172602	wide
SUPER_2	262497878	262500699	IR	411	.	262499446	0.411	0.875	22	2852	262497878	262498103	262500474	262500712	396779011	262300000	262550000	22	3321	225	2371	spaced
SUPER_2	341747392	341767437	IR	411	.	341756992	0.411	0.837	21	20023	341747392	341747929	341766941	341767437	396779011	341600000	341850000	0	2623	496	19012	spaced
SUPER_2	205944136	205953533	IR	410	.	205949106	0.410	0.977	404	9372	205944136	205947737	205949932	205953533	396779011	205750000	206000000	0	3313	3601	2195	spaced
SUPER_2	137193749	137198379	IR	410	.	137196064	0.410	1.000	312	4967	137193749	137195050	137197078	137198379	396779011	136950000	137200000	312	4100	1301	2028	spaced
SUPER_2	237814055	237828606	IR	410	.	237820976	0.410	0.973	185	14526	237814055	237815768	237826893	237828607	396779011	237600000	237850000	0	3688	1713	11125	spaced
SUPER_2	230946784	230949862	IR	410	.	230948326	0.410	0.966	124	3276	230946784	230947721	230948925	230949877	396779011	230700000	230950000	124	4138	937	1204	immediate
SUPER_2	192806661	192813113	IR	410	.	192809519	0.410	0.571	110	6428	192806661	192809626	192810152	192813113	396779011	192650000	192900000	0	2664	2961	526	immediate
SUPER_2	348748009	348761019	IR	410	.	348754904	0.410	0.447	40	12990	348748009	348754420	348754636	348761019	396779011	348650000	348900000	0	1741	6383	216	immediate
SUPER_2	171787758	171791000	IR	410	.	171789741	0.410	0.991	29	3213	171787758	171787989	171790769	171791000	396779011	171650000	171900000	0	2322	231	2780	spaced
SUPER_2	59054501	59057587	IR	410	.	59055989	0.410	0.913	26	3153	59054501	59054792	59057296	59057594	396779011	58900000	59150000	26	2600	291	2504	spaced
SUPER_2	281562510	281564828	IR	410	.	281563674	0.410	0.743	21	2320	281562510	281563161	281564193	281564828	396779011	281350000	281600000	21	3561	635	1032	immediate
SUPER_2	356391658	356442931	IR	409	.	356417792	0.409	0.854	185	50681	356391658	356398426	356436201	356442931	396779011	356200000	356450000	0	3621	6730	37775	spaced
SUPER_2	256425466	256578366	IR	409	.	256501818	0.409	0.846	66	153003	256425466	256426403	256577492	256578366	396779011	256350000	256600000	66	2531	874	151089	wide
SUPER_2	219244680	219247091	IR	409	.	219246090	0.409	0.793	61	2606	219244680	219245517	219246321	219247091	396779011	219100000	219350000	62	2431	770	804	immediate
SUPER_2	156921426	156923928	IR	409	.	156922685	0.409	0.944	60	2529	156921426	156921910	156923460	156923928	396779011	156800000	157050000	60	2044	468	1550	immediate
SUPER_2	378063783	378101728	IR	409	.	378082508	0.409	0.943	60	39320	378063783	378063976	378101535	378101728	396779011	377900000	378150000	17	3045	193	37559	spaced
SUPER_2	149689246	149705903	IR	409	.	149697555	0.409	0.813	32	16652	149689246	149689590	149705610	149705903	396779011	149550000	149800000	32	2459	293	16020	spaced
SUPER_2	293275914	293278752	IR	409	.	293277728	0.409	0.992	32	2811	293275914	293276177	293278489	293278752	396779011	293150000	293400000	0	2122	263	2312	spaced
SUPER_2	18714168	18716736	IR	409	.	18715793	0.409	0.860	23	2547	18714168	18714490	18716449	18716736	396779011	18550000	18800000	0	2757	287	1959	immediate
SUPER_2	134856271	135010206	IR	408	.	134933733	0.408	0.974	120	153916	134856271	134857228	135009258	135010206	396779011	134800000	135050000	0	2220	948	152030	wide
SUPER_2	209348652	209351844	IR	408	.	209350116	0.408	1.000	73	3316	209348652	209348995	209351501	209351844	396779011	209150000	209400000	73	3337	343	2506	spaced
SUPER_2	182627908	182630317	IR	408	.	182629139	0.408	0.790	33	2491	182627908	182628769	182629456	182630371	396779011	182400000	182650000	34	3818	861	687	immediate
SUPER_2	354550000	354692363	IR	407	.	354620882	0.407	0.997	6646	142405	354550000	354586849	354655514	354692442	396779011	354550000	354800000	0	1186	36849	68665	spaced
SUPER_2	149223146	149225243	IR	407	.	149224086	0.407	0.977	94	2171	149223146	149223764	149224627	149225243	396779011	149000000	149250000	94	3736	616	863	immediate
SUPER_2	259136867	259141030	IR	407	.	259138796	0.407	0.915	91	5088	259136867	259137630	259140312	259141030	396779011	258950000	259200000	91	3149	718	2682	spaced
SUPER_2	196262484	196267004	IR	407	.	196264669	0.407	0.945	85	4695	196262484	196263264	196266227	196267004	396779011	196050000	196300000	88	3578	777	2963	spaced
SUPER_2	286054083	286055948	IR	407	.	286055014	0.407	0.898	84	2028	286054083	286054760	286055271	286056002	396779011	285900000	286150000	84	2583	677	511	immediate
SUPER_2	344066619	344069406	IR	407	.	344067673	0.407	0.834	84	2814	344066619	344067554	344068471	344069464	396779011	343900000	344150000	0	2800	935	917	immediate
SUPER_2	310052089	310132741	IR	407	.	310092936	0.407	0.873	78	80640	310052089	310053661	310131169	310132800	396779011	310000000	310250000	0	1540	1572	77508	spaced
SUPER_2	366856528	366858782	IR	407	.	366857693	0.407	0.792	60	2283	366856528	366857121	366858234	366858782	396779011	366750000	367000000	63	1794	548	1113	immediate
SUPER_2	167003475	167010353	IR	407	.	167007047	0.407	0.957	56	6927	167003475	167003861	167009967	167010362	396779011	166800000	167050000	56	3448	386	6106	spaced
SUPER_2	77437701	77545978	IR	406	.	77491349	0.406	0.972	622	108205	77437701	77441854	77541840	77545978	396779011	77350000	77600000	0	2363	4138	99986	spaced
SUPER_2	338469997	338493188	IR	406	.	338481390	0.406	0.945	251	33936	338469997	338474480	338488725	338493188	396779011	338450000	338700000	251	526	4463	14245	spaced
SUPER_2	304555477	304606804	IR	406	.	304581493	0.406	0.995	203	51307	304555477	304556753	304605528	304606805	396779011	304400000	304650000	0	3018	1276	48775	spaced
SUPER_2	110281833	110290767	IR	406	.	110285920	0.406	0.989	101	8912	110281833	110282492	110290108	110290769	396779011	110050000	110300000	0	3938	659	7616	spaced
SUPER_2	263098614	263101242	IR	406	.	263099928	0.406	0.892	85	2739	263098614	263099031	263100825	263101289	396779011	263000000	263250000	89	1665	417	1794	immediate
SUPER_2	181690887	181708072	IR	406	.	181699960	0.406	0.894	75	17165	181690887	181692068	181706933	181708072	396779011	181500000	181750000	0	3324	1139	14865	spaced
SUPER_2	162670439	162674261	IR	406	.	162672693	0.406	0.946	61	3802	162670439	162671079	162673621	162674264	396779011	162500000	162750000	0	2872	640	2542	spaced
SUPER_2	80566381	80568416	IR	406	.	80567880	0.406	0.980	35	2013	80566381	80566622	80568175	80568421	396779011	80350000	80600000	0	3623	241	1553	immediate
SUPER_2	266661739	266707674	IR	405	.	266684312	0.405	0.983	519	45912	266661739	266665620	266703794	266707674	396779011	266500000	266750000	0	3078	3880	38174	spaced
SUPER_2	243453577	243456914	IR	405	.	243455244	0.405	0.965	126	3564	243453577	243454387	243456108	243456914	396779011	243250000	243500000	126	3420	806	1721	immediate
SUPER_2	202625634	202629198	IR	405	.	202627681	0.405	0.965	96	3533	202625634	202626732	202628101	202629198	396779011	202400000	202650000	0	3790	1097	1369	immediate
SUPER_2	234152075	234186357	IR	405	.	234169751	0.405	0.422	95	34351	234152075	234169132	234169300	234186446	396779011	234150000	234400000	0	320	17057	168	immediate
SUPER_2	172408584	172411117	IR	405	.	172409851	0.405	0.976	93	2708	172408584	172409118	172410585	172411117	396779011	172200000	172450000	93	3497	532	1467	immediate
SUPER_2	226315766	226318762	IR	405	.	226317375	0.405	0.989	72	3035	226315766	226316230	226318298	226318762	396779011	226100000	226350000	72	3620	464	2068	spaced
SUPER_2	243657971	243775996	IR	405	.	243717300	0.405	0.403	54	117965	243657971	243715724	243718291	243775996	396779011	243650000	243900000	0	1116	57705	2567	spaced
SUPER_2	331798076	331800309	IR	405	.	331799193	0.405	0.928	51	2330	331798076	331798813	331799572	331800309	396779011	331650000	331900000	51	2486	737	759	immediate
SUPER_2	27666446	27668589	IR	405	.	27667348	0.405	0.798	36	2250	27666446	27666633	27668402	27668635	396779011	27450000	27700000	41	3625	187	1769	immediate
SUPER_2	345527663	345529767	IR	405	.	345528715	0.405	0.940	29	2161	345527663	345527902	345529528	345529777	396779011	345300000	345550000	29	3811	239	1626	immediate
SUPER_2	244988148	244990859	IR	404	.	244989995	0.404	0.876	79	2690	244988148	244989103	244989973	244990859	396779011	244800000	245050000	0	3158	886	870	immediate
SUPER_2	143806715	143910615	IR	404	.	143858265	0.404	0.917	69	103889	143806715	143807192	143910138	143910638	396779011	143700000	143950000	0	2644	477	102946	wide
SUPER_2	119537623	119682803	IR	404	.	119609742	0.404	0.408	61	145160	119537623	119604119	119616312	119682803	396779011	119450000	119700000	0	2670	66491	12193	spaced
SUPER_2	294978699	294981113	IR	404	.	294979912	0.404	0.846	38	2449	294978699	294979310	294980514	294981113	396779011	294900000	295150000	38	1331	599	1204	immediate
SUPER_2	77029062	77093107	IR	404	.	77060701	0.404	0.917	26	63778	77029062	77029583	77092589	77093107	396779011	76950000	77200000	0	1851	518	63006	spaced
SUPER_2	350013432	350027610	IR	403	.	350020091	0.403	1.000	921	14154	350013432	350018427	350022615	350027610	396779011	349800000	350050000	0	3675	4995	4188	spaced
SUPER_2	22584949	22616545	IR	403	.	22600741	0.403	0.940	58	31730	22584949	22585692	22615803	22616545	396779011	22400000	22650000	58	3345	742	30111	spaced
SUPER_2	203948615	203951404	IR	403	.	203949707	0.403	0.940	42	2778	203948615	203949033	203950986	203951416	396779011	203850000	204100000	0	1666	418	1953	immediate
SUPER_2	372939795	372943456	IR	403	.	372941324	0.403	0.830	25	3663	372939795	372940597	372942654	372943485	396779011	372750000	373000000	0	3193	802	2057	spaced
SUPER_2	24879378	24879842	IR	403	.	24879610	0.403	0.993	23	95845	24879378	24879520	24879700	24879842	396779011	24750000	25000000	23	2160	142	180	immediate
SUPER_2	92350005	92519243	IR	402	.	92434293	0.402	0.862	291	168636	92350005	92379628	92489653	92519243	396779011	92350000	92600000	0	1410	29590	110025	wide
SUPER_2	268004482	268013455	IR	402	.	268009120	0.402	0.894	245	9256	268004482	268007423	268010518	268013455	396779011	267800000	268050000	245	3482	2937	3095	spaced
SUPER_2	72016824	72044709	IR	402	.	72030307	0.402	0.591	107	27844	72016824	72023427	72038146	72044709	396779011	71850000	72100000	0	3012	6563	14719	spaced
SUPER_2	286997874	287006166	IR	402	.	287002507	0.402	0.521	81	8291	286997874	287001781	287002259	287006183	396779011	286900000	287150000	0	1700	3907	478	immediate
SUPER_2	213588293	213590699	IR	402	.	213589496	0.402	0.904	80	2663	213588293	213588962	213590030	213590749	396779011	213500000	213750000	80	1491	669	1068	immediate
SUPER_2	99765995	99902178	IR	402	.	99833585	0.402	0.993	66	136164	99765995	99766421	99901752	99902178	396779011	99700000	99950000	0	2234	426	135331	wide
SUPER_2	275160486	275369634	IR	402	.	275265249	0.402	0.719	37	209108	275160486	275160550	275369588	275369634	396779011	275150000	275400000	557	1917	46	209038	wide
SUPER_2	348501926	348545178	IR	402	.	348524028	0.402	0.914	36	43237	348501926	348502809	348544295	348545182	396779011	348450000	348700000	0	1225	883	41486	spaced
SUPER_2	226883484	226885419	IR	402	.	226884600	0.402	0.631	28	2009	226883484	226884203	226884700	226885479	396779011	226650000	226900000	28	3907	719	497	immediate
SUPER_2	304083325	304085990	IR	402	.	304084209	0.402	0.926	21	2510	304083325	304083649	304085667	304085990	396779011	304000000	304250000	0	1410	323	2018	spaced
SUPER_2	369219307	369373205	IR	401	.	369296699	0.401	0.994	258	153878	369219307	369220852	369371663	369373205	396779011	369150000	369400000	0	2437	1542	150811	wide
SUPER_2	145457026	145460340	IR	401	.	145458681	0.401	0.969	156	3503	145457026	145457961	145459405	145460349	396779011	145250000	145500000	156	3477	935	1444	immediate
SUPER_2	250751697	250753824	IR	401	.	250752765	0.401	0.881	79	2296	250751697	250752580	250752945	250753824	396779011	250550000	250800000	79	3379	879	365	immediate
SUPER_2	65809475	65811432	IR	401	.	65810361	0.401	1.000	54	2013	65809475	65809718	65811189	65811432	396779011	65600000	65850000	54	3507	243	1471	immediate
SUPER_2	201625350	201630215	IR	401	.	201627387	0.401	0.972	46	4846	201625350	201625783	201629784	201630215	396779011	201400000	201650000	0	3796	431	4001	spaced
SUPER_2	138813090	138830057	IR	401	.	138821872	0.401	0.955	45	16947	138813090	138813605	138829543	138830057	396779011	138600000	138850000	0	3692	514	15938	spaced
SUPER_2	92193197	92218568	IR	401	.	92205923	0.401	0.407	44	25369	92193197	92205778	92206049	92218568	396779011	92000000	92250000	44	3431	12519	271	immediate
SUPER_2	290662905	290665970	IR	401	.	290664163	0.401	0.890	43	3078	290662905	290663200	290665675	290666003	396779011	290500000	290750000	0	2740	295	2475	spaced
SUPER_2	109979830	109982439	IR	401	.	109980647	0.401	0.994	28	2590	109979830	109980009	109982260	109982439	396779011	109850000	110100000	0	2185	179	2251	spaced
SUPER_2	121020398	121028561	IR	401	.	121024519	0.401	0.982	24	8150	121020398	121020566	121028393	121028561	396779011	120850000	121100000	24	2907	168	7827	spaced
SUPER_2	114309886	114313663	IR	400	.	114311777	0.400	0.964	214	4054	114309886	114311339	114312216	114313663	396779011	114100000	114350000	214	3529	1447	877	immediate
SUPER_2	141311525	141319433	IR	400	.	141315031	0.400	0.985	105	7886	141311525	141312174	141318790	141319433	396779011	141100000	141350000	0	3591	643	6616	spaced
SUPER_2	125833061	125835841	IR	400	.	125834451	0.400	0.948	92	2852	125833061	125833639	125835263	125835861	396779011	125650000	125900000	92	3074	578	1624	immediate
SUPER_2	78030967	78033678	IR	400	.	78032406	0.400	0.943	84	3264	78030967	78031720	78032925	78033678	396779011	77800000	78050000	84	3871	753	1205	immediate
SUPER_2	106568023	106570628	IR	400	.	106569813	0.400	0.844	61	2549	106568023	106569055	106569596	106570684	396779011	106350000	106600000	0	3655	1032	541	immediate
SUPER_2	123996705	124080601	IR	400	.	124038249	0.400	0.632	50	83777	123996705	123996927	124080379	124080708	396779011	123850000	124100000	0	3144	222	83452	spaced
SUPER_2	139736798	139744904	IR	400	.	139741022	0.400	0.929	49	8132	139736798	139737628	139744074	139744905	396779011	139500000	139750000	49	4014	830	6446	spaced
SUPER_2	107078179	107257539	IR	400	.	107167559	0.400	0.824	42	179332	107078179	107079044	107256697	107257539	396779011	107050000	107300000	0	1964	842	177653	wide
SUPER_2	218302988	218305236	IR	400	.	218304112	0.400	0.929	27	2270	218302988	218303240	218304984	218305237	396779011	218100000	218350000	27	3401	252	1744	immediate
SUPER_2	273314894	273542213	IR	400	.	273428469	0.400	0.958	21	227330	273314894	273315110	273541998	273542213	396779011	273300000	273550000	21	2142	215	226888	wide
SUPER_2	201168917	201173204	IR	399	.	201171514	0.399	0.974	173	4266	201168917	201170254	201171867	201173206	396779011	200950000	201200000	0	3684	1337	1613	immediate
SUPER_2	248693693	248704897	IR	399	.	248698891	0.399	0.984	158	11160	248693693	248694797	248703793	248704897	396779011	248500000	248750000	0	3321	1104	8996	spaced
SUPER_2	207711250	207892384	IR	399	.	207801335	0.399	0.986	118	181117	207711250	207712183	207891451	207892384	396779011	207650000	207900000	0	2530	933	179268	wide
SUPER_2	310707117	310719564	IR	399	.	310713284	0.399	0.965	44	12456	310707117	310707452	310719229	310719567	396779011	310500000	310750000	44	3555	335	11777	spaced
SUPER_2	313510729	313512733	IR	399	.	313511747	0.399	0.857	33	2010	313510729	313510959	313512535	313512733	396779011	313300000	313550000	33	3528	198	1576	immediate
SUPER_2	93366257	93368573	IR	399	.	93367031	0.399	0.975	27	2287	93366257	93366501	93368331	93368573	396779011	93150000	93400000	0	3623	242	1830	immediate
SUPER_2	344355385	344366847	IR	399	.	344361116	0.399	0.403	27	11489	344355385	344360249	344361983	344366865	396779011	344150000	344400000	27	3518	4864	1734	immediate
SUPER_2	229328953	229332401	IR	398	.	229330677	0.398	0.999	179	3663	229328953	229329752	229331602	229332401	396779011	229100000	229350000	179	3844	799	1850	immediate
SUPER_2	184351441	184354372	IR	398	.	184353080	0.398	0.943	162	3173	184351441	184352331	184353482	184354403	396779011	184150000	184400000	162	3381	890	1151	immediate
SUPER_2	30772324	30873246	IR	398	.	30823135	0.398	0.404	92	52003	30772324	30821845	30823725	30873295	396779011	30700000	30950000	0	2046	49521	1880	immediate
SUPER_2	344622880	344649078	IR	398	.	344635804	0.398	0.972	80	26413	344622880	344623414	344648548	344649078	396779011	344400000	344650000	80	3932	530	25134	spaced
SUPER_2	55961374	55964843	IR	398	.	55963587	0.398	0.893	78	3500	55961374	55962031	55964186	55964892	396779011	55800000	56050000	0	2718	657	2155	spaced
SUPER_2	36973787	36976031	IR	398	.	36974909	0.398	0.965	77	2320	36973787	36974285	36975533	36976042	396779011	36750000	37000000	78	3748	498	1248	immediate
SUPER_2	122170405	122311348	IR	398	.	122240957	0.398	0.923	49	141076	122170405	122171055	122310698	122311353	396779011	122150000	122400000	49	1514	650	139643	wide
SUPER_2	186498214	186507737	IR	398	.	186502514	0.398	0.523	46	7845	186498214	186500429	186505522	186507783	396779011	186350000	186600000	0	2549	2215	5093	spaced
SUPER_2	300648265	300665369	IR	398	.	300656817	0.398	0.429	40	17272	300648265	300656581	300657053	300665449	396779011	300550000	300800000	40	1780	8316	472	immediate
SUPER_2	197476079	197478071	IR	398	.	197477074	0.398	0.929	36	2018	197476079	197476239	197477911	197478079	396779011	197250000	197500000	36	3784	160	1672	immediate
SUPER_2	96425014	96577560	IR	398	.	96501287	0.398	0.390	32	152667	96425014	96501259	96501315	96577562	396779011	96350000	96600000	32	2521	76245	56	immediate
SUPER_2	35143365	35145349	IR	398	.	35144504	0.398	0.993	22	2011	35143365	35143503	35145211	35145349	396779011	34900000	35150000	22	4072	138	1708	immediate
SUPER_2	66836534	66844732	IR	398	.	66840240	0.398	0.957	20	8176	66836534	66836742	66844527	66844732	396779011	66650000	66900000	0	3177	205	7785	spaced
SUPER_2	81849757	81882295	IR	397	.	81865830	0.397	0.978	208	32751	81849757	81852326	81879726	81882300	396779011	81650000	81900000	208	3600	2569	27400	spaced
SUPER_2	316443394	316484017	IR	397	.	316464093	0.397	0.888	134	40628	316443394	316449341	316478070	316484045	396779011	316250000	316500000	0	3561	5947	28729	spaced
SUPER_2	153069614	153088491	IR	397	.	153079376	0.397	0.950	86	18800	153069614	153070557	153087548	153088498	396779011	152850000	153100000	0	3817	943	16991	spaced
SUPER_2	233640009	233648824	IR	397	.	233644361	0.397	0.491	37	8923	233640009	233643007	233645826	233648872	396779011	233400000	233650000	37	4073	2998	2819	spaced
SUPER_2	158568537	158570706	IR	397	.	158569563	0.397	0.903	27	2170	158568537	158568907	158570336	158570718	396779011	158400000	158650000	27	2826	370	1429	immediate
SUPER_2	13832362	13837733	IR	397	.	13834658	0.397	0.880	21	5377	13832362	13832605	13837490	13837756	396779011	13600000	13850000	0	3917	243	4885	spaced
SUPER_2	165139390	165174508	IR	396	.	165156989	0.396	0.996	188	53352	165139390	165140207	165173691	165174508	396779011	165000000	165250000	188	2615	817	33484	spaced
SUPER_2	69945905	69957008	IR	396	.	69951173	0.396	0.980	180	11087	69945905	69947169	69955744	69957016	396779011	69750000	70000000	0	3357	1264	8575	spaced
SUPER_2	119415285	119418331	IR	396	.	119416808	0.396	0.998	132	3187	119415285	119415890	119417726	119418331	396779011	119300000	119550000	132	1946	605	1836	immediate
SUPER_2	262394414	262397314	IR	396	.	262395876	0.396	0.942	93	3175	262394414	262395175	262396575	262397314	396779011	262200000	262450000	93	3264	739	1400	immediate
SUPER_2	174249043	174251233	IR	396	.	174250137	0.396	0.794	46	2295	174249043	174249393	174250883	174251257	396779011	174050000	174300000	46	3335	350	1490	immediate
SUPER_2	311919910	312147811	IR	396	.	312034005	0.396	0.942	39	228007	311919910	311920630	312147094	312147811	396779011	311900000	312150000	39	2230	717	226464	wide
SUPER_2	50825759	50941994	IR	396	.	50883814	0.396	0.853	22	116275	50825759	50826322	50941431	50942021	396779011	50750000	51000000	22	2231	563	115109	wide
SUPER_2	29611527	29629954	IR	395	.	29620272	0.395	0.985	798	18404	29611527	29617412	29624069	29629954	396779011	29400000	29650000	0	3678	5885	6657	spaced
SUPER_2	224706246	224716283	IR	395	.	224711752	0.395	0.983	311	10019	224706246	224708334	224714196	224716283	396779011	224500000	224750000	0	3520	2087	5862	spaced
SUPER_2	326124530	326131668	IR	395	.	326127652	0.395	0.968	197	7096	326124530	326126422	326129776	326131674	396779011	325900000	326150000	0	3801	1892	3354	spaced
SUPER_2	118226006	118229613	IR	395	.	118227843	0.395	0.992	168	4001	118226006	118226832	118228788	118229613	396779011	118050000	118300000	168	2963	825	1956	immediate
SUPER_2	78322915	78326155	IR	395	.	78324535	0.395	1.000	155	3484	78322915	78323603	78325467	78326155	396779011	78100000	78350000	155	3742	688	1864	immediate
SUPER_2	196127710	196164638	IR	395	.	196146332	0.395	0.441	67	37016	196127710	196136510	196155871	196164638	396779011	195950000	196200000	67	3269	8767	19361	spaced
SUPER_2	258305176	258307618	IR	395	.	258306395	0.395	0.950	54	2463	258305176	258305605	258307189	258307620	396779011	258100000	258350000	54	3439	429	1584	immediate
SUPER_2	172630229	172632637	IR	395	.	172631433	0.395	0.983	52	2457	172630229	172630571	172632295	172632639	396779011	172500000	172750000	52	2190	342	1724	immediate
SUPER_2	77559479	77607480	IR	395	.	77583013	0.395	0.767	32	47977	77559479	77560220	77606814	77607480	396779011	77500000	77750000	0	1391	666	46594	spaced
SUPER_2	387535944	387744107	IR	395	.	387640120	0.395	0.688	32	208127	387535944	387536008	387744063	387744107	396779011	387500000	387750000	393	2333	44	208055	wide
SUPER_2	8736358	8775844	IR	395	.	8756145	0.395	0.398	26	39587	8736358	8756151	8756139	8775844	396779011	8650000	8900000	62	1768	19705	-12	overlap
SUPER_2	70015856	70024552	IR	394	.	70020678	0.394	0.987	501	8665	70015856	70018896	70021535	70024552	396779011	69900000	70150000	0	2003	3017	2639	spaced
SUPER_2	131472794	131482538	IR	394	.	131477175	0.394	0.989	290	9725	131472794	131474766	131480566	131482538	396779011	131250000	131500000	0	3794	1972	5800	spaced
SUPER_2	208815059	208818223	IR	394	.	208816641	0.394	0.998	143	3305	208815059	208815711	208817571	208818223	396779011	208600000	208850000	143	3610	652	1860	immediate
SUPER_2	248302705	248309814	IR	394	.	248306499	0.394	0.982	124	7091	248302705	248303515	248309010	248309814	396779011	248100000	248350000	0	3437	804	5495	spaced
SUPER_2	114118627	114168687	IR	394	.	114144055	0.394	0.993	90	50039	114118627	114119203	114168111	114168687	396779011	113950000	114200000	0	3227	576	48908	spaced
SUPER_2	274988092	274990783	IR	394	.	274989435	0.394	0.955	76	2774	274988092	274988596	274990279	274990786	396779011	274750000	275000000	76	3990	504	1683	immediate
SUPER_2	383980533	383988704	IR	394	.	383984673	0.394	0.973	51	8192	383980533	383980861	383988376	383988704	396779011	383750000	384000000	51	3910	328	7515	spaced
SUPER_2	128981823	128985702	IR	394	.	128984012	0.394	0.941	46	3701	128981823	128982664	128984861	128985705	396779011	128750000	129000000	0	3895	841	2197	spaced
SUPER_2	85536903	85538706	IR	394	.	85537805	0.394	0.864	44	2015	85536903	85537514	85538095	85538750	396779011	85400000	85650000	44	2296	611	581	immediate
SUPER_2	128176841	128284213	IR	394	.	128230774	0.394	0.980	37	107345	128176841	128177137	128283917	128284213	396779011	128050000	128300000	0	3008	296	106780	wide
SUPER_2	314142715	314145101	IR	394	.	314143826	0.394	0.928	26	2389	314142715	314143032	314144787	314145101	396779011	313900000	314150000	26	4064	314	1755	immediate
SUPER_2	331124762	331127379	IR	394	.	331125603	0.394	0.584	26	2598	331124762	331125072	331127165	331127379	396779011	331000000	331250000	0	2101	214	2093	spaced
SUPER_2	310230253	310232921	IR	394	.	310231934	0.394	0.924	24	2645	310230253	310230606	310232569	310232921	396779011	310000000	310250000	0	3859	352	1963	immediate
SUPER_2	345074512	345196317	IR	394	.	345135726	0.394	0.879	21	121766	345074512	345074793	345196062	345196317	396779011	344950000	345200000	0	3090	255	121269	wide
SUPER_2	188575495	188579358	IR	393	.	188577427	0.393	0.997	215	4246	188575495	188576452	188578402	188579358	396779011	188350000	188600000	215	3790	956	1950	immediate
SUPER_2	233749305	233752115	IR	393	.	233750710	0.393	0.997	162	2952	233749305	233750089	233751332	233752115	396779011	233550000	233800000	162	3345	783	1243	immediate
SUPER_2	131698288	131701321	IR	393	.	131699666	0.393	0.991	153	3208	131698288	131699050	131700564	131701321	396779011	131500000	131750000	154	3329	757	1514	immediate
SUPER_2	55648249	55652521	IR	393	.	55649964	0.393	0.995	58	4247	55648249	55648626	55652145	55652521	396779011	55550000	55800000	0	1672	376	3519	spaced
SUPER_2	98677415	98717000	IR	393	.	98697152	0.393	0.738	49	6648	98677415	98683278	98711137	98717071	396779011	98550000	98800000	49	2453	5863	27859	spaced
SUPER_2	312395739	312397869	IR	393	.	312396804	0.393	0.953	47	2186	312395739	312396094	312397514	312397878	396779011	312150000	312400000	47	4113	355	1420	immediate
SUPER_2	94118155	94330797	IR	393	.	94224487	0.393	0.713	42	212900	94118155	94118731	94330221	94330854	396779011	94100000	94350000	42	2074	576	211490	wide
SUPER_2	161008252	161011939	IR	393	.	161010396	0.393	0.827	40	3668	161008252	161008931	161011289	161011939	396779011	160800000	161050000	0	3501	650	2358	spaced
SUPER_2	117482225	117485005	IR	393	.	117483615	0.393	0.468	29	2874	117482225	117483364	117483866	117485085	396779011	117450000	117700000	29	560	1139	502	immediate
SUPER_2	66929455	66948646	IR	393	.	66939521	0.393	0.976	25	19173	66929455	66929667	66948434	66948646	396779011	66700000	66950000	0	3984	212	18767	spaced
SUPER_2	2676743	2678905	IR	393	.	2677824	0.393	0.983	20	2166	2676743	2676858	2678790	2678905	396779011	2450000	2700000	20	3796	115	1932	immediate
SUPER_2	232648013	232651220	IR	392	.	232649509	0.392	0.987	159	3326	232648013	232648865	232650368	232651220	396779011	232450000	232700000	159	3326	852	1503	immediate
SUPER_2	147549577	147552601	IR	392	.	147551089	0.392	0.988	79	3133	147549577	147550072	147552106	147552601	396779011	147500000	147750000	79	851	495	2034	spaced
SUPER_2	117803843	117806164	IR	392	.	117805005	0.392	0.896	33	2359	117803843	117804141	117805866	117806174	396779011	117600000	117850000	33	3416	298	1725	immediate
SUPER_2	166199219	166261333	IR	392	.	166230406	0.392	0.953	31	62248	166199219	166199538	166261015	166261333	396779011	166150000	166400000	31	1337	318	61477	spaced
SUPER_2	120648017	120648376	IR	392	.	120648194	0.392	0.890	26	18384	120648017	120648153	120648240	120648381	396779011	120600000	120850000	26	803	136	87	immediate
SUPER_2	175375288	175380122	IR	391	.	175377411	0.391	0.961	127	4815	175375288	175376289	175379123	175380122	396779011	175200000	175450000	0	2961	999	2834	spaced
SUPER_2	180142800	180144957	IR	391	.	180143879	0.391	0.940	111	2274	180142800	180143501	180144256	180144990	396779011	179900000	180150000	111	4064	701	755	immediate
SUPER_2	55494889	55497418	IR	391	.	55496154	0.391	0.938	105	2726	55494889	55495974	55496335	55497418	396779011	55250000	55500000	105	4102	1083	361	immediate
SUPER_2	219515722	219519663	IR	391	.	219517343	0.391	0.998	80	3923	219515722	219516198	219519188	219519663	396779011	219300000	219550000	0	3628	475	2990	spaced
SUPER_2	62196310	62198798	IR	391	.	62197580	0.391	0.648	62	2606	62196310	62197348	62197760	62198872	396779011	62050000	62300000	62	2459	1038	412	immediate
SUPER_2	163835606	163860962	IR	391	.	163848583	0.391	0.995	62	25332	163835606	163835974	163860594	163860962	396779011	163650000	163900000	0	3304	368	24620	spaced
SUPER_2	51192894	51195301	IR	391	.	51194096	0.391	0.899	55	2432	51192894	51193630	51194569	51195301	396779011	50950000	51200000	55	4068	732	939	immediate
SUPER_2	228070957	228222958	IR	391	.	228146891	0.391	0.938	40	152016	228070957	228071358	228222558	228222958	396779011	228000000	228250000	40	2449	400	151200	wide
SUPER_2	279078604	279080780	IR	391	.	279079992	0.391	0.622	37	2159	279078604	279079389	279079995	279080786	396779011	278900000	279150000	0	2994	785	606	immediate
SUPER_2	277080609	277083135	IR	391	.	277082050	0.391	0.903	23	2537	277080609	277080788	277082956	277083152	396779011	276950000	277200000	23	2197	179	2168	spaced
SUPER_2	307554345	307678515	IR	391	.	307616414	0.391	0.994	23	124171	307554345	307554508	307678352	307678515	396779011	307450000	307700000	23	2773	163	123844	wide
SUPER_2	89675416	89833908	IR	390	.	89754867	0.390	0.992	194	158670	89675416	89676451	89832873	89833908	396779011	89600000	89850000	194	2577	1035	156422	wide
SUPER_2	56158107	56160954	IR	390	.	56159614	0.390	0.980	115	3006	56158107	56158837	56160224	56160956	396779011	56150000	56400000	115	158	730	1387	immediate
SUPER_2	218426926	218432429	IR	390	.	218429323	0.390	0.991	96	5481	218426926	218427680	218431675	218432429	396779011	218200000	218450000	0	3827	754	3995	spaced
SUPER_2	330622360	330629435	IR	390	.	330625582	0.390	0.619	96	7075	330622360	330624766	330627029	330629458	396779011	330450000	330700000	0	2931	2406	2263	spaced
SUPER_2	77347005	77350069	IR	390	.	77348221	0.390	0.897	73	3046	77347005	77347811	77349288	77350069	396779011	77200000	77450000	0	2475	781	1477	immediate
SUPER_2	112128518	112220001	IR	390	.	112174587	0.390	0.935	68	91462	112128518	112129456	112219083	112220001	396779011	112000000	112250000	0	2904	918	89627	spaced
SUPER_2	265401239	265439050	IR	390	.	265419985	0.390	0.907	66	38174	265401239	265401872	265438417	265439050	396779011	265200000	265450000	66	3668	633	36545	spaced
SUPER_2	223466965	223469108	IR	390	.	223468036	0.390	0.955	46	2291	223466965	223467318	223468760	223469108	396779011	223400000	223650000	46	1133	348	1442	immediate
SUPER_2	333245690	333383110	IR	390	.	333314478	0.390	0.924	46	137522	333245690	333246320	333382481	333383110	396779011	333150000	333400000	46	2739	629	136161	wide
SUPER_2	352850298	352866575	IR	390	.	352858928	0.390	0.926	42	16261	352850298	352851183	352865690	352866580	396779011	352650000	352900000	0	3473	885	14507	spaced
SUPER_2	231915912	231925311	IR	389	.	231920451	0.389	0.980	295	9816	231915912	231917636	231923587	231925319	396779011	231700000	231950000	295	3676	1724	5951	spaced
SUPER_2	205631777	205680261	IR	389	.	205656019	0.389	0.412	72	48629	205631777	205655957	205656081	205680347	396779011	205500000	205750000	72	2600	24180	124	immediate
SUPER_2	193830515	193832566	IR	389	.	193831541	0.389	0.897	58	2143	193830515	193830986	193832095	193832597	396779011	193800000	194050000	58	525	471	1109	immediate
SUPER_2	321744989	321789218	IR	389	.	321767387	0.389	0.934	57	44206	321744989	321745886	321788322	321789218	396779011	321700000	321950000	0	1118	896	42436	spaced
SUPER_2	134030620	134033017	IR	389	.	134031834	0.389	0.788	40	2413	134030620	134031152	134032485	134033022	396779011	133950000	134200000	40	1363	532	1333	immediate
SUPER_2	231479567	231482213	IR	389	.	231480939	0.389	0.808	34	2658	231479567	231480206	231481672	231482213	396779011	231250000	231500000	34	3848	541	1466	immediate
SUPER_2	243430335	243439832	IR	389	.	243434729	0.389	0.746	31	9456	243430335	243430997	243439172	243439832	396779011	243200000	243450000	0	3917	660	8175	spaced
SUPER_2	279471442	279473494	IR	389	.	279472468	0.389	0.968	31	2071	279471442	279471687	279473249	279473496	396779011	279400000	279650000	31	1207	245	1562	immediate
SUPER_2	262216688	262387728	IR	389	.	262302107	0.389	0.395	27	171187	262216688	262301840	262302623	262387728	396779011	262200000	262450000	27	1703	85105	783	immediate
SUPER_2	280327575	280329601	IR	389	.	280328588	0.389	0.932	25	2013	280327575	280327936	280329240	280329603	396779011	280150000	280400000	25	2976	361	1304	immediate
SUPER_2	81349961	81351987	IR	389	.	81350974	0.389	0.977	21	2018	81349961	81350091	81351857	81351987	396779011	81150000	81400000	21	3349	130	1766	immediate
SUPER_2	179140657	179198668	IR	389	.	179169411	0.389	0.409	21	29594	179140657	179169427	179169898	179198749	396779011	179050000	179300000	0	1994	28770	471	immediate
SUPER_2	5182844	5186137	IR	388	.	5184545	0.388	0.918	146	3730	5182844	5183948	5185074	5186137	396779011	4950000	5200000	163	3908	1063	1126	immediate
SUPER_2	235031155	235033268	IR	388	.	235032212	0.388	0.995	128	58537	235031155	235031806	235032617	235033268	396779011	234950000	235200000	128	1370	651	811	immediate
SUPER_2	248631496	248637616	IR	388	.	248634601	0.388	0.926	86	6160	248631496	248632032	248637110	248637616	396779011	248400000	248650000	86	3909	506	5078	spaced
SUPER_2	42967277	42974146	IR	388	.	42971020	0.388	0.766	48	6494	42967277	42969200	42972250	42974146	396779011	42850000	43100000	0	2011	1896	3050	spaced
SUPER_2	117385508	117391632	IR	388	.	117389007	0.388	0.622	43	6033	117385508	117387321	117389819	117391654	396779011	117350000	117600000	0	642	1813	2498	spaced
SUPER_2	392411857	392413867	IR	388	.	392412863	0.388	0.959	25	2073	392411857	392412127	392413599	392413867	396779011	392200000	392450000	25	3547	268	1472	immediate
SUPER_2	45715159	45717268	IR	388	.	45716214	0.388	0.923	23	2101	45715159	45715644	45716783	45717269	396779011	45550000	45800000	23	2770	485	1139	immediate
SUPER_2	54861350	54933251	IR	388	.	54897221	0.388	0.731	21	71855	54861350	54861388	54933213	54933265	396779011	54700000	54950000	132	3288	38	71825	spaced
SUPER_2	212568354	212578627	IR	387	.	212573105	0.387	0.967	263	10258	212568354	212570264	212576717	212578630	396779011	212350000	212600000	0	3724	1910	6453	spaced
SUPER_2	293437518	293439589	IR	387	.	293438553	0.387	0.995	124	2188	293437518	293438154	293438953	293439589	396779011	293200000	293450000	124	3975	636	799	immediate
SUPER_2	69668812	69671887	IR	387	.	69670804	0.387	0.993	77	3046	69668812	69669273	69671426	69671887	396779011	69450000	69700000	0	3672	461	2153	spaced
SUPER_2	58372227	58416782	IR	387	.	58394850	0.387	0.838	39	44493	58372227	58372289	58416720	58416794	396779011	58200000	58450000	0	3241	62	44431	spaced
SUPER_2	288855463	288871864	IR	387	.	288864147	0.387	0.927	38	16380	288855463	288855894	288871433	288871866	396779011	288650000	288900000	0	3560	431	15539	spaced
SUPER_2	95913380	95917637	IR	387	.	95915615	0.387	1.000	34	3688	95913380	95913517	95917500	95917637	396779011	95750000	96000000	433	2758	137	3983	spaced
SUPER_2	103327861	103537615	IR	387	.	103432976	0.387	0.949	27	209728	103327861	103328114	103537370	103537615	396779011	103300000	103550000	0	2212	245	209256	wide
SUPER_2	169401881	169408523	IR	387	.	169404773	0.387	0.547	26	6560	169401881	169403090	169407362	169408523	396779011	169250000	169500000	0	2586	1161	4272	spaced
SUPER_2	222503894	222506109	IR	387	.	222504652	0.387	0.913	22	2192	222503894	222504337	222505666	222506109	396779011	222500000	222750000	0	83	443	1329	immediate
SUPER_2	356888465	356892493	IR	386	.	356890479	0.386	0.993	219	4252	356888465	356889490	356891468	356892494	396779011	356650000	356900000	219	4007	1025	1978	immediate
SUPER_2	98317891	98326604	IR	386	.	98322231	0.386	0.922	150	9516	98317891	98319361	98325134	98326643	396779011	98200000	98450000	150	2037	1470	5773	spaced
SUPER_2	190948458	190953534	IR	386	.	190950942	0.386	0.977	134	5213	190948458	190949237	190952755	190953534	396779011	190750000	191000000	134	3349	779	3518	spaced
SUPER_2	369507493	369520478	IR	386	.	369513803	0.386	0.958	122	14874	369507493	369508663	369519311	369520478	396779011	369300000	369550000	122	3566	1167	10648	spaced
SUPER_2	123412441	123576418	IR	386	.	123494020	0.386	0.851	78	163966	123412441	123413901	123574958	123576434	396779011	123400000	123650000	0	1573	1460	161057	wide
SUPER_2	150768619	150801389	IR	386	.	150785426	0.386	0.470	71	22360	150768619	150781109	150788929	150801389	396779011	150600000	150850000	0	3083	12460	7820	spaced
SUPER_2	349189328	349192404	IR	386	.	349190866	0.386	0.846	63	3145	349189328	349190730	349191002	349192412	396779011	348950000	349200000	63	4014	1402	272	immediate
SUPER_2	232258132	232339113	IR	386	.	232298323	0.386	0.527	38	80945	232258132	232258235	232339058	232339113	396779011	232100000	232350000	0	3310	55	80823	spaced
SUPER_2	156332092	156334435	IR	386	.	156333742	0.386	0.958	36	2325	156332092	156332497	156334030	156334435	396779011	156250000	156500000	0	1387	405	1533	immediate
SUPER_2	132093098	132097459	IR	386	.	132094859	0.386	0.932	27	4339	132093098	132093492	132097065	132097462	396779011	131850000	132100000	0	4087	394	3573	spaced
SUPER_2	278145885	278223887	IR	386	.	278185159	0.386	0.769	24	77978	278145885	278146302	278223503	278223887	396779011	278000000	278250000	0	3081	384	77201	spaced
SUPER_2	378728240	378948875	IR	386	.	378838594	0.386	0.916	21	220659	378728240	378728698	378948417	378948882	396779011	378700000	378950000	21	2309	458	219719	wide
SUPER_2	180430449	180438441	IR	385	.	180434733	0.385	0.951	130	7972	180430449	180431576	180437314	180438447	396779011	180200000	180450000	0	3907	1127	5738	spaced
SUPER_2	196025876	196029138	IR	385	.	196027507	0.385	0.951	97	3328	196025876	196026555	196028459	196029142	396779011	195950000	196200000	97	1291	679	1904	immediate
SUPER_2	61176129	61178872	IR	385	.	61177817	0.385	0.902	79	2716	61176129	61176910	61178119	61178872	396779011	60950000	61200000	0	3791	753	1209	immediate
SUPER_2	186713139	186715507	IR	385	.	186714376	0.385	0.993	79	2420	186713139	186713557	186715090	186715507	396779011	186500000	186750000	79	3571	417	1533	immediate
SUPER_2	13134132	13137941	IR	385	.	13136384	0.385	0.925	76	3792	13134132	13135139	13136934	13137945	396779011	12900000	13150000	0	3933	1007	1795	immediate
SUPER_2	137307423	137310480	IR	385	.	137308479	0.385	0.868	74	3086	137307423	137308109	137309794	137310535	396779011	137100000	137350000	0	3482	686	1685	immediate
SUPER_2	342008685	342012626	IR	385	.	342010927	0.385	0.955	58	3934	342008685	342009243	342012068	342012641	396779011	341800000	342050000	0	3510	558	2825	spaced
SUPER_2	31186316	31188725	IR	385	.	31187631	0.385	0.969	45	2593	31186316	31186702	31188343	31188725	396779011	30950000	31200000	45	3958	382	1641	immediate
SUPER_2	275851667	275877711	IR	385	.	275864817	0.385	0.893	42	26292	275851667	275852387	275876993	275877711	396779011	275650000	275900000	42	3578	718	24606	spaced
SUPER_2	389117946	389232371	IR	385	.	389174767	0.385	0.892	39	114359	389117946	389118638	389231688	389232371	396779011	389000000	389250000	0	2919	683	113050	wide
SUPER_2	300692341	300695609	IR	385	.	300693975	0.385	0.883	37	3510	300692341	300693016	300694934	300695625	396779011	300450000	300700000	37	4066	675	1918	immediate
SUPER_2	291296495	291300886	IR	385	.	291299056	0.385	0.968	28	4372	291296495	291296833	291300548	291300889	396779011	291100000	291350000	0	3311	338	3715	spaced
SUPER_2	380076533	380078519	IR	385	.	380077545	0.385	0.724	24	2001	380076533	380077300	380077755	380078519	396779011	380050000	380300000	24	458	764	455	immediate
SUPER_2	341338439	341340842	IR	385	.	341339809	0.385	1.000	23	2390	341338439	341338554	341340727	341340842	396779011	341100000	341350000	23	3993	115	2173	spaced
SUPER_2	374515377	374654283	IR	385	.	374584341	0.385	0.778	23	138870	374515377	374515440	374654234	374654283	396779011	374450000	374700000	0	2247	49	138794	wide
SUPER_2	54256011	54450424	IR	385	.	54353215	0.385	0.000	20	194136	54256011	54256126	54450400	54450424	396779011	54250000	54500000	36	1720	24	194274	wide
SUPER_2	215660905	215663619	IR	384	.	215662267	0.384	0.977	210	2875	215660905	215662041	215662490	215663619	396779011	215450000	215700000	211	3537	1129	449	immediate
SUPER_2	162812766	162816397	IR	384	.	162814522	0.384	0.988	165	3837	162812766	162813626	162815537	162816400	396779011	162600000	162850000	165	3576	860	1911	immediate
SUPER_2	261631199	261634362	IR	384	.	261632818	0.384	0.895	129	3360	261631199	261632019	261633618	261634362	396779011	261450000	261700000	129	3046	744	1599	immediate
SUPER_2	264019750	264021952	IR	384	.	264020852	0.384	0.980	123	2480	264019750	264020362	264021343	264021952	396779011	263800000	264050000	123	3680	609	981	immediate
SUPER_2	172148312	172152596	IR	384	.	172150626	0.384	0.831	94	4465	172148312	172149007	172151901	172152704	396779011	172050000	172300000	94	1674	695	2894	spaced
SUPER_2	211485938	211488164	IR	384	.	211487024	0.384	0.959	68	2336	211485938	211486543	211487559	211488169	396779011	211450000	211700000	68	617	605	1016	immediate
SUPER_2	90857486	90861088	IR	384	.	90858796	0.384	0.953	63	3576	90857486	90858320	90860261	90861088	396779011	90700000	90950000	0	2654	827	1941	immediate
SUPER_2	131335686	131338405	IR	384	.	131337094	0.384	0.878	42	2727	131335686	131335948	131338173	131338405	396779011	131100000	131350000	42	3950	232	2225	spaced
SUPER_2	335170580	335307243	IR	383	.	335238603	0.383	0.942	378	135842	335170580	335185355	335292468	335307286	396779011	335100000	335350000	0	2315	14775	107113	wide
SUPER_2	342385278	342457739	IR	383	.	342421416	0.383	0.515	239	74368	342385278	342420909	342422108	342457748	396779011	342250000	342500000	258	2858	35631	1199	immediate
SUPER_2	293583329	293592027	IR	383	.	293587775	0.383	0.989	175	8853	293583329	293584367	293590991	293592027	396779011	293350000	293600000	175	3961	1036	6624	spaced
SUPER_2	204877683	204880472	IR	383	.	204878842	0.383	0.996	138	3013	204877683	204878359	204879796	204880472	396779011	204800000	205050000	138	1317	676	1437	immediate
SUPER_2	292442881	292499718	IR	383	.	292471021	0.383	0.907	134	56718	292442881	292459277	292483322	292499741	396779011	292250000	292500000	0	3688	16396	24045	spaced
SUPER_2	111775892	111971277	IR	383	.	111873327	0.383	0.935	124	195392	111775892	111777479	111969690	111971307	396779011	111750000	112000000	0	2059	1587	192211	wide
SUPER_2	242924952	242928246	IR	383	.	242926654	0.383	0.950	124	3470	242924952	242925730	242927469	242928246	396779011	242700000	242950000	124	3776	777	1739	immediate
SUPER_2	259125344	259132595	IR	383	.	259129416	0.383	0.818	37	6769	259125344	259127462	259130477	259132672	396779011	259000000	259250000	0	2149	2118	3015	spaced
SUPER_2	325794236	325918143	IR	383	.	325856564	0.383	0.810	29	123888	325794236	325795078	325917386	325918143	396779011	325700000	325950000	0	2603	757	122308	wide
SUPER_2	258282515	258285740	IR	383	.	258283740	0.383	0.956	25	3207	258282515	258282743	258285512	258285741	396779011	258050000	258300000	0	3901	228	2769	spaced
SUPER_2	355654620	355817501	IR	383	.	355736549	0.383	0.857	25	162792	355654620	355655141	355816982	355817501	396779011	355600000	355850000	0	2267	519	161841	wide
SUPER_2	26706522	26708592	IR	383	.	26707556	0.383	0.878	24	2077	26706522	26706847	26708290	26708592	396779011	26500000	26750000	24	3459	302	1443	immediate
SUPER_2	164294060	164298567	IR	382	.	164296313	0.382	0.999	458	20355	164294060	164296042	164296585	164298567	396779011	164100000	164350000	458	3271	1982	543	immediate
SUPER_2	47192870	47204978	IR	382	.	47198477	0.382	0.975	159	12089	47192870	47194085	47203763	47204979	396779011	47000000	47250000	0	3315	1215	9678	spaced
SUPER_2	178288882	178326714	IR	382	.	178307325	0.382	0.951	81	37815	178288882	178289877	178325735	178326714	396779011	178100000	178350000	0	3463	979	35858	spaced
SUPER_2	258788205	258790337	IR	382	.	258789271	0.382	0.991	34	2138	258788205	258788419	258790123	258790337	396779011	258650000	258900000	34	2321	214	1704	immediate
SUPER_2	156435668	156438030	IR	382	.	156437218	0.382	0.622	20	2389	156435668	156436317	156437381	156438076	396779011	156200000	156450000	0	3947	649	1064	immediate
SUPER_2	323671900	323768807	IR	381	.	323719950	0.381	0.890	170	96887	323671900	323673935	323766829	323768807	396779011	323550000	323800000	0	2839	1978	92894	spaced
SUPER_2	212469806	212473234	IR	381	.	212471521	0.381	0.973	139	16559	212469806	212470737	212472304	212473234	396779011	212300000	212550000	139	2858	930	1567	immediate
SUPER_2	86794087	86827234	IR	381	.	86810661	0.381	0.439	103	33893	86794087	86810525	86810796	86827244	396779011	86700000	86950000	103	1844	16438	271	immediate
SUPER_2	140275938	140277716	IR	381	.	140276839	0.381	0.632	70	2020	140275938	140275993	140277661	140277748	396779011	140050000	140300000	1393	3780	55	1668	immediate
SUPER_2	176355994	176358585	IR	381	.	176357191	0.381	0.982	69	2654	176355994	176356483	176358096	176358585	396779011	176150000	176400000	69	3454	489	1613	immediate
SUPER_2	20055701	20092022	IR	381	.	20073733	0.381	0.919	65	36421	20055701	20056505	20091218	20092027	396779011	19850000	20100000	65	3730	804	34713	spaced
SUPER_2	327578646	327603520	IR	381	.	327590732	0.381	0.943	60	24855	327578646	327579545	327602621	327603522	396779011	327400000	327650000	0	3184	899	23076	spaced
SUPER_2	302890163	302892261	IR	381	.	302891212	0.381	0.913	35	2153	302890163	302890445	302891979	302892279	396779011	302750000	303000000	35	2353	282	1534	immediate
SUPER_2	274616426	274618665	IR	381	.	274617406	0.381	0.871	21	2262	274616426	274616780	274618311	274618690	396779011	274400000	274650000	21	3625	354	1531	immediate
SUPER_2	39838258	39848730	IR	380	.	39843746	0.380	0.965	522	10443	39838258	39841994	39845030	39848730	396779011	39700000	39950000	0	2391	3700	3036	spaced
SUPER_2	71452489	71455212	IR	380	.	71453850	0.380	0.939	105	2830	71452489	71453390	71454311	71455218	396779011	71450000	71700000	105	64	901	921	immediate
SUPER_2	251382690	251386753	IR	380	.	251384790	0.380	0.969	60	4110	251382690	251382976	251386470	251386753	396779011	251250000	251500000	60	2245	283	3494	spaced
SUPER_2	331204228	331306315	IR	380	.	331255559	0.380	0.450	59	102029	331204228	331204350	331306255	331306315	396779011	331150000	331400000	0	1754	60	101905	wide
SUPER_2	17671743	17679194	IR	380	.	17675346	0.380	0.929	55	7713	17671743	17672323	17678614	17679195	396779011	17500000	17750000	55	2924	580	6291	spaced
SUPER_2	303662958	303682506	IR	380	.	303673180	0.380	0.940	46	19526	303662958	303663677	303681788	303682506	396779011	303500000	303750000	0	2878	718	18111	spaced
SUPER_2	185066297	185079839	IR	380	.	185072694	0.380	0.956	30	13526	185066297	185066496	185079640	185079845	396779011	184900000	185150000	0	2884	199	13144	spaced
SUPER_2	256932004	257079862	IR	380	.	257005933	0.380	0.399	30	148039	256932004	257005888	257005978	257079906	396779011	256900000	257150000	30	1765	73884	90	immediate
SUPER_2	238334002	238335970	IR	379	.	238334986	0.379	0.977	54	22951	238334002	238334354	238335619	238335970	396779011	238150000	238400000	54	3082	351	1265	immediate
SUPER_2	266382964	266393122	IR	379	.	266387628	0.379	0.880	51	10135	266382964	266383983	266392131	266393122	396779011	266150000	266400000	0	3967	991	8148	spaced
SUPER_2	65682561	65685653	IR	379	.	65684499	0.379	0.991	39	3073	65682561	65682782	65685432	65685654	396779011	65500000	65750000	0	3068	221	2650	spaced
SUPER_2	51253813	51255294	IR	379	.	51254556	0.379	0.929	35	2135	51253813	51254428	51254679	51255299	396779011	51050000	51300000	35	3409	615	251	immediate
SUPER_2	256601986	256604056	IR	379	.	256603030	0.379	0.890	24	2062	256601986	256602167	256603893	256604056	396779011	256450000	256700000	24	2550	163	1726	immediate
SUPER_2	345666451	345670619	IR	378	.	345669013	0.378	0.991	290	4150	345666451	345668243	345668828	345670619	396779011	345450000	345700000	0	3642	1791	585	immediate
SUPER_2	71394576	71407258	IR	378	.	71400728	0.378	0.976	287	13009	71394576	71396496	71405349	71407258	396779011	71300000	71550000	287	1681	1909	8853	spaced
SUPER_2	160615919	160708628	IR	378	.	160662097	0.378	0.970	227	93116	160615919	160617447	160707100	160708642	396779011	160500000	160750000	227	2704	1528	89653	spaced
SUPER_2	206822995	206826195	IR	378	.	206824594	0.378	0.964	154	3486	206822995	206823909	206825295	206826195	396779011	206600000	206850000	163	3743	900	1386	immediate
SUPER_2	136196729	136203592	IR	378	.	136199868	0.378	0.977	129	6844	136196729	136197978	136202344	136203592	396779011	136050000	136300000	0	2502	1248	4366	spaced
SUPER_2	156260091	156262585	IR	378	.	156261189	0.378	0.977	69	2526	156260091	156260529	156262147	156262585	396779011	156050000	156300000	71	3522	438	1618	immediate
SUPER_2	245103685	245106829	IR	378	.	245105257	0.378	0.907	58	79305	245103685	245104688	245105826	245106838	396779011	244900000	245150000	58	3420	1003	1138	immediate
SUPER_2	175808776	175814467	IR	378	.	175812025	0.378	0.950	56	5664	175808776	175809409	175813834	175814469	396779011	175650000	175900000	0	2693	633	4425	spaced
SUPER_2	146116102	146125051	IR	378	.	146120940	0.378	0.926	36	8860	146116102	146116468	146124685	146125062	396779011	146000000	146250000	0	2009	366	8217	spaced
SUPER_2	127563347	127563730	IR	378	.	127563539	0.378	0.986	27	81151	127563347	127563490	127563587	127563731	396779011	127450000	127700000	27	1892	143	97	immediate
SUPER_2	328387812	328389811	IR	378	.	328389171	0.378	0.716	24	2083	328387812	328388186	328389437	328389919	396779011	328150000	328400000	0	3980	374	1251	immediate
SUPER_2	333189629	333191656	IR	378	.	333190639	0.378	0.845	22	2051	333189629	333189952	333191333	333191679	396779011	333100000	333350000	22	1510	323	1381	immediate
SUPER_2	36167247	36176711	IR	377	.	36171515	0.377	0.948	250	9439	36167247	36170506	36173452	36176711	396779011	35950000	36200000	0	3699	3259	2946	spaced
SUPER_2	172514508	172517619	IR	377	.	172516065	0.377	0.972	137	3351	172514508	172515278	172516852	172517619	396779011	172500000	172750000	137	267	767	1574	immediate
SUPER_2	179410800	179413239	IR	377	.	179411843	0.377	0.990	131	2624	179410800	179411472	179412567	179413242	396779011	179200000	179450000	131	3533	672	1095	immediate
SUPER_2	22163681	22173127	IR	377	.	22168723	0.377	0.786	112	9424	22163681	22165187	22171652	22173127	396779011	22000000	22250000	0	2806	1475	6465	spaced
SUPER_2	113680654	113737440	IR	377	.	113709229	0.377	0.873	46	56891	113680654	113681405	113736716	113737440	396779011	113500000	113750000	46	3483	724	55311	spaced
SUPER_2	40757726	40930977	IR	377	.	40844786	0.377	0.759	38	173192	40757726	40757789	40930914	40930997	396779011	40750000	41000000	0	1572	63	173125	wide
SUPER_2	110698338	110702010	IR	377	.	110700506	0.377	0.962	25	3612	110698338	110698572	110701776	110702010	396779011	110600000	110850000	0	1669	234	3204	spaced
SUPER_2	296381383	296388521	IR	377	.	296384964	0.377	0.925	20	7197	296381383	296381834	296388076	296388521	396779011	296200000	296450000	20	3082	445	6242	spaced
SUPER_2	50428619	50527428	IR	376	.	50477739	0.376	0.986	187	98768	50428619	50429951	50526096	50527429	396779011	50300000	50550000	0	2966	1332	96145	spaced
SUPER_2	286483311	286486998	IR	376	.	286485041	0.376	0.998	170	3946	286483311	286484129	286486180	286486998	396779011	286250000	286500000	170	3919	818	2051	spaced
SUPER_2	239147196	239151202	IR	376	.	239149141	0.376	0.863	108	4158	239147196	239148391	239150096	239151202	396779011	239050000	239300000	119	1653	1106	1705	immediate
SUPER_2	144107171	144111247	IR	376	.	144108957	0.376	0.978	78	4046	144107171	144107889	144110529	144111248	396779011	143900000	144150000	0	3486	718	2640	spaced
SUPER_2	195630658	195736748	IR	376	.	195683931	0.376	0.950	78	106232	195630658	195631714	195735692	195736752	396779011	195500000	195750000	78	3061	1056	103978	wide
SUPER_2	277725756	277892175	IR	376	.	277809001	0.376	0.401	77	166799	277725756	277808912	277809091	277892175	396779011	277650000	277900000	77	2649	83084	179	immediate
SUPER_2	278839185	278842118	IR	376	.	278841035	0.376	0.921	70	2911	278839185	278839834	278841512	278842118	396779011	278650000	278900000	0	3177	606	1678	immediate
SUPER_2	126834346	126839297	IR	376	.	126836323	0.376	0.987	59	4933	126834346	126834724	126838923	126839297	396779011	126750000	127000000	0	1446	374	4199	spaced
SUPER_2	73874824	73896295	IR	376	.	73885685	0.376	0.922	47	21592	73874824	73875617	73895509	73896295	396779011	73650000	73900000	47	3925	786	19892	spaced
SUPER_2	6916073	6935892	IR	376	.	6926170	0.376	0.935	45	19976	6916073	6916632	6935333	6935902	396779011	6700000	6950000	45	3766	559	18701	spaced
SUPER_2	339258070	339260647	IR	376	.	339259745	0.376	0.892	44	2453	339258070	339258951	339259770	339260647	396779011	339100000	339350000	0	2655	877	819	immediate
SUPER_2	291506455	291512221	IR	376	.	291509144	0.376	0.977	34	5800	291506455	291506675	291512001	291512221	396779011	291300000	291550000	34	3488	220	5326	spaced
SUPER_2	128789547	128792061	IR	376	.	128790738	0.376	0.951	33	2568	128789547	128789848	128791760	128792065	396779011	128550000	128800000	33	4013	301	1912	immediate
SUPER_2	279098829	279101614	IR	376	.	279100243	0.376	0.787	27	2801	279098829	279099613	279100850	279101614	396779011	278950000	279200000	27	2503	764	1237	immediate
SUPER_2	314617499	314626742	IR	376	.	314621628	0.376	0.935	26	9229	314617499	314617925	314626316	314626746	396779011	314400000	314650000	0	3701	426	8391	spaced
SUPER_2	188269842	188272033	IR	376	.	188270945	0.376	0.857	20	2306	188269842	188270301	188271574	188272052	396779011	188150000	188400000	20	2015	459	1273	immediate
SUPER_2	159370543	159374460	IR	375	.	159372458	0.375	0.948	129	4008	159370543	159371722	159373291	159374460	396779011	159150000	159400000	129	3708	1169	1569	immediate
SUPER_2	101289112	101291225	IR	375	.	101290273	0.375	0.818	118	3053	101289112	101289189	101291162	101291225	396779011	101050000	101300000	1473	4002	63	1973	immediate
SUPER_2	212473481	212476044	IR	375	.	212474764	0.375	0.957	105	2709	212473481	212474219	212475306	212476054	396779011	212300000	212550000	105	2912	738	1087	immediate
SUPER_2	131402604	131413582	IR	375	.	131408360	0.375	0.957	94	10914	131402604	131403506	131412681	131413582	396779011	131200000	131450000	0	3468	901	9175	spaced
SUPER_2	223469482	223694604	IR	375	.	223581841	0.375	0.872	69	225161	223469482	223470016	223694109	223694604	396779011	223450000	223700000	76	2200	495	224093	wide
SUPER_2	12442443	12603916	IR	375	.	12522731	0.375	0.947	68	161446	12442443	12443064	12603295	12603929	396779011	12400000	12650000	0	2052	621	160231	wide
SUPER_2	55197952	55203866	IR	375	.	55200461	0.375	0.988	62	5896	55197952	55198380	55203438	55203866	396779011	55000000	55250000	0	3348	428	5058	spaced
SUPER_2	379104378	379187305	IR	375	.	379145510	0.375	0.933	50	82904	379104378	379105285	379186398	379187305	396779011	378950000	379200000	0	3263	907	81113	spaced
SUPER_2	278467377	278469253	IR	375	.	278468321	0.375	0.894	46	3644	278467377	278467703	278468927	278469282	396779011	278300000	278550000	46	2805	326	1224	immediate
SUPER_2	383887074	383889096	IR	375	.	383888085	0.375	0.689	26	2030	383887074	383887574	383888646	383889096	396779011	383700000	383950000	26	3134	450	1072	immediate
SUPER_2	35291005	35297234	IR	375	.	35294474	0.375	0.909	23	6209	35291005	35291422	35296817	35297234	396779011	35150000	35400000	0	2401	417	5395	spaced
SUPER_2	309549889	309553159	IR	374	.	309551476	0.374	0.979	151	3509	309549889	309550785	309552264	309553159	396779011	309350000	309600000	151	3358	895	1479	immediate
SUPER_2	151104844	151108061	IR	374	.	151106929	0.374	1.000	147	3181	151104844	151105799	151107106	151108061	396779011	150900000	151150000	0	3440	955	1307	immediate
SUPER_2	153367798	153373068	IR	374	.	153370507	0.374	0.995	127	5439	153367798	153368372	153372495	153373068	396779011	153150000	153400000	127	3673	573	4123	spaced
SUPER_2	113816231	113866232	IR	374	.	113841007	0.374	0.407	61	50200	113816231	113840355	113842108	113866252	396779011	113650000	113900000	61	3187	24124	1753	immediate
SUPER_2	96307203	96309806	IR	374	.	96308503	0.374	0.993	54	2634	96307203	96307500	96309509	96309806	396779011	96100000	96350000	54	3474	297	2009	spaced
SUPER_2	36377873	36390313	IR	374	.	36383680	0.374	0.853	46	12419	36377873	36378624	36389583	36390313	396779011	36250000	36500000	0	2234	730	10959	spaced
SUPER_2	94017691	94020982	IR	374	.	94018975	0.374	0.724	39	3267	94017691	94018572	94020101	94020982	396779011	93900000	94150000	0	1988	881	1529	immediate
SUPER_2	367032938	367236951	IR	374	.	367135046	0.374	0.988	39	204031	367032938	367033193	367236696	367236951	396779011	367000000	367250000	39	2248	255	203503	wide
SUPER_2	53438666	53440635	IR	374	.	53439673	0.374	0.714	32	2026	53438666	53439228	53440073	53440680	396779011	53200000	53450000	32	3994	562	845	immediate
SUPER_2	265728041	265730974	IR	374	.	265729123	0.374	0.902	31	2907	265728041	265728435	265730599	265730974	396779011	265550000	265800000	0	2991	375	2164	spaced
SUPER_2	4852572	4961191	IR	374	.	4906886	0.374	0.931	29	108662	4852572	4853004	4960759	4961194	396779011	4750000	5000000	29	2614	432	107755	wide
SUPER_2	82373592	82488169	IR	374	.	82430499	0.374	0.859	25	114466	82373592	82373999	82487762	82488194	396779011	82250000	82500000	0	3014	407	113763	wide
SUPER_2	244711398	244857184	IR	374	.	244784691	0.374	0.907	20	145763	244711398	244711737	244856850	244857184	396779011	244700000	244950000	0	1404	334	145113	wide
SUPER_2	202053322	202068040	IR	373	.	202061010	0.373	0.971	341	14660	202053322	202056181	202065181	202068041	396779011	201850000	202100000	0	3511	2859	9000	spaced
SUPER_2	379411733	379449858	IR	373	.	379430468	0.373	0.910	267	38135	379411733	379420314	379441277	379449897	396779011	379200000	379450000	0	3846	8581	20963	spaced
SUPER_2	200114680	200117100	IR	373	.	200115927	0.373	0.995	206	2666	200114680	200115619	200116161	200117101	396779011	199900000	200150000	206	3598	939	542	immediate
SUPER_2	238465310	238468734	IR	373	.	238467022	0.373	0.954	133	3615	238465310	238466089	238467955	238468763	396779011	238450000	238700000	133	283	779	1866	immediate
SUPER_2	93623149	93629082	IR	373	.	93625649	0.373	0.975	103	5915	93623149	93624077	93628154	93629082	396779011	93400000	93650000	0	3768	928	4077	spaced
SUPER_2	251054836	251057579	IR	373	.	251056198	0.373	0.969	87	2870	251054836	251055276	251057139	251057590	396779011	250850000	251100000	87	3436	440	1863	immediate
SUPER_2	282080182	282082310	IR	373	.	282081246	0.373	0.976	68	2188	282080182	282080552	282081940	282082316	396779011	281900000	282150000	68	3020	370	1388	immediate
SUPER_2	153044959	153047854	IR	373	.	153046406	0.373	0.939	66	3101	153044959	153045387	153047426	153047864	396779011	152950000	153200000	66	1606	428	2039	spaced
SUPER_2	168722690	168724573	IR	373	.	168723632	0.373	0.981	64	2017	168722690	168723059	168724204	168724573	396779011	168500000	168750000	64	3727	369	1145	immediate
SUPER_2	314177666	314181045	IR	373	.	314179381	0.373	0.550	60	3396	314177666	314179292	314179470	314181045	396779011	313950000	314200000	60	3822	1575	178	immediate
SUPER_2	328709846	328877329	IR	373	.	328793350	0.373	0.927	46	167565	328709846	328710159	328877034	328877329	396779011	328700000	328950000	43	1559	295	166875	wide
SUPER_2	219030285	219032507	IR	373	.	219031396	0.373	0.985	28	2224	219030285	219030420	219032372	219032507	396779011	218850000	219100000	28	3023	135	1952	immediate
SUPER_2	234085006	234108570	IR	372	.	234096826	0.372	0.975	255	23797	234085006	234087489	234106093	234108570	396779011	233950000	234200000	256	2446	2477	18604	spaced
SUPER_2	234559509	234561526	IR	372	.	234560351	0.372	0.993	129	2154	234559509	234560113	234560922	234561530	396779011	234350000	234600000	129	3508	604	809	immediate
SUPER_2	65910118	65915153	IR	372	.	65912159	0.372	0.999	122	5014	65910118	65910811	65914460	65915153	396779011	65700000	65950000	0	3543	693	3649	spaced
SUPER_2	110238158	110240953	IR	372	.	110239556	0.372	0.948	73	3240	110238158	110238912	110240201	110240953	396779011	110000000	110250000	73	3992	752	1289	immediate
SUPER_2	248886068	248886210	IR	372	.	248886093	0.372	0.518	68	6292	248886068	248886124	248886154	248886260	396779011	248650000	248900000	483	3935	56	30	immediate
SUPER_2	248886070	248886145	IR	372	.	248886093	0.372	0.330	62	6292	248886070	248886120	248886095	248886208	396779011	248750000	249000000	600	2268	50	-25	overlap
SUPER_2	327519230	327524145	IR	372	.	327521610	0.372	0.971	61	4957	327519230	327519638	327523737	327524148	396779011	327300000	327550000	61	3694	408	4099	spaced
SUPER_2	333109010	333110700	IR	372	.	333109855	0.372	0.943	53	59876	333109010	333109536	333110183	333110700	396779011	332900000	333150000	53	3497	517	647	immediate
SUPER_2	184622785	184717316	IR	372	.	184670456	0.372	0.952	48	94514	184622785	184623488	184716613	184717318	396779011	184500000	184750000	0	2834	703	93125	spaced
SUPER_2	279433514	279436039	IR	372	.	279434745	0.372	1.000	42	2542	279433514	279433730	279435823	279436039	396779011	279400000	279650000	42	579	216	2093	spaced
SUPER_2	314413418	314416428	IR	372	.	314415383	0.372	0.954	25	2991	314413418	314413587	314416259	314416434	396779011	314200000	314450000	0	3581	169	2672	spaced
SUPER_2	350436089	350448465	IR	372	.	350442389	0.372	0.961	21	12371	350436089	350436268	350448286	350448465	396779011	350200000	350450000	21	4037	179	12018	spaced
SUPER_2	61600186	61617623	IR	372	.	61609164	0.372	0.928	20	17363	61600186	61600500	61617309	61617628	396779011	61600000	61850000	0	148	314	16809	spaced
SUPER_2	264302353	264422263	IR	371	.	264362057	0.371	0.943	194	119870	264302353	264304759	264419871	264422263	396779011	264250000	264500000	0	1871	2392	115112	wide
SUPER_2	357577483	357591055	IR	371	.	357584222	0.371	0.971	193	14033	357577483	357578696	357589854	357591055	396779011	357350000	357600000	193	3904	1201	11158	spaced
SUPER_2	76573577	76577448	IR	371	.	76575967	0.371	0.949	177	3821	76573577	76575190	76575837	76577448	396779011	76400000	76650000	0	2925	1611	647	immediate
SUPER_2	245417028	245418643	IR	371	.	245417835	0.371	0.999	151	63026	245417028	245417714	245417957	245418643	396779011	245300000	245550000	151	1963	686	243	immediate
SUPER_2	45052390	45055743	IR	371	.	45054034	0.371	0.949	135	3624	45052390	45053341	45054792	45055775	396779011	45050000	45300000	158	67	951	1451	immediate
SUPER_2	203136616	203140166	IR	371	.	203138226	0.371	0.922	124	3751	203136616	203137222	203139607	203140166	396779011	203000000	203250000	124	2306	559	2385	spaced
SUPER_2	382300626	382399981	IR	371	.	382350628	0.371	0.956	107	97875	382300626	382302231	382398376	382399981	396779011	382150000	382400000	0	3338	1605	96145	spaced
SUPER_2	38258577	38260932	IR	371	.	38259766	0.371	0.906	71	2473	38258577	38259058	38260451	38260973	396779011	38100000	38350000	71	2662	481	1393	immediate
SUPER_2	366039139	366042484	IR	371	.	366040959	0.371	0.981	68	3519	366039139	366039571	366042052	366042484	396779011	365800000	366050000	68	4013	432	2481	spaced
SUPER_2	224465803	224534175	IR	371	.	224499961	0.371	0.934	52	68414	224465803	224466620	224533358	224534184	396779011	224300000	224550000	52	3333	817	66738	spaced
SUPER_2	154162226	154164431	IR	371	.	154163328	0.371	0.989	48	2253	154162226	154162505	154164152	154164431	396779011	153950000	154200000	48	3555	279	1647	immediate
SUPER_2	223341786	223347170	IR	371	.	223344525	0.371	0.931	48	5602	223341786	223342164	223346792	223347184	396779011	223100000	223350000	48	4074	378	4628	spaced
SUPER_2	95776361	95782857	IR	371	.	95779304	0.371	0.000	43	6464	95776361	95776395	95782823	95782967	396779011	95650000	95900000	0	2160	34	6428	spaced
SUPER_2	359496067	359498044	IR	371	.	359497062	0.371	0.734	42	2023	359496067	359497006	359497105	359498057	396779011	359300000	359550000	42	3284	939	99	immediate
SUPER_2	68203815	68364103	IR	371	.	68283510	0.371	0.905	33	160127	68203815	68204706	68363228	68364103	396779011	68150000	68400000	0	2232	875	158522	wide
SUPER_2	226826088	226829879	IR	371	.	226827752	0.371	0.749	27	3956	226826088	226826498	226829523	226829879	396779011	226650000	226900000	26	2966	356	3025	spaced
SUPER_2	47337111	47339541	IR	371	.	47338502	0.371	0.966	25	2436	47337111	47337403	47339249	47339541	396779011	47200000	47450000	25	2305	292	1846	immediate
SUPER_2	329375479	329386409	IR	371	.	329380712	0.371	0.920	20	10939	329375479	329375853	329386035	329386411	396779011	329250000	329500000	20	2182	374	10182	spaced
SUPER_2	308650013	308697421	IR	370	.	308674090	0.370	0.913	242	46227	308650013	308655901	308691533	308697444	396779011	308650000	308900000	0	395	5888	35632	spaced
SUPER_2	236964670	236968313	IR	370	.	236966382	0.370	0.954	166	3845	236964670	236965905	236967090	236968313	396779011	236850000	237100000	166	1941	1223	1185	immediate
SUPER_2	72802790	72804949	IR	370	.	72803868	0.370	0.976	106	2329	72802790	72803373	72804366	72804953	396779011	72650000	72900000	106	2564	583	993	immediate
SUPER_2	201777576	201780882	IR	370	.	201778945	0.370	0.931	101	3280	201777576	201778293	201780184	201780882	396779011	201550000	201800000	0	3820	698	1891	immediate
SUPER_2	243228964	243232063	IR	370	.	243230521	0.370	0.966	93	3458	243228964	243229695	243231336	243232063	396779011	243050000	243300000	93	3008	727	1641	immediate
SUPER_2	252797537	252801065	IR	370	.	252799301	0.370	0.899	74	3583	252797537	252798308	252800294	252801108	396779011	252600000	252850000	74	3321	771	1986	immediate
SUPER_2	349118577	349122696	IR	370	.	349120173	0.370	0.998	68	4097	349118577	349119002	349122272	349122696	396779011	348900000	349150000	0	3677	424	3270	spaced
SUPER_2	157098809	157101229	IR	370	.	157100019	0.370	0.997	63	2485	157098809	157099106	157100932	157101230	396779011	156900000	157150000	63	3333	297	1826	immediate
SUPER_2	62726967	62729531	IR	370	.	62728227	0.370	0.974	48	2605	62726967	62727312	62729186	62729532	396779011	62550000	62800000	48	2970	345	1874	immediate
SUPER_2	299314127	299327160	IR	370	.	299320495	0.370	0.930	39	13068	299314127	299314741	299326546	299327160	396779011	299100000	299350000	39	3677	614	11805	spaced
SUPER_2	177705573	177710170	IR	370	.	177708124	0.370	0.955	35	4571	177705573	177705906	177709837	177710171	396779011	177650000	177900000	0	964	333	3931	spaced
SUPER_2	183707130	183714501	IR	370	.	183710909	0.370	0.920	28	7343	183707130	183707180	183714455	183714501	396779011	183700000	183950000	308	180	46	7275	spaced
SUPER_2	39373156	39375452	IR	370	.	39374304	0.370	0.815	25	2314	39373156	39373754	39374854	39375457	396779011	39150000	39400000	25	3738	598	1100	immediate
SUPER_2	240557569	240559780	IR	370	.	240558674	0.370	0.923	23	2225	240557569	240557932	240559427	240559780	396779011	240350000	240600000	23	3477	353	1495	immediate
SUPER_2	63549522	63558446	IR	369	.	63554294	0.369	0.996	546	8905	63549522	63552722	63555248	63558446	396779011	63350000	63600000	0	3399	3198	2526	spaced
SUPER_2	127068001	127075654	IR	369	.	127071367	0.369	0.987	183	7633	127068001	127069263	127074395	127075654	396779011	126900000	127150000	0	2863	1259	5132	spaced
SUPER_2	246422118	246426976	IR	369	.	246424871	0.369	0.990	137	4829	246422118	246422977	246426117	246426976	396779011	246200000	246450000	0	3742	859	3140	spaced
SUPER_2	95244571	95248049	IR	369	.	95246261	0.369	0.862	112	3621	95244571	95245673	95247051	95248049	396779011	95150000	95400000	121	1605	998	1378	immediate
SUPER_2	181325200	181328794	IR	369	.	181326968	0.369	0.977	99	3828	181325200	181325836	181328158	181328799	396779011	181150000	181400000	99	2949	636	2322	spaced
SUPER_2	53082035	53146878	IR	369	.	53114621	0.369	0.434	85	64965	53082035	53105229	53123780	53146878	396779011	52900000	53150000	85	3574	23098	18551	spaced
SUPER_2	16492847	16494740	IR	369	.	16493798	0.369	0.950	59	2004	16492847	16493366	16494230	16494740	396779011	16250000	16500000	59	4063	510	864	immediate
SUPER_2	129727162	129890692	IR	369	.	129808453	0.369	0.942	59	163500	129727162	129728061	129889793	129890693	396779011	129650000	129900000	0	2648	899	161732	wide
SUPER_2	191934701	191936177	IR	369	.	191935407	0.369	0.230	36	2149	191934701	191935012	191935866	191936437	396779011	191750000	192000000	36	3089	311	854	immediate
SUPER_2	214446264	214448454	IR	369	.	214447359	0.369	0.950	31	2306	214446264	214446627	214448092	214448454	396779011	214250000	214500000	31	3289	362	1465	immediate
SUPER_2	47511454	47548796	IR	369	.	47529799	0.369	0.972	30	37320	47511454	47511703	47548547	47548796	396779011	47300000	47550000	0	3835	249	36844	spaced
SUPER_2	56983468	57054574	IR	369	.	57018732	0.369	0.949	26	71085	56983468	56983900	57054142	57054574	396779011	56850000	57100000	0	2816	432	70242	spaced
SUPER_2	302737895	302740442	IR	369	.	302739623	0.369	0.885	26	2519	302737895	302738600	302739739	302740442	396779011	302650000	302900000	0	1486	703	1139	immediate
SUPER_2	389903072	389978430	IR	369	.	389940722	0.369	0.984	23	75345	389903072	389903254	389978248	389978430	396779011	389900000	390150000	23	679	182	74994	spaced
SUPER_2	370513040	370513723	IR	369	.	370513375	0.369	0.832	20	105815	370513040	370513324	370513440	370513723	396779011	370400000	370650000	20	1889	283	116	immediate
SUPER_2	261845935	261909823	IR	368	.	261877767	0.368	0.946	426	65336	261845935	261849701	261906128	261909823	396779011	261750000	262000000	531	2131	3695	56427	spaced
SUPER_2	172423424	172489998	IR	368	.	172456295	0.368	0.940	325	66526	172423424	172426487	172486962	172489998	396779011	172250000	172500000	0	3445	3036	60475	spaced
SUPER_2	373393137	373400884	IR	368	.	373397197	0.368	0.971	174	7974	373393137	373394430	373399591	373400893	396779011	373200000	373450000	174	3283	1293	5161	spaced
SUPER_2	103054969	103062463	IR	368	.	103059036	0.368	0.919	161	7559	103054969	103056151	103061281	103062545	396779011	102900000	103150000	0	2645	1182	5130	spaced
SUPER_2	367318941	367522293	IR	368	.	367420198	0.368	0.943	121	203306	367318941	367319965	367521293	367522293	396779011	367300000	367550000	0	2010	1000	201328	wide
SUPER_2	191672504	191675709	IR	368	.	191674004	0.368	0.935	120	3472	191672504	191673405	191674808	191675750	396779011	191550000	191800000	120	2068	901	1403	immediate
SUPER_2	234016247	234020694	IR	368	.	234018488	0.368	0.781	103	4560	234016247	234017707	234019258	234020694	396779011	233800000	234050000	103	3641	1436	1551	immediate
SUPER_2	178767026	178769119	IR	368	.	178768079	0.368	0.936	95	2190	178767026	178767766	178768379	178769135	396779011	178550000	178800000	95	3634	740	613	immediate
SUPER_2	318442444	318444932	IR	368	.	318443688	0.368	0.976	90	2647	318442444	318442941	318444435	318444939	396779011	318200000	318450000	90	4061	497	1494	immediate
SUPER_2	198683846	198698767	IR	368	.	198691016	0.368	0.707	74	14897	198683846	198685736	198696890	198698767	396779011	198450000	198700000	0	4021	1877	11154	spaced
SUPER_2	232942690	232945112	IR	368	.	232943610	0.368	0.992	72	2403	232942690	232943177	232944626	232945112	396779011	232700000	232950000	0	4064	486	1449	immediate
SUPER_2	229167422	229250528	IR	368	.	229208500	0.368	0.997	58	83083	229167422	229167772	229250178	229250528	396779011	229050000	229300000	0	2649	350	82406	spaced
SUPER_2	1165336	1205241	IR	368	.	1185432	0.368	0.927	57	39962	1165336	1165672	1204905	1205241	396779011	1150000	1400000	57	588	336	39233	spaced
SUPER_2	257437470	257439638	IR	368	.	257438556	0.368	0.948	42	2175	257437470	257437829	257439280	257439638	396779011	257200000	257450000	42	3975	358	1451	immediate
SUPER_2	97800124	97800208	IR	368	.	97800173	0.368	0.851	40	95349	97800124	97800181	97800151	97800218	396779011	97650000	97900000	1249	2502	57	-30	overlap
SUPER_2	234826419	234866652	IR	368	.	234846353	0.368	0.967	38	40275	234826419	234826692	234866379	234866652	396779011	234650000	234900000	38	3275	273	39687	spaced
SUPER_2	226643614	226709018	IR	368	.	226676060	0.368	0.644	28	65360	226643614	226643687	226708971	226709018	396779011	226500000	226750000	0	2938	47	65284	spaced
SUPER_2	40974880	41048572	IR	368	.	41011980	0.368	0.368	27	73654	40974880	40974918	41048534	41048616	396779011	40800000	41050000	0	3528	38	73616	spaced
SUPER_2	185194258	185196220	IR	368	.	185195239	0.368	0.929	23	2010	185194258	185194549	185195929	185196225	396779011	185100000	185350000	23	1587	291	1380	immediate
SUPER_2	359693155	359781428	IR	368	.	359737463	0.368	0.983	20	88262	359693155	359693271	359781312	359781428	396779011	359550000	359800000	20	3121	116	88041	spaced
SUPER_2	234060110	234062645	IR	367	.	234061376	0.367	0.990	256	93079	234060110	234061233	234061529	234062645	396779011	233950000	234200000	256	1856	1116	296	immediate
SUPER_2	297434756	297619678	IR	367	.	297526718	0.367	0.952	248	184920	297434756	297436968	297617466	297619701	396779011	297400000	297650000	0	2120	2212	180498	wide
SUPER_2	164853696	164868932	IR	367	.	164860820	0.367	0.950	247	15219	164853696	164855459	164867169	164868932	396779011	164650000	164900000	0	3521	1763	11710	spaced
SUPER_2	338010672	338014018	IR	367	.	338012297	0.367	0.997	190	3623	338010672	338011532	338013159	338014018	396779011	337850000	338100000	190	2705	859	1627	immediate
SUPER_2	108934814	108937861	IR	367	.	108936338	0.367	0.999	179	3302	108934814	108935583	108937092	108937861	396779011	108700000	108950000	179	3938	769	1509	immediate
SUPER_2	294854792	294858787	IR	367	.	294856573	0.367	1.000	111	4102	294854792	294855289	294858290	294858787	396779011	294850000	295100000	108	113	497	3001	spaced
SUPER_2	84980754	85000873	IR	367	.	84990665	0.367	0.891	104	21159	84980754	84984964	84996663	85000890	396779011	84800000	85050000	104	3180	4210	11699	spaced
SUPER_2	188569137	188571502	IR	367	.	188570323	0.367	0.965	94	2472	188569137	188569699	188570940	188571516	396779011	188450000	188700000	98	2005	562	1241	immediate
SUPER_2	322086363	322088932	IR	367	.	322087651	0.367	0.938	49	6351	322086363	322086814	322088488	322088932	396779011	321900000	322150000	49	3127	444	1674	immediate
SUPER_2	210314844	210317254	IR	367	.	210316049	0.367	0.960	42	2468	210314844	210315163	210316935	210317258	396779011	210300000	210550000	42	267	319	1772	immediate
SUPER_2	370698561	370700964	IR	367	.	370699279	0.367	0.992	36	2374	370698561	370698817	370700708	370700964	396779011	370500000	370750000	0	3329	256	1891	immediate
SUPER_2	145813487	145815714	IR	367	.	145814604	0.367	0.901	30	2306	145813487	145814268	145814935	145815714	396779011	145600000	145850000	30	3576	779	667	immediate
SUPER_2	182565679	182568102	IR	367	.	182566587	0.367	0.954	24	2402	182565679	182566050	182567731	182568102	396779011	182400000	182650000	0	2781	371	1681	immediate
SUPER_2	324509332	324512535	IR	367	.	324511415	0.367	0.873	22	3155	324509332	324509965	324511902	324512539	396779011	324300000	324550000	0	3515	633	1937	immediate
SUPER_2	283297932	283301464	IR	366	.	283299912	0.366	0.995	199	3845	283297932	283298876	283300521	283301464	396779011	283100000	283350000	199	3328	943	1645	immediate
SUPER_2	188101399	188104582	IR	366	.	188102832	0.366	0.968	167	51335	188101399	188102341	188103640	188104582	396779011	188050000	188300000	178	883	942	1299	immediate
SUPER_2	136046523	136053913	IR	366	.	136050707	0.366	0.954	153	7242	136046523	136048780	136051657	136053913	396779011	135850000	136100000	0	3336	2256	2877	spaced
SUPER_2	270579815	270726348	IR	366	.	270652690	0.366	0.958	146	146509	270579815	270581250	270724913	270726357	396779011	270500000	270750000	0	2551	1435	143663	wide
SUPER_2	216878491	216882625	IR	366	.	216880567	0.366	0.699	98	4722	216878491	216880477	216880660	216882625	396779011	216800000	217050000	98	1342	1965	183	immediate
SUPER_2	67484498	67540887	IR	366	.	67513053	0.366	0.918	55	56360	67484498	67485398	67539987	67540889	396779011	67300000	67550000	0	3544	900	54589	spaced
SUPER_2	280040709	280246456	IR	366	.	280143797	0.366	0.972	47	205877	280040709	280041063	280246103	280246456	396779011	280000000	280250000	47	2392	353	205040	wide
SUPER_2	162011630	162020286	IR	366	.	162016160	0.366	0.996	44	8781	162011630	162011863	162020053	162020286	396779011	161800000	162050000	44	3599	233	8190	spaced
SUPER_2	153770560	153879864	IR	366	.	153824994	0.366	0.938	41	109401	153770560	153771220	153879204	153879865	396779011	153650000	153900000	41	2920	660	107984	wide
SUPER_2	257321922	257322765	IR	366	.	257322342	0.366	0.818	36	9325	257321922	257322156	257322569	257322765	396779011	257100000	257350000	36	3705	196	413	immediate
SUPER_2	58416755	58416916	IR	366	.	58416805	0.366	0.000	33	99446	58416755	58416887	58416871	58416916	396779011	58300000	58550000	483	1947	45	-16	overlap
SUPER_2	76408969	76549648	IR	366	.	76479556	0.366	0.844	31	140660	76408969	76409799	76548830	76549648	396779011	76300000	76550000	0	2988	818	139031	wide
SUPER_2	258154194	258178592	IR	366	.	258166797	0.366	0.935	23	24365	258154194	258154563	258178223	258178592	396779011	257950000	258200000	0	3606	369	23660	spaced
SUPER_2	263411561	263411630	IR	366	.	263411499	0.366	0.979	23	109364	263411561	263411607	263411584	263411631	396779011	263300000	263550000	419	1859	46	-23	overlap
SUPER_2	226257717	226259911	IR	366	.	226258815	0.366	0.941	20	2192	226257717	226257987	226259643	226259911	396779011	226050000	226300000	20	3480	268	1656	immediate
SUPER_2	372165234	372187795	IR	366	.	372176883	0.366	0.952	20	22534	372165234	372165461	372187568	372187795	396779011	372050000	372300000	0	2108	227	22107	spaced
SUPER_2	262182659	262203715	IR	365	.	262192756	0.365	0.561	234	21032	262182659	262189820	262196585	262203715	396779011	262000000	262250000	0	3219	7130	6765	spaced
SUPER_2	224557074	224559460	IR	365	.	224558267	0.365	0.934	168	2612	224557074	224557940	224558594	224559515	396779011	224450000	224700000	168	1804	866	654	immediate
SUPER_2	185472793	185561726	IR	365	.	185516820	0.365	0.982	166	88913	185472793	185474106	185560413	185561726	396779011	185350000	185600000	0	2787	1313	86307	spaced
SUPER_2	229043920	229046645	IR	365	.	229045283	0.365	0.994	149	2972	229043920	229044586	229045979	229046647	396779011	228800000	229050000	151	4087	666	1393	immediate
SUPER_2	386774719	386776836	IR	365	.	386775778	0.365	0.998	75	42770	386774719	386775119	386776436	386776836	396779011	386600000	386850000	75	2929	400	1317	immediate
SUPER_2	266991615	266996200	IR	365	.	266994120	0.365	0.906	71	4671	266991615	266992483	266995332	266996209	396779011	266800000	267050000	71	3231	868	2849	spaced
SUPER_2	170521624	170523703	IR	365	.	170522663	0.365	0.980	70	2110	170521624	170522133	170523194	170523703	396779011	170300000	170550000	70	3710	509	1061	immediate
SUPER_2	246159556	246162313	IR	365	.	246160857	0.365	0.863	65	3111	246159556	246160445	246161424	246162357	396779011	245950000	246200000	124	3515	889	979	immediate
SUPER_2	97808212	97997360	IR	365	.	97903096	0.365	0.839	56	189182	97808212	97809884	97995688	97997412	396779011	97750000	98000000	0	2546	1672	185804	wide
SUPER_2	22273707	22498358	IR	365	.	22386550	0.365	0.845	55	224713	22273707	22275395	22496670	22498438	396779011	22250000	22500000	0	2267	1688	221275	wide
SUPER_2	241055685	241143918	IR	365	.	241100237	0.365	0.827	46	88216	241055685	241056310	241143302	241143918	396779011	240900000	241150000	0	3329	616	86992	spaced
SUPER_2	325564708	325679443	IR	365	.	325621847	0.365	0.855	34	114805	325564708	325565365	325678786	325679475	396779011	325500000	325750000	34	2034	657	113421	wide
SUPER_2	209445405	209453690	IR	365	.	209449548	0.365	0.427	31	8317	209445405	209449219	209449876	209453721	396779011	209300000	209550000	31	2492	3814	657	immediate
SUPER_2	394625257	394759769	IR	365	.	394693012	0.365	0.398	29	67243	394625257	394692574	394692522	394759769	396779011	394550000	394800000	0	2375	67247	-52	overlap
SUPER_2	30534177	30660599	IR	365	.	30597579	0.365	0.952	24	126552	30534177	30534406	30660370	30660601	396779011	30450000	30700000	24	2456	229	125964	wide
SUPER_2	171340025	171516585	IR	365	.	171427981	0.365	0.929	21	176542	171340025	171340322	171516298	171516585	396779011	171300000	171550000	0	2138	287	175976	wide
SUPER_2	315876336	316057207	IR	365	.	315967128	0.365	0.959	21	180849	315876336	315876602	316056941	316057207	396779011	315850000	316100000	0	1946	266	180339	wide
SUPER_2	126581981	126584938	IR	364	.	126583459	0.364	0.987	140	3187	126581981	126582812	126584107	126584939	396779011	126350000	126600000	140	3890	831	1295	immediate
SUPER_2	210884341	210973239	IR	364	.	210928837	0.364	0.959	82	88968	210884341	210884960	210972620	210973250	396779011	210750000	211000000	82	2979	619	87660	spaced
SUPER_2	80360073	80564643	IR	364	.	80462369	0.364	0.878	80	204893	80360073	80361175	80563553	80564643	396779011	80350000	80600000	80	1872	1090	202378	wide
SUPER_2	239856141	239863122	IR	364	.	239859886	0.364	0.955	55	6961	239856141	239856832	239862431	239863122	396779011	239650000	239900000	0	3493	691	5599	spaced
SUPER_2	345216677	345381595	IR	364	.	345299389	0.364	0.939	54	164899	345216677	345217578	345380694	345381597	396779011	345150000	345400000	0	2485	901	163116	wide
SUPER_2	36336669	36358101	IR	364	.	36347327	0.364	0.959	37	21618	36336669	36336906	36357864	36358107	396779011	36250000	36500000	37	1622	237	20958	spaced
SUPER_2	177369585	177392381	IR	364	.	177381241	0.364	0.924	37	22783	177369585	177369994	177391972	177392393	396779011	177150000	177400000	0	3849	409	21978	spaced
SUPER_2	6196969	6242145	IR	364	.	6219959	0.364	0.962	24	45137	6196969	6197262	6241852	6242145	396779011	6100000	6350000	0	1992	293	44590	spaced
SUPER_2	45320457	45437101	IR	364	.	45378664	0.364	0.899	22	116681	45320457	45320945	45436613	45437116	396779011	45300000	45550000	22	1312	488	115668	wide
SUPER_2	77126822	77241765	IR	363	.	77184720	0.363	0.974	229	114918	77126822	77128684	77239905	77241765	396779011	77000000	77250000	0	3071	1860	111221	wide
SUPER_2	158189577	158194965	IR	363	.	158191867	0.363	0.989	213	5369	158189577	158190982	158193560	158194966	396779011	158000000	158250000	0	3204	1405	2578	spaced
SUPER_2	247344614	247346231	IR	363	.	247345404	0.363	1.000	122	2054	247344614	247345189	247345656	247346231	396779011	247100000	247350000	122	4090	575	467	immediate
SUPER_2	316328932	316331774	IR	363	.	316330300	0.363	0.961	83	3045	316328932	316329631	316331076	316331774	396779011	316150000	316400000	83	3005	698	1445	immediate
SUPER_2	322770642	322772321	IR	363	.	322771482	0.363	1.000	80	56980	322770642	322770963	322772000	322772321	396779011	322600000	322850000	80	2857	321	1037	immediate
SUPER_2	341104426	341251954	IR	363	.	341177841	0.363	0.992	74	147510	341104426	341104919	341251461	341251954	396779011	341050000	341300000	0	2136	493	146542	wide
SUPER_2	371910454	372102567	IR	363	.	372006093	0.363	0.945	71	192092	371910454	371911355	372101669	372102567	396779011	371900000	372150000	0	1775	898	190314	wide
SUPER_2	310864959	310865035	IR	363	.	310864994	0.363	0.962	57	224337	310864959	310865012	310864984	310865035	396779011	310750000	311000000	586	1916	51	-28	overlap
SUPER_2	250302310	250423005	IR	363	.	250362798	0.363	0.935	53	120727	250302310	250302755	250422580	250423005	396779011	250200000	250450000	53	2710	425	119825	wide
SUPER_2	336772194	336774435	IR	363	.	336773314	0.363	0.914	37	2330	336772194	336772418	336774211	336774456	396779011	336600000	336850000	37	2888	224	1793	immediate
SUPER_2	317634630	317636801	IR	363	.	317635713	0.363	0.868	32	2213	317634630	317635168	317636263	317636830	396779011	317400000	317650000	32	3928	538	1095	immediate
SUPER_2	30343584	30526049	IR	363	.	30434310	0.363	0.954	31	182444	30343584	30343888	30525749	30526049	396779011	30300000	30550000	0	2246	300	181861	wide
SUPER_2	8328475	8333715	IR	363	.	8331087	0.363	0.863	29	5292	8328475	8328758	8333432	8333746	396779011	8250000	8500000	29	1351	283	4674	spaced
SUPER_2	379850394	379856195	IR	363	.	379852992	0.363	0.814	29	5783	379850394	379850850	379855799	379856195	396779011	379650000	379900000	0	3388	396	4949	spaced
SUPER_2	32271976	32359491	IR	363	.	32315349	0.363	0.960	24	87497	32271976	32272273	32359194	32359491	396779011	32150000	32400000	0	2762	297	86921	spaced
SUPER_2	161907951	161929514	IR	363	.	161918688	0.363	0.961	24	21639	161907951	161908231	161929234	161929514	396779011	161700000	161950000	24	3645	280	21003	spaced
SUPER_2	352214889	352217137	IR	363	.	352215694	0.363	0.938	23	2231	352214889	352215262	352216765	352217137	396779011	352200000	352450000	0	266	372	1503	immediate
SUPER_2	229531717	229590221	IR	363	.	229560765	0.363	0.853	22	58526	229531717	229531962	229590001	229590221	396779011	229350000	229600000	22	3516	220	58039	spaced
SUPER_2	252435009	252447863	IR	362	.	252441329	0.362	0.978	199	13315	252435009	252436194	252446678	252447863	396779011	252200000	252450000	199	4023	1185	10484	spaced
SUPER_2	170238432	170241686	IR	362	.	170239962	0.362	0.978	157	3512	170238432	170239255	170240863	170241699	396779011	170000000	170250000	164	4000	823	1608	immediate
SUPER_2	49373471	49411665	IR	362	.	49392943	0.362	0.979	149	38176	49373471	49374645	49410493	49411665	396779011	49200000	49450000	0	3209	1172	35848	spaced
SUPER_2	134795100	134798531	IR	362	.	134796830	0.362	0.946	139	3560	134795100	134796016	134797643	134798531	396779011	134550000	134800000	139	4113	888	1627	immediate
SUPER_2	388293137	388298194	IR	362	.	388295672	0.362	0.989	130	5152	388293137	388293860	388297471	388298194	396779011	388050000	388300000	130	4094	723	3611	spaced
SUPER_2	55843920	55848518	IR	362	.	55846696	0.362	0.980	117	4575	55843920	55844936	55847502	55848518	396779011	55600000	55850000	0	4103	1016	2566	spaced
SUPER_2	212926074	212930440	IR	362	.	212928320	0.362	0.965	83	4565	212926074	212926707	212929809	212930440	396779011	212700000	212950000	83	3804	631	3102	spaced
SUPER_2	130778536	130780574	IR	362	.	130779549	0.362	0.905	74	2613	130778536	130779011	130780099	130780613	396779011	130750000	131000000	74	492	475	1088	immediate
SUPER_2	3519637	3533909	IR	362	.	3526388	0.362	0.958	70	14242	3519637	3520537	3533009	3533910	396779011	3300000	3550000	0	3779	900	12472	spaced
SUPER_2	332847127	332849451	IR	362	.	332848289	0.362	0.952	59	2779	332847127	332847578	332849000	332849459	396779011	332650000	332900000	59	3304	451	1422	immediate
SUPER_2	188681008	188790115	IR	362	.	188735208	0.362	0.892	55	109135	188681008	188681810	188789313	188790164	396779011	188550000	188800000	0	3092	802	107503	wide
SUPER_2	363113498	363114919	IR	362	.	363114210	0.362	0.980	52	46510	363113498	363113852	363114567	363114919	396779011	362950000	363200000	52	2736	352	715	immediate
SUPER_2	250590476	250598860	IR	362	.	250594229	0.362	0.976	45	8355	250590476	250590853	250598484	250598860	396779011	250500000	250750000	0	1577	376	7631	spaced
SUPER_2	350787806	350795086	IR	362	.	350791744	0.362	0.697	34	7214	350787806	350787905	350795017	350795086	396779011	350600000	350850000	0	3190	69	7112	spaced
SUPER_2	294305807	294305864	IR	362	.	294305838	0.362	0.784	33	120988	294305807	294305847	294305824	294305875	396779011	294200000	294450000	462	1763	40	-23	overlap
SUPER_2	311027514	311081798	IR	362	.	311055142	0.362	0.465	33	54261	311027514	311030938	311078382	311081798	396779011	310950000	311200000	0	1744	3416	47444	spaced
SUPER_2	225201527	225385731	IR	362	.	225293202	0.362	0.907	30	184187	225201527	225201890	225385368	225385738	396779011	225150000	225400000	0	2393	363	183478	wide
SUPER_2	142664069	142666285	IR	362	.	142665177	0.362	0.993	27	2231	142664069	142664214	142666140	142666285	396779011	142450000	142700000	27	3586	145	1926	immediate
SUPER_2	173684328	173686308	IR	362	.	173685318	0.362	0.954	24	2010	173684328	173684589	173686047	173686309	396779011	173450000	173700000	24	3921	261	1458	immediate
SUPER_2	318614631	318677680	IR	362	.	318646622	0.362	0.941	20	63033	318614631	318615004	318677307	318677681	396779011	318450000	318700000	0	3269	373	62303	spaced
SUPER_2	336561539	336577082	IR	361	.	336568971	0.361	0.952	567	15583	336561539	336566617	336572004	336577141	396779011	336350000	336600000	0	3655	5078	5387	spaced
SUPER_2	81700788	81705778	IR	361	.	81703740	0.361	0.990	296	4964	81700788	81702635	81703938	81705778	396779011	81500000	81750000	0	3387	1840	1303	immediate
SUPER_2	205358354	205361583	IR	361	.	205359968	0.361	0.983	248	3527	205358354	205359656	205360281	205361583	396779011	205150000	205400000	248	3499	1302	625	immediate
SUPER_2	1828201	1900583	IR	361	.	1864222	0.361	0.997	212	72574	1828201	1829230	1899554	1900584	396779011	1700000	1950000	212	2739	1029	70324	spaced
SUPER_2	253306888	253310271	IR	361	.	253308531	0.361	0.995	150	3623	253306888	253307635	253309524	253310271	396779011	253100000	253350000	150	3476	747	1889	immediate
SUPER_2	373021220	373039089	IR	361	.	373030650	0.361	0.846	107	17877	373021220	373027460	373032849	373039115	396779011	372900000	373150000	0	2169	6240	5389	spaced
SUPER_2	12604123	12847992	IR	361	.	12726433	0.361	0.986	105	243852	12604123	12604817	12847298	12847996	396779011	12600000	12850000	0	2100	694	242481	wide
SUPER_2	143115338	143154239	IR	361	.	143135210	0.361	0.888	99	38928	143115338	143116253	143153324	143154292	396779011	143000000	143250000	0	2246	915	37071	spaced
SUPER_2	295381342	295479572	IR	361	.	295430223	0.361	0.965	78	98565	295381342	295381997	295478917	295479572	396779011	295350000	295600000	78	1340	655	96920	spaced
SUPER_2	6391988	6597475	IR	361	.	6494311	0.361	1.000	66	205470	6391988	6392326	6597137	6597475	396779011	6350000	6600000	0	2412	338	204811	wide
SUPER_2	69910213	69935890	IR	361	.	69922712	0.361	0.893	53	25651	69910213	69911024	69935080	69935890	396779011	69700000	69950000	0	3717	810	24056	spaced
SUPER_2	10782550	10868357	IR	361	.	10825015	0.361	0.667	50	85767	10782550	10782614	10868293	10868389	396779011	10650000	10900000	0	2924	64	85679	spaced
SUPER_2	65224019	65300977	IR	361	.	65262069	0.361	0.830	36	76930	65224019	65224822	65300177	65300977	396779011	65100000	65350000	0	2708	800	75355	spaced
SUPER_2	186411291	186467301	IR	361	.	186439135	0.361	0.877	36	56067	186411291	186411663	186466929	186467333	396779011	186250000	186500000	36	3154	372	55266	spaced
SUPER_2	142727901	142748544	IR	361	.	142738359	0.361	0.445	35	20748	142727901	142730771	142745674	142748634	396779011	142500000	142750000	35	3970	2870	14903	spaced
SUPER_2	396251589	396384452	IR	361	.	396317702	0.361	0.901	29	132842	396251589	396252333	396383721	396384452	396779011	396150000	396400000	0	2800	731	131388	wide
SUPER_2	279081941	279084502	IR	361	.	279083027	0.361	0.810	24	2613	279081941	279082152	279084327	279084502	396779011	278900000	279150000	24	3053	175	2175	spaced
SUPER_2	42242180	42407559	IR	360	.	42325021	0.360	0.933	312	165823	42242180	42244413	42405382	42407559	396779011	42200000	42450000	312	2081	2177	160969	wide
SUPER_2	357905649	357922485	IR	360	.	357914323	0.360	0.954	192	16818	357905649	357907240	357920907	357922485	396779011	357700000	357950000	0	3567	1578	13667	spaced
SUPER_2	298895808	298897789	IR	360	.	298896805	0.360	1.000	188	2165	298895808	298896638	298896959	298897789	396779011	298650000	298900000	188	4113	830	321	immediate
SUPER_2	374154297	374166515	IR	360	.	374160225	0.360	0.986	186	12383	374154297	374155109	374165709	374166515	396779011	373950000	374200000	186	3506	806	10600	spaced
SUPER_2	213030894	213034163	IR	360	.	213032530	0.360	0.989	159	3514	213030894	213031770	213033289	213034163	396779011	212800000	213050000	159	3875	874	1519	immediate
SUPER_2	72814322	72817343	IR	360	.	72815339	0.360	0.926	146	3060	72814322	72815280	72816385	72817411	396779011	72600000	72850000	0	3597	958	1105	immediate
SUPER_2	72844741	72847762	IR	360	.	72845758	0.360	0.926	146	3060	72844741	72845699	72846804	72847830	396779011	72600000	72850000	0	4104	958	1105	immediate
SUPER_2	329027623	329129545	IR	360	.	329078405	0.360	0.971	142	102138	329027623	329028747	329128421	329129545	396779011	328900000	329150000	142	2976	1124	99674	spaced
SUPER_2	323498670	323515865	IR	360	.	323507092	0.360	0.907	139	17379	323498670	323499881	323514709	323515865	396779011	323450000	323700000	139	954	1156	14828	spaced
SUPER_2	244661492	244694972	IR	360	.	244678196	0.360	0.960	86	33540	244661492	244662064	244694403	244694972	396779011	244600000	244850000	86	1303	569	32339	spaced
SUPER_2	394392	409621	IR	360	.	402391	0.360	0.927	53	15210	394392	394906	409117	409621	396779011	250000	500000	0	2533	504	14211	spaced
SUPER_2	46451946	46454109	IR	360	.	46453028	0.360	0.984	47	2192	46451946	46452257	46453801	46454109	396779011	46250000	46500000	47	3383	308	1544	immediate
SUPER_2	64583512	64585707	IR	360	.	64584561	0.360	0.985	44	2360	64583512	64583772	64585447	64585709	396779011	64350000	64600000	44	3910	260	1675	immediate
SUPER_2	261479410	261529630	IR	360	.	261504112	0.360	0.912	40	50197	261479410	261480226	261528814	261529633	396779011	261300000	261550000	0	3408	816	48588	spaced
SUPER_2	78313563	78315869	IR	360	.	78314723	0.360	0.855	36	2328	78313563	78313791	78315657	78315869	396779011	78250000	78500000	36	1078	212	1866	immediate
SUPER_2	268875169	268878858	IR	360	.	268876511	0.360	0.946	36	3586	268875169	268875745	268878282	268878858	396779011	268650000	268900000	0	3783	576	2537	spaced
SUPER_2	16851965	16960979	IR	360	.	16906041	0.360	0.918	34	108990	16851965	16852564	16960380	16960981	396779011	16800000	17050000	0	1774	599	107816	wide
SUPER_2	188899344	188963306	IR	360	.	188931654	0.360	0.974	23	63933	188899344	188899615	188963035	188963306	396779011	188800000	189050000	0	2188	271	63420	spaced
SUPER_2	243845403	243980193	IR	360	.	243912464	0.360	0.951	23	134770	243845403	243845730	243979872	243980193	396779011	243750000	244000000	0	2713	321	134142	wide
SUPER_2	346676015	346882434	IR	360	.	346778868	0.360	0.920	23	206406	346676015	346676432	346882017	346882444	396779011	346650000	346900000	0	2153	417	205585	wide
SUPER_2	37228277	37439060	IR	360	.	37333361	0.360	0.417	22	210747	37228277	37228313	37439024	37439098	396779011	37200000	37450000	0	2227	36	210711	wide
SUPER_2	58372229	58372287	IR	360	.	58372264	0.360	0.950	22	119040	58372229	58372269	58372249	58372287	396779011	58200000	58450000	203	2870	38	-20	overlap
SUPER_2	173874759	173947281	IR	360	.	173910653	0.360	0.872	21	72502	173874759	173875442	173946606	173947281	396779011	173800000	174050000	0	1850	675	71164	spaced
SUPER_2	58372231	58372287	IR	360	.	58372264	0.360	0.949	20	119040	58372231	58372270	58372250	58372287	396779011	58250000	58500000	217	2037	37	-20	overlap
SUPER_2	377465813	377473929	IR	360	.	377470334	0.360	0.987	20	8099	377465813	377465965	377473777	377473929	396779011	377450000	377700000	0	331	152	7812	spaced
SUPER_2	152441647	152462451	IR	359	.	152451768	0.359	0.947	418	20848	152441647	152446308	152457790	152462525	396779011	152250000	152500000	0	3367	4661	11482	spaced
SUPER_2	122102287	122105536	IR	359	.	122103906	0.359	0.987	129	3512	122102287	122102961	122104862	122105539	396779011	121900000	122150000	129	3398	674	1901	immediate
SUPER_2	3384714	3402710	IR	359	.	3394094	0.359	0.945	73	17975	3384714	3385618	3401807	3402710	396779011	3200000	3450000	0	3228	903	16189	spaced
SUPER_2	136518667	136520520	IR	359	.	136519597	0.359	1.000	58	2054	136518667	136518955	136520232	136520520	396779011	136300000	136550000	58	3659	288	1277	immediate
SUPER_2	125311872	125502689	IR	359	.	125407506	0.359	0.808	49	192354	125311872	125312516	125502045	125502698	396779011	125300000	125550000	21	1787	644	189529	wide
SUPER_2	150700997	150707363	IR	359	.	150703779	0.359	0.891	46	6345	150700997	150701904	150706472	150707363	396779011	150550000	150800000	0	2569	891	4568	spaced
SUPER_2	376968140	376976770	IR	359	.	376972456	0.359	0.748	45	8653	376968140	376969455	376975546	376976770	396779011	376800000	377050000	45	2874	1224	6091	spaced
SUPER_2	836465	1006100	IR	359	.	921579	0.359	0.399	44	104534	836465	901566	940999	1006191	396779011	800000	1050000	0	2021	65101	39433	spaced
SUPER_2	366616846	366624058	IR	359	.	366620943	0.359	0.575	41	7193	366616846	366618361	366622543	366624058	396779011	366600000	366850000	0	340	1515	4182	spaced
SUPER_2	233795947	233797919	IR	359	.	233796933	0.359	0.985	40	2011	233795947	233796217	233797650	233797919	396779011	233550000	233800000	40	4115	269	1433	immediate
SUPER_2	209694432	209742483	IR	359	.	209718570	0.359	1.000	34	47999	209694432	209694484	209742431	209742483	396779011	209650000	209900000	541	1140	52	47947	spaced
SUPER_2	118178792	118223082	IR	359	.	118201167	0.359	0.938	32	44372	118178792	118179109	118222765	118223087	396779011	118100000	118350000	32	1682	317	43656	spaced
SUPER_2	348179446	348339474	IR	359	.	348259597	0.359	0.858	27	160722	348179446	348181260	348337662	348339474	396779011	348100000	348350000	27	2657	1812	156402	wide
SUPER_2	43011946	43017260	IR	359	.	43014165	0.359	0.875	26	5305	43011946	43012324	43016882	43017298	396779011	42800000	43050000	0	3576	378	4558	spaced
SUPER_2	96742784	96767098	IR	358	.	96754924	0.358	0.997	933	25268	96742784	96746964	96762918	96767106	396779011	96550000	96800000	933	3415	4180	15954	spaced
SUPER_2	239186262	239209732	IR	358	.	239197753	0.358	0.991	285	23870	239186262	239187842	239208152	239209732	396779011	239000000	239250000	285	3299	1580	20310	spaced
SUPER_2	277410422	277491764	IR	358	.	277451310	0.358	0.990	191	81590	277410422	277411501	277490686	277491764	396779011	277250000	277500000	191	3351	1078	79185	spaced
SUPER_2	115170874	115195054	IR	358	.	115182876	0.358	0.988	147	24337	115170874	115171699	115194229	115195056	396779011	114950000	115200000	147	3882	825	22530	spaced
SUPER_2	356239236	356241593	IR	358	.	356240447	0.358	0.902	121	2575	356239236	356239928	356240901	356241659	396779011	356050000	356300000	135	3173	692	973	immediate
SUPER_2	5452437	5471571	IR	358	.	5461639	0.358	0.950	95	19092	5452437	5453946	5470069	5471571	396779011	5250000	5500000	0	3533	1502	16123	spaced
SUPER_2	343263811	343407485	IR	358	.	343335421	0.358	0.917	94	144187	343263811	343266314	343404982	343407489	396779011	343250000	343500000	95	1427	2503	138668	wide
SUPER_2	340919199	340921314	IR	358	.	340920269	0.358	0.923	57	2157	340919199	340919587	340920948	340921314	396779011	340900000	341150000	57	337	366	1361	immediate
SUPER_2	1330651	1540102	IR	358	.	1435481	0.358	1.000	51	209500	1330651	1330875	1539878	1540102	396779011	1300000	1550000	51	2256	224	209003	wide
SUPER_2	51728281	51804961	IR	358	.	51766186	0.358	0.000	48	76660	51728281	51728407	51804927	51804961	396779011	51700000	51950000	0	1110	34	76520	spaced
SUPER_2	186203463	186374952	IR	358	.	186289388	0.358	0.903	44	171435	186203463	186203525	186374896	186374952	396779011	186200000	186450000	948	1486	56	171371	wide
SUPER_2	338920729	338923126	IR	358	.	338921930	0.358	0.836	43	2398	338920729	338921512	338922345	338923126	396779011	338750000	339000000	43	2865	781	833	immediate
SUPER_2	28673572	28841546	IR	358	.	28757936	0.358	0.974	36	167954	28673572	28673844	28841274	28841546	396779011	28600000	28850000	0	2625	272	167430	wide
SUPER_2	24255826	24263780	IR	358	.	24259413	0.358	0.818	32	7936	24255826	24256374	24263299	24263780	396779011	24100000	24350000	0	2663	481	6925	spaced
SUPER_2	165409875	165643371	IR	358	.	165526502	0.358	0.916	32	233503	165409875	165410314	165642948	165643371	396779011	165400000	165650000	32	2110	423	232634	wide
SUPER_2	297831364	297854542	IR	358	.	297842520	0.358	0.962	31	23153	297831364	297831728	297854180	297854542	396779011	297750000	298000000	0	1549	362	22452	spaced
SUPER_2	57611827	57743052	IR	358	.	57677055	0.358	0.944	23	131207	57611827	57612269	57742612	57743052	396779011	57500000	57750000	0	2957	440	130343	wide
SUPER_2	364186417	364206806	IR	358	.	364196160	0.358	0.727	21	20366	364186417	364187634	364205589	364206822	396779011	364100000	364350000	0	1610	1217	17955	spaced
SUPER_2	97600094	97698410	IR	357	.	97649233	0.357	0.992	639	99064	97600094	97603168	97695349	97698410	396779011	97450000	97700000	639	3320	3061	92181	spaced
SUPER_2	177621840	177651838	IR	357	.	177637325	0.357	0.998	219	29977	177621840	177623116	177650562	177651838	396779011	177450000	177700000	0	3113	1276	27446	spaced
SUPER_2	342847447	342849186	IR	357	.	342848284	0.357	0.998	115	7277	342847447	342847984	342848649	342849186	396779011	342650000	342900000	115	3305	537	665	immediate
SUPER_2	247761266	247787802	IR	357	.	247774406	0.357	0.962	112	26893	247761266	247762176	247786892	247787802	396779011	247700000	247950000	112	1242	910	24716	spaced
SUPER_2	206162595	206289682	IR	357	.	206225929	0.357	0.588	98	127313	206162595	206164391	206287886	206289719	396779011	206050000	206300000	98	2935	1796	123495	wide
SUPER_2	326748707	326749659	IR	357	.	326749320	0.357	0.982	66	37005	326748707	326749043	326749324	326749659	396779011	326650000	326900000	66	1652	335	281	immediate
SUPER_2	198078384	198080401	IR	357	.	198079169	0.357	0.994	62	79692	198078384	198078698	198080087	198080401	396779011	197950000	198200000	62	2156	314	1389	immediate
SUPER_2	72238133	72257894	IR	357	.	72248174	0.357	0.940	57	19866	72238133	72238830	72257197	72257909	396779011	72050000	72300000	57	3300	697	18367	spaced
SUPER_2	266175889	266187729	IR	357	.	266181987	0.357	0.924	56	11894	266175889	266176281	266187337	266187744	396779011	265950000	266200000	56	3863	392	11056	spaced
SUPER_2	185681477	185684685	IR	357	.	185682610	0.357	0.994	51	3185	185681477	185681829	185684333	185684685	396779011	185500000	185750000	0	3051	352	2504	spaced
SUPER_2	227407767	227412025	IR	357	.	227410333	0.357	0.978	48	4237	227407767	227408177	227411615	227412027	396779011	227400000	227650000	0	164	410	3438	spaced
SUPER_2	65818235	65820681	IR	357	.	65819458	0.357	0.980	45	2468	65818235	65818540	65820376	65820681	396779011	65650000	65900000	45	2824	305	1836	immediate
SUPER_2	173370551	173377571	IR	357	.	173373906	0.357	0.974	45	7108	173370551	173370926	173377196	173377575	396779011	173350000	173600000	45	400	375	6270	spaced
SUPER_2	73778255	73821908	IR	357	.	73799922	0.357	0.942	44	43788	73778255	73778730	73821433	73821913	396779011	73650000	73900000	44	2501	475	42703	spaced
SUPER_2	135582327	135785159	IR	357	.	135684008	0.357	0.975	39	202803	135582327	135582768	135784719	135785159	396779011	135550000	135800000	0	2228	440	201951	wide
SUPER_2	30040712	30243152	IR	357	.	30141541	0.357	0.928	37	202416	30040712	30041517	30242347	30243154	396779011	30000000	30250000	0	2365	805	200830	wide
SUPER_2	164568103	164771055	IR	357	.	164669805	0.357	0.915	35	203023	164568103	164568502	164770672	164771055	396779011	164550000	164800000	38	1992	383	202170	wide
SUPER_2	251086452	251149876	IR	357	.	251117672	0.357	0.980	35	63373	251086452	251086798	251149530	251149876	396779011	250900000	251150000	0	3635	346	62732	spaced
SUPER_2	62565774	62672007	IR	357	.	62618627	0.357	0.826	32	106015	62565774	62566322	62671459	62672040	396779011	62500000	62750000	0	1981	548	105137	wide
SUPER_2	196902716	196904724	IR	357	.	196903902	0.357	0.955	27	2066	196902716	196902961	196904482	196904724	396779011	196700000	196950000	27	3395	242	1521	immediate
SUPER_2	296299693	296366200	IR	357	.	296333123	0.357	0.921	22	66515	296299693	296300035	296365863	296366200	396779011	296200000	296450000	22	2215	337	65828	spaced
SUPER_2	171090872	171234131	IR	357	.	171162084	0.357	0.909	21	143256	171090872	171091122	171233881	171234146	396779011	171000000	171250000	0	2708	250	142759	wide
SUPER_2	290020934	290020988	IR	357	.	290020964	0.357	0.857	21	96020	290020934	290020970	290020952	290020994	396779011	289900000	290150000	211	2015	36	-18	overlap
SUPER_2	41195375	41204970	IR	356	.	41200118	0.356	0.961	361	10238	41195375	41198410	41201935	41204970	396779011	41000000	41250000	361	3336	3035	3525	spaced
SUPER_2	238387968	238419097	IR	356	.	238403854	0.356	0.994	229	31096	238387968	238389313	238417758	238419097	396779011	238200000	238450000	0	3392	1339	28445	spaced
SUPER_2	7613383	7617560	IR	356	.	7615471	0.356	0.975	219	4514	7613383	7614512	7616446	7617560	396779011	7400000	7650000	263	3591	1114	1934	immediate
SUPER_2	285489305	285491886	IR	356	.	285490596	0.356	0.979	118	3056	285489305	285490069	285491122	285491886	396779011	285250000	285500000	118	4009	764	1053	immediate
SUPER_2	167780882	167910946	IR	356	.	167845416	0.356	0.404	109	130067	167780882	167844387	167847441	167910969	396779011	167700000	167950000	0	2431	63505	3054	spaced
SUPER_2	80732941	80735244	IR	356	.	80734196	0.356	0.964	107	2437	80732941	80733599	80734588	80735244	396779011	80500000	80750000	107	3901	656	989	immediate
SUPER_2	227774687	227846274	IR	356	.	227810680	0.356	0.922	99	71668	227774687	227775476	227845485	227846293	396779011	227700000	227950000	106	1841	789	70009	spaced
SUPER_2	275532786	275548958	IR	356	.	275540941	0.356	0.978	58	16199	275532786	275533109	275548637	275548958	396779011	275350000	275600000	58	3181	321	15528	spaced
SUPER_2	200278221	200293158	IR	356	.	200285439	0.356	0.972	55	14911	200278221	200278821	200292559	200293158	396779011	200050000	200300000	0	3928	599	13738	spaced
SUPER_2	215770447	215896861	IR	356	.	215833822	0.356	0.333	52	126355	215770447	215770489	215896819	215896909	396779011	215700000	215950000	404	2227	42	126330	wide
SUPER_2	172171714	172299211	IR	356	.	172235071	0.356	0.898	51	127477	172171714	172172367	172298597	172299211	396779011	172150000	172400000	0	1424	614	126230	wide
SUPER_2	183477318	183530039	IR	356	.	183503620	0.356	0.966	51	52775	183477318	183477674	183529683	183530041	396779011	183350000	183600000	51	2561	356	52009	spaced
SUPER_2	396054933	396063539	IR	356	.	396058756	0.356	0.750	51	8556	396054933	396055029	396063467	396063539	396779011	395850000	396100000	0	3487	72	8438	spaced
SUPER_2	265005588	265081746	IR	356	.	265043773	0.356	0.848	46	76106	265005588	265005654	265081690	265081746	396779011	264850000	265100000	953	3227	56	76036	spaced
SUPER_2	293082256	293223499	IR	356	.	293153086	0.356	1.000	44	141183	293082256	293082314	293223441	293223499	396779011	293000000	293250000	704	2547	58	141127	wide
SUPER_2	252151967	252372608	IR	356	.	252261808	0.356	0.922	39	220630	252151967	252152581	252371994	252372618	396779011	252150000	252400000	0	1871	614	219413	wide
SUPER_2	362616125	362734054	IR	356	.	362675118	0.356	0.677	39	117887	362616125	362616167	362734012	362734074	396779011	362600000	362850000	227	1251	42	117845	wide
SUPER_2	90187043	90333734	IR	356	.	90260485	0.356	0.982	33	146735	90187043	90187261	90333516	90333734	396779011	90150000	90400000	33	1839	218	146255	wide
SUPER_2	271772836	271943854	IR	356	.	271857989	0.356	0.949	32	170999	271772836	271773123	271943567	271943860	396779011	271700000	271950000	0	2638	287	170444	wide
SUPER_2	263009785	263016118	IR	356	.	263013167	0.356	1.000	29	3378	263009785	263009802	263016101	263016118	396779011	263000000	263250000	1	215	17	6299	spaced
SUPER_2	17836234	17921147	IR	356	.	17878452	0.356	1.000	28	42797	17836234	17836251	17921130	17921147	396779011	17700000	17950000	1	2978	17	84879	spaced
SUPER_2	186203459	186203531	IR	356	.	186203499	0.356	0.909	25	27040	186203459	186203514	186203481	186203531	396779011	186000000	186250000	649	3391	50	-33	overlap
SUPER_2	186203459	186203531	IR	356	.	186203499	0.356	0.909	25	27040	186203459	186203514	186203481	186203531	396779011	186150000	186400000	649	891	50	-33	overlap
SUPER_2	306151601	306217475	IR	355	.	306184916	0.355	0.985	362	65856	306151601	306153881	306215220	306217475	396779011	306000000	306250000	0	3075	2255	61339	spaced
SUPER_2	28100599	28107341	IR	355	.	28103897	0.355	0.978	167	6994	28100599	28101651	28106289	28107341	396779011	27900000	28150000	167	3399	1052	4638	spaced
SUPER_2	136780127	136782460	IR	355	.	136781295	0.355	0.988	128	2534	136780127	136780796	136781793	136782460	396779011	136550000	136800000	128	3854	667	997	immediate
SUPER_2	266592309	266595194	IR	355	.	266593752	0.355	0.981	127	3055	266592309	266593093	266594410	266595197	396779011	266350000	266600000	127	4062	784	1317	immediate
SUPER_2	207572660	207576410	IR	355	.	207574538	0.355	0.961	125	3902	207572660	207573703	207575372	207576410	396779011	207350000	207600000	125	3742	1038	1669	immediate
SUPER_2	185291745	185298098	IR	355	.	185295186	0.355	0.985	122	6331	185291745	185292547	185297307	185298098	396779011	185050000	185300000	0	4081	791	4760	spaced
SUPER_2	176921756	176997073	IR	355	.	176959258	0.355	0.948	93	75431	176921756	176922602	176996227	176997089	396779011	176750000	177000000	93	3490	846	73625	spaced
SUPER_2	309218403	309331931	IR	355	.	309275268	0.355	0.944	91	113631	309218403	309219167	309331167	309331932	396779011	309100000	309350000	91	2919	764	112000	wide
SUPER_2	252075907	252078602	IR	355	.	252077038	0.355	0.965	75	2886	252075907	252076513	252077996	252078602	396779011	251850000	252100000	75	3787	606	1483	immediate
SUPER_2	305035807	305060579	IR	355	.	305048417	0.355	0.843	54	25242	305035807	305036253	305060164	305060579	396779011	304950000	305200000	36	1636	415	23911	spaced
SUPER_2	283494851	283496870	IR	355	.	283496039	0.355	0.989	51	2055	283494851	283495124	283496597	283496870	396779011	283450000	283700000	51	764	273	1473	immediate
SUPER_2	294604183	294660871	IR	355	.	294632975	0.355	0.886	51	56609	294604183	294604815	294660239	294660921	396779011	294550000	294800000	0	1375	632	55424	spaced
SUPER_2	117990902	118090250	IR	355	.	118040339	0.355	0.900	42	99296	117990902	117990962	118090196	118090250	396779011	117900000	118150000	628	2342	54	99234	spaced
SUPER_2	67925460	67934776	IR	355	.	67930087	0.355	0.964	40	9286	67925460	67925514	67934722	67934778	396779011	67700000	67950000	672	3835	54	9208	spaced
SUPER_2	37115723	37152488	IR	355	.	37133707	0.355	0.755	39	36828	37115723	37116527	37151684	37152569	396779011	36950000	37200000	0	3068	804	35157	spaced
SUPER_2	210781289	210788202	IR	355	.	210784513	0.355	0.985	36	6924	210781289	210781495	210787997	210788202	396779011	210550000	210800000	24	3912	205	6502	spaced
SUPER_2	315281786	315302098	IR	355	.	315292024	0.355	0.828	31	20268	315281786	315281844	315302050	315302098	396779011	315150000	315400000	440	2365	48	20206	spaced
SUPER_2	49918459	49932385	IR	355	.	49925724	0.355	0.793	30	13981	49918459	49919408	49931436	49932467	396779011	49800000	50050000	0	2090	949	12028	spaced
SUPER_2	141546768	141627056	IR	355	.	141586922	0.355	0.890	30	80362	141546768	141547284	141626540	141627082	396779011	141400000	141650000	34	3115	516	79256	spaced
SUPER_2	366574472	366583544	IR	355	.	366579244	0.355	0.715	30	8820	366574472	366575308	366582708	366583544	396779011	366450000	366700000	0	2149	836	7400	spaced
SUPER_2	35351674	35392061	IR	355	.	35371637	0.355	0.667	27	40353	35351674	35351734	35392021	35392061	396779011	35150000	35400000	224	3697	40	40287	spaced
SUPER_2	450347	488360	IR	355	.	469534	0.355	0.642	26	37976	450347	450381	488326	488379	396779011	350000	600000	89	1989	34	37945	spaced
SUPER_2	243244545	243297166	IR	355	.	243270455	0.355	0.828	26	52607	243244545	243245283	243296428	243297172	396779011	243150000	243400000	0	2014	738	51145	spaced
SUPER_2	365186968	365192806	IR	355	.	365190288	0.355	0.991	26	5819	365186968	365187203	365192571	365192806	396779011	364950000	365200000	0	3997	235	5368	spaced
SUPER_2	313836236	313854532	IR	355	.	313845770	0.355	0.979	25	18278	313836236	313836470	313854298	313854532	396779011	313700000	313950000	0	2422	234	17828	spaced
SUPER_2	213415788	213421027	IR	354	.	213418407	0.354	0.990	451	5794	213415788	213418121	213418694	213421039	396779011	213250000	213500000	451	2806	2333	573	immediate
SUPER_2	95022706	95039809	IR	354	.	95031028	0.354	0.967	242	17355	95022706	95025039	95037476	95039817	396779011	94800000	95050000	242	3854	2333	12437	spaced
SUPER_2	269849218	269852114	IR	354	.	269850849	0.354	0.906	230	4899	269849218	269849559	269851773	269852114	396779011	269700000	269950000	23	2510	341	2214	spaced
SUPER_2	213312785	213316189	IR	354	.	213314402	0.354	0.906	119	3531	213312785	213313949	213315082	213316189	396779011	213300000	213550000	119	241	1107	1133	immediate
SUPER_2	162067257	162094285	IR	354	.	162080455	0.354	0.973	111	27022	162067257	162068047	162093495	162094296	396779011	161850000	162100000	0	3846	790	25448	spaced
SUPER_2	130785159	130805532	IR	354	.	130795685	0.354	0.928	110	20257	130785159	130786849	130803842	130805543	396779011	130600000	130850000	0	3255	1690	16993	spaced
SUPER_2	240187211	240237827	IR	354	.	240212096	0.354	0.985	105	50593	240187211	240188053	240236985	240237828	396779011	240000000	240250000	0	3541	842	48932	spaced
SUPER_2	268934188	268936605	IR	354	.	268935388	0.354	0.907	94	2778	268934188	268934764	268936029	268936617	396779011	268750000	269000000	94	3089	576	1265	immediate
SUPER_2	360948502	361068944	IR	354	.	361008377	0.354	0.731	93	120425	360948502	360950507	361066952	361068944	396779011	360850000	361100000	0	2645	1992	116445	wide
SUPER_2	49259735	49262574	IR	354	.	49261084	0.354	0.946	84	2891	49259735	49260182	49262147	49262574	396779011	49100000	49350000	84	2685	427	1965	immediate
SUPER_2	232998373	233108672	IR	354	.	233053943	0.354	0.928	77	110214	232998373	232999650	233107419	233108672	396779011	232900000	233150000	0	2558	1253	107769	wide
SUPER_2	61684439	61686764	IR	354	.	61685564	0.354	0.948	75	2432	61684439	61685158	61686049	61686764	396779011	61550000	61800000	75	2259	715	891	immediate
SUPER_2	194989846	195187357	IR	354	.	195088502	0.354	0.958	70	197582	194989846	194990392	195186811	195187363	396779011	194950000	195200000	70	2309	546	196419	wide
SUPER_2	186897864	186900045	IR	354	.	186898647	0.354	0.998	69	2152	186897864	186898308	186899601	186900045	396779011	186750000	187000000	0	2482	444	1293	immediate
SUPER_2	196585746	196604825	IR	354	.	196595559	0.354	1.000	58	19048	196585746	196586078	196604493	196604825	396779011	196400000	196650000	0	3254	332	18415	spaced
SUPER_2	194190770	194226103	IR	354	.	194208608	0.354	0.966	57	35669	194190770	194191323	194225550	194226103	396779011	194000000	194250000	57	3473	553	34227	spaced
SUPER_2	234351829	234369869	IR	354	.	234360863	0.354	0.888	53	18074	234351829	234352706	234369025	234369869	396779011	234200000	234450000	54	2680	844	16319	spaced
SUPER_2	38582681	38600768	IR	354	.	38591417	0.354	0.984	50	18071	38582681	38582992	38600457	38600773	396779011	38400000	38650000	0	3195	311	17465	spaced
SUPER_2	367747560	367753725	IR	354	.	367750653	0.354	0.620	49	6109	367747560	367747606	367753679	367753756	396779011	367600000	367850000	659	2510	46	6073	spaced
SUPER_2	93398361	93572300	IR	354	.	93485223	0.354	0.861	47	199424	93398361	93398895	93571804	93572300	396779011	93350000	93600000	47	2255	496	172909	wide
SUPER_2	377094501	377137530	IR	354	.	377116097	0.354	0.857	46	43119	377094501	377095308	377136723	377137542	396779011	376900000	377150000	46	3599	807	41415	spaced
SUPER_2	101352918	101365518	IR	354	.	101358757	0.354	0.966	45	12583	101352918	101353389	101365047	101365521	396779011	101150000	101400000	0	3486	471	11658	spaced
SUPER_2	61554767	61565577	IR	354	.	61559843	0.354	1.000	43	10792	61554767	61555032	61565312	61565577	396779011	61350000	61600000	0	3502	265	10280	spaced
SUPER_2	80740621	80754581	IR	354	.	80747628	0.354	0.900	43	13932	80740621	80740681	80754527	80754581	396779011	80550000	80800000	951	3293	54	13846	spaced
SUPER_2	217981894	217988556	IR	354	.	217985392	0.354	0.987	42	6713	217981894	217982193	217988257	217988556	396779011	217800000	218050000	42	3086	299	6064	spaced
SUPER_2	319506158	319651304	IR	354	.	319578930	0.354	0.929	42	145311	319506158	319506800	319650662	319651313	396779011	319450000	319700000	42	2145	642	143862	wide
SUPER_2	179806999	179810065	IR	354	.	179808248	0.354	0.960	39	3042	179806999	179807422	179809647	179810065	396779011	179650000	179900000	0	2642	418	2225	spaced
SUPER_2	289729746	289731813	IR	354	.	289730823	0.354	0.978	37	2101	289729746	289730063	289731496	289731813	396779011	289550000	289800000	37	3012	317	1433	immediate
SUPER_2	289831902	289834535	IR	354	.	289833224	0.354	0.894	34	2824	289831902	289832343	289834104	289834535	396779011	289600000	289850000	34	3886	431	1761	immediate
SUPER_2	232505317	232618711	IR	354	.	232562495	0.354	0.907	32	113307	232505317	232505810	232618226	232618711	396779011	232400000	232650000	0	2700	485	112416	wide
SUPER_2	127186591	127189004	IR	354	.	127187901	0.354	0.981	31	2508	127186591	127186806	127188789	127189004	396779011	127150000	127400000	31	629	215	1983	immediate
SUPER_2	235441610	235515931	IR	354	.	235478837	0.354	0.712	31	74339	235441610	235442141	235515507	235515931	396779011	235350000	235600000	32	2146	424	73366	spaced
SUPER_2	266354372	266358015	IR	354	.	266355871	0.354	0.641	31	3593	266354372	266354450	266357965	266358015	396779011	266250000	266500000	0	1769	50	3515	spaced
SUPER_2	324249885	324299197	IR	354	.	324274175	0.354	0.892	31	49291	324249885	324250428	324298670	324299197	396779011	324050000	324300000	0	3742	527	48242	spaced
SUPER_2	182970358	183032923	IR	354	.	183001662	0.354	0.835	27	62617	182970358	182970551	183032730	183032960	396779011	182800000	183050000	27	3360	193	62179	spaced
SUPER_2	162567814	162605476	IR	354	.	162586200	0.354	0.867	25	37640	162567814	162568785	162604539	162605476	396779011	162550000	162800000	0	610	937	35754	spaced
SUPER_2	287802671	287989621	IR	354	.	287896230	0.354	0.786	25	186904	287802671	287802715	287989577	287989633	396779011	287750000	288000000	320	2435	44	186862	wide
SUPER_2	2012277	2014341	IR	354	.	2013309	0.354	0.973	22	2069	2012277	2012463	2014155	2014342	396779011	1850000	2100000	22	2721	186	1692	immediate
SUPER_2	375561330	375574674	IR	354	.	375567783	0.354	0.766	22	13628	375561330	375562948	375573056	375574697	396779011	375500000	375750000	24	1133	1618	10108	spaced
SUPER_2	283538520	283546376	IR	353	.	283542445	0.353	0.997	776	8666	283538520	283541978	283542923	283546376	396779011	283300000	283550000	776	4040	3453	945	immediate
SUPER_2	133103911	133118149	IR	353	.	133111479	0.353	0.983	671	14084	133103911	133107934	133114152	133118149	396779011	132900000	133150000	0	3517	3997	6218	spaced
SUPER_2	346264405	346269164	IR	353	.	346266784	0.353	1.000	452	5224	346264405	346266344	346267225	346269164	396779011	346050000	346300000	452	3612	1939	881	immediate
SUPER_2	263267459	263270968	IR	353	.	263269578	0.353	0.999	258	3490	263267459	263268881	263269546	263270969	396779011	263050000	263300000	0	3653	1422	665	immediate
SUPER_2	228938209	228946340	IR	353	.	228942243	0.353	1.000	241	8358	228938209	228939271	228945278	228946340	396779011	228700000	228950000	241	4037	1062	6007	spaced
SUPER_2	273955128	273962430	IR	353	.	273958279	0.353	0.996	225	7271	273955128	273956465	273961094	273962430	396779011	273750000	274000000	0	3479	1336	4629	spaced
SUPER_2	164927543	164935178	IR	353	.	164931258	0.353	0.971	217	8069	164927543	164929007	164933714	164935181	396779011	164750000	165000000	217	3022	1464	4707	spaced
SUPER_2	73181253	73186505	IR	353	.	73183878	0.353	0.975	195	5540	73181253	73182218	73185540	73186516	396779011	73150000	73400000	195	564	965	3322	spaced
SUPER_2	205012863	205015858	IR	353	.	205014482	0.353	0.992	145	3138	205012863	205013569	205015152	205015862	396779011	204800000	205050000	145	3572	706	1583	immediate
SUPER_2	374855677	374862032	IR	353	.	374859264	0.353	0.775	127	6327	374855677	374857080	374860736	374862032	396779011	374750000	375000000	0	1814	1296	3656	spaced
SUPER_2	306967775	307039772	IR	353	.	307003349	0.353	0.463	123	58507	306967775	306983258	307024379	307039772	396779011	306800000	307050000	0	3396	15393	41121	spaced
SUPER_2	189881316	189885783	IR	353	.	189883182	0.353	0.626	115	4441	189881316	189883209	189883948	189885783	396779011	189650000	189900000	0	3892	1835	739	immediate
SUPER_2	136845918	136848282	IR	353	.	136847101	0.353	0.985	113	2514	136845918	136846579	136847624	136848282	396779011	136600000	136850000	113	4118	658	1045	immediate
SUPER_2	64218008	64221712	IR	353	.	64220340	0.353	0.984	110	3676	64218008	64218693	64221035	64221712	396779011	64000000	64250000	0	3664	677	2342	spaced
SUPER_2	148880155	148882962	IR	353	.	148881336	0.353	0.978	98	3084	148880155	148880796	148882323	148882962	396779011	148650000	148900000	98	3859	639	1527	immediate
SUPER_2	196859385	196869906	IR	353	.	196864217	0.353	0.882	98	10503	196859385	196861889	196867438	196869906	396779011	196650000	196900000	0	3577	2468	5549	spaced
SUPER_2	190112184	190115125	IR	353	.	190113659	0.353	0.917	78	3068	190112184	190113231	190114086	190115125	396779011	189900000	190150000	78	3560	1039	855	immediate
SUPER_2	319955549	320041220	IR	353	.	319998045	0.353	0.931	68	85650	319955549	319956408	320040391	320041220	396779011	319800000	320050000	0	3306	829	83983	spaced
SUPER_2	246240473	246242582	IR	353	.	246241533	0.353	0.882	64	2188	246240473	246241173	246241894	246242582	396779011	246000000	246250000	64	4025	688	721	immediate
SUPER_2	176616613	176620287	IR	353	.	176618302	0.353	0.932	60	3983	176616613	176617317	176619589	176620287	396779011	176550000	176800000	60	1140	698	2272	spaced
SUPER_2	57300209	57432425	IR	353	.	57366739	0.353	0.938	57	132195	57300209	57301065	57431570	57432425	396779011	57200000	57450000	0	2771	855	130505	wide
SUPER_2	219607377	219759115	IR	353	.	219682942	0.353	0.973	55	151712	219607377	219607826	219758666	219759115	396779011	219550000	219800000	0	2220	449	150840	wide
SUPER_2	147582300	147586126	IR	353	.	147584682	0.353	0.976	50	3769	147582300	147582709	147585717	147586127	396779011	147550000	147800000	0	570	409	3008	spaced
SUPER_2	245094654	245098692	IR	353	.	245097023	0.353	0.977	49	4012	245094654	245095045	245098303	245098692	396779011	244850000	245100000	0	4111	389	3258	spaced
SUPER_2	205953905	205979398	IR	353	.	205966501	0.353	0.951	45	25517	205953905	205954334	205978971	205979398	396779011	205950000	206200000	45	277	427	24637	spaced
SUPER_2	25828087	25836313	IR	353	.	25832028	0.353	0.774	37	8466	25828087	25829082	25835318	25836361	396779011	25650000	25900000	37	3036	995	6236	spaced
SUPER_2	210578276	210727763	IR	353	.	210652792	0.353	0.854	37	149525	210578276	210578903	210727154	210727763	396779011	210500000	210750000	37	2550	609	148251	wide
SUPER_2	325997042	326026373	IR	353	.	326011350	0.353	0.757	31	29311	325997042	325997926	326025536	326026373	396779011	325800000	326050000	0	3528	837	27610	spaced
SUPER_2	254185544	254216864	IR	353	.	254201114	0.353	0.739	29	31448	254185544	254187495	254214913	254216885	396779011	254000000	254250000	29	3353	1951	27418	spaced
SUPER_2	282667790	282671152	IR	353	.	282669056	0.353	0.990	28	3341	282667790	282667987	282670955	282671152	396779011	282500000	282750000	0	2824	197	2968	spaced
SUPER_2	327180149	327197530	IR	353	.	327189300	0.353	0.935	28	17360	327180149	327180638	327197044	327197530	396779011	327050000	327300000	0	2313	486	16406	spaced
SUPER_2	140107786	140113107	IR	353	.	140110105	0.353	0.984	24	5303	140107786	140107979	140112914	140113107	396779011	139900000	140150000	0	3507	193	4935	spaced
SUPER_2	347895191	347897215	IR	353	.	347896203	0.353	0.941	23	2040	347895191	347895460	347896950	347897215	396779011	347650000	347900000	23	4103	265	1490	immediate
SUPER_2	3817077	3965168	IR	353	.	3891273	0.353	0.714	22	148047	3817077	3817117	3965128	3965184	396779011	3800000	4050000	224	1518	40	148011	wide
SUPER_2	132222425	132232641	IR	353	.	132227978	0.353	0.981	22	10183	132222425	132222586	132232480	132232641	396779011	132150000	132400000	0	1292	161	9894	spaced
SUPER_2	241891921	241898447	IR	353	.	241895502	0.353	0.894	22	6434	241891921	241892585	241897783	241898453	396779011	241700000	241950000	0	3252	664	5198	spaced
SUPER_2	300874869	301013259	IR	353	.	300943589	0.353	0.575	22	138350	300874869	300874909	301013219	301013289	396779011	300850000	301100000	0	1567	40	138310	wide
SUPER_2	9269040	9449875	IR	353	.	9358983	0.353	0.799	21	180816	9269040	9269393	9449562	9449875	396779011	9250000	9500000	0	1824	313	180169	wide
SUPER_2	54806757	54812260	IR	353	.	54809469	0.353	0.992	21	5527	54806757	54806879	54812138	54812260	396779011	54600000	54850000	21	3491	122	5259	spaced
SUPER_2	375477140	375511205	IR	352	.	375494565	0.352	0.606	340	34037	375477140	375488512	375499858	375511205	396779011	375300000	375550000	0	3236	11347	11346	spaced
SUPER_2	349520858	349535404	IR	352	.	349527955	0.352	0.948	247	15653	349520858	349524296	349531968	349535404	396779011	349300000	349550000	247	3802	3436	7672	spaced
SUPER_2	116103173	116115205	IR	352	.	116109105	0.352	0.957	235	12938	116103173	116105648	116112730	116115205	396779011	115900000	116150000	235	3486	2475	7082	spaced
SUPER_2	137068018	137072320	IR	352	.	137070170	0.352	0.985	225	4476	137068018	137069169	137071171	137072320	396779011	136850000	137100000	225	3669	1149	2002	spaced
SUPER_2	294196654	294229390	IR	352	.	294213517	0.352	0.950	138	32715	294196654	294197561	294228525	294229390	396779011	294000000	294250000	0	3550	865	30964	spaced
SUPER_2	299385302	299455271	IR	352	.	299420676	0.352	0.982	123	69950	299385302	299386257	299454316	299455271	396779011	299250000	299500000	0	2837	955	68059	spaced
SUPER_2	363552680	363641967	IR	352	.	363597239	0.352	0.892	114	89420	363552680	363553526	363641184	363641967	396779011	363450000	363700000	114	2455	783	87658	spaced
SUPER_2	157221978	157305914	IR	352	.	157263827	0.352	0.968	105	84108	157221978	157222888	157305004	157305914	396779011	157100000	157350000	105	2732	910	82116	spaced
SUPER_2	239114986	239118210	IR	352	.	239116481	0.352	0.996	103	3409	239114986	239115540	239117656	239118212	396779011	238900000	239150000	103	3609	554	2116	spaced
SUPER_2	35982690	36014623	IR	352	.	35999134	0.352	0.924	96	31916	35982690	35984418	36012895	36014631	396779011	35800000	36050000	0	3310	1728	28477	spaced
SUPER_2	166279260	166282566	IR	352	.	166280415	0.352	0.993	95	3278	166279260	166279809	166282021	166282566	396779011	166050000	166300000	0	3848	545	2212	spaced
SUPER_2	226568129	226570974	IR	352	.	226569621	0.352	0.981	90	3023	226568129	226568717	226570386	226570974	396779011	226400000	226650000	90	2825	588	1669	immediate
SUPER_2	291579127	291691937	IR	352	.	291635440	0.352	0.863	89	113239	291579127	291580419	291690645	291691943	396779011	291500000	291750000	89	2258	1292	110226	wide
SUPER_2	235326495	235377252	IR	352	.	235351888	0.352	0.974	87	50957	235326495	235327184	235376563	235377252	396779011	235150000	235400000	87	3364	689	49379	spaced
SUPER_2	71916870	71933781	IR	352	.	71925548	0.352	1.000	86	16959	71916870	71916887	71933764	71933781	396779011	71750000	72000000	1	2921	17	16877	spaced
SUPER_2	124702389	124729227	IR	352	.	124716267	0.352	0.946	72	26796	124702389	124703563	124728053	124729231	396779011	124500000	124750000	0	3596	1174	24490	spaced
SUPER_2	121876281	121931293	IR	352	.	121903820	0.352	0.927	65	55096	121876281	121877080	121930494	121931300	396779011	121700000	121950000	65	3396	799	53414	spaced
SUPER_2	157721601	157753922	IR	352	.	157737914	0.352	0.505	61	32690	157721601	157729307	157746267	157753922	396779011	157650000	157900000	61	1462	7655	16960	spaced
SUPER_2	206023020	206026357	IR	352	.	206025176	0.352	0.881	59	3339	206023020	206023605	206025772	206026417	396779011	206000000	206250000	0	411	585	2167	spaced
SUPER_2	296633878	296636275	IR	352	.	296634583	0.352	0.970	55	2382	296633878	296634301	296635852	296636282	396779011	296450000	296700000	0	3084	423	1551	immediate
SUPER_2	362920742	362932726	IR	352	.	362927143	0.352	0.450	53	8418	362920742	362924708	362928760	362932783	396779011	362750000	363000000	0	2945	3966	4052	spaced
SUPER_2	330253812	330257794	IR	352	.	330255772	0.352	0.626	52	3999	330253812	330255023	330256630	330257794	396779011	330100000	330350000	52	2596	1164	1607	immediate
SUPER_2	4014677	4236447	IR	352	.	4125920	0.352	0.884	50	221749	4014677	4015553	4235571	4236448	396779011	4000000	4250000	0	2092	876	220018	wide
SUPER_2	271131567	271244741	IR	352	.	271188550	0.352	0.961	50	113148	271131567	271132098	271244210	271244741	396779011	271050000	271300000	0	2302	531	112112	wide
SUPER_2	14855	34296	IR	352	.	24159	0.352	0.418	49	10693	14855	23987	25164	34352	396779011	0	250000	0	409	9132	1177	immediate
SUPER_2	160873616	160884164	IR	352	.	160879307	0.352	0.844	47	10349	160873616	160876025	160881818	160884164	396779011	160700000	160950000	0	2981	2346	5793	spaced
SUPER_2	298166348	298364309	IR	352	.	298265317	0.352	0.762	44	198072	298166348	298168197	298362460	298364391	396779011	298150000	298400000	44	1922	1849	194263	wide
SUPER_2	304426239	304429648	IR	352	.	304428316	0.352	0.921	40	3390	304426239	304426976	304428912	304429648	396779011	304350000	304600000	0	1298	736	1936	immediate
SUPER_2	55304018	55356198	IR	352	.	55329744	0.352	0.917	38	52116	55304018	55304090	55356132	55356198	396779011	55300000	55550000	0	501	66	52042	spaced
SUPER_2	175800611	175806532	IR	352	.	175803216	0.352	0.942	38	5899	175800611	175800973	175806182	175806532	396779011	175650000	175900000	0	2559	350	5209	spaced
SUPER_2	12238203	12426189	IR	352	.	12332103	0.352	0.828	34	187970	12238203	12238261	12426141	12426189	396779011	12200000	12450000	404	2203	48	187880	wide
SUPER_2	219419142	219433476	IR	352	.	219426507	0.352	0.961	33	14424	219419142	219419473	219433146	219433476	396779011	219250000	219500000	33	2938	330	13673	spaced
SUPER_2	70497790	70501755	IR	352	.	70499422	0.352	0.833	32	3905	70497790	70497850	70501695	70501767	396779011	70300000	70550000	0	3329	60	3845	spaced
SUPER_2	366229272	366267421	IR	352	.	366248015	0.352	0.783	31	38200	366229272	366230677	366266016	366267499	396779011	366100000	366350000	0	2472	1405	35339	spaced
SUPER_2	395618245	395740383	IR	352	.	395678927	0.352	0.399	30	62170	395618245	395678491	395680194	395740383	396779011	395500000	395750000	0	2988	60189	1703	immediate
SUPER_2	253890124	254032573	IR	352	.	253961117	0.352	0.906	26	142459	253890124	253890322	254032382	254032573	396779011	253800000	254050000	26	2688	191	142060	wide
SUPER_2	89014544	89178652	IR	352	.	89096352	0.352	1.000	24	164070	89014544	89014582	89178614	89178652	396779011	88950000	89200000	36	2443	38	164032	wide
SUPER_2	195213768	195218101	IR	352	.	195216078	0.352	0.911	23	4349	195213768	195213958	195217921	195218101	396779011	195100000	195350000	23	1932	180	3963	spaced
SUPER_2	207334987	207431245	IR	352	.	207383604	0.352	0.965	21	96237	207334987	207335187	207431046	207431245	396779011	207250000	207500000	0	2218	199	95859	spaced
SUPER_2	82489366	82524278	IR	351	.	82507242	0.351	0.996	433	34893	82489366	82491813	82521831	82524279	396779011	82300000	82550000	0	3446	2447	30018	spaced
SUPER_2	228230381	228235728	IR	351	.	228232673	0.351	0.999	416	5326	228230381	228232693	228233416	228235729	396779011	228000000	228250000	0	3884	2312	723	immediate
SUPER_2	223149752	223239910	IR	351	.	223194521	0.351	0.962	250	90134	223149752	223152503	223237164	223239910	396779011	223000000	223250000	0	3247	2746	84661	spaced
SUPER_2	228758207	228762072	IR	351	.	228760088	0.351	0.996	199	4145	228758207	228759129	228761150	228762075	396779011	228550000	228800000	199	3502	922	2021	spaced
SUPER_2	26526021	26532601	IR	351	.	26529459	0.351	0.934	152	47875	26526021	26527761	26530861	26532602	396779011	26400000	26650000	152	2155	1740	3100	spaced
SUPER_2	122796313	122829848	IR	351	.	122812772	0.351	0.891	131	33435	122796313	122798413	122827772	122829848	396779011	122600000	122850000	0	3551	2076	29359	spaced
SUPER_2	99394382	99396984	IR	351	.	99395292	0.351	0.984	112	2574	99394382	99395022	99396353	99396984	396779011	99150000	99400000	0	4094	631	1331	immediate
SUPER_2	52474565	52477130	IR	351	.	52475408	0.351	0.984	105	2461	52474565	52475374	52476321	52477130	396779011	52250000	52500000	0	3763	809	947	immediate
SUPER_2	257590227	257598224	IR	351	.	257594614	0.351	0.975	97	7969	257590227	257591018	257597434	257598224	396779011	257550000	257800000	0	736	790	6416	spaced
SUPER_2	148841065	148843897	IR	351	.	148842481	0.351	0.985	77	2914	148841065	148841518	148843444	148843897	396779011	148600000	148850000	77	4041	453	1926	immediate
SUPER_2	17599406	17601957	IR	351	.	17600858	0.351	0.994	70	87767	17599406	17599721	17601644	17601957	396779011	17450000	17700000	70	2511	313	1923	immediate
SUPER_2	34541482	34544565	IR	351	.	34543024	0.351	0.907	68	3142	34541482	34542037	34544010	34544596	396779011	34300000	34550000	68	4050	555	1973	immediate
SUPER_2	300341482	300423415	IR	351	.	300382845	0.351	0.943	68	81843	300341482	300342395	300422509	300423415	396779011	300250000	300500000	0	2207	906	80114	spaced
SUPER_2	65554706	65630025	IR	351	.	65592336	0.351	0.922	67	75517	65554706	65555368	65629363	65630044	396779011	65450000	65700000	67	2372	662	73995	spaced
SUPER_2	72671	275903	IR	351	.	173954	0.351	0.927	66	203238	72671	73414	275160	275929	396779011	50000	300000	0	2071	743	201746	wide
SUPER_2	184800636	184886727	IR	351	.	184843929	0.351	0.942	66	86065	184800636	184801882	184885483	184886727	396779011	184650000	184900000	0	3227	1244	83601	spaced
SUPER_2	170080581	170087076	IR	351	.	170083686	0.351	0.997	65	6535	170080581	170080897	170086760	170087076	396779011	170050000	170300000	65	563	316	5863	spaced
SUPER_2	91695052	91703107	IR	351	.	91699229	0.351	0.981	63	8086	91695052	91695475	91702685	91703107	396779011	91600000	91850000	63	1651	422	7210	spaced
SUPER_2	140182494	140219830	IR	351	.	140201063	0.351	0.915	60	37397	140182494	140182977	140219347	140219842	396779011	140000000	140250000	60	3352	483	36370	spaced
SUPER_2	251170343	251177603	IR	351	.	251173589	0.351	0.973	57	7237	251170343	251170868	251177078	251177604	396779011	250950000	251200000	0	3732	525	6210	spaced
SUPER_2	52820195	52822924	IR	351	.	52821424	0.351	0.990	55	2773	52820195	52820502	52822617	52822924	396779011	52600000	52850000	55	3692	307	2115	spaced
SUPER_2	271116702	271131562	IR	351	.	271123728	0.351	0.989	54	14841	271116702	271117064	271131200	271131562	396779011	271000000	271250000	0	2068	362	14136	spaced
SUPER_2	182341361	182428691	IR	351	.	182384620	0.351	0.952	50	87250	182341361	182341441	182428611	182428695	396779011	182200000	182450000	0	3083	80	87170	spaced
SUPER_2	209119743	209327692	IR	351	.	209223565	0.351	0.854	47	208021	209119743	209120673	209326763	209327692	396779011	209100000	209350000	47	2061	929	206090	wide
SUPER_2	282285623	282456388	IR	351	.	282371419	0.351	0.964	46	170741	282285623	282286094	282455917	282456388	396779011	282250000	282500000	0	2016	471	169823	wide
SUPER_2	364925476	364965310	IR	351	.	364945828	0.351	0.822	45	39815	364925476	364926244	364964640	364965310	396779011	364800000	365050000	0	2423	670	38396	spaced
SUPER_2	268129870	268132003	IR	351	.	268130936	0.351	0.950	44	2209	268129870	268130166	268131709	268132003	396779011	268050000	268300000	44	1348	294	1543	immediate
SUPER_2	276912617	276915666	IR	351	.	276914362	0.351	0.932	43	3170	276912617	276913132	276915158	276915666	396779011	276750000	277000000	43	2735	508	2026	spaced
SUPER_2	216480442	216551128	IR	351	.	216516038	0.351	0.958	42	70666	216480442	216480917	216550659	216551128	396779011	216400000	216650000	0	1929	469	69742	spaced
SUPER_2	120420454	120422882	IR	351	.	120421668	0.351	0.956	40	2445	120420454	120420696	120422640	120422891	396779011	120200000	120450000	40	3694	242	1944	immediate
SUPER_2	237460135	237581913	IR	351	.	237521373	0.351	0.783	36	121647	237460135	237461325	237580743	237581913	396779011	237450000	237700000	0	1183	1170	119418	wide
SUPER_2	222535172	222694076	IR	351	.	222614984	0.351	0.947	29	158882	222535172	222535528	222693720	222694076	396779011	222500000	222750000	0	1910	356	158192	wide
SUPER_2	70899596	70964882	IR	351	.	70931786	0.351	0.991	28	65267	70899596	70899820	70964658	70964882	396779011	70750000	71000000	0	3037	224	64838	spaced
SUPER_2	244000986	244089846	IR	351	.	244045741	0.351	0.391	28	88927	244000986	244045431	244045401	244089942	396779011	243950000	244200000	0	1590	44445	-30	overlap
SUPER_2	188856436	188872912	IR	351	.	188864557	0.351	0.937	27	16690	188856436	188856705	188872643	188872913	396779011	188650000	188900000	27	3577	269	15938	spaced
SUPER_2	95580357	95581821	IR	351	.	95581101	0.351	0.900	25	21591	95580357	95580805	95581373	95581845	396779011	95400000	95650000	25	3018	448	568	immediate
SUPER_2	277259561	277410270	IR	351	.	277335025	0.351	0.974	25	150720	277259561	277259751	277410080	277410271	396779011	277200000	277450000	25	2248	190	150329	wide
SUPER_2	141804971	141952851	IR	351	.	141878538	0.351	0.787	24	147855	141804971	141806114	141951803	141952851	396779011	141800000	142050000	0	1315	1048	145689	wide
SUPER_2	226733538	226755949	IR	351	.	226744935	0.351	0.932	24	22407	226733538	226733829	226755658	226755949	396779011	226650000	226900000	24	1578	291	21829	spaced
SUPER_2	325464673	325467255	IR	351	.	325465791	0.351	0.979	24	2650	325464673	325464863	325467065	325467255	396779011	325300000	325550000	24	2765	190	2202	spaced
SUPER_2	180676820	180736602	IR	351	.	180706748	0.351	0.845	23	59780	180676820	180677603	180735819	180736609	396779011	180600000	180850000	23	1778	783	58216	spaced
SUPER_2	11626917	11815959	IR	351	.	11721930	0.351	0.903	22	189028	11626917	11627328	11815548	11815967	396779011	11600000	11850000	0	2023	411	188220	wide
SUPER_2	112231656	112346378	IR	351	.	112289495	0.351	0.396	20	114704	112231656	112289035	112289003	112346378	396779011	112100000	112350000	0	3150	57375	-32	overlap
SUPER_2	259535302	259598570	IR	350	.	259566477	0.350	0.995	832	63238	259535302	259540295	259593577	259598574	396779011	259350000	259600000	0	3615	4993	53282	spaced
SUPER_2	86645621	86652057	IR	350	.	86648458	0.350	0.991	309	6408	86645621	86647603	86650075	86652057	396779011	86450000	86700000	0	3313	1982	2472	spaced
SUPER_2	209013329	209096300	IR	350	.	209054992	0.350	0.953	274	83301	209013329	209016204	209093427	209096300	396779011	208850000	209100000	274	3413	2873	77223	spaced
SUPER_2	189314428	189321125	IR	350	.	189317908	0.350	0.988	236	6935	189314428	189315500	189320065	189321125	396779011	189150000	189400000	237	2796	1060	4565	spaced
SUPER_2	344734775	344738404	IR	350	.	344736595	0.350	0.967	178	4089	344734775	344735690	344737489	344738430	396779011	344500000	344750000	178	3943	915	1799	immediate
SUPER_2	250883429	250886234	IR	350	.	250885250	0.350	0.882	145	2785	250883429	250884461	250885310	250886234	396779011	250750000	251000000	0	2247	924	849	immediate
SUPER_2	197493296	197504517	IR	350	.	197498582	0.350	0.853	114	11257	197493296	197494268	197503545	197504600	396779011	197400000	197650000	0	1648	972	9277	spaced
SUPER_2	281253259	281377517	IR	350	.	281314952	0.350	0.969	112	124235	281253259	281254229	281376547	281377521	396779011	281150000	281400000	0	2756	970	122318	wide
SUPER_2	92647646	92650441	IR	350	.	92648878	0.350	0.998	102	2890	92647646	92648124	92649963	92650441	396779011	92600000	92850000	102	817	478	1839	immediate
SUPER_2	265941972	265950230	IR	350	.	265946259	0.350	0.994	90	8332	265941972	265942467	265949735	265950230	396779011	265750000	266000000	90	3268	495	7268	spaced
SUPER_2	172951561	173018677	IR	350	.	172984692	0.350	0.904	89	67092	172951561	172952976	173017276	173018677	396779011	172950000	173200000	0	585	1401	64300	spaced
SUPER_2	253423650	253450099	IR	350	.	253437345	0.350	0.922	62	26397	253423650	253424459	253449311	253450099	396779011	253250000	253500000	0	3114	788	24852	spaced
SUPER_2	91156193	91163319	IR	350	.	91159397	0.350	0.947	57	7107	91156193	91156915	91162612	91163319	396779011	90950000	91200000	0	3495	707	5697	spaced
SUPER_2	144584428	144589141	IR	350	.	144586489	0.350	0.926	56	4702	144584428	144584985	144588584	144589148	396779011	144400000	144650000	0	3112	557	3599	spaced
SUPER_2	223758588	223953027	IR	350	.	223855383	0.350	0.876	54	194420	223758588	223759518	223952097	223953028	396779011	223750000	224000000	0	1763	930	192579	wide
SUPER_2	246782324	246874544	IR	350	.	246828148	0.350	0.940	49	92189	246782324	246783007	246873867	246874544	396779011	246650000	246900000	0	2973	677	90860	spaced
SUPER_2	254585776	254634825	IR	350	.	254610716	0.350	0.902	47	49019	254585776	254586211	254634416	254634825	396779011	254500000	254750000	0	1838	409	48205	spaced
SUPER_2	291891828	291917649	IR	350	.	291905048	0.350	0.867	44	25773	291891828	291891926	291917563	291917649	396779011	291700000	291950000	0	3412	86	25637	spaced
SUPER_2	373278082	373281417	IR	350	.	373280176	0.350	0.795	44	3375	373278082	373278537	373280962	373281475	396779011	373050000	373300000	0	3829	455	2425	spaced
SUPER_2	110951505	110978892	IR	350	.	110965511	0.350	0.927	43	27361	110951505	110952188	110978210	110978892	396779011	110950000	111200000	0	253	682	26022	spaced
SUPER_2	392650070	392652163	IR	350	.	392650678	0.350	0.986	41	2074	392650070	392650352	392651881	392652163	396779011	392450000	392700000	0	3351	282	1529	immediate
SUPER_2	154449157	154462786	IR	350	.	154456192	0.350	0.976	39	13714	154449157	154449445	154462498	154462786	396779011	154250000	154500000	39	3432	288	13053	spaced
SUPER_2	288634664	288824314	IR	350	.	288729945	0.350	0.750	37	189616	288634664	288634724	288824254	288824334	396779011	288600000	288850000	0	2158	60	189530	wide
SUPER_2	368996333	369111715	IR	350	.	369053646	0.350	0.397	32	115363	368996333	369047603	369060463	369111715	396779011	368950000	369200000	0	1733	51252	12860	spaced
SUPER_2	115214035	115375784	IR	350	.	115294568	0.350	0.992	30	161728	115214035	115214272	115375547	115375784	396779011	115200000	115450000	0	1581	237	161275	wide
SUPER_2	191555863	191557881	IR	350	.	191556876	0.350	0.952	30	2032	191555863	191556086	191557658	191557885	396779011	191450000	191700000	30	1781	223	1572	immediate
SUPER_2	95582003	95724397	IR	350	.	95652865	0.350	0.920	26	142363	95582003	95582537	95723865	95724397	396779011	95500000	95750000	0	2553	532	141328	wide
SUPER_2	295906677	295910260	IR	350	.	295908127	0.350	0.943	26	3554	295906677	295907061	295909881	295910260	396779011	295800000	296050000	0	1807	379	2820	spaced
SUPER_2	302049162	302146236	IR	350	.	302098159	0.350	0.866	26	97022	302049162	302049657	302145746	302146236	396779011	301950000	302200000	0	2461	490	96089	spaced
SUPER_2	44208217	44271779	IR	350	.	44239721	0.350	0.981	23	63476	44208217	44208431	44271565	44271779	396779011	44050000	44300000	0	3166	214	63134	spaced
SUPER_2	275660574	275667838	IR	350	.	275664646	0.350	0.936	21	7154	275660574	275660916	275667496	275667840	396779011	275600000	275850000	0	1069	342	6580	spaced
SUPER_2	6999796	7002659	IR	350	.	7001474	0.350	0.861	20	2864	6999796	7000041	7002414	7002682	396779011	6950000	7200000	0	853	245	2373	spaced
SUPER_2	300831390	300834172	IR	350	.	300832943	0.350	0.934	20	2782	300831390	300831633	300833930	300834172	396779011	300700000	300950000	20	2212	242	2297	spaced
SUPER_2	344406851	344412328	IR	350	.	344409939	0.350	0.860	20	5459	344406851	344407335	344411871	344412328	396779011	344400000	344650000	0	159	457	4536	spaced
SUPER_2	105962083	106049933	IR	349	.	106006408	0.349	0.962	850	87828	105962083	105971599	106040425	106049933	396779011	105800000	106050000	0	3433	9508	68826	spaced
SUPER_2	222866105	222880618	IR	349	.	222873349	0.349	0.874	403	15059	222866105	222868934	222877841	222880618	396779011	222650000	222900000	403	3722	2777	8907	spaced
SUPER_2	213827786	213973075	IR	349	.	213900584	0.349	0.950	291	146001	213827786	213830093	213970772	213973075	396779011	213800000	214050000	294	1673	2303	140679	wide
SUPER_2	201468080	201564577	IR	349	.	201516325	0.349	0.986	174	96777	201468080	201469140	201563520	201564577	396779011	201400000	201650000	174	1938	1057	94380	spaced
SUPER_2	343809871	343847770	IR	349	.	343829043	0.349	0.997	165	38021	343809871	343810663	343846978	343847770	396779011	343600000	343850000	167	3813	792	36315	spaced
SUPER_2	346033909	346121838	IR	349	.	346077704	0.349	0.983	140	88030	346033909	346034794	346120953	346121838	396779011	345900000	346150000	140	2964	885	86159	spaced
SUPER_2	233825901	233965531	IR	349	.	233895887	0.349	0.707	118	139802	233825901	233827439	233963993	233965590	396779011	233750000	234000000	118	2428	1538	136554	wide
SUPER_2	188283578	188421398	IR	349	.	188352471	0.349	0.923	105	138181	188283578	188284224	188420752	188421442	396779011	188200000	188450000	105	2541	646	136528	wide
SUPER_2	226615359	226618986	IR	349	.	226617125	0.349	0.980	105	3791	226615359	226616057	226618288	226618990	396779011	226400000	226650000	105	3619	698	2231	spaced
SUPER_2	156739312	156794213	IR	349	.	156766271	0.349	0.949	100	54870	156739312	156740133	156793416	156794213	396779011	156550000	156800000	0	3612	797	53283	spaced
SUPER_2	344824085	344830848	IR	349	.	344827576	0.349	0.998	100	6923	344824085	344824510	344830424	344830848	396779011	344600000	344850000	100	3790	424	5914	spaced
SUPER_2	241290877	241293794	IR	349	.	241292013	0.349	1.000	90	2899	241290877	241291366	241293305	241293794	396779011	241050000	241300000	0	4038	489	1939	immediate
SUPER_2	36470924	36537747	IR	349	.	36504776	0.349	0.907	89	66731	36470924	36472474	36536241	36537747	396779011	36300000	36550000	0	3405	1506	63767	spaced
SUPER_2	276333251	276336648	IR	349	.	276334977	0.349	0.885	88	3574	276333251	276333947	276336004	276336648	396779011	276150000	276400000	88	3082	644	2057	spaced
SUPER_2	258995210	258998542	IR	349	.	258996757	0.349	1.000	80	3403	258995210	258995578	258998174	258998542	396779011	258950000	259200000	80	781	368	2596	spaced
SUPER_2	320978547	321119770	IR	349	.	321048863	0.349	0.941	72	141192	320978547	320979448	321118870	321119770	396779011	320900000	321150000	0	2485	900	139422	wide
SUPER_2	154180976	154188243	IR	349	.	154185021	0.349	0.904	70	7303	154180976	154181825	154187394	154188300	396779011	153950000	154200000	0	3910	849	5569	spaced
SUPER_2	384047578	384064784	IR	349	.	384056018	0.349	0.992	70	17311	384047578	384047935	384064427	384064785	396779011	383850000	384100000	70	3436	357	16492	spaced
SUPER_2	88158865	88163023	IR	349	.	88160608	0.349	0.977	68	4138	88158865	88159414	88162474	88163028	396779011	88100000	88350000	0	1015	549	3060	spaced
SUPER_2	183229453	183258309	IR	349	.	183243920	0.349	0.841	60	28837	183229453	183229522	183258251	183258309	396779011	183050000	183300000	1326	3231	58	28729	spaced
SUPER_2	302631304	302633638	IR	349	.	302632471	0.349	1.000	58	2454	302631304	302631562	302633380	302633638	396779011	302600000	302850000	58	541	258	1818	immediate
SUPER_2	66966433	66974834	IR	349	.	66971090	0.349	0.939	56	8382	66966433	66967057	66974210	66974841	396779011	66750000	67000000	0	3677	624	7153	spaced
SUPER_2	318962301	318971373	IR	349	.	318966374	0.349	0.961	56	9053	318962301	318962892	318970782	318971376	396779011	318750000	319000000	0	3613	591	7890	spaced
SUPER_2	132445765	132448415	IR	349	.	132446853	0.349	0.990	52	2808	132445765	132446069	132448111	132448416	396779011	132200000	132450000	52	4118	304	2042	spaced
SUPER_2	222171159	222196238	IR	349	.	222183891	0.349	0.543	52	25021	222171159	222171205	222196192	222196276	396779011	222150000	222400000	676	561	46	24987	spaced
SUPER_2	60109146	60341514	IR	349	.	60224970	0.349	0.844	51	232292	60109146	60109222	60341438	60341528	396779011	60100000	60350000	0	2088	76	232216	wide
SUPER_2	74988603	75125284	IR	349	.	75056720	0.349	0.876	46	136775	74988603	74988979	75124908	75125310	396779011	74900000	75150000	46	2615	376	135929	wide
SUPER_2	33613473	33629792	IR	349	.	33621403	0.349	0.871	44	16393	33613473	33614692	33628573	33629813	396779011	33400000	33650000	44	3693	1219	13881	spaced
SUPER_2	57114546	57261731	IR	349	.	57187894	0.349	0.919	43	147315	57114546	57115327	57260950	57261735	396779011	57050000	57300000	43	2302	781	145623	wide
SUPER_2	177760599	177776600	IR	349	.	177768343	0.349	0.972	43	15983	177760599	177760988	177776211	177776602	396779011	177650000	177900000	0	1976	389	15223	spaced
SUPER_2	214013868	214033535	IR	349	.	214023454	0.349	1.000	37	19629	214013868	214013906	214033497	214033535	396779011	213800000	214050000	14	3728	38	19591	spaced
SUPER_2	14272779	14274984	IR	349	.	14273730	0.349	0.990	35	2214	14272779	14272988	14274775	14274984	396779011	14100000	14350000	35	2897	209	1787	immediate
SUPER_2	147704864	147709895	IR	349	.	147706880	0.349	0.981	35	5013	147704864	147705178	147709581	147709895	396779011	147550000	147800000	0	2622	314	4403	spaced
SUPER_2	202968630	203057377	IR	349	.	203012606	0.349	0.953	35	88728	202968630	202969075	203056932	203057377	396779011	202900000	203150000	0	1883	445	87857	spaced
SUPER_2	147313579	147390197	IR	349	.	147352043	0.349	0.909	34	76960	147313579	147313937	147389839	147390200	396779011	147150000	147400000	35	3364	358	75902	spaced
SUPER_2	41924772	41943724	IR	349	.	41934418	0.349	0.441	33	71972	41924772	41924806	41943690	41943758	396779011	41800000	42050000	91	2237	34	18884	spaced
SUPER_2	235121275	235129322	IR	349	.	235125304	0.349	0.932	33	8050	235121275	235121475	235129122	235129327	396779011	235050000	235300000	33	1254	200	7647	spaced
SUPER_2	145153335	145231014	IR	349	.	145191964	0.349	0.945	31	77676	145153335	145153701	145230649	145231014	396779011	145000000	145250000	31	3202	365	76948	spaced
SUPER_2	231272221	231335671	IR	349	.	231303802	0.349	0.939	28	63483	231272221	231272514	231335378	231335671	396779011	231200000	231450000	28	1732	293	62864	spaced
SUPER_2	27504911	27510635	IR	349	.	27508153	0.349	0.600	26	5684	27504911	27504979	27510595	27510635	396779011	27300000	27550000	0	3462	40	5616	spaced
SUPER_2	85137815	85160472	IR	349	.	85148894	0.349	0.941	24	22627	85137815	85138148	85160139	85160478	396779011	85050000	85300000	0	1652	333	21991	spaced
SUPER_2	318740302	318888734	IR	349	.	318814418	0.349	0.908	22	148798	318740302	318740555	318888481	318888741	396779011	318650000	318900000	22	2741	253	147926	wide
SUPER_2	201832678	201998603	IR	349	.	201915249	0.349	0.799	21	165903	201832678	201833547	201997747	201998603	396779011	201800000	202050000	0	1927	856	164200	wide
SUPER_2	372796226	372798744	IR	349	.	372797856	0.349	0.736	20	2492	372796226	372796688	372798363	372798744	396779011	372600000	372850000	0	3291	381	1675	immediate
SUPER_2	390995396	391079260	IR	349	.	391037205	0.349	0.980	20	192377	390995396	390995548	391079108	391079260	396779011	390900000	391150000	20	2288	152	83560	spaced
SUPER_2	340627241	340638819	IR	348	.	340633493	0.348	0.968	274	11551	340627241	340629521	340636545	340638819	396779011	340400000	340650000	0	3883	2274	7024	spaced
SUPER_2	307160811	307165924	IR	348	.	307162934	0.348	0.929	210	5111	307160811	307162534	307164201	307165941	396779011	307150000	307400000	0	222	1723	1667	immediate
SUPER_2	65005651	65009280	IR	348	.	65007494	0.348	0.993	194	3910	65005651	65006620	65008311	65009282	396779011	64800000	65050000	194	3457	969	1691	immediate
SUPER_2	124232831	124252261	IR	348	.	124242826	0.348	0.986	192	19412	124232831	124234038	124251054	124252272	396779011	124100000	124350000	0	2375	1207	17016	spaced
SUPER_2	208857420	208859987	IR	348	.	208858704	0.348	0.994	170	2757	208857420	208858231	208859176	208859987	396779011	208650000	208900000	170	3478	811	945	immediate
SUPER_2	170469044	170485238	IR	348	.	170476651	0.348	0.927	156	16175	170469044	170470399	170483948	170485238	396779011	170300000	170550000	0	2952	1290	13549	spaced
SUPER_2	81816082	81820702	IR	348	.	81818191	0.348	0.966	153	4887	81816082	81817187	81819597	81820702	396779011	81600000	81850000	154	3639	1105	2410	spaced
SUPER_2	212642762	212700046	IR	348	.	212671732	0.348	0.813	141	57263	212642762	212645275	212697534	212700046	396779011	212600000	212850000	0	1189	2512	52259	spaced
SUPER_2	28058156	28061516	IR	348	.	28060188	0.348	0.962	111	3305	28058156	28058911	28060768	28061516	396779011	27850000	28100000	0	3497	748	1857	immediate
SUPER_2	92680759	92684297	IR	348	.	92682376	0.348	0.998	110	3630	92680759	92681290	92683766	92684297	396779011	92550000	92800000	110	2208	531	2476	spaced
SUPER_2	245575545	245615008	IR	348	.	245595307	0.348	0.417	104	39534	245575545	245595100	245595513	245615008	396779011	245400000	245650000	105	3254	19495	413	immediate
SUPER_2	36024282	36145156	IR	348	.	36084869	0.348	0.922	92	121120	36024282	36025583	36143862	36145156	396779011	35900000	36150000	92	3078	1294	118279	wide
SUPER_2	136808238	136831890	IR	348	.	136819848	0.348	0.913	83	23903	136808238	136808876	136831252	136831902	396779011	136800000	137050000	58	334	638	22376	spaced
SUPER_2	262604911	262780788	IR	348	.	262692689	0.348	0.946	65	176062	262604911	262605586	262780113	262780799	396779011	262550000	262800000	65	2380	675	174527	wide
SUPER_2	213689058	213775564	IR	348	.	213732573	0.348	0.959	62	86492	213689058	213689843	213774779	213775568	396779011	213550000	213800000	0	3038	785	84936	spaced
SUPER_2	98015968	98173151	IR	348	.	98094270	0.348	0.673	59	157125	98015968	98016042	98173077	98173187	396779011	97950000	98200000	0	2409	74	157035	wide
SUPER_2	94568243	94580012	IR	348	.	94574240	0.348	0.958	58	12012	94568243	94568903	94579353	94580012	396779011	94400000	94650000	58	2901	659	10450	spaced
SUPER_2	334449744	334512402	IR	348	.	334481389	0.348	0.401	57	31787	334449744	334481032	334481181	334512402	396779011	334350000	334600000	0	2184	31221	149	immediate
SUPER_2	53539488	53555781	IR	348	.	53548044	0.348	0.997	55	16264	53539488	53539814	53555456	53555781	396779011	53350000	53600000	0	3293	325	15642	spaced
SUPER_2	257657800	257824768	IR	348	.	257741399	0.348	0.930	55	167047	257657800	257658610	257823958	257824768	396779011	257600000	257850000	55	2354	810	165348	wide
SUPER_2	51404060	51637318	IR	348	.	51520428	0.348	0.984	53	233232	51404060	51404507	51636872	51637318	396779011	51400000	51650000	0	2011	446	232365	wide
SUPER_2	272178572	272257456	IR	348	.	272218240	0.348	1.000	51	78914	272178572	272178589	272257439	272257456	396779011	272150000	272400000	1	1133	17	78850	spaced
SUPER_2	305467868	305499770	IR	348	.	305483841	0.348	0.821	48	32035	305467868	305468737	305498901	305499846	396779011	305350000	305600000	48	2230	869	30164	spaced
SUPER_2	237328308	237370214	IR	348	.	237349408	0.348	0.983	47	41941	237328308	237328602	237369920	237370214	396779011	237200000	237450000	47	2487	294	41318	spaced
SUPER_2	380998451	381027235	IR	348	.	381012356	0.348	0.933	47	28764	380998451	380999357	381026329	381027236	396779011	380800000	381050000	0	3547	906	26972	spaced
SUPER_2	61405512	61418131	IR	348	.	61411955	0.348	0.793	43	12650	61405512	61406176	61417537	61418131	396779011	61200000	61450000	53	3530	594	11361	spaced
SUPER_2	107305391	107307400	IR	348	.	107306391	0.348	0.824	42	2124	107305391	107305905	107306886	107307463	396779011	107150000	107400000	42	2606	514	981	immediate
SUPER_2	110098039	110230773	IR	348	.	110163937	0.348	0.984	42	132711	110098039	110098414	110230398	110230773	396779011	110000000	110250000	0	2739	375	131984	wide
SUPER_2	7886651	8001314	IR	348	.	7943662	0.348	0.706	41	114646	7886651	7887330	8000635	8001316	396779011	7800000	8050000	0	2399	679	113305	wide
SUPER_2	101749701	101752704	IR	348	.	101750715	0.348	0.849	36	2978	101749701	101750081	101752324	101752714	396779011	101700000	101950000	0	853	380	2243	spaced
SUPER_2	230311241	230323153	IR	348	.	230317101	0.348	0.910	36	11929	230311241	230311571	230322823	230323153	396779011	230100000	230350000	36	3619	330	11252	spaced
SUPER_2	236700391	236703001	IR	348	.	236701308	0.348	0.967	34	2589	236700391	236700726	236702670	236703001	396779011	236500000	236750000	0	3361	331	1944	immediate
SUPER_2	34703584	34705885	IR	348	.	34704357	0.348	0.643	32	2255	34703584	34703738	34705787	34705885	396779011	34500000	34750000	0	3412	98	2049	spaced
SUPER_2	107703093	107711399	IR	348	.	107707240	0.348	0.937	31	8396	107703093	107703438	107711054	107711401	396779011	107500000	107750000	31	3453	345	7616	spaced
SUPER_2	218395084	218397507	IR	348	.	218396340	0.348	0.975	31	2440	218395084	218395285	218397306	218397507	396779011	218150000	218400000	31	4104	201	2021	spaced
SUPER_2	241162001	241170352	IR	348	.	241166647	0.348	0.839	29	8347	241162001	241162909	241169444	241170365	396779011	241100000	241350000	0	1102	908	6535	spaced
SUPER_2	178992864	179058002	IR	348	.	179024952	0.348	0.795	28	65188	178992864	178994308	179056558	179058071	396779011	178900000	179150000	0	2090	1444	62250	spaced
SUPER_2	143155233	143196375	IR	348	.	143175495	0.348	0.915	27	41124	143155233	143155791	143195818	143196375	396779011	143150000	143400000	0	429	557	40027	spaced
SUPER_2	246126517	246133764	IR	348	.	246129694	0.348	0.949	26	7221	246126517	246126833	246133450	246133764	396779011	245900000	246150000	0	3835	314	6617	spaced
SUPER_2	363861492	363864571	IR	348	.	363862785	0.348	0.882	25	3058	363861492	363861747	363864316	363864573	396779011	363700000	363950000	5	2717	255	2569	spaced
SUPER_2	28350431	28527637	IR	348	.	28438711	0.348	0.949	23	177183	28350431	28350744	28527324	28527638	396779011	28350000	28600000	0	1483	313	176580	wide
SUPER_2	76325207	76328112	IR	348	.	76326502	0.348	0.939	22	2910	76325207	76325452	76327868	76328112	396779011	76100000	76350000	22	3777	244	2416	spaced
SUPER_2	43113351	43227644	IR	348	.	43170375	0.348	0.873	21	114395	43113351	43113539	43227456	43227644	396779011	43050000	43300000	47	2008	188	113917	wide
SUPER_2	117536005	117550386	IR	348	.	117543227	0.348	0.914	20	14379	117536005	117536198	117550193	117550390	396779011	117400000	117650000	20	2386	193	13995	spaced
SUPER_2	154905568	155002355	IR	348	.	154953489	0.348	0.392	20	96751	154905568	154951664	154956270	155002355	396779011	154800000	155050000	0	2565	46085	4606	spaced
SUPER_2	234951242	235026641	IR	347	.	234988831	0.347	0.990	215	75635	234951242	234952394	235025489	235026641	396779011	234800000	235050000	215	3148	1152	73095	spaced
SUPER_2	125529313	125536466	IR	347	.	125532405	0.347	0.998	202	7122	125529313	125530485	125535294	125536466	396779011	125300000	125550000	0	3881	1172	4809	spaced
SUPER_2	182719292	182723638	IR	347	.	182721655	0.347	0.967	135	4661	182719292	182720053	182722877	182723655	396779011	182600000	182850000	138	2024	761	2824	spaced
SUPER_2	116062490	116067792	IR	347	.	116065284	0.347	0.974	116	5505	116062490	116063323	116066959	116067797	396779011	115850000	116100000	116	3585	833	3636	spaced
SUPER_2	242500129	242676589	IR	347	.	242588629	0.347	0.985	109	176443	242500129	242500914	242675804	242676590	396779011	242450000	242700000	0	2305	785	174890	wide
SUPER_2	171900573	172074774	IR	347	.	171988067	0.347	0.962	106	174149	171900573	171901798	172073549	172074782	396779011	171850000	172100000	0	2294	1225	171751	wide
SUPER_2	134600139	134655897	IR	347	.	134627648	0.347	0.401	102	29329	134600139	134627374	134628662	134655935	396779011	134550000	134800000	0	1300	27235	1288	immediate
SUPER_2	292141411	292219495	IR	347	.	292180570	0.347	0.869	80	78187	292141411	292142345	292218631	292219495	396779011	292050000	292300000	80	2174	864	76286	spaced
SUPER_2	190656634	190755201	IR	347	.	190706350	0.347	0.971	76	98508	190656634	190657397	190754438	190755201	396779011	190550000	190800000	0	2598	763	97041	spaced
SUPER_2	91043663	91051431	IR	347	.	91047305	0.347	0.994	67	7813	91043663	91044013	91051081	91051431	396779011	90850000	91100000	67	3292	350	7068	spaced
SUPER_2	3219486	3295113	IR	347	.	3257594	0.347	0.937	63	75619	3219486	3220353	3294246	3295126	396779011	3050000	3300000	0	3454	867	73893	spaced
SUPER_2	157804845	157822067	IR	347	.	157813002	0.347	0.960	63	17196	157804845	157805524	157821393	157822067	396779011	157600000	157850000	0	3557	674	15869	spaced
SUPER_2	221685973	221838553	IR	347	.	221761798	0.347	0.403	62	152556	221685973	221749730	221774836	221838553	396779011	221600000	221850000	0	2704	63717	25106	spaced
SUPER_2	42695603	42704472	IR	347	.	42700321	0.347	0.918	56	8854	42695603	42696413	42703662	42704478	396779011	42650000	42900000	0	833	810	7249	spaced
SUPER_2	67079286	67133462	IR	347	.	67106638	0.347	0.984	56	54153	67079286	67079725	67133023	67133462	396779011	66900000	67150000	0	3439	439	53298	spaced
SUPER_2	311524212	311698847	IR	347	.	311611405	0.347	0.722	51	174813	311524212	311524807	311698252	311698924	396779011	311450000	311700000	51	2692	595	173445	wide
SUPER_2	200324072	200418456	IR	347	.	200371205	0.347	0.967	48	94462	200324072	200324434	200418094	200418458	396779011	200300000	200550000	48	1187	362	93660	spaced
SUPER_2	282010311	282035976	IR	347	.	282022689	0.347	0.935	47	25560	282010311	282011080	282035213	282035976	396779011	281800000	282050000	0	3718	763	24133	spaced
SUPER_2	14125068	14133106	IR	347	.	14129247	0.347	0.953	46	8058	14125068	14125318	14132856	14133108	396779011	13900000	14150000	46	3817	250	7538	spaced
SUPER_2	210433099	210568789	IR	347	.	210501388	0.347	0.976	46	135664	210433099	210433473	210568415	210568789	396779011	210350000	210600000	0	2515	374	134942	wide
SUPER_2	210851823	210854682	IR	347	.	210853333	0.347	0.964	46	2897	210851823	210852103	210854408	210854682	396779011	210700000	210950000	57	2554	274	2305	spaced
SUPER_2	289563702	289661911	IR	347	.	289612382	0.347	0.803	43	98191	289563702	289565305	289660308	289661912	396779011	289550000	289800000	0	1046	1603	95003	spaced
SUPER_2	143274118	143426067	IR	347	.	143350443	0.347	0.952	41	151939	143274118	143274505	143425680	143426078	396779011	143200000	143450000	0	2501	387	151175	wide
SUPER_2	34843346	34973723	IR	347	.	34908959	0.347	0.876	35	130368	34843346	34844315	34972754	34973733	396779011	34750000	35000000	0	2642	969	128439	wide
SUPER_2	263727118	263734190	IR	347	.	263730449	0.347	0.918	34	7129	263727118	263727391	263733923	263734190	396779011	263500000	263750000	34	3844	267	6532	spaced
SUPER_2	396106051	396118027	IR	347	.	396112169	0.347	0.923	33	12124	396106051	396106299	396117779	396118038	396779011	395900000	396150000	33	3533	248	11480	spaced
SUPER_2	231096656	231235014	IR	347	.	231166125	0.347	0.397	32	138361	231096656	231165861	231165809	231235038	396779011	231050000	231300000	0	1930	69205	-52	overlap
SUPER_2	272053781	272053851	IR	347	.	272053890	0.347	0.927	30	157187	272053781	272053832	272053800	272053855	396779011	271900000	272150000	651	2563	51	-32	overlap
SUPER_2	200752658	200967472	IR	347	.	200859874	0.347	0.832	29	214909	200752658	200752974	200967156	200967519	396779011	200750000	201000000	29	1834	316	214182	wide
SUPER_2	127720083	127722143	IR	347	.	127720908	0.347	0.880	27	2082	127720083	127720133	127722099	127722143	396779011	127600000	127850000	237	2018	44	1966	immediate
SUPER_2	334425159	334435814	IR	347	.	334430747	0.347	0.916	27	10617	334425159	334425562	334435411	334435824	396779011	334200000	334450000	0	3841	403	9849	spaced
SUPER_2	388574341	388673544	IR	347	.	388623470	0.347	0.851	27	99243	388574341	388575387	388672498	388673611	396779011	388550000	388800000	0	1232	1046	97111	spaced
SUPER_2	62312148	62424259	IR	347	.	62368052	0.347	0.844	25	112099	62312148	62313279	62423164	62424259	396779011	62200000	62450000	25	2803	1095	109885	wide
SUPER_2	286777009	286779917	IR	347	.	286778820	0.347	0.934	24	2886	286777009	286777348	286779578	286779922	396779011	286550000	286800000	0	3807	339	2230	spaced
SUPER_2	145117879	145120499	IR	347	.	145119197	0.347	0.913	22	2616	145117879	145118202	145120192	145120499	396779011	144950000	145200000	22	2819	307	1990	immediate
SUPER_2	187409691	187571789	IR	347	.	187490343	0.347	0.721	22	162054	187409691	187410799	187570766	187571789	396779011	187400000	187650000	0	1512	1023	159967	wide
SUPER_2	292081370	292087915	IR	347	.	292085042	0.347	0.835	22	6547	292081370	292081871	292087414	292087937	396779011	291900000	292150000	0	3077	501	5543	spaced
SUPER_2	338256230	338278152	IR	347	.	338267250	0.347	0.947	22	21932	338256230	338256508	338277874	338278157	396779011	338050000	338300000	22	3619	278	21366	spaced
SUPER_2	261317651	261356263	IR	347	.	261336838	0.347	0.913	20	38599	261317651	261317777	261356147	261356263	396779011	261150000	261400000	20	3115	116	38370	spaced
SUPER_2	315127523	315148144	IR	346	.	315138161	0.346	0.959	911	20535	315127523	315136141	315139526	315148150	396779011	314900000	315150000	0	3963	8618	3385	spaced
SUPER_2	259369908	259376414	IR	346	.	259373182	0.346	0.968	265	6829	259369908	259371254	259375107	259376414	396779011	259150000	259400000	265	3719	1307	3853	spaced
SUPER_2	73125160	73154876	IR	346	.	73139906	0.346	0.916	259	30515	73125160	73130864	73149172	73154971	396779011	73050000	73300000	259	1500	5704	18308	spaced
SUPER_2	203722558	203772181	IR	346	.	203747059	0.346	0.985	206	49591	203722558	203723909	203770834	203772181	396779011	203550000	203800000	0	3289	1347	46925	spaced
SUPER_2	200147538	200186916	IR	346	.	200167303	0.346	0.956	162	39785	200147538	200149054	200185400	200186919	396779011	199950000	200200000	162	3620	1516	36346	spaced
SUPER_2	132827847	132914877	IR	346	.	132871758	0.346	0.949	157	87033	132827847	132829596	132913128	132914900	396779011	132750000	133000000	0	2022	1749	83532	spaced
SUPER_2	68685112	68690395	IR	346	.	68687795	0.346	0.969	149	5427	68685112	68686006	68689510	68690395	396779011	68600000	68850000	149	1462	885	3504	spaced
SUPER_2	126821428	126823991	IR	346	.	126822895	0.346	0.968	141	2813	126821428	126822193	126823226	126824006	396779011	126600000	126850000	141	3711	765	1033	immediate
SUPER_2	358635693	358712002	IR	346	.	358674108	0.346	0.981	128	76283	358635693	358636625	358711070	358712005	396779011	358500000	358750000	0	2897	932	74445	spaced
SUPER_2	159359987	159367026	IR	346	.	159363794	0.346	0.997	116	7013	159359987	159360659	159366354	159367026	396779011	159150000	159400000	0	3558	672	5695	spaced
SUPER_2	89285975	89293363	IR	346	.	89289224	0.346	0.876	109	7365	89285975	89287322	89292124	89293363	396779011	89100000	89350000	0	3161	1239	4802	spaced
SUPER_2	255571124	255585854	IR	346	.	255578215	0.346	0.995	102	14699	255571124	255571769	255585209	255585854	396779011	255450000	255700000	0	2141	645	13440	spaced
SUPER_2	297212783	297253898	IR	346	.	297233369	0.346	0.883	99	41571	297212783	297214830	297251943	297253898	396779011	297100000	297350000	99	2222	1955	37113	spaced
SUPER_2	212821666	212828207	IR	346	.	212825241	0.346	0.955	95	6473	212821666	212822749	212827124	212828207	396779011	212650000	212900000	0	2915	1083	4375	spaced
SUPER_2	205000336	205008455	IR	346	.	205004069	0.346	1.000	92	8096	205000336	205000877	205007914	205008455	396779011	205000000	205250000	0	73	541	7037	spaced
SUPER_2	393932564	393954867	IR	346	.	393943810	0.346	0.980	79	22375	393932564	393933117	393954314	393954867	396779011	393750000	394000000	79	3228	553	21197	spaced
SUPER_2	250853439	250859802	IR	346	.	250856447	0.346	0.975	74	6442	250853439	250854000	250859241	250859802	396779011	250650000	250900000	74	3443	561	5241	spaced
SUPER_2	242408105	242468489	IR	346	.	242437841	0.346	0.921	67	60358	242408105	242408837	242467769	242468489	396779011	242300000	242550000	0	2304	720	58932	spaced
SUPER_2	320393548	320399592	IR	346	.	320397040	0.346	0.952	67	5998	320393548	320394422	320398718	320399595	396779011	320150000	320400000	0	4109	874	4296	spaced
SUPER_2	236651196	236677804	IR	346	.	236664127	0.346	0.941	66	26581	236651196	236652087	236676919	236677804	396779011	236450000	236700000	0	3574	885	24832	spaced
SUPER_2	142196555	142306793	IR	346	.	142251311	0.346	0.988	64	110214	142196555	142196979	142306372	142306793	396779011	142100000	142350000	0	2527	421	109393	wide
SUPER_2	256137408	256245759	IR	346	.	256191093	0.346	0.402	63	64275	256137408	256182041	256201126	256245787	396779011	256050000	256300000	0	2359	44633	19085	spaced
SUPER_2	112362309	112365983	IR	346	.	112364389	0.346	0.935	62	3653	112362309	112363210	112365084	112365983	396779011	112200000	112450000	0	2735	899	1874	immediate
SUPER_2	308188252	308238011	IR	346	.	308213417	0.346	0.409	61	49800	308188252	308213119	308213144	308238076	396779011	308150000	308400000	0	1052	24867	25	immediate
SUPER_2	67835707	67849889	IR	346	.	67842529	0.346	1.000	60	14162	67835707	67836044	67849552	67849889	396779011	67650000	67900000	0	3213	337	13508	spaced
SUPER_2	320407597	320465825	IR	346	.	320436914	0.346	0.914	60	58306	320407597	320408349	320465073	320465842	396779011	320250000	320500000	60	3111	752	56724	spaced
SUPER_2	332013413	332038072	IR	346	.	332025253	0.346	0.704	60	24595	332013413	332013489	332037996	332038104	396779011	331800000	332050000	0	3762	76	24507	spaced
SUPER_2	157708881	157711757	IR	346	.	157710756	0.346	0.971	54	2866	157708881	157709322	157711316	157711766	396779011	157500000	157750000	0	3505	441	1994	immediate
SUPER_2	289854772	289930638	IR	346	.	289892225	0.346	0.938	54	75848	289854772	289855579	289929831	289930639	396779011	289700000	289950000	0	3211	807	74252	spaced
SUPER_2	272512779	272542737	IR	346	.	272527660	0.346	0.645	53	30004	272512779	272512839	272542677	272542770	396779011	272350000	272600000	1001	2962	60	29838	spaced
SUPER_2	83851983	83990759	IR	346	.	83920955	0.346	0.962	51	138750	83851983	83852456	83990297	83990759	396779011	83750000	84000000	0	2856	462	137841	wide
SUPER_2	56571526	56579893	IR	346	.	56576138	0.346	0.768	50	8344	56571526	56572449	56579011	56579893	396779011	56400000	56650000	0	2928	882	6562	spaced
SUPER_2	278089870	278124681	IR	346	.	278107656	0.346	0.455	42	34786	278089870	278093137	278121446	278124681	396779011	277900000	278150000	0	3454	3235	28309	spaced
SUPER_2	108405898	108408478	IR	346	.	108407533	0.346	0.855	40	2602	108405898	108406213	108408163	108408521	396779011	108300000	108550000	0	1786	315	1950	immediate
SUPER_2	294058635	294176320	IR	346	.	294117435	0.346	0.972	39	117742	294058635	294058982	294175973	294176324	396779011	294000000	294250000	39	1957	347	116991	wide
SUPER_2	189117314	189123138	IR	346	.	189120484	0.346	0.970	38	5751	189117314	189117647	189122808	189123138	396779011	188900000	189150000	0	3670	330	5161	spaced
SUPER_2	308780961	308884198	IR	346	.	308832898	0.346	0.862	35	103240	308780961	308781490	308883669	308884219	396779011	308700000	308950000	0	2209	529	102179	wide
SUPER_2	144845675	144862002	IR	346	.	144854133	0.346	0.951	29	16304	144845675	144846017	144861660	144862003	396779011	144650000	144900000	0	3397	342	15643	spaced
SUPER_2	219236486	219241890	IR	346	.	219239307	0.346	0.983	29	5422	219236486	219236658	219241718	219241891	396779011	219000000	219250000	29	3986	172	5060	spaced
SUPER_2	275749841	275763878	IR	346	.	275757089	0.346	0.927	29	14032	275749841	275750264	275763466	275763878	396779011	275550000	275800000	24	3447	412	13202	spaced
SUPER_2	52222712	52240763	IR	346	.	52231976	0.346	0.964	27	17980	52222712	52222990	52240485	52240763	396779011	52000000	52250000	0	3862	278	17495	spaced
SUPER_2	155753800	155756223	IR	346	.	155755497	0.346	0.963	27	2400	155753800	155754101	155755924	155756223	396779011	155550000	155800000	0	3416	299	1823	immediate
SUPER_2	256007778	256014921	IR	346	.	256011412	0.346	1.000	27	7136	256007778	256007890	256014809	256014921	396779011	255950000	256200000	27	1022	112	6919	spaced
SUPER_2	148525121	148599461	IR	346	.	148561932	0.346	0.399	25	74415	148525121	148562298	148562284	148599554	396779011	148350000	148600000	0	3538	37177	-14	overlap
SUPER_2	376276159	376278286	IR	346	.	376277223	0.346	0.923	25	2132	376276159	376276393	376278052	376278298	396779011	376100000	376350000	25	2953	234	1659	immediate
SUPER_2	56341419	56349728	IR	346	.	56345701	0.346	0.710	23	8330	56341419	56341764	56349446	56349728	396779011	56200000	56450000	25	2426	282	7682	spaced
SUPER_2	189805398	189807837	IR	346	.	189806597	0.346	0.896	23	2469	189805398	189805618	189807623	189807837	396779011	189600000	189850000	55	3443	214	2005	spaced
SUPER_2	221415471	221484541	IR	346	.	221450377	0.346	0.733	23	69091	221415471	221415899	221484113	221484583	396779011	221350000	221600000	0	1666	428	68214	spaced
SUPER_2	370000160	370072832	IR	346	.	370036624	0.346	0.741	22	73057	370000160	370002612	370070380	370072914	396779011	370000000	370250000	27	608	2452	67768	spaced
SUPER_2	280427868	280431988	IR	346	.	280429623	0.346	0.837	21	4100	280427868	280428420	280431436	280432004	396779011	280250000	280500000	0	2998	552	3016	spaced
SUPER_2	195507865	195522566	IR	346	.	195515009	0.346	0.992	20	14704	195507865	195507988	195522443	195522566	396779011	195350000	195600000	20	2753	123	14455	spaced
SUPER_2	219350538	219400797	IR	346	.	219375858	0.346	0.748	20	117339	219350538	219350627	219400708	219400827	396779011	219250000	219500000	31	2094	89	50081	spaced
SUPER_2	211393485	211399586	IR	345	.	211396536	0.345	0.999	597	6698	211393485	211396207	211396864	211399586	396779011	211200000	211450000	605	3275	2722	657	immediate
SUPER_2	294317202	294358343	IR	345	.	294337542	0.345	0.954	308	41530	294317202	294319342	294356234	294358343	396779011	294300000	294550000	248	629	2109	36892	spaced
SUPER_2	255601266	255608727	IR	345	.	255605371	0.345	0.934	205	7454	255601266	255602726	255607267	255608748	396779011	255450000	255700000	0	2583	1460	4541	spaced
SUPER_2	189186668	189194232	IR	345	.	189190719	0.345	0.967	185	7568	189186668	189187799	189193101	189194264	396779011	188950000	189200000	0	4007	1131	5302	spaced
SUPER_2	92565396	92572960	IR	345	.	92569447	0.345	0.967	184	7562	92565396	92566527	92571829	92572992	396779011	92400000	92650000	0	2819	1131	5302	spaced
SUPER_2	186747081	186749262	IR	345	.	186748437	0.345	1.000	160	2159	186747081	186748021	186748322	186749262	396779011	186500000	186750000	0	4136	940	301	immediate
SUPER_2	35483932	35494648	IR	345	.	35489742	0.345	0.995	154	10696	35483932	35484903	35493677	35494648	396779011	35250000	35500000	0	3988	971	8774	spaced
SUPER_2	350800647	350804570	IR	345	.	350802521	0.345	0.958	149	4730	350800647	350801861	350803362	350804570	396779011	350650000	350900000	149	2543	1208	1501	immediate
SUPER_2	319073462	319078992	IR	345	.	319075757	0.345	0.995	118	5516	319073462	319074206	319078248	319078995	396779011	318850000	319100000	0	3770	744	4042	spaced
SUPER_2	185050738	185053090	IR	345	.	185051916	0.345	0.896	116	2463	185050738	185051462	185052422	185053090	396779011	184850000	185100000	116	3365	668	960	immediate
SUPER_2	154650775	154708178	IR	345	.	154679927	0.345	0.957	101	57347	154650775	154651682	154707271	154708189	396779011	154500000	154750000	0	2991	907	55589	spaced
SUPER_2	279172774	279201229	IR	345	.	279187171	0.345	0.991	63	28524	279172774	279173110	279200893	279201229	396779011	279000000	279250000	63	3116	336	27783	spaced
SUPER_2	371296308	371302134	IR	345	.	371299437	0.345	0.648	63	5778	371296308	371296362	371302080	371302168	396779011	371100000	371350000	1268	3320	54	5718	spaced
SUPER_2	218359971	218374086	IR	345	.	218367193	0.345	1.000	60	14161	218359971	218360249	218373808	218374086	396779011	218150000	218400000	63	3617	278	13559	spaced
SUPER_2	250225809	250241836	IR	345	.	250234046	0.345	0.969	55	16091	250225809	250226228	250241417	250241836	396779011	250000000	250250000	55	3896	419	15189	spaced
SUPER_2	389483598	389486056	IR	345	.	389484623	0.345	0.909	55	2473	389483598	389483664	389485996	389486056	396779011	389400000	389650000	1152	1413	60	2332	spaced
SUPER_2	110292682	110310768	IR	345	.	110301338	0.345	0.396	52	18019	110292682	110292749	110310701	110310841	396779011	110200000	110450000	0	1695	67	17952	spaced
SUPER_2	295596444	295628790	IR	345	.	295613104	0.345	0.870	52	32405	295596444	295597224	295628010	295628870	396779011	295450000	295700000	0	2710	780	30786	spaced
SUPER_2	307330492	307489322	IR	345	.	307409881	0.345	0.927	52	158855	307330492	307331283	307488531	307489322	396779011	307300000	307550000	52	1831	791	157248	wide
SUPER_2	338730140	338734981	IR	345	.	338732819	0.345	0.895	51	4867	338730140	338731444	338733677	338735028	396779011	338550000	338800000	0	3042	1304	2233	spaced
SUPER_2	193885237	194057057	IR	345	.	193971074	0.345	0.948	50	171957	193885237	193885733	194056561	194057059	396779011	193850000	194100000	50	2018	496	170828	wide
SUPER_2	178528246	178603921	IR	345	.	178566447	0.345	0.884	49	75599	178528246	178528332	178603845	178603921	396779011	178450000	178700000	0	1934	76	75513	spaced
SUPER_2	274102971	274106943	IR	345	.	274105403	0.345	0.841	45	3964	274102971	274103516	274106398	274106966	396779011	273950000	274200000	0	2582	545	2882	spaced
SUPER_2	87221750	87401362	IR	345	.	87311584	0.345	0.967	44	179630	87221750	87222051	87401061	87401368	396779011	87200000	87450000	44	1859	301	179010	wide
SUPER_2	39337469	39345190	IR	345	.	39341403	0.345	0.996	42	7756	39337469	39337694	39344965	39345190	396779011	39100000	39350000	42	4022	225	7271	spaced
SUPER_2	49483021	49552029	IR	345	.	49517670	0.345	0.927	41	69144	49483021	49483597	49551466	49552029	396779011	49400000	49650000	41	1958	563	67869	spaced
SUPER_2	390065301	390299665	IR	345	.	390182447	0.345	0.972	41	234425	390065301	390065688	390299278	390299665	396779011	390050000	390300000	41	2207	387	233590	wide
SUPER_2	175405750	175582378	IR	345	.	175494174	0.345	0.500	40	176582	175405750	175405788	175582340	175582412	396779011	175400000	175650000	403	1567	38	176552	wide
SUPER_2	40740048	40757781	IR	345	.	40749007	0.345	0.828	39	17691	40740048	40740106	40757733	40757781	396779011	40600000	40850000	513	2481	48	17627	spaced
SUPER_2	358226286	358236089	IR	345	.	358230863	0.345	0.966	39	9774	358226286	358226640	358235741	358236089	396779011	358050000	358300000	0	3019	348	9101	spaced
SUPER_2	139353457	139356975	IR	345	.	139354923	0.345	0.948	38	3495	139353457	139353800	139356646	139356975	396779011	139150000	139400000	0	3420	329	2846	spaced
SUPER_2	34065898	34094440	IR	345	.	34080107	0.345	0.908	35	28592	34065898	34066430	34093908	34094450	396779011	33850000	34100000	35	3836	532	27478	spaced
SUPER_2	108986123	108992474	IR	345	.	108989562	0.345	0.764	35	6345	108986123	108987377	108991220	108992489	396779011	108800000	109050000	0	3154	1254	3843	spaced
SUPER_2	345859041	345992948	IR	345	.	345925859	0.345	0.715	35	134078	345859041	345859511	345992478	345992948	396779011	345750000	346000000	42	2933	470	132967	wide
SUPER_2	15695548	15697701	IR	345	.	15696707	0.345	0.970	34	2152	15695548	15695750	15697499	15697701	396779011	15450000	15700000	34	4110	202	1749	immediate
SUPER_2	31570448	31787741	IR	345	.	31678699	0.345	0.913	32	217268	31570448	31571067	31787124	31787741	396779011	31550000	31800000	0	2151	617	216057	wide
SUPER_2	112401517	112636323	IR	345	.	112519302	0.345	0.932	30	234749	112401517	112401781	112636073	112636323	396779011	112400000	112650000	0	1981	250	234292	wide
SUPER_2	339957362	340138835	IR	345	.	340047900	0.345	0.949	30	181468	339957362	339957653	340138545	340138835	396779011	339900000	340150000	30	2468	290	180892	wide
SUPER_2	8345299	8379479	IR	345	.	8362434	0.345	0.913	29	34270	8345299	8346059	8378730	8379479	396779011	8250000	8500000	29	1873	749	32671	spaced
SUPER_2	4301178	4459471	IR	345	.	4380722	0.345	0.404	28	158278	4301178	4341518	4419131	4459508	396779011	4300000	4550000	0	1338	40340	77613	spaced
SUPER_2	6727545	6857202	IR	345	.	6792774	0.345	0.969	28	129632	6727545	6727834	6856913	6857202	396779011	6650000	6900000	0	2372	289	129079	wide
SUPER_2	140970590	140983630	IR	345	.	140976621	0.345	0.941	28	12972	140970590	140970863	140983369	140983630	396779011	140750000	141000000	0	3785	261	12506	spaced
SUPER_2	208036952	208182562	IR	345	.	208109368	0.345	0.524	27	145568	208036952	208036994	208182520	208182598	396779011	208000000	208250000	0	1829	42	145526	wide
SUPER_2	255850102	255853192	IR	345	.	255851967	0.345	0.759	25	3041	255850102	255850459	255852912	255853192	396779011	255850000	256100000	0	27	280	2453	spaced
SUPER_2	78457569	78587859	IR	345	.	78523002	0.345	0.819	22	130269	78457569	78461092	78584393	78587859	396779011	78350000	78600000	0	2878	3466	123301	wide
SUPER_2	84322415	84498517	IR	345	.	84410873	0.345	0.906	21	176084	84322415	84322617	84498315	84498517	396779011	84250000	84500000	0	2674	202	175698	wide
SUPER_2	160257020	160420703	IR	345	.	160338788	0.345	0.936	21	163705	160257020	160257186	160420537	160420710	396779011	160200000	160450000	22	2314	166	163351	wide
SUPER_2	182905210	182924226	IR	345	.	182914842	0.345	0.920	20	18972	182905210	182905260	182924180	182924226	396779011	182700000	182950000	220	3578	46	18920	spaced
SUPER_2	275902629	275909501	IR	345	.	275905810	0.345	0.993	20	6851	275902629	275902777	275909353	275909501	396779011	275750000	276000000	0	2600	148	6576	spaced
SUPER_2	381877219	381886801	IR	344	.	381882010	0.344	0.999	768	10237	381877219	381880686	381883334	381886805	396779011	381700000	381950000	783	3033	3467	2648	spaced
SUPER_2	222157078	222164413	IR	344	.	222160745	0.344	0.996	613	8109	222157078	222159964	222161527	222164413	396779011	221950000	222200000	613	3512	2886	1563	immediate
SUPER_2	272552693	272571683	IR	344	.	272561702	0.344	0.982	592	18969	272552693	272558059	272566321	272571683	396779011	272350000	272600000	0	3536	5362	8262	spaced
SUPER_2	179490663	179533617	IR	344	.	179512273	0.344	0.974	227	43300	179490663	179491906	179532374	179533636	396779011	179300000	179550000	227	3535	1243	40468	spaced
SUPER_2	18198236	18201192	IR	344	.	18199833	0.344	0.995	215	3146	18198236	18199284	18200149	18201192	396779011	18000000	18250000	215	3328	1043	865	immediate
SUPER_2	327614659	327665031	IR	344	.	327639442	0.344	0.930	165	50320	327614659	327616236	327663497	327665031	396779011	327500000	327750000	0	2330	1534	47261	spaced
SUPER_2	351497498	351505079	IR	344	.	351500803	0.344	0.935	155	7563	351497498	351498887	351503742	351505079	396779011	351350000	351600000	0	2521	1337	4855	spaced
SUPER_2	167151834	167157891	IR	344	.	167155172	0.344	0.954	143	6037	167151834	167153275	167156450	167157898	396779011	166950000	167200000	0	3414	1441	3175	spaced
SUPER_2	301342104	301361474	IR	344	.	301351307	0.344	0.530	133	19338	301342104	301345838	301357809	301361474	396779011	301150000	301400000	0	3363	3665	11971	spaced
SUPER_2	36915503	36943238	IR	344	.	36929706	0.344	0.973	127	27684	36915503	36916866	36941876	36943238	396779011	36700000	36950000	0	3822	1362	25010	spaced
SUPER_2	180494755	180497216	IR	344	.	180495683	0.344	1.000	111	2443	180494755	180495407	180496564	180497216	396779011	180350000	180600000	0	2432	652	1157	immediate
SUPER_2	1031817	1074612	IR	344	.	1052914	0.344	0.947	101	42759	1031817	1032870	1073559	1074629	396779011	850000	1100000	0	3386	1053	40689	spaced
SUPER_2	151447662	151452704	IR	344	.	151450599	0.344	0.926	83	5039	151447662	151448700	151451666	151452724	396779011	151250000	151500000	0	3336	1038	2966	spaced
SUPER_2	162137569	162237676	IR	344	.	162188090	0.344	0.446	82	100095	162137569	162186600	162188645	162237682	396779011	162100000	162350000	0	1460	49031	2045	spaced
SUPER_2	255194053	255238597	IR	344	.	255216644	0.344	0.980	80	44521	255194053	255194585	255238065	255238604	396779011	255000000	255250000	0	3605	532	43480	spaced
SUPER_2	249033798	249164298	IR	344	.	249098991	0.344	0.956	78	130962	249033798	249034563	249163536	249164298	396779011	249000000	249250000	78	1650	762	128973	wide
SUPER_2	223428269	223442175	IR	344	.	223435261	0.344	0.435	74	14217	223428269	223434803	223435724	223442175	396779011	223200000	223450000	74	3920	6451	921	immediate
SUPER_2	172892506	172937776	IR	344	.	172914755	0.344	0.890	70	45241	172892506	172893407	172936929	172937776	396779011	172700000	172950000	0	3585	847	43522	spaced
SUPER_2	371618496	371821117	IR	344	.	371719787	0.344	0.954	70	202688	371618496	371619259	371820354	371821117	396779011	371600000	371850000	70	1996	763	201095	wide
SUPER_2	280951873	281087780	IR	344	.	281019909	0.344	0.958	68	136008	280951873	280952626	281087027	281087781	396779011	280850000	281100000	68	2830	753	134401	wide
SUPER_2	134295659	134298555	IR	344	.	134296901	0.344	0.882	63	3012	134295659	134296089	134298125	134298607	396779011	134050000	134300000	63	4118	430	2036	spaced
SUPER_2	373761949	373893677	IR	344	.	373827959	0.344	0.929	62	131811	373761949	373762724	373892902	373893690	396779011	373650000	373900000	62	2963	775	130178	wide
SUPER_2	284758371	284761196	IR	344	.	284759771	0.344	0.910	54	2977	284758371	284758809	284760784	284761196	396779011	284550000	284800000	54	3496	412	1975	immediate
SUPER_2	73905554	74071808	IR	344	.	73989096	0.344	0.989	52	166234	73905554	73905920	74071442	74071808	396779011	73850000	74100000	0	2311	366	165522	wide
SUPER_2	133887946	133977412	IR	344	.	133932447	0.344	0.911	51	90013	133887946	133888448	133976925	133977412	396779011	133750000	134000000	51	3044	487	88477	spaced
SUPER_2	247538320	247580955	IR	344	.	247559138	0.344	0.360	49	42585	247538320	247538430	247580905	247580955	396779011	247400000	247650000	0	2660	50	42475	spaced
SUPER_2	179584959	179616375	IR	344	.	179600649	0.344	0.980	48	31493	179584959	179585263	179616071	179616375	396779011	179500000	179750000	48	1677	304	30808	spaced
SUPER_2	322972938	323037092	IR	344	.	323005116	0.344	0.809	48	64989	322972938	322978491	323031581	323037092	396779011	322900000	323150000	48	1750	5511	53090	spaced
SUPER_2	135785399	135788390	IR	344	.	135787226	0.344	0.870	47	2972	135785399	135785784	135788052	135788390	396779011	135550000	135800000	0	3948	338	2268	spaced
SUPER_2	164304200	164349528	IR	344	.	164326442	0.344	0.928	47	45303	164304200	164304850	164348878	164349528	396779011	164150000	164400000	0	2947	650	44028	spaced
SUPER_2	134682688	134723081	IR	344	.	134702508	0.344	0.879	44	40348	134682688	134683192	134722577	134723119	396779011	134600000	134850000	0	1714	504	39385	spaced
SUPER_2	246623809	246750182	IR	344	.	246687184	0.344	0.987	44	126418	246623809	246624115	246749876	246750183	396779011	246550000	246800000	44	2283	306	125761	wide
SUPER_2	74786273	74927112	IR	344	.	74856441	0.344	0.975	41	140819	74786273	74786714	74926672	74927112	396779011	74700000	74950000	0	2611	440	139958	wide
SUPER_2	249387823	249475867	IR	344	.	249431713	0.344	0.915	39	88065	249387823	249388261	249475430	249475867	396779011	249350000	249600000	39	1363	437	87169	spaced
SUPER_2	312370135	312370209	IR	344	.	312370192	0.344	0.862	38	160706	312370135	312370185	312370159	312370217	396779011	312250000	312500000	731	2002	50	-26	overlap
SUPER_2	52106035	52161968	IR	344	.	52133944	0.344	0.989	37	55999	52106035	52106224	52161779	52161968	396779011	51950000	52200000	37	3066	189	55555	spaced
SUPER_2	336694746	336731982	IR	344	.	336713602	0.344	0.936	33	37219	336694746	336695162	336731566	336731984	396779011	336600000	336850000	0	1889	416	36404	spaced
SUPER_2	39577106	39687392	IR	344	.	39632255	0.344	0.929	31	110292	39577106	39577162	39687340	39687392	396779011	39450000	39700000	451	3037	52	110178	wide
SUPER_2	83774336	83811962	IR	344	.	83792730	0.344	0.427	29	37659	83774336	83780111	83806187	83812014	396779011	83700000	83950000	0	1552	5775	26076	spaced
SUPER_2	226035279	226102063	IR	344	.	226068999	0.344	0.842	28	66758	226035279	226035908	226101457	226102063	396779011	225950000	226200000	0	1977	606	65549	spaced
SUPER_2	88254583	88363302	IR	344	.	88308755	0.344	0.973	27	108708	88254583	88254807	88363078	88363302	396779011	88250000	88500000	27	982	224	108271	wide
SUPER_2	208568997	208604828	IR	344	.	208586986	0.344	0.911	27	35818	208568997	208569321	208604513	208604828	396779011	208450000	208700000	27	2281	315	35192	spaced
SUPER_2	326701861	326704290	IR	344	.	326703559	0.344	0.982	26	2406	326701861	326702087	326704064	326704290	396779011	326700000	326950000	0	51	226	1977	immediate
SUPER_2	312370131	312370192	IR	344	.	312370192	0.344	0.929	25	155441	312370131	312370170	312370153	312370195	396779011	312200000	312450000	216	2835	39	-17	overlap
SUPER_2	105240932	105243922	IR	344	.	105242825	0.344	0.917	23	2970	105240932	105241144	105243717	105243922	396779011	105000000	105250000	0	4040	205	2573	spaced
SUPER_2	384000502	384019303	IR	344	.	384009583	0.344	0.957	23	18770	384000502	384000831	384018974	384019303	396779011	384000000	384250000	0	164	329	18143	spaced
SUPER_2	395922980	395980380	IR	344	.	395951807	0.344	1.000	23	57409	395922980	395923097	395980263	395980380	396779011	395750000	396000000	23	3361	117	57166	spaced
SUPER_2	188534737	188538500	IR	344	.	188536823	0.344	0.974	20	3753	188534737	188534928	188538309	188538500	396779011	188300000	188550000	20	3943	191	3381	spaced
SUPER_2	288285176	288290933	IR	344	.	288288120	0.344	0.967	20	5883	288285176	288285390	288290719	288290933	396779011	288050000	288300000	20	3967	214	5329	spaced
SUPER_2	388968782	388998214	IR	343	.	388983998	0.343	0.956	879	29406	388968782	388975714	388991311	388998214	396779011	388750000	389000000	0	3891	6903	15597	spaced
SUPER_2	225734622	225745715	IR	343	.	225740109	0.343	0.974	434	11608	225734622	225737195	225743142	225745730	396779011	225500000	225750000	434	4002	2573	5947	spaced
SUPER_2	50317713	50380191	IR	343	.	50349265	0.343	0.978	341	62453	50317713	50320482	50377427	50380191	396779011	50150000	50400000	0	3315	2764	56945	spaced
SUPER_2	209819891	209831449	IR	343	.	209825228	0.343	0.979	333	11536	209819891	209822785	209828555	209831449	396779011	209600000	209850000	0	3761	2894	5770	spaced
SUPER_2	197879156	198070549	IR	343	.	197974726	0.343	0.969	220	191618	197879156	197880622	198069102	198070549	396779011	197850000	198100000	220	2080	1447	188480	wide
SUPER_2	186965383	187152561	IR	343	.	187058773	0.343	0.973	177	187496	186965383	186966690	187151254	187152561	396779011	186950000	187200000	177	1816	1307	184564	wide
SUPER_2	40595780	40731202	IR	343	.	40663274	0.343	0.849	164	136195	40595780	40598389	40728593	40731246	396779011	40550000	40800000	164	1891	2609	130204	wide
SUPER_2	8107752	8111065	IR	343	.	8109410	0.343	0.882	156	3611	8107752	8108647	8110170	8111174	396779011	7900000	8150000	204	3490	895	1523	immediate
SUPER_2	159189707	159272355	IR	343	.	159230828	0.343	0.958	154	82834	159189707	159191075	159270997	159272355	396779011	159050000	159300000	154	3017	1358	79922	spaced
SUPER_2	180751853	180754060	IR	343	.	180752943	0.343	1.000	142	2341	180751853	180752468	180753445	180754060	396779011	180550000	180800000	142	3382	615	977	immediate
SUPER_2	202307969	202313666	IR	343	.	202311019	0.343	0.945	118	5808	202307969	202309091	202312544	202313668	396779011	202100000	202350000	118	3513	1122	3453	spaced
SUPER_2	150651988	150655292	IR	343	.	150653226	0.343	0.997	115	3282	150651988	150652665	150654615	150655292	396779011	150450000	150700000	0	3393	677	1950	immediate
SUPER_2	309451061	309453620	IR	343	.	309452502	0.343	0.997	115	2634	309451061	309451655	309453026	309453620	396779011	309250000	309500000	115	3372	594	1371	immediate
SUPER_2	70380909	70488254	IR	343	.	70434140	0.343	0.909	106	107247	70380909	70384206	70484957	70488267	396779011	70250000	70500000	0	3076	3297	100751	wide
SUPER_2	228993075	229011467	IR	343	.	229002536	0.343	0.912	103	18429	228993075	228993807	229010735	229011527	396779011	228800000	229050000	0	3371	732	16928	spaced
SUPER_2	545423	691713	IR	343	.	618489	0.343	0.986	95	146368	545423	545860	691276	691719	396779011	450000	700000	97	2809	437	145416	wide
SUPER_2	142401129	142409692	IR	343	.	142405042	0.343	0.990	79	8543	142401129	142401637	142409184	142409692	396779011	142300000	142550000	0	1756	508	7547	spaced
SUPER_2	273085883	273230666	IR	343	.	273158119	0.343	0.903	79	145077	273085883	273087177	273229372	273230714	396779011	273050000	273300000	79	1804	1294	142195	wide
SUPER_2	262900632	262903145	IR	343	.	262901888	0.343	0.976	76	2570	262900632	262900961	262902816	262903151	396779011	262700000	262950000	76	3364	329	1855	immediate
SUPER_2	269038271	269042068	IR	343	.	269040184	0.343	0.817	72	4258	269038271	269039393	269040946	269042175	396779011	268900000	269150000	84	2336	1122	1553	immediate
SUPER_2	192471820	192492332	IR	343	.	192481580	0.343	0.873	63	20485	192471820	192472685	192491467	192492332	396779011	192300000	192550000	0	3034	865	18782	spaced
SUPER_2	11271947	11401841	IR	343	.	11336466	0.343	0.957	60	129850	11271947	11272319	11401469	11401841	396779011	11200000	11450000	0	2281	372	129150	wide
SUPER_2	285404009	285410219	IR	343	.	285406704	0.343	0.765	60	6168	285404009	285404087	285410141	285410243	396779011	285300000	285550000	0	1785	78	6054	spaced
SUPER_2	150514967	150524981	IR	343	.	150519517	0.343	0.987	59	9967	150514967	150515356	150524595	150524981	396779011	150350000	150600000	0	2832	386	9239	spaced
SUPER_2	385043951	385046235	IR	343	.	385045093	0.343	0.996	58	2336	385043951	385044225	385045962	385046235	396779011	384800000	385050000	58	4084	273	1737	immediate
SUPER_2	123103575	123135297	IR	343	.	123119901	0.343	0.840	53	31699	123103575	123104568	123134408	123135297	396779011	122900000	123150000	0	3657	889	29840	spaced
SUPER_2	379048649	379062007	IR	343	.	379055028	0.343	0.961	52	13344	379048649	379048994	379061662	379062016	396779011	378900000	379150000	0	2588	345	12668	spaced
SUPER_2	220894494	220949529	IR	343	.	220922028	0.343	0.932	48	55418	220894494	220895055	220948972	220949529	396779011	220750000	221000000	48	2866	557	53917	spaced
SUPER_2	90157687	90163852	IR	343	.	90160703	0.343	0.967	47	6210	90157687	90157955	90163584	90163858	396779011	90150000	90400000	47	179	268	5629	spaced
SUPER_2	240477859	240483813	IR	343	.	240481175	0.343	0.795	40	5862	240477859	240478936	240482770	240483813	396779011	240250000	240500000	0	3847	1043	3834	spaced
SUPER_2	253632034	253634231	IR	343	.	253633583	0.343	0.825	40	2131	253632034	253632100	253634165	253634245	396779011	253400000	253650000	0	3885	66	2065	spaced
SUPER_2	393857361	393930714	IR	343	.	393894494	0.343	0.000	38	73320	393857361	393857464	393930681	393930714	396779011	393800000	394050000	0	1567	33	73217	spaced
SUPER_2	70529458	70586706	IR	343	.	70557595	0.343	0.921	37	57227	70529458	70530365	70585805	70586706	396779011	70400000	70650000	0	2634	901	55440	spaced
SUPER_2	337172328	337281547	IR	343	.	337227103	0.343	0.839	35	109270	337172328	337172968	337280934	337281547	396779011	337100000	337350000	35	2115	613	107966	wide
SUPER_2	82981949	83170558	IR	343	.	83075885	0.343	0.983	32	188540	82981949	82982240	83170268	83170558	396779011	82950000	83200000	0	2104	290	188028	wide
SUPER_2	389708287	389723831	IR	343	.	389715562	0.343	0.977	32	15526	389708287	389708587	389723531	389723831	396779011	389500000	389750000	0	3600	300	14944	spaced
SUPER_2	87432116	87436222	IR	343	.	87433795	0.343	0.983	31	4076	87432116	87432408	87435930	87436222	396779011	87350000	87600000	0	1402	292	3522	spaced
SUPER_2	120027817	120219427	IR	343	.	120124052	0.343	0.922	30	191564	120027817	120028456	120218789	120219427	396779011	120000000	120250000	0	2060	638	190333	wide
SUPER_2	52388849	52424219	IR	343	.	52406198	0.343	0.977	29	35342	52388849	52389110	52423958	52424220	396779011	52200000	52450000	0	3442	261	34848	spaced
SUPER_2	342594254	342711834	IR	343	.	342652580	0.343	0.777	28	117617	342594254	342594673	342711415	342711897	396779011	342550000	342800000	0	1717	419	116742	wide
SUPER_2	150949038	151019764	IR	343	.	150984159	0.343	0.911	27	146168	150949038	150949421	151019393	151019764	396779011	150850000	151100000	24	2239	371	69972	spaced
SUPER_2	194269368	194372928	IR	343	.	194321096	0.343	0.963	27	103585	194269368	194269553	194372743	194372932	396779011	194150000	194400000	27	2852	185	103190	wide
SUPER_2	78080004	78082383	IR	343	.	78080800	0.343	0.556	26	2335	78080004	78080102	78082329	78082383	396779011	77850000	78100000	0	3853	54	2227	spaced
SUPER_2	160722129	160724899	IR	343	.	160723323	0.343	0.983	24	2763	160722129	160722308	160724720	160724899	396779011	160550000	160800000	24	2891	179	2412	spaced
SUPER_2	179245134	179301389	IR	343	.	179272967	0.343	0.818	24	55903	179245134	179245741	179300798	179301389	396779011	179100000	179350000	0	2887	591	55057	spaced
SUPER_2	274882377	274957090	IR	343	.	274919474	0.343	0.795	24	74694	274882377	274883356	274956125	274957090	396779011	274850000	275100000	0	1162	965	72769	spaced
SUPER_2	365791367	365793428	IR	343	.	365792047	0.343	0.907	23	2037	365791367	365791615	365793200	365793428	396779011	365550000	365800000	0	4039	228	1585	immediate
SUPER_2	4613207	4724309	IR	343	.	4668921	0.343	0.974	22	111106	4613207	4613362	4724154	4724309	396779011	4600000	4850000	22	1145	155	110792	wide
SUPER_2	8433870	8616756	IR	343	.	8525305	0.343	0.867	21	182921	8433870	8434697	8615929	8616777	396779011	8400000	8650000	21	2088	827	181232	wide
SUPER_2	71010625	71014004	IR	343	.	71012400	0.343	0.666	21	3314	71010625	71011667	71012962	71014034	396779011	70800000	71050000	25	3538	1042	1295	immediate
SUPER_2	90498453	90550836	IR	343	.	90524881	0.343	0.922	21	52365	90498453	90498836	90550456	90550836	396779011	90350000	90600000	0	2910	380	51620	spaced
SUPER_2	120447537	120464602	IR	343	.	120456140	0.343	0.783	20	17046	120447537	120448306	120463910	120464602	396779011	120300000	120550000	21	2601	692	15604	spaced
SUPER_2	148718814	148718870	IR	343	.	148718881	0.343	0.949	20	97864	148718814	148718851	148718833	148718872	396779011	148550000	148800000	160	2813	37	-18	overlap
SUPER_2	197355363	197364580	IR	343	.	197360194	0.343	0.908	20	9228	197355363	197355658	197364290	197364580	396779011	197150000	197400000	19	3499	290	8632	spaced
SUPER_2	339915767	339922698	IR	342	.	339918790	0.342	1.000	530	6909	339915767	339918702	339919763	339922698	396779011	339700000	339950000	0	3653	2935	1061	immediate
SUPER_2	321555691	321565682	IR	342	.	321560780	0.342	1.000	522	10553	321555691	321557989	321563384	321565682	396779011	321350000	321600000	522	3511	2298	5395	spaced
SUPER_2	250018367	250035091	IR	342	.	250026837	0.342	1.000	334	17100	250018367	250019846	250033612	250035091	396779011	249850000	250100000	334	2945	1479	13766	spaced
SUPER_2	121619269	121631324	IR	342	.	121624827	0.342	0.731	291	12111	121619269	121624780	121625813	121631398	396779011	121500000	121750000	0	2088	5511	1033	immediate
SUPER_2	185148994	185153289	IR	342	.	185150651	0.342	0.997	210	4272	185148994	185150230	185152056	185153289	396779011	184950000	185200000	0	3352	1233	1826	immediate
SUPER_2	109842585	109844560	IR	342	.	109843789	0.342	0.985	144	2147	109842585	109843327	109843818	109844562	396779011	109600000	109850000	144	4059	742	491	immediate
SUPER_2	13518698	13521927	IR	342	.	13519867	0.342	0.950	140	3206	13518698	13519976	13520653	13521927	396779011	13300000	13550000	0	3671	1274	677	immediate
SUPER_2	249237070	249259724	IR	342	.	249248219	0.342	1.000	140	22751	249237070	249237738	249259056	249259724	396779011	249050000	249300000	140	3306	668	21318	spaced
SUPER_2	133640455	133680648	IR	342	.	133660217	0.342	0.895	139	40146	133640455	133643010	133678093	133680673	396779011	133500000	133750000	0	2675	2555	35083	spaced
SUPER_2	184364759	184449431	IR	342	.	184407485	0.342	0.958	133	84653	184364759	184366355	184447843	184449431	396779011	184200000	184450000	0	3451	1588	81488	spaced
SUPER_2	268374063	268457524	IR	342	.	268415352	0.342	0.803	133	83465	268374063	268375810	268455777	268457549	396779011	268250000	268500000	0	2763	1747	79967	spaced
SUPER_2	253578380	253582188	IR	342	.	253580214	0.342	0.982	125	4084	253578380	253579171	253581398	253582188	396779011	253350000	253600000	125	3837	790	2227	spaced
SUPER_2	118325239	118334760	IR	342	.	118330227	0.342	0.984	118	9850	118325239	118326029	118333970	118334761	396779011	118100000	118350000	118	3833	790	7941	spaced
SUPER_2	159778595	159781092	IR	342	.	159779844	0.342	0.985	117	2681	159778595	159779264	159780425	159781092	396779011	159550000	159800000	117	3830	667	1161	immediate
SUPER_2	193414897	193422659	IR	342	.	193418715	0.342	0.955	98	8014	193414897	193415888	193421685	193422659	396779011	193300000	193550000	98	1979	974	5797	spaced
SUPER_2	337297660	337360512	IR	342	.	337328751	0.342	0.928	98	62837	337297660	337299833	337358339	337360514	396779011	337150000	337400000	0	2984	2173	58506	spaced
SUPER_2	228427454	228487174	IR	342	.	228457792	0.342	0.905	97	59699	228427454	228428986	228485642	228487175	396779011	228250000	228500000	0	3455	1532	56656	spaced
SUPER_2	266049834	266084930	IR	342	.	266067009	0.342	0.410	90	21857	266049834	266064457	266070339	266084930	396779011	265900000	266150000	0	2789	14591	5882	spaced
SUPER_2	259301864	259305573	IR	342	.	259303768	0.342	0.970	85	3843	259301864	259302503	259304939	259305573	396779011	259100000	259350000	85	3395	634	2436	spaced
SUPER_2	91360877	91368857	IR	342	.	91365124	0.342	0.994	81	7960	91360877	91361363	91368371	91368857	396779011	91150000	91400000	0	3580	486	7008	spaced
SUPER_2	159125446	159163406	IR	342	.	159144728	0.342	0.943	76	37934	159125446	159126652	159162201	159163406	396779011	159050000	159300000	0	1573	1205	35549	spaced
SUPER_2	55290641	55293027	IR	342	.	55291834	0.342	0.925	72	2524	55290641	55291304	55292364	55293036	396779011	55050000	55300000	72	4030	663	1060	immediate
SUPER_2	1554785	1645739	IR	342	.	1600676	0.342	0.940	69	90927	1554785	1555670	1644859	1645739	396779011	1400000	1650000	0	3337	880	89189	spaced
SUPER_2	235783119	235786864	IR	342	.	235785037	0.342	0.817	69	3924	235783119	235783837	235786146	235786907	396779011	235550000	235800000	69	3916	718	2309	spaced
SUPER_2	170218094	170232543	IR	342	.	170225117	0.342	1.000	58	14473	170218094	170218362	170232275	170232543	396779011	170150000	170400000	58	1255	268	13913	spaced
SUPER_2	155025984	155130597	IR	342	.	155078700	0.342	0.920	56	104598	155025984	155027043	155129538	155130612	396779011	154900000	155150000	0	2971	1059	102495	wide
SUPER_2	364847914	364859691	IR	342	.	364853921	0.342	0.933	55	11909	364847914	364848522	364859083	364859691	396779011	364650000	364900000	55	3396	608	10561	spaced
SUPER_2	155956017	155958413	IR	342	.	155956779	0.342	0.993	49	2350	155956017	155956317	155958114	155958413	396779011	155750000	156000000	0	3453	299	1797	immediate
SUPER_2	163265390	163383420	IR	342	.	163324633	0.342	1.000	49	118154	163265390	163265434	163383376	163383420	396779011	163250000	163500000	112	1239	44	117942	wide
SUPER_2	282173332	282197204	IR	342	.	282185685	0.342	0.927	48	23826	282173332	282174186	282196350	282197210	396779011	282000000	282250000	0	3087	854	22164	spaced
SUPER_2	163091211	163109909	IR	342	.	163100992	0.342	0.837	44	18679	163091211	163091895	163109309	163109909	396779011	162950000	163200000	0	2509	600	17414	spaced
SUPER_2	386647817	386737747	IR	342	.	386693182	0.342	0.950	42	89905	386647817	386648520	386737048	386737747	396779011	386500000	386750000	0	3212	699	88528	spaced
SUPER_2	272401701	272405585	IR	342	.	272404094	0.342	0.936	39	3855	272401701	272402201	272405092	272405585	396779011	272200000	272450000	0	3393	493	2891	spaced
SUPER_2	77758142	77764086	IR	342	.	77760997	0.342	0.842	34	5872	77758142	77758218	77764022	77764086	396779011	77550000	77800000	443	3518	64	5804	spaced
SUPER_2	288454108	288456358	IR	342	.	288455211	0.342	0.908	32	2333	288454108	288454356	288456110	288456366	396779011	288350000	288600000	32	1753	248	1754	immediate
SUPER_2	162958356	162960627	IR	342	.	162959374	0.342	0.985	31	2273	162958356	162958557	162960426	162960627	396779011	162850000	163100000	31	1824	201	1869	immediate
SUPER_2	238151247	238288350	IR	342	.	238219360	0.342	0.955	31	137080	238151247	238151740	238287859	238288350	396779011	238050000	238300000	0	2829	491	136119	wide
SUPER_2	258557094	258560010	IR	342	.	258559004	0.342	0.828	28	2847	258557094	258557443	258559714	258560010	396779011	258450000	258700000	0	1809	296	2271	spaced
SUPER_2	382082117	382121611	IR	342	.	382102138	0.342	0.698	28	39474	382082117	382083028	382120700	382121611	396779011	381900000	382150000	0	3364	911	37672	spaced
SUPER_2	74133608	74214686	IR	342	.	74174533	0.342	0.881	27	81051	74133608	74134073	74214221	74214717	396779011	74000000	74250000	0	2902	465	80148	spaced
SUPER_2	220034947	220071856	IR	342	.	220053146	0.342	0.971	27	36888	220034947	220035188	220071615	220071856	396779011	219850000	220100000	0	3389	241	36427	spaced
SUPER_2	312894856	312897803	IR	342	.	312895856	0.342	0.941	27	2927	312894856	312895334	312897329	312897803	396779011	312750000	313000000	0	2438	474	1995	immediate
SUPER_2	138647926	138657735	IR	342	.	138653062	0.342	0.898	25	10689	138647926	138648073	138657588	138657735	396779011	138450000	138700000	10	3380	147	9515	spaced
SUPER_2	17552277	17559319	IR	342	.	17556103	0.342	0.877	24	6987	17552277	17552868	17558728	17559338	396779011	17550000	17800000	0	96	591	5860	spaced
SUPER_2	249640674	249730968	IR	342	.	249685875	0.342	0.750	24	90250	249640674	249640854	249730788	249731016	396779011	249600000	249850000	27	1430	180	89934	spaced
SUPER_2	381692063	381861537	IR	342	.	381776401	0.342	0.836	22	169447	381692063	381692540	381861101	381861537	396779011	381650000	381900000	0	2113	436	168561	wide
SUPER_2	288982387	288989724	IR	342	.	288986360	0.342	0.946	21	7304	288982387	288982684	288989431	288989724	396779011	288800000	289050000	0	3100	293	6747	spaced
SUPER_2	334119699	334335319	IR	342	.	334227505	0.342	1.000	21	215614	334119699	334119789	334335229	334335319	396779011	334100000	334350000	21	2125	90	215440	wide
SUPER_2	293863181	293863239	IR	342	.	293863269	0.342	0.911	20	180418	293863181	293863226	293863198	293863239	396779011	293750000	294000000	342	1886	41	-28	overlap
SUPER_2	209338930	209342857	IR	341	.	209340894	0.341	1.000	402	4371	209338930	209340668	209341119	209342857	396779011	209100000	209350000	402	4014	1738	451	immediate
SUPER_2	228619439	228623287	IR	341	.	228621363	0.341	0.997	396	4282	228619439	228621148	228621578	228623290	396779011	228400000	228650000	396	3689	1709	430	immediate
SUPER_2	247053739	247063891	IR	341	.	247058768	0.341	0.955	394	10698	247053739	247055870	247061760	247063961	396779011	246850000	247100000	394	3480	2131	5890	spaced
SUPER_2	6642027	6646466	IR	341	.	6644686	0.341	0.998	309	4418	6642027	6643777	6644716	6646466	396779011	6400000	6650000	0	4070	1750	939	immediate
SUPER_2	272721718	272737328	IR	341	.	272729220	0.341	0.978	260	15591	272721718	272723649	272735397	272737331	396779011	272600000	272850000	0	2158	1931	11748	spaced
SUPER_2	175814913	175861872	IR	341	.	175838833	0.341	0.927	229	46940	175814913	175817587	175859198	175861877	396779011	175650000	175900000	0	3139	2674	41611	spaced
SUPER_2	40365571	40373654	IR	341	.	40369195	0.341	0.957	211	8061	40365571	40367335	40371916	40373654	396779011	40150000	40400000	0	3660	1738	4581	spaced
SUPER_2	367970994	367973665	IR	341	.	367972667	0.341	1.000	185	2642	367970994	367972067	367972592	367973665	396779011	367750000	368000000	0	3705	1073	525	immediate
SUPER_2	351902131	351936527	IR	341	.	351919450	0.341	0.883	184	35677	351902131	351905442	351933254	351936527	396779011	351900000	352150000	184	322	3273	27812	spaced
SUPER_2	240884140	240987494	IR	341	.	240935988	0.341	0.938	166	103578	240884140	240885257	240986377	240987530	396779011	240800000	241050000	167	2263	1117	101120	wide
SUPER_2	86634829	86640598	IR	341	.	86637945	0.341	0.902	160	6701	86634829	86636020	86639407	86640598	396779011	86500000	86750000	114	2295	1191	3387	spaced
SUPER_2	147639948	147644602	IR	341	.	147641928	0.341	0.966	158	4613	147639948	147641073	147643477	147644611	396779011	147400000	147650000	0	4037	1125	2404	spaced
SUPER_2	250600228	250634164	IR	341	.	250616974	0.341	0.967	117	34046	250600228	250601014	250633380	250634164	396779011	250400000	250650000	117	3619	784	32366	spaced
SUPER_2	15154261	15207916	IR	341	.	15181149	0.341	0.901	107	53748	15154261	15156506	15205671	15207919	396779011	15150000	15400000	107	518	2245	49165	spaced
SUPER_2	151542131	151630694	IR	341	.	151586225	0.341	0.977	105	88657	151542131	151542746	151630079	151630700	396779011	151400000	151650000	105	3106	615	87333	spaced
SUPER_2	123659016	123668646	IR	341	.	123663390	0.341	0.765	101	9610	123659016	123661197	123666484	123668646	396779011	123450000	123700000	0	3563	2162	5287	spaced
SUPER_2	338971476	339058543	IR	341	.	339015166	0.341	0.912	99	87166	338971476	338972200	339057867	339058543	396779011	338850000	339100000	104	2750	676	85667	spaced
SUPER_2	174923008	174926066	IR	341	.	174924520	0.341	0.989	95	3139	174923008	174923542	174925533	174926066	396779011	174750000	175000000	95	2908	533	1991	immediate
SUPER_2	357035178	357231174	IR	341	.	357133022	0.341	0.942	77	196130	357035178	357035946	357230406	357231176	396779011	357000000	357250000	77	2219	768	194460	wide
SUPER_2	102299783	102306017	IR	341	.	102302469	0.341	1.000	73	6204	102299783	102300173	102305627	102306017	396779011	102100000	102350000	0	3381	390	5454	spaced
SUPER_2	320516572	320647230	IR	341	.	320581702	0.341	0.854	73	131586	320516572	320517337	320646465	320647297	396779011	320450000	320700000	91	2198	765	129128	wide
SUPER_2	361934306	361984415	IR	341	.	361959683	0.341	0.407	68	25647	361934306	361959151	361959570	361984491	396779011	361750000	362000000	0	3489	24845	419	immediate
SUPER_2	135021450	135192868	IR	341	.	135107002	0.341	0.766	66	171580	135021450	135022313	135192005	135192950	396779011	134950000	135200000	66	2619	863	169692	wide
SUPER_2	150262085	150265193	IR	341	.	150264042	0.341	0.995	66	3082	150262085	150262460	150264818	150265194	396779011	150050000	150300000	0	3560	375	2358	spaced
SUPER_2	203498631	203512746	IR	341	.	203505486	0.341	1.000	60	14161	203498631	203498909	203512468	203512746	396779011	203300000	203550000	63	3428	278	13559	spaced
SUPER_2	91370089	91374863	IR	341	.	91372904	0.341	0.940	59	4754	91370089	91370567	91374392	91374863	396779011	91150000	91400000	0	3707	471	3825	spaced
SUPER_2	270342143	270481933	IR	341	.	270411727	0.341	0.588	52	139772	270342143	270343931	270480202	270481933	396779011	270250000	270500000	0	2700	1731	136271	wide
SUPER_2	16477664	16482011	IR	341	.	16479638	0.341	0.977	48	4392	16477664	16477968	16481707	16482013	396779011	16250000	16500000	48	3830	304	3739	spaced
SUPER_2	132488927	132615800	IR	341	.	132551879	0.341	0.500	48	126842	132488927	132489010	132615717	132615875	396779011	132400000	132650000	0	2539	83	126707	wide
SUPER_2	114728266	114756538	IR	341	.	114742294	0.341	0.643	47	28216	114728266	114728322	114756482	114756574	396779011	114700000	114950000	638	706	56	28160	spaced
SUPER_2	258526138	258546830	IR	341	.	258536025	0.341	0.917	47	20665	258526138	258526863	258546105	258546830	396779011	258400000	258650000	0	2274	725	19242	spaced
SUPER_2	301695321	301869329	IR	341	.	301782803	0.341	0.890	47	173995	301695321	301695910	301868740	301869349	396779011	301650000	301900000	0	2205	589	172830	wide
SUPER_2	368170996	368325568	IR	341	.	368248197	0.341	0.910	44	154703	368170996	368171677	368324887	368325580	396779011	368100000	368350000	44	2471	681	153210	wide
SUPER_2	96417555	96419884	IR	341	.	96418381	0.341	0.977	42	2310	96417555	96417805	96419634	96419890	396779011	96200000	96450000	0	3645	250	1829	immediate
SUPER_2	153932919	153960441	IR	341	.	153946379	0.341	0.949	38	27490	153932919	153933384	153959980	153960441	396779011	153900000	154150000	0	777	461	26596	spaced
SUPER_2	387342084	387535990	IR	341	.	387439030	0.341	0.719	38	193864	387342084	387342130	387535944	387536008	396779011	387300000	387550000	463	2317	46	193814	wide
SUPER_2	258650829	258754268	IR	341	.	258702975	0.341	0.923	37	103421	258650829	258651284	258753813	258754271	396779011	258550000	258800000	0	2542	455	102529	wide
SUPER_2	292221304	292313219	IR	341	.	292267318	0.341	0.884	34	92020	292221304	292221944	292312579	292313233	396779011	292100000	292350000	34	2787	640	90635	spaced
SUPER_2	185178557	185179076	IR	341	.	185179019	0.341	0.816	31	2336	185178557	185178785	185178890	185179076	396779011	184950000	185200000	31	3813	186	105	immediate
SUPER_2	320147357	320152748	IR	341	.	320150037	0.341	0.898	31	5505	320147357	320147719	320152386	320152757	396779011	319950000	320200000	31	3334	362	4667	spaced
SUPER_2	173483071	173497432	IR	341	.	173489969	0.341	0.918	30	14340	173483071	173483657	173496846	173497441	396779011	173400000	173650000	0	1504	586	13189	spaced
SUPER_2	22995423	23025413	IR	341	.	23010218	0.341	0.923	29	29940	22995423	22995471	23025365	23025417	396779011	22800000	23050000	392	3506	48	29894	spaced
SUPER_2	44690995	44814079	IR	341	.	44752801	0.341	0.989	26	123065	44690995	44691178	44813896	44814079	396779011	44600000	44850000	0	2542	183	122718	wide
SUPER_2	333666046	333807103	IR	341	.	333736361	0.341	0.746	26	142127	333666046	333668495	333804716	333807103	396779011	333600000	333850000	26	2276	2387	136221	wide
SUPER_2	64058148	64095745	IR	341	.	64077378	0.341	0.798	25	37579	64058148	64058629	64095264	64095746	396779011	64050000	64300000	0	448	481	36635	spaced
SUPER_2	256645302	256803656	IR	341	.	256724184	0.341	0.976	25	158336	256645302	256645595	256803363	256803656	396779011	256600000	256850000	0	2074	293	157768	wide
SUPER_2	322772395	322833508	IR	341	.	322802912	0.341	1.000	23	61087	322772395	322772441	322833462	322833508	396779011	322650000	322900000	144	2549	46	61021	spaced
SUPER_2	317895105	317899431	IR	341	.	317897489	0.341	0.984	22	4324	317895105	317895232	317899304	317899432	396779011	317700000	317950000	22	3287	127	4072	spaced
SUPER_2	381504640	381541621	IR	341	.	381522745	0.341	1.000	22	36949	381504640	381504763	381541498	381541621	396779011	381300000	381550000	0	3718	123	36735	spaced
SUPER_2	171250513	171255046	IR	341	.	171252343	0.341	0.899	21	4524	171250513	171250735	171254824	171255058	396779011	171100000	171350000	0	2546	222	4089	spaced
SUPER_2	264680427	264687879	IR	341	.	264684456	0.341	0.767	21	7504	264680427	264680961	264687345	264687951	396779011	264500000	264750000	0	3069	534	6384	spaced
SUPER_2	323364213	323376252	IR	340	.	323369797	0.340	0.982	470	12014	323364213	323367677	323372788	323376252	396779011	323150000	323400000	0	3670	3464	5111	spaced
SUPER_2	131800946	131811809	IR	340	.	131806557	0.340	0.972	363	11629	131800946	131803872	131808883	131811809	396779011	131600000	131850000	363	3439	2926	5011	spaced
SUPER_2	60371393	60378764	IR	340	.	60374572	0.340	0.985	357	7371	60371393	60373630	60376527	60378786	396779011	60150000	60400000	0	3751	2237	2897	spaced
SUPER_2	177519064	177523557	IR	340	.	177521751	0.340	0.998	291	4470	177519064	177520754	177521867	177523557	396779011	177300000	177550000	0	3688	1690	1113	immediate
SUPER_2	297420330	297426703	IR	340	.	297423627	0.340	0.806	285	51755	297420330	297422497	297424536	297426721	396779011	297300000	297550000	285	2058	2167	2039	spaced
SUPER_2	274382669	274387678	IR	340	.	274384782	0.340	0.968	248	5015	274382669	274384470	274385877	274387708	396779011	274150000	274400000	0	3919	1801	1407	immediate
SUPER_2	90099197	90110948	IR	340	.	90105529	0.340	0.988	236	11734	90099197	90100864	90109281	90110948	396779011	89900000	90150000	0	3417	1667	8417	spaced
SUPER_2	166769718	166776554	IR	340	.	166773257	0.340	0.922	228	7199	166769718	166771626	166774657	166776554	396779011	166600000	166850000	228	2885	1897	3031	spaced
SUPER_2	224039589	224047212	IR	340	.	224042976	0.340	0.998	222	7605	224039589	224040880	224045921	224047212	396779011	223800000	224050000	0	4056	1291	5041	spaced
SUPER_2	143651475	143737609	IR	340	.	143694935	0.340	0.992	211	86117	143651475	143652753	143736336	143737609	396779011	143500000	143750000	0	3242	1273	83583	spaced
SUPER_2	142912676	143085634	IR	340	.	142999117	0.340	0.948	197	173211	142912676	142914397	143083932	143085634	396779011	142900000	143150000	197	1652	1702	169535	wide
SUPER_2	134041375	134051090	IR	340	.	134046662	0.340	1.000	172	9681	134041375	134042332	134050133	134051090	396779011	133850000	134100000	0	3270	957	7801	spaced
SUPER_2	146256712	146263272	IR	340	.	146259979	0.340	0.958	167	6772	146256712	146257673	146262311	146263298	396779011	146050000	146300000	167	3499	961	4638	spaced
SUPER_2	139419669	139433345	IR	340	.	139426344	0.340	0.984	156	13966	139419669	139420416	139432609	139433345	396779011	139200000	139450000	156	3774	736	12193	spaced
SUPER_2	82627498	82633600	IR	340	.	82630672	0.340	0.994	154	6249	82627498	82628293	82632805	82633600	396779011	82500000	82750000	154	2175	795	4512	spaced
SUPER_2	180806491	180815218	IR	340	.	180810784	0.340	0.999	140	8937	180806491	180807178	180814531	180815219	396779011	180600000	180850000	140	3514	687	7353	spaced
SUPER_2	207944003	207962949	IR	340	.	207953208	0.340	0.905	128	19010	207944003	207944987	207961965	207963035	396779011	207750000	208000000	0	3391	984	16978	spaced
SUPER_2	300222547	300273420	IR	340	.	300248098	0.340	0.976	123	51022	300222547	300223309	300272662	300273420	396779011	300050000	300300000	123	3299	758	49353	spaced
SUPER_2	301154494	301214509	IR	340	.	301184603	0.340	0.905	118	60126	301154494	301156080	301212934	301214509	396779011	301050000	301300000	118	2241	1575	56854	spaced
SUPER_2	199847715	199862192	IR	340	.	199854826	0.340	0.998	102	14587	199847715	199848174	199861734	199862192	396779011	199650000	199900000	102	3415	458	13560	spaced
SUPER_2	289256174	289260061	IR	340	.	289257869	0.340	1.000	96	3970	289256174	289256597	289259638	289260061	396779011	289150000	289400000	93	1801	423	3041	spaced
SUPER_2	125626170	125668740	IR	340	.	125647937	0.340	0.983	93	42516	125626170	125626923	125667987	125668740	396779011	125450000	125700000	0	3290	753	41064	spaced
SUPER_2	381618621	381645180	IR	340	.	381632310	0.340	0.452	89	26586	381618621	381631105	381632696	381645266	396779011	381500000	381750000	0	2198	12484	1591	immediate
SUPER_2	41401808	41498854	IR	340	.	41449852	0.340	0.953	80	97022	41401808	41402534	41498145	41498854	396779011	41250000	41500000	0	3338	709	95611	spaced
SUPER_2	214623105	214774149	IR	340	.	214698351	0.340	0.962	80	151022	214623105	214623993	214773266	214774149	396779011	214600000	214850000	0	1643	883	149273	wide
SUPER_2	248195848	248198795	IR	340	.	248197810	0.340	0.934	75	2950	248195848	248196347	248198296	248198823	396779011	248000000	248250000	0	3288	499	1949	immediate
SUPER_2	354268984	354291016	IR	340	.	354279582	0.340	0.942	69	22024	354268984	354269720	354290280	354291026	396779011	354050000	354300000	0	3833	736	20560	spaced
SUPER_2	108427952	108430081	IR	340	.	108429052	0.340	0.830	65	2280	108427952	108428591	108429520	108430081	396779011	108300000	108550000	65	2150	561	929	immediate
SUPER_2	194255784	194257975	IR	340	.	194256984	0.340	0.982	64	2223	194255784	194256218	194257541	194257975	396779011	194050000	194300000	64	3447	434	1323	immediate
SUPER_2	53571178	53640763	IR	340	.	53605566	0.340	0.948	62	69554	53571178	53572083	53639860	53640763	396779011	53400000	53650000	0	3432	903	67777	spaced
SUPER_2	16770138	16851904	IR	340	.	16810924	0.340	0.933	61	81845	16770138	16770938	16851104	16851904	396779011	16650000	16900000	61	2683	800	80166	spaced
SUPER_2	38262282	38270579	IR	340	.	38266043	0.340	0.738	61	8258	38262282	38262361	38270500	38270607	396779011	38050000	38300000	0	3607	79	8139	spaced
SUPER_2	140831466	140957195	IR	340	.	140894031	0.340	0.981	56	125699	140831466	140831886	140956775	140957197	396779011	140750000	141000000	0	2405	420	124889	wide
SUPER_2	155862270	155864818	IR	340	.	155863583	0.340	0.802	55	2591	155862270	155862685	155864482	155864818	396779011	155750000	156000000	55	1892	336	1797	immediate
SUPER_2	218034926	218050170	IR	340	.	218042170	0.340	0.965	54	15169	218034926	218035496	218049601	218050170	396779011	217900000	218150000	0	2375	569	14105	spaced
SUPER_2	347158740	347196202	IR	340	.	347177389	0.340	0.977	51	37479	347158740	347159042	347195900	347196202	396779011	346950000	347200000	51	3791	302	36858	spaced
SUPER_2	41741929	41744590	IR	340	.	41743260	0.340	0.957	41	2913	41741929	41742398	41744121	41744591	396779011	41500000	41750000	41	4054	469	1723	immediate
SUPER_2	299500319	299621574	IR	340	.	299560511	0.340	0.833	36	121241	299500319	299500869	299621024	299621646	396779011	299400000	299650000	0	2682	550	120155	wide
SUPER_2	21647165	21650354	IR	340	.	21648521	0.340	0.995	35	3204	21647165	21647352	21650167	21650354	396779011	21450000	21700000	35	3312	187	2815	spaced
SUPER_2	215901365	215928765	IR	340	.	215914997	0.340	0.415	33	27640	215901365	215914900	215915233	215928765	396779011	215850000	216100000	33	1084	13532	333	immediate
SUPER_2	319188880	319229876	IR	340	.	319209305	0.340	0.911	33	41070	319188880	319189520	319229242	319229876	396779011	319050000	319300000	33	2656	634	39722	spaced
SUPER_2	241532695	241614772	IR	340	.	241573280	0.340	1.000	30	82048	241532695	241532875	241614592	241614772	396779011	241450000	241700000	0	2062	180	81717	spaced
SUPER_2	234598585	234638739	IR	340	.	234618337	0.340	1.000	29	40134	234598585	234598781	234638543	234638739	396779011	234400000	234650000	0	3644	196	39762	spaced
SUPER_2	350785436	350787862	IR	340	.	350787059	0.340	0.607	29	2408	350785436	350785492	350787806	350787902	396779011	350700000	350950000	0	1444	56	2314	spaced
SUPER_2	224210894	224300101	IR	340	.	224255959	0.340	0.825	28	89248	224210894	224211292	224299703	224300159	396779011	224100000	224350000	0	2591	398	88411	spaced
SUPER_2	290949736	290993101	IR	340	.	290970965	0.340	0.775	28	43340	290949736	290950165	290992742	290993101	396779011	290750000	291000000	0	3690	359	42577	spaced
SUPER_2	295668841	295683040	IR	340	.	295675765	0.340	0.940	28	14220	295668841	295669158	295682723	295683041	396779011	295600000	295850000	28	1265	317	13565	spaced
SUPER_2	156616966	156646619	IR	340	.	156631770	0.340	0.970	24	29657	156616966	156617201	156646384	156646620	396779011	156400000	156650000	24	3863	235	29183	spaced
SUPER_2	254788347	254999087	IR	340	.	254894107	0.340	0.916	24	210726	254788347	254788820	254998614	254999096	396779011	254750000	255000000	0	2395	473	209794	wide
SUPER_2	261927521	262072697	IR	340	.	262000541	0.340	0.970	24	145154	261927521	261927718	262072501	262072697	396779011	261850000	262100000	0	2501	196	144783	wide
SUPER_2	229800557	229831225	IR	339	.	229816082	0.339	0.998	660	31495	229800557	229803511	229828271	229831226	396779011	229600000	229850000	660	3598	2954	24760	spaced
SUPER_2	123274803	123339076	IR	339	.	123306796	0.339	0.870	588	70400	123274803	123283167	123330712	123339131	396779011	123200000	123450000	599	1782	8364	47545	spaced
SUPER_2	322229555	322236728	IR	339	.	322232642	0.339	0.980	303	7149	322229555	322231822	322234461	322236728	396779011	322000000	322250000	0	3885	2267	2639	spaced
SUPER_2	25999497	26135480	IR	339	.	26066982	0.339	0.998	224	135965	25999497	26000771	26134206	26135481	396779011	25900000	26150000	0	2791	1274	133435	wide
SUPER_2	324853445	324857609	IR	339	.	324855530	0.339	0.935	183	4419	324853445	324854518	324856587	324857609	396779011	324650000	324900000	183	3425	1022	2069	spaced
SUPER_2	184886735	185027451	IR	339	.	184957473	0.339	0.949	163	140715	184886735	184888714	185025472	185027475	396779011	184800000	185050000	0	2618	1979	136758	wide
SUPER_2	305728961	305736210	IR	339	.	305733003	0.339	0.999	160	7222	305728961	305729892	305735279	305736210	396779011	305500000	305750000	0	3876	931	5387	spaced
SUPER_2	129907177	130129541	IR	339	.	130017957	0.339	0.927	159	222320	129907177	129908794	130127934	130129541	396779011	129900000	130150000	0	1972	1607	219140	wide
SUPER_2	125941763	125974919	IR	339	.	125958854	0.339	0.913	152	33122	125941763	125944004	125972734	125974919	396779011	125750000	126000000	0	3472	2185	28730	spaced
SUPER_2	104980435	105055652	IR	339	.	105018370	0.339	0.986	127	75191	104980435	104981348	105054745	105055652	396779011	104850000	105100000	0	2800	907	73397	spaced
SUPER_2	380776549	380791129	IR	339	.	380784127	0.339	0.997	121	14562	380776549	380777210	380790468	380791129	396779011	380550000	380800000	0	3897	661	13258	spaced
SUPER_2	215175093	215177692	IR	339	.	215176110	0.339	0.987	108	2576	215175093	215175881	215176904	215177692	396779011	215000000	215250000	0	2939	788	1023	immediate
SUPER_2	229916419	230029334	IR	339	.	229972576	0.339	0.988	105	112885	229916419	229917159	230028594	230029334	396779011	229850000	230100000	0	2047	740	111435	wide
SUPER_2	114302139	114306400	IR	339	.	114304548	0.339	0.963	101	4248	114302139	114303114	114305425	114306412	396779011	114100000	114350000	0	3404	975	2311	spaced
SUPER_2	340988624	340995424	IR	339	.	340991526	0.339	0.879	100	6777	340988624	340989585	340994536	340995424	396779011	340800000	341050000	0	3200	888	4951	spaced
SUPER_2	35219458	35233754	IR	339	.	35226687	0.339	0.997	87	14385	35219458	35219836	35233376	35233754	396779011	35000000	35250000	87	3776	378	13540	spaced
SUPER_2	185639275	185641430	IR	339	.	185640437	0.339	0.995	82	2270	185639275	185639701	185641004	185641430	396779011	185500000	185750000	82	2339	426	1303	immediate
SUPER_2	203808831	203831897	IR	339	.	203820473	0.339	0.952	65	23045	203808831	203809423	203831305	203831907	396779011	203800000	204050000	75	339	592	21882	spaced
SUPER_2	125113542	125118139	IR	339	.	125115468	0.339	0.850	62	4641	125113542	125114241	125117440	125118215	396779011	124900000	125150000	0	3597	699	3199	spaced
SUPER_2	217777413	217783051	IR	339	.	217780176	0.339	0.975	62	5759	217777413	217777848	217782618	217783051	396779011	217600000	217850000	62	3003	433	4770	spaced
SUPER_2	356879808	356882337	IR	339	.	356880645	0.339	0.980	61	2432	356879808	356880296	356881849	356882337	396779011	356650000	356900000	0	3851	488	1553	immediate
SUPER_2	122862195	122944267	IR	339	.	122902827	0.339	0.941	60	82041	122862195	122862903	122943569	122944267	396779011	122800000	123050000	0	1720	698	80666	spaced
SUPER_2	60715753	60765281	IR	339	.	60740015	0.339	0.425	57	49510	60715753	60739732	60741309	60765281	396779011	60600000	60850000	0	2341	23972	1577	immediate
SUPER_2	274712173	274791615	IR	339	.	274751462	0.339	0.831	57	79403	274712173	274712706	274791082	274791661	396779011	274600000	274850000	0	2531	533	78376	spaced
SUPER_2	228642707	228672255	IR	339	.	228657441	0.339	0.952	55	29702	228642707	228643359	228671604	228672255	396779011	228500000	228750000	55	2624	651	28245	spaced
SUPER_2	216961901	216975133	IR	339	.	216968873	0.339	0.865	53	13201	216961901	216962391	216974667	216975133	396779011	216800000	217050000	0	2808	466	12276	spaced
SUPER_2	234887919	234897739	IR	339	.	234893165	0.339	0.959	51	9796	234887919	234888431	234897227	234897739	396779011	234650000	234900000	0	4047	512	8796	spaced
SUPER_2	280790381	280903045	IR	339	.	280846543	0.339	0.887	51	113809	280790381	280792233	280901193	280903045	396779011	280700000	280950000	51	2445	1852	108960	wide
SUPER_2	308511547	308554181	IR	339	.	308532583	0.339	0.980	51	42596	308511547	308511947	308553781	308554182	396779011	308350000	308600000	0	3047	400	41834	spaced
SUPER_2	4961259	5006296	IR	339	.	4983505	0.339	0.980	50	45020	4961259	4961613	5005942	5006296	396779011	4800000	5050000	0	3062	354	44329	spaced
SUPER_2	110686704	110688922	IR	339	.	110687813	0.339	0.980	49	68306	110686704	110687060	110688566	110688923	396779011	110600000	110850000	49	1463	356	1506	immediate
SUPER_2	314949676	314951976	IR	339	.	314950642	0.339	0.771	48	2250	314949676	314949746	314951922	314951976	396779011	314800000	315050000	926	2513	54	2176	spaced
SUPER_2	102114419	102143596	IR	339	.	102129135	0.339	0.342	47	29151	102114419	102114503	102143558	102143596	396779011	101950000	102200000	250	2983	38	29055	spaced
SUPER_2	207486298	207489289	IR	339	.	207487941	0.339	0.970	44	3018	207486298	207486757	207488830	207489289	396779011	207250000	207500000	44	3963	459	2073	spaced
SUPER_2	41972965	42075426	IR	339	.	42023771	0.339	0.961	42	102430	41972965	41973423	42074968	42075426	396779011	41850000	42100000	0	2903	458	101545	wide
SUPER_2	231783570	231799486	IR	339	.	231791648	0.339	0.892	37	15933	231783570	231784223	231798833	231799488	396779011	231650000	231900000	37	2358	653	14610	spaced
SUPER_2	240680522	240683523	IR	339	.	240681628	0.339	0.925	37	2974	240680522	240680790	240683267	240683523	396779011	240500000	240750000	0	3033	256	2477	spaced
SUPER_2	25590985	25648828	IR	339	.	25619916	0.339	0.944	33	57918	25590985	25591299	25648514	25648836	396779011	25450000	25700000	33	2831	314	57215	spaced
SUPER_2	64865342	64989987	IR	339	.	64927207	0.339	0.911	33	124624	64865342	64866153	64989180	64989987	396779011	64750000	65000000	0	2960	807	123027	wide
SUPER_2	145145849	145145935	IR	339	.	145145889	0.339	0.921	33	73548	145145849	145145912	145145877	145145935	396779011	145000000	145250000	1021	2431	58	-35	overlap
SUPER_2	145145859	145145939	IR	339	.	145145889	0.339	0.857	33	73548	145145859	145145915	145145891	145145939	396779011	145050000	145300000	651	1598	48	-24	overlap
SUPER_2	101955790	102006935	IR	339	.	101981636	0.339	0.865	32	51131	101955790	101956231	102006494	102006968	396779011	101800000	102050000	0	3022	441	50263	spaced
SUPER_2	184518340	184543909	IR	339	.	184530916	0.339	0.977	32	25595	184518340	184518554	184543696	184543909	396779011	184400000	184650000	32	2185	213	25142	spaced
SUPER_2	151208020	151378849	IR	339	.	151293157	0.339	0.771	29	170777	151208020	151208831	151378120	151378849	396779011	151200000	151450000	0	1557	729	169289	wide
SUPER_2	228523990	228549926	IR	339	.	228537284	0.339	0.966	29	25893	228523990	228524281	228549635	228549926	396779011	228300000	228550000	0	3949	291	25354	spaced
SUPER_2	114495841	114498066	IR	339	.	114496954	0.339	0.989	28	2224	114495841	114496015	114497892	114498066	396779011	114250000	114500000	28	4115	174	1877	immediate
SUPER_2	153213649	153267041	IR	339	.	153240215	0.339	0.907	28	53639	153213649	153214184	153266506	153267044	396779011	153100000	153350000	28	2338	535	52322	spaced
SUPER_2	284892752	284900533	IR	339	.	284896959	0.339	0.967	27	7721	284892752	284893082	284900203	284900535	396779011	284700000	284950000	0	3277	330	7121	spaced
SUPER_2	331037570	331112798	IR	339	.	331074891	0.339	0.959	27	75200	331037570	331037860	331112511	331112798	396779011	331000000	331250000	0	1252	287	74651	spaced
SUPER_2	163416982	163419581	IR	339	.	163417878	0.339	0.879	26	2561	163416982	163417429	163419164	163419581	396779011	163400000	163650000	0	304	417	1735	immediate
SUPER_2	394238146	394293819	IR	339	.	394265844	0.339	0.906	26	55772	394238146	394238406	394293559	394293832	396779011	394050000	394300000	26	3599	260	55153	spaced
SUPER_2	290699388	290714182	IR	339	.	290706655	0.339	0.792	25	14844	290699388	290699578	290713992	290714228	396779011	290500000	290750000	25	3446	190	14414	spaced
SUPER_2	161649658	161801919	IR	339	.	161726029	0.339	0.962	24	152242	161649658	161649866	161801713	161801919	396779011	161600000	161850000	0	2096	206	151847	wide
SUPER_2	370802125	370814458	IR	339	.	370808262	0.339	0.910	23	12339	370802125	370802398	370814185	370814462	396779011	370600000	370850000	23	3471	273	11787	spaced
SUPER_2	149171253	149202781	IR	339	.	149186721	0.339	0.947	21	31502	149171253	149171497	149202542	149202781	396779011	149100000	149350000	0	1450	239	31045	spaced
SUPER_2	279021110	279025068	IR	339	.	279022633	0.339	0.837	21	3988	279021110	279021551	279024627	279025123	396779011	278800000	279050000	0	3718	441	3076	spaced
SUPER_2	365845741	365847848	IR	339	.	365846866	0.339	0.966	21	2126	365845741	365845915	365847674	365847848	396779011	365600000	365850000	21	4113	174	1759	immediate
SUPER_2	269989236	270012182	IR	338	.	270001105	0.338	0.964	749	22928	269989236	269997107	270004334	270012182	396779011	269800000	270050000	0	3345	7848	7227	spaced
SUPER_2	195826998	195988112	IR	338	.	195907823	0.338	0.410	381	161096	195826998	195907386	195907753	195988112	396779011	195800000	196050000	0	1792	80359	367	immediate
SUPER_2	322395800	322404521	IR	338	.	322399887	0.338	1.000	290	8704	322395800	322397392	322402929	322404521	396779011	322200000	322450000	0	3335	1592	5537	spaced
SUPER_2	81453526	81482817	IR	338	.	81468205	0.338	0.971	278	30056	81453526	81455191	81481159	81482817	396779011	81300000	81550000	278	2802	1658	25968	spaced
SUPER_2	260636527	260639268	IR	338	.	260637898	0.338	1.000	243	2964	260636527	260637589	260638206	260639268	396779011	260400000	260650000	243	3964	1062	617	immediate
SUPER_2	289315268	289318081	IR	338	.	289316675	0.338	0.997	235	3059	289315268	289316350	289316999	289318081	396779011	289100000	289350000	235	3611	1082	649	immediate
SUPER_2	164094258	164099632	IR	338	.	164097057	0.338	0.998	202	5610	164094258	164095200	164098690	164099633	396779011	163850000	164100000	202	4115	942	3490	spaced
SUPER_2	382033929	382059126	IR	338	.	382046284	0.338	0.951	200	25430	382033929	382035761	382057294	382059126	396779011	381900000	382150000	200	2441	1832	21533	spaced
SUPER_2	147399043	147457594	IR	338	.	147428707	0.338	0.901	188	58545	147399043	147401259	147455378	147457611	396779011	147250000	147500000	0	2971	2216	54119	spaced
SUPER_2	107868284	107880335	IR	338	.	107873972	0.338	0.999	183	12028	107868284	107869292	107879327	107880335	396779011	107650000	107900000	0	3738	1008	10035	spaced
SUPER_2	47738711	47759351	IR	338	.	47748952	0.338	0.959	152	20982	47738711	47740225	47757837	47759351	396779011	47600000	47850000	152	2483	1514	17612	spaced
SUPER_2	315405901	315417336	IR	338	.	315411350	0.338	0.967	143	11415	315405901	315407214	315416024	315417336	396779011	315200000	315450000	0	3526	1312	8810	spaced
SUPER_2	254344778	254421927	IR	338	.	254383583	0.338	0.858	138	77737	254344778	254345102	254421621	254421927	396779011	254200000	254450000	20	3055	306	76519	spaced
SUPER_2	158823083	158829717	IR	338	.	158826685	0.338	0.619	123	6616	158823083	158826411	158826427	158829717	396779011	158700000	158950000	0	2106	3290	16	immediate
SUPER_2	100082778	100096394	IR	338	.	100089459	0.338	1.000	121	13732	100082778	100083271	100095901	100096394	396779011	99850000	100100000	121	3992	493	12630	spaced
SUPER_2	126809436	126815265	IR	338	.	126812236	0.338	0.971	120	5934	126809436	126810092	126814626	126815265	396779011	126600000	126850000	120	3539	639	4534	spaced
SUPER_2	94533096	94538856	IR	338	.	94535477	0.338	0.983	117	5740	94533096	94533860	94538092	94538861	396779011	94300000	94550000	0	3932	764	4232	spaced
SUPER_2	84583120	84612486	IR	338	.	84597947	0.338	0.957	115	29483	84583120	84584013	84611593	84612486	396779011	84500000	84750000	115	1629	893	27580	spaced
SUPER_2	178091926	178099763	IR	338	.	178095588	0.338	0.992	109	7816	178091926	178092640	178099051	178099763	396779011	177850000	178100000	0	4097	712	6411	spaced
SUPER_2	58562745	58566188	IR	338	.	58564320	0.338	0.932	107	3595	58562745	58563360	58565606	58566188	396779011	58350000	58600000	107	3574	582	2246	spaced
SUPER_2	135238993	135244874	IR	338	.	135241510	0.338	0.881	107	5850	135238993	135240375	135243590	135244874	396779011	135000000	135250000	0	4032	1284	3215	spaced
SUPER_2	192582414	192616966	IR	338	.	192600125	0.338	0.972	103	34523	192582414	192583306	192616076	192616966	396779011	192500000	192750000	0	1661	890	32770	spaced
SUPER_2	235549195	235553010	IR	338	.	235551412	0.338	0.967	97	3800	235549195	235549984	235552221	235553016	396779011	235350000	235600000	0	3351	789	2237	spaced
SUPER_2	88089448	88095580	IR	338	.	88092188	0.338	0.924	78	6147	88089448	88090209	88094819	88095620	396779011	87900000	88150000	0	3208	761	4610	spaced
SUPER_2	88142106	88148238	IR	338	.	88144846	0.338	0.924	78	6147	88142106	88142867	88147477	88148278	396779011	87900000	88150000	0	4086	761	4610	spaced
SUPER_2	149619633	149626989	IR	338	.	149623186	0.338	0.965	75	7485	149619633	149620207	149626418	149626989	396779011	149500000	149750000	75	2055	571	6211	spaced
SUPER_2	72500712	72503224	IR	338	.	72501968	0.338	0.991	74	2568	72500712	72501033	72502903	72503226	396779011	72400000	72650000	74	1699	321	1870	immediate
SUPER_2	393700051	393791110	IR	338	.	393745227	0.338	0.916	63	90910	393700051	393701854	393789307	393791158	396779011	393700000	393950000	0	759	1803	87453	spaced
SUPER_2	225831787	225846516	IR	338	.	225839279	0.338	0.898	59	14744	225831787	225832347	225845980	225846516	396779011	225750000	226000000	59	1485	536	13633	spaced
SUPER_2	302605773	302617957	IR	338	.	302612175	0.338	0.983	58	12160	302605773	302606175	302617555	302617958	396779011	302600000	302850000	0	197	402	11380	spaced
SUPER_2	362734016	362750667	IR	338	.	362742420	0.338	0.744	57	16587	362734016	362734074	362750609	362750687	396779011	362550000	362800000	1390	3205	58	16535	spaced
SUPER_2	266270434	266283381	IR	338	.	266276858	0.338	0.966	50	12973	266270434	266270784	266283031	266283384	396779011	266100000	266350000	50	2948	350	12247	spaced
SUPER_2	373082316	373096255	IR	338	.	373089515	0.338	1.000	48	13945	373082316	373082356	373096215	373096255	396779011	372850000	373100000	64	3987	40	13859	spaced
SUPER_2	328167333	328216298	IR	338	.	328191564	0.338	0.916	47	48934	328167333	328168233	328215399	328216298	396779011	328000000	328250000	0	3196	899	47166	spaced
SUPER_2	293052621	293062583	IR	338	.	293057711	0.338	0.868	46	10079	293052621	293053214	293062034	293062583	396779011	292850000	293100000	46	3459	549	8820	spaced
SUPER_2	296089187	296100816	IR	338	.	296095295	0.338	0.826	44	11541	296089187	296090455	296099617	296100816	396779011	296000000	296250000	0	1583	1199	9162	spaced
SUPER_2	197311625	197319769	IR	338	.	197315279	0.338	0.976	43	8121	197311625	197311952	197319446	197319769	396779011	197150000	197400000	0	2761	323	7494	spaced
SUPER_2	271993604	271998286	IR	338	.	271995640	0.338	0.993	42	4656	271993604	271993879	271998011	271998286	396779011	271750000	272000000	0	4098	275	4132	spaced
SUPER_2	239766914	239847511	IR	338	.	239806868	0.338	0.932	40	80576	239766914	239767709	239846723	239847511	396779011	239600000	239850000	0	3453	788	79014	spaced
SUPER_2	252822666	252879331	IR	338	.	252850868	0.338	0.973	32	56723	252822666	252822925	252879072	252879331	396779011	252800000	253050000	32	849	259	56147	spaced
SUPER_2	168276289	168280616	IR	338	.	168278559	0.338	1.000	28	4441	168276289	168276401	168280504	168280616	396779011	168100000	168350000	28	2974	112	4103	spaced
SUPER_2	46144641	46147265	IR	338	.	46145541	0.338	0.976	27	2600	46144641	46144887	46147022	46147265	396779011	45900000	46150000	0	4099	243	2135	spaced
SUPER_2	147000802	147004135	IR	338	.	147001963	0.338	0.985	26	3316	147000802	147001001	147003936	147004135	396779011	146850000	147100000	0	2541	199	2935	spaced
SUPER_2	257079830	257135887	IR	338	.	257108052	0.338	1.000	25	56174	257079830	257079973	257135744	257135887	396779011	256900000	257150000	25	3464	143	55771	spaced
SUPER_2	384645436	384738987	IR	338	.	384692354	0.338	1.000	25	93559	384645436	384645563	384738860	384738987	396779011	384500000	384750000	25	3203	127	93297	spaced
SUPER_2	165828256	165881111	IR	338	.	165854237	0.338	0.797	24	52845	165828256	165829168	165880199	165881131	396779011	165800000	166050000	0	911	912	51031	spaced
SUPER_2	386151844	386154080	IR	338	.	386153020	0.338	0.915	24	2354	386151844	386152039	386153889	386154080	396779011	385950000	386200000	24	3382	191	1850	immediate
SUPER_2	19118699	19252436	IR	338	.	19185087	0.338	0.974	23	133719	19118699	19118932	19252203	19252436	396779011	19050000	19300000	0	2259	233	133271	wide
SUPER_2	110856297	110861584	IR	338	.	110858946	0.338	0.421	23	5387	110856297	110858829	110859063	110861584	396779011	110650000	110900000	37	3482	2521	234	immediate
SUPER_2	183870219	183895188	IR	338	.	183882871	0.338	0.925	23	24960	183870219	183870657	183894759	183895188	396779011	183850000	184100000	23	544	429	24102	spaced
SUPER_2	126413730	126415864	IR	338	.	126414797	0.338	0.966	21	38550	126413730	126413933	126415661	126415866	396779011	126300000	126550000	21	1913	203	1728	immediate
SUPER_2	344678197	344689609	IR	338	.	344684336	0.338	0.789	21	11154	344678197	344678871	344688990	344689609	396779011	344450000	344700000	0	3898	619	10119	spaced
SUPER_2	363783013	363826381	IR	338	.	363804207	0.338	0.415	21	28652	363783013	363798378	363811016	363826415	396779011	363600000	363850000	0	3411	15365	12638	spaced
SUPER_2	390308096	390313828	IR	338	.	390311317	0.338	0.923	21	5713	390308096	390308451	390313473	390313838	396779011	390100000	390350000	0	3515	355	5022	spaced
SUPER_2	130977929	131055706	IR	338	.	131016449	0.338	0.962	20	77756	130977929	130978167	131055469	131055706	396779011	130850000	131100000	0	2780	237	77302	spaced
SUPER_2	238511988	238515243	IR	338	.	238513140	0.338	0.956	20	3232	238511988	238512282	238514949	238515243	396779011	238450000	238700000	0	1060	294	2667	spaced
SUPER_2	276741892	276754156	IR	338	.	276748246	0.338	0.807	20	12553	276741892	276742188	276753868	276754156	396779011	276600000	276850000	7	2466	288	11680	spaced
SUPER_2	285929520	285965443	IR	338	.	285947600	0.338	0.913	20	36200	285929520	285929886	285965077	285965456	396779011	285850000	286100000	20	1624	366	35191	spaced
SUPER_2	264212743	264220578	IR	337	.	264216661	0.337	0.998	731	8692	264212743	264216034	264217289	264220578	396779011	264000000	264250000	731	3610	3289	1255	immediate
SUPER_2	247595342	247602307	IR	337	.	247598508	0.337	0.980	545	6927	247595342	247598433	247599276	247602307	396779011	247450000	247700000	0	2480	3031	843	immediate
SUPER_2	169430304	169438983	IR	337	.	169434287	0.337	0.988	542	8658	169430304	169433307	169435980	169439021	396779011	169200000	169450000	0	3910	3003	2673	spaced
SUPER_2	21012312	21024716	IR	337	.	21018548	0.337	0.914	276	12708	21012312	21014508	21022592	21024716	396779011	20900000	21150000	276	1975	2124	8084	spaced
SUPER_2	238974288	238977900	IR	337	.	238975688	0.337	0.995	263	3580	238974288	238975875	238976316	238977900	396779011	238750000	239000000	0	3768	1584	441	immediate
SUPER_2	336146954	336155522	IR	337	.	336151028	0.337	0.942	246	9267	336146954	336148470	336154030	336155522	396779011	336100000	336350000	246	853	1492	5560	spaced
SUPER_2	40401576	40414633	IR	337	.	40407898	0.337	0.978	222	13477	40401576	40403056	40413155	40414633	396779011	40200000	40450000	222	3468	1478	10099	spaced
SUPER_2	298461178	298553517	IR	337	.	298507274	0.337	0.981	194	92741	298461178	298462393	298552302	298553522	396779011	298350000	298600000	194	2622	1215	89909	spaced
SUPER_2	66093466	66099946	IR	337	.	66096251	0.337	0.967	186	6456	66093466	66095349	66098063	66099946	396779011	65850000	66100000	0	4111	1883	2714	spaced
SUPER_2	211174310	211204877	IR	337	.	211189090	0.337	0.997	138	30541	211174310	211175178	211204009	211204877	396779011	211050000	211300000	0	2326	868	28831	spaced
SUPER_2	144398699	144409936	IR	337	.	144404290	0.337	0.934	129	11376	144398699	144399483	144409152	144409973	396779011	144200000	144450000	129	3405	784	9669	spaced
SUPER_2	42470718	42477764	IR	337	.	42474395	0.337	0.974	127	7309	42470718	42471540	42476943	42477764	396779011	42250000	42500000	127	3737	821	5403	spaced
SUPER_2	119015281	119023858	IR	337	.	119019228	0.337	0.908	123	8559	119015281	119016759	119022439	119023858	396779011	118950000	119200000	0	1159	1419	5680	spaced
SUPER_2	260100422	260109578	IR	337	.	260105359	0.337	0.957	115	9140	260100422	260101498	260108502	260109580	396779011	259900000	260150000	0	3416	1076	7004	spaced
SUPER_2	198253855	198328449	IR	337	.	198290740	0.337	0.956	86	74574	198253855	198254868	198327438	198328449	396779011	198250000	198500000	0	685	1011	72570	spaced
SUPER_2	192226403	192308381	IR	337	.	192267146	0.337	0.888	84	82012	192226403	192227464	192307321	192308381	396779011	192200000	192450000	45	1123	1060	79857	spaced
SUPER_2	95986951	96066176	IR	337	.	96026840	0.337	0.814	83	78847	95986951	95994476	96058651	96066183	396779011	95950000	96200000	0	1275	7525	64175	spaced
SUPER_2	7739572	7885825	IR	337	.	7812927	0.337	0.396	68	147291	7739572	7812635	7812762	7885888	396779011	7700000	7950000	68	1878	73063	127	immediate
SUPER_2	33924515	33927484	IR	337	.	33925981	0.337	0.994	68	3013	33924515	33924854	33927145	33927484	396779011	33700000	33950000	68	3766	339	2291	spaced
SUPER_2	189842535	189845826	IR	337	.	189844410	0.337	0.922	66	3328	189842535	189843285	189845086	189845826	396779011	189600000	189850000	51	4069	740	1801	immediate
SUPER_2	325218	328160	IR	337	.	327049	0.337	0.986	65	2922	325218	325645	327733	328160	396779011	100000	350000	0	3778	427	2088	spaced
SUPER_2	63639517	63644176	IR	337	.	63641945	0.337	0.993	60	4700	63639517	63639822	63643871	63644176	396779011	63600000	63850000	60	697	305	4049	spaced
SUPER_2	118389602	118402981	IR	337	.	118396698	0.337	0.942	59	13313	118389602	118390438	118402145	118402987	396779011	118200000	118450000	0	3271	836	11707	spaced
SUPER_2	150239575	150250466	IR	337	.	150245181	0.337	0.927	56	10958	150239575	150240335	150249715	150250466	396779011	150050000	150300000	56	3250	751	9380	spaced
SUPER_2	215935150	215949621	IR	337	.	215942308	0.337	0.952	53	14529	215935150	215935410	215949361	215949632	396779011	215850000	216100000	53	1539	260	13951	spaced
SUPER_2	302518356	302532606	IR	337	.	302525293	0.337	0.952	53	14308	302518356	302518616	302532346	302532617	396779011	302300000	302550000	53	3757	260	13730	spaced
SUPER_2	145982515	146005843	IR	337	.	145994398	0.337	0.618	50	24701	145982515	145983146	146005212	146005897	396779011	145850000	146100000	16	2402	631	22066	spaced
SUPER_2	181106643	181108869	IR	337	.	181107760	0.337	0.863	50	2243	181106643	181107007	181108546	181108869	396779011	180900000	181150000	50	3462	323	1539	immediate
SUPER_2	140413941	140416607	IR	337	.	140415275	0.337	0.973	47	2716	140413941	140414274	140416276	140416607	396779011	140200000	140450000	47	3587	331	2002	spaced
SUPER_2	242091191	242102417	IR	337	.	242097269	0.337	0.931	47	11205	242091191	242092093	242101520	242102417	396779011	242000000	242250000	0	1613	897	9427	spaced
SUPER_2	369840104	369864689	IR	337	.	369852887	0.337	0.756	47	23861	369840104	369843075	369861782	369864689	396779011	369650000	369900000	0	3373	2907	18707	spaced
SUPER_2	45821092	45832559	IR	337	.	45826505	0.337	0.987	46	11447	45821092	45821407	45832244	45832559	396779011	45600000	45850000	0	3780	315	10837	spaced
SUPER_2	295794219	295902144	IR	337	.	295848058	0.337	0.904	41	107941	295794219	295794934	295901433	295902144	396779011	295700000	295950000	41	2469	711	106499	wide
SUPER_2	181484947	181521861	IR	337	.	181503728	0.337	0.767	40	36902	181484947	181485558	181521250	181521874	396779011	181350000	181600000	0	2556	611	35692	spaced
SUPER_2	249896171	249911596	IR	337	.	249904325	0.337	0.945	38	15400	249896171	249896554	249911223	249911596	396779011	249750000	250000000	0	2564	373	14669	spaced
SUPER_2	27250952	27432529	IR	337	.	27341473	0.337	0.320	32	181527	27250952	27251066	27432479	27432529	396779011	27200000	27450000	0	2362	50	181413	wide
SUPER_2	148253230	148307787	IR	337	.	148280030	0.337	0.991	31	54529	148253230	148253449	148307568	148307787	396779011	148150000	148400000	0	2175	219	54119	spaced
SUPER_2	200239793	200241852	IR	337	.	200240971	0.337	0.934	31	2052	200239793	200240111	200241542	200241852	396779011	200000000	200250000	31	4013	310	1431	immediate
SUPER_2	311225121	311304427	IR	337	.	311264291	0.337	0.398	30	79266	311225121	311264823	311264801	311304427	396779011	311100000	311350000	0	2746	39626	-22	overlap
SUPER_2	350043528	350107672	IR	337	.	350075764	0.337	0.869	30	64240	350043528	350043970	350107230	350107704	396779011	349900000	350150000	30	2926	442	63260	spaced
SUPER_2	51309302	51366458	IR	337	.	51337416	0.337	0.954	28	57136	51309302	51309737	51366023	51366459	396779011	51150000	51400000	0	3131	435	56286	spaced
SUPER_2	148382363	148498425	IR	337	.	148440616	0.337	0.965	27	116086	148382363	148382590	148498198	148498425	396779011	148250000	148500000	29	3173	227	115608	wide
SUPER_2	180956123	181090047	IR	337	.	181022681	0.337	0.975	26	133905	180956123	180956321	181089849	181090047	396779011	180850000	181100000	0	2884	198	133528	wide
SUPER_2	171566452	171569167	IR	337	.	171567419	0.337	0.953	25	2691	171566452	171566746	171568874	171569167	396779011	171350000	171600000	0	3630	293	2128	spaced
SUPER_2	277935606	277955653	IR	337	.	277946084	0.337	0.458	24	20059	277935606	277938283	277952976	277955682	396779011	277800000	278050000	0	2427	2677	14693	spaced
SUPER_2	169610146	169687719	IR	337	.	169648563	0.337	0.926	23	77526	169610146	169610598	169687267	169687726	396779011	169550000	169800000	0	1648	452	76669	spaced
SUPER_2	435626	450381	IR	337	.	442770	0.337	0.680	22	14725	435626	435676	450347	450381	396779011	400000	650000	73	716	34	14671	spaced
SUPER_2	24543671	24573290	IR	337	.	24558064	0.337	0.982	22	29591	24543671	24543896	24573065	24573290	396779011	24350000	24600000	0	3474	225	29169	spaced
SUPER_2	22868402	22872145	IR	337	.	22869891	0.337	0.904	21	3722	22868402	22868851	22871699	22872145	396779011	22700000	22950000	0	2837	446	2848	spaced
SUPER_2	39440000	39445472	IR	337	.	39442470	0.337	0.883	21	5401	39440000	39440368	39445104	39445487	396779011	39400000	39650000	0	712	368	4736	spaced
SUPER_2	43326203	43329942	IR	337	.	43328456	0.337	0.907	21	3721	43326203	43326649	43329496	43329945	396779011	43150000	43400000	0	2967	446	2847	spaced
SUPER_2	113433916	113437590	IR	337	.	113435406	0.337	0.975	21	3646	113433916	113434152	113437355	113437590	396779011	113400000	113650000	0	595	235	3203	spaced
SUPER_2	328903440	328983415	IR	337	.	328943341	0.337	0.790	21	80146	328903440	328904273	328982582	328983450	396779011	328800000	329050000	21	2390	833	78309	spaced
SUPER_2	75763115	75766356	IR	337	.	75764952	0.337	0.818	20	3241	75763115	75763588	75765918	75766356	396779011	75600000	75850000	20	2745	438	2330	spaced
SUPER_2	157473998	157486112	IR	337	.	157479958	0.337	0.975	20	12119	157473998	157474160	157485950	157486112	396779011	157300000	157550000	20	3000	162	11790	spaced
SUPER_2	250083636	250086243	IR	337	.	250084960	0.337	0.810	20	2593	250083636	250083994	250085926	250086243	396779011	250050000	250300000	20	582	317	1932	immediate
SUPER_2	303321202	303431029	IR	336	.	303375922	0.336	0.995	451	110383	303321202	303323356	303428879	303431029	396779011	303200000	303450000	451	2935	2150	105523	wide
SUPER_2	66385476	66495797	IR	336	.	66440425	0.336	0.961	410	111836	66385476	66388348	66492962	66495797	396779011	66350000	66600000	410	1510	2835	104614	wide
SUPER_2	3985400	4000483	IR	336	.	3992505	0.336	0.989	198	15063	3985400	3986820	3999063	4000483	396779011	3800000	4050000	0	3215	1420	12243	spaced
SUPER_2	352465895	352651396	IR	336	.	352558141	0.336	0.979	181	185484	352465895	352467379	352649912	352651399	396779011	352450000	352700000	0	1810	1484	182533	wide
SUPER_2	70355845	70377920	IR	336	.	70366464	0.336	0.902	147	22025	70355845	70358211	70375609	70377920	396779011	70200000	70450000	0	2781	2311	17398	spaced
SUPER_2	177794974	177797971	IR	336	.	177796945	0.336	0.992	129	2979	177794974	177795802	177797143	177797975	396779011	177550000	177800000	0	4107	828	1341	immediate
SUPER_2	154203705	154208445	IR	336	.	154206355	0.336	0.984	118	4724	154203705	154204519	154207631	154208452	396779011	154000000	154250000	0	3434	814	3112	spaced
SUPER_2	333397558	333490167	IR	336	.	333443802	0.336	0.856	107	93696	333397558	333400226	333487501	333490167	396779011	333250000	333500000	107	3230	2666	87275	spaced
SUPER_2	59803730	59807157	IR	336	.	59805444	0.336	0.909	105	3775	59803730	59804721	59806166	59807157	396779011	59650000	59900000	105	2590	991	1445	immediate
SUPER_2	258334253	258339261	IR	336	.	258337081	0.336	0.937	101	4980	258334253	258335027	258338510	258339261	396779011	258150000	258400000	0	3112	751	3483	spaced
SUPER_2	338508074	338510277	IR	336	.	338509030	0.336	0.995	101	2319	338508074	338508635	338509716	338510277	396779011	338500000	338750000	101	152	561	1081	immediate
SUPER_2	338441672	338449950	IR	336	.	338445796	0.336	1.000	92	8352	338441672	338442053	338449569	338449950	396779011	338200000	338450000	92	4096	381	7516	spaced
SUPER_2	248908406	248913297	IR	336	.	248910910	0.336	0.852	90	5027	248908406	248909621	248912188	248913297	396779011	248850000	249100000	90	1014	1109	2567	spaced
SUPER_2	281641249	281643448	IR	336	.	281641871	0.336	0.970	73	2192	281641249	281641801	281642896	281643459	396779011	281400000	281650000	0	4039	552	1095	immediate
SUPER_2	236744466	236788681	IR	336	.	236766802	0.336	0.829	72	44391	236744466	236745030	236788117	236788782	396779011	236600000	236850000	72	2776	564	43087	spaced
SUPER_2	173980325	173983983	IR	336	.	173982636	0.336	0.963	70	3645	173980325	173980782	173983526	173983991	396779011	173800000	174050000	0	3035	457	2744	spaced
SUPER_2	253195525	253205027	IR	336	.	253200332	0.336	0.926	68	9541	253195525	253196245	253204321	253205027	396779011	253000000	253250000	68	3337	706	8076	spaced
SUPER_2	211023362	211025762	IR	336	.	211024753	0.336	0.898	65	2401	211023362	211023487	211025637	211025774	396779011	211000000	211250000	1196	409	125	2150	spaced
SUPER_2	384594858	384601248	IR	336	.	384598304	0.336	0.993	62	6373	384594858	384595277	384600829	384601250	396779011	384400000	384650000	0	3300	419	5552	spaced
SUPER_2	388512511	388527003	IR	336	.	388519672	0.336	1.000	61	14531	388512511	388512778	388526736	388527003	396779011	388300000	388550000	61	3662	267	13958	spaced
SUPER_2	50097943	50165072	IR	336	.	50131067	0.336	0.938	59	67126	50097943	50098352	50164663	50165093	396779011	50000000	50250000	0	2191	409	66311	spaced
SUPER_2	153322182	153325819	IR	336	.	153324008	0.336	0.967	59	3729	153322182	153322638	153325363	153325819	396779011	153100000	153350000	59	3733	456	2725	spaced
SUPER_2	56238755	56253243	IR	336	.	56246076	0.336	0.992	57	14539	56238755	56239020	56252978	56253243	396779011	56150000	56400000	57	1599	265	13958	spaced
SUPER_2	81431281	81445769	IR	336	.	81438448	0.336	0.992	57	14539	81431281	81431546	81445504	81445769	396779011	81200000	81450000	57	3975	265	13958	spaced
SUPER_2	117842833	117857321	IR	336	.	117850154	0.336	0.992	57	14539	117842833	117843098	117857056	117857321	396779011	117650000	117900000	57	3334	265	13958	spaced
SUPER_2	222312282	222393760	IR	336	.	222353174	0.336	0.930	49	81513	222312282	222313046	222392996	222393762	396779011	222200000	222450000	49	2550	764	79950	spaced
SUPER_2	9613305	9620140	IR	336	.	9616449	0.336	0.851	48	6864	9613305	9613643	9619802	9620192	396779011	9500000	9750000	0	1945	338	6159	spaced
SUPER_2	224761056	224919248	IR	336	.	224839861	0.336	0.802	48	158185	224761056	224762990	224917314	224919260	396779011	224750000	225000000	0	1502	1934	154324	wide
SUPER_2	214112883	214118395	IR	336	.	214115367	0.336	0.864	47	5518	214112883	214113811	214117467	214118423	396779011	213950000	214200000	0	2760	928	3656	spaced
SUPER_2	312592862	312597968	IR	336	.	312595892	0.336	0.994	46	5085	312592862	312593198	312597632	312597968	396779011	312350000	312600000	0	4090	336	4434	spaced
SUPER_2	391359954	391559993	IR	336	.	391460200	0.336	0.909	44	200045	391359954	391360675	391559278	391559993	396779011	391350000	391600000	45	1832	715	198603	wide
SUPER_2	325786283	325789454	IR	336	.	325788267	0.336	0.971	42	3112	325786283	325786655	325789082	325789457	396779011	325550000	325800000	0	3964	372	2427	spaced
SUPER_2	179825080	179836015	IR	336	.	179831005	0.336	0.928	40	10901	179825080	179825806	179835289	179836018	396779011	179700000	179950000	0	2175	726	9483	spaced
SUPER_2	156531106	156616926	IR	336	.	156573643	0.336	0.988	34	85802	156531106	156531355	156616677	156616926	396779011	156400000	156650000	0	2900	249	85322	spaced
SUPER_2	19339521	19355153	IR	336	.	19347126	0.336	0.964	32	15658	19339521	19339768	19354906	19355156	396779011	19150000	19400000	32	3288	247	15138	spaced
SUPER_2	220580569	220583210	IR	336	.	220582070	0.336	0.883	32	2671	220580569	220580876	220582927	220583210	396779011	220550000	220800000	32	531	283	2051	spaced
SUPER_2	11948987	11971289	IR	336	.	11959705	0.336	0.970	31	22266	11948987	11949283	11970993	11971289	396779011	11750000	12000000	0	3502	296	21710	spaced
SUPER_2	294539522	294546659	IR	336	.	294543278	0.336	0.947	31	7139	294539522	294539764	294546417	294546663	396779011	294350000	294600000	31	3218	242	6653	spaced
SUPER_2	333565323	333589975	IR	336	.	333577694	0.336	0.958	30	24669	333565323	333565631	333589667	333589978	396779011	333450000	333700000	30	2127	308	24036	spaced
SUPER_2	380090920	380122545	IR	336	.	380106714	0.336	0.895	28	31617	380090920	380091356	380122130	380122545	396779011	380050000	380300000	28	945	415	30774	spaced
SUPER_2	108472710	108695704	IR	336	.	108583897	0.336	0.391	27	114210	108472710	108581623	108586799	108695704	396779011	108450000	108700000	0	2236	108905	5176	spaced
SUPER_2	74099095	74105068	IR	336	.	74102419	0.336	0.962	25	5904	74099095	74099386	74104777	74105068	396779011	74000000	74250000	0	1701	291	5391	spaced
SUPER_2	251315012	251359318	IR	336	.	251337177	0.336	0.878	25	44298	251315012	251315494	251358854	251359318	396779011	251250000	251500000	25	1452	464	43360	spaced
SUPER_2	56703733	56710480	IR	336	.	56707107	0.336	0.521	23	6836	56703733	56706317	56707896	56710511	396779011	56550000	56800000	23	2618	2584	1579	immediate
SUPER_2	177189369	177204530	IR	336	.	177197458	0.336	0.876	21	15116	177189369	177189735	177204164	177204567	396779011	177050000	177300000	0	2449	366	14429	spaced
SUPER_2	280494811	280502398	IR	336	.	280498817	0.336	0.993	21	7588	280494811	280494947	280502262	280502399	396779011	280300000	280550000	21	3309	136	7315	spaced
SUPER_2	102790328	102989813	IR	336	.	102889727	0.336	0.718	20	199518	102790328	102793581	102986560	102989863	396779011	102750000	103000000	0	2334	3253	192979	wide
SUPER_2	314874424	314905263	IR	335	.	314889890	0.335	0.975	596	31738	314874424	314878131	314901556	314905266	396779011	314750000	315000000	596	2330	3707	23425	spaced
SUPER_2	168892856	168904723	IR	335	.	168898581	0.335	0.986	561	12488	168892856	168895906	168901673	168904723	396779011	168700000	168950000	561	3313	3050	5767	spaced
SUPER_2	310848472	310854706	IR	335	.	310851589	0.335	0.999	434	6680	310848472	310850435	310852743	310854706	396779011	310650000	310900000	434	3359	1963	2308	spaced
SUPER_2	371359751	371374432	IR	335	.	371366830	0.335	0.990	243	14659	371359751	371361302	371372888	371374432	396779011	371150000	371400000	0	3618	1544	11586	spaced
SUPER_2	227941631	227947262	IR	335	.	227944041	0.335	0.754	239	4454	227941631	227944181	227944712	227947262	396779011	227700000	227950000	0	4073	2550	531	immediate
SUPER_2	351158975	351166313	IR	335	.	351163120	0.335	0.956	216	7226	351158975	351160869	351164419	351166342	396779011	351000000	351250000	0	2710	1894	3550	spaced
SUPER_2	215320992	215336408	IR	335	.	215329079	0.335	0.900	208	15392	215320992	215323200	215334210	215336408	396779011	215100000	215350000	0	3811	2198	11010	spaced
SUPER_2	49896470	49903960	IR	335	.	49900592	0.335	0.996	155	7465	49896470	49897323	49903110	49903960	396779011	49700000	49950000	0	3336	850	5787	spaced
SUPER_2	173305008	173325415	IR	335	.	173314785	0.335	0.891	153	20359	173305008	173308018	173322405	173325451	396779011	173150000	173400000	0	2753	3010	14387	spaced
SUPER_2	187591332	187698375	IR	335	.	187645198	0.335	0.991	153	107027	187591332	187592341	187697366	187698378	396779011	187450000	187700000	0	3247	1009	105025	wide
SUPER_2	212290680	212292547	IR	335	.	212291738	0.335	1.000	140	2010	212290680	212291371	212291856	212292547	396779011	212050000	212300000	140	4026	691	485	immediate
SUPER_2	38393381	38397417	IR	335	.	38394958	0.335	0.914	131	4072	38393381	38394452	38396346	38397477	396779011	38250000	38500000	0	2423	1071	1894	immediate
SUPER_2	305407343	305413848	IR	335	.	305410309	0.335	0.962	127	6480	305407343	305408559	305412637	305413848	396779011	305200000	305450000	0	3509	1211	4078	spaced
SUPER_2	256282343	256287460	IR	335	.	256284627	0.335	0.970	115	5066	256282343	256283299	256286504	256287460	396779011	256050000	256300000	0	3914	956	3205	spaced
SUPER_2	146771121	146778363	IR	335	.	146774959	0.335	0.972	111	7449	146771121	146771947	146777537	146778363	396779011	146550000	146800000	111	3745	826	5590	spaced
SUPER_2	223071030	223073261	IR	335	.	223072425	0.335	0.989	111	2212	223071030	223071746	223072545	223073265	396779011	222900000	223150000	0	2868	716	799	immediate
SUPER_2	368878514	368881902	IR	335	.	368880636	0.335	0.981	93	3368	368878514	368879193	368881223	368881903	396779011	368650000	368900000	0	3836	679	2030	spaced
SUPER_2	250655612	250666916	IR	335	.	250661585	0.335	0.916	84	11321	250655612	250656512	250666016	250666954	396779011	250500000	250750000	0	2687	900	9504	spaced
SUPER_2	204262479	204349015	IR	335	.	204305553	0.335	0.884	82	86639	204262479	204263614	204347955	204349015	396779011	204200000	204450000	82	1762	1060	84341	spaced
SUPER_2	69597418	69603776	IR	335	.	69600301	0.335	0.811	65	6210	69597418	69598136	69603058	69603876	396779011	69400000	69650000	0	3343	718	4922	spaced
SUPER_2	139177525	139181440	IR	335	.	139179654	0.335	0.961	64	3945	139177525	139178187	139180781	139181440	396779011	138950000	139200000	64	3824	659	2594	spaced
SUPER_2	349356056	349362289	IR	335	.	349359363	0.335	1.000	62	6321	349356056	349356331	349362014	349362289	396779011	349150000	349400000	62	3486	275	5683	spaced
SUPER_2	236508939	236598499	IR	335	.	236553371	0.335	0.986	61	89532	236508939	236509379	236598059	236598499	396779011	236350000	236600000	0	3395	440	88680	spaced
SUPER_2	352179674	352185189	IR	335	.	352182832	0.335	0.806	60	5421	352179674	352180506	352184434	352185189	396779011	352050000	352300000	0	2207	755	3928	spaced
SUPER_2	70026703	70033323	IR	335	.	70030013	0.335	0.980	57	6703	70026703	70027111	70032915	70033323	396779011	70000000	70250000	57	500	408	5804	spaced
SUPER_2	34348180	34349132	IR	335	.	34348656	0.335	0.941	56	80159	34348180	34348521	34348791	34349145	396779011	34200000	34450000	56	2477	341	270	immediate
SUPER_2	311803683	311807154	IR	335	.	311805145	0.335	0.980	55	3453	311803683	311804077	311806762	311807154	396779011	311600000	311850000	0	3423	392	2685	spaced
SUPER_2	313353528	313458045	IR	335	.	313405872	0.335	0.635	55	104477	313353528	313353614	313457993	313458045	396779011	313250000	313500000	1147	2596	52	104379	wide
SUPER_2	163953526	163958324	IR	335	.	163955682	0.335	0.993	54	5266	163953526	163953793	163958057	163958324	396779011	163800000	164050000	43	2598	267	4264	spaced
SUPER_2	245478769	245486440	IR	335	.	245482346	0.335	0.967	48	7645	245478769	245479287	245485922	245486440	396779011	245450000	245700000	0	543	518	6635	spaced
SUPER_2	251731440	251738337	IR	335	.	251735100	0.335	0.929	48	6936	251731440	251731707	251738088	251738337	396779011	251550000	251800000	48	3081	249	6381	spaced
SUPER_2	364283628	364439422	IR	335	.	364361413	0.335	0.939	47	155915	364283628	364284261	364438789	364439424	396779011	364200000	364450000	47	2691	633	154528	wide
SUPER_2	131908450	131910677	IR	335	.	131909568	0.335	0.956	45	2259	131908450	131908804	131910323	131910687	396779011	131850000	132100000	45	992	354	1519	immediate
SUPER_2	166472302	166474683	IR	335	.	166473903	0.335	0.936	42	2352	166472302	166472646	166474349	166474683	396779011	166450000	166700000	0	391	334	1703	immediate
SUPER_2	304344209	304394685	IR	335	.	304368963	0.335	0.838	37	50414	304344209	304344271	304394623	304394697	396779011	304300000	304550000	0	1157	62	50352	spaced
SUPER_2	85046590	85049741	IR	335	.	85047742	0.335	0.953	35	3126	85046590	85046906	85049425	85049743	396779011	85000000	85250000	0	802	316	2519	spaced
SUPER_2	250264515	250268106	IR	335	.	250266244	0.335	0.923	35	3596	250264515	250264973	250267648	250268114	396779011	250050000	250300000	35	3605	458	2675	spaced
SUPER_2	261119532	261122853	IR	335	.	261121357	0.335	0.721	31	3320	261119532	261119976	261122494	261122853	396779011	261100000	261350000	31	353	359	2518	spaced
SUPER_2	244417144	244438495	IR	335	.	244427643	0.335	0.920	29	21311	244417144	244417194	244438449	244438495	396779011	244200000	244450000	281	3796	46	21255	spaced
SUPER_2	247991379	248102090	IR	335	.	248046645	0.335	0.904	27	110734	247991379	247991973	248101496	248102090	396779011	247900000	248150000	27	2445	594	109523	wide
SUPER_2	263219046	263222246	IR	335	.	263220287	0.335	0.888	27	3175	263219046	263219481	263221814	263222246	396779011	263000000	263250000	0	3677	432	2333	spaced
SUPER_2	88436043	88438451	IR	335	.	88436836	0.335	0.954	26	2391	88436043	88436347	88438152	88438451	396779011	88250000	88500000	0	3120	299	1805	immediate
SUPER_2	127231773	127327550	IR	335	.	127279590	0.335	0.914	26	95777	127231773	127231952	127327371	127327551	396779011	127150000	127400000	26	2160	179	95419	spaced
SUPER_2	81558637	81563605	IR	335	.	81560968	0.335	0.718	25	5051	81558637	81559060	81563182	81563699	396779011	81550000	81800000	25	185	423	4122	spaced
SUPER_2	230119010	230197081	IR	335	.	230158441	0.335	0.910	25	78061	230119010	230119401	230196690	230197089	396779011	229950000	230200000	0	3467	391	77289	spaced
SUPER_2	251519841	251531395	IR	335	.	251525527	0.335	0.886	24	11631	251519841	251520470	251530766	251531398	396779011	251300000	251550000	24	3760	629	10296	spaced
SUPER_2	158486896	158491678	IR	335	.	158489751	0.335	0.943	23	4766	158486896	158487226	158491348	158491680	396779011	158250000	158500000	0	3987	330	4122	spaced
SUPER_2	365589653	365762459	IR	335	.	365676342	0.335	0.931	21	172773	365589653	365590013	365762103	365762459	396779011	365550000	365800000	0	2100	356	172090	wide
SUPER_2	37953450	38026066	IR	335	.	37989945	0.335	1.000	20	72648	37953450	37953574	38025942	38026066	396779011	37800000	38050000	20	3162	124	72368	spaced
SUPER_2	124890932	124896025	IR	335	.	124893938	0.335	1.000	20	5074	124890932	124891045	124895912	124896025	396779011	124700000	124950000	0	3224	113	4867	spaced
SUPER_2	260964217	261047467	IR	335	.	261005555	0.335	0.755	20	83286	260964217	260964668	261047016	261047521	396779011	260850000	261100000	0	2597	451	82348	spaced
SUPER_2	44882363	44944437	IR	334	.	44913780	0.334	0.921	279	62047	44882363	44888021	44938831	44944437	396779011	44700000	44950000	0	3556	5606	50810	spaced
SUPER_2	199458359	199483602	IR	334	.	199470512	0.334	0.901	257	25131	199458359	199461899	199480082	199483602	396779011	199300000	199550000	0	2849	3520	18183	spaced
SUPER_2	177364867	177367764	IR	334	.	177366356	0.334	0.943	225	3248	177364867	177366063	177366568	177367804	396779011	177150000	177400000	225	3605	1196	505	immediate
SUPER_2	306644325	306650944	IR	334	.	306647700	0.334	0.991	224	6827	306644325	306645422	306649847	306650944	396779011	306550000	306800000	224	1627	1097	4425	spaced
SUPER_2	242487436	242491191	IR	334	.	242489321	0.334	0.990	206	3962	242487436	242488341	242490286	242491196	396779011	242250000	242500000	206	3988	905	1945	immediate
SUPER_2	42204158	42215110	IR	334	.	42209893	0.334	0.991	193	10927	42204158	42205501	42213768	42215110	396779011	42000000	42250000	0	3493	1342	8267	spaced
SUPER_2	373550393	373553812	IR	334	.	373551675	0.334	0.999	170	3399	373550393	373551342	373552863	373553812	396779011	373350000	373600000	0	3368	949	1521	immediate
SUPER_2	317875939	317879854	IR	334	.	317878335	0.334	1.000	166	3895	317875939	317876866	317878927	317879854	396779011	317650000	317900000	0	3798	927	2061	spaced
SUPER_2	216764803	216780958	IR	334	.	216773292	0.334	0.905	140	16137	216764803	216765767	216780083	216780958	396779011	216600000	216850000	0	2881	875	14316	spaced
SUPER_2	215228914	215257139	IR	334	.	215242536	0.334	0.952	123	28206	215228914	215230255	215255813	215257139	396779011	215100000	215350000	0	2383	1326	25558	spaced
SUPER_2	359507202	359516678	IR	334	.	359512218	0.334	0.990	97	9453	359507202	359507809	359516075	359516678	396779011	359300000	359550000	0	3532	603	8266	spaced
SUPER_2	170548037	170553417	IR	334	.	170550330	0.334	0.994	92	5361	170548037	170548679	170552776	170553417	396779011	170350000	170600000	0	3345	641	4097	spaced
SUPER_2	297700662	297754842	IR	334	.	297727359	0.334	0.608	84	54164	297700662	297702626	297752878	297754845	396779011	297700000	297950000	0	462	1964	50252	spaced
SUPER_2	285616255	285629012	IR	334	.	285622808	0.334	0.991	83	12824	285616255	285616699	285628569	285629012	396779011	285400000	285650000	83	3710	443	11870	spaced
SUPER_2	2282992	2353469	IR	334	.	2318213	0.334	0.971	78	70532	2282992	2283542	2352919	2353470	396779011	2150000	2400000	78	2803	550	69377	spaced
SUPER_2	130489900	130497294	IR	334	.	130493328	0.334	0.941	75	7396	130489900	130490417	130496777	130497315	396779011	130300000	130550000	0	3226	517	6360	spaced
SUPER_2	178369641	178516042	IR	334	.	178443109	0.334	0.894	75	146322	178369641	178370524	178515164	178516042	396779011	178300000	178550000	0	2380	878	144640	wide
SUPER_2	117414467	117421112	IR	334	.	117417322	0.334	1.000	64	6625	117414467	117414811	117420768	117421112	396779011	117350000	117600000	0	1129	344	5957	spaced
SUPER_2	301461636	301523439	IR	334	.	301492789	0.334	0.899	64	61780	301461636	301463280	301521800	301523439	396779011	301350000	301600000	0	2375	1639	58520	spaced
SUPER_2	384853236	384857175	IR	334	.	384855006	0.334	0.686	60	3911	384853236	384853354	384857094	384857175	396779011	384750000	385000000	774	1753	81	3740	spaced
SUPER_2	47728857	47733906	IR	334	.	47731567	0.334	0.899	56	5012	47728857	47728919	47733844	47733913	396779011	47500000	47750000	1314	3856	62	4925	spaced
SUPER_2	205112012	205154522	IR	334	.	205133012	0.334	0.930	52	42460	205112012	205112739	205153813	205154522	396779011	205050000	205300000	0	1387	709	41074	spaced
SUPER_2	227032846	227039181	IR	334	.	227035862	0.334	0.716	52	6470	227032846	227033540	227038487	227039283	396779011	226850000	227100000	52	3100	694	4947	spaced
SUPER_2	166913205	166925443	IR	334	.	166918842	0.334	0.930	46	12221	166913205	166913913	166924738	166925443	396779011	166800000	167050000	0	1988	705	10825	spaced
SUPER_2	218840550	218879442	IR	334	.	218860154	0.334	0.949	46	38922	218840550	218840813	218879179	218879451	396779011	218750000	219000000	46	1833	263	38366	spaced
SUPER_2	285664742	285747091	IR	334	.	285706031	0.334	0.882	44	93061	285664742	285665560	285746321	285747091	396779011	285550000	285800000	44	2598	770	80761	spaced
SUPER_2	333033486	333078367	IR	334	.	333056331	0.334	0.967	44	44864	333033486	333033789	333078068	333078367	396779011	332900000	333150000	0	2598	299	44279	spaced
SUPER_2	10868293	10913227	IR	334	.	10891101	0.334	0.574	42	44880	10868293	10868389	10913173	10913227	396779011	10700000	10950000	0	3179	54	44784	spaced
SUPER_2	312502064	312565491	IR	334	.	312533780	0.334	0.932	42	63457	312502064	312502530	312565025	312565510	396779011	312350000	312600000	42	3062	466	62495	spaced
SUPER_2	104602170	104605599	IR	334	.	104603637	0.334	0.994	40	3445	104602170	104602345	104605424	104605600	396779011	104400000	104650000	40	3397	175	3079	spaced
SUPER_2	113208915	113209628	IR	334	.	113209134	0.334	0.982	39	11143	113208915	113209141	113209402	113209628	396779011	113000000	113250000	39	3487	226	261	immediate
SUPER_2	159833534	159998446	IR	334	.	159916314	0.334	0.763	37	164854	159833534	159833592	159998388	159998464	396779011	159750000	160000000	0	2766	58	164796	wide
SUPER_2	189420182	189482586	IR	334	.	189451169	0.334	0.946	37	62440	189420182	189420640	189482128	189482588	396779011	189250000	189500000	37	3356	458	61488	spaced
SUPER_2	235933874	235945943	IR	334	.	235939477	0.334	0.819	37	11834	235933874	235935309	235944531	235945943	396779011	235850000	236100000	0	1498	1412	9222	spaced
SUPER_2	253671250	253866471	IR	334	.	253768977	0.334	0.990	37	195247	253671250	253671458	253866263	253866471	396779011	253650000	253900000	37	1980	208	194805	wide
SUPER_2	59893222	60077477	IR	334	.	59985406	0.334	0.623	36	184625	59893222	59893563	60077136	60077656	396779011	59850000	60100000	36	2255	341	183573	wide
SUPER_2	67934706	68096986	IR	334	.	68016271	0.334	0.744	36	162222	67934706	67934784	68096928	68096986	396779011	67900000	68150000	0	1930	58	162144	wide
SUPER_2	242234451	242263685	IR	334	.	242249150	0.334	0.913	36	29337	242234451	242234717	242263419	242263692	396779011	242100000	242350000	36	2484	266	28702	spaced
SUPER_2	169785995	169826836	IR	334	.	169805989	0.334	0.951	35	40821	169785995	169786563	169826268	169826837	396779011	169600000	169850000	0	3440	568	39705	spaced
SUPER_2	298734508	298740864	IR	334	.	298737501	0.334	0.824	34	6412	298734508	298734940	298740432	298740899	396779011	298500000	298750000	34	3961	432	5492	spaced
SUPER_2	213641121	213666904	IR	334	.	213654161	0.334	0.875	33	25847	213641121	213641677	213666367	213666904	396779011	213500000	213750000	33	2566	537	24690	spaced
SUPER_2	20891831	20968015	IR	334	.	20930375	0.334	0.868	31	76162	20891831	20892134	20967746	20968015	396779011	20750000	21000000	0	2998	269	75612	spaced
SUPER_2	288576420	288634724	IR	334	.	288605959	0.334	0.626	30	58264	288576420	288576519	288634662	288634724	396779011	288400000	288650000	0	3426	62	58143	spaced
SUPER_2	313685194	313694200	IR	334	.	313689433	0.334	0.909	30	8989	313685194	313685260	313694140	313694200	396779011	313450000	313700000	0	3994	60	8880	spaced
SUPER_2	152468463	152593590	IR	334	.	152531013	0.334	0.954	28	125151	152468463	152468810	152593243	152593590	396779011	152400000	152650000	28	2183	347	124433	wide
SUPER_2	122539148	122544918	IR	334	.	122541707	0.334	0.744	27	5796	122539148	122539319	122544747	122544970	396779011	122350000	122600000	0	3200	171	5428	spaced
SUPER_2	20038585	20047031	IR	334	.	20042894	0.334	0.977	25	8442	20038585	20038756	20046862	20047031	396779011	19800000	20050000	25	4046	169	8106	spaced
SUPER_2	80640935	80648362	IR	334	.	80644467	0.334	0.987	25	7473	80640935	80641088	80648209	80648362	396779011	80400000	80650000	25	4077	153	7121	spaced
SUPER_2	226245910	226251599	IR	334	.	226248908	0.334	0.928	24	5654	226245910	226246199	226251318	226251599	396779011	226050000	226300000	24	3312	281	5119	spaced
SUPER_2	291355963	291358234	IR	334	.	291357180	0.334	0.992	24	2277	291355963	291356092	291358106	291358234	396779011	291150000	291400000	24	3451	128	2014	spaced
SUPER_2	128066845	128071728	IR	334	.	128069646	0.334	1.000	23	4864	128066845	128066983	128071590	128071728	396779011	127850000	128100000	0	3654	138	4607	spaced
SUPER_2	120668338	120680290	IR	333	.	120674066	0.333	0.980	678	12091	120668338	120668798	120679830	120680290	396779011	120450000	120700000	74	3738	460	11032	spaced
SUPER_2	307082302	307101219	IR	333	.	307091420	0.333	0.774	407	18906	307082302	307087420	307096101	307101230	396779011	306900000	307150000	0	3195	5118	8681	spaced
SUPER_2	104974730	104979648	IR	333	.	104976823	0.333	0.989	356	4896	104974730	104976785	104977608	104979648	396779011	104750000	105000000	0	3786	2040	823	immediate
SUPER_2	353029004	353038034	IR	333	.	353033949	0.333	0.987	283	9006	353029004	353031144	353035900	353038034	396779011	352800000	353050000	0	3891	2134	4756	spaced
SUPER_2	208550410	208555130	IR	333	.	208552483	0.333	0.997	228	4692	208550410	208551419	208554124	208555130	396779011	208350000	208600000	0	3379	1006	2705	spaced
SUPER_2	214555910	214567704	IR	333	.	214561782	0.333	0.996	205	12022	214555910	214556875	214566739	214567705	396779011	214350000	214600000	205	3529	965	9864	spaced
SUPER_2	173705158	173811704	IR	333	.	173758416	0.333	0.986	199	106774	173705158	173706210	173810652	173811710	396779011	173600000	173850000	199	2640	1052	104442	wide
SUPER_2	176516101	176518582	IR	333	.	176517345	0.333	0.999	178	2664	176516101	176516916	176517767	176518582	396779011	176300000	176550000	179	3622	815	851	immediate
SUPER_2	211297431	211301020	IR	333	.	211299682	0.333	0.997	176	3552	211297431	211298422	211300029	211301020	396779011	211100000	211350000	0	3320	991	1607	immediate
SUPER_2	142375569	142381531	IR	333	.	142378869	0.333	0.909	174	5939	142375569	142377177	142380017	142381531	396779011	142150000	142400000	0	3809	1514	2840	spaced
SUPER_2	187990994	188025465	IR	333	.	188008626	0.333	0.849	173	34555	187990994	187993967	188022492	188025579	396779011	187850000	188100000	0	2637	2973	28525	spaced
SUPER_2	242053654	242057583	IR	333	.	242055846	0.333	1.000	172	4204	242053654	242054408	242056829	242057583	396779011	241850000	242100000	172	3426	754	2421	spaced
SUPER_2	174064410	174066495	IR	333	.	174065508	0.333	1.000	164	2240	174064410	174065141	174065764	174066495	396779011	173850000	174100000	164	3590	731	623	immediate
SUPER_2	340159382	340169967	IR	333	.	340164974	0.333	0.997	158	10557	340159382	340160274	340169075	340169967	396779011	339950000	340200000	0	3577	892	8801	spaced
SUPER_2	34551425	34553558	IR	333	.	34552091	0.333	0.998	145	2112	34551425	34552241	34552742	34553558	396779011	34350000	34600000	0	3374	816	501	immediate
SUPER_2	196653683	196827726	IR	333	.	196741002	0.333	0.992	141	174021	196653683	196654671	196826738	196827727	396779011	196650000	196900000	0	1511	988	172067	wide
SUPER_2	210005188	210047818	IR	333	.	210026556	0.333	1.000	132	42768	210005188	210005784	210047222	210047818	396779011	209850000	210100000	132	2941	596	41438	spaced
SUPER_2	58881629	58896151	IR	333	.	58888500	0.333	0.994	128	14506	58881629	58882336	58895444	58896154	396779011	58650000	58900000	0	3981	707	13108	spaced
SUPER_2	23481473	23483672	IR	333	.	23483062	0.333	0.985	125	2169	23481473	23482418	23482727	23483672	396779011	23250000	23500000	0	3876	945	309	immediate
SUPER_2	126710645	126725218	IR	333	.	126717440	0.333	0.998	124	14555	126710645	126711306	126724557	126725218	396779011	126500000	126750000	0	3632	661	13251	spaced
SUPER_2	258974214	258988747	IR	333	.	258981971	0.333	0.997	117	14510	258974214	258974859	258988102	258988747	396779011	258950000	259200000	0	524	645	13243	spaced
SUPER_2	129647597	129656926	IR	333	.	129651915	0.333	0.941	111	9310	129647597	129648974	129655549	129656926	396779011	129450000	129700000	0	3370	1377	6575	spaced
SUPER_2	5898735	6096474	IR	333	.	5997981	0.333	0.969	104	197713	5898735	5899759	6095451	6096474	396779011	5850000	6100000	0	2459	1023	195692	wide
SUPER_2	225143124	225153651	IR	333	.	225148865	0.333	0.973	99	10506	225143124	225144011	225152764	225153651	396779011	225000000	225250000	0	2472	887	8753	spaced
SUPER_2	360760640	360766931	IR	333	.	360763508	0.333	0.995	97	6271	360760640	360761224	360766347	360766931	396779011	360700000	360950000	0	1062	584	5123	spaced
SUPER_2	201122861	201128610	IR	333	.	201125452	0.333	0.993	94	5733	201122861	201123438	201128033	201128613	396779011	200900000	201150000	0	3762	577	4595	spaced
SUPER_2	41161482	41163881	IR	333	.	41162686	0.333	0.980	90	2448	41161482	41162025	41163338	41163883	396779011	40950000	41200000	90	3544	543	1313	immediate
SUPER_2	99398248	99471111	IR	333	.	99435142	0.333	0.864	76	72834	99398248	99399606	99469848	99471111	396779011	99350000	99600000	0	1411	1263	70242	spaced
SUPER_2	306371119	306375140	IR	333	.	306372658	0.333	0.950	76	3996	306371119	306372199	306374063	306375140	396779011	306200000	306450000	0	2885	1077	1864	immediate
SUPER_2	91512724	91527131	IR	333	.	91520336	0.333	0.990	73	14389	91512724	91513208	91526648	91527131	396779011	91450000	91700000	0	1165	483	13440	spaced
SUPER_2	269337462	269351879	IR	333	.	269344266	0.333	0.988	71	14388	269337462	269337956	269351385	269351879	396779011	269150000	269400000	0	3244	494	13429	spaced
SUPER_2	97149288	97163807	IR	333	.	97156172	0.333	0.990	68	14490	97149288	97149769	97163326	97163807	396779011	97100000	97350000	0	942	481	13557	spaced
SUPER_2	237135005	237143344	IR	333	.	237138718	0.333	0.984	68	8316	237135005	237135502	237142847	237143345	396779011	237100000	237350000	0	652	497	7345	spaced
SUPER_2	147518026	147525929	IR	333	.	147522246	0.333	0.554	67	7924	147518026	147519897	147524058	147525972	396779011	147300000	147550000	0	3699	1871	4161	spaced
SUPER_2	87771242	87791637	IR	333	.	87781463	0.333	0.958	64	20680	87771242	87771834	87791045	87791637	396779011	87550000	87800000	64	3857	592	19211	spaced
SUPER_2	60814502	60818359	IR	333	.	60816149	0.333	0.812	62	3941	60814502	60815060	60817801	60818464	396779011	60600000	60850000	0	3607	558	2741	spaced
SUPER_2	393047274	393061759	IR	333	.	393054390	0.333	1.000	59	14536	393047274	393047539	393061494	393061759	396779011	392850000	393100000	59	3408	265	13955	spaced
SUPER_2	206314348	206327659	IR	333	.	206320841	0.333	0.877	58	13370	206314348	206315145	206326868	206327659	396779011	206100000	206350000	58	3683	791	11723	spaced
SUPER_2	329650174	329657008	IR	333	.	329653457	0.333	0.942	46	6876	329650174	329650407	329656775	329657015	396779011	329450000	329700000	46	3393	233	6368	spaced
SUPER_2	387788564	387869096	IR	333	.	387828754	0.333	0.878	46	80553	387788564	387789253	387868432	387869096	396779011	387650000	387900000	46	2980	664	79179	spaced
SUPER_2	61342282	61342380	IR	333	.	61342330	0.333	0.836	44	22074	61342282	61342355	61342319	61342380	396779011	61150000	61400000	1744	3205	61	-36	overlap
SUPER_2	61342272	61342348	IR	333	.	61342330	0.333	0.761	44	22074	61342272	61342323	61342297	61342364	396779011	61200000	61450000	990	2371	51	-26	overlap
SUPER_2	61342276	61342367	IR	333	.	61342330	0.333	0.875	44	22074	61342276	61342339	61342304	61342376	396779011	61250000	61500000	1704	1538	63	-35	overlap
SUPER_2	61342282	61342380	IR	333	.	61342330	0.333	0.836	44	22074	61342282	61342355	61342319	61342380	396779011	61300000	61550000	1744	705	61	-36	overlap
SUPER_2	278537716	278749968	IR	333	.	278643490	0.333	0.859	44	212254	278537716	278538420	278749264	278749992	396779011	278500000	278750000	0	2397	704	210844	wide
SUPER_2	131572696	131586962	IR	333	.	131579599	0.333	0.975	42	18327	131572696	131572817	131586841	131586962	396779011	131500000	131750000	12	1330	121	14024	spaced
SUPER_2	192638585	192769304	IR	333	.	192704136	0.333	0.781	41	130673	192638585	192638649	192769254	192769304	396779011	192550000	192800000	808	2565	50	130605	wide
SUPER_2	244344587	244358870	IR	333	.	244351964	0.333	0.996	41	14261	244344587	244344832	244358625	244358870	396779011	244150000	244400000	0	3362	245	13793	spaced
SUPER_2	285279923	285394957	IR	333	.	285337215	0.333	0.971	41	115038	285279923	285280265	285394616	285394957	396779011	285200000	285450000	41	2290	341	114351	wide
SUPER_2	315720724	315723071	IR	333	.	315721465	0.333	0.922	37	2299	315720724	315721140	315722655	315723077	396779011	315700000	315950000	0	364	416	1515	immediate
SUPER_2	233377506	233426315	IR	333	.	233402003	0.333	0.875	36	48819	233377506	233377989	233425845	233426315	396779011	233250000	233500000	36	2531	470	47856	spaced
SUPER_2	132920166	132923226	IR	333	.	132921561	0.333	0.986	35	3053	132920166	132920386	132923006	132923227	396779011	132700000	132950000	35	3694	220	2620	spaced
SUPER_2	255076087	255079321	IR	333	.	255077736	0.333	0.975	34	3304	255076087	255076331	255079077	255079321	396779011	254850000	255100000	34	3794	244	2746	spaced
SUPER_2	33147299	33210786	IR	333	.	33179300	0.333	0.701	33	63505	33147299	33148246	33209839	33210822	396779011	33050000	33300000	0	2150	947	61593	spaced
SUPER_2	332954160	332969575	IR	333	.	332961670	0.333	0.864	33	15413	332954160	332954606	332969129	332969577	396779011	332800000	333050000	33	2697	446	14523	spaced
SUPER_2	8776653	8953436	IR	333	.	8865364	0.333	0.989	32	176754	8776653	8776923	8953166	8953436	396779011	8750000	9000000	0	1917	270	176243	wide
SUPER_2	236323003	236393841	IR	333	.	236358829	0.333	0.831	32	70826	236323003	236323759	236393085	236393849	396779011	236300000	236550000	0	973	756	69326	spaced
SUPER_2	291564012	291568594	IR	333	.	291566143	0.333	0.990	32	4628	291564012	291564213	291568393	291568594	396779011	291350000	291600000	32	3604	201	4180	spaced
SUPER_2	195548783	195625100	IR	333	.	195587205	0.333	0.940	31	76204	195548783	195549214	195624677	195625100	396779011	195400000	195650000	0	3115	423	75463	spaced
SUPER_2	104516231	104520324	IR	333	.	104518726	0.333	0.853	28	4004	104516231	104516581	104520010	104520324	396779011	104350000	104600000	0	2804	314	3429	spaced
SUPER_2	288112398	288115051	IR	333	.	288113792	0.333	0.898	28	2690	288112398	288112852	288114597	288115078	396779011	287950000	288200000	28	2728	454	1745	immediate
SUPER_2	223129886	223132305	IR	333	.	223130618	0.333	0.609	27	2434	223129886	223130526	223131665	223132379	396779011	222950000	223200000	0	3018	640	1139	immediate
SUPER_2	390758736	390836859	IR	333	.	390798283	0.333	0.543	27	78070	390758736	390758981	390836709	390836859	396779011	390650000	390900000	0	2463	150	77728	spaced
SUPER_2	107508528	107512074	IR	333	.	107510079	0.333	0.775	26	4653	107508528	107508882	107511720	107512140	396779011	107450000	107700000	26	1004	354	2838	spaced
SUPER_2	394131758	394169122	IR	333	.	394150105	0.333	0.805	25	37330	394131758	394132302	394168578	394169142	396779011	393950000	394200000	0	3340	544	36276	spaced
SUPER_2	9534711	9538020	IR	333	.	9536656	0.333	0.797	24	3282	9534711	9534943	9537834	9538020	396779011	9300000	9550000	0	3939	186	2891	spaced
SUPER_2	104196672	104273200	IR	333	.	104234529	0.333	0.613	23	76539	104196672	104197530	104272342	104273236	396779011	104050000	104300000	0	3082	858	74812	spaced
SUPER_2	163594738	163607955	IR	333	.	163601717	0.333	0.984	23	13198	163594738	163594924	163607769	163607955	396779011	163450000	163700000	0	2522	186	12845	spaced
SUPER_2	235197690	235221131	IR	333	.	235209456	0.333	0.973	23	23531	235197690	235197914	235220908	235221131	396779011	235050000	235300000	23	2656	223	22994	spaced
SUPER_2	240406804	240409866	IR	333	.	240408430	0.333	0.993	22	3068	240406804	240406945	240409725	240409866	396779011	240350000	240600000	22	972	141	2780	spaced
SUPER_2	251590871	251593771	IR	333	.	251592217	0.333	0.830	22	2921	251590871	251591040	251593602	251593802	396779011	251400000	251650000	22	3205	169	2562	spaced
SUPER_2	233132710	233219579	IR	333	.	233176078	0.333	0.731	21	86825	233132710	233132748	233219541	233219593	396779011	233000000	233250000	119	2935	38	86793	spaced
SUPER_2	258005898	258010180	IR	333	.	258008467	0.333	0.944	20	4257	258005898	258006201	258009877	258010180	396779011	257800000	258050000	0	3467	303	3676	spaced
SUPER_2	306016374	306138132	IR	333	.	306076771	0.333	0.904	20	121704	306016374	306016812	306137694	306138146	396779011	305900000	306150000	0	2954	438	120882	wide
SUPER_2	393375522	393528774	IR	333	.	393452070	0.333	0.911	20	153266	393375522	393375771	393528525	393528782	396779011	393300000	393550000	20	2535	249	152754	wide
SUPER_2	272121418	272134834	IR	332	.	272128077	0.332	0.997	1023	14358	272121418	272125935	272130317	272134846	396779011	272000000	272250000	1070	2135	4517	4382	spaced
SUPER_2	240756402	240766319	IR	332	.	240761391	0.332	0.905	870	11730	240756402	240761220	240761557	240766319	396779011	240600000	240850000	1651	2689	4762	337	immediate
SUPER_2	211007546	211014841	IR	332	.	211011120	0.332	0.991	555	7875	211007546	211010309	211012086	211014841	396779011	210800000	211050000	555	3519	2755	1777	immediate
SUPER_2	291856722	291870173	IR	332	.	291863095	0.332	0.868	467	13492	291856722	291861548	291865347	291870238	396779011	291650000	291900000	0	3557	4826	3799	spaced
SUPER_2	201180040	201187478	IR	332	.	201184024	0.332	0.996	430	7420	201180040	201182544	201184974	201187482	396779011	200950000	201200000	0	3895	2504	2430	spaced
SUPER_2	294778569	294783979	IR	332	.	294781118	0.332	1.000	245	5702	294778569	294779662	294782886	294783979	396779011	294550000	294800000	245	3854	1093	3224	spaced
SUPER_2	37075585	37086037	IR	332	.	37080414	0.332	0.999	229	10431	37075585	37076919	37084703	37086038	396779011	36850000	37100000	0	3846	1334	7784	spaced
SUPER_2	108161549	108166299	IR	332	.	108164411	0.332	1.000	213	4725	108161549	108162752	108165096	108166299	396779011	107950000	108200000	0	3565	1203	2344	spaced
SUPER_2	169494569	169547418	IR	332	.	169521190	0.332	0.998	204	53081	169494569	169495512	169546475	169547418	396779011	169300000	169550000	204	3683	943	50963	spaced
SUPER_2	237215879	237235946	IR	332	.	237226406	0.332	0.977	196	20004	237215879	237217102	237234744	237235946	396779011	237000000	237250000	0	3765	1202	17642	spaced
SUPER_2	262973466	262986974	IR	332	.	262980263	0.332	0.975	158	13684	262973466	262974688	262985752	262986975	396779011	262750000	263000000	158	3836	1222	11064	spaced
SUPER_2	189574209	189677788	IR	332	.	189625758	0.332	0.987	145	103831	189574209	189575049	189676951	189677788	396779011	189450000	189700000	145	2933	837	101902	wide
SUPER_2	324995752	325095643	IR	332	.	325046167	0.332	0.984	144	99873	324995752	324996847	325094548	325095644	396779011	324850000	325100000	0	3261	1095	97701	spaced
SUPER_2	35611601	35675449	IR	332	.	35643279	0.332	0.937	110	64995	35611601	35612416	35674634	35675450	396779011	35450000	35700000	96	3225	815	62218	spaced
SUPER_2	151818428	151832919	IR	332	.	151826003	0.332	0.997	106	14471	151818428	151819032	151832316	151832919	396779011	151600000	151850000	0	3761	603	13284	spaced
SUPER_2	221080826	221165439	IR	332	.	221123020	0.332	0.876	106	84945	221080826	221081903	221164418	221165439	396779011	220950000	221200000	106	2885	1021	82515	spaced
SUPER_2	359248287	359272888	IR	332	.	359260876	0.332	0.843	99	24636	359248287	359250020	359271155	359272945	396779011	359100000	359350000	0	2676	1733	21135	spaced
SUPER_2	114941463	114956095	IR	332	.	114948322	0.332	0.995	97	14609	114941463	114942084	114955474	114956095	396779011	114750000	115000000	0	3312	621	13390	spaced
SUPER_2	67295201	67301784	IR	332	.	67298008	0.332	0.942	90	6541	67295201	67296774	67300213	67301784	396779011	67100000	67350000	0	3308	1571	3439	spaced
SUPER_2	105438210	105489664	IR	332	.	105464422	0.332	0.982	80	51425	105438210	105438892	105488982	105489664	396779011	105250000	105500000	0	3565	682	50090	spaced
SUPER_2	378471506	378474266	IR	332	.	378472484	0.332	0.959	75	2739	378471506	378472221	378473558	378474266	396779011	378300000	378550000	0	2881	708	1337	immediate
SUPER_2	301920313	301934745	IR	332	.	301927676	0.332	0.965	74	17376	301920313	301920849	301934209	301934746	396779011	301700000	301950000	74	3792	536	13360	spaced
SUPER_2	312270743	312358217	IR	332	.	312314548	0.332	0.941	74	87672	312270743	312271517	312357453	312358217	396779011	312150000	312400000	74	2741	764	85936	spaced
SUPER_2	25104025	25241486	IR	332	.	25172493	0.332	0.998	72	137431	25104025	25104446	25241065	25241486	396779011	25000000	25250000	0	2879	421	136619	wide
SUPER_2	202767638	202782385	IR	332	.	202775437	0.332	0.960	72	14731	202767638	202768366	202781657	202782386	396779011	202650000	202900000	0	2083	728	13291	spaced
SUPER_2	235685318	235725267	IR	332	.	235704860	0.332	0.933	69	39960	235685318	235686126	235724459	235725296	396779011	235500000	235750000	0	3421	808	38333	spaced
SUPER_2	376466792	376481178	IR	332	.	376473699	0.332	1.000	61	14363	376466792	376467130	376480840	376481178	396779011	376250000	376500000	0	3732	338	13710	spaced
SUPER_2	361457651	361461239	IR	332	.	361459253	0.332	0.996	60	3633	361457651	361457934	361460956	361461239	396779011	361250000	361500000	60	3490	283	3022	spaced
SUPER_2	272798151	272801095	IR	332	.	272799639	0.332	0.911	59	3052	272798151	272798678	272800600	272801095	396779011	272650000	272900000	59	2493	495	1922	immediate
SUPER_2	278000564	278065615	IR	332	.	278033321	0.332	1.000	58	66263	278000564	278000581	278065598	278065615	396779011	277950000	278200000	1	1384	17	65017	spaced
SUPER_2	94731714	94856567	IR	332	.	94794049	0.332	0.936	55	124886	94731714	94732532	94855749	94856578	396779011	94650000	94900000	55	2402	818	123217	wide
SUPER_2	33574388	33590182	IR	332	.	33581831	0.332	0.811	53	15809	33574388	33574961	33589609	33590214	396779011	33350000	33600000	0	3871	573	14648	spaced
SUPER_2	335958075	336000521	IR	332	.	335979227	0.332	0.931	53	42561	335958075	335958889	335999715	336000521	396779011	335800000	336050000	53	2988	806	40826	spaced
SUPER_2	217633229	217648966	IR	332	.	217640732	0.332	0.910	51	15718	217633229	217634232	217647963	217648966	396779011	217600000	217850000	0	684	1003	13731	spaced
SUPER_2	259800935	259911095	IR	332	.	259855725	0.332	0.925	51	110142	259800935	259801833	259910197	259911098	396779011	259700000	259950000	0	2600	898	108364	wide
SUPER_2	152054609	152056742	IR	332	.	152055763	0.332	0.990	49	2421	152054609	152054899	152056452	152056742	396779011	151950000	152200000	49	1761	290	1553	immediate
SUPER_2	130470859	130482553	IR	332	.	130476758	0.332	0.972	47	11718	130470859	130471183	130482230	130482553	396779011	130250000	130500000	47	3778	323	11047	spaced
SUPER_2	361442355	361450877	IR	332	.	361446730	0.332	0.931	46	8598	361442355	361442759	361450473	361450888	396779011	361250000	361500000	46	3276	404	7714	spaced
SUPER_2	311831867	311854930	IR	332	.	311843455	0.332	0.968	43	23135	311831867	311832245	311854552	311854932	396779011	311650000	311900000	43	3223	378	22307	spaced
SUPER_2	47867712	48019193	IR	332	.	47943582	0.332	0.873	41	151479	47867712	47868420	48018497	48019193	396779011	47850000	48100000	53	1557	696	150077	wide
SUPER_2	111052083	111057569	IR	332	.	111054470	0.332	0.974	41	5463	111052083	111052432	111057220	111057569	396779011	111000000	111250000	0	913	349	4788	spaced
SUPER_2	305085196	305089851	IR	332	.	305087928	0.332	0.933	40	4599	305085196	305085900	305089150	305089851	396779011	305000000	305250000	0	1458	701	3250	spaced
SUPER_2	348036196	348117912	IR	332	.	348077374	0.332	0.927	40	81696	348036196	348037016	348117092	348117912	396779011	347900000	348150000	0	2950	820	80076	spaced
SUPER_2	233338250	233345915	IR	332	.	233342051	0.332	1.000	38	7698	233338250	233338427	233345738	233345915	396779011	233150000	233400000	38	3201	177	7311	spaced
SUPER_2	214360078	214363136	IR	332	.	214361441	0.332	0.911	35	3049	214360078	214360582	214362645	214363136	396779011	214300000	214550000	35	1026	491	2063	spaced
SUPER_2	245685310	245874587	IR	332	.	245779548	0.332	0.396	30	189280	245685310	245779642	245780255	245874615	396779011	245650000	245900000	0	2165	94332	613	immediate
SUPER_2	221603433	221665297	IR	332	.	221634177	0.332	0.990	29	61929	221603433	221603628	221665102	221665297	396779011	221500000	221750000	30	2239	195	61474	spaced
SUPER_2	163680033	163686571	IR	332	.	163683775	0.332	0.974	28	6514	163680033	163680300	163686304	163686571	396779011	163450000	163700000	0	3888	267	6004	spaced
SUPER_2	16063784	16084797	IR	332	.	16074449	0.332	0.944	27	21024	16063784	16064070	16084512	16084797	396779011	15850000	16100000	27	3738	285	20442	spaced
SUPER_2	119967645	119973996	IR	332	.	119970863	0.332	0.849	27	6428	119967645	119967873	119973768	119974027	396779011	119750000	120000000	27	3680	228	5895	spaced
SUPER_2	228318690	228372610	IR	332	.	228345204	0.332	0.829	26	53929	228318690	228319327	228371973	228372693	396779011	228250000	228500000	0	1594	637	52646	spaced
SUPER_2	14380739	14554577	IR	332	.	14467270	0.332	0.947	24	173805	14380739	14381078	14554240	14554577	396779011	14350000	14600000	0	1960	337	173162	wide
SUPER_2	243836962	243840574	IR	332	.	243838955	0.332	0.907	24	3612	243836962	243837313	243840223	243840575	396779011	243750000	244000000	24	1479	351	2910	spaced
SUPER_2	305987477	305989750	IR	332	.	305988123	0.332	0.927	24	2235	305987477	305987979	305989250	305989750	396779011	305850000	306100000	0	2310	500	1271	immediate
SUPER_2	12890685	12893296	IR	332	.	12891706	0.332	0.957	21	2552	12890685	12890938	12893043	12893296	396779011	12650000	12900000	0	4033	253	2105	spaced
SUPER_2	108779449	108786636	IR	332	.	108783340	0.332	1.000	21	7158	108779449	108779598	108786487	108786636	396779011	108750000	109000000	0	550	149	6889	spaced
SUPER_2	168153127	168251263	IR	332	.	168202624	0.332	0.877	21	98099	168153127	168153801	168250589	168251268	396779011	168150000	168400000	0	869	674	96788	spaced
SUPER_2	159669031	159719462	IR	332	.	159693775	0.332	0.641	20	50483	159669031	159673848	159714645	159719537	396779011	159500000	159750000	0	3237	4817	40797	spaced
SUPER_2	265474770	265626805	IR	332	.	265550748	0.332	0.928	20	152033	265474770	265475045	265626530	265626807	396779011	265450000	265700000	20	1679	275	151485	wide
SUPER_2	329222569	329230452	IR	331	.	329226527	0.331	1.000	765	8671	329222569	329226043	329226978	329230452	396779011	329050000	329300000	767	2941	3474	935	immediate
SUPER_2	40469538	40476265	IR	331	.	40472749	0.331	0.999	341	7141	40469538	40471115	40474688	40476265	396779011	40250000	40500000	341	3714	1577	3573	spaced
SUPER_2	340528963	340536462	IR	331	.	340532748	0.331	1.000	302	7810	340528963	340530320	340535105	340536462	396779011	340350000	340600000	303	3045	1357	4785	spaced
SUPER_2	36843797	36851241	IR	331	.	36847169	0.331	0.997	288	7421	36843797	36845436	36849602	36851241	396779011	36650000	36900000	0	3291	1639	4166	spaced
SUPER_2	170113567	170135327	IR	331	.	170124069	0.331	0.934	204	21760	170113567	170115113	170133781	170135346	396779011	169950000	170200000	0	2907	1546	18668	spaced
SUPER_2	168861851	168871960	IR	331	.	168866428	0.331	0.985	177	10095	168861851	168862950	168870861	168871964	396779011	168650000	168900000	0	3614	1099	7911	spaced
SUPER_2	310466259	310470316	IR	331	.	310468322	0.331	0.906	157	4256	310466259	310467052	310469523	310470373	396779011	310350000	310600000	177	1971	793	2471	spaced
SUPER_2	353325978	353333358	IR	331	.	353329308	0.331	1.000	146	7358	353325978	353326791	353332545	353333358	396779011	353100000	353350000	0	3827	813	5754	spaced
SUPER_2	92944023	92955741	IR	331	.	92950230	0.331	0.489	136	11690	92944023	92949493	92950293	92955741	396779011	92750000	93000000	0	3331	5448	800	immediate
SUPER_2	207180262	207256960	IR	331	.	207219024	0.331	0.953	132	76709	207180262	207181544	207255678	207256991	396779011	207050000	207300000	0	2810	1282	74134	spaced
SUPER_2	275563539	275597227	IR	331	.	275580885	0.331	0.741	123	33657	275563539	275566889	275593877	275597253	396779011	275350000	275600000	0	3839	3350	26988	spaced
SUPER_2	114213747	114271500	IR	331	.	114242753	0.331	0.961	122	58157	114213747	114214898	114270353	114271500	396779011	114050000	114300000	122	3210	1147	55455	spaced
SUPER_2	327000327	327027709	IR	331	.	327013831	0.331	0.973	117	27579	327000327	327001076	327026966	327027709	396779011	326800000	327050000	117	3566	743	25890	spaced
SUPER_2	41119109	41134105	IR	331	.	41126398	0.331	1.000	109	15102	41119109	41119583	41133631	41134105	396779011	40900000	41150000	109	3776	474	14048	spaced
SUPER_2	283652850	283654271	IR	331	.	283653323	0.331	0.982	102	2438	283652850	283653135	283653986	283654271	396779011	283500000	283750000	45	2559	285	851	immediate
SUPER_2	140443088	140548268	IR	331	.	140495446	0.331	0.962	89	105261	140443088	140443897	140547459	140548269	396779011	140300000	140550000	89	3261	809	103562	wide
SUPER_2	194698185	194727776	IR	331	.	194713307	0.331	0.935	85	29573	194698185	194699186	194726791	194727776	396779011	194650000	194900000	0	1049	985	27605	spaced
SUPER_2	206700780	206706848	IR	331	.	206704104	0.331	0.512	79	6071	206700780	206703819	206703809	206706874	396779011	206700000	206950000	0	63	3039	-10	overlap
SUPER_2	194877648	194906089	IR	331	.	194892243	0.331	0.707	78	28501	194877648	194879715	194904022	194906166	396779011	194750000	195000000	0	2364	2067	24307	spaced
SUPER_2	244586119	244601363	IR	331	.	244593476	0.331	0.990	72	15215	244586119	244586613	244600869	244601363	396779011	244500000	244750000	0	1562	494	14256	spaced
SUPER_2	284429009	284481527	IR	331	.	284455662	0.331	0.932	67	52489	284429009	284429831	284480716	284481527	396779011	284350000	284600000	0	1754	811	50885	spaced
SUPER_2	53058370	53060584	IR	331	.	53059615	0.331	0.764	66	2341	53058370	53058709	53060245	53060679	396779011	52850000	53100000	66	3491	339	1536	immediate
SUPER_2	137954487	137956584	IR	331	.	137955530	0.331	0.953	66	2141	137954487	137954815	137956256	137956591	396779011	137750000	138000000	66	3425	328	1441	immediate
SUPER_2	100927281	100981394	IR	331	.	100954316	0.331	0.941	64	54182	100927281	100927945	100980730	100981407	396779011	100750000	101000000	64	3405	664	52785	spaced
SUPER_2	76760636	76874367	IR	331	.	76817507	0.331	0.490	60	113677	76760636	76760684	76874319	76874412	396779011	76700000	76950000	1091	1958	48	113635	wide
SUPER_2	19959827	20033844	IR	331	.	19996936	0.331	0.950	59	74155	19959827	19960483	20033190	20033844	396779011	19800000	20050000	59	3280	654	72707	spaced
SUPER_2	374829193	374843995	IR	331	.	374837003	0.331	1.000	58	14768	374829193	374829534	374843654	374843995	396779011	374600000	374850000	0	3943	341	14120	spaced
SUPER_2	85421646	85507081	IR	331	.	85463988	0.331	0.938	56	85421	85421646	85422320	85506407	85507088	396779011	85300000	85550000	0	2739	674	84087	spaced
SUPER_2	305145887	305151574	IR	331	.	305148473	0.331	0.983	56	5656	305145887	305146359	305151102	305151574	396779011	304950000	305200000	0	3312	472	4743	spaced
SUPER_2	379537961	379632978	IR	331	.	379585459	0.331	0.961	54	95056	379537961	379538345	379632599	379632978	396779011	379450000	379700000	54	2257	379	94254	spaced
SUPER_2	219865941	219894493	IR	331	.	219880649	0.331	0.940	50	28529	219865941	219866409	219894041	219894493	396779011	219850000	220100000	0	503	452	27632	spaced
SUPER_2	332058316	332063763	IR	331	.	332061359	0.331	0.953	44	5427	332058316	332058664	332063415	332063772	396779011	331850000	332100000	0	3517	348	4751	spaced
SUPER_2	214464239	214530017	IR	331	.	214496643	0.331	0.400	43	65754	214464239	214495478	214498849	214530017	396779011	214300000	214550000	0	3285	31168	3371	spaced
SUPER_2	380293749	380481875	IR	331	.	380388184	0.331	0.689	42	188066	380293749	380293839	380481813	380481875	396779011	380250000	380500000	0	2296	62	187974	wide
SUPER_2	56259221	56306359	IR	331	.	56282628	0.331	0.866	40	47164	56259221	56259987	56305643	56306359	396779011	56250000	56500000	40	546	716	45656	spaced
SUPER_2	255399618	255433978	IR	331	.	255416298	0.331	0.794	39	34257	255399618	255400350	255433282	255433978	396779011	255200000	255450000	0	3613	696	32932	spaced
SUPER_2	222922164	223058613	IR	331	.	222990491	0.331	0.885	38	136535	222922164	222922840	223057937	223058636	396779011	222900000	223150000	38	1506	676	135097	wide
SUPER_2	183415468	183438585	IR	331	.	183426879	0.331	0.848	37	23265	183415468	183416224	183437883	183438585	396779011	183250000	183500000	42	2950	702	21659	spaced
SUPER_2	351837217	351860036	IR	331	.	351848413	0.331	1.000	36	22761	351837217	351837275	351859978	351860036	396779011	351650000	351900000	684	3310	58	22703	spaced
SUPER_2	167480839	167573602	IR	331	.	167527698	0.331	0.961	34	92743	167480839	167481072	167573377	167573602	396779011	167450000	167700000	0	1286	225	92305	spaced
SUPER_2	176665221	176679214	IR	331	.	176671835	0.331	0.975	30	13974	176665221	176665499	176678938	176679214	396779011	176600000	176850000	0	1203	276	13439	spaced
SUPER_2	260673409	260843143	IR	331	.	260758733	0.331	0.950	30	169713	260673409	260673810	260842745	260843143	396779011	260650000	260900000	0	1804	398	168935	wide
SUPER_2	173045725	173059190	IR	331	.	173052628	0.331	0.766	29	13661	173045725	173046641	173058274	173059291	396779011	173000000	173250000	29	874	916	11633	spaced
SUPER_2	356641148	356653333	IR	331	.	356647405	0.331	0.987	27	12192	356641148	356641307	356653174	356653333	396779011	356450000	356700000	27	3287	159	11867	spaced
SUPER_2	336238052	336243050	IR	331	.	336240550	0.331	0.953	26	5077	336238052	336238217	336242885	336243053	396779011	336200000	336450000	26	675	165	4668	spaced
SUPER_2	72620982	72628341	IR	331	.	72624219	0.331	0.947	25	7351	72620982	72621177	72628146	72628352	396779011	72400000	72650000	0	3744	195	6969	spaced
SUPER_2	224331107	224333649	IR	331	.	224331965	0.331	0.974	25	2517	224331107	224331381	224333377	224333649	396779011	224250000	224500000	0	1372	272	1996	immediate
SUPER_2	15220702	15248340	IR	331	.	15234258	0.331	0.611	22	27619	15220702	15221750	15247293	15248340	396779011	15200000	15450000	0	575	1047	25543	spaced
SUPER_2	3782603	3817119	IR	331	.	3799555	0.331	0.688	21	34472	3782603	3782667	3817075	3817119	396779011	3650000	3900000	0	2497	44	34408	spaced
SUPER_2	89872522	89879502	IR	331	.	89875560	0.331	0.904	21	6810	89872522	89873129	89878897	89879502	396779011	89700000	89950000	0	2933	605	5768	spaced
SUPER_2	119473393	119480411	IR	331	.	119476911	0.331	0.981	21	7007	119473393	119473498	119480306	119480413	396779011	119350000	119600000	21	2114	105	6808	spaced
SUPER_2	149855437	150082968	IR	331	.	149969058	0.331	0.769	21	227495	149855437	149855489	150082928	150082968	396779011	149850000	150100000	189	1986	40	227439	wide
SUPER_2	332212237	332215338	IR	331	.	332213514	0.331	0.994	21	3077	332212237	332212405	332215170	332215338	396779011	332100000	332350000	0	1896	168	2765	spaced
SUPER_2	278227504	278254926	IR	331	.	278240960	0.331	0.914	20	27374	278227504	278227761	278254669	278254933	396779011	278050000	278300000	0	3186	257	26908	spaced
SUPER_2	254234075	254246764	IR	330	.	254240526	0.330	1.000	1283	14157	254234075	254239698	254241141	254246764	396779011	254000000	254250000	1283	4006	5623	1443	immediate
SUPER_2	83195865	83213014	IR	330	.	83204905	0.330	0.970	709	17116	83195865	83201739	83207142	83213014	396779011	83000000	83250000	0	3407	5872	5403	spaced
SUPER_2	174770818	174847233	IR	330	.	174808786	0.330	0.998	451	79935	174770818	174771618	174846433	174847233	396779011	174750000	175000000	178	983	800	74815	spaced
SUPER_2	274044178	274057707	IR	330	.	274051020	0.330	0.983	324	13864	274044178	274045632	274056277	274057707	396779011	273950000	274200000	341	1682	1430	10645	spaced
SUPER_2	294256491	294284430	IR	330	.	294270685	0.330	0.904	282	28373	294256491	294258153	294282822	294284430	396779011	294050000	294300000	282	3674	1608	24669	spaced
SUPER_2	200642302	200649789	IR	330	.	200645873	0.330	0.988	258	7880	200642302	200643896	200648195	200649791	396779011	200400000	200650000	258	4100	1594	4299	spaced
SUPER_2	39987780	39998556	IR	330	.	39992872	0.330	0.960	243	10757	39987780	39990590	39995746	39998556	396779011	39750000	40000000	0	4052	2810	5156	spaced
SUPER_2	258611094	258616569	IR	330	.	258613951	0.330	0.990	169	5766	258611094	258611984	258615679	258616569	396779011	258400000	258650000	169	3563	890	3695	spaced
SUPER_2	359584631	359591497	IR	330	.	359587819	0.330	0.991	139	7093	359584631	359585387	359590741	359591498	396779011	359350000	359600000	139	3967	756	5354	spaced
SUPER_2	259483084	259489797	IR	330	.	259486928	0.330	0.906	134	6688	259483084	259484297	259488658	259489797	396779011	259300000	259550000	0	3107	1139	4361	spaced
SUPER_2	17115486	17125853	IR	330	.	17120589	0.330	0.989	133	10528	17115486	17116198	17125141	17125853	396779011	16900000	17150000	133	3677	712	8943	spaced
SUPER_2	147594156	147599520	IR	330	.	147596804	0.330	0.998	99	5585	147594156	147594646	147599030	147599520	396779011	147400000	147650000	99	3280	490	4384	spaced
SUPER_2	270496659	270504126	IR	330	.	270500634	0.330	0.718	86	7337	270496659	270498860	270501926	270504126	396779011	270300000	270550000	0	3339	2200	3066	spaced
SUPER_2	120013530	120027309	IR	330	.	120020455	0.330	0.983	83	14174	120013530	120014052	120026787	120027310	396779011	119800000	120050000	83	3673	522	12735	spaced
SUPER_2	137672326	137707128	IR	330	.	137689293	0.330	0.919	83	34773	137672326	137673052	137706451	137707128	396779011	137600000	137850000	0	1495	677	33399	spaced
SUPER_2	334694118	334696924	IR	330	.	334695900	0.330	0.986	83	2784	334694118	334694675	334696370	334696924	396779011	334450000	334700000	0	4091	554	1695	immediate
SUPER_2	358928836	358940166	IR	330	.	358934335	0.330	0.938	76	11510	358928836	358929571	358939431	358940170	396779011	358700000	358950000	76	3908	735	9860	spaced
SUPER_2	156069732	156196854	IR	330	.	156133349	0.330	0.948	74	127173	156069732	156070538	156196048	156196858	396779011	156000000	156250000	74	2221	806	125510	wide
SUPER_2	223358776	223427014	IR	330	.	223392841	0.330	0.864	73	68299	223358776	223359820	223425970	223427038	396779011	223250000	223500000	73	2381	1044	66150	spaced
SUPER_2	4505514	4508221	IR	330	.	4507293	0.330	0.818	61	2677	4505514	4506126	4507609	4508228	396779011	4350000	4600000	0	2614	612	1483	immediate
SUPER_2	70084562	70088476	IR	330	.	70086753	0.330	0.988	61	3895	70084562	70084989	70088049	70088476	396779011	70000000	70250000	0	1441	427	3060	spaced
SUPER_2	199139603	199141878	IR	330	.	199140904	0.330	0.994	61	2306	199139603	199139929	199141552	199141878	396779011	198900000	199150000	61	4012	326	1623	immediate
SUPER_2	172740500	172758292	IR	330	.	172749286	0.330	1.000	59	17825	172740500	172740764	172758028	172758292	396779011	172550000	172800000	59	3323	264	17264	spaced
SUPER_2	346123013	346177328	IR	330	.	346149712	0.330	0.870	58	54238	346123013	346125201	346175140	346177417	396779011	346100000	346350000	0	836	2188	49939	spaced
SUPER_2	47094996	47098125	IR	330	.	47096397	0.330	1.000	54	3200	47094996	47095235	47097886	47098125	396779011	46850000	47100000	54	4109	239	2651	spaced
SUPER_2	107985111	108034375	IR	330	.	108010139	0.330	0.910	52	49272	107985111	107985872	108033614	108034404	396779011	107850000	108100000	0	2662	761	47742	spaced
SUPER_2	230428212	230442637	IR	330	.	230435440	0.330	0.905	51	14539	230428212	230428897	230441952	230442673	396779011	230200000	230450000	51	3923	685	13055	spaced
SUPER_2	287484429	287498853	IR	330	.	287491600	0.330	0.954	48	14426	287484429	287484972	287498310	287498853	396779011	287250000	287500000	48	4027	543	13338	spaced
SUPER_2	295757214	295793846	IR	330	.	295775321	0.330	0.930	48	36669	295757214	295758009	295793054	295793846	396779011	295550000	295800000	48	3758	792	35045	spaced
SUPER_2	166076546	166079279	IR	330	.	166077992	0.330	0.956	44	2764	166076546	166076881	166078944	166079287	396779011	165850000	166100000	44	3798	335	2063	spaced
SUPER_2	295228963	295240446	IR	330	.	295234310	0.330	0.958	44	11462	295228963	295229517	295239896	295240446	396779011	295000000	295250000	0	3911	550	10379	spaced
SUPER_2	336815477	336818291	IR	330	.	336816881	0.330	0.930	39	2857	336815477	336815818	336817950	336818305	396779011	336600000	336850000	39	3614	341	2132	spaced
SUPER_2	231967033	231969702	IR	330	.	231968071	0.330	0.957	38	2642	231967033	231967569	231969166	231969702	396779011	231950000	232200000	0	305	536	1597	immediate
SUPER_2	57264391	57268083	IR	330	.	57266712	0.330	0.886	37	3669	57264391	57264784	57267718	57268083	396779011	57150000	57400000	0	1937	365	2934	spaced
SUPER_2	61230705	61241753	IR	330	.	61236522	0.330	0.759	37	11113	61230705	61232187	61240271	61241842	396779011	61000000	61250000	0	3937	1482	8084	spaced
SUPER_2	243304217	243364238	IR	330	.	243334382	0.330	0.941	37	60192	243304217	243304796	243363661	243364238	396779011	243150000	243400000	37	3070	577	58865	spaced
SUPER_2	340835587	340849730	IR	330	.	340842536	0.330	0.866	37	14471	340835587	340837611	340847728	340849730	396779011	340600000	340850000	37	4044	2002	10117	spaced
SUPER_2	52896468	53027207	IR	330	.	52962296	0.330	0.782	35	130703	52896468	52896748	53026985	53027207	396779011	52800000	53050000	0	2697	222	130237	wide
SUPER_2	178162162	178239291	IR	330	.	178201082	0.330	0.640	35	77079	178162162	178162212	178239241	178239323	396779011	178000000	178250000	0	3345	50	77029	spaced
SUPER_2	229685685	229689683	IR	330	.	229687731	0.330	0.945	34	4009	229685685	229686046	229689328	229689683	396779011	229500000	229750000	34	3127	355	3282	spaced
SUPER_2	166148602	166152007	IR	330	.	166150228	0.330	0.914	33	3405	166148602	166149279	166151330	166152009	396779011	165950000	166200000	33	3338	677	2051	spaced
SUPER_2	28995760	29004164	IR	330	.	29000419	0.330	0.986	32	8387	28995760	28995980	29003945	29004164	396779011	28800000	29050000	0	3332	219	7965	spaced
SUPER_2	151992152	152000070	IR	330	.	151996136	0.330	0.991	32	7933	151992152	151992367	151999855	152000070	396779011	151800000	152050000	32	3268	215	7488	spaced
SUPER_2	252451377	252570403	IR	330	.	252511339	0.330	0.995	32	119003	252451377	252451585	252570195	252570403	396779011	252450000	252700000	0	1014	208	118610	wide
SUPER_2	312755461	312769124	IR	330	.	312761802	0.330	0.985	32	13643	312755461	312755657	312768928	312769124	396779011	312750000	313000000	0	204	196	13271	spaced
SUPER_2	162853103	162956048	IR	330	.	162904158	0.330	0.895	31	102913	162853103	162853350	162955826	162956048	396779011	162850000	163100000	0	909	222	102476	wide
SUPER_2	256047871	256095734	IR	330	.	256072325	0.330	0.404	31	47843	256047871	256071392	256072285	256095734	396779011	255900000	256150000	0	2863	23449	893	immediate
SUPER_2	11218440	11244913	IR	330	.	11232043	0.330	0.841	30	26413	11218440	11218801	11244552	11244952	396779011	11000000	11250000	0	3861	361	25751	spaced
SUPER_2	348439394	348497739	IR	330	.	348469005	0.330	0.917	30	58323	348439394	348439958	348497175	348497739	396779011	348250000	348500000	0	3642	564	57217	spaced
SUPER_2	5763482	5766709	IR	330	.	5765350	0.330	0.950	29	3209	5763482	5763979	5766214	5766709	396779011	5550000	5800000	0	3584	495	2235	spaced
SUPER_2	242269668	242390091	IR	330	.	242329410	0.330	0.831	29	120422	242269668	242270444	242389315	242390108	396779011	242200000	242450000	0	2164	776	118871	wide
SUPER_2	337937287	337989119	IR	330	.	337962727	0.330	0.957	28	51813	337937287	337937564	337988848	337989119	396779011	337850000	338100000	0	1886	271	51284	spaced
SUPER_2	396695653	396712728	IR	330	.	396703785	0.330	0.968	28	17057	396695653	396695996	396712385	396712728	396779011	396500000	396750000	0	3403	343	16389	spaced
SUPER_2	181416164	181469961	IR	330	.	181442752	0.330	1.000	25	53772	181416164	181416313	181469812	181469961	396779011	181250000	181500000	0	3217	149	53499	spaced
SUPER_2	130553351	130556491	IR	330	.	130554585	0.330	0.920	24	3134	130553351	130553687	130556155	130556505	396779011	130400000	130650000	0	2581	336	2468	spaced
SUPER_2	268314385	268316656	IR	330	.	268315522	0.330	0.951	24	2293	268314385	268314686	268316355	268316661	396779011	268100000	268350000	24	3591	301	1669	immediate
SUPER_2	173465696	173468544	IR	330	.	173467130	0.330	0.968	21	2857	173465696	173465913	173468327	173468544	396779011	173400000	173650000	21	1118	217	2414	spaced
SUPER_2	395532955	395557950	IR	330	.	395545228	0.330	0.868	20	25191	395532955	395533197	395557729	395557950	396779011	395350000	395600000	20	3257	221	24532	spaced
SUPER_2	244440092	244452746	IR	329	.	244446023	0.329	0.996	749	12630	244440092	244444585	244448253	244452747	396779011	244250000	244500000	0	3273	4493	3668	spaced
SUPER_2	125013831	125062083	IR	329	.	125038151	0.329	0.974	443	48911	125013831	125016693	125059221	125062094	396779011	124850000	125100000	443	3132	2862	42528	spaced
SUPER_2	169964333	169972459	IR	329	.	169968495	0.329	1.000	373	8497	169964333	169965955	169970837	169972459	396779011	169750000	170000000	373	3639	1622	4882	spaced
SUPER_2	197284852	197295422	IR	329	.	197290471	0.329	0.987	271	10548	197284852	197286516	197293768	197295422	396779011	197150000	197400000	0	2335	1654	7252	spaced
SUPER_2	42501096	42690169	IR	329	.	42595138	0.329	0.943	249	189049	42501096	42503795	42687484	42690169	396779011	42500000	42750000	0	1593	2685	183689	wide
SUPER_2	357248335	357251634	IR	329	.	357250058	0.329	0.995	193	3486	357248335	357249287	357250682	357251636	396779011	357050000	357300000	193	3332	952	1395	immediate
SUPER_2	62149622	62152851	IR	329	.	62151678	0.329	1.000	190	3211	62149622	62150665	62151808	62152851	396779011	61950000	62200000	0	3353	1043	1143	immediate
SUPER_2	305534384	305672077	IR	329	.	305603159	0.329	0.924	173	138237	305534384	305536310	305670151	305672132	396779011	305500000	305750000	173	1720	1926	133841	wide
SUPER_2	124919314	124922912	IR	329	.	124921113	0.329	0.990	147	3850	124919314	124920107	124922119	124922913	396779011	124700000	124950000	147	3685	793	2012	spaced
SUPER_2	226280441	226307563	IR	329	.	226293578	0.329	0.988	126	27095	226280441	226281340	226306664	226307563	396779011	226100000	226350000	0	3233	899	25324	spaced
SUPER_2	262594772	262599114	IR	329	.	262596638	0.329	0.992	125	4310	262594772	262595554	262598332	262599114	396779011	262350000	262600000	0	4115	782	2778	spaced
SUPER_2	317656933	317659252	IR	329	.	317658084	0.329	0.989	110	2424	317656933	317657550	317658635	317659256	396779011	317500000	317750000	110	2634	617	1085	immediate
SUPER_2	289519854	289531787	IR	329	.	289526020	0.329	0.946	94	12112	289519854	289520443	289531198	289531813	396779011	289300000	289550000	121	3763	589	10755	spaced
SUPER_2	34754147	34757880	IR	329	.	34755640	0.329	0.982	92	3714	34754147	34754846	34757181	34757885	396779011	34550000	34800000	0	3433	699	2335	spaced
SUPER_2	73294105	73303645	IR	329	.	73299007	0.329	0.998	91	9623	73294105	73294513	73303237	73303645	396779011	73150000	73400000	91	2481	408	8724	spaced
SUPER_2	100642778	100648791	IR	329	.	100645887	0.329	0.964	84	6046	100642778	100643365	100648204	100648791	396779011	100400000	100650000	84	4096	587	4839	spaced
SUPER_2	196062109	196068442	IR	329	.	196065582	0.329	0.977	81	6316	196062109	196062837	196067714	196068443	396779011	195900000	196150000	0	2754	728	4877	spaced
SUPER_2	88209680	88216119	IR	329	.	88212399	0.329	0.970	75	6419	88209680	88210310	88215489	88216124	396779011	88000000	88250000	0	3548	630	5179	spaced
SUPER_2	6154145	6160464	IR	329	.	6157487	0.329	0.992	73	6354	6154145	6154541	6160068	6160464	396779011	5950000	6200000	73	3454	396	5527	spaced
SUPER_2	370238822	370253264	IR	329	.	370245628	0.329	0.990	70	14413	370238822	370239316	370252770	370253264	396779011	370050000	370300000	0	3267	494	13454	spaced
SUPER_2	141091325	141095416	IR	329	.	141093799	0.329	0.998	67	4072	141091325	141091729	141095012	141095416	396779011	140850000	141100000	0	4056	404	3283	spaced
SUPER_2	28328504	28332455	IR	329	.	28330371	0.329	0.941	60	4312	28328504	28329199	28331760	28332458	396779011	28200000	28450000	60	2174	695	2561	spaced
SUPER_2	190795072	190803912	IR	329	.	190799420	0.329	0.996	59	8867	190795072	190795343	190803641	190803912	396779011	190600000	190850000	59	3324	271	8298	spaced
SUPER_2	46334442	46337566	IR	329	.	46335949	0.329	0.947	58	26662	46334442	46334907	46337101	46337577	396779011	46200000	46450000	58	2266	465	2194	spaced
SUPER_2	222040406	222075847	IR	329	.	222058494	0.329	0.614	58	35373	222040406	222040476	222075777	222075891	396779011	221900000	222150000	0	2635	70	35301	spaced
SUPER_2	249009075	249020048	IR	329	.	249014999	0.329	1.000	58	10952	249009075	249009411	249019712	249020048	396779011	248800000	249050000	0	3575	336	10301	spaced
SUPER_2	165180683	165220233	IR	329	.	165199990	0.329	0.935	57	39514	165180683	165181549	165219367	165220233	396779011	165050000	165300000	0	2507	866	37818	spaced
SUPER_2	216595720	216628387	IR	329	.	216612063	0.329	0.899	56	32964	216595720	216596165	216627942	216628394	396779011	216450000	216700000	56	2700	445	31777	spaced
SUPER_2	206833153	207000488	IR	329	.	206916520	0.329	0.918	55	167315	206833153	206833990	206999661	207000488	396779011	206800000	207050000	0	1946	827	165671	wide
SUPER_2	166938355	166952612	IR	329	.	166945622	0.329	0.992	53	14331	166938355	166938609	166952358	166952612	396779011	166800000	167050000	53	2424	254	13749	spaced
SUPER_2	14091572	14104897	IR	329	.	14098580	0.329	0.961	46	13308	14091572	14092080	14104389	14104898	396779011	13900000	14150000	0	3303	508	12309	spaced
SUPER_2	15732062	15734046	IR	329	.	15733144	0.329	0.945	46	2024	15732062	15732382	15733726	15734054	396779011	15500000	15750000	46	3884	320	1344	immediate
SUPER_2	80673995	80676917	IR	329	.	80675444	0.329	0.842	46	3048	80673995	80674272	80676640	80676923	396779011	80450000	80700000	46	3757	277	2368	spaced
SUPER_2	226994064	226996106	IR	329	.	226995081	0.329	0.863	46	2158	226994064	226994361	226995809	226996128	396779011	226750000	227000000	46	4084	297	1448	immediate
SUPER_2	265886581	265899960	IR	329	.	265892806	0.329	0.957	45	13356	265886581	265887088	265899453	265899960	396779011	265650000	265900000	0	4054	507	12365	spaced
SUPER_2	166425050	166433643	IR	329	.	166429832	0.329	0.621	44	7863	166425050	166426119	166432574	166433697	396779011	166200000	166450000	0	3822	1069	6455	spaced
SUPER_2	2059045	2224513	IR	329	.	2141330	0.329	0.895	40	165447	2059045	2059946	2223635	2224513	396779011	2050000	2300000	0	1529	878	163689	wide
SUPER_2	127903278	128051673	IR	329	.	127977912	0.329	0.879	38	148405	127903278	127904023	128050928	128051702	396779011	127850000	128100000	0	2124	745	146905	wide
SUPER_2	358266332	358270365	IR	329	.	358268468	0.329	1.000	38	4041	358266332	358266512	358270185	358270365	396779011	358150000	358400000	38	1972	180	3673	spaced
SUPER_2	119095977	119098017	IR	329	.	119096871	0.329	0.974	36	2175	119095977	119096202	119097792	119098018	396779011	118950000	119200000	36	2449	225	1590	immediate
SUPER_2	171633168	171647157	IR	329	.	171639702	0.329	0.985	36	13971	171633168	171633434	171646891	171647157	396779011	171400000	171650000	0	4002	266	13457	spaced
SUPER_2	294880049	294913829	IR	329	.	294897007	0.329	0.697	36	33728	294880049	294880095	294913783	294913849	396779011	294700000	294950000	448	3282	46	33688	spaced
SUPER_2	221489954	221602436	IR	329	.	221545757	0.329	0.952	34	112459	221489954	221490309	221602084	221602436	396779011	221400000	221650000	0	2436	352	111775	wide
SUPER_2	294717640	294725422	IR	329	.	294721132	0.329	0.973	33	7758	294717640	294718042	294725020	294725422	396779011	294500000	294750000	0	3692	402	6978	spaced
SUPER_2	250913791	250939876	IR	329	.	250927251	0.329	0.932	32	26062	250913791	250914276	250939396	250939876	396779011	250800000	251050000	0	2113	480	25120	spaced
SUPER_2	201076701	201106412	IR	329	.	201091909	0.329	0.949	31	29685	201076701	201076918	201106205	201106412	396779011	200900000	201150000	0	3192	207	29287	spaced
SUPER_2	218315819	218318903	IR	329	.	218317588	0.329	0.919	30	3126	218315819	218316191	218318531	218318908	396779011	218100000	218350000	30	3622	372	2340	spaced
SUPER_2	200999279	201065907	IR	329	.	201032777	0.329	0.861	29	66708	200999279	200999913	201065309	201065907	396779011	200850000	201100000	29	3043	598	65396	spaced
SUPER_2	249274544	249383111	IR	329	.	249328887	0.329	0.951	28	108601	249274544	249274726	249382936	249383111	396779011	249250000	249500000	28	1313	175	108210	wide
SUPER_2	314663843	314822979	IR	329	.	314743927	0.329	0.744	28	159197	314663843	314664624	314822198	314823065	396779011	314600000	314850000	0	2390	781	157574	wide
SUPER_2	267015336	267125631	IR	329	.	267070345	0.329	0.859	26	110378	267015336	267015506	267125467	267125631	396779011	267000000	267250000	26	1174	164	109961	wide
SUPER_2	2870721	3022148	IR	329	.	2946802	0.329	0.928	24	151410	2870721	2870916	3021959	3022148	396779011	2800000	3050000	0	2440	189	151043	wide
SUPER_2	329564321	329571388	IR	329	.	329568124	0.329	0.988	24	7045	329564321	329564493	329571216	329571388	396779011	329350000	329600000	0	3630	172	6723	spaced
SUPER_2	292576048	292740197	IR	329	.	292658593	0.329	0.945	23	164129	292576048	292576285	292739963	292740197	396779011	292550000	292800000	0	1801	234	163678	wide
SUPER_2	55914178	55919158	IR	329	.	55916162	0.329	0.993	21	4958	55914178	55914326	55919010	55919159	396779011	55750000	56000000	0	2777	148	4684	spaced
SUPER_2	85397925	85415066	IR	329	.	85406778	0.329	0.963	21	17105	85397925	85398221	85414770	85415066	396779011	85200000	85450000	0	3441	296	16549	spaced
SUPER_2	62519453	62522193	IR	329	.	62520823	0.329	0.764	20	2727	62519453	62519864	62521783	62522193	396779011	62500000	62750000	20	346	410	1919	immediate
SUPER_2	267592584	267710929	IR	329	.	267651919	0.329	0.839	20	118331	267592584	267592789	267710752	267710929	396779011	267500000	267750000	20	2529	177	117963	wide
SUPER_2	146035710	146042432	IR	328	.	146038689	0.328	0.999	391	6702	146035710	146037887	146040256	146042432	396779011	145800000	146050000	0	3984	2176	2369	spaced
SUPER_2	174988947	174992420	IR	328	.	174990244	0.328	0.997	314	3450	174988947	174990671	174990702	174992420	396779011	174750000	175000000	0	4011	1718	31	immediate
SUPER_2	127499194	127561667	IR	328	.	127530619	0.328	0.946	308	63149	127499194	127501185	127559740	127561667	396779011	127350000	127600000	308	3007	1927	58555	spaced
SUPER_2	364677752	364683103	IR	328	.	364680759	0.328	0.999	250	5328	364677752	364679122	364681733	364683103	396779011	364450000	364700000	0	3840	1370	2611	spaced
SUPER_2	231527753	231547146	IR	328	.	231537608	0.328	0.980	242	19635	231527753	231529227	231545672	231547150	396779011	231300000	231550000	242	3957	1474	16445	spaced
SUPER_2	11117354	11174478	IR	328	.	11145563	0.328	0.998	220	57104	11117354	11118629	11173203	11174479	396779011	10950000	11200000	0	3265	1275	54574	spaced
SUPER_2	272326747	272390425	IR	328	.	272358822	0.328	0.990	207	63654	272326747	272328109	272389064	272390425	396779011	272150000	272400000	0	3476	1361	60955	spaced
SUPER_2	206352122	206460887	IR	328	.	206406928	0.328	0.413	184	108767	206352122	206393611	206419398	206460918	396779011	206250000	206500000	0	2608	41489	25787	spaced
SUPER_2	53368575	53374256	IR	328	.	53371341	0.328	0.920	176	5900	53368575	53369791	53373095	53374256	396779011	53150000	53400000	176	3690	1161	3304	spaced
SUPER_2	194438068	194441489	IR	328	.	194439894	0.328	0.959	165	3745	194438068	194438849	194440708	194441515	396779011	194200000	194450000	165	3996	781	1859	immediate
SUPER_2	95895525	95901075	IR	328	.	95897931	0.328	0.684	164	5567	95895525	95898308	95898292	95901115	396779011	95750000	96000000	0	2471	2783	-16	overlap
SUPER_2	169582844	169598854	IR	328	.	169590494	0.328	0.998	151	15989	169582844	169583744	169597954	169598855	396779011	169350000	169600000	0	4014	900	14210	spaced
SUPER_2	16375461	16384511	IR	328	.	16379928	0.328	0.998	142	9207	16375461	16376118	16383854	16384511	396779011	16150000	16400000	142	3832	657	7736	spaced
SUPER_2	173203193	173207026	IR	328	.	173205273	0.328	1.000	139	3959	173203193	173203826	173206393	173207026	396779011	173000000	173250000	139	3418	633	2567	spaced
SUPER_2	64738611	64742084	IR	328	.	64740155	0.328	0.997	132	3558	64738611	64739206	64741489	64742084	396779011	64500000	64750000	132	4005	595	2283	spaced
SUPER_2	145344267	145353312	IR	328	.	145348976	0.328	0.971	128	9184	145344267	145344977	145352602	145353312	396779011	145200000	145450000	128	2479	710	7625	spaced
SUPER_2	154152847	154159759	IR	328	.	154156271	0.328	1.000	109	68172	154152847	154153322	154159284	154159759	396779011	153950000	154200000	109	3438	475	5962	spaced
SUPER_2	216382284	216396473	IR	328	.	216388900	0.328	0.997	99	14165	216382284	216382863	216395894	216396473	396779011	216350000	216600000	0	656	579	13031	spaced
SUPER_2	146243301	146251337	IR	328	.	146247752	0.328	0.948	89	8018	146243301	146243970	146250695	146251337	396779011	146050000	146300000	0	3288	642	6725	spaced
SUPER_2	214579049	214587910	IR	328	.	214583776	0.328	0.916	82	8893	214579049	214579949	214587010	214587959	396779011	214350000	214600000	0	3891	900	7061	spaced
SUPER_2	197787303	197795019	IR	328	.	197791617	0.328	0.969	80	7705	197787303	197787882	197794440	197795027	396779011	197550000	197800000	0	4019	579	6558	spaced
SUPER_2	358862495	358866305	IR	328	.	358864839	0.328	0.962	66	3787	358862495	358863021	358865791	358866305	396779011	358650000	358900000	0	3573	514	2770	spaced
SUPER_2	42732213	42735408	IR	328	.	42733979	0.328	0.735	65	14167	42732213	42732263	42735358	42735426	396779011	42500000	42750000	641	3896	50	3095	spaced
SUPER_2	160000755	160004151	IR	328	.	160002158	0.328	0.979	59	3376	160000755	160001289	160003617	160004151	396779011	159800000	160050000	0	3374	534	2328	spaced
SUPER_2	61293464	61307668	IR	328	.	61300477	0.328	0.996	58	14225	61293464	61293740	61307392	61307668	396779011	61100000	61350000	58	3342	276	13652	spaced
SUPER_2	396730050	396737251	IR	328	.	396733702	0.328	0.893	58	7246	396730050	396730874	396736473	396737251	396779011	396500000	396750000	58	3894	778	5599	spaced
SUPER_2	335788665	335805384	IR	328	.	335796980	0.328	0.948	57	16796	335788665	335789339	335804713	335805384	396779011	335600000	335850000	57	3283	671	15374	spaced
SUPER_2	261543860	261546409	IR	328	.	261545542	0.328	0.977	53	2532	261543860	261544288	261545981	261546410	396779011	261300000	261550000	0	4085	428	1693	immediate
SUPER_2	267317804	267322303	IR	328	.	267319632	0.328	0.997	53	4469	267317804	267318108	267321999	267322303	396779011	267100000	267350000	0	3667	304	3891	spaced
SUPER_2	155944688	155948583	IR	328	.	155946583	0.328	0.951	51	3839	155944688	155944749	155948525	155948583	396779011	155800000	156050000	948	2443	58	3776	spaced
SUPER_2	201328965	201331843	IR	328	.	201330379	0.328	0.987	50	2914	201328965	201329264	201331544	201331843	396779011	201200000	201450000	50	2173	299	2280	spaced
SUPER_2	236014521	236176954	IR	328	.	236096060	0.328	0.951	50	162418	236014521	236015051	236176424	236176959	396779011	235950000	236200000	0	2428	530	161373	wide
SUPER_2	142719769	142725252	IR	328	.	142722953	0.328	0.990	48	5458	142719769	142720080	142724941	142725252	396779011	142500000	142750000	0	3708	311	4861	spaced
SUPER_2	323933098	324065891	IR	328	.	323999006	0.328	0.928	48	132767	323933098	323933900	324065095	324065891	396779011	323850000	324100000	0	2491	796	131195	wide
SUPER_2	59013251	59015659	IR	328	.	59014385	0.328	1.000	45	2418	59013251	59013459	59015451	59015659	396779011	58800000	59050000	45	3574	208	1992	immediate
SUPER_2	310329225	310464170	IR	328	.	310396676	0.328	0.382	45	134889	310329225	310329263	310464132	310464213	396779011	310300000	310550000	361	1611	38	134869	wide
SUPER_2	46560270	46567901	IR	328	.	46563849	0.328	0.969	44	7658	46560270	46560562	46567615	46567901	396779011	46450000	46700000	44	1901	286	7053	spaced
SUPER_2	232873726	232916278	IR	328	.	232894685	0.328	0.968	44	42528	232873726	232874192	232915812	232916278	396779011	232850000	233100000	0	749	466	41620	spaced
SUPER_2	103913005	104116862	IR	328	.	104014554	0.328	0.725	43	203791	103913005	103916836	104113100	104116862	396779011	103900000	104150000	0	1915	3762	196264	wide
SUPER_2	217330205	217338256	IR	328	.	217334596	0.328	0.931	41	8028	217330205	217330887	217337574	217338257	396779011	217100000	217350000	0	3903	682	6687	spaced
SUPER_2	79271680	79276137	IR	328	.	79273644	0.328	0.909	28	4456	79271680	79271981	79275836	79276155	396779011	79050000	79300000	0	3731	301	3855	spaced
SUPER_2	116730932	116773235	IR	328	.	116752042	0.328	0.888	26	42308	116730932	116731244	116772929	116773235	396779011	116550000	116800000	26	3367	306	41685	spaced
SUPER_2	376525863	376621840	IR	328	.	376573817	0.328	0.715	26	96004	376525863	376527245	376620528	376621840	396779011	376400000	376650000	26	2897	1312	93283	spaced
SUPER_2	168252071	168255319	IR	328	.	168253575	0.328	0.967	25	3272	168252071	168252342	168255048	168255319	396779011	168100000	168350000	25	2561	271	2706	spaced
SUPER_2	269660974	269819182	IR	328	.	269740433	0.328	0.761	25	158155	269660974	269661498	269818658	269819191	396779011	269600000	269850000	0	2334	524	157160	wide
SUPER_2	276546087	276550845	IR	328	.	276548688	0.328	0.892	25	4753	276546087	276546445	276550487	276550846	396779011	276350000	276600000	25	3307	358	4042	spaced
SUPER_2	369566269	369593481	IR	328	.	369580187	0.328	0.835	24	27188	369566269	369566685	369593077	369593481	396779011	369400000	369650000	0	2997	404	26392	spaced
SUPER_2	386549395	386613443	IR	328	.	386581190	0.328	0.959	21	64062	386549395	386549561	386613277	386613446	396779011	386400000	386650000	21	3023	166	63716	spaced
SUPER_2	41283454	41306514	IR	327	.	41295463	0.327	0.998	1640	23042	41283454	41292995	41296974	41306514	396779011	41100000	41350000	0	3249	9540	3979	spaced
SUPER_2	261636963	261642934	IR	327	.	261639850	0.327	0.978	319	6349	261636963	261638386	261641537	261642934	396779011	261400000	261650000	319	3999	1397	3151	spaced
SUPER_2	133082586	133092772	IR	327	.	133087317	0.327	0.995	252	10161	133082586	133084072	133091286	133092776	396779011	132850000	133100000	0	3961	1486	7214	spaced
SUPER_2	192158607	192170804	IR	327	.	192164199	0.327	0.979	187	12178	192158607	192160212	192169199	192170805	396779011	191950000	192200000	0	3578	1605	8987	spaced
SUPER_2	160928079	160935850	IR	327	.	160932175	0.327	0.985	175	7942	160928079	160928971	160934968	160935850	396779011	160750000	161000000	175	3032	882	5997	spaced
SUPER_2	91096084	91114274	IR	327	.	91105104	0.327	0.919	167	18640	91096084	91097335	91113023	91114313	396779011	90900000	91150000	167	3419	1251	15688	spaced
SUPER_2	110899936	110906831	IR	327	.	110902890	0.327	0.967	167	6887	110899936	110901221	110905546	110906842	396779011	110700000	110950000	0	3389	1285	4325	spaced
SUPER_2	270730150	270762312	IR	327	.	270746359	0.327	0.930	152	32379	270730150	270731408	270761093	270762312	396779011	270700000	270950000	152	770	1219	29685	spaced
SUPER_2	179114547	179117079	IR	327	.	179115566	0.327	0.995	136	2672	179114547	179115160	179116466	179117080	396779011	178900000	179150000	136	3596	613	1306	immediate
SUPER_2	292526117	292559285	IR	327	.	292542245	0.327	0.892	115	32561	292526117	292532303	292553099	292559292	396779011	292500000	292750000	0	711	6186	20796	spaced
SUPER_2	8194493	8219644	IR	327	.	8207462	0.327	0.867	112	24956	8194493	8196717	8217426	8219644	396779011	8000000	8250000	0	3451	2218	20709	spaced
SUPER_2	202142728	202265781	IR	327	.	202204653	0.327	0.958	112	123035	202142728	202143925	202264584	202265786	396779011	202100000	202350000	0	1737	1197	120659	wide
SUPER_2	93031725	93049236	IR	327	.	93040631	0.327	0.925	109	17680	93031725	93032850	93048111	93049239	396779011	92800000	93050000	109	4007	1125	15261	spaced
SUPER_2	165944388	166031483	IR	327	.	165987536	0.327	0.941	106	87060	165944388	165946376	166029501	166031483	396779011	165800000	166050000	0	3132	1982	83125	spaced
SUPER_2	168671001	168712741	IR	327	.	168691785	0.327	0.974	102	41841	168671001	168671492	168712262	168712741	396779011	168500000	168750000	102	3197	479	40770	spaced
SUPER_2	247682684	247690075	IR	327	.	247686605	0.327	0.965	95	7591	247682684	247683510	247689249	247690075	396779011	247450000	247700000	95	3939	826	5739	spaced
SUPER_2	150109780	150113999	IR	327	.	150111571	0.327	0.929	94	4250	150109780	150110511	150113268	150114048	396779011	149900000	150150000	0	3531	731	2757	spaced
SUPER_2	160936037	160939474	IR	327	.	160937664	0.327	0.893	86	3584	160936037	160936546	160938965	160939522	396779011	160700000	160950000	86	3962	509	2419	spaced
SUPER_2	181625980	181631670	IR	327	.	181629141	0.327	0.946	85	5694	181625980	181626674	181630976	181631695	396779011	181400000	181650000	0	3813	694	4302	spaced
SUPER_2	390550233	390556601	IR	327	.	390553730	0.327	0.996	79	6344	390550233	390550698	390556136	390556602	396779011	390350000	390600000	0	3390	465	5438	spaced
SUPER_2	197664312	197667199	IR	327	.	197665342	0.327	0.972	75	2870	197664312	197664776	197666735	197667203	396779011	197550000	197800000	0	1929	464	1959	immediate
SUPER_2	274172511	274251422	IR	327	.	274212235	0.327	0.854	69	78887	274172511	274174246	274249698	274251422	396779011	274050000	274300000	0	2699	1724	75452	spaced
SUPER_2	313034072	313037533	IR	327	.	313035671	0.327	0.902	67	3488	313034072	313034849	313036786	313037533	396779011	312850000	313100000	67	3096	747	1937	immediate
SUPER_2	309613503	309626344	IR	327	.	309619446	0.327	0.922	61	12764	309613503	309614405	309625471	309626344	396779011	309400000	309650000	0	3665	873	11066	spaced
SUPER_2	155364936	155398796	IR	327	.	155381919	0.327	0.584	60	70684	155364936	155366938	155396794	155398798	396779011	155300000	155550000	60	1364	2002	29856	spaced
SUPER_2	287146910	287172749	IR	327	.	287159716	0.327	0.892	59	25785	287146910	287146976	287172683	287172757	396779011	287050000	287300000	1712	1830	66	25707	spaced
SUPER_2	297334748	297349102	IR	327	.	297342088	0.327	0.996	58	14376	297334748	297335023	297348827	297349103	396779011	297100000	297350000	58	4031	275	13804	spaced
SUPER_2	163762503	163765867	IR	327	.	163764000	0.327	0.881	56	3566	163762503	163762927	163765443	163765900	396779011	163550000	163800000	56	3569	424	2516	spaced
SUPER_2	303524974	303535719	IR	327	.	303530575	0.327	0.941	52	10760	303524974	303525225	303535468	303535721	396779011	303500000	303750000	30	505	251	10243	spaced
SUPER_2	335602630	335609465	IR	327	.	335606109	0.327	0.970	51	6880	335602630	335602933	335609166	335609465	396779011	335450000	335700000	51	2600	299	6233	spaced
SUPER_2	284519419	284675173	IR	327	.	284597150	0.327	0.840	49	155933	284519419	284519704	284674888	284675206	396779011	284500000	284750000	226	1621	285	155184	wide
SUPER_2	365104040	365153966	IR	327	.	365128939	0.327	0.901	49	50067	365104040	365104830	365153176	365153970	396779011	364950000	365200000	49	2983	790	48346	spaced
SUPER_2	309763279	309778165	IR	327	.	309770618	0.327	0.269	47	14836	309763279	309763333	309778111	309778240	396779011	309600000	309850000	749	2845	54	14778	spaced
SUPER_2	32740304	32752746	IR	327	.	32746375	0.327	0.915	43	13034	32740304	32741432	32751618	32752769	396779011	32550000	32800000	43	3275	1128	10186	spaced
SUPER_2	269823678	269830274	IR	327	.	269827010	0.327	0.893	37	6624	269823678	269823977	269829978	269830274	396779011	269600000	269850000	37	3782	296	6001	spaced
SUPER_2	295332355	295356362	IR	327	.	295343937	0.327	0.856	36	23956	295332355	295332432	295356285	295356375	396779011	295150000	295400000	0	3239	77	23853	spaced
SUPER_2	327930655	327936095	IR	327	.	327932885	0.327	0.604	31	5392	327930655	327930703	327936047	327936129	396779011	327850000	328100000	0	1389	48	5344	spaced
SUPER_2	382655713	382892403	IR	327	.	382773961	0.327	0.921	31	236716	382655713	382656589	382891527	382892405	396779011	382650000	382900000	31	2067	876	234938	wide
SUPER_2	377950627	377952722	IR	327	.	377951761	0.327	1.000	28	2089	377950627	377950755	377952594	377952722	396779011	377900000	378150000	28	861	128	1839	immediate
SUPER_2	64302704	64362289	IR	327	.	64332229	0.327	0.944	23	59498	64302704	64302937	64362066	64362289	396779011	64150000	64400000	0	3041	223	59129	spaced
SUPER_2	47728863	47728923	IR	327	.	47728884	0.327	0.857	21	30955	47728863	47728905	47728887	47728923	396779011	47600000	47850000	211	2148	36	-18	overlap
SUPER_2	20727317	20736448	IR	327	.	20731655	0.327	0.773	20	10481	20727317	20727445	20736336	20736448	396779011	20550000	20800000	3	3031	112	8891	spaced
SUPER_2	191240837	191353283	IR	326	.	191296958	0.326	0.988	856	113717	191240837	191245226	191348915	191353283	396779011	191200000	191450000	856	1617	4368	103689	wide
SUPER_2	141718396	141728931	IR	326	.	141723563	0.326	0.995	799	12278	141718396	141722050	141725277	141728950	396779011	141550000	141800000	869	2894	3654	3227	spaced
SUPER_2	351592137	351605766	IR	326	.	351598780	0.326	0.993	780	14763	351592137	351595738	351602165	351605773	396779011	351450000	351700000	781	2482	3601	6427	spaced
SUPER_2	240855294	240876215	IR	326	.	240865643	0.326	0.995	745	21716	240855294	240858647	240872871	240876215	396779011	240650000	240900000	745	3595	3344	14224	spaced
SUPER_2	23171324	23179505	IR	326	.	23174957	0.326	1.000	656	8159	23171324	23174895	23175934	23179505	396779011	22950000	23200000	0	3756	3571	1039	immediate
SUPER_2	183050380	183066821	IR	326	.	183058510	0.326	0.985	423	17102	183050380	183052775	183064426	183066821	396779011	183050000	183300000	423	143	2395	11651	spaced
SUPER_2	185893549	185902932	IR	326	.	185898153	0.326	0.981	248	9721	185893549	185895352	185901129	185902932	396779011	185750000	186000000	248	2470	1803	5777	spaced
SUPER_2	351817994	351825263	IR	326	.	351821474	0.326	0.981	204	7584	351817994	351819280	351823977	351825263	396779011	351600000	351850000	204	3693	1286	4697	spaced
SUPER_2	378420345	378428369	IR	326	.	378424249	0.326	0.998	188	8254	378420345	378421250	378427464	378428369	396779011	378200000	378450000	188	3739	905	6214	spaced
SUPER_2	222776827	222783472	IR	326	.	222779674	0.326	0.969	171	6618	222776827	222777848	222782455	222783472	396779011	222550000	222800000	0	3835	1017	4607	spaced
SUPER_2	33052299	33099204	IR	326	.	33076018	0.326	0.898	162	46914	33052299	33054324	33097179	33099239	396779011	32850000	33100000	0	3762	2025	42855	spaced
SUPER_2	288354852	288358202	IR	326	.	288356112	0.326	0.975	150	3333	288354852	288355868	288357189	288358202	396779011	288200000	288450000	0	2608	1013	1321	immediate
SUPER_2	303799607	303813524	IR	326	.	303806844	0.326	0.999	133	13895	303799607	303800420	303812711	303813524	396779011	303600000	303850000	0	3442	813	12291	spaced
SUPER_2	126598828	126611878	IR	326	.	126604870	0.326	0.933	97	13019	126598828	126599734	126610989	126611878	396779011	126400000	126650000	0	3422	889	11255	spaced
SUPER_2	152714594	152723844	IR	326	.	152719578	0.326	0.970	96	9224	152714594	152715488	152722950	152723844	396779011	152500000	152750000	0	3653	894	7462	spaced
SUPER_2	174450400	174464841	IR	326	.	174457640	0.326	1.000	89	14557	174450400	174450761	174464480	174464841	396779011	174250000	174500000	89	3460	361	13719	spaced
SUPER_2	149208811	149211570	IR	326	.	149209817	0.326	0.874	85	2790	149208811	149209396	149210985	149211626	396779011	149100000	149350000	0	1836	585	1589	immediate
SUPER_2	91422964	91429341	IR	326	.	91425839	0.326	0.998	83	6349	91422964	91423434	91428871	91429342	396779011	91200000	91450000	0	3769	470	5437	spaced
SUPER_2	388051222	388054874	IR	326	.	388052617	0.326	0.964	77	3619	388051222	388051881	388054216	388054874	396779011	387900000	388150000	0	2550	658	2335	spaced
SUPER_2	324445394	324451668	IR	326	.	324448538	0.326	0.982	68	6502	324445394	324445828	324451235	324451668	396779011	324250000	324500000	68	3308	433	5407	spaced
SUPER_2	67825072	67830431	IR	326	.	67827960	0.326	0.979	64	5473	67825072	67825457	67830046	67830431	396779011	67600000	67850000	64	3795	385	4589	spaced
SUPER_2	73279131	73290765	IR	326	.	73285316	0.326	0.721	62	11653	73279131	73281317	73288579	73290805	396779011	73250000	73500000	0	582	2186	7262	spaced
SUPER_2	265370658	265378683	IR	326	.	265374254	0.326	0.911	58	8007	265370658	265371211	265378167	265378683	396779011	265150000	265400000	0	3744	516	6956	spaced
SUPER_2	184219319	184222870	IR	326	.	184220598	0.326	0.990	53	3530	184219319	184219708	184222481	184222870	396779011	184000000	184250000	0	3684	389	2773	spaced
SUPER_2	221923202	221927404	IR	326	.	221925109	0.326	0.919	52	4242	221923202	221923664	221926942	221927421	396779011	221750000	222000000	52	2921	462	3278	spaced
SUPER_2	350567481	350574128	IR	326	.	350570960	0.326	0.875	52	6724	350567481	350567866	350573781	350574128	396779011	350400000	350650000	52	2846	347	5915	spaced
SUPER_2	76900646	76906625	IR	326	.	76903393	0.326	0.903	50	5974	76900646	76900883	76906388	76906636	396779011	76700000	76950000	10	3393	237	5505	spaced
SUPER_2	182873459	182875972	IR	326	.	182874638	0.326	0.903	50	2545	182873459	182873757	182875701	182875972	396779011	182800000	183050000	50	1245	271	1944	immediate
SUPER_2	305276861	305289126	IR	326	.	305282554	0.326	0.923	50	12251	305276861	305277608	305288379	305289134	396779011	305050000	305300000	0	3883	747	10771	spaced
SUPER_2	164549088	164554511	IR	326	.	164552195	0.326	0.817	44	5365	164549088	164549174	164554425	164554529	396779011	164350000	164600000	0	3363	86	5251	spaced
SUPER_2	115480697	115488355	IR	326	.	115484304	0.326	0.995	40	7685	115480697	115480896	115488156	115488355	396779011	115250000	115500000	40	3908	199	7260	spaced
SUPER_2	155519350	155523392	IR	326	.	155521220	0.326	0.922	35	4059	155519350	155519620	155523137	155523392	396779011	155450000	155700000	35	1189	255	3517	spaced
SUPER_2	168518653	168596899	IR	326	.	168557377	0.326	0.714	33	78229	168518653	168519248	168596308	168596899	396779011	168350000	168600000	0	3462	591	77060	spaced
SUPER_2	87483589	87531584	IR	326	.	87507114	0.326	0.885	32	47998	87483589	87484133	87531040	87531608	396779011	87300000	87550000	0	3459	544	46907	spaced
SUPER_2	272830140	272990914	IR	326	.	272910679	0.326	0.781	32	160876	272830140	272830933	272990121	272990953	396779011	272750000	273000000	32	2675	793	159188	wide
SUPER_2	263761795	263765947	IR	326	.	263764359	0.326	0.941	31	4112	263761795	263762294	263765448	263765958	396779011	263550000	263800000	0	3564	499	3154	spaced
SUPER_2	269433849	269454511	IR	326	.	269444658	0.326	0.869	31	20643	269433849	269434459	269453928	269454511	396779011	269250000	269500000	0	3236	583	19469	spaced
SUPER_2	150159557	150162623	IR	326	.	150160822	0.326	0.940	30	3042	150159557	150160069	150162112	150162623	396779011	149950000	150200000	0	3518	511	2043	spaced
SUPER_2	185055212	185057622	IR	326	.	185056442	0.326	0.898	29	2531	185055212	185055397	185057437	185057634	396779011	184950000	185200000	29	1773	185	2040	spaced
SUPER_2	76629351	76681588	IR	326	.	76655220	0.326	0.971	28	52134	76629351	76629624	76681315	76681589	396779011	76500000	76750000	0	2591	273	51691	spaced
SUPER_2	374664734	374668316	IR	326	.	374666657	0.326	0.945	25	3650	374664734	374665097	374667953	374668317	396779011	374450000	374700000	25	3608	363	2856	spaced
SUPER_2	130202680	130340662	IR	326	.	130271358	0.326	0.390	23	137996	130202680	130266762	130276580	130340694	396779011	130100000	130350000	0	2861	64082	9818	spaced
SUPER_2	290578766	290612185	IR	326	.	290595042	0.326	0.427	23	33402	290578766	290583481	290607551	290612185	396779011	290500000	290750000	0	1591	4634	24070	spaced
SUPER_2	297257115	297259524	IR	326	.	297257931	0.326	0.909	23	2386	297257115	297257390	297259256	297259524	396779011	297100000	297350000	0	2638	268	1866	immediate
SUPER_2	144994547	145104417	IR	326	.	145049894	0.326	0.920	21	109840	144994547	144994803	145104161	145104421	396779011	144950000	145200000	0	1657	256	109358	wide
SUPER_2	124278485	124409025	IR	326	.	124344108	0.326	0.855	20	130540	124278485	124279026	124408484	124409047	396779011	124250000	124500000	0	1562	541	129458	wide
SUPER_2	324140996	324143334	IR	326	.	324142044	0.326	1.000	20	2326	324140996	324141084	324143246	324143334	396779011	323950000	324200000	20	3202	88	2162	spaced
SUPER_2	203250553	203258783	IR	325	.	203254293	0.325	1.000	453	8209	203250553	203253049	203256287	203258783	396779011	203050000	203300000	0	3410	2496	3238	spaced
SUPER_2	326587478	326685631	IR	325	.	326636087	0.325	0.510	281	98107	326587478	326610444	326662719	326685631	396779011	326550000	326800000	0	1442	22912	52275	spaced
SUPER_2	45067582	45195339	IR	325	.	45131036	0.325	0.437	248	127735	45067582	45120746	45142212	45195339	396779011	45050000	45300000	0	1357	53127	21466	spaced
SUPER_2	124550241	124560525	IR	325	.	124555280	0.325	0.977	243	10588	124550241	124551617	124559155	124560525	396779011	124400000	124650000	243	2589	1370	7538	spaced
SUPER_2	239879288	240011068	IR	325	.	239944736	0.325	0.434	241	131761	239879288	239941578	239948828	240011068	396779011	239800000	240050000	0	2419	62240	7250	spaced
SUPER_2	195381327	195385578	IR	325	.	195383878	0.325	0.998	205	4227	195381327	195382544	195384361	195385579	396779011	195150000	195400000	0	3890	1217	1817	immediate
SUPER_2	27600933	27651238	IR	325	.	27625984	0.325	0.963	184	50650	27600933	27602393	27649778	27651241	396779011	27450000	27700000	184	2934	1460	47385	spaced
SUPER_2	106560725	106564506	IR	325	.	106562128	0.325	0.980	180	3754	106560725	106561967	106563264	106564519	396779011	106350000	106600000	0	3543	1242	1297	immediate
SUPER_2	307294092	307301617	IR	325	.	307297429	0.325	0.890	161	7339	307294092	307295599	307300110	307301709	396779011	307150000	307400000	0	2464	1507	4511	spaced
SUPER_2	271246172	271438139	IR	325	.	271341741	0.325	0.875	147	191919	271246172	271248425	271435970	271438139	396779011	271200000	271450000	0	2369	2169	187545	wide
SUPER_2	384613584	384629563	IR	325	.	384621201	0.325	0.994	139	15966	384613584	384614399	384628748	384629568	396779011	384500000	384750000	0	2026	815	14349	spaced
SUPER_2	29511624	29588178	IR	325	.	29550184	0.325	0.989	136	76536	29511624	29512569	29587233	29588178	396779011	29350000	29600000	0	3331	945	74664	spaced
SUPER_2	56221910	56233702	IR	325	.	56227709	0.325	0.871	133	12058	56221910	56223626	56231986	56233786	396779011	56200000	56450000	133	463	1716	8360	spaced
SUPER_2	57796472	57799931	IR	325	.	57797773	0.325	0.949	123	3427	57796472	57797240	57799163	57799935	396779011	57600000	57850000	0	3303	768	1923	immediate
SUPER_2	117324917	117332812	IR	325	.	117329187	0.325	0.979	121	7876	117324917	117326045	117331684	117332814	396779011	117100000	117350000	0	3814	1128	5639	spaced
SUPER_2	255108115	255140675	IR	325	.	255124620	0.325	0.763	109	32597	255108115	255108256	255140534	255140694	396779011	254900000	255150000	16	3739	141	32278	spaced
SUPER_2	132653550	132662165	IR	325	.	132657451	0.325	0.867	102	8595	132653550	132654802	132661007	132662165	396779011	132450000	132700000	0	3464	1158	6205	spaced
SUPER_2	107916085	107922598	IR	325	.	107918897	0.325	0.981	101	6497	107916085	107916821	107921862	107922605	396779011	107700000	107950000	0	3655	736	5041	spaced
SUPER_2	18720147	18723759	IR	325	.	18721851	0.325	0.994	99	3715	18720147	18720611	18723296	18723759	396779011	18500000	18750000	99	3699	463	2685	spaced
SUPER_2	85519424	85522083	IR	325	.	85520841	0.325	0.994	90	2743	85519424	85519905	85521602	85522083	396779011	85300000	85550000	90	3679	481	1697	immediate
SUPER_2	117354206	117358335	IR	325	.	117356173	0.325	0.979	87	4187	117354206	117354714	117357827	117358339	396779011	117350000	117600000	87	104	508	3113	spaced
SUPER_2	46477639	46492053	IR	325	.	46484753	0.325	0.959	72	14445	46477639	46478170	46491522	46492056	396779011	46250000	46500000	72	3913	531	13352	spaced
SUPER_2	101533037	101539894	IR	325	.	101536906	0.325	0.958	59	6825	101533037	101533613	101539321	101539894	396779011	101300000	101550000	0	3940	573	5708	spaced
SUPER_2	186522616	186687314	IR	325	.	186605028	0.325	0.943	58	164783	186522616	186523368	186686562	186687320	396779011	186450000	186700000	58	2582	752	163194	wide
SUPER_2	130367372	130371383	IR	325	.	130369342	0.325	0.982	54	4040	130367372	130367655	130371100	130371384	396779011	130150000	130400000	56	3656	283	3445	spaced
SUPER_2	351380395	351386879	IR	325	.	351384082	0.325	0.989	53	6466	351380395	351380770	351386504	351386879	396779011	351200000	351450000	0	3060	375	5734	spaced
SUPER_2	139902359	139937385	IR	325	.	139919579	0.325	0.904	52	35007	139902359	139903114	139936646	139937385	396779011	139750000	140000000	0	2831	739	33532	spaced
SUPER_2	281695620	281704530	IR	325	.	281700555	0.325	0.830	42	8818	281695620	281696431	281703774	281704530	396779011	281650000	281900000	0	834	756	7343	spaced
SUPER_2	161976396	161978669	IR	325	.	161977952	0.325	0.991	41	2252	161976396	161976723	161978342	161978669	396779011	161750000	162000000	0	3792	327	1619	immediate
SUPER_2	68462436	68496183	IR	325	.	68479081	0.325	1.000	39	232221	68462436	68462453	68496166	68496183	396779011	68350000	68600000	1	2155	17	33713	spaced
SUPER_2	376738978	376811727	IR	325	.	376775621	0.325	0.738	39	72687	376738978	376739040	376811665	376811749	396779011	376600000	376850000	0	2922	62	72625	spaced
SUPER_2	207995118	208036994	IR	325	.	208016205	0.325	0.595	38	41854	207995118	207995190	208036952	208036994	396779011	207900000	208150000	278	1934	42	41762	spaced
SUPER_2	241696081	241711993	IR	325	.	241703547	0.325	0.926	36	15897	241696081	241696561	241711513	241711996	396779011	241500000	241750000	0	3400	480	14952	spaced
SUPER_2	25662767	25664763	IR	325	.	25663765	0.325	0.935	33	2010	25662767	25663028	25664513	25664763	396779011	25450000	25700000	33	3562	250	1485	immediate
SUPER_2	145748375	145750477	IR	325	.	145749426	0.325	0.967	33	2111	145748375	145748706	145750147	145750477	396779011	145550000	145800000	33	3323	330	1441	immediate
SUPER_2	125554417	125559379	IR	325	.	125556433	0.325	0.884	31	4816	125554417	125554901	125558928	125559379	396779011	125450000	125700000	0	1781	451	4027	spaced
SUPER_2	372814777	372936349	IR	325	.	372875882	0.325	0.988	31	121536	372814777	372815034	372936092	372936349	396779011	372700000	372950000	0	2925	257	121058	wide
SUPER_2	208407590	208498083	IR	325	.	208452555	0.325	0.864	29	90488	208407590	208408322	208497351	208498099	396779011	208250000	208500000	0	3380	732	89029	spaced
SUPER_2	234470843	234474428	IR	325	.	234472194	0.325	0.961	28	3561	234470843	234471203	234474069	234474428	396779011	234450000	234700000	0	377	359	2866	spaced
SUPER_2	19276325	19278572	IR	325	.	19277198	0.325	0.822	27	2217	19276325	19276600	19278301	19278572	396779011	19050000	19300000	0	3790	271	1701	immediate
SUPER_2	288001558	288005854	IR	325	.	288004031	0.325	0.990	27	4276	288001558	288001761	288005651	288005854	396779011	287800000	288050000	0	3394	203	3890	spaced
SUPER_2	22990130	22995473	IR	325	.	22992745	0.325	0.962	26	5295	22990130	22990182	22995423	22995473	396779011	22750000	23000000	374	4046	50	5241	spaced
SUPER_2	143218282	143232030	IR	325	.	143224904	0.325	1.000	26	13721	143218282	143218426	143231886	143232030	396779011	143150000	143400000	0	1252	144	13460	spaced
SUPER_2	166463181	166468292	IR	325	.	166465451	0.325	0.726	26	5092	166463181	166463674	166467892	166468292	396779011	166450000	166700000	0	262	400	4218	spaced
SUPER_2	374898362	374989769	IR	325	.	374944500	0.325	0.972	25	91302	374898362	374898573	374989558	374989769	396779011	374750000	375000000	0	3234	211	90985	spaced
SUPER_2	87617079	87663208	IR	325	.	87640619	0.325	0.484	23	46170	87617079	87618936	87661351	87663267	396779011	87550000	87800000	0	1502	1857	42415	spaced
SUPER_2	141465072	141522421	IR	325	.	141493914	0.325	0.970	23	57354	141465072	141465272	141522221	141522422	396779011	141450000	141700000	23	728	200	56949	spaced
SUPER_2	176059985	176066431	IR	325	.	176063444	0.325	0.981	23	6427	176059985	176060144	176066272	176066431	396779011	175850000	176100000	0	3553	159	6128	spaced
SUPER_2	90376776	90380184	IR	325	.	90378157	0.325	0.578	21	3217	90376776	90377149	90379811	90380259	396779011	90250000	90500000	0	2141	373	2662	spaced
SUPER_2	158468593	158486371	IR	325	.	158477715	0.325	0.932	21	17753	158468593	158468914	158486050	158486372	396779011	158300000	158550000	0	2957	321	17136	spaced
SUPER_2	141755424	141758676	IR	325	.	141756759	0.325	0.500	20	3216	141755424	141755492	141758640	141758676	396779011	141750000	142000000	0	117	36	3148	spaced
SUPER_2	137480427	137486288	IR	324	.	137483399	0.324	1.000	260	6161	137480427	137481592	137485123	137486288	396779011	137250000	137500000	260	3889	1165	3531	spaced
SUPER_2	192834088	192841770	IR	324	.	192838088	0.324	0.999	173	7837	192834088	192834932	192840926	192841770	396779011	192650000	192900000	173	3132	844	5994	spaced
SUPER_2	199680142	199686323	IR	324	.	199682931	0.324	0.999	169	6150	199680142	199681136	199685329	199686323	396779011	199450000	199700000	0	3887	994	4193	spaced
SUPER_2	29651569	29654004	IR	324	.	29653022	0.324	0.999	153	2409	29651569	29652496	29653077	29654004	396779011	29650000	29900000	0	46	927	581	immediate
SUPER_2	33732863	33735949	IR	324	.	33734409	0.324	0.964	125	3393	33732863	33733769	33735046	33735949	396779011	33500000	33750000	125	3906	903	1277	immediate
SUPER_2	137578287	137583847	IR	324	.	137581054	0.324	0.984	120	5695	137578287	137578915	137583219	137583853	396779011	137400000	137650000	120	3017	628	4304	spaced
SUPER_2	182572742	182575833	IR	324	.	182574161	0.324	0.980	114	3362	182572742	182573434	182575141	182575839	396779011	182400000	182650000	114	2904	692	1707	immediate
SUPER_2	191158404	191171303	IR	324	.	191164356	0.324	0.919	113	12888	191158404	191161194	191168513	191171311	396779011	190950000	191200000	0	3580	2790	7319	spaced
SUPER_2	24273402	24307828	IR	324	.	24290260	0.324	0.994	112	34405	24273402	24274098	24307132	24307828	396779011	24100000	24350000	0	3176	696	33034	spaced
SUPER_2	208712636	208814362	IR	324	.	208763368	0.324	0.941	107	101860	208712636	208713683	208813329	208814362	396779011	208600000	208850000	107	2724	1033	99646	spaced
SUPER_2	294790491	294796577	IR	324	.	294793073	0.324	0.960	107	6064	294790491	294791756	294795315	294796577	396779011	294550000	294800000	0	4058	1262	3559	spaced
SUPER_2	32179947	32186610	IR	324	.	32183762	0.324	1.000	97	6634	32179947	32180510	32186047	32186610	396779011	32050000	32300000	0	2221	563	5537	spaced
SUPER_2	150464679	150473968	IR	324	.	150469140	0.324	0.879	76	9349	150464679	150465070	150473613	150473968	396779011	150350000	150600000	76	1988	355	8543	spaced
SUPER_2	140320120	140332551	IR	324	.	140326757	0.324	0.848	70	12390	140320120	140321457	140331214	140332552	396779011	140150000	140400000	0	2938	1337	9757	spaced
SUPER_2	55626346	55632232	IR	324	.	55628900	0.324	0.933	68	5879	55626346	55627008	55631570	55632253	396779011	55400000	55650000	0	3821	662	4562	spaced
SUPER_2	247912010	247917366	IR	324	.	247914449	0.324	0.993	65	5365	247912010	247912298	247917078	247917366	396779011	247800000	248050000	64	1911	288	4780	spaced
SUPER_2	48401439	48407478	IR	324	.	48404306	0.324	0.937	64	6066	48401439	48401843	48407083	48407478	396779011	48200000	48450000	64	3407	395	5240	spaced
SUPER_2	364691096	364694616	IR	324	.	364692386	0.324	0.995	59	3497	364691096	364691475	364694237	364694616	396779011	364450000	364700000	0	4047	379	2762	spaced
SUPER_2	268889967	268895496	IR	324	.	268892570	0.324	0.578	54	5608	268889967	268890981	268894482	268895521	396779011	268650000	268900000	54	4045	1014	3501	spaced
SUPER_2	314492544	314495960	IR	324	.	314494598	0.324	0.874	50	3419	314492544	314493220	314495284	314495982	396779011	314250000	314500000	0	4070	676	2064	spaced
SUPER_2	115704260	115843182	IR	324	.	115773310	0.324	0.935	47	138902	115704260	115705108	115842336	115843182	396779011	115600000	115850000	0	2895	846	137228	wide
SUPER_2	201279292	201304710	IR	324	.	201291660	0.324	0.932	45	25356	201279292	201280021	201303981	201304710	396779011	201200000	201450000	0	1533	729	23960	spaced
SUPER_2	65355823	65368322	IR	324	.	65362438	0.324	0.983	44	12481	65355823	65356173	65367972	65368322	396779011	65150000	65400000	0	3534	350	11799	spaced
SUPER_2	69494004	69569764	IR	324	.	69531927	0.324	0.952	41	75905	69494004	69494396	69569372	69569764	396779011	69350000	69600000	41	3031	392	74976	spaced
SUPER_2	19692113	19897099	IR	324	.	19794689	0.324	1.000	40	204991	19692113	19692302	19896910	19897099	396779011	19650000	19900000	40	2409	189	204608	wide
SUPER_2	38270514	38378520	IR	324	.	38324626	0.324	0.548	40	107978	38270514	38270590	38378478	38378520	396779011	38150000	38400000	296	2908	42	107888	wide
SUPER_2	251932826	251936753	IR	324	.	251934283	0.324	0.981	39	3904	251932826	251933148	251936434	251936753	396779011	251700000	251950000	0	3913	319	3286	spaced
SUPER_2	131149897	131156432	IR	324	.	131153379	0.324	0.949	38	9342	131149897	131150387	131155943	131156432	396779011	131050000	131300000	38	1719	489	5556	spaced
SUPER_2	202351708	202355377	IR	324	.	202354016	0.324	1.000	38	3651	202351708	202351931	202355154	202355377	396779011	202250000	202500000	0	1725	223	3223	spaced
SUPER_2	228237164	228287487	IR	324	.	228262459	0.324	0.960	36	50323	228237164	228237435	228287216	228287487	396779011	228100000	228350000	36	2705	271	49781	spaced
SUPER_2	284827285	284859911	IR	324	.	284843157	0.324	0.774	36	32558	284827285	284827391	284859827	284859911	396779011	284650000	284900000	0	3226	84	32436	spaced
SUPER_2	136576424	136578432	IR	324	.	136577428	0.324	0.979	34	2061	136576424	136576711	136578146	136578432	396779011	136350000	136600000	34	3790	286	1435	immediate
SUPER_2	245916994	245919249	IR	324	.	245917620	0.324	0.954	28	2238	245916994	245917338	245918905	245919252	396779011	245700000	245950000	0	3635	344	1567	immediate
SUPER_2	77910367	77912889	IR	324	.	77911170	0.324	0.802	26	2523	77910367	77910651	77912605	77912947	396779011	77800000	78050000	0	1860	284	1954	immediate
SUPER_2	106689647	106819785	IR	324	.	106754378	0.324	0.943	24	130112	106689647	106689929	106819510	106819785	396779011	106600000	106850000	0	2578	275	129581	wide
SUPER_2	244368293	244377983	IR	324	.	244373335	0.324	0.949	24	9715	244368293	244368586	244377692	244377983	396779011	244150000	244400000	24	3718	291	9106	spaced
SUPER_2	24582896	24632371	IR	324	.	24607338	0.324	0.827	22	49448	24582896	24584079	24631235	24632371	396779011	24400000	24650000	0	3460	1136	47156	spaced
SUPER_2	202008957	202043400	IR	324	.	202026635	0.324	0.825	22	34469	202008957	202009902	202042455	202043446	396779011	201800000	202050000	0	3769	945	32553	spaced
SUPER_2	296637576	296741482	IR	324	.	296689809	0.324	0.730	22	103833	296637576	296637869	296741189	296741573	396779011	296600000	296850000	0	1492	293	103320	wide
SUPER_2	355008583	355034012	IR	324	.	355021766	0.324	0.965	22	25341	355008583	355008783	355033812	355034013	396779011	354800000	355050000	0	3688	200	25029	spaced
SUPER_2	85648549	85679033	IR	324	.	85663653	0.324	0.967	21	30478	85648549	85648700	85678882	85679034	396779011	85500000	85750000	21	2729	151	30182	spaced
SUPER_2	133583612	133594214	IR	323	.	133589010	0.323	0.996	813	11521	133583612	133587303	133590523	133594223	396779011	133400000	133650000	831	3148	3691	3220	spaced
SUPER_2	357423264	357431959	IR	323	.	357427478	0.323	1.000	351	9350	357423264	357424827	357430396	357431959	396779011	357200000	357450000	353	3793	1563	5569	spaced
SUPER_2	369632329	369684562	IR	323	.	369658728	0.323	0.960	308	52218	369632329	369634540	369682351	369684572	396779011	369500000	369750000	0	2640	2211	47811	spaced
SUPER_2	157953270	157966028	IR	323	.	157960129	0.323	0.803	261	12806	157953270	157956156	157963142	157966102	396779011	157750000	158000000	0	3494	2886	6986	spaced
SUPER_2	236847342	236856500	IR	323	.	236851492	0.323	0.958	215	9137	236847342	236849014	236854861	236856500	396779011	236650000	236900000	0	3365	1639	5847	spaced
SUPER_2	93049618	93090664	IR	323	.	93069837	0.323	0.957	180	41029	93049618	93053803	93086483	93090664	396779011	92850000	93100000	0	3668	4181	32680	spaced
SUPER_2	326509485	326535391	IR	323	.	326521932	0.323	0.912	154	25887	326509485	326511357	326533619	326535391	396779011	326300000	326550000	0	3707	1772	22262	spaced
SUPER_2	133152722	133162846	IR	323	.	133158124	0.323	0.983	134	10106	133152722	133153790	133161778	133162847	396779011	133050000	133300000	0	1796	1068	7988	spaced
SUPER_2	158768098	158772241	IR	323	.	158770428	0.323	0.920	109	4079	158768098	158768900	158771470	158772241	396779011	158550000	158800000	0	3669	771	2570	spaced
SUPER_2	53177628	53186679	IR	323	.	53181780	0.323	0.988	95	9029	53177628	53178304	53186003	53186679	396779011	52950000	53200000	0	3869	676	7699	spaced
SUPER_2	265695392	265701387	IR	323	.	265698172	0.323	0.984	95	6075	265695392	265695873	265700906	265701391	396779011	265550000	265800000	96	2473	481	5033	spaced
SUPER_2	190403424	190408858	IR	323	.	190405863	0.323	0.909	86	5388	190403424	190404448	190407899	190408858	396779011	190250000	190500000	0	2602	959	3451	spaced
SUPER_2	285189401	285208667	IR	323	.	285198608	0.323	0.613	85	19332	285189401	285191533	285206535	285208751	396779011	285000000	285250000	0	3317	2132	15002	spaced
SUPER_2	375860967	375881392	IR	323	.	375871561	0.323	0.912	84	20407	375860967	375861802	375880574	375881392	396779011	375650000	375900000	0	3686	818	18772	spaced
SUPER_2	93941418	93944377	IR	323	.	93943366	0.323	0.995	70	2924	93941418	93941833	93943963	93944377	396779011	93900000	94150000	0	714	414	2130	spaced
SUPER_2	252582437	252596852	IR	323	.	252589214	0.323	0.964	70	14346	252582437	252583179	252596113	252596852	396779011	252450000	252700000	0	2327	739	12934	spaced
SUPER_2	174171909	174230175	IR	323	.	174201136	0.323	0.937	63	58417	174171909	174172690	174229394	174230185	396779011	174000000	174250000	63	3350	781	56704	spaced
SUPER_2	179433142	179436241	IR	323	.	179434432	0.323	0.974	57	3081	179433142	179433638	179435745	179436241	396779011	179200000	179450000	0	3911	496	2107	spaced
SUPER_2	25853070	25982109	IR	323	.	25918050	0.323	0.000	53	128994	25853070	25853217	25982078	25982109	396779011	25750000	26000000	0	2793	31	128861	wide
SUPER_2	114524781	114526564	IR	323	.	114525842	0.323	0.988	51	2097	114524781	114525108	114526237	114526564	396779011	114300000	114550000	51	3761	327	1129	immediate
SUPER_2	330608041	330610708	IR	323	.	330609543	0.323	0.988	51	2696	330608041	330608377	330610372	330610708	396779011	330400000	330650000	51	3489	336	1995	immediate
SUPER_2	344036049	344045190	IR	323	.	344040665	0.323	0.975	50	9162	344036049	344036325	344044919	344045190	396779011	343950000	344200000	50	1510	271	8594	spaced
SUPER_2	277525819	277540586	IR	323	.	277533569	0.323	0.871	49	14795	277525819	277526430	277539975	277540636	396779011	277300000	277550000	0	3886	611	13545	spaced
SUPER_2	255665911	255671342	IR	323	.	255668226	0.323	0.934	48	5408	255665911	255666379	255670894	255671342	396779011	255600000	255850000	0	1143	448	4515	spaced
SUPER_2	10022439	10168566	IR	323	.	10095957	0.323	0.965	44	146104	10022439	10022801	10168204	10168569	396779011	9950000	10200000	0	2424	362	145403	wide
SUPER_2	225756759	225782247	IR	323	.	225769457	0.323	0.962	44	25491	225756759	225757255	225781751	225782248	396779011	225750000	226000000	44	324	496	24496	spaced
SUPER_2	317412217	317415975	IR	323	.	317413973	0.323	0.978	44	3799	317412217	317412530	317415662	317415975	396779011	317300000	317550000	44	1901	313	3132	spaced
SUPER_2	3082561	3087065	IR	323	.	3084570	0.323	0.984	41	4525	3082561	3082817	3086809	3087066	396779011	2850000	3100000	41	3913	256	3992	spaced
SUPER_2	375266766	375272296	IR	323	.	375269378	0.323	1.000	37	5557	375266766	375266937	375272125	375272296	396779011	375050000	375300000	37	3658	171	5188	spaced
SUPER_2	250522900	250533158	IR	323	.	250527689	0.323	0.893	35	10264	250522900	250523287	250532771	250533189	396779011	250450000	250700000	0	1300	387	9484	spaced
SUPER_2	30326807	30328894	IR	323	.	30327865	0.323	0.864	32	2157	30326807	30327138	30328597	30328894	396779011	30100000	30350000	32	3797	297	1459	immediate
SUPER_2	318223059	318394083	IR	323	.	318308991	0.323	0.814	32	170968	318223059	318223932	318393210	318394096	396779011	318200000	318450000	0	1809	873	169278	wide
SUPER_2	110612960	110617027	IR	323	.	110615253	0.323	0.974	30	4041	110612960	110613151	110616840	110617027	396779011	110550000	110800000	0	1083	187	3689	spaced
SUPER_2	280557214	280565735	IR	323	.	280561607	0.323	0.913	30	8519	280557214	280557534	280565437	280565735	396779011	280350000	280600000	30	3524	298	7903	spaced
SUPER_2	351439129	351443452	IR	323	.	351441604	0.323	0.905	29	4305	351439129	351439664	351442926	351443452	396779011	351200000	351450000	0	4021	526	3262	spaced
SUPER_2	269161127	269166696	IR	323	.	269163699	0.323	0.981	28	5598	269161127	269161338	269166485	269166696	396779011	269150000	269400000	28	231	211	5147	spaced
SUPER_2	9477027	9508593	IR	323	.	9492604	0.323	0.910	26	31573	9477027	9477498	9508122	9508597	396779011	9300000	9550000	26	3213	471	30624	spaced
SUPER_2	33272788	33448077	IR	323	.	33359956	0.323	0.973	26	175270	33272788	33272974	33447891	33448078	396779011	33200000	33450000	0	2673	186	174917	wide
SUPER_2	113456751	113588696	IR	323	.	113522463	0.323	0.860	21	131944	113456751	113457545	113587902	113588735	396779011	113400000	113650000	0	2045	794	130357	wide
SUPER_2	43686441	43829433	IR	323	.	43758127	0.323	0.837	20	143063	43686441	43686970	43828904	43829475	396779011	43600000	43850000	20	2632	529	141934	wide
SUPER_2	103700267	103838670	IR	323	.	103769349	0.323	0.955	20	138473	103700267	103700418	103838519	103838673	396779011	103600000	103850000	20	2824	151	138101	wide
SUPER_2	258904141	258921238	IR	322	.	258913067	0.322	0.959	522	16994	258904141	258908783	258916596	258921239	396779011	258800000	259050000	0	1878	4642	7813	spaced
SUPER_2	148094522	148169279	IR	322	.	148131838	0.322	0.901	498	75964	148094522	148101565	148162317	148169279	396779011	148000000	148250000	498	2198	6962	60752	spaced
SUPER_2	381252786	381255957	IR	322	.	381254055	0.322	1.000	270	3152	381252786	381254298	381254445	381255957	396779011	381050000	381300000	0	3406	1512	147	immediate
SUPER_2	77924304	77978496	IR	322	.	77950952	0.322	0.918	209	54173	77924304	77926373	77976443	77978496	396779011	77750000	78000000	0	3356	2053	50070	spaced
SUPER_2	116355632	116364781	IR	322	.	116359791	0.322	0.974	191	9100	116355632	116357369	116363054	116364781	396779011	116150000	116400000	0	3503	1727	5685	spaced
SUPER_2	297045060	297069329	IR	322	.	297057417	0.322	1.000	174	27017	297045060	297045107	297069282	297069329	396779011	296900000	297150000	8	2619	47	24175	spaced
SUPER_2	71027381	71030580	IR	322	.	71029212	0.322	0.992	166	3669	71027381	71028098	71029863	71030580	396779011	70800000	71050000	135	3816	717	1765	immediate
SUPER_2	323173119	323175608	IR	322	.	323174746	0.322	0.980	126	2469	323173119	323173954	323174773	323175616	396779011	322950000	323200000	0	3739	835	819	immediate
SUPER_2	319153941	319157661	IR	322	.	319155596	0.322	0.982	106	3853	319153941	319154485	319157117	319157664	396779011	318950000	319200000	106	3429	544	2632	spaced
SUPER_2	306739412	306743576	IR	322	.	306741265	0.322	0.961	92	4387	306739412	306740103	306742890	306743576	396779011	306550000	306800000	92	3191	686	2787	spaced
SUPER_2	182754176	182867562	IR	322	.	182810723	0.322	0.877	88	113647	182754176	182755502	182866340	182867562	396779011	182650000	182900000	88	2681	1222	110838	wide
SUPER_2	146283106	146307327	IR	322	.	146294775	0.322	0.962	85	24200	146283106	146284014	146306423	146307327	396779011	146100000	146350000	0	3253	904	22409	spaced
SUPER_2	167201567	167220316	IR	322	.	167210631	0.322	0.560	85	18727	167201567	167206143	167215818	167220316	396779011	167200000	167450000	0	182	4498	9675	spaced
SUPER_2	385063681	385176317	IR	322	.	385120372	0.322	0.940	83	112618	385063681	385064510	385175520	385176317	396779011	384950000	385200000	0	2833	797	111010	wide
SUPER_2	111087531	111107281	IR	322	.	111097624	0.322	0.904	81	19664	111087531	111087645	111107167	111107282	396779011	111050000	111300000	3	789	114	19522	spaced
SUPER_2	326696651	326701271	IR	322	.	326698567	0.322	0.968	74	4545	326696651	326697422	326700500	326701274	396779011	326600000	326850000	0	1649	771	3078	spaced
SUPER_2	279738630	279742292	IR	322	.	279740688	0.322	0.804	71	3646	279738630	279738671	279742251	279742293	396779011	279600000	279850000	6	2340	41	3580	spaced
SUPER_2	308957542	308963503	IR	322	.	308960490	0.322	0.997	67	6027	308957542	308957860	308963185	308963503	396779011	308750000	309000000	67	3508	318	5325	spaced
SUPER_2	126102811	126234295	IR	322	.	126168213	0.322	0.986	60	131453	126102811	126103225	126233884	126234295	396779011	126000000	126250000	0	2809	411	130659	wide
SUPER_2	145536929	145703118	IR	322	.	145619908	0.322	0.947	60	166217	145536929	145537438	145702618	145703118	396779011	145500000	145750000	60	2000	500	165180	wide
SUPER_2	215054633	215059286	IR	322	.	215057389	0.322	0.994	60	4626	215054633	215054967	215058952	215059286	396779011	214850000	215100000	0	3449	334	3985	spaced
SUPER_2	86553948	86560358	IR	322	.	86557226	0.322	0.860	52	6461	86553948	86554226	86560080	86560401	396779011	86350000	86600000	52	3452	278	5854	spaced
SUPER_2	304983122	304991258	IR	322	.	304987681	0.322	0.909	49	8118	304983122	304983991	304990407	304991258	396779011	304950000	305200000	0	619	851	6416	spaced
SUPER_2	252639980	252645554	IR	322	.	252642824	0.322	0.910	48	6022	252639980	252641142	252644416	252645554	396779011	252450000	252700000	48	3212	1138	3274	spaced
SUPER_2	18679658	18681800	IR	322	.	18680459	0.322	0.941	47	2078	18679658	18680064	18681413	18681800	396779011	18450000	18700000	0	3845	387	1349	immediate
SUPER_2	261749510	261816535	IR	322	.	261783284	0.322	0.919	47	67008	261749510	261750373	261815672	261816549	396779011	261600000	261850000	0	3050	863	65299	spaced
SUPER_2	328533596	328624075	IR	322	.	328578516	0.322	0.411	46	90454	328533596	328561299	328596380	328624075	396779011	328400000	328650000	0	2980	27695	35081	spaced
SUPER_2	79180998	79241700	IR	322	.	79211704	0.322	0.817	42	60676	79180998	79181964	79240737	79241700	396779011	79000000	79250000	0	3522	963	58773	spaced
SUPER_2	304648681	304651371	IR	322	.	304650470	0.322	0.961	40	2680	304648681	304649054	304650998	304651380	396779011	304450000	304700000	0	3333	373	1944	immediate
SUPER_2	44025097	44027861	IR	322	.	44026478	0.322	0.861	37	2951	44025097	44025453	44027506	44027861	396779011	43800000	44050000	37	3774	355	2053	spaced
SUPER_2	249864594	249891084	IR	322	.	249878189	0.322	0.410	33	26467	249864594	249877828	249877853	249891084	396779011	249700000	249950000	0	2963	13231	25	immediate
SUPER_2	135821539	135848194	IR	322	.	135835269	0.322	0.976	31	26631	135821539	135821830	135847903	135848195	396779011	135600000	135850000	0	3914	291	26073	spaced
SUPER_2	152058470	152062069	IR	322	.	152060685	0.322	0.979	31	3535	152058470	152058705	152061835	152062069	396779011	151900000	152150000	0	2671	234	3130	spaced
SUPER_2	138602564	138634982	IR	322	.	138618866	0.322	0.874	28	32442	138602564	138602846	138634700	138635008	396779011	138400000	138650000	28	3646	282	31854	spaced
SUPER_2	79936653	80023466	IR	322	.	79980514	0.322	0.394	26	45356	79936653	79978592	79981612	80023466	396779011	79900000	80150000	0	1334	41854	3020	spaced
SUPER_2	275607281	275609358	IR	322	.	275608317	0.322	0.893	26	2075	275607281	275607425	275609218	275609358	396779011	275550000	275800000	26	971	140	1793	immediate
SUPER_2	223092097	223095593	IR	322	.	223094157	0.322	0.916	25	3471	223092097	223092430	223095260	223095600	396779011	222900000	223150000	0	3230	333	2830	spaced
SUPER_2	49568499	49647104	IR	322	.	49607924	0.322	0.639	24	78561	49568499	49568535	49647068	49647126	396779011	49400000	49650000	220	3463	36	78533	spaced
SUPER_2	205614855	205629084	IR	322	.	205621639	0.322	0.960	24	14207	205614855	205615175	205628764	205629086	396779011	205400000	205650000	0	3699	320	13589	spaced
SUPER_2	157495098	157498143	IR	322	.	157496942	0.322	0.994	23	3025	157495098	157495275	157497966	157498143	396779011	157300000	157550000	0	3276	177	2691	spaced
SUPER_2	303230496	303239790	IR	322	.	303235513	0.322	0.761	23	9276	303230496	303231011	303239310	303239790	396779011	303100000	303350000	0	2252	480	8299	spaced
SUPER_2	154297127	154416477	IR	322	.	154356709	0.322	0.926	22	119471	154297127	154297624	154415980	154416479	396779011	154200000	154450000	22	2613	497	118356	wide
SUPER_2	26852447	26900279	IR	322	.	26876423	0.322	0.958	21	47819	26852447	26852637	26900092	26900279	396779011	26700000	26950000	21	2939	187	47455	spaced
SUPER_2	121490675	121495109	IR	322	.	121493046	0.322	0.953	21	4466	121490675	121490925	121494859	121495113	396779011	121300000	121550000	21	3214	250	3934	spaced
SUPER_2	218466306	218469890	IR	322	.	218467843	0.322	0.923	21	3561	218466306	218466682	218469522	218469890	396779011	218450000	218700000	0	301	368	2840	spaced
SUPER_2	110436248	110483123	IR	321	.	110459199	0.321	0.962	458	46902	110436248	110439610	110479761	110483173	396779011	110300000	110550000	0	2661	3362	40151	spaced
SUPER_2	66630823	66642023	IR	321	.	66636462	0.321	0.989	393	11827	66630823	66633359	66639489	66642023	396779011	66400000	66650000	393	3940	2534	6130	spaced
SUPER_2	21936646	21946008	IR	321	.	21941710	0.321	0.997	292	9340	21936646	21938370	21944284	21946008	396779011	21700000	21950000	0	4021	1724	5914	spaced
SUPER_2	16556154	16561664	IR	321	.	16558758	0.321	0.978	216	37060	16556154	16557575	16560243	16561670	396779011	16350000	16600000	216	3481	1421	2668	spaced
SUPER_2	81373480	81377243	IR	321	.	81374866	0.321	0.989	216	3730	81373480	81374795	81375940	81377243	396779011	81150000	81400000	0	3755	1303	1145	immediate
SUPER_2	266235709	266240324	IR	321	.	266237617	0.321	0.996	205	4597	266235709	266236990	266239043	266240324	396779011	266000000	266250000	0	3966	1281	2053	spaced
SUPER_2	218740694	218746349	IR	321	.	218743146	0.321	0.979	199	5637	218740694	218742437	218744606	218746349	396779011	218500000	218750000	0	4058	1743	2169	spaced
SUPER_2	148223021	148229009	IR	321	.	148226000	0.321	1.000	195	6149	148223021	148223906	148228124	148229009	396779011	148150000	148400000	195	1266	885	4218	spaced
SUPER_2	167931246	167935165	IR	321	.	167933693	0.321	0.999	159	3891	167931246	167932183	167934228	167935166	396779011	167700000	167950000	0	3886	937	2045	spaced
SUPER_2	87671652	87673283	IR	321	.	87672467	0.321	1.000	154	234362	87671652	87672378	87672557	87673283	396779011	87550000	87800000	154	2040	726	179	immediate
SUPER_2	265870170	265874001	IR	321	.	265872458	0.321	0.935	145	3735	265870170	265871548	265872657	265874001	396779011	265650000	265900000	0	3701	1344	1109	immediate
SUPER_2	232966956	232988370	IR	321	.	232977457	0.321	0.952	115	21540	232966956	232968122	232987204	232988376	396779011	232850000	233100000	115	2127	1166	19082	spaced
SUPER_2	341045788	341054336	IR	321	.	341050106	0.321	0.943	111	8785	341045788	341046991	341053143	341054336	396779011	340850000	341100000	111	3334	1193	6152	spaced
SUPER_2	64783896	64789083	IR	321	.	64786934	0.321	0.991	96	5159	64783896	64784568	64788412	64789083	396779011	64550000	64800000	0	3941	671	3844	spaced
SUPER_2	193213397	193216773	IR	321	.	193214664	0.321	0.995	76	3335	193213397	193213839	193216331	193216774	396779011	193050000	193300000	0	2751	442	2492	spaced
SUPER_2	378184941	378298262	IR	321	.	378241434	0.321	0.866	72	113490	378184941	378186340	378296935	378298262	396779011	378050000	378300000	75	3193	1327	110595	wide
SUPER_2	224352951	224362035	IR	321	.	224357239	0.321	0.979	69	9042	224352951	224353466	224361520	224362039	396779011	224150000	224400000	0	3458	515	8054	spaced
SUPER_2	179727732	179774600	IR	321	.	179751511	0.321	0.924	60	46809	179727732	179728256	179774104	179774600	396779011	179550000	179800000	0	3352	496	45848	spaced
SUPER_2	213013128	213016668	IR	321	.	213015163	0.321	0.931	60	3520	213013128	213013809	213015987	213016680	396779011	212950000	213200000	0	1081	681	2178	spaced
SUPER_2	194077689	194127878	IR	321	.	194102558	0.321	0.873	52	50664	194077689	194079846	194125721	194127878	396779011	193900000	194150000	52	3379	2157	45875	spaced
SUPER_2	291957121	292034767	IR	321	.	291996424	0.321	0.942	48	77575	291957121	291957845	292034043	292034776	396779011	291950000	292200000	0	765	724	76198	spaced
SUPER_2	119926301	119928477	IR	321	.	119927401	0.321	0.982	46	2207	119926301	119926517	119928263	119928477	396779011	119700000	119950000	46	3789	214	1746	immediate
SUPER_2	189069868	189090886	IR	321	.	189080039	0.321	0.974	46	21000	189069868	189070286	189090470	189090886	396779011	188850000	189100000	0	3839	416	20184	spaced
SUPER_2	185948253	185951980	IR	321	.	185950342	0.321	0.778	45	3765	185948253	185948307	185951938	185951980	396779011	185800000	186050000	151	2501	42	3631	spaced
SUPER_2	151437644	151445353	IR	321	.	151441312	0.321	0.972	44	7802	151437644	151438039	151444960	151445353	396779011	151200000	151450000	44	4024	393	6921	spaced
SUPER_2	290029284	290037686	IR	321	.	290033025	0.321	0.796	43	8453	290029284	290030028	290036942	290037755	396779011	289800000	290050000	0	3891	744	6914	spaced
SUPER_2	128320746	128328005	IR	321	.	128324177	0.321	0.951	40	7295	128320746	128321010	128327745	128328005	396779011	128100000	128350000	40	3739	260	6735	spaced
SUPER_2	168028822	168031109	IR	321	.	168029825	0.321	0.956	39	2330	168028822	168029047	168030884	168031110	396779011	167800000	168050000	39	3832	225	1837	immediate
SUPER_2	147205747	147212237	IR	321	.	147209138	0.321	0.897	38	6605	147205747	147206241	147211743	147212246	396779011	147200000	147450000	39	149	494	5502	spaced
SUPER_2	197060718	197079999	IR	321	.	197070140	0.321	0.924	35	19303	197060718	197060942	197079789	197079999	396779011	196850000	197100000	35	3672	210	18847	spaced
SUPER_2	100199412	100202490	IR	321	.	100201373	0.321	0.859	29	3060	100199412	100199866	100202043	100202490	396779011	100050000	100300000	0	2515	447	2177	spaced
SUPER_2	90048580	90052720	IR	321	.	90051120	0.321	0.739	25	4117	90048580	90048775	90052525	90052782	396779011	89850000	90100000	0	3344	195	3750	spaced
SUPER_2	46735348	46742037	IR	321	.	46738780	0.321	0.484	24	6863	46735348	46738077	46739308	46742057	396779011	46700000	46950000	24	644	2729	1231	immediate
SUPER_2	96701731	96710844	IR	321	.	96705816	0.321	1.000	24	9091	96701731	96701871	96710704	96710844	396779011	96500000	96750000	0	3437	140	8833	spaced
SUPER_2	16173725	16178873	IR	321	.	16176564	0.321	0.928	21	5130	16173725	16173961	16178647	16178873	396779011	15950000	16200000	0	3771	226	4686	spaced
SUPER_2	28903786	28970147	IR	321	.	28937381	0.321	0.925	21	66342	28903786	28904096	28969837	28970155	396779011	28800000	29050000	0	2282	310	65741	spaced
SUPER_2	185794185	185880246	IR	321	.	185836958	0.321	0.946	21	86036	185794185	185794403	185880028	185880249	396779011	185650000	185900000	0	3120	218	85625	spaced
SUPER_2	120536413	120628504	IR	321	.	120582061	0.321	0.970	20	92071	120536413	120536616	120628301	120628504	396779011	120400000	120650000	0	3040	203	91685	spaced
SUPER_2	138138632	138210856	IR	321	.	138174470	0.321	0.938	20	72200	138138632	138138923	138210565	138210856	396779011	138000000	138250000	0	2912	291	71642	spaced
SUPER_2	266819073	266827355	IR	320	.	266822739	0.320	0.922	319	8099	266819073	266821173	266825255	266827372	396779011	266650000	266900000	0	2886	2100	4082	spaced
SUPER_2	269077514	269082969	IR	320	.	269080375	0.320	1.000	207	5767	269077514	269078445	269082038	269082969	396779011	268850000	269100000	207	3837	931	3593	spaced
SUPER_2	249996872	250000857	IR	320	.	249999189	0.320	0.996	187	3967	249996872	249998004	249999725	250000857	396779011	249800000	250050000	0	3314	1132	1721	immediate
SUPER_2	128338005	128373368	IR	320	.	128355875	0.320	0.985	161	35693	128338005	128339001	128372372	128373368	396779011	128150000	128400000	161	3427	996	33371	spaced
SUPER_2	356306233	356309650	IR	320	.	356307826	0.320	0.943	145	3799	356306233	356307121	356308762	356309677	396779011	356100000	356350000	146	3465	888	1641	immediate
SUPER_2	31366099	31440521	IR	320	.	31402896	0.320	0.921	139	74403	31366099	31367144	31439546	31440521	396779011	31200000	31450000	0	3388	975	72402	spaced
SUPER_2	285496417	285499330	IR	320	.	285497762	0.320	0.908	133	3123	285496417	285497108	285498639	285499391	396779011	285250000	285500000	133	4131	691	1531	immediate
SUPER_2	341674380	341677975	IR	320	.	341675857	0.320	0.990	76	3528	341674380	341674866	341677489	341677975	396779011	341500000	341750000	0	2936	486	2623	spaced
SUPER_2	29007377	29201807	IR	320	.	29104243	0.320	0.995	72	194407	29007377	29007797	29201388	29201807	396779011	29000000	29250000	0	1743	419	193591	wide
SUPER_2	282104941	282135379	IR	320	.	282119905	0.320	0.895	70	30447	282104941	282105749	282134571	282135431	396779011	281900000	282150000	0	3669	808	28822	spaced
SUPER_2	151452991	151457477	IR	320	.	151454733	0.320	0.972	62	4468	151452991	151453498	151456971	151457477	396779011	151250000	151500000	0	3420	506	3473	spaced
SUPER_2	60604607	60641962	IR	320	.	60623330	0.320	0.926	59	37440	60604607	60604970	60641620	60641962	396779011	60400000	60650000	59	3721	342	36650	spaced
SUPER_2	316156149	316160079	IR	320	.	316158118	0.320	0.941	56	4030	316156149	316156467	316159764	316160079	396779011	315950000	316200000	56	3468	315	3297	spaced
SUPER_2	187292580	187292691	IR	320	.	187292857	0.320	1.000	54	4688	187292580	187292612	187292659	187292691	396779011	187250000	187500000	4	710	32	47	immediate
SUPER_2	169226052	169339226	IR	320	.	169282658	0.320	0.967	51	113251	169226052	169226510	169338768	169339227	396779011	169200000	169450000	51	1377	458	112258	wide
SUPER_2	269974274	269979482	IR	320	.	269977123	0.320	0.945	51	5181	269974274	269974928	269978839	269979482	396779011	269750000	270000000	0	3781	643	3911	spaced
SUPER_2	32632426	32713367	IR	320	.	32673247	0.320	0.973	44	80917	32632426	32632872	32712921	32713369	396779011	32500000	32750000	0	2881	446	80049	spaced
SUPER_2	187238786	187247849	IR	320	.	187243701	0.320	0.476	41	9035	187238786	187239461	187247275	187247849	396779011	187150000	187400000	0	1555	574	7814	spaced
SUPER_2	171234956	171238955	IR	320	.	171236618	0.320	0.972	40	3984	171234956	171235351	171238560	171238959	396779011	171000000	171250000	0	3949	395	3209	spaced
SUPER_2	305067341	305070425	IR	320	.	305068820	0.320	0.879	36	3213	305067341	305067931	305069870	305070425	396779011	305000000	305250000	36	1147	555	1939	immediate
SUPER_2	336401984	336423221	IR	320	.	336412519	0.320	0.817	31	21238	336401984	336402615	336422604	336423221	396779011	336200000	336450000	31	3543	617	19989	spaced
SUPER_2	277568328	277571514	IR	320	.	277570411	0.320	1.000	27	3158	277568328	277568478	277571364	277571514	396779011	277350000	277600000	0	3665	150	2886	spaced
SUPER_2	279111929	279116373	IR	320	.	279113742	0.320	0.994	26	4416	279111929	279112105	279116198	279116373	396779011	278900000	279150000	0	3569	175	4093	spaced
SUPER_2	27816524	27840726	IR	320	.	27829062	0.320	0.904	25	24189	27816524	27816917	27840333	27840730	396779011	27800000	28050000	0	476	393	23416	spaced
SUPER_2	227470379	227510286	IR	320	.	227490685	0.320	0.992	21	39889	227470379	227470511	227510154	227510286	396779011	227450000	227700000	0	672	132	39643	spaced
SUPER_2	340862375	340869877	IR	319	.	340865839	0.319	0.996	288	7486	340862375	340863981	340868271	340869878	396779011	340650000	340900000	0	3601	1606	4290	spaced
SUPER_2	353196271	353309048	IR	319	.	353252265	0.319	0.979	240	112757	353196271	353198267	353307061	353309048	396779011	353100000	353350000	0	2544	1987	108794	wide
SUPER_2	273726544	273731127	IR	319	.	273729072	0.319	0.998	238	4564	273726544	273727870	273729802	273731127	396779011	273500000	273750000	0	3813	1325	1932	immediate
SUPER_2	100620069	100624235	IR	319	.	100621821	0.319	0.994	159	4148	100620069	100621089	100623215	100624236	396779011	100400000	100650000	0	3702	1020	2126	spaced
SUPER_2	169992406	170000438	IR	319	.	169996047	0.319	0.963	144	8015	169992406	169993562	169999295	170000438	396779011	169800000	170050000	0	3273	1143	5733	spaced
SUPER_2	166455054	166458806	IR	319	.	166456557	0.319	0.999	138	3723	166455054	166455874	166457986	166458806	396779011	166250000	166500000	0	3448	820	2112	spaced
SUPER_2	58476633	58485607	IR	319	.	58480812	0.319	0.576	116	9031	58476633	58479226	58483014	58485684	396779011	58350000	58600000	0	2185	2593	3788	spaced
SUPER_2	180151809	180155365	IR	319	.	180153085	0.319	1.000	108	3524	180151809	180152439	180154735	180155365	396779011	179950000	180200000	0	3392	630	2296	spaced
SUPER_2	126352340	126354899	IR	319	.	126353656	0.319	0.973	99	2650	126352340	126352813	126354426	126354911	396779011	126150000	126400000	99	3393	473	1613	immediate
SUPER_2	134298976	134356018	IR	319	.	134327592	0.319	0.948	92	57154	134298976	134299682	134355312	134356043	396779011	134150000	134400000	92	2958	706	55630	spaced
SUPER_2	133843447	133847697	IR	319	.	133845154	0.319	0.918	89	4228	133843447	133844307	133846879	133847697	396779011	133650000	133900000	0	3259	818	2572	spaced
SUPER_2	91441712	91495733	IR	319	.	91469134	0.319	0.828	88	53701	91441712	91447852	91489593	91495761	396779011	91250000	91500000	0	3645	6140	41741	spaced
SUPER_2	69331246	69334308	IR	319	.	69332776	0.319	0.940	76	3163	69331246	69331720	69333838	69334308	396779011	69100000	69350000	76	3879	470	2118	spaced
SUPER_2	231571374	231586944	IR	319	.	231578930	0.319	0.921	64	15761	231571374	231572032	231586301	231586944	396779011	231450000	231700000	64	2152	643	14269	spaced
SUPER_2	152972377	152976081	IR	319	.	152973920	0.319	0.997	61	3682	152972377	152972747	152975711	152976082	396779011	152900000	153150000	0	1237	370	2964	spaced
SUPER_2	148745116	148750573	IR	319	.	148747601	0.319	0.989	59	5527	148745116	148745473	148750216	148750573	396779011	148550000	148800000	59	3297	357	4743	spaced
SUPER_2	46009348	46026815	IR	319	.	46018503	0.319	0.969	48	17435	46009348	46009737	46026426	46026815	396779011	45800000	46050000	0	3634	389	16689	spaced
SUPER_2	219113974	219121311	IR	319	.	219118054	0.319	0.977	47	7314	219113974	219114373	219120914	219121311	396779011	218900000	219150000	0	3627	397	6541	spaced
SUPER_2	229065675	229135709	IR	319	.	229100855	0.319	0.922	46	70068	229065675	229066468	229134916	229135710	396779011	229050000	229300000	46	844	793	68448	spaced
SUPER_2	201107743	201122317	IR	319	.	201114630	0.319	0.964	41	14556	201107743	201108102	201121958	201122317	396779011	200900000	201150000	0	3583	359	13856	spaced
SUPER_2	315810629	315831089	IR	319	.	315820545	0.319	0.907	39	20467	315810629	315811088	315830630	315831124	396779011	315700000	315950000	0	2014	459	19542	spaced
SUPER_2	20551387	20705193	IR	319	.	20628152	0.319	0.939	38	154048	20551387	20551898	20704685	20705193	396779011	20500000	20750000	38	2138	508	152787	wide
SUPER_2	128116618	128120684	IR	319	.	128119127	0.319	0.976	38	4038	128116618	128116956	128120347	128120684	396779011	127900000	128150000	0	3644	337	3391	spaced
SUPER_2	363225156	363227768	IR	319	.	363225976	0.319	0.963	37	2582	363225156	363225451	363227480	363227768	396779011	363000000	363250000	0	3774	288	2029	spaced
SUPER_2	143251441	143262128	IR	319	.	143257190	0.319	0.995	28	10660	143251441	143251631	143261938	143262128	396779011	143150000	143400000	0	1779	190	10307	spaced
SUPER_2	196275184	196349144	IR	319	.	196312610	0.319	0.897	27	73946	196275184	196275570	196348758	196349150	396779011	196250000	196500000	0	1035	386	73188	spaced
SUPER_2	203380295	203424137	IR	319	.	203402155	0.319	0.911	26	43938	203380295	203380512	203423920	203424141	396779011	203300000	203550000	26	1703	217	43408	spaced
SUPER_2	27739514	27743672	IR	319	.	27741166	0.319	0.859	24	4169	27739514	27740086	27743100	27743706	396779011	27550000	27800000	0	3193	572	3014	spaced
SUPER_2	360150873	360155093	IR	319	.	360153011	0.319	0.823	24	4233	360150873	360151616	360154350	360155108	396779011	360000000	360250000	24	2549	743	2734	spaced
SUPER_2	290139337	290141704	IR	319	.	290140658	0.319	0.948	23	2369	290139337	290139604	290141437	290141705	396779011	290050000	290300000	23	1508	267	1833	immediate
SUPER_2	356496100	356516636	IR	319	.	356506382	0.319	0.866	23	20914	356496100	356496964	356515772	356516640	396779011	356400000	356650000	23	1772	864	18808	spaced
SUPER_2	228396823	228399842	IR	319	.	228398423	0.319	0.936	21	3030	228396823	228397056	228399609	228399845	396779011	228250000	228500000	21	2472	233	2553	spaced
SUPER_2	384942421	384946700	IR	319	.	384944151	0.319	0.929	21	4238	384942421	384942686	384946442	384946700	396779011	384700000	384950000	0	4075	258	3756	spaced
SUPER_2	31144957	31147642	IR	319	.	31145834	0.319	1.000	20	2660	31144957	31145071	31147528	31147642	396779011	30900000	31150000	0	4104	114	2457	spaced
SUPER_2	227257813	227339707	IR	318	.	227299124	0.318	0.432	459	81865	227257813	227296956	227300660	227339707	396779011	227150000	227400000	0	2479	39047	3704	spaced
SUPER_2	238706079	238717476	IR	318	.	238711589	0.318	0.985	409	11962	238706079	238709087	238714468	238717476	396779011	238500000	238750000	409	3529	3008	5381	spaced
SUPER_2	385540192	385547664	IR	318	.	385544328	0.318	0.999	292	7456	385540192	385541796	385546060	385547665	396779011	385300000	385550000	0	4065	1604	4264	spaced
SUPER_2	96083600	96090772	IR	318	.	96087058	0.318	0.996	285	7455	96083600	96084894	96089478	96090775	396779011	95850000	96100000	285	3952	1294	4584	spaced
SUPER_2	41844687	41852914	IR	318	.	41848475	0.318	0.954	279	8065	41844687	41846602	41851030	41852914	396779011	41650000	41900000	0	3313	1884	4428	spaced
SUPER_2	308926570	308930575	IR	318	.	308928196	0.318	0.997	243	3970	308926570	308928022	308929123	308930577	396779011	308700000	308950000	0	3809	1452	1101	immediate
SUPER_2	279907700	279910901	IR	318	.	279909245	0.318	1.000	182	3395	279907700	279908550	279910051	279910901	396779011	279700000	279950000	182	3488	850	1501	immediate
SUPER_2	86476024	86479115	IR	318	.	86478017	0.318	0.997	121	3070	86476024	86476760	86478379	86479115	396779011	86300000	86550000	0	2959	736	1619	immediate
SUPER_2	145799970	145808601	IR	318	.	145804507	0.318	0.991	109	8743	145799970	145800525	145808046	145808601	396779011	145600000	145850000	109	3404	555	7521	spaced
SUPER_2	27168472	27178262	IR	318	.	27173816	0.318	0.957	105	9773	27168472	27169515	27177219	27178273	396779011	27000000	27250000	0	2889	1043	7704	spaced
SUPER_2	60702419	60706370	IR	318	.	60704433	0.318	0.991	94	4061	60702419	60702990	60705799	60706370	396779011	60500000	60750000	94	3406	571	2809	spaced
SUPER_2	118548792	118551917	IR	318	.	118549913	0.318	0.995	93	3106	118548792	118549341	118551368	118551917	396779011	118350000	118600000	0	3339	549	2027	spaced
SUPER_2	227604251	227608584	IR	318	.	227605992	0.318	0.927	86	4318	227604251	227605022	227607813	227608587	396779011	227400000	227650000	0	3440	771	2791	spaced
SUPER_2	150335937	150339035	IR	318	.	150337141	0.318	0.914	82	2964	150335937	150336270	150338702	150339036	396779011	150100000	150350000	0	3957	333	2432	spaced
SUPER_2	211858419	211863893	IR	318	.	211861413	0.318	0.987	78	5454	211858419	211858947	211863366	211863893	396779011	211700000	211950000	0	2685	527	4419	spaced
SUPER_2	279991378	279994071	IR	318	.	279992342	0.318	0.983	77	2659	279991378	279991971	279993478	279994072	396779011	279750000	280000000	0	4045	593	1507	immediate
SUPER_2	20995294	21000690	IR	318	.	20998089	0.318	0.997	69	5445	20995294	20995631	21000353	21000690	396779011	20800000	21050000	69	3299	337	4722	spaced
SUPER_2	253545280	253549312	IR	318	.	253547335	0.318	0.949	68	4099	253545280	253545915	253548677	253549324	396779011	253300000	253550000	68	4121	635	2762	spaced
SUPER_2	215382301	215389068	IR	318	.	215385885	0.318	0.958	65	6878	215382301	215382924	215388455	215389068	396779011	215350000	215600000	65	594	613	5531	spaced
SUPER_2	355146078	355275942	IR	318	.	355211202	0.318	0.515	55	131041	355146078	355154856	355267164	355275948	396779011	355050000	355300000	58	2683	8778	112308	wide
SUPER_2	3775459	3778414	IR	318	.	3776730	0.318	0.979	49	2984	3775459	3775798	3778078	3778414	396779011	3550000	3800000	49	3782	336	2280	spaced
SUPER_2	178608895	178706109	IR	318	.	178657986	0.318	0.948	47	97191	178608895	178609514	178705490	178706110	396779011	178550000	178800000	0	1791	619	95976	spaced
SUPER_2	302311136	302314042	IR	318	.	302312104	0.318	1.000	37	2888	302311136	302311347	302313831	302314042	396779011	302100000	302350000	0	3543	211	2484	spaced
SUPER_2	341893309	341951874	IR	318	.	341922608	0.318	0.903	36	58655	341893309	341893709	341951494	341951874	396779011	341750000	342000000	36	2876	380	57785	spaced
SUPER_2	188645538	188652952	IR	318	.	188648774	0.318	0.838	31	7428	188645538	188645891	188652599	188652989	396779011	188450000	188700000	0	3320	353	6708	spaced
SUPER_2	119396678	119400821	IR	318	.	119398494	0.318	0.966	29	4125	119396678	119396911	119400595	119400821	396779011	119300000	119550000	0	1645	226	3684	spaced
SUPER_2	287425708	287427731	IR	318	.	287426412	0.318	0.974	29	2005	287425708	287425932	287427507	287427735	396779011	287200000	287450000	0	3778	224	1575	immediate
SUPER_2	159784893	159787158	IR	318	.	159786412	0.318	0.972	27	2247	159784893	159785181	159786870	159787160	396779011	159700000	159950000	0	1433	288	1689	immediate
SUPER_2	352445304	352449882	IR	318	.	352447605	0.318	0.974	27	4590	352445304	352445455	352449731	352449882	396779011	352200000	352450000	27	4126	151	4276	spaced
SUPER_2	123195992	123201964	IR	318	.	123199375	0.318	0.966	25	5945	123195992	123196282	123201675	123201964	396779011	123000000	123250000	0	3316	289	5393	spaced
SUPER_2	33758131	33786150	IR	318	.	33772043	0.318	0.982	23	28021	33758131	33758298	33785983	33786150	396779011	33750000	34000000	23	368	167	27685	spaced
SUPER_2	63000353	63076944	IR	318	.	63038426	0.318	0.790	21	76626	63000353	63001060	63076251	63076944	396779011	63000000	63250000	21	644	693	75191	spaced
SUPER_2	183631839	183650742	IR	318	.	183641647	0.318	0.825	21	18876	183631839	183632082	183650499	183650776	396779011	183550000	183800000	0	1521	243	18417	spaced
SUPER_2	334892380	334896073	IR	317	.	334894405	0.317	0.998	191	3884	334892380	334893272	334895183	334896073	396779011	334650000	334900000	191	4070	890	1911	immediate
SUPER_2	147809586	147815823	IR	317	.	147813145	0.317	0.992	132	6217	147809586	147810357	147815056	147815823	396779011	147600000	147850000	0	3544	767	4699	spaced
SUPER_2	353545957	353548020	IR	317	.	353547079	0.317	0.998	82	2129	353545957	353546363	353547614	353548020	396779011	353300000	353550000	82	4116	406	1251	immediate
SUPER_2	111602093	111614829	IR	317	.	111608317	0.317	0.906	80	12842	111602093	111602831	111614091	111614858	396779011	111500000	111750000	80	1807	738	11260	spaced
SUPER_2	178116704	178120380	IR	317	.	178118246	0.317	0.971	78	3641	178116704	178117325	178119762	178120380	396779011	177950000	178200000	0	2808	618	2437	spaced
SUPER_2	191579618	191634800	IR	317	.	191607358	0.317	0.882	76	55303	191579618	191580154	191634264	191634855	396779011	191450000	191700000	84	2620	536	54110	spaced
SUPER_2	309129151	309136880	IR	317	.	309132778	0.317	0.956	76	7888	309129151	309129803	309136228	309136889	396779011	308900000	309150000	76	3883	652	6425	spaced
SUPER_2	278397159	278439556	IR	317	.	278418690	0.317	0.931	66	42409	278397159	278397956	278438759	278439585	396779011	278200000	278450000	0	3639	797	40803	spaced
SUPER_2	61711045	61715435	IR	317	.	61712832	0.317	0.990	62	4367	61711045	61711449	61715031	61715437	396779011	61500000	61750000	0	3553	404	3582	spaced
SUPER_2	118689227	118694575	IR	317	.	118691660	0.317	0.981	61	5296	118689227	118689280	118694523	118694575	396779011	118450000	118700000	463	4031	52	5243	spaced
SUPER_2	334097712	334100047	IR	317	.	334099246	0.317	0.924	35	2265	334097712	334097988	334099791	334100047	396779011	333900000	334150000	0	3314	256	1803	immediate
SUPER_2	14058855	14061327	IR	317	.	14059700	0.317	0.961	34	2421	14058855	14059185	14060998	14061327	396779011	13850000	14100000	0	3501	329	1813	immediate
SUPER_2	78617967	78669846	IR	317	.	78644173	0.317	0.973	25	51858	78617967	78618226	78669587	78669846	396779011	78500000	78750000	0	2398	259	51361	spaced
SUPER_2	49997897	50017892	IR	317	.	50008125	0.317	0.880	23	20082	49997897	49998194	50017595	50017893	396779011	49800000	50050000	23	3464	297	19401	spaced
SUPER_2	346588930	346672041	IR	317	.	346630403	0.317	0.809	23	83160	346588930	346589779	346671274	346672041	396779011	346550000	346800000	23	1341	767	81495	spaced
SUPER_2	284910850	285030625	IR	317	.	284971211	0.317	0.886	20	119695	284910850	284911369	285030106	285030629	396779011	284800000	285050000	0	2845	519	118737	wide
SUPER_2	323463083	323467992	IR	316	.	323465971	0.316	1.000	316	4875	323463083	323464814	323466261	323467992	396779011	323400000	323650000	0	1092	1731	1447	immediate
SUPER_2	122979277	123002226	IR	316	.	122990954	0.316	0.953	126	23063	122979277	122980387	123001116	123002228	396779011	122800000	123050000	126	3179	1110	20729	spaced
SUPER_2	293419245	293423349	IR	316	.	293421512	0.316	0.986	121	4408	293419245	293420007	293422587	293423349	396779011	293200000	293450000	121	3688	762	2580	spaced
SUPER_2	148755168	148774372	IR	316	.	148764700	0.316	0.911	95	20227	148755168	148756219	148773337	148774372	396779011	148550000	148800000	95	3579	1035	17118	spaced
SUPER_2	126343628	126350402	IR	316	.	126347504	0.316	0.950	87	6778	126343628	126344217	126349813	126350428	396779011	126200000	126450000	0	2450	589	5596	spaced
SUPER_2	72781655	72788454	IR	316	.	72784788	0.316	1.000	78	6768	72781655	72782106	72788003	72788454	396779011	72550000	72800000	0	3917	451	5897	spaced
SUPER_2	327069812	327159073	IR	316	.	327114922	0.316	0.950	71	89243	327069812	327070665	327158223	327159073	396779011	326950000	327200000	0	2740	850	87558	spaced
SUPER_2	186071241	186075184	IR	316	.	186073371	0.316	0.992	67	3998	186071241	186071602	186074823	186075184	396779011	185900000	186150000	67	2886	361	3221	spaced
SUPER_2	193225655	193234736	IR	316	.	193229804	0.316	0.981	67	9038	193225655	193226168	193234226	193234736	396779011	193000000	193250000	0	3836	510	8058	spaced
SUPER_2	164235172	164247906	IR	316	.	164241913	0.316	0.457	66	12750	164235172	164240515	164242563	164247944	396779011	164000000	164250000	0	4025	5343	2048	spaced
SUPER_2	232814274	232849556	IR	316	.	232831442	0.316	0.981	48	35261	232814274	232814647	232849183	232849557	396779011	232600000	232850000	0	3865	373	34536	spaced
SUPER_2	349331100	349344814	IR	316	.	349338142	0.316	0.878	42	13870	349331100	349331771	349344143	349344839	396779011	349150000	349400000	42	3132	671	12372	spaced
SUPER_2	112019944	112025045	IR	316	.	112022870	0.316	0.950	40	5082	112019944	112020481	112024508	112025045	396779011	111800000	112050000	0	3708	537	4027	spaced
SUPER_2	47549662	47559629	IR	316	.	47554852	0.316	0.586	39	9769	47549662	47549936	47559386	47559629	396779011	47350000	47600000	4	3410	243	9450	spaced
SUPER_2	88080179	88083914	IR	316	.	88081607	0.316	0.926	36	3727	88080179	88080720	88083373	88083927	396779011	87850000	88100000	0	3867	541	2653	spaced
SUPER_2	329244623	329248282	IR	316	.	329246918	0.316	0.801	35	3624	329244623	329245449	329247490	329248282	396779011	329150000	329400000	0	1607	792	2041	spaced
SUPER_2	129451782	129523039	IR	316	.	129486951	0.316	0.966	34	71240	129451782	129452158	129522663	129523040	396779011	129300000	129550000	0	3123	376	70505	spaced
SUPER_2	391989758	391993695	IR	316	.	391992070	0.316	0.976	34	3919	391989758	391990096	391993357	391993695	396779011	391900000	392150000	0	1528	338	3261	spaced
SUPER_2	177173130	177180566	IR	316	.	177177282	0.316	0.850	29	7405	177173130	177173739	177179957	177180569	396779011	177100000	177350000	0	1280	609	6218	spaced
SUPER_2	165706238	165709918	IR	316	.	165707744	0.316	0.985	26	3661	165706238	165706443	165709713	165709918	396779011	165500000	165750000	0	3467	205	3270	spaced
SUPER_2	44062847	44085970	IR	316	.	44074655	0.316	0.753	24	23070	44062847	44063651	44085166	44085970	396779011	43900000	44150000	0	2906	804	21515	spaced
SUPER_2	265453334	265460657	IR	316	.	265457323	0.316	0.821	21	7346	265453334	265454002	265459989	265460705	396779011	265450000	265700000	0	116	668	5987	spaced
SUPER_2	260362107	260368087	IR	315	.	260364758	0.315	0.997	248	5954	260362107	260363585	260366609	260368087	396779011	260150000	260400000	0	3584	1478	3024	spaced
SUPER_2	224573745	224616728	IR	315	.	224595186	0.315	0.993	237	43303	224573745	224574989	224615485	224616728	396779011	224400000	224650000	237	3253	1243	40496	spaced
SUPER_2	73445026	73647732	IR	315	.	73546477	0.315	0.993	200	202970	73445026	73446041	73646717	73647733	396779011	73400000	73650000	200	2439	1015	200676	wide
SUPER_2	220972914	220975587	IR	315	.	220974137	0.315	0.975	196	2892	220972914	220973892	220974610	220975587	396779011	220750000	221000000	196	3737	977	718	immediate
SUPER_2	329931844	329951771	IR	315	.	329942113	0.315	0.927	141	19892	329931844	329932864	329950814	329951771	396779011	329800000	330050000	0	2363	957	17950	spaced
SUPER_2	205848171	205853563	IR	315	.	205851154	0.315	1.000	140	5374	205848171	205848896	205852838	205853563	396779011	205650000	205900000	0	3347	725	3942	spaced
SUPER_2	293317145	293357466	IR	315	.	293337423	0.315	0.962	138	40673	293317145	293318473	293356138	293357467	396779011	293150000	293400000	138	3121	1328	37665	spaced
SUPER_2	183439585	183442579	IR	315	.	183440891	0.315	0.969	136	3279	183439585	183440355	183441814	183442579	396779011	183200000	183450000	136	4017	765	1459	immediate
SUPER_2	276521398	276525484	IR	315	.	276523899	0.315	0.952	110	4087	276521398	276522097	276524785	276525512	396779011	276350000	276600000	0	2890	699	2688	spaced
SUPER_2	45290184	45299217	IR	315	.	45294843	0.315	0.898	104	9642	45290184	45292838	45296563	45299221	396779011	45100000	45350000	104	3244	2654	3725	spaced
SUPER_2	293730491	293734998	IR	315	.	293732275	0.315	0.971	99	4502	293730491	293731130	293734359	293735015	396779011	293600000	293850000	0	2212	639	3229	spaced
SUPER_2	336222072	336227148	IR	315	.	336225037	0.315	0.894	63	5042	336222072	336222886	336226334	336227198	396779011	336150000	336400000	0	1243	814	3448	spaced
SUPER_2	340789230	340795307	IR	315	.	340792748	0.315	0.945	59	6073	340789230	340789850	340794687	340795321	396779011	340550000	340800000	0	4037	620	4837	spaced
SUPER_2	54948583	54956602	IR	315	.	54952969	0.315	0.901	51	7946	54948583	54949460	54955726	54956602	396779011	54900000	55150000	0	876	876	6266	spaced
SUPER_2	26381820	26501773	IR	315	.	26441419	0.315	0.834	42	119920	26381820	26382378	26501215	26501788	396779011	26300000	26550000	0	2363	558	118837	wide
SUPER_2	141029088	141034092	IR	315	.	141031295	0.315	0.943	41	4973	141029088	141029510	141033683	141034092	396779011	140800000	141050000	0	3859	409	4173	spaced
SUPER_2	232232897	232236410	IR	315	.	232234455	0.315	0.983	38	3556	232232897	232233136	232236171	232236410	396779011	232000000	232250000	38	3910	239	3035	spaced
SUPER_2	119066537	119073995	IR	315	.	119069795	0.315	0.831	32	7388	119066537	119066626	119073921	119073995	396779011	118900000	119150000	0	2837	74	7295	spaced
SUPER_2	91214698	91303816	IR	315	.	91259014	0.315	0.901	29	90121	91214698	91214860	91303654	91303816	396779011	91100000	91350000	5	2654	162	88794	spaced
SUPER_2	151058221	151063153	IR	315	.	151061107	0.315	0.904	22	4860	151058221	151058484	151062892	151063153	396779011	150850000	151100000	0	3511	261	4408	spaced
SUPER_2	187330600	187330897	IR	315	.	187330592	0.315	0.983	22	22447	187330600	187330717	187330780	187330897	396779011	187300000	187550000	22	512	117	63	immediate
SUPER_2	238019193	238024550	IR	314	.	238022008	0.314	0.994	368	5748	238019193	238020919	238022824	238024554	396779011	237800000	238050000	368	3697	1726	1905	immediate
SUPER_2	154640374	154647004	IR	314	.	154643287	0.314	0.990	254	6617	154640374	154641827	154645551	154647014	396779011	154400000	154650000	0	4061	1453	3724	spaced
SUPER_2	338365782	338391499	IR	314	.	338378913	0.314	0.956	231	25746	338365782	338367404	338389877	338391550	396779011	338200000	338450000	0	2977	1622	22473	spaced
SUPER_2	304442611	304445364	IR	314	.	304443828	0.314	0.922	204	3068	304442611	304443679	304444296	304445444	396779011	304350000	304600000	204	1566	1068	617	immediate
SUPER_2	362121880	362249449	IR	314	.	362185410	0.314	0.996	166	127550	362121880	362122870	362248459	362249449	396779011	362000000	362250000	0	3094	990	125589	wide
SUPER_2	367675043	367685409	IR	314	.	367680600	0.314	0.904	143	10349	367675043	367676973	367683553	367685409	396779011	367550000	367800000	0	2170	1856	6580	spaced
SUPER_2	54512355	54522347	IR	314	.	54517424	0.314	0.873	76	15622	54512355	54513138	54521564	54522422	396779011	54350000	54600000	77	2789	783	8426	spaced
SUPER_2	237263291	237271241	IR	314	.	237267757	0.314	0.992	73	7928	237263291	237263779	237270753	237271241	396779011	237200000	237450000	0	1120	488	6974	spaced
SUPER_2	207454244	207457183	IR	314	.	207456087	0.314	0.993	63	2910	207454244	207454647	207456780	207457183	396779011	207250000	207500000	0	3428	403	2133	spaced
SUPER_2	332619829	332681949	IR	314	.	332650558	0.314	0.000	60	62090	332619829	332619859	332681919	332682067	396779011	332450000	332700000	0	3348	30	62060	spaced
SUPER_2	102761637	102769049	IR	314	.	102764851	0.314	0.994	55	7392	102761637	102761973	102768713	102769049	396779011	102600000	102850000	0	2755	336	6740	spaced
SUPER_2	136512638	136518331	IR	314	.	136515410	0.314	0.966	54	5734	136512638	136512986	136517983	136518339	396779011	136300000	136550000	54	3591	348	4997	spaced
SUPER_2	115692451	115698032	IR	314	.	115694891	0.314	0.983	47	5560	115692451	115692852	115697631	115698032	396779011	115450000	115700000	0	4087	401	4779	spaced
SUPER_2	212068142	212143205	IR	314	.	212105453	0.314	0.773	47	75232	212068142	212068825	212142640	212143205	396779011	211950000	212200000	46	2594	565	73815	spaced
SUPER_2	266584397	266591726	IR	314	.	266587792	0.314	0.979	40	7285	266584397	266584683	266591440	266591730	396779011	266400000	266650000	0	3134	286	6757	spaced
SUPER_2	85129699	85137746	IR	314	.	85134034	0.314	0.977	35	8026	85129699	85129954	85137491	85137748	396779011	85000000	85250000	0	2228	255	7537	spaced
SUPER_2	3704459	3746085	IR	314	.	3725569	0.314	0.858	33	41619	3704459	3704827	3745717	3746101	396779011	3500000	3750000	0	3754	368	40890	spaced
SUPER_2	232250450	232258190	IR	314	.	232253874	0.314	0.333	31	7770	232250450	232250489	232258151	232258238	396779011	232050000	232300000	0	3405	39	7662	spaced
SUPER_2	27432479	27504961	IR	314	.	27469022	0.314	0.735	30	72432	27432479	27432529	27504911	27504979	396779011	27350000	27600000	0	1978	50	72382	spaced
SUPER_2	132175910	132195696	IR	314	.	132186063	0.314	0.805	30	19759	132175910	132176577	132195029	132195696	396779011	131950000	132200000	0	3929	667	18452	spaced
SUPER_2	255736424	255741839	IR	314	.	255738672	0.314	0.738	22	5393	255736424	255736708	255741617	255741839	396779011	255650000	255900000	0	1485	222	4909	spaced
SUPER_2	300121800	300127749	IR	313	.	300125009	0.313	0.999	503	5930	300121800	300124660	300124889	300127750	396779011	299900000	300150000	0	3746	2860	229	immediate
SUPER_2	7630024	7708508	IR	313	.	7669111	0.313	0.987	453	79036	7630024	7632693	7705839	7708508	396779011	7500000	7750000	453	2820	2669	73146	spaced
SUPER_2	333505301	333512568	IR	313	.	333508500	0.313	0.957	216	7243	333505301	333506612	333511306	333512568	396779011	333300000	333550000	0	3482	1262	4694	spaced
SUPER_2	313664051	313667170	IR	313	.	313665376	0.313	0.974	108	3246	313664051	313664823	313666398	313667178	396779011	313500000	313750000	108	2760	772	1575	immediate
SUPER_2	261743117	261747486	IR	313	.	261745355	0.313	0.805	78	4542	261743117	261743611	261746992	261747570	396779011	261500000	261750000	78	4088	494	3381	spaced
SUPER_2	216734411	216742381	IR	313	.	216737984	0.313	0.993	71	7944	216734411	216734843	216741949	216742381	396779011	216500000	216750000	0	3973	432	7106	spaced
SUPER_2	283416969	283478641	IR	313	.	283447438	0.313	0.356	55	61606	283416969	283417116	283478575	283478641	396779011	283300000	283550000	0	2463	66	61459	spaced
SUPER_2	67779020	67783380	IR	313	.	67780824	0.313	0.991	49	4340	67779020	67779357	67783043	67783380	396779011	67550000	67800000	0	3853	337	3686	spaced
SUPER_2	21699812	21849596	IR	313	.	21775113	0.313	0.839	41	149488	21699812	21700553	21848868	21849596	396779011	21600000	21850000	0	2911	728	148315	wide
SUPER_2	176773414	176827531	IR	313	.	176800868	0.313	0.705	41	54096	176773414	176775118	176825915	176827531	396779011	176600000	176850000	0	3341	1616	50797	spaced
SUPER_2	102661411	102683286	IR	313	.	102671892	0.313	0.734	37	21765	102661411	102664786	102679911	102683298	396779011	102600000	102850000	0	1205	3375	15125	spaced
SUPER_2	370178214	370193443	IR	313	.	370186042	0.313	0.833	37	16626	370178214	370178676	370193013	370193443	396779011	370050000	370300000	11	2263	430	14337	spaced
SUPER_2	156477479	156512816	IR	313	.	156494856	0.313	0.991	31	35304	156477479	156477705	156512590	156512816	396779011	156300000	156550000	0	3252	226	34885	spaced
SUPER_2	23234527	23300674	IR	313	.	23267460	0.313	0.969	28	66169	23234527	23234817	23300384	23300674	396779011	23100000	23350000	28	2793	290	65567	spaced
SUPER_2	67200856	67273122	IR	313	.	67236719	0.313	0.943	28	72195	67200856	67201102	67272882	67273122	396779011	67050000	67300000	0	3116	240	71780	spaced
SUPER_2	64991643	64996163	IR	313	.	64993837	0.313	0.909	26	4571	64991643	64991801	64996005	64996164	396779011	64850000	65100000	26	2398	158	4204	spaced
SUPER_2	362399898	362490734	IR	313	.	362445785	0.313	1.000	25	90811	362399898	362400047	362490585	362490734	396779011	362250000	362500000	0	3255	149	90538	spaced
SUPER_2	100385316	100387537	IR	313	.	100386258	0.313	0.943	24	2233	100385316	100385578	100387275	100387539	396779011	100150000	100400000	24	3940	262	1697	immediate
SUPER_2	142686027	142690416	IR	313	.	142687764	0.313	0.918	21	4371	142686027	142686404	142690041	142690416	396779011	142450000	142700000	0	3970	375	3637	spaced
SUPER_2	382163167	382202243	IR	313	.	382183002	0.313	0.978	21	39048	382163167	382163392	382202019	382202243	396779011	382000000	382250000	0	3044	224	38627	spaced
SUPER_2	160576345	160582264	IR	312	.	160579626	0.312	0.999	507	5900	160576345	160579190	160579419	160582264	396779011	160350000	160600000	0	3821	2845	229	immediate
SUPER_2	181952906	181958313	IR	312	.	181955375	0.312	0.997	504	5932	181952906	181955210	181956009	181958316	396779011	181750000	182000000	504	3426	2304	799	immediate
SUPER_2	304253564	304259918	IR	312	.	304256885	0.312	0.988	286	6687	304253564	304254860	304258630	304259918	396779011	304050000	304300000	286	3445	1288	3770	spaced
SUPER_2	367767439	367769776	IR	312	.	367768891	0.312	0.998	173	2315	367767439	367768485	367768730	367769776	396779011	367550000	367800000	0	3643	1046	245	immediate
SUPER_2	144235758	144295846	IR	312	.	144266217	0.312	0.956	102	60059	144235758	144236538	144295089	144295846	396779011	144050000	144300000	0	3596	757	58551	spaced
SUPER_2	122119028	122129070	IR	312	.	122124005	0.312	0.973	74	10134	122119028	122119577	122128523	122129070	396779011	121950000	122200000	74	2900	547	8946	spaced
SUPER_2	92894782	92902631	IR	312	.	92898243	0.312	0.993	70	7819	92894782	92895210	92902203	92902631	396779011	92700000	92950000	0	3311	428	6993	spaced
SUPER_2	201672388	201675689	IR	312	.	201673618	0.312	0.983	60	3282	201672388	201672728	201675349	201675691	396779011	201450000	201700000	0	3733	340	2621	spaced
SUPER_2	63778599	63829232	IR	312	.	63804403	0.312	0.948	57	50606	63778599	63779493	63828338	63829236	396779011	63650000	63900000	0	2565	894	48845	spaced
SUPER_2	217157877	217171302	IR	312	.	217164225	0.312	0.492	49	13385	217157877	217164322	217164919	217171302	396779011	217100000	217350000	0	1076	6383	597	immediate
SUPER_2	104183344	104191992	IR	312	.	104187290	0.312	0.919	43	8619	104183344	104184252	104191085	104191992	396779011	104000000	104250000	0	3127	907	6833	spaced
SUPER_2	316187451	316190527	IR	312	.	316189396	0.312	0.800	43	3103	316187451	316187917	316190061	316190573	396779011	316050000	316300000	0	2316	466	2144	spaced
SUPER_2	178850566	178865870	IR	312	.	178857998	0.312	0.967	30	15316	178850566	178850809	178865628	178865870	396779011	178650000	178900000	30	3470	242	14819	spaced
SUPER_2	161481502	161647563	IR	312	.	161564567	0.312	0.864	25	166119	161481502	161482030	161647035	161647592	396779011	161450000	161700000	25	1908	528	165005	wide
SUPER_2	9668506	9866341	IR	312	.	9766980	0.312	0.995	22	197804	9668506	9668688	9866159	9866341	396779011	9650000	9900000	0	1956	182	197471	wide
SUPER_2	191085508	191139976	IR	311	.	191112359	0.311	0.959	74	54456	191085508	191086427	191139057	191139987	396779011	190950000	191200000	0	2712	919	52630	spaced
SUPER_2	179657144	179660086	IR	311	.	179658270	0.311	0.997	69	2924	179657144	179657523	179659707	179660086	396779011	179450000	179700000	0	3476	379	2184	spaced
SUPER_2	151413586	151420870	IR	311	.	151416799	0.311	0.919	38	7216	151413586	151413660	151420802	151420870	396779011	151200000	151450000	0	3620	68	7142	spaced
SUPER_2	290235577	290364520	IR	311	.	290299676	0.311	0.849	32	128960	290235577	290236013	290364084	290364560	396779011	290200000	290450000	0	1667	436	128071	wide
SUPER_2	197455715	197459280	IR	311	.	197457774	0.311	0.975	31	3548	197455715	197455911	197459084	197459284	396779011	197250000	197500000	0	3458	196	3173	spaced
SUPER_2	23779510	23788875	IR	311	.	23783909	0.311	0.895	30	9339	23779510	23780234	23788161	23788875	396779011	23750000	24000000	0	569	714	7927	spaced
SUPER_2	65494352	65496770	IR	311	.	65496025	0.311	0.976	28	2401	65494352	65494598	65496524	65496771	396779011	65250000	65500000	0	4092	246	1926	immediate
SUPER_2	78993093	79024520	IR	311	.	79008355	0.311	0.812	27	31047	78993093	78996016	79021597	79024524	396779011	78850000	79100000	0	2646	2923	25581	spaced
SUPER_2	225870006	225875549	IR	311	.	225872797	0.311	0.945	26	5557	225870006	225870187	225875371	225875549	396779011	225800000	226050000	26	1212	178	5184	spaced
SUPER_2	64456664	64459159	IR	311	.	64458308	0.311	0.974	25	2483	64456664	64456850	64458973	64459164	396779011	64250000	64500000	0	3465	186	2123	spaced
SUPER_2	176115415	176119658	IR	311	.	176117610	0.311	0.892	23	4283	176115415	176115861	176119212	176119672	396779011	175900000	176150000	23	3625	446	3351	spaced
SUPER_2	328275375	328314044	IR	311	.	328294713	0.311	0.915	20	38754	328275375	328275798	328313621	328314044	396779011	328150000	328400000	20	2411	423	37823	spaced
SUPER_2	231831775	231835262	IR	310	.	231833109	0.310	1.000	96	3466	231831775	231832317	231834720	231835262	396779011	231600000	231850000	0	3891	542	2403	spaced
SUPER_2	293681263	293699821	IR	310	.	293690816	0.310	0.941	95	18566	293681263	293682267	293698817	293699847	396779011	293650000	293900000	0	675	1004	16550	spaced
SUPER_2	139522970	139591493	IR	310	.	139557480	0.310	0.957	61	68471	139522970	139523572	139590902	139591493	396779011	139450000	139700000	0	1787	591	67330	spaced
SUPER_2	257236735	257239953	IR	310	.	257238756	0.310	0.997	54	3199	257236735	257237070	257239618	257239953	396779011	257000000	257250000	0	3972	335	2548	spaced
SUPER_2	344835342	344841594	IR	310	.	344838572	0.310	1.000	39	6259	344835342	344835495	344841441	344841594	396779011	344750000	345000000	39	1474	153	5946	spaced
SUPER_2	325146031	325148774	IR	310	.	325147772	0.310	0.996	34	2717	325146031	325146254	325148551	325148774	396779011	324950000	325200000	0	3289	223	2297	spaced
SUPER_2	68988169	69001514	IR	310	.	68994392	0.310	0.880	32	13333	68988169	68988706	69000977	69001525	396779011	68950000	69200000	0	747	537	12271	spaced
SUPER_2	298624673	298707640	IR	310	.	298666050	0.310	0.840	32	83342	298624673	298625536	298706838	298707640	396779011	298500000	298750000	32	2769	802	81302	spaced
SUPER_2	309802019	309807058	IR	310	.	309804910	0.310	0.976	26	5020	309802019	309802226	309806851	309807058	396779011	309600000	309850000	0	3408	207	4625	spaced
SUPER_2	340383384	340389315	IR	310	.	340386215	0.310	0.845	26	5945	340383384	340383562	340389137	340389317	396779011	340150000	340400000	26	3938	178	5575	spaced
SUPER_2	386379772	386412274	IR	310	.	386396197	0.310	0.918	24	32496	386379772	386380281	386411772	386412274	396779011	386200000	386450000	24	3266	502	31491	spaced
SUPER_2	58534576	58537658	IR	309	.	58535656	0.309	0.998	93	3064	58534576	58535114	58537120	58537658	396779011	58400000	58650000	0	2268	538	2006	spaced
SUPER_2	137977713	138057290	IR	309	.	138017937	0.309	0.861	68	79555	137977713	137979082	138055986	138057290	396779011	137900000	138150000	0	1958	1304	76904	spaced
SUPER_2	109881582	109891200	IR	309	.	109885964	0.309	0.928	62	9597	109881582	109882488	109890310	109891200	396779011	109650000	109900000	0	3939	890	7822	spaced
SUPER_2	49177553	49220648	IR	309	.	49199327	0.309	0.781	60	43134	49177553	49178619	49219674	49220648	396779011	49000000	49250000	60	3318	974	41055	spaced
SUPER_2	127113953	127127660	IR	309	.	127120352	0.309	0.975	60	13691	127113953	127114348	127127265	127127667	396779011	127100000	127350000	0	346	395	12917	spaced
SUPER_2	142039856	142173080	IR	309	.	142106487	0.309	0.722	58	133417	142039856	142041329	142171610	142173080	396779011	141950000	142200000	58	2607	1470	130281	wide
SUPER_2	155416673	155466319	IR	309	.	155441748	0.309	0.955	52	49639	155416673	155417149	155465843	155466334	396779011	155400000	155650000	0	691	476	48694	spaced
SUPER_2	202390266	202420532	IR	309	.	202404916	0.309	0.947	43	30246	202390266	202390795	202420006	202420532	396779011	202200000	202450000	0	3423	526	29211	spaced
SUPER_2	283117686	283278849	IR	309	.	283198357	0.309	0.988	35	161171	283117686	283117929	283278606	283278849	396779011	283050000	283300000	35	2470	243	160677	wide
SUPER_2	196424634	196525214	IR	309	.	196475418	0.309	0.905	27	100508	196424634	196425306	196524557	196525214	396779011	196300000	196550000	0	2915	657	99251	spaced
SUPER_2	254069839	254118704	IR	309	.	254094127	0.309	0.633	26	48835	254069839	254069899	254118666	254118704	396779011	254050000	254300000	216	737	38	48767	spaced
SUPER_2	183368209	183377866	IR	309	.	183372784	0.309	0.994	25	9630	183368209	183368368	183377707	183377866	396779011	183150000	183400000	0	3717	159	9339	spaced
SUPER_2	308273298	308480369	IR	309	.	308377142	0.309	0.954	20	207054	308273298	308273472	308480196	308480369	396779011	308250000	308500000	0	2113	173	206724	wide
SUPER_2	281504319	281508637	IR	308	.	281506338	0.308	0.999	418	4761	281504319	281506240	281506717	281508637	396779011	281300000	281550000	418	3441	1920	477	immediate
SUPER_2	272633081	272679429	IR	308	.	272656024	0.308	0.917	110	47852	272633081	272633465	272679045	272679454	396779011	272600000	272850000	51	937	384	45580	spaced
SUPER_2	212839352	212841614	IR	308	.	212840514	0.308	0.976	81	2341	212839352	212839806	212841169	212841614	396779011	212650000	212900000	81	3174	445	1363	immediate
SUPER_2	141748361	141755486	IR	308	.	141751798	0.308	0.683	59	7095	141748361	141748443	141755430	141755486	396779011	141700000	141950000	1389	865	56	6987	spaced
SUPER_2	143521801	143530265	IR	308	.	143526467	0.308	0.000	57	8421	143521801	143521967	143530208	143530265	396779011	143300000	143550000	0	3767	57	8241	spaced
SUPER_2	110551644	110554916	IR	308	.	110552996	0.308	0.993	48	3248	110551644	110551917	110554643	110554916	396779011	110550000	110800000	0	54	273	2726	spaced
SUPER_2	29211335	29227991	IR	308	.	29219423	0.308	0.903	32	17458	29211335	29211788	29227541	29227991	396779011	29100000	29350000	14	1994	450	15753	spaced
SUPER_2	51016306	51039664	IR	308	.	51028271	0.308	0.953	26	23345	51016306	51016642	51039328	51039670	396779011	50800000	51050000	0	3799	336	22686	spaced
SUPER_2	24138064	24141202	IR	308	.	24139315	0.308	0.685	25	3199	24138064	24138270	24140996	24141285	396779011	24000000	24250000	0	2327	206	2726	spaced
SUPER_2	31804329	31848725	IR	308	.	31826762	0.308	0.983	22	44366	31804329	31804506	31848549	31848725	396779011	31600000	31850000	0	3775	176	44043	spaced
SUPER_2	63473882	63477523	IR	307	.	63476067	0.307	0.997	179	3619	63473882	63474884	63476521	63477525	396779011	63250000	63500000	0	3761	1002	1637	immediate
SUPER_2	198824183	198833207	IR	307	.	198828736	0.307	0.993	113	9100	198824183	198824782	198832611	198833207	396779011	198600000	198850000	113	3811	596	7829	spaced
SUPER_2	213446698	213449265	IR	307	.	213447637	0.307	1.000	89	2542	213446698	213447213	213448750	213449265	396779011	213350000	213600000	0	1632	515	1537	immediate
SUPER_2	128771064	128785757	IR	307	.	128778064	0.307	0.872	82	14665	128771064	128771998	128784843	128785757	396779011	128600000	128850000	0	2973	914	12845	spaced
SUPER_2	332390327	332510489	IR	307	.	332450632	0.307	0.997	82	120281	332390327	332390708	332510108	332510489	396779011	332300000	332550000	82	2506	381	119400	wide
SUPER_2	114550017	114588968	IR	307	.	114569038	0.307	0.859	51	38996	114550017	114551313	114587672	114589035	396779011	114350000	114600000	0	3658	1296	36359	spaced
SUPER_2	271456058	271460562	IR	307	.	271458335	0.307	0.925	36	4529	271456058	271456221	271460399	271460572	396779011	271250000	271500000	36	3471	163	4178	spaced
SUPER_2	63354152	63369155	IR	307	.	63361645	0.307	0.833	30	15051	63354152	63354863	63368509	63369155	396779011	63150000	63400000	30	3527	646	13646	spaced
SUPER_2	267800845	267903978	IR	307	.	267852822	0.307	0.988	30	103105	267800845	267801105	267903718	267903978	396779011	267700000	267950000	0	2540	260	102613	wide
SUPER_2	114329544	114392222	IR	307	.	114360695	0.307	0.968	26	62672	114329544	114329668	114392102	114392222	396779011	114250000	114500000	26	1847	120	62434	spaced
SUPER_2	225533463	225543942	IR	307	.	225538324	0.307	0.930	25	10457	225533463	225533721	225543694	225543942	396779011	225300000	225550000	0	3978	248	9973	spaced
SUPER_2	108191532	108267739	IR	307	.	108229599	0.307	0.987	24	76214	108191532	108191683	108267588	108267739	396779011	108050000	108300000	24	2993	151	75905	spaced
SUPER_2	214261092	214270455	IR	306	.	214265778	0.306	1.000	847	10281	214261092	214264772	214266775	214270455	396779011	214050000	214300000	847	3596	3680	2003	spaced
SUPER_2	36248846	36277123	IR	306	.	36262553	0.306	0.992	206	28259	36248846	36250157	36275812	36277123	396779011	36200000	36450000	0	1049	1311	25655	spaced
SUPER_2	393281420	393343336	IR	306	.	393312233	0.306	0.974	94	62060	393281420	393281912	393342844	393343345	396779011	393100000	393350000	94	3539	492	60932	spaced
SUPER_2	247108968	247120405	IR	306	.	247114447	0.306	0.956	85	11701	247108968	247109749	247119636	247120405	396779011	247100000	247350000	85	244	769	9887	spaced
SUPER_2	23386691	23396806	IR	306	.	23392170	0.306	0.808	59	10135	23386691	23388658	23394839	23396844	396779011	23250000	23500000	0	2362	1967	6181	spaced
SUPER_2	317189383	317192282	IR	306	.	317190841	0.306	0.938	52	2839	317189383	317189443	317192222	317192286	396779011	316950000	317200000	1142	4013	60	2779	spaced
SUPER_2	61812172	61994238	IR	306	.	61902760	0.306	0.788	37	182086	61812172	61813278	61993132	61994277	396779011	61750000	62000000	0	2553	1106	179854	wide
SUPER_2	200500825	200565206	IR	306	.	200532547	0.306	0.649	28	64335	200500825	200500873	200565158	200565232	396779011	200350000	200600000	0	3050	48	64285	spaced
SUPER_2	269270771	269317262	IR	306	.	269294459	0.306	0.804	27	46533	269270771	269271153	269316880	269317333	396779011	269150000	269400000	0	2400	382	45727	spaced
SUPER_2	168398074	168517605	IR	306	.	168457953	0.306	0.921	26	119747	168398074	168398322	168517360	168517605	396779011	168300000	168550000	26	2630	245	119038	wide
SUPER_2	289734168	289741298	IR	306	.	289737517	0.306	0.797	26	7195	289734168	289734338	289741128	289741333	396779011	289700000	289950000	26	628	170	6790	spaced
SUPER_2	143628927	143634649	IR	305	.	143631964	0.305	0.974	306	6040	143628927	143630238	143633338	143634684	396779011	143500000	143750000	321	2196	1311	3100	spaced
SUPER_2	293723320	293726623	IR	305	.	293724562	0.305	0.986	52	3279	293723320	293723601	293726342	293726623	396779011	293600000	293850000	0	2082	281	2741	spaced
SUPER_2	184176080	184193155	IR	305	.	184184912	0.305	0.972	44	17058	184176080	184176509	184192726	184193158	396779011	183950000	184200000	0	3910	429	16217	spaced
SUPER_2	45647383	45665348	IR	305	.	45655956	0.305	0.996	32	17946	45647383	45647620	45665111	45665348	396779011	45450000	45700000	0	3439	237	17491	spaced
SUPER_2	274832223	274839674	IR	305	.	274835566	0.305	0.945	31	7426	274832223	274832637	274839262	274839674	396779011	274800000	275050000	0	599	412	6625	spaced
SUPER_2	241784605	241790660	IR	305	.	241787323	0.305	0.944	28	6041	241784605	241784924	241790341	241790664	396779011	241550000	241800000	0	3960	319	5417	spaced
SUPER_2	94933451	94941184	IR	305	.	94937148	0.305	0.923	26	7691	94933451	94933499	94941136	94941188	396779011	94700000	94950000	318	3955	48	7637	spaced
SUPER_2	27103046	27111840	IR	305	.	27107292	0.305	0.855	25	8874	27103046	27104094	27110792	27111842	396779011	26950000	27200000	25	2623	1048	6698	spaced
SUPER_2	190056649	190060699	IR	304	.	190058451	0.304	0.981	59	4743	190056649	190057018	190060330	190060701	396779011	190000000	190250000	59	977	369	3312	spaced
SUPER_2	128690735	128702890	IR	304	.	128697126	0.304	0.968	53	12142	128690735	128691174	128702451	128702894	396779011	128500000	128750000	0	3280	439	11277	spaced
SUPER_2	71706876	71710139	IR	304	.	71708897	0.304	0.993	52	3239	71706876	71707157	71709859	71710139	396779011	71500000	71750000	0	3474	280	2702	spaced
SUPER_2	158639169	158768152	IR	304	.	158703372	0.304	0.463	36	128929	158639169	158639277	158768098	158768152	396779011	158600000	158850000	0	1727	54	128821	wide
SUPER_2	354418084	354511350	IR	304	.	354464926	0.304	0.989	32	93303	354418084	354418258	354511176	354511350	396779011	354300000	354550000	32	2745	174	92918	spaced
SUPER_2	353868008	353870750	IR	304	.	353869602	0.304	0.888	25	2790	353868008	353868334	353870424	353870751	396779011	353650000	353900000	25	3656	326	2090	spaced
SUPER_2	151528137	151533705	IR	304	.	151531141	0.304	0.803	21	5539	151528137	151528198	151533655	151533705	396779011	151500000	151750000	123	515	50	5457	spaced
SUPER_2	152241527	152335431	IR	303	.	152288940	0.303	0.981	427	93881	152241527	152244728	152332250	152335431	396779011	152100000	152350000	0	3141	3181	87522	spaced
SUPER_2	133131382	133146081	IR	303	.	133138475	0.303	0.998	165	14680	133131382	133132423	133145040	133146081	396779011	132900000	133150000	0	3978	1041	12617	spaced
SUPER_2	37738432	37744923	IR	303	.	37742009	0.303	0.916	113	6196	37738432	37739880	37743475	37744930	396779011	37550000	37800000	0	3194	1448	3595	spaced
SUPER_2	217560274	217570554	IR	303	.	217565779	0.303	0.911	77	10249	217560274	217560993	217569883	217570554	396779011	217450000	217700000	0	1923	671	8890	spaced
SUPER_2	98173077	98223314	IR	303	.	98197844	0.303	0.581	53	50175	98173077	98173187	98223252	98223314	396779011	98100000	98350000	0	1636	62	50065	spaced
SUPER_2	238321109	238325298	IR	303	.	238323648	0.303	0.980	51	4169	238321109	238321515	238324893	238325298	396779011	238100000	238350000	0	3719	405	3378	spaced
SUPER_2	229880260	229884256	IR	303	.	229882476	0.303	0.991	45	4030	229880260	229880483	229884033	229884258	396779011	229850000	230100000	45	537	223	3550	spaced
SUPER_2	89478569	89484127	IR	303	.	89480885	0.303	0.993	41	5534	89478569	89478852	89483844	89484127	396779011	89250000	89500000	0	3855	283	4992	spaced
SUPER_2	289956490	289971144	IR	303	.	289964220	0.303	0.814	39	14627	289956490	289958346	289969349	289971144	396779011	289950000	290200000	0	230	1795	11003	spaced
SUPER_2	218130189	218217729	IR	303	.	218174223	0.303	0.885	36	87489	218130189	218130880	218217057	218217729	396779011	218100000	218350000	0	1232	672	86177	spaced
SUPER_2	62894007	62899370	IR	303	.	62896698	0.303	0.988	28	5457	62894007	62894178	62899199	62899370	396779011	62650000	62900000	28	4111	171	5021	spaced
SUPER_2	234765389	234769276	IR	303	.	234766896	0.303	0.694	27	3862	234765389	234766095	234768662	234769276	396779011	234550000	234800000	0	3622	614	2567	spaced
SUPER_2	247808516	247884892	IR	303	.	247847060	0.303	0.603	25	76435	247808516	247809227	247884181	247884977	396779011	247800000	248050000	0	778	711	74954	spaced
SUPER_2	70629197	70844339	IR	303	.	70736796	0.303	0.907	21	215220	70629197	70629746	70843798	70844339	396779011	70600000	70850000	21	2279	541	214052	wide
SUPER_2	371136113	371146614	IR	302	.	371141672	0.302	0.889	88	10447	371136113	371137114	371145614	371146614	396779011	370900000	371150000	0	4022	1000	8500	spaced
SUPER_2	43290686	43294651	IR	302	.	43293013	0.302	1.000	64	3945	43290686	43291015	43294322	43294651	396779011	43050000	43300000	0	4044	329	3307	spaced
SUPER_2	85263394	85297621	IR	302	.	85280039	0.302	0.902	64	34212	85263394	85264585	85296430	85297624	396779011	85050000	85300000	0	3841	1191	31845	spaced
SUPER_2	176245603	176266736	IR	302	.	176255792	0.302	0.968	39	21109	176245603	176245973	176266366	176266738	396779011	176050000	176300000	0	3436	370	20393	spaced
SUPER_2	138998063	139001552	IR	302	.	139000140	0.302	1.000	37	3453	138998063	138998289	139001326	139001552	396779011	138900000	139150000	0	1663	226	3037	spaced
SUPER_2	261104545	261112312	IR	301	.	261108020	0.301	0.952	187	7735	261104545	261105905	261110991	261112312	396779011	260950000	261200000	0	2640	1321	5086	spaced
SUPER_2	199543560	199547309	IR	301	.	199545900	0.301	0.982	98	3702	199543560	199544399	199546470	199547309	396779011	199350000	199600000	0	3257	839	2071	spaced
SUPER_2	181970658	181997825	IR	301	.	181984355	0.301	0.936	79	27684	181970658	181971072	181997419	181997825	396779011	181800000	182050000	91	3070	406	26347	spaced
SUPER_2	324307183	324343401	IR	301	.	324325699	0.301	0.958	66	36197	324307183	324307992	324342594	324343401	396779011	324100000	324350000	0	3754	807	34602	spaced
SUPER_2	134434920	134437851	IR	301	.	134436214	0.301	0.993	57	3006	134434920	134435211	134437560	134437851	396779011	134200000	134450000	57	3939	291	2349	spaced
SUPER_2	176559532	176566861	IR	301	.	176563400	0.301	0.595	51	7291	176559532	176559574	176566819	176566891	396779011	176350000	176600000	597	3553	42	7245	spaced
SUPER_2	268134652	268273866	IR	301	.	268204136	0.301	0.960	50	139341	268134652	268135145	268273373	268273874	396779011	268050000	268300000	50	2570	493	138228	wide
SUPER_2	187927159	187988134	IR	301	.	187957962	0.301	0.688	46	60994	187927159	187927247	187988046	187988174	396779011	187750000	188000000	0	3460	88	60799	spaced
SUPER_2	287035929	287056260	IR	301	.	287045698	0.301	0.000	45	20291	287035929	287036076	287056220	287056260	396779011	286850000	287100000	0	3268	40	20144	spaced
SUPER_2	111279445	111363870	IR	301	.	111321728	0.301	0.929	39	84375	111279445	111279501	111363818	111363870	396779011	111150000	111400000	570	2860	52	84317	spaced
SUPER_2	348547018	348598467	IR	301	.	348573130	0.301	0.855	38	51424	348547018	348547547	348597955	348598467	396779011	348450000	348700000	0	2045	512	50408	spaced
SUPER_2	104504159	104507406	IR	301	.	104505360	0.301	0.958	23	3230	104504159	104504295	104507270	104507412	396779011	104300000	104550000	0	3429	136	2975	spaced
SUPER_2	315488314	315496690	IR	301	.	315492946	0.301	0.972	23	8358	315488314	315488525	315496480	315496690	396779011	315300000	315550000	0	3208	210	7955	spaced
SUPER_2	106676685	106688525	IR	301	.	106683045	0.301	0.927	22	11827	106676685	106676911	106688299	106688531	396779011	106600000	106850000	0	1376	226	11388	spaced
SUPER_2	99574212	99582342	IR	300	.	99578086	0.300	0.988	58	8185	99574212	99574553	99582001	99582342	396779011	99400000	99650000	58	2971	341	7448	spaced
SUPER_2	237746761	237789369	IR	300	.	237767731	0.300	0.928	52	42596	237746761	237747660	237788470	237789378	396779011	237550000	237800000	0	3634	899	40810	spaced
SUPER_2	44835928	44839653	IR	300	.	44837668	0.300	0.970	46	3749	44835928	44836159	44839427	44839653	396779011	44600000	44850000	46	3963	226	3268	spaced
SUPER_2	384635256	384645577	IR	300	.	384640853	0.300	1.000	25	10304	384635256	384635415	384645418	384645577	396779011	384400000	384650000	0	4006	159	10003	spaced
SUPER_2	42857243	42899501	IR	300	.	42878843	0.300	0.850	24	42250	42857243	42857741	42899003	42899522	396779011	42750000	43000000	0	2139	498	41262	spaced
SUPER_2	104382631	104429713	IR	300	.	104406123	0.300	0.522	24	47705	104382631	104388850	104423497	104429713	396779011	104200000	104450000	25	3436	6216	34647	spaced
SUPER_2	164361527	164472629	IR	300	.	164416950	0.300	0.871	23	111098	164361527	164361752	164472415	164472629	396779011	164350000	164600000	23	1117	214	110663	wide
SUPER_2	311751287	311768842	IR	300	.	311759791	0.300	0.949	23	17532	311751287	311751677	311768456	311768842	396779011	311550000	311800000	0	3500	386	16779	spaced
SUPER_2	47239758	47250858	IR	300	.	47245352	0.300	0.985	21	11097	47239758	47239892	47250724	47250858	396779011	47200000	47450000	21	754	134	10832	spaced
SUPER_2	80108675	80113212	IR	299	.	80110561	0.299	0.989	163	4513	80108675	80109708	80112181	80113212	396779011	79900000	80150000	0	3515	1031	2473	spaced
SUPER_2	117276312	117289763	IR	299	.	117282767	0.299	0.999	123	13431	117276312	117277025	117289050	117289763	396779011	117050000	117300000	0	3883	713	12025	spaced
SUPER_2	94875625	94885452	IR	299	.	94880169	0.299	0.910	91	9805	94875625	94877158	94883919	94885453	396779011	94650000	94900000	0	3842	1533	6761	spaced
SUPER_2	79453122	79461183	IR	299	.	79457559	0.299	0.946	51	8039	79453122	79453656	79460649	79461188	396779011	79250000	79500000	0	3452	534	6993	spaced
SUPER_2	176372878	176393663	IR	299	.	176383574	0.299	0.994	51	20764	176372878	176373216	176393326	176393663	396779011	176150000	176400000	0	3887	337	20110	spaced
SUPER_2	80678906	80682927	IR	299	.	80681131	0.299	0.991	45	4053	80678906	80679131	80682704	80682927	396779011	80450000	80700000	45	3848	223	3573	spaced
SUPER_2	347932240	347936167	IR	299	.	347933903	0.299	0.784	27	3964	347932240	347932581	347935826	347936224	396779011	347700000	347950000	0	3903	341	3245	spaced
SUPER_2	136270750	136374739	IR	299	.	136322261	0.299	0.553	21	103951	136270750	136270788	136374701	136374769	396779011	136200000	136450000	0	2045	38	103913	wide
SUPER_2	127755238	127759163	IR	299	.	127757668	0.299	0.930	20	3902	127755238	127755681	127758726	127759163	396779011	127550000	127800000	0	3453	437	3045	spaced
SUPER_2	330830971	330833749	IR	299	.	330832283	0.299	0.859	20	2819	330830971	330831459	330833261	330833786	396779011	330650000	330900000	20	3039	488	1802	immediate
SUPER_2	149294843	149435079	IR	298	.	149365218	0.298	0.983	697	140207	149294843	149299635	149430313	149435079	396779011	149200000	149450000	0	2749	4766	130678	wide
SUPER_2	122020034	122087371	IR	298	.	122054068	0.298	0.987	595	67336	122020034	122023981	122083424	122087389	396779011	121900000	122150000	0	2561	3947	59443	spaced
SUPER_2	152083716	152095282	IR	298	.	152089883	0.298	0.938	374	11510	152083716	152087324	152091674	152095355	396779011	151900000	152150000	0	3158	3608	4350	spaced
SUPER_2	54073090	54089357	IR	298	.	54081676	0.298	0.983	103	16248	54073090	54073813	54088635	54089357	396779011	53850000	54100000	0	3853	722	14822	spaced
SUPER_2	369482963	369500386	IR	298	.	369491572	0.298	0.922	103	17597	369482963	369484079	369499270	369500398	396779011	369300000	369550000	103	3194	1116	15191	spaced
SUPER_2	374354059	374361786	IR	298	.	374358381	0.298	0.452	61	7665	374354059	374354185	374361724	374361786	396779011	374150000	374400000	0	3465	62	7539	spaced
SUPER_2	153880253	153888115	IR	298	.	153883766	0.298	0.906	60	7839	153880253	153881161	153887238	153888115	396779011	153700000	153950000	0	3069	877	6077	spaced
SUPER_2	57850757	57984525	IR	298	.	57917480	0.298	0.854	59	133998	57850757	57851519	57983830	57984525	396779011	57850000	58100000	59	1127	695	132311	wide
SUPER_2	54960376	54964758	IR	298	.	54962114	0.298	0.985	57	4362	54960376	54960781	54964353	54964758	396779011	54900000	55150000	0	1042	405	3572	spaced
SUPER_2	217974917	217978776	IR	298	.	217976603	0.298	0.996	57	3883	217974917	217975154	217978539	217978776	396779011	217750000	218000000	57	3780	237	3385	spaced
SUPER_2	112902679	112995363	IR	298	.	112948890	0.298	0.802	26	92687	112902679	112903204	112994878	112995363	396779011	112750000	113000000	26	3316	485	91674	spaced
SUPER_2	296180460	296189701	IR	298	.	296184817	0.298	0.940	24	9230	296180460	296180706	296189455	296189707	396779011	296100000	296350000	0	1417	246	8749	spaced
SUPER_2	223081945	223090603	IR	298	.	223085869	0.298	0.948	20	8637	223081945	223082252	223090296	223090604	396779011	223000000	223250000	0	1437	307	8044	spaced
SUPER_2	205288250	205298648	IR	297	.	205293461	0.297	0.982	53	10422	205288250	205288591	205298307	205298648	396779011	205050000	205300000	53	4057	341	9716	spaced
SUPER_2	220979366	220989365	IR	297	.	220983886	0.297	0.981	44	9972	220979366	220979727	220989004	220989367	396779011	220900000	221150000	0	1405	361	9277	spaced
SUPER_2	183609465	183615563	IR	297	.	183612317	0.297	0.976	34	6151	183609465	183609675	183615354	183615563	396779011	183550000	183800000	34	1041	209	5679	spaced
SUPER_2	364004905	364092005	IR	297	.	364048774	0.297	0.955	30	87070	364004905	364005242	364091671	364092005	396779011	363900000	364150000	0	2474	334	86429	spaced
SUPER_2	115540136	115627420	IR	297	.	115583925	0.297	0.956	28	87385	115540136	115540451	115627105	115627420	396779011	115400000	115650000	28	3062	315	86654	spaced
SUPER_2	95124782	95138492	IR	297	.	95131482	0.297	0.947	20	13709	95124782	95125026	95138250	95138492	396779011	95050000	95300000	20	1360	242	13224	spaced
SUPER_2	136996471	137033277	IR	297	.	137014672	0.297	0.743	20	36946	136996471	136996806	137032994	137033277	396779011	136900000	137150000	20	1914	283	36188	spaced
SUPER_2	304125474	304153501	IR	296	.	304139487	0.296	0.410	34	28098	304125474	304139455	304139520	304153560	396779011	304050000	304300000	34	1491	13981	65	immediate
SUPER_2	150171073	150198022	IR	296	.	150184060	0.296	0.967	32	26922	150171073	150171431	150197664	150198023	396779011	149950000	150200000	0	3908	358	26233	spaced
SUPER_2	214449050	214456712	IR	296	.	214452440	0.296	0.872	24	7657	214449050	214449555	214456207	214456725	396779011	214250000	214500000	0	3381	505	6652	spaced
SUPER_2	71531335	71674351	IR	296	.	71603190	0.296	0.993	20	142986	71531335	71531472	71674214	71674351	396779011	71450000	71700000	0	2547	137	142742	wide
SUPER_2	184125492	184136217	IR	295	.	184130502	0.295	0.976	171	10597	184125492	184126845	184134864	184136219	396779011	183900000	184150000	0	3847	1353	8019	spaced
SUPER_2	149710555	149727779	IR	295	.	149719271	0.295	0.962	123	17326	149710555	149711435	149726900	149727779	396779011	149500000	149750000	123	3652	879	15465	spaced
SUPER_2	201217697	201232076	IR	295	.	201224583	0.295	0.983	65	14350	201217697	201218164	201231610	201232076	396779011	201200000	201450000	0	414	466	13446	spaced
SUPER_2	268332283	268355686	IR	295	.	268343807	0.295	0.934	30	23433	268332283	268332464	268355513	268355686	396779011	268200000	268450000	30	2399	173	23049	spaced
SUPER_2	58982064	59013319	IR	295	.	58997727	0.295	0.963	26	31259	58982064	58982171	59013212	59013319	396779011	58800000	59050000	26	3294	107	31041	spaced
SUPER_2	325208260	325215724	IR	295	.	325211835	0.295	0.961	24	7465	325208260	325208384	325215600	325215729	396779011	325000000	325250000	24	3533	124	7216	spaced
SUPER_2	182321857	182332053	IR	294	.	182326813	0.294	0.936	41	111165	182321857	182322215	182331695	182332068	396779011	182150000	182400000	41	2949	358	9480	spaced
SUPER_2	13816914	13822306	IR	294	.	13819155	0.294	0.830	25	5365	13816914	13818091	13821217	13822306	396779011	13600000	13850000	0	3660	1089	3126	spaced
SUPER_2	99513562	99521719	IR	293	.	99517927	0.293	1.000	63	8139	99513562	99513900	99521381	99521719	396779011	99400000	99650000	0	1960	338	7481	spaced
SUPER_2	177507112	177517921	IR	293	.	177512942	0.293	0.977	48	10797	177507112	177507490	177517543	177517926	396779011	177300000	177550000	0	3541	378	10053	spaced
SUPER_2	227659890	227669303	IR	293	.	227664352	0.293	1.000	47	8866	227659890	227659907	227669286	227669303	396779011	227450000	227700000	1	3576	17	9379	spaced
SUPER_2	133440065	133443459	IR	293	.	133441395	0.293	0.333	20	3352	133440065	133440159	133443417	133443459	396779011	133200000	133450000	0	4029	42	3258	spaced
SUPER_2	85627112	85637215	IR	292	.	85632229	0.292	0.990	75	10134	85627112	85627594	85636733	85637215	396779011	85400000	85650000	75	3869	482	9139	spaced
SUPER_2	340500921	340507851	IR	292	.	340504549	0.292	0.958	33	6955	340500921	340501280	340507495	340507851	396779011	340300000	340550000	33	3406	356	6215	spaced
SUPER_2	234451126	234460951	IR	292	.	234456096	0.292	0.908	29	9846	234451126	234451552	234460536	234460951	396779011	234450000	234700000	29	100	415	8984	spaced
SUPER_2	40521211	40592927	IR	291	.	40557514	0.291	0.860	452	71693	40521211	40527740	40586515	40592927	396779011	40350000	40600000	0	3451	6412	58775	spaced
SUPER_2	54620495	54625928	IR	291	.	54623090	0.291	0.966	241	5662	54620495	54621669	54624789	54625928	396779011	54400000	54650000	249	3720	1139	3120	spaced
SUPER_2	365319296	365326770	IR	291	.	365322877	0.291	0.908	42	7574	365319296	365320022	365326048	365326770	396779011	365150000	365400000	42	2883	722	6026	spaced
SUPER_2	224952033	224987092	IR	290	.	224969597	0.290	0.923	148	35601	224952033	224954040	224985146	224987092	396779011	224750000	225000000	148	3659	1946	31106	spaced
SUPER_2	207157654	207177404	IR	290	.	207167671	0.290	0.929	80	19897	207157654	207158505	207176563	207177404	396779011	206950000	207200000	80	3625	841	18058	spaced
SUPER_2	176303129	176308401	IR	289	.	176305882	0.289	0.968	37	5335	176303129	176303379	176308155	176308401	396779011	176100000	176350000	37	3429	246	4776	spaced
SUPER_2	319431016	319452653	IR	288	.	319441543	0.288	0.924	37	21623	319431016	319431815	319451854	319452657	396779011	319400000	319650000	0	697	799	20039	spaced
SUPER_2	170290217	170315311	IR	287	.	170302889	0.287	0.788	42	25099	170290217	170290283	170315259	170315311	396779011	170250000	170500000	729	879	52	24976	spaced
SUPER_2	289407048	289463022	IR	287	.	289435172	0.287	0.845	30	56322	289407048	289408535	289461535	289463022	396779011	289350000	289600000	30	1417	1487	53000	spaced
SUPER_2	383202471	383380070	IR	287	.	383291645	0.287	0.000	20	177474	383202471	383202596	383380053	383380070	396779011	383200000	383450000	0	1521	17	177457	wide
SUPER_2	294420885	294430165	IR	286	.	294425020	0.286	0.976	85	9258	294420885	294421667	294429383	294430166	396779011	294350000	294600000	0	1258	782	7716	spaced
SUPER_2	186833466	186857964	IR	286	.	186846118	0.286	0.993	44	24477	186833466	186833759	186857671	186857964	396779011	186650000	186900000	0	3261	293	23912	spaced
SUPER_2	183716743	183764518	IR	282	.	183740209	0.282	0.906	32	47741	183716743	183716801	183764460	183764524	396779011	183700000	183950000	0	677	58	47659	spaced
SUPER_2	336156857	336162606	IR	280	.	336159635	0.280	0.892	62	5693	336156857	336156931	336162540	336162606	396779011	335950000	336200000	1786	3495	66	5609	spaced
SUPER_3	129489858	129492806	IR	1000	.	129491332	1.000	1.000	297	3281	129489858	129491179	129491485	129492806	347412011	129250000	129500000	297	4022	1321	306	immediate
SUPER_3	35999146	36001192	IR	1000	.	36000169	1.000	1.000	210	2243	35999146	36000069	36000269	36001192	347412011	35800000	36050000	210	3336	923	200	immediate
SUPER_3	167590436	167592836	IR	997	.	167591636	0.997	1.000	238	2644	167590436	167591507	167591765	167592836	347412011	167350000	167600000	238	4027	1071	258	immediate
SUPER_3	6910047	6911955	IR	996	.	6911001	0.996	1.000	181	2083	6910047	6910897	6911105	6911955	347412011	6700000	6950000	181	3516	850	208	immediate
SUPER_3	118396761	118398797	IR	995	.	118397779	0.995	1.000	199	2258	118396761	118397658	118397900	118398797	347412011	118150000	118400000	199	4129	897	242	immediate
SUPER_3	282790848	282795370	IR	994	.	282793109	0.994	0.993	446	4991	282790848	282792833	282793385	282795381	347412011	282600000	282850000	450	3218	1985	552	immediate
SUPER_3	187282352	187284356	IR	994	.	187283354	0.994	1.000	203	2249	187282352	187283240	187283468	187284356	347412011	187050000	187300000	203	3889	888	228	immediate
SUPER_3	126620144	126622088	IR	994	.	126621116	0.994	0.998	202	2198	126620144	126620988	126621244	126622088	347412011	126400000	126650000	202	3685	844	256	immediate
SUPER_3	205758265	205764841	IR	990	.	205761553	0.990	1.000	647	7274	205758265	205761179	205761927	205764841	347412011	205550000	205800000	647	3525	2914	748	immediate
SUPER_3	296789399	296792681	IR	990	.	296791041	0.990	0.997	318	3641	296789399	296790843	296791239	296792681	347412011	296750000	297000000	341	683	1442	396	immediate
SUPER_3	102027084	102040163	IR	986	.	102033410	0.986	1.000	1185	14477	102027084	102032333	102034914	102040163	347412011	101800000	102050000	1187	3893	5249	2581	spaced
SUPER_3	300572600	300584436	IR	986	.	300578518	0.986	1.000	1171	13194	300572600	300577825	300579211	300584436	347412011	300350000	300600000	1171	3808	5225	1386	immediate
SUPER_3	93469877	93481713	IR	986	.	93475795	0.986	1.000	1170	13194	93469877	93475102	93476488	93481713	347412011	93250000	93500000	1170	3763	5225	1386	immediate
SUPER_3	214336580	214348420	IR	985	.	214342500	0.985	1.000	1169	13198	214336580	214341774	214343226	214348420	347412011	214100000	214350000	1169	4041	5194	1452	immediate
SUPER_3	25461131	25472487	IR	985	.	25466809	0.985	0.995	1151	12617	25461131	25466171	25467447	25472510	347412011	25250000	25500000	1159	3613	5040	1276	immediate
SUPER_3	334466735	334469849	IR	984	.	334468292	0.984	1.000	312	3463	334466735	334468113	334468471	334469849	347412011	334250000	334500000	312	3638	1378	358	immediate
SUPER_3	96155492	96158292	IR	984	.	96156892	0.984	0.999	271	3159	96155492	96156728	96157056	96158292	347412011	95950000	96200000	275	3448	1236	328	immediate
SUPER_3	341013484	341021806	IR	982	.	341017645	0.982	1.000	823	9251	341013484	341017205	341018085	341021806	347412011	340800000	341050000	824	3627	3721	880	immediate
SUPER_3	162931291	162934005	IR	975	.	162932369	0.975	0.996	164	2686	162931291	162932336	162932960	162934005	347412011	162700000	162950000	0	3877	1045	624	immediate
SUPER_3	174741783	174743915	IR	974	.	174742849	0.974	1.000	197	2344	174741783	174742658	174743040	174743915	347412011	174500000	174750000	197	4047	875	382	immediate
SUPER_3	129531430	129537849	IR	973	.	129534575	0.973	0.998	472	6948	129531430	129533528	129535751	129537850	347412011	129300000	129550000	472	3910	2098	2223	spaced
SUPER_3	260736394	260738242	IR	962	.	260737318	0.962	0.997	159	2022	260736394	260737159	260737477	260738242	347412011	260600000	260850000	159	2288	765	318	immediate
SUPER_3	131115129	131117933	IR	960	.	131116531	0.960	0.996	246	3054	131115129	131116330	131116732	131117936	347412011	130900000	131150000	246	3608	1201	402	immediate
SUPER_3	214931595	214951348	IR	955	.	214941854	0.955	0.513	188	12300	214931595	214941081	214941889	214951348	347412011	214750000	215000000	0	3191	9459	808	immediate
SUPER_3	1113464	1115882	IR	950	.	1114673	0.950	1.000	210	2615	1113464	1114481	1114865	1115882	347412011	900000	1150000	210	3577	1017	384	immediate
SUPER_3	231723635	231731095	IR	945	.	231727365	0.945	0.999	720	8245	231723635	231726909	231727821	231731095	347412011	231500000	231750000	720	3789	3274	912	immediate
SUPER_3	336716100	336719654	IR	939	.	336718109	0.939	1.000	244	3536	336716100	336717571	336718183	336719654	347412011	336500000	336750000	0	3631	1471	612	immediate
SUPER_3	321590443	321592881	IR	939	.	321591662	0.939	0.999	234	2657	321590443	321591461	321591863	321592881	347412011	321350000	321600000	234	4027	1018	402	immediate
SUPER_3	339040457	339105073	IR	938	.	339072801	0.938	0.446	419	66110	339040457	339072468	339073134	339105073	347412011	338900000	339150000	419	2879	31939	666	immediate
SUPER_3	239064815	239069635	IR	937	.	239067225	0.937	0.999	461	5334	239064815	239066873	239067577	239069637	347412011	238850000	239100000	461	3620	2058	704	immediate
SUPER_3	115377721	115397802	IR	923	.	115387671	0.923	0.964	804	23721	115377721	115386586	115388938	115397802	347412011	115150000	115400000	804	3962	8864	2352	spaced
SUPER_3	190426257	190428265	IR	922	.	190427261	0.922	0.999	201	2223	190426257	190427140	190427382	190428266	347412011	190200000	190450000	201	3787	883	242	immediate
SUPER_3	310954281	310956527	IR	919	.	310955404	0.919	0.996	213	2529	310954281	310955234	310955574	310956528	347412011	310750000	311000000	213	3423	953	340	immediate
SUPER_3	118027828	118029882	IR	918	.	118028855	0.918	0.999	162	2221	118027828	118028668	118029042	118029882	347412011	117800000	118050000	162	3814	840	374	immediate
SUPER_3	226541287	226544557	IR	911	.	226542922	0.911	0.996	302	3609	226541287	226542701	226543143	226544558	347412011	226500000	226750000	303	715	1414	442	immediate
SUPER_3	78642653	78650706	IR	909	.	78646598	0.909	0.950	399	8522	78642653	78646160	78647199	78650707	347412011	78450000	78700000	399	3277	3507	1039	immediate
SUPER_3	324490440	324492426	IR	907	.	324491433	0.907	1.000	161	2190	324490440	324491214	324491652	324492426	347412011	324250000	324500000	161	4023	774	438	immediate
SUPER_3	210071522	210076129	IR	896	.	210073907	0.896	0.962	258	5216	210071522	210073443	210074208	210076129	347412011	209850000	210100000	258	3730	1921	765	immediate
SUPER_3	87442925	87445737	IR	892	.	87444331	0.892	0.995	224	3016	87442925	87444032	87444630	87445737	347412011	87200000	87450000	224	4072	1107	598	immediate
SUPER_3	265144430	265146842	IR	891	.	265145636	0.891	0.985	174	2658	265144430	265145405	265145867	265146842	347412011	264950000	265200000	180	3260	975	462	immediate
SUPER_3	218595833	218600713	IR	879	.	218598708	0.879	0.986	226	4856	218595833	218597702	218598849	218600713	347412011	218400000	218650000	0	3304	1864	1147	immediate
SUPER_3	244126610	244128610	IR	879	.	244127610	0.879	0.986	130	2099	244126610	244127324	244127896	244128610	347412011	243900000	244150000	130	3793	714	572	immediate
SUPER_3	105470359	105475984	IR	872	.	105473172	0.872	1.000	463	6208	105470359	105472699	105473645	105475984	347412011	105250000	105500000	463	3719	2339	946	immediate
SUPER_3	172604872	172607326	IR	869	.	172606099	0.869	0.988	139	2632	172604872	172605620	172606578	172607327	347412011	172400000	172650000	139	3434	748	958	immediate
SUPER_3	118879752	118882240	IR	865	.	118881003	0.865	0.981	188	2663	118879752	118880723	118881283	118882240	347412011	118650000	118900000	188	3849	957	560	immediate
SUPER_3	264856692	264858813	IR	864	.	264857752	0.864	0.992	156	2313	264856692	264857455	264858050	264858813	347412011	264850000	265100000	156	129	763	595	immediate
SUPER_3	217111335	217115166	IR	861	.	217112744	0.861	0.956	104	3804	217111335	217112579	217113923	217115166	347412011	216900000	217150000	0	3554	1243	1344	immediate
SUPER_3	200119879	200122187	IR	852	.	200121033	0.852	0.942	178	2630	200119879	200120880	200121186	200122232	347412011	199950000	200200000	178	2850	1001	306	immediate
SUPER_3	193288978	193290939	IR	848	.	193289810	0.848	0.999	137	2104	193288978	193289705	193290213	193290939	347412011	193050000	193300000	137	3999	726	508	immediate
SUPER_3	48205921	48213902	IR	847	.	48210376	0.847	1.000	617	7959	48205921	48209656	48210167	48213903	347412011	48000000	48250000	0	3498	3735	511	immediate
SUPER_3	251965460	251970447	IR	846	.	251968388	0.846	0.972	228	4958	251965460	251967362	251968553	251970447	347412011	251750000	252000000	0	3632	1894	1191	immediate
SUPER_3	26172293	26174492	IR	843	.	26173474	0.843	0.955	127	2567	26172293	26173216	26173569	26174493	347412011	25950000	26200000	127	3723	923	353	immediate
SUPER_3	5271513	5273772	IR	841	.	5272813	0.841	0.938	76	2402	5271513	5272276	5273009	5273772	347412011	5050000	5300000	76	3710	763	733	immediate
SUPER_3	182067159	182069741	IR	839	.	182068450	0.839	0.991	168	2901	182067159	182068068	182068832	182069741	347412011	181850000	182100000	168	3640	909	764	immediate
SUPER_3	18291372	18293849	IR	836	.	18292611	0.836	0.999	201	2743	18291372	18292258	18292964	18293849	347412011	18050000	18300000	201	4043	885	706	immediate
SUPER_3	260587404	260591178	IR	835	.	260589715	0.835	0.889	204	3739	260587404	260588973	260589609	260591225	347412011	260350000	260600000	0	3988	1569	636	immediate
SUPER_3	106951439	106953677	IR	831	.	106952559	0.831	0.998	200	2446	106951439	106952374	106952744	106953677	347412011	106800000	107050000	200	2542	933	370	immediate
SUPER_3	166128216	166130709	IR	826	.	166129463	0.826	0.999	235	2754	166128216	166129307	166129619	166130709	347412011	165900000	166150000	242	3824	1090	312	immediate
SUPER_3	34289937	34292899	IR	826	.	34291421	0.826	0.978	163	3099	34289937	34291003	34291839	34292899	347412011	34050000	34300000	163	4023	1060	836	immediate
SUPER_3	245468822	245472794	IR	825	.	245470808	0.825	0.994	327	4340	245468822	245470410	245471206	245472794	347412011	245250000	245500000	327	3679	1588	796	immediate
SUPER_3	237416311	237418449	IR	824	.	237417380	0.824	1.000	165	2298	237416311	237417045	237417715	237418449	347412011	237200000	237450000	165	3622	734	670	immediate
SUPER_3	109210805	109213942	IR	822	.	109212391	0.822	0.966	227	34236	109210805	109211942	109212840	109213942	347412011	109000000	109250000	229	3539	1102	898	immediate
SUPER_3	192248378	192251832	IR	822	.	192250105	0.822	0.987	163	3722	192248378	192249268	192250942	192251832	347412011	192100000	192350000	163	2501	890	1674	immediate
SUPER_3	64075965	64077739	IR	821	.	64076936	0.821	0.883	56	2025	64075965	64076780	64076924	64077783	347412011	63850000	64100000	56	3780	815	144	immediate
SUPER_3	153379416	153382226	IR	820	.	153381209	0.820	1.000	88	2793	153379416	153379923	153381719	153382226	347412011	153300000	153550000	0	1346	507	1796	immediate
SUPER_3	75441607	75444588	IR	816	.	75442650	0.816	0.830	62	2962	75441607	75442726	75443469	75444680	347412011	75250000	75500000	0	3218	1119	743	immediate
SUPER_3	188650427	188655373	IR	814	.	188653120	0.814	0.919	141	5258	188650427	188652040	188653760	188655388	347412011	188450000	188700000	141	3381	1613	1720	immediate
SUPER_3	147110776	147113958	IR	812	.	147112367	0.812	0.945	140	3341	147110776	147112134	147112600	147113958	347412011	146900000	147150000	140	3539	1358	466	immediate
SUPER_3	303049167	303051315	IR	812	.	303050241	0.812	0.993	124	2221	303049167	303049849	303050633	303051317	347412011	302850000	303100000	124	3337	682	784	immediate
SUPER_3	17231756	17233720	IR	811	.	17232955	0.811	0.978	126	2078	17231756	17232341	17233135	17233723	347412011	17000000	17250000	126	3878	585	794	immediate
SUPER_3	175286315	175296089	IR	809	.	175291202	0.809	0.999	938	11008	175286315	175290441	175291963	175296089	347412011	175050000	175300000	938	4019	4126	1522	immediate
SUPER_3	157294971	157298937	IR	809	.	157297117	0.809	0.996	255	4278	157294971	157296108	157297802	157298937	347412011	157050000	157300000	255	4115	1135	1694	immediate
SUPER_3	301389280	301395002	IR	808	.	301392467	0.808	0.953	185	5671	301389280	301391580	301392702	301395003	347412011	301150000	301400000	0	4035	2300	1122	immediate
SUPER_3	12447269	12450573	IR	808	.	12448921	0.808	0.966	144	3619	12447269	12448129	12449713	12450575	347412011	12400000	12650000	144	815	860	1584	immediate
SUPER_3	219304548	219310440	IR	807	.	219307883	0.807	0.776	172	5874	219304548	219307012	219308030	219310440	347412011	219100000	219350000	0	3458	2410	1018	immediate
SUPER_3	175443344	175446294	IR	805	.	175444820	0.805	0.984	150	5606	175443344	175444296	175445344	175446294	347412011	175200000	175450000	150	4080	950	1048	immediate
SUPER_3	126136294	126138572	IR	805	.	126137433	0.805	0.992	126	2574	126136294	126136900	126137966	126138573	347412011	125900000	126150000	127	3957	606	1066	immediate
SUPER_3	272004085	272013701	IR	804	.	272008658	0.804	0.989	302	10765	272004085	272005387	272012409	272013701	347412011	271850000	272100000	263	2648	1292	7022	spaced
SUPER_3	170555527	170561391	IR	804	.	170558133	0.804	0.950	209	5836	170555527	170557885	170559033	170561391	347412011	170550000	170800000	0	140	2358	1148	immediate
SUPER_3	305268392	305271860	IR	801	.	305269768	0.801	0.818	67	3444	305268392	305270080	305270175	305271860	347412011	305050000	305300000	0	3668	1685	95	immediate
SUPER_3	261182554	261194374	IR	799	.	261188338	0.799	0.999	1033	12939	261182554	261187080	261189848	261194374	347412011	260950000	261200000	1033	3974	4526	2768	spaced
SUPER_3	130574016	130577763	IR	798	.	130575720	0.798	0.975	262	4142	130574016	130575629	130576150	130577770	347412011	130350000	130600000	262	3764	1613	521	immediate
SUPER_3	43521995	43525096	IR	798	.	43523544	0.798	0.948	126	3275	43521995	43522967	43524124	43525104	347412011	43300000	43550000	126	3725	972	1157	immediate
SUPER_3	129046095	129050793	IR	797	.	129048444	0.797	0.976	334	5327	129046095	129047830	129049058	129050824	347412011	128850000	129100000	412	3307	1735	1228	immediate
SUPER_3	250812886	250815996	IR	797	.	250814441	0.797	0.978	124	3296	250812886	250813695	250815187	250815997	347412011	250600000	250850000	124	3573	809	1492	immediate
SUPER_3	119251141	119253207	IR	797	.	119252234	0.797	0.882	86	2150	119251141	119251538	119252835	119253207	347412011	119050000	119300000	597	3369	372	1297	immediate
SUPER_3	230123631	230138189	IR	796	.	230130907	0.796	0.996	1348	16180	230123631	230129960	230131860	230138203	347412011	229900000	230150000	1348	3848	6329	1900	immediate
SUPER_3	4399527	4401531	IR	796	.	4400534	0.796	0.986	182	2205	4399527	4400391	4400677	4401531	347412011	4200000	4450000	187	3342	854	286	immediate
SUPER_3	169225300	169227749	IR	796	.	169226452	0.796	0.848	55	3446	169225300	169226392	169226681	169227749	347412011	169000000	169250000	160	3775	1068	289	immediate
SUPER_3	12354295	12358833	IR	787	.	12356567	0.787	0.973	230	4853	12354295	12355977	12357157	12358833	347412011	12150000	12400000	230	3442	1676	1180	immediate
SUPER_3	91178046	91181219	IR	787	.	91179632	0.787	0.969	152	3449	91178046	91178916	91180362	91181219	347412011	90950000	91200000	159	3827	857	1446	immediate
SUPER_3	170521939	170526011	IR	785	.	170523885	0.785	0.949	165	4503	170521939	170522737	170525250	170526011	347412011	170400000	170650000	267	2066	761	2513	spaced
SUPER_3	277590421	277592457	IR	781	.	277591451	0.781	0.994	25	2035	277590421	277590582	277592296	277592458	347412011	277350000	277600000	25	4023	161	1714	immediate
SUPER_3	59905901	59909012	IR	780	.	59907457	0.780	0.982	139	3332	59905901	59906743	59908171	59909012	347412011	59700000	59950000	139	3457	841	1428	immediate
SUPER_3	313155343	313161206	IR	778	.	313158418	0.778	0.910	246	6449	313155343	313157755	313158794	313161232	347412011	312950000	313200000	246	3471	2412	1039	immediate
SUPER_3	146394438	146399574	IR	777	.	146397332	0.777	0.978	267	5123	146394438	146396552	146397460	146399580	347412011	146150000	146400000	0	4116	2114	908	immediate
SUPER_3	301900725	301906310	IR	776	.	301903512	0.776	0.962	469	6639	301900725	301903026	301904052	301906310	347412011	301800000	302050000	682	1725	2258	1026	immediate
SUPER_3	104511949	104514995	IR	776	.	104513526	0.776	0.872	127	3298	104511949	104512914	104514030	104515103	347412011	104400000	104650000	130	1891	965	1116	immediate
SUPER_3	137858418	137861122	IR	775	.	137859934	0.775	0.882	109	3105	137858418	137859507	137860111	137861122	347412011	137800000	138050000	111	996	1011	604	immediate
SUPER_3	56470574	56480074	IR	773	.	56474903	0.773	0.939	443	9478	56470574	56474772	56475936	56480074	347412011	56250000	56500000	0	3755	4138	1164	immediate
SUPER_3	185138621	185141769	IR	773	.	185140195	0.773	0.999	172	3380	185138621	185139381	185141009	185141769	347412011	184900000	185150000	172	4003	760	1628	immediate
SUPER_3	258136512	258141330	IR	769	.	258138921	0.769	0.999	413	5194	258136512	258138339	258139503	258141330	347412011	257900000	258150000	413	3981	1827	1164	immediate
SUPER_3	181766475	181769715	IR	767	.	181768096	0.767	0.965	144	3499	181766475	181767312	181768880	181769715	347412011	181550000	181800000	144	3634	835	1568	immediate
SUPER_3	116183647	116186414	IR	762	.	116185029	0.762	0.912	121	2970	116183647	116184532	116185585	116186414	347412011	115950000	116200000	127	3917	829	1053	immediate
SUPER_3	130230875	130234320	IR	761	.	130233078	0.761	0.861	89	3421	130230875	130232411	130232879	130234320	347412011	130200000	130450000	0	543	1441	468	immediate
SUPER_3	69905137	69906245	IR	760	.	69905565	0.760	0.913	49	2010	69905137	69905378	69906025	69906245	347412011	69800000	70050000	542	1761	220	647	immediate
SUPER_3	237266020	237268949	IR	753	.	237266990	0.753	0.950	54	2911	237266020	237266764	237268205	237268949	347412011	237050000	237300000	0	3624	744	1441	immediate
SUPER_3	229262259	229264623	IR	751	.	229263614	0.751	0.937	104	2620	229262259	229263223	229263659	229264627	347412011	229050000	229300000	104	3557	964	436	immediate
SUPER_3	152816288	152818402	IR	749	.	152817163	0.749	0.969	71	2151	152816288	152816873	152817817	152818402	347412011	152700000	152950000	71	1955	585	944	immediate
SUPER_3	182962835	182965255	IR	748	.	182964045	0.748	0.975	108	2517	182962835	182963604	182964486	182965255	347412011	182900000	183150000	108	1067	769	882	immediate
SUPER_3	156582006	156585782	IR	747	.	156583983	0.747	0.955	204	3964	156582006	156583618	156584170	156585783	347412011	156350000	156600000	204	3898	1612	552	immediate
SUPER_3	117687475	117690511	IR	747	.	117688993	0.747	0.981	122	3296	117687475	117688271	117689715	117690512	347412011	117450000	117700000	124	3983	796	1444	immediate
SUPER_3	83699265	83701702	IR	746	.	83700485	0.746	0.923	86	2507	83699265	83699811	83701184	83701702	347412011	83500000	83750000	86	3341	518	1373	immediate
SUPER_3	206665232	206667355	IR	745	.	206666295	0.745	0.993	142	2264	206665232	206665962	206666625	206667358	347412011	206450000	206700000	142	3604	730	663	immediate
SUPER_3	212706666	212708174	IR	744	.	212707420	0.744	0.989	71	2185	212706666	212707110	212707730	212708174	347412011	212500000	212750000	71	3456	444	620	immediate
SUPER_3	243826950	243840109	IR	743	.	243833857	0.743	0.952	620	13143	243826950	243833390	243833669	243840112	347412011	243600000	243850000	0	3892	6440	279	immediate
SUPER_3	33404707	33551826	IR	742	.	33477998	0.742	0.645	38	147049	33404707	33404848	33551733	33551826	347412011	33400000	33650000	0	1304	93	146885	wide
SUPER_3	249888758	249894934	IR	740	.	249891773	0.740	0.942	253	6895	249888758	249891210	249892483	249894934	347412011	249750000	250000000	253	2363	2451	1273	immediate
SUPER_3	133873809	133877119	IR	738	.	133875464	0.738	0.974	138	3513	133873809	133874777	133876151	133877119	347412011	133650000	133900000	138	3757	968	1374	immediate
SUPER_3	127869167	127877188	IR	736	.	127873115	0.736	0.985	564	8674	127869167	127871849	127874508	127877188	347412011	127650000	127900000	564	3719	2680	2659	spaced
SUPER_3	216968924	216971828	IR	736	.	216970374	0.736	0.805	79	2956	216968924	216969818	216971038	216971828	347412011	216850000	217100000	83	2006	790	1220	immediate
SUPER_3	287393647	287395861	IR	735	.	287394754	0.735	0.998	140	2332	287393647	287394283	287395225	287395861	347412011	287150000	287400000	140	4079	636	942	immediate
SUPER_3	261820800	261824718	IR	734	.	261822755	0.734	0.983	296	6232	261820800	261822202	261823316	261824720	347412011	261600000	261850000	296	3712	1402	1114	immediate
SUPER_3	21403789	21406320	IR	733	.	21405054	0.733	0.990	166	2727	21403789	21404578	21405531	21406323	347412011	21200000	21450000	166	3417	789	953	immediate
SUPER_3	16513887	16519853	IR	732	.	16516878	0.732	0.956	419	6447	16513887	16516616	16517140	16519853	347412011	16300000	16550000	419	3614	2713	524	immediate
SUPER_3	19826507	19829351	IR	732	.	19827929	0.732	0.999	157	2984	19826507	19827227	19828631	19829352	347412011	19600000	19850000	157	3798	720	1404	immediate
SUPER_3	120124387	120152146	IR	729	.	120138447	0.729	0.996	1087	31241	120124387	120136555	120139978	120152170	347412011	119950000	120200000	1087	3137	12168	3423	spaced
SUPER_3	73327033	73329725	IR	729	.	73328747	0.729	0.799	31	2667	73327033	73327831	73329016	73329725	347412011	73100000	73350000	0	3806	709	1185	immediate
SUPER_3	312866760	312868892	IR	728	.	312867826	0.728	0.999	204	2299	312866760	312867717	312867936	312868892	347412011	312650000	312900000	204	3630	956	219	immediate
SUPER_3	215890099	215892668	IR	726	.	215891384	0.726	0.999	172	2728	215890099	215890902	215891866	215892668	347412011	215650000	215900000	172	4022	802	964	immediate
SUPER_3	128375895	128378079	IR	726	.	128376987	0.726	0.998	124	2382	128375895	128376514	128377460	128378079	347412011	128150000	128400000	124	3782	619	946	immediate
SUPER_3	226696914	226700546	IR	725	.	226698730	0.725	0.997	282	3896	226696914	226698157	226699303	226700550	347412011	226500000	226750000	282	3312	1243	1146	immediate
SUPER_3	158429859	158433888	IR	724	.	158431529	0.724	0.761	74	4009	158429859	158431737	158432017	158433888	347412011	158200000	158450000	0	3864	1871	280	immediate
SUPER_3	51425572	51428344	IR	723	.	51426958	0.723	0.994	258	3058	51425572	51426762	51427154	51428350	347412011	51200000	51450000	258	3782	1190	392	immediate
SUPER_3	218873171	218875330	IR	720	.	218874610	0.720	0.923	74	2140	218873171	218873835	218874678	218875330	347412011	218650000	218900000	0	3737	652	843	immediate
SUPER_3	169691940	169715100	IR	719	.	169703703	0.719	0.997	1887	25233	169691940	169700273	169706773	169715100	347412011	169600000	169850000	1893	1725	8327	6500	spaced
SUPER_3	183314305	183317627	IR	718	.	183315991	0.718	0.899	88	3538	183314305	183315357	183316625	183317627	347412011	183100000	183350000	88	3599	1002	1268	immediate
SUPER_3	29639995	29714218	IR	718	.	29676929	0.718	0.409	86	74439	29639995	29676484	29677757	29714218	347412011	29500000	29750000	86	2951	36461	1273	immediate
SUPER_3	201538628	201542261	IR	715	.	201540518	0.715	0.909	133	4000	201538628	201540090	201540799	201542261	347412011	201300000	201550000	133	4007	1462	709	immediate
SUPER_3	77540347	77542362	IR	715	.	77541356	0.715	0.955	116	2281	77540347	77541175	77541534	77542377	347412011	77300000	77550000	116	4022	828	359	immediate
SUPER_3	303619880	303625462	IR	714	.	303622670	0.714	0.794	105	5994	303619880	303622394	303622948	303625486	347412011	303400000	303650000	122	3711	2514	554	immediate
SUPER_3	45876127	45888236	IR	713	.	45882182	0.713	0.998	1161	13403	45876127	45881401	45882963	45888236	347412011	45650000	45900000	1161	3869	5273	1562	immediate
SUPER_3	173275561	173279261	IR	713	.	173277573	0.713	0.919	175	3945	173275561	173276575	173278314	173279261	347412011	173050000	173300000	191	3790	947	1739	immediate
SUPER_3	199508648	199511898	IR	713	.	199510275	0.713	0.934	103	3473	199508648	199509753	199510797	199511898	347412011	199350000	199600000	103	2671	1101	1044	immediate
SUPER_3	324602145	324604003	IR	712	.	324603125	0.712	0.715	38	2019	324602145	324602925	324603223	324604101	347412011	324450000	324700000	43	2551	780	298	immediate
SUPER_3	32693564	32695652	IR	711	.	32694608	0.711	0.985	122	2222	32693564	32694105	32695119	32695652	347412011	32500000	32750000	128	3243	533	1014	immediate
SUPER_3	268576995	268590404	IR	710	.	268583704	0.710	0.997	1223	14580	268576995	268582581	268584827	268590404	347412011	268450000	268700000	1244	2228	5577	2246	spaced
SUPER_3	44897762	44899270	IR	709	.	44898505	0.709	0.000	20	28946	44897762	44897793	44899239	44899354	347412011	44750000	45000000	52	2475	31	1446	immediate
SUPER_3	144316573	144319741	IR	703	.	144318157	0.703	1.000	174	3407	144316573	144317335	144318979	144319741	347412011	144100000	144350000	174	3635	762	1644	immediate
SUPER_3	202486371	202489731	IR	703	.	202488051	0.703	0.972	138	3595	202486371	202487310	202488792	202489732	347412011	202250000	202500000	138	3967	939	1482	immediate
SUPER_3	255718859	255722227	IR	701	.	255720540	0.701	0.868	146	3620	255718859	255719796	255721389	255722227	347412011	255500000	255750000	146	3675	838	1593	immediate
SUPER_3	68649801	68653183	IR	701	.	68651492	0.701	0.879	138	3621	68649801	68651042	68652045	68653183	347412011	68450000	68700000	161	3358	1138	1003	immediate
SUPER_3	88117170	88120586	IR	701	.	88118878	0.701	0.974	138	3620	88117170	88118137	88119619	88120587	347412011	87900000	88150000	138	3647	967	1482	immediate
SUPER_3	52462482	52464072	IR	701	.	52463452	0.701	0.934	81	2386	52462482	52463004	52463550	52464092	347412011	52250000	52500000	81	3554	522	546	immediate
SUPER_3	118828498	118831894	IR	700	.	118830196	0.700	0.978	144	3609	118828498	118829306	118831086	118831904	347412011	118600000	118850000	144	3836	808	1780	immediate
SUPER_3	101728	105017	IR	700	.	103424	0.700	0.877	132	3622	101728	102871	103874	105121	347412011	100000	350000	149	56	1143	1003	immediate
SUPER_3	89777183	89780720	IR	699	.	89778951	0.699	0.912	148	3675	89777183	89778399	89779576	89780720	347412011	89650000	89900000	161	2149	1144	1177	immediate
SUPER_3	183539204	183542624	IR	699	.	183540914	0.699	0.956	128	3642	183539204	183540253	183541580	183542624	347412011	183300000	183550000	147	4015	1044	1327	immediate
SUPER_3	220486827	220489354	IR	699	.	220488086	0.699	0.945	96	4063	220486827	220487598	220488587	220489354	347412011	220300000	220550000	96	3134	767	989	immediate
SUPER_3	218238902	218241880	IR	698	.	218240391	0.698	0.997	219	3149	218238902	218239829	218240953	218241881	347412011	218000000	218250000	219	4006	927	1124	immediate
SUPER_3	89817012	89820162	IR	698	.	89818583	0.698	0.952	166	3448	89817012	89817877	89819297	89820178	347412011	89650000	89900000	166	2809	865	1420	immediate
SUPER_3	158197935	158199963	IR	698	.	158198949	0.698	0.995	125	2138	158197935	158198558	158199340	158199964	347412011	158000000	158250000	125	3315	623	782	immediate
SUPER_3	94327716	94329814	IR	697	.	94328765	0.697	0.969	62	2184	94327716	94328320	94329210	94329814	347412011	94250000	94500000	62	1312	604	890	immediate
SUPER_3	95620246	95624210	IR	695	.	95622228	0.695	0.976	243	4332	95620246	95621818	95622638	95624211	347412011	95400000	95650000	243	3703	1572	820	immediate
SUPER_3	271382871	271386157	IR	695	.	271384515	0.695	0.976	135	3515	271382871	271383738	271385292	271386157	347412011	271150000	271400000	135	3908	865	1554	immediate
SUPER_3	86253811	86256022	IR	695	.	86254917	0.695	0.986	95	2924	86253811	86254440	86255394	86256022	347412011	86100000	86350000	95	2581	628	954	immediate
SUPER_3	129021859	129023933	IR	694	.	129022896	0.694	0.998	112	2204	129021859	129022403	129023389	129023933	347412011	128800000	129050000	112	3714	544	986	immediate
SUPER_3	8998286	9004115	IR	693	.	9001232	0.693	0.937	297	6144	8998286	9000579	9001885	9004115	347412011	8800000	9050000	297	3353	2230	1306	immediate
SUPER_3	117096948	117099700	IR	693	.	117098325	0.693	0.920	73	2948	117096948	117098072	117098578	117099700	347412011	116850000	117100000	73	4138	1122	506	immediate
SUPER_3	10388010	10391138	IR	691	.	10389573	0.691	0.955	157	3405	10388010	10388871	10390302	10391138	347412011	10250000	10500000	167	2326	836	1431	immediate
SUPER_3	38962421	38965162	IR	690	.	38963793	0.690	0.978	163	2999	38962421	38963499	38964084	38965165	347412011	38950000	39200000	163	229	1078	585	immediate
SUPER_3	117426755	117428801	IR	690	.	117427777	0.690	0.979	106	2145	117426755	117427313	117428243	117428806	347412011	117200000	117450000	106	3796	558	930	immediate
SUPER_3	224654457	224656459	IR	690	.	224655458	0.690	0.977	41	2077	224654457	224654767	224656149	224656459	347412011	224550000	224800000	41	1757	310	1382	immediate
SUPER_3	228192210	228194520	IR	689	.	228193365	0.689	0.941	54	82466	228192210	228192737	228193993	228194520	347412011	228100000	228350000	61	1555	527	1256	immediate
SUPER_3	229633034	229637137	IR	688	.	229634925	0.688	0.990	217	4460	229633034	229634151	229636023	229637137	347412011	229500000	229750000	217	2251	1114	1872	immediate
SUPER_3	306954747	306959352	IR	687	.	306956676	0.687	0.948	161	4583	306954747	306956212	306957887	306959353	347412011	306850000	307100000	0	1784	1465	1675	immediate
SUPER_3	255956160	255976059	IR	685	.	255966130	0.685	0.907	467	21520	255956160	255965529	255966731	255976059	347412011	255950000	256200000	467	268	9328	1202	immediate
SUPER_3	122910248	122913100	IR	685	.	122911676	0.685	0.936	98	3633	122910248	122911178	122912174	122913100	347412011	122750000	123000000	98	2694	926	996	immediate
SUPER_3	230575755	230577885	IR	684	.	230576820	0.684	0.912	117	2325	230575755	230576429	230577265	230577885	347412011	230350000	230600000	117	3780	620	836	immediate
SUPER_3	271558144	271561734	IR	683	.	271559939	0.683	0.987	191	4151	271558144	271559320	271560558	271561736	347412011	271350000	271600000	191	3498	1176	1238	immediate
SUPER_3	106865274	106868440	IR	678	.	106866857	0.678	0.992	174	3379	106865274	106866113	106867601	106868442	347412011	106650000	106900000	174	3614	839	1488	immediate
SUPER_3	124134806	124136841	IR	678	.	124135825	0.678	0.960	90	2173	124134806	124135530	124136117	124136844	347412011	123900000	124150000	90	3930	724	587	immediate
SUPER_3	256157053	256164211	IR	675	.	256160632	0.675	0.985	415	7947	256157053	256159898	256161366	256164211	347412011	256000000	256250000	415	2677	2845	1468	immediate
SUPER_3	182396731	182400473	IR	672	.	182398656	0.672	0.923	72	3857	182396731	182398005	182399199	182400473	347412011	182200000	182450000	72	3309	1274	1194	immediate
SUPER_3	188124594	188126454	IR	671	.	188125351	0.671	0.941	40	2000	188124594	188125033	188126015	188126454	347412011	187900000	188150000	40	3758	439	982	immediate
SUPER_3	26728129	26733881	IR	670	.	26731006	0.670	0.969	193	39180	26728129	26730488	26731524	26733881	347412011	26650000	26900000	193	1349	2357	1036	immediate
SUPER_3	251343187	251345947	IR	667	.	251344985	0.667	0.961	44	2731	251343187	251343628	251345506	251345947	347412011	251300000	251550000	0	742	441	1878	immediate
SUPER_3	130942979	130945989	IR	665	.	130944484	0.665	0.978	149	3238	130942979	130943881	130945087	130945996	347412011	130700000	130950000	149	4074	902	1206	immediate
SUPER_3	255757572	255759313	IR	665	.	255758443	0.665	0.991	95	77053	255757572	255758127	255758759	255759313	347412011	255600000	255850000	95	2640	554	632	immediate
SUPER_3	247453265	247456573	IR	663	.	247454919	0.663	0.987	154	3510	247453265	247454164	247455674	247456574	347412011	247250000	247500000	154	3415	899	1510	immediate
SUPER_3	185589470	185592906	IR	662	.	185591188	0.662	0.942	136	3616	185589470	185590541	185591854	185592906	347412011	185350000	185600000	136	4019	1052	1313	immediate
SUPER_3	256909042	256912302	IR	660	.	256910671	0.660	0.875	145	3476	256909042	256910239	256911211	256912302	347412011	256700000	256950000	151	3511	1091	972	immediate
SUPER_3	250260450	250262448	IR	658	.	250261449	0.658	0.996	90	2123	250260450	250260914	250261984	250262448	347412011	250100000	250350000	90	2690	464	1070	immediate
SUPER_3	214118376	214124254	IR	657	.	214121339	0.657	0.895	259	6036	214118376	214120498	214122180	214124254	347412011	213900000	214150000	283	3688	2074	1682	immediate
SUPER_3	13200981	13294048	IR	653	.	13247559	0.653	0.413	213	93492	13200981	13246699	13248417	13294048	347412011	13150000	13400000	213	1625	45631	1718	immediate
SUPER_3	247885546	247887891	IR	651	.	247886473	0.651	0.990	40	2537	247885546	247885646	247887791	247887891	347412011	247650000	247900000	19	3945	100	2145	spaced
SUPER_3	240697161	240700183	IR	650	.	240698672	0.650	0.997	247	3243	240697161	240698351	240698993	240700184	347412011	240500000	240750000	247	3311	1190	642	immediate
SUPER_3	193118703	193122566	IR	649	.	193120906	0.649	0.943	158	3840	193118703	193120313	193120959	193122566	347412011	192900000	193150000	0	3677	1607	646	immediate
SUPER_3	193872882	193877040	IR	648	.	193874961	0.648	0.955	305	4539	193872882	193874315	193875607	193877108	347412011	193650000	193900000	305	3749	1433	1292	immediate
SUPER_3	340418363	340421065	IR	648	.	340419354	0.648	0.941	99	2692	340418363	340419702	340419726	340421073	347412011	340200000	340450000	0	3661	1339	24	immediate
SUPER_3	199980321	199982497	IR	648	.	199981045	0.648	0.970	47	2062	199980321	199980825	199981993	199982497	347412011	199850000	200100000	0	2190	504	1168	immediate
SUPER_3	234433199	234437031	IR	647	.	234435277	0.647	0.962	104	3941	234433199	234434134	234436096	234437035	347412011	234200000	234450000	104	3918	935	1962	immediate
SUPER_3	126197679	126200527	IR	647	.	126199110	0.647	0.947	100	2911	126197679	126198625	126199595	126200527	347412011	126000000	126250000	100	3318	932	970	immediate
SUPER_3	261679254	261681537	IR	647	.	261680502	0.647	0.922	56	2407	261679254	261679767	261681024	261681537	347412011	261650000	261900000	56	506	513	1257	immediate
SUPER_3	94218830	94224141	IR	646	.	94221513	0.646	0.871	291	5808	94218830	94221166	94221861	94224141	347412011	94000000	94250000	300	3691	2280	695	immediate
SUPER_3	198236342	198403039	IR	646	.	198320167	0.646	0.991	170	166675	198236342	198237463	198401918	198403039	347412011	198200000	198450000	0	1994	1121	164455	wide
SUPER_3	226060340	226063818	IR	645	.	226061863	0.645	0.989	211	3918	226060340	226061422	226062736	226063819	347412011	225900000	226150000	211	2701	1082	1314	immediate
SUPER_3	259999244	260001382	IR	645	.	260000315	0.645	0.950	83	2205	259999244	259999914	260000712	260001388	347412011	259800000	260050000	83	3338	670	798	immediate
SUPER_3	239698590	239701226	IR	643	.	239699908	0.643	0.918	117	82231	239698590	239699339	239700477	239701231	347412011	239550000	239800000	248	2498	749	1138	immediate
SUPER_3	23804679	23808278	IR	642	.	23806479	0.642	0.712	100	3738	23804679	23806229	23806728	23808286	347412011	23600000	23850000	100	3441	1550	499	immediate
SUPER_3	128530446	128532914	IR	641	.	128531679	0.641	0.984	107	2517	128530446	128530703	128532660	128532914	347412011	128400000	128650000	1804	2194	254	1957	immediate
SUPER_3	157920069	157924871	IR	641	.	157922223	0.641	0.847	90	5715	157920069	157920331	157924634	157924871	347412011	157700000	157950000	36	3707	237	4303	spaced
SUPER_3	335973184	335981679	IR	640	.	335977789	0.640	0.812	149	8468	335973184	335977384	335977479	335981679	347412011	335950000	336200000	0	457	4200	95	immediate
SUPER_3	280855997	280857784	IR	640	.	280857038	0.640	1.000	78	58805	280855997	280856394	280857387	280857784	347412011	280700000	280950000	78	2614	397	993	immediate
SUPER_3	206286484	206288234	IR	640	.	206287364	0.640	0.945	72	2077	206286484	206287028	206287700	206288234	347412011	206250000	206500000	72	622	534	672	immediate
SUPER_3	62720431	62722571	IR	639	.	62721501	0.639	0.958	87	2207	62720431	62721211	62721792	62722571	347412011	62500000	62750000	87	3691	779	581	immediate
SUPER_3	143750834	143752184	IR	639	.	143751509	0.639	1.000	82	31793	143750834	143751220	143751798	143752184	347412011	143650000	143900000	82	1691	386	578	immediate
SUPER_3	213873141	213984566	IR	638	.	213928423	0.638	0.743	129	111403	213873141	213874668	213983063	213984566	347412011	213800000	214050000	0	2147	1503	108395	wide
SUPER_3	231488530	231490796	IR	637	.	231489315	0.637	0.966	76	2246	231488530	231489204	231490122	231490797	347412011	231450000	231700000	0	660	674	918	immediate
SUPER_3	114452241	114470425	IR	636	.	114461333	0.636	0.990	1654	20194	114452241	114460358	114462308	114470434	347412011	114450000	114700000	1654	188	8117	1950	immediate
SUPER_3	147680432	147682618	IR	636	.	147681530	0.636	0.930	94	2262	147680432	147681477	147681583	147682618	347412011	147450000	147700000	94	3858	1035	106	immediate
SUPER_3	230952729	230954633	IR	635	.	230953681	0.635	0.976	119	2017	230952729	230953632	230953730	230954639	347412011	230750000	231000000	119	3394	903	98	immediate
SUPER_3	49531096	49533999	IR	630	.	49532711	0.630	0.960	85	2969	49531096	49531817	49533279	49533999	347412011	49300000	49550000	85	3875	720	1462	immediate
SUPER_3	296931382	296933732	IR	627	.	296932557	0.627	0.998	122	2458	296931382	296931977	296933137	296933733	347412011	296750000	297000000	122	3042	595	1160	immediate
SUPER_3	193455440	193464537	IR	623	.	193460075	0.623	0.991	659	9900	193455440	193458968	193461009	193464544	347412011	193450000	193700000	659	166	3528	2041	spaced
SUPER_3	124987393	124990209	IR	623	.	124988801	0.623	0.996	158	2974	124987393	124988194	124989408	124990209	347412011	124800000	125050000	161	3146	801	1214	immediate
SUPER_3	201401862	201403994	IR	623	.	201403075	0.623	1.000	65	2183	201401862	201402217	201403639	201403994	347412011	201200000	201450000	65	3381	355	1422	immediate
SUPER_3	225707015	225710639	IR	622	.	225708989	0.622	0.967	147	3927	225707015	225707800	225709854	225710654	347412011	225500000	225750000	147	3480	785	2054	spaced
SUPER_3	325445444	325449379	IR	622	.	325447176	0.622	0.788	74	4200	325445444	325447058	325447765	325449379	347412011	325200000	325450000	74	4123	1614	707	immediate
SUPER_3	256460115	256466270	IR	621	.	256462900	0.621	0.926	313	6037	256460115	256462883	256463502	256466308	347412011	256250000	256500000	0	3553	2768	619	immediate
SUPER_3	179319911	179323708	IR	619	.	179321988	0.619	0.786	127	24709	179319911	179321551	179322094	179323708	347412011	179150000	179400000	141	2863	1614	543	immediate
SUPER_3	60956299	60961095	IR	618	.	60959072	0.618	0.965	182	4810	60956299	60957724	60959670	60961134	347412011	60850000	61100000	0	1811	1425	1946	immediate
SUPER_3	106897528	106903430	IR	616	.	106900479	0.616	0.865	178	6411	106897528	106899814	106901144	106903432	347412011	106700000	106950000	179	3341	2286	1330	immediate
SUPER_3	226361928	226369306	IR	614	.	226365799	0.614	0.976	369	7839	226361928	226364559	226366675	226369308	347412011	226150000	226400000	369	3593	2631	2116	spaced
SUPER_3	327342826	327349141	IR	614	.	327345626	0.614	0.803	108	6307	327342826	327345936	327346031	327349160	347412011	327100000	327350000	0	4099	3110	95	immediate
SUPER_3	160649313	160651136	IR	613	.	160650225	0.613	0.997	141	2503	160649313	160649953	160650496	160651137	347412011	160550000	160800000	141	1670	640	543	immediate
SUPER_3	209536587	209540068	IR	613	.	209538056	0.613	0.979	112	3430	209536587	209537543	209539112	209540068	347412011	209300000	209550000	0	3971	956	1569	immediate
SUPER_3	182109634	182111774	IR	613	.	182110748	0.613	0.811	54	2281	182109634	182110259	182111180	182111774	347412011	182100000	182350000	83	178	594	921	immediate
SUPER_3	71831818	71833816	IR	611	.	71832821	0.611	0.963	60	2104	71831818	71832245	71833389	71833824	347412011	71600000	71850000	60	3880	427	1144	immediate
SUPER_3	108214554	108217299	IR	611	.	108215683	0.611	0.987	49	2779	108214554	108214859	108216995	108217299	347412011	108000000	108250000	49	3598	304	2136	spaced
SUPER_3	79910254	79913455	IR	610	.	79912165	0.610	0.764	38	2992	79910254	79911599	79912110	79913478	347412011	79900000	80150000	0	197	1345	511	immediate
SUPER_3	210338909	210342853	IR	609	.	210340881	0.609	0.988	286	4282	210338909	210340291	210341471	210342858	347412011	210100000	210350000	287	4014	1382	1180	immediate
SUPER_3	280877308	280880781	IR	606	.	280878937	0.606	0.996	173	37536	280877308	280878142	280879947	280880781	347412011	280750000	281000000	173	2150	834	1805	immediate
SUPER_3	229728609	229730846	IR	606	.	229729641	0.606	0.987	99	2363	229728609	229729086	229730369	229730846	347412011	229700000	229950000	99	495	477	1283	immediate
SUPER_3	232444483	232446342	IR	605	.	232445304	0.605	0.729	28	2005	232444483	232445014	232445918	232446342	347412011	232200000	232450000	37	4090	424	904	immediate
SUPER_3	25040938	25054867	IR	604	.	25048313	0.604	0.973	484	13889	25040938	25046959	25048856	25054867	347412011	24850000	25100000	0	3298	6011	1897	immediate
SUPER_3	281235932	281266691	IR	604	.	281250969	0.604	0.992	315	30514	281235932	281251221	281251402	281266693	347412011	281050000	281300000	0	3355	15289	181	immediate
SUPER_3	9816128	9818099	IR	604	.	9817187	0.604	1.000	138	2092	9816128	9816790	9817437	9818099	347412011	9600000	9850000	138	3618	662	647	immediate
SUPER_3	133720013	133723137	IR	604	.	133721575	0.604	0.963	100	3396	133720013	133720815	133722335	133723144	347412011	133550000	133800000	100	2859	802	1520	immediate
SUPER_3	69038322	69068787	IR	604	.	69053377	0.604	0.966	92	30723	69038322	69039084	69068027	69068787	347412011	68850000	69100000	92	3392	760	28943	spaced
SUPER_3	185771455	185798776	IR	604	.	185785060	0.604	0.406	39	27429	185771455	185784632	185785612	185798776	347412011	185650000	185900000	39	2251	13164	980	immediate
SUPER_3	194406914	194411477	IR	602	.	194409550	0.602	0.975	224	4537	194406914	194408853	194409538	194411478	347412011	194200000	194450000	0	3486	1939	685	immediate
SUPER_3	145226920	145228938	IR	602	.	145227930	0.602	0.981	148	2123	145226920	145227750	145228109	145228938	347412011	145000000	145250000	148	3798	829	359	immediate
SUPER_3	122697294	122700097	IR	602	.	122698696	0.602	0.989	131	3084	122697294	122698015	122699377	122700097	347412011	122500000	122750000	131	3311	720	1362	immediate
SUPER_3	105784496	105786840	IR	602	.	105785447	0.602	0.877	51	2343	105784496	105784936	105786400	105786867	347412011	105600000	105850000	56	3094	440	1464	immediate
SUPER_3	72641714	72644657	IR	601	.	72643618	0.601	0.911	48	2911	72641714	72642621	72643754	72644657	347412011	72450000	72700000	0	3219	903	1133	immediate
SUPER_3	145730744	145733055	IR	601	.	145731629	0.601	0.822	45	2370	145730744	145731664	145732135	145733136	347412011	145600000	145850000	0	2198	920	471	immediate
SUPER_3	174282697	174284815	IR	600	.	174283756	0.600	0.909	40	2160	174282697	174283543	174283969	174284816	347412011	174200000	174450000	40	1395	846	426	immediate
SUPER_3	101067002	101070808	IR	599	.	101068932	0.599	0.948	236	4006	101067002	101068222	101069643	101070808	347412011	100850000	101100000	236	3648	1165	1421	immediate
SUPER_3	340003810	340032715	IR	598	.	340018281	0.598	0.585	93	32371	340003810	340017904	340018658	340032715	347412011	340000000	340250000	93	304	14057	754	immediate
SUPER_3	28399086	28402521	IR	598	.	28400570	0.598	0.695	46	3574	28399086	28399657	28402016	28402521	347412011	28200000	28450000	46	3346	505	2359	spaced
SUPER_3	225104914	225107430	IR	597	.	225106172	0.597	0.992	113	2647	225104914	225105569	225106775	225107430	347412011	224900000	225150000	113	3436	655	1206	immediate
SUPER_3	182141151	182143494	IR	597	.	182142241	0.597	0.961	59	86784	182141151	182141660	182142985	182143494	347412011	182050000	182300000	59	1538	509	1325	immediate
SUPER_3	93557560	93559660	IR	596	.	93558610	0.596	0.909	103	4215	93557560	93558477	93558743	93559661	347412011	93500000	93750000	103	976	917	266	immediate
SUPER_3	113639413	113642689	IR	596	.	113641051	0.596	0.949	75	3396	113639413	113640253	113641849	113642689	347412011	113400000	113650000	75	4017	840	1596	immediate
SUPER_3	170185153	170212871	IR	595	.	170198850	0.595	0.618	26	27680	170185153	170185187	170212837	170212893	347412011	170050000	170300000	127	2483	34	27650	spaced
SUPER_3	27052517	27055799	IR	594	.	27054158	0.594	0.984	165	4051	27052517	27053400	27054916	27055801	347412011	27000000	27250000	165	902	883	1516	immediate
SUPER_3	138828443	138831843	IR	594	.	138830580	0.594	0.976	146	3378	138828443	138829525	138830764	138831843	347412011	138600000	138850000	0	3835	1079	1239	immediate
SUPER_3	265734570	265739030	IR	594	.	265736966	0.594	0.945	107	4621	265734570	265735746	265737854	265739030	347412011	265550000	265800000	107	3113	1176	2108	spaced
SUPER_3	311251923	311254060	IR	594	.	311252826	0.594	0.948	66	2221	311251923	311252266	311253728	311254060	347412011	311050000	311300000	66	3383	332	1462	immediate
SUPER_3	236422093	236424707	IR	592	.	236423844	0.592	1.000	74	2597	236422093	236422511	236424289	236424707	347412011	236200000	236450000	0	3723	418	1778	immediate
SUPER_3	123449532	123452724	IR	591	.	123451128	0.591	0.988	159	3406	123449532	123450440	123451816	123452724	347412011	123250000	123500000	159	3351	908	1376	immediate
SUPER_3	255354146	255356182	IR	589	.	255355164	0.589	0.991	122	2234	255354146	255354785	255355543	255356185	347412011	255150000	255400000	122	3419	639	758	immediate
SUPER_3	40177554	40181294	IR	587	.	40179650	0.587	0.000	23	4162	40177554	40177606	40181277	40181294	347412011	40100000	40350000	8	1323	17	3671	spaced
SUPER_3	45106503	45113362	IR	586	.	45110021	0.586	0.950	236	7584	45106503	45109311	45110559	45113362	347412011	44950000	45200000	236	2665	2803	1248	immediate
SUPER_3	325129262	325132131	IR	584	.	325130697	0.584	0.997	193	3226	325129262	325130148	325131245	325132133	347412011	324900000	325150000	193	3844	886	1097	immediate
SUPER_3	305534216	305536178	IR	584	.	305535197	0.584	0.992	74	2013	305534216	305534577	305535817	305536179	347412011	305300000	305550000	74	3919	361	1240	immediate
SUPER_3	176268223	176269725	IR	584	.	176268974	0.584	0.966	38	68514	176268223	176268604	176269344	176269725	347412011	176150000	176400000	38	1982	381	740	immediate
SUPER_3	258544906	258547396	IR	582	.	258546104	0.582	0.923	41	2581	258544906	258545373	258546944	258547396	347412011	258300000	258550000	41	4102	452	1571	immediate
SUPER_3	11776027	11778581	IR	581	.	11777304	0.581	0.995	120	39897	11776027	11776630	11777978	11778581	347412011	11550000	11800000	120	3788	603	1348	immediate
SUPER_3	184579811	184580544	IR	581	.	184580177	0.581	0.965	56	10918	184579811	184580112	184580243	184580552	347412011	184350000	184600000	56	3836	301	131	immediate
SUPER_3	242262669	242266929	IR	579	.	242264799	0.579	0.996	323	4633	242262669	242264002	242265596	242266935	347412011	242150000	242400000	369	1913	1333	1594	immediate
SUPER_3	229651835	229655799	IR	579	.	229653817	0.579	0.981	233	4316	229651835	229653315	229654319	229655802	347412011	229450000	229700000	233	3396	1480	1004	immediate
SUPER_3	268444160	268446159	IR	579	.	268445189	0.579	0.897	87	2331	268444160	268444788	268445531	268446218	347412011	268300000	268550000	87	2419	628	743	immediate
SUPER_3	259219042	259221685	IR	579	.	259220364	0.579	0.957	58	2837	259219042	259219553	259221175	259221685	347412011	259150000	259400000	58	1172	510	1622	immediate
SUPER_3	104304522	104313181	IR	578	.	104308981	0.578	1.000	864	9664	104304522	104308291	104309412	104313181	347412011	104100000	104350000	864	3480	3769	1121	immediate
SUPER_3	125245431	125250554	IR	578	.	125248234	0.578	0.968	208	5098	125245431	125247337	125248648	125250554	347412011	125050000	125300000	0	3299	1906	1311	immediate
SUPER_3	41553591	41555918	IR	578	.	41554754	0.578	0.986	154	2660	41553591	41554285	41555232	41555918	347412011	41400000	41650000	157	2579	686	947	immediate
SUPER_3	91540212	91541921	IR	577	.	91541213	0.577	0.947	24	2057	91540212	91540494	91541639	91541921	347412011	91300000	91550000	24	4017	282	1145	immediate
SUPER_3	105199382	105201780	IR	577	.	105200322	0.577	0.935	24	2308	105199382	105199950	105201213	105201780	347412011	105050000	105300000	0	2509	567	1263	immediate
SUPER_3	88254287	88256347	IR	574	.	88255480	0.574	0.977	53	2177	88254287	88254630	88256004	88256347	347412011	88150000	88400000	53	1755	343	1374	immediate
SUPER_3	167153046	167232452	IR	573	.	167192805	0.573	0.901	98	79477	167153046	167153733	167231824	167232452	347412011	167000000	167250000	98	3212	628	78091	spaced
SUPER_3	274233157	274414804	IR	572	.	274323836	0.572	0.987	139	181814	274233157	274233926	274414035	274414804	347412011	274200000	274450000	139	2066	769	180109	wide
SUPER_3	104617325	104619824	IR	572	.	104618576	0.572	0.975	95	2601	104617325	104618015	104619137	104619824	347412011	104400000	104650000	95	3642	687	1122	immediate
SUPER_3	289859308	289862549	IR	571	.	289860955	0.571	0.932	195	3573	289859308	289860336	289861521	289862608	347412011	289650000	289900000	196	3515	1028	1185	immediate
SUPER_3	107801409	107922046	IR	571	.	107861227	0.571	0.896	21	120562	107801409	107801910	107921545	107922059	347412011	107700000	107950000	0	2695	501	119635	wide
SUPER_3	255452687	255455338	IR	570	.	255453612	0.570	0.948	71	2625	255452687	255453324	255454701	255455339	347412011	255250000	255500000	0	3400	637	1377	immediate
SUPER_3	13165894	13167741	IR	570	.	13166818	0.570	0.929	49	2584	13165894	13166565	13167071	13167741	347412011	13050000	13300000	49	1946	670	506	immediate
SUPER_3	125734480	125741110	IR	569	.	125737801	0.569	0.967	395	7380	125734480	125737004	125738589	125741110	347412011	125500000	125750000	395	3963	2521	1585	immediate
SUPER_3	77034568	77037018	IR	569	.	77036229	0.569	0.867	27	2468	77034568	77034921	77036665	77037055	347412011	76850000	77100000	0	3096	353	1744	immediate
SUPER_3	70656729	70659911	IR	568	.	70658320	0.568	0.982	131	3436	70656729	70657407	70659233	70659915	347412011	70450000	70700000	131	3471	678	1826	immediate
SUPER_3	80029754	80031724	IR	568	.	80030739	0.568	0.993	108	2031	80029754	80030322	80031156	80031726	347412011	79800000	80050000	108	3845	568	834	immediate
SUPER_3	88236522	88239274	IR	567	.	88237898	0.567	0.961	97	2869	88236522	88237301	88238495	88239276	347412011	88000000	88250000	97	3964	779	1194	immediate
SUPER_3	22702796	22704919	IR	566	.	22703767	0.566	0.990	117	2213	22702796	22703398	22704317	22704919	347412011	22500000	22750000	117	3397	602	919	immediate
SUPER_3	242957270	242960339	IR	565	.	242958829	0.565	0.875	67	3188	242957270	242958205	242959453	242960339	347412011	242850000	243100000	67	1813	886	1248	immediate
SUPER_3	61959822	61962560	IR	564	.	61961193	0.564	0.984	179	2962	61959822	61960799	61961587	61962560	347412011	61750000	62000000	179	3519	973	788	immediate
SUPER_3	279237802	279341336	IR	564	.	279289569	0.564	0.415	95	52682	279237802	279289398	279289740	279341399	347412011	279100000	279350000	95	3159	51596	342	immediate
SUPER_3	277237163	277241753	IR	563	.	277239688	0.563	0.994	374	4704	277237163	277237636	277241280	277241756	347412011	277000000	277250000	95	3990	473	3644	spaced
SUPER_3	133651827	133654745	IR	563	.	133653286	0.563	0.984	174	3219	133651827	133652813	133653759	133654749	347412011	133500000	133750000	174	2554	986	946	immediate
SUPER_3	129739039	129742393	IR	563	.	129740514	0.563	0.990	133	3533	129739039	129739735	129741697	129742396	347412011	129550000	129800000	133	3178	696	1962	immediate
SUPER_3	307502995	307504947	IR	563	.	307503997	0.563	0.873	86	2145	307502995	307503780	307504162	307505001	347412011	307300000	307550000	86	3399	785	382	immediate
SUPER_3	50333884	50336205	IR	562	.	50335045	0.562	0.979	80	2502	50333884	50334416	50335674	50336205	347412011	50100000	50350000	80	3917	531	1258	immediate
SUPER_3	256709120	256711150	IR	561	.	256710141	0.561	0.945	122	2265	256709120	256709998	256710283	256711150	347412011	256550000	256800000	122	2668	867	285	immediate
SUPER_3	202676283	202680624	IR	561	.	202678521	0.561	0.865	38	4497	202676283	202676864	202680043	202680626	347412011	202600000	202850000	38	1307	581	3179	spaced
SUPER_3	173433573	173436652	IR	559	.	173435115	0.559	0.965	171	3389	173433573	173434848	173435387	173436652	347412011	173200000	173450000	171	3918	1265	539	immediate
SUPER_3	175911135	175913464	IR	559	.	175912553	0.559	0.959	30	2313	175911135	175911549	175913050	175913465	347412011	175800000	176050000	0	1871	414	1501	immediate
SUPER_3	124238162	124247845	IR	558	.	124243177	0.558	0.986	619	10434	124238162	124241847	124244161	124247845	347412011	124000000	124250000	619	4049	3684	2314	spaced
SUPER_3	339949052	339987649	IR	558	.	339968109	0.558	0.618	251	82005	339949052	339967445	339969256	339987657	347412011	339900000	340150000	5	1139	18393	1811	immediate
SUPER_3	36434479	36437798	IR	558	.	36435860	0.558	0.956	78	3295	36434479	36435421	36436856	36437798	347412011	36200000	36450000	0	3935	942	1435	immediate
SUPER_3	49770548	49776229	IR	558	.	49773130	0.558	0.967	72	5658	49770548	49771325	49775458	49776229	347412011	49550000	49800000	0	3723	771	4133	spaced
SUPER_3	241312167	241314752	IR	558	.	241313084	0.558	0.962	25	2564	241312167	241312566	241314353	241314752	347412011	241100000	241350000	0	3557	399	1787	immediate
SUPER_3	215563026	215566774	IR	557	.	215564813	0.557	0.944	97	3966	215563026	215564227	215565576	215566774	347412011	215350000	215600000	97	3581	1198	1349	immediate
SUPER_3	40334328	40335028	IR	557	.	40334678	0.557	1.000	61	31170	40334328	40334628	40334728	40335028	347412011	40150000	40400000	61	3077	300	100	immediate
SUPER_3	254354509	254358810	IR	556	.	254356667	0.556	0.972	289	4673	254354509	254356168	254357151	254358826	347412011	254150000	254400000	289	3444	1659	983	immediate
SUPER_3	44006276	44009698	IR	556	.	44007987	0.556	0.908	91	3559	44006276	44007121	44008853	44009744	347412011	43800000	44050000	91	3466	845	1732	immediate
SUPER_3	194310490	194392314	IR	556	.	194351848	0.556	0.857	33	81721	194310490	194310912	194391935	194392314	347412011	194150000	194400000	0	3356	379	81023	spaced
SUPER_3	225256133	225267220	IR	555	.	225261471	0.555	0.547	178	11585	225256133	225259759	225263594	225267287	347412011	225150000	225400000	178	1861	3626	3835	spaced
SUPER_3	250858804	250861072	IR	555	.	250859938	0.555	0.991	91	2362	250858804	250859269	250860607	250861072	347412011	250650000	250900000	91	3498	465	1338	immediate
SUPER_3	275215211	275222682	IR	554	.	275218511	0.554	0.960	302	7454	275215211	275217920	275219974	275222682	347412011	275050000	275300000	0	2815	2708	2054	spaced
SUPER_3	53816490	53819071	IR	554	.	53818194	0.554	0.955	58	2574	53816490	53817009	53818552	53819082	347412011	53600000	53850000	0	3629	519	1543	immediate
SUPER_3	179477190	179479292	IR	552	.	179478241	0.552	1.000	71	2220	179477190	179477510	179478972	179479292	347412011	179450000	179700000	71	470	320	1462	immediate
SUPER_3	247122819	247124891	IR	552	.	247123862	0.552	0.946	61	2036	247122819	247123247	247124477	247124891	347412011	246950000	247200000	69	2897	414	1230	immediate
SUPER_3	140848082	140849324	IR	552	.	140848703	0.552	0.996	50	3239	140848082	140848339	140849067	140849324	347412011	140750000	141000000	50	1644	257	728	immediate
SUPER_3	189811964	189814950	IR	551	.	189813458	0.551	0.977	197	3257	189811964	189813141	189813775	189814950	347412011	189800000	190050000	197	224	1175	634	immediate
SUPER_3	195385754	195388778	IR	550	.	195387266	0.550	0.930	181	2948	195385754	195386481	195388064	195388778	347412011	195250000	195500000	426	2287	714	1583	immediate
SUPER_3	277689435	277692563	IR	550	.	277690999	0.550	0.995	163	3262	277689435	277690279	277691719	277692564	347412011	277650000	277900000	164	683	844	1440	immediate
SUPER_3	345459801	345480877	IR	550	.	345469956	0.550	0.650	142	21124	345459801	345467407	345473271	345480952	347412011	345250000	345500000	0	3672	7606	5864	spaced
SUPER_3	288715418	288732027	IR	549	.	288724135	0.549	0.848	485	16586	288715418	288723173	288724331	288732027	347412011	288550000	288800000	0	2895	7696	1158	immediate
SUPER_3	298368530	298373042	IR	549	.	298371006	0.549	0.921	173	5266	298368530	298370230	298371342	298373057	347412011	298300000	298550000	173	1179	1700	1112	immediate
SUPER_3	308870998	308873398	IR	549	.	308872195	0.549	0.933	86	2753	308870998	308871982	308872414	308873401	347412011	308650000	308900000	86	3703	984	432	immediate
SUPER_3	71497555	71499709	IR	549	.	71498632	0.549	0.889	75	2332	71497555	71498270	71499042	71499709	347412011	71300000	71550000	75	3310	667	772	immediate
SUPER_3	41856219	41859382	IR	548	.	41857804	0.548	0.989	172	3371	41856219	41857049	41858559	41859382	347412011	41650000	41900000	172	3463	823	1510	immediate
SUPER_3	215298033	215376158	IR	547	.	215336951	0.547	0.934	154	78229	215298033	215299974	215374263	215376158	347412011	215150000	215400000	154	3118	1895	74289	spaced
SUPER_3	95443907	95446009	IR	547	.	95444959	0.547	0.964	96	2194	95443907	95444367	95445549	95446021	347412011	95250000	95500000	96	3249	460	1182	immediate
SUPER_3	265063586	265067478	IR	547	.	265065939	0.547	0.955	50	3861	265063586	265064199	265066865	265067482	347412011	264850000	265100000	0	3592	613	2666	spaced
SUPER_3	2232191	2234271	IR	547	.	2233084	0.547	0.889	36	2390	2232191	2232553	2233909	2234278	347412011	2050000	2300000	36	3053	362	1356	immediate
SUPER_3	203680451	203684450	IR	545	.	203682450	0.545	0.954	205	4268	203680451	203681767	203683149	203684450	347412011	203450000	203700000	225	3874	1301	1382	immediate
SUPER_3	200920126	200924575	IR	545	.	200922106	0.545	0.950	112	4535	200920126	200921374	200923327	200924575	347412011	200700000	200950000	112	3705	1248	1953	immediate
SUPER_3	84367368	84390112	IR	544	.	84378649	0.544	0.992	822	25174	84367368	84377825	84379655	84390124	347412011	84350000	84600000	822	478	10457	1830	immediate
SUPER_3	298074546	298078523	IR	544	.	298076535	0.544	0.961	188	4270	298074546	298075837	298077233	298078523	347412011	297850000	298100000	188	3775	1290	1396	immediate
SUPER_3	111348095	111350270	IR	544	.	111349182	0.544	0.958	62	2206	111348095	111348695	111349671	111350270	347412011	111150000	111400000	62	3319	599	976	immediate
SUPER_3	289968196	289974558	IR	544	.	289970967	0.544	0.611	20	6326	289968196	289968232	289974522	289974582	347412011	289800000	290050000	0	2856	36	6290	spaced
SUPER_3	396844	400830	IR	543	.	398669	0.543	0.947	206	4267	396844	398138	399536	400830	347412011	300000	550000	226	1647	1294	1398	immediate
SUPER_3	93844099	93847339	IR	543	.	93845749	0.543	0.731	136	2867	93844099	93845273	93846225	93847339	347412011	93600000	93850000	621	4095	1114	952	immediate
SUPER_3	140077245	140081518	IR	543	.	140078997	0.543	0.964	36	4253	140077245	140077602	140081161	140081518	347412011	139900000	140150000	0	2989	357	3559	spaced
SUPER_3	77280746	77282281	IR	542	.	77281517	0.542	0.972	109	89977	77280746	77281266	77281761	77282288	347412011	77150000	77400000	109	2191	520	495	immediate
SUPER_3	30308592	30312451	IR	542	.	30310946	0.542	0.754	77	3872	30308592	30309604	30311439	30312496	347412011	30100000	30350000	0	3508	1012	1835	immediate
SUPER_3	258857230	258859799	IR	541	.	258858511	0.541	0.970	175	2762	258857230	258858354	258858675	258859804	347412011	258650000	258900000	177	3475	1124	321	immediate
SUPER_3	81400205	81402833	IR	541	.	81401519	0.541	0.991	129	2808	81400205	81400874	81402164	81402835	347412011	81200000	81450000	129	3358	669	1290	immediate
SUPER_3	60671838	60672650	IR	541	.	60672244	0.541	0.986	49	40330	60671838	60672129	60672359	60672650	347412011	60500000	60750000	49	2870	291	230	immediate
SUPER_3	137302728	137304905	IR	541	.	137303811	0.541	0.866	36	2235	137302728	137303509	137304143	137304905	347412011	137100000	137350000	36	3396	762	634	immediate
SUPER_3	162422911	162425192	IR	541	.	162424210	0.541	0.570	24	2292	162422911	162423738	162424365	162425213	347412011	162200000	162450000	24	3734	827	627	immediate
SUPER_3	319637875	319660190	IR	540	.	319649085	0.540	0.973	741	24136	319637875	319648049	319650122	319660190	347412011	319450000	319700000	741	3317	10068	2073	spaced
SUPER_3	224543061	224548973	IR	540	.	224546373	0.540	0.955	160	5889	224543061	224545079	224546962	224548973	347412011	224300000	224550000	0	4100	2011	1883	immediate
SUPER_3	22126914	22129312	IR	540	.	22127945	0.540	0.964	136	2566	22126914	22127510	22128716	22129312	347412011	21900000	22150000	136	3801	596	1206	immediate
SUPER_3	320747555	320751303	IR	540	.	320749429	0.540	0.956	135	4226	320747555	320748651	320750207	320751309	347412011	320550000	320800000	135	3323	1096	1556	immediate
SUPER_3	62447189	62450285	IR	540	.	62448737	0.540	0.944	90	3302	62447189	62448139	62449335	62450292	347412011	62250000	62500000	90	3312	950	1196	immediate
SUPER_3	219696893	219699878	IR	540	.	219698034	0.540	0.956	63	2966	219696893	219697714	219699057	219699880	347412011	219450000	219700000	0	4139	821	1343	immediate
SUPER_3	14640739	14644292	IR	540	.	14642599	0.540	0.876	54	3921	14640739	14642111	14642921	14644292	347412011	14400000	14650000	54	4041	1371	810	immediate
SUPER_3	2922439	2925812	IR	538	.	2924291	0.538	0.976	185	3618	2922439	2923505	2924751	2925812	347412011	2700000	2950000	185	3735	1061	1246	immediate
SUPER_3	20739295	20940046	IR	538	.	20839859	0.538	0.957	25	200765	20739295	20739506	20939835	20940046	347412011	20700000	20950000	25	2327	211	200329	wide
SUPER_3	125654395	125657631	IR	537	.	125656442	0.537	0.922	139	3218	125654395	125655644	125656450	125657631	347412011	125450000	125700000	0	3433	1181	806	immediate
SUPER_3	31547391	31551035	IR	537	.	31549519	0.537	0.748	88	3625	31547391	31548830	31549651	31551035	347412011	31350000	31600000	0	3320	1384	821	immediate
SUPER_3	96719735	96722043	IR	537	.	96720705	0.537	0.935	75	2440	96719735	96720210	96721590	96722043	347412011	96500000	96750000	75	3681	453	1380	immediate
SUPER_3	167694352	167696625	IR	537	.	167695736	0.537	0.946	28	2253	167694352	167694780	167696197	167696625	347412011	167600000	167850000	0	1591	428	1417	immediate
SUPER_3	159227315	159230781	IR	536	.	159229029	0.536	0.841	100	3681	159227315	159228556	159229540	159230810	347412011	159150000	159400000	111	1317	1241	984	immediate
SUPER_3	184544310	184546572	IR	536	.	184545441	0.536	0.965	57	2328	184544310	184544764	184546118	184546575	347412011	184350000	184600000	58	3257	454	1354	immediate
SUPER_3	323129408	323131612	IR	536	.	323130510	0.536	0.981	55	2268	323129408	323129782	323131238	323131612	347412011	322900000	323150000	55	3841	374	1456	immediate
SUPER_3	95538354	95540860	IR	535	.	95539610	0.535	0.968	104	2579	95538354	95539073	95540141	95540866	347412011	95300000	95550000	104	3993	719	1068	immediate
SUPER_3	173165445	173166808	IR	535	.	173166211	0.535	0.976	78	61818	173165445	173165935	173166318	173166808	347412011	173000000	173250000	78	2768	490	383	immediate
SUPER_3	109219844	109222442	IR	533	.	109221171	0.533	0.910	132	2755	109219844	109220877	109221409	109222474	347412011	109050000	109300000	132	2852	1033	532	immediate
SUPER_3	99594727	99595397	IR	533	.	99595062	0.533	0.967	27	89929	99594727	99594967	99595157	99595397	347412011	99450000	99700000	27	2417	240	190	immediate
SUPER_3	317552284	317554346	IR	533	.	317553315	0.533	0.939	24	2169	317552284	317552626	317554004	317554346	347412011	317350000	317600000	24	3388	342	1378	immediate
SUPER_3	102777912	102781380	IR	532	.	102779394	0.532	0.971	126	3448	102777912	102778948	102780346	102781380	347412011	102550000	102800000	0	3827	1034	1398	immediate
SUPER_3	252911978	252915694	IR	532	.	252913492	0.532	0.931	69	3700	252911978	252912881	252914791	252915700	347412011	252700000	252950000	0	3563	903	1910	immediate
SUPER_3	346881521	346907268	IR	531	.	346894419	0.531	0.478	282	26518	346881521	346894173	346894667	346907268	347412011	346750000	347000000	303	2406	12601	494	immediate
SUPER_3	24891699	24895274	IR	531	.	24893436	0.531	0.981	168	3815	24891699	24892622	24894358	24895274	347412011	24700000	24950000	168	3224	916	1736	immediate
SUPER_3	163919179	163920081	IR	531	.	163919630	0.531	1.000	44	31540	163919179	163919382	163919878	163920081	347412011	163800000	164050000	44	1993	203	496	immediate
SUPER_3	90523352	90526801	IR	530	.	90525348	0.530	0.827	54	3424	90523352	90524271	90525942	90526801	347412011	90400000	90650000	0	2084	859	1671	immediate
SUPER_3	165292366	165295103	IR	530	.	165293471	0.530	0.761	43	2494	165292366	165293448	165294023	165295103	347412011	165050000	165300000	0	4062	1080	575	immediate
SUPER_3	279651144	279654160	IR	529	.	279652719	0.529	0.975	113	3318	279651144	279651903	279653401	279654165	347412011	279550000	279800000	113	1710	759	1498	immediate
SUPER_3	258519782	258522560	IR	529	.	258521065	0.529	0.889	84	2924	258519782	258520279	258522063	258522613	347412011	258300000	258550000	85	3686	497	1784	immediate
SUPER_3	219715676	219722482	IR	528	.	219718636	0.528	0.963	239	6790	219715676	219718098	219720060	219722485	347412011	219500000	219750000	0	3651	2422	1962	immediate
SUPER_3	158900812	158904495	IR	528	.	158902469	0.528	0.910	169	4384	158900812	158901934	158903373	158904561	347412011	158700000	158950000	229	3377	1122	1439	immediate
SUPER_3	181760405	181763806	IR	527	.	181761995	0.527	0.940	136	3547	181760405	181761076	181763135	181763832	347412011	181600000	181850000	136	2701	671	2059	spaced
SUPER_3	259455022	259458617	IR	527	.	259456383	0.527	0.960	106	3582	259455022	259455910	259457729	259458625	347412011	259250000	259500000	0	3446	888	1819	immediate
SUPER_3	220970218	220973494	IR	527	.	220972313	0.527	0.990	77	3253	220970218	220970727	220972985	220973494	347412011	220750000	221000000	0	3697	509	2258	spaced
SUPER_3	86702222	86706014	IR	525	.	86704391	0.525	0.889	194	3774	86702222	86703874	86704412	86706014	347412011	86600000	86850000	0	1735	1602	538	immediate
SUPER_3	159291862	159294978	IR	525	.	159293420	0.525	1.000	148	3285	159291862	159292516	159294324	159294978	347412011	159150000	159400000	148	2390	654	1808	immediate
SUPER_3	216899893	216901883	IR	525	.	216900888	0.525	1.000	64	2038	216899893	216900187	216901589	216901883	347412011	216850000	217100000	64	847	294	1402	immediate
SUPER_3	3348041	3351493	IR	524	.	3349768	0.524	0.978	189	3637	3348041	3349014	3350521	3351493	347412011	3150000	3400000	189	3329	972	1507	immediate
SUPER_3	206489206	206491404	IR	523	.	206490307	0.523	0.980	138	2360	206489206	206489973	206490646	206491404	347412011	206300000	206550000	138	3171	758	673	immediate
SUPER_3	119963012	119965990	IR	522	.	119964501	0.522	0.985	134	3179	119963012	119963766	119965236	119965990	347412011	119750000	120000000	134	3574	754	1470	immediate
SUPER_3	11908402	11910946	IR	522	.	11909674	0.522	0.934	39	2660	11908402	11909009	11910339	11910947	347412011	11850000	12100000	39	994	607	1330	immediate
SUPER_3	302832333	302835214	IR	522	.	302833491	0.522	0.868	33	2800	302832333	302832894	302834694	302835214	347412011	302750000	303000000	0	1396	520	1800	immediate
SUPER_3	322616006	322618319	IR	521	.	322617342	0.521	0.798	45	2381	322616006	322617048	322617277	322618320	347412011	322600000	322850000	45	285	1042	229	immediate
SUPER_3	212418950	212421599	IR	520	.	212419837	0.520	0.913	30	2624	212418950	212419607	212420942	212421599	347412011	212300000	212550000	0	2004	657	1335	immediate
SUPER_3	104575246	104577483	IR	519	.	104576365	0.519	0.949	72	43791	104575246	104575775	104576973	104577483	347412011	104400000	104650000	72	2939	510	1198	immediate
SUPER_3	133318029	133341208	IR	518	.	133329166	0.518	0.973	727	23157	133318029	133329504	133329733	133341211	347412011	133100000	133350000	0	3826	11475	229	immediate
SUPER_3	92722336	92724480	IR	517	.	92723408	0.517	1.000	83	2219	92722336	92722723	92724093	92724480	347412011	92500000	92750000	88	3723	387	1370	immediate
SUPER_3	147026342	147029043	IR	517	.	147027566	0.517	0.966	67	2766	147026342	147026778	147028607	147029050	347412011	146800000	147050000	67	3794	436	1829	immediate
SUPER_3	12947998	12950323	IR	517	.	12949178	0.517	0.869	31	2324	12947998	12948709	12949647	12950323	347412011	12750000	13000000	31	3319	676	938	immediate
SUPER_3	243143884	243147626	IR	516	.	243145539	0.516	0.986	149	3944	243143884	243144726	243146784	243147627	347412011	242950000	243200000	149	3262	842	2058	spaced
SUPER_3	136467021	136470545	IR	516	.	136468370	0.516	0.786	82	3549	136467021	136468183	136469383	136470601	347412011	136250000	136500000	0	3646	1162	1200	immediate
SUPER_3	46667235	46669389	IR	515	.	46668366	0.515	0.746	37	2847	46667235	46668038	46668643	46669389	347412011	46500000	46750000	39	2805	746	605	immediate
SUPER_3	139890312	139893889	IR	513	.	139892101	0.513	0.996	204	3835	139890312	139891269	139892933	139893889	347412011	139650000	139900000	204	4034	956	1664	immediate
SUPER_3	57567108	57569418	IR	513	.	57568263	0.513	0.976	55	2319	57567108	57567559	57568967	57569418	347412011	57350000	57600000	55	3637	451	1408	immediate
SUPER_3	195852379	195854650	IR	513	.	195853734	0.513	0.965	33	2798	195852379	195852696	195854333	195854650	347412011	195850000	196100000	32	58	317	1637	immediate
SUPER_3	103180490	103184964	IR	512	.	103182739	0.512	0.984	342	4884	103180490	103182067	103183411	103184964	347412011	102950000	103200000	342	3878	1553	1344	immediate
SUPER_3	133543323	133546387	IR	512	.	133545019	0.512	0.989	157	3303	133543323	133544084	133545631	133546387	347412011	133350000	133600000	157	3247	756	1547	immediate
SUPER_3	21658921	21661839	IR	511	.	21660380	0.511	1.000	148	3022	21658921	21659596	21661164	21661839	347412011	21450000	21700000	148	3506	675	1568	immediate
SUPER_3	213717246	213719918	IR	511	.	213718411	0.511	0.940	47	2684	213717246	213717629	213719544	213719918	347412011	213500000	213750000	47	3642	374	1915	immediate
SUPER_3	98344990	98350160	IR	510	.	98347197	0.510	0.954	114	5147	98344990	98346097	98349053	98350164	347412011	98150000	98400000	0	3292	1107	2956	spaced
SUPER_3	304524302	304534658	IR	509	.	304529418	0.509	0.926	550	11031	304524302	304528949	304530069	304534658	347412011	304350000	304600000	550	2991	4589	1120	immediate
SUPER_3	265536074	265543114	IR	509	.	265540065	0.509	0.677	95	5437	265536074	265539352	265539842	265543114	347412011	265300000	265550000	0	3993	3272	490	immediate
SUPER_3	278943023	278958545	IR	509	.	278950784	0.509	0.431	52	15635	278943023	278950580	278950988	278958626	347412011	278750000	279000000	52	3346	7557	408	immediate
SUPER_3	154297103	154303622	IR	508	.	154300456	0.508	0.893	99	7055	154297103	154299707	154301033	154303622	347412011	154100000	154350000	99	3339	2589	1326	immediate
SUPER_3	164875602	164877551	IR	508	.	164876593	0.508	0.827	86	2075	164875602	164876109	164877044	164877584	347412011	164750000	165000000	90	2109	507	935	immediate
SUPER_3	197896680	197898728	IR	508	.	197897704	0.508	0.990	33	2050	197896680	197896883	197898525	197898728	347412011	197750000	198000000	33	2461	203	1642	immediate
SUPER_3	55062125	55063533	IR	507	.	55062597	0.507	0.845	57	3074	55062125	55062422	55063237	55063533	347412011	54850000	55100000	27	3547	296	815	immediate
SUPER_3	227224089	227226518	IR	507	.	227225738	0.507	0.875	33	2407	227224089	227224706	227225921	227226518	347412011	227200000	227450000	0	421	597	1215	immediate
SUPER_3	215377342	215379370	IR	506	.	215378355	0.506	0.977	128	2245	215377342	215378042	215378675	215379370	347412011	215150000	215400000	128	3805	695	633	immediate
SUPER_3	160079388	160082378	IR	506	.	160081042	0.506	0.982	123	3279	160079388	160080059	160081708	160082378	347412011	159850000	160100000	125	3847	670	1649	immediate
SUPER_3	41770282	41772850	IR	506	.	41771566	0.506	0.996	99	2709	41770282	41770788	41772344	41772850	347412011	41550000	41800000	99	3692	506	1556	immediate
SUPER_3	237559605	237565004	IR	506	.	237562346	0.506	0.796	82	5455	237559605	237561568	237563124	237565004	347412011	237350000	237600000	82	3538	1880	1556	immediate
SUPER_3	212171370	212173348	IR	506	.	212172357	0.506	0.957	66	2576	212171370	212171718	212173004	212173348	347412011	212100000	212350000	66	1205	344	1286	immediate
SUPER_3	163134260	163136218	IR	506	.	163135239	0.506	0.969	37	2663	163134260	163134517	163135961	163136218	347412011	162950000	163200000	37	3087	257	1444	immediate
SUPER_3	129289755	129290382	IR	506	.	129289987	0.506	0.972	29	45065	129289755	129290002	129290135	129290382	347412011	129200000	129450000	29	1501	247	133	immediate
SUPER_3	327962111	327964071	IR	504	.	327963091	0.504	0.936	93	2035	327962111	327962673	327963509	327964102	347412011	327750000	328000000	93	3551	562	836	immediate
SUPER_3	65051750	65216083	IR	504	.	65133502	0.504	0.399	86	83298	65051750	65133484	65134349	65216114	347412011	65050000	65300000	0	1398	81734	865	immediate
SUPER_3	284411991	284418099	IR	504	.	284415272	0.504	0.946	59	7142	284411991	284412284	284417806	284418100	347412011	284200000	284450000	28	3583	293	5522	spaced
SUPER_3	21869516	21872397	IR	503	.	21871148	0.503	0.993	103	2950	21869516	21870060	21871853	21872397	347412011	21700000	21950000	103	2849	544	1793	immediate
SUPER_3	178333538	178383423	IR	503	.	178358481	0.503	0.412	56	50532	178333538	178358297	178358664	178383512	347412011	178200000	178450000	56	2641	24759	367	immediate
SUPER_3	158268281	158270769	IR	501	.	158269192	0.501	0.748	45	2379	158268281	158268410	158270640	158270803	347412011	158050000	158300000	0	3658	129	2230	spaced
SUPER_3	134498085	134500899	IR	501	.	134499826	0.501	0.970	40	2796	134498085	134498486	134500498	134500899	347412011	134300000	134550000	0	3324	401	2012	spaced
SUPER_3	189048401	189050707	IR	501	.	189049554	0.501	0.738	40	2451	189048401	189049086	189050022	189050797	347412011	188950000	189200000	40	1659	685	936	immediate
SUPER_3	27409378	27411541	IR	500	.	27410460	0.500	0.997	75	2227	27409378	27409700	27411220	27411541	347412011	27200000	27450000	75	3507	321	1520	immediate
SUPER_3	183996706	183998876	IR	499	.	183997791	0.499	0.981	60	2192	183996706	183997083	183998499	183998876	347412011	183800000	184050000	60	3296	377	1416	immediate
SUPER_3	154456268	154458078	IR	499	.	154457173	0.499	0.991	49	2030	154456268	154456587	154457760	154458078	347412011	154300000	154550000	49	2619	318	1173	immediate
SUPER_3	228988360	228994332	IR	498	.	228991519	0.498	0.489	34	6067	228988360	228990637	228992055	228994340	347412011	228750000	229000000	35	4022	2277	1418	immediate
SUPER_3	231383472	231387022	IR	497	.	231385247	0.497	0.999	214	3757	231383472	231384424	231386070	231387022	347412011	231150000	231400000	214	3920	952	1646	immediate
SUPER_3	142522794	142527164	IR	497	.	142525299	0.497	0.994	161	4354	142522794	142523889	142526069	142527165	347412011	142300000	142550000	0	3749	1095	2180	spaced
SUPER_3	219556476	219559372	IR	497	.	219557694	0.497	0.951	73	2918	219556476	219557049	219558800	219559372	347412011	219350000	219600000	50	3465	572	1751	immediate
SUPER_3	299049519	299052418	IR	497	.	299050968	0.497	0.922	70	3817	299049519	299050263	299051674	299052425	347412011	299000000	299250000	70	849	744	1411	immediate
SUPER_3	260508010	260511589	IR	496	.	260509698	0.496	0.983	228	3833	260508010	260509201	260510398	260511589	347412011	260300000	260550000	228	3496	1191	1197	immediate
SUPER_3	335918951	335920914	IR	496	.	335920113	0.496	0.803	34	2011	335918951	335919842	335920023	335920917	347412011	335700000	335950000	34	3665	891	181	immediate
SUPER_3	54287596	54289966	IR	495	.	54288726	0.495	0.994	103	2651	54287596	54288102	54289463	54289966	347412011	54050000	54300000	103	3979	503	1361	immediate
SUPER_3	36339711	36341725	IR	495	.	36340718	0.495	1.000	64	2064	36339711	36340014	36341422	36341725	347412011	36100000	36350000	64	4011	303	1408	immediate
SUPER_3	49007037	49010822	IR	495	.	49008774	0.495	0.884	57	3898	49007037	49007843	49010028	49010822	347412011	48850000	49100000	57	2648	794	2185	spaced
SUPER_3	111312478	111314779	IR	494	.	111313629	0.494	0.976	108	2462	111312478	111313056	111314201	111314785	347412011	111100000	111350000	108	3560	578	1145	immediate
SUPER_3	13003305	13006777	IR	493	.	13005420	0.493	0.965	86	3445	13003305	13004208	13005878	13006777	347412011	12800000	13050000	0	3417	899	1670	immediate
SUPER_3	254967248	254969258	IR	493	.	254968249	0.493	0.739	86	2183	254967248	254967843	254968799	254969258	347412011	254750000	255000000	86	3637	459	956	immediate
SUPER_3	307514155	307517184	IR	493	.	307515711	0.493	0.720	33	3230	307514155	307515118	307516311	307517184	347412011	307350000	307600000	33	2761	873	1193	immediate
SUPER_3	305873794	305876485	IR	492	.	305875566	0.492	0.948	56	2671	305873794	305874696	305875583	305876486	347412011	305800000	306050000	0	1252	902	887	immediate
SUPER_3	8211226	8214406	IR	491	.	8213002	0.491	0.899	93	3311	8211226	8212054	8213578	8214467	347412011	8050000	8300000	93	2713	828	1524	immediate
SUPER_3	172232894	172235780	IR	490	.	172234337	0.490	0.979	127	3114	172232894	172233721	172234953	172235782	347412011	172000000	172250000	127	3905	827	1232	immediate
SUPER_3	217817572	217819013	IR	490	.	217818292	0.490	0.976	74	20137	217817572	217818158	217818427	217819013	347412011	217600000	217850000	74	3638	586	269	immediate
SUPER_3	75573144	75575443	IR	490	.	75573860	0.490	0.959	38	2259	75573144	75573535	75575052	75575444	347412011	75550000	75800000	0	404	391	1517	immediate
SUPER_3	15729699	15734357	IR	489	.	15732059	0.489	0.953	323	5011	15729699	15731199	15732919	15734357	347412011	15600000	15850000	328	2200	1438	1720	immediate
SUPER_3	245536302	245539774	IR	489	.	245538384	0.489	0.980	93	3443	245536302	245537006	245539070	245539775	347412011	245350000	245600000	0	3133	704	2064	spaced
SUPER_3	39063599	39066140	IR	489	.	39065113	0.489	0.965	44	2527	39063599	39063993	39065746	39066144	347412011	39000000	39250000	0	1081	394	1753	immediate
SUPER_3	146190925	146192965	IR	489	.	146191945	0.489	0.957	32	2042	146190925	146191203	146192687	146192965	347412011	145950000	146200000	32	4032	278	1484	immediate
SUPER_3	38994638	38997971	IR	488	.	38996340	0.488	0.996	166	3608	38994638	38995453	38997156	38997971	347412011	38950000	39200000	173	771	815	1703	immediate
SUPER_3	110650812	110653913	IR	488	.	110652242	0.488	0.835	151	3508	110650812	110652074	110652651	110653988	347412011	110500000	110750000	161	2539	1262	577	immediate
SUPER_3	229558922	229566867	IR	488	.	229562452	0.488	0.936	139	7919	229558922	229561777	229564012	229566878	347412011	229350000	229600000	0	3548	2855	2235	spaced
SUPER_3	194708218	194710200	IR	488	.	194709209	0.488	0.843	84	2296	194708218	194709096	194709322	194710276	347412011	194550000	194800000	84	2653	878	226	immediate
SUPER_3	97143827	97144478	IR	488	.	97144065	0.488	0.941	22	7181	97143827	97144029	97144276	97144478	347412011	97050000	97300000	22	1569	202	247	immediate
SUPER_3	248653852	248655942	IR	488	.	248655387	0.488	0.915	21	2072	248653852	248654259	248655535	248655946	347412011	248450000	248700000	0	3414	407	1276	immediate
SUPER_3	93357649	93360819	IR	487	.	93359234	0.487	0.997	154	3441	93357649	93358358	93360110	93360819	347412011	93200000	93450000	154	2653	709	1752	immediate
SUPER_3	255375141	255376413	IR	487	.	255375675	0.487	0.762	38	2448	255375141	255375683	255375871	255376476	347412011	255250000	255500000	59	2096	542	188	immediate
SUPER_3	206842304	206844586	IR	487	.	206843664	0.487	1.000	28	2308	206842304	206842414	206844476	206844586	347412011	206800000	207050000	28	723	110	2062	spaced
SUPER_3	185988031	186177144	IR	487	.	186082966	0.487	0.853	22	189097	185988031	185988368	186176807	186177155	347412011	185950000	186200000	0	2209	337	188439	wide
SUPER_3	152215652	152218667	IR	486	.	152217531	0.486	0.925	76	2993	152215652	152216588	152217731	152218672	347412011	152000000	152250000	0	3619	936	1143	immediate
SUPER_3	59955427	59958706	IR	485	.	59956633	0.485	0.983	77	3260	59955427	59955889	59958251	59958706	347412011	59800000	60050000	0	2617	455	2362	spaced
SUPER_3	335685975	335700043	IR	485	.	335692637	0.485	0.819	30	14060	335685975	335686784	335699234	335700054	347412011	335550000	335800000	0	2383	809	12450	spaced
SUPER_3	103739761	103742380	IR	484	.	103741071	0.484	0.977	99	2824	103739761	103740482	103741659	103742382	347412011	103550000	103800000	99	3184	721	1177	immediate
SUPER_3	149416727	149419212	IR	484	.	149417966	0.484	0.935	96	2569	149416727	149417166	149418773	149419227	347412011	149200000	149450000	96	3632	439	1607	immediate
SUPER_3	208284323	208286655	IR	484	.	208285489	0.484	0.990	77	2409	208284323	208284708	208286270	208286656	347412011	208050000	208300000	77	3924	385	1562	immediate
SUPER_3	220707081	220707709	IR	484	.	220707395	0.484	0.960	53	61633	220707081	220707327	220707463	220707716	347412011	220600000	220850000	53	1789	246	136	immediate
SUPER_3	244238254	244240204	IR	484	.	244239227	0.484	0.939	46	2026	244238254	244238578	244239885	244240204	347412011	244050000	244300000	46	3153	319	1307	immediate
SUPER_3	109889748	109892490	IR	484	.	109891446	0.484	0.750	32	2735	109889748	109890281	109891957	109892509	347412011	109700000	109950000	0	3185	533	1676	immediate
SUPER_3	18651784	18653956	IR	483	.	18652870	0.483	0.996	52	2188	18651784	18652036	18653704	18653956	347412011	18450000	18700000	52	3381	252	1668	immediate
SUPER_3	306347584	306351584	IR	482	.	306349585	0.482	0.973	168	4443	306347584	306348791	306350379	306351584	347412011	306150000	306400000	168	3326	1205	1588	immediate
SUPER_3	126586448	126590420	IR	482	.	126588433	0.482	0.896	146	4234	126586448	126587927	126588941	126590452	347412011	126350000	126600000	146	3973	1479	1014	immediate
SUPER_3	199176558	199180510	IR	482	.	199178536	0.482	0.817	75	4206	199176558	199178288	199178785	199180510	347412011	199050000	199300000	75	2142	1725	497	immediate
SUPER_3	207150409	207153427	IR	481	.	207152000	0.481	0.981	139	3156	207150409	207151237	207152601	207153427	347412011	206950000	207200000	139	3365	826	1364	immediate
SUPER_3	271840378	271842618	IR	481	.	271841498	0.481	0.936	54	2307	271840378	271840901	271842095	271842620	347412011	271600000	271850000	54	4024	523	1194	immediate
SUPER_3	203864432	203866940	IR	481	.	203865686	0.481	0.941	49	2578	203864432	203865008	203866365	203866940	347412011	203700000	203950000	49	2761	575	1357	immediate
SUPER_3	6834113	6836098	IR	481	.	6835106	0.481	0.941	28	2008	6834113	6834415	6835796	6836098	347412011	6600000	6850000	28	3918	302	1381	immediate
SUPER_3	31299887	31302972	IR	481	.	31301908	0.481	0.984	25	3066	31299887	31300076	31302783	31302972	347412011	31100000	31350000	0	3357	189	2707	spaced
SUPER_3	35563788	35566467	IR	480	.	35565129	0.480	0.978	177	2868	35563788	35564955	35565303	35566467	347412011	35350000	35600000	177	3585	1164	348	immediate
SUPER_3	16306018	16459239	IR	480	.	16383122	0.480	0.949	39	153159	16306018	16306562	16458698	16459239	347412011	16250000	16500000	0	2210	541	152136	wide
SUPER_3	33121255	33123858	IR	479	.	33122809	0.479	0.992	117	2583	33121255	33121997	33123116	33123859	347412011	32900000	33150000	0	3709	742	1119	immediate
SUPER_3	69850076	69854155	IR	479	.	69852573	0.479	0.964	68	3987	69850076	69850957	69853277	69854155	347412011	69650000	69900000	0	3368	878	2320	spaced
SUPER_3	216115758	216242721	IR	479	.	216179126	0.479	0.967	42	126967	216115758	216116215	216242264	216242721	347412011	216000000	216250000	42	2987	457	126049	wide
SUPER_3	68383862	68400941	IR	479	.	68392579	0.479	0.957	30	17310	68383862	68384116	68400687	68400942	347412011	68200000	68450000	30	3206	254	16571	spaced
SUPER_3	143242372	143244538	IR	478	.	143243455	0.478	0.980	101	2289	143242372	143242926	143243984	143244545	347412011	143000000	143250000	101	4057	554	1058	immediate
SUPER_3	334944593	334948436	IR	478	.	334946034	0.478	0.803	73	3816	334944593	334946453	334946576	334948436	347412011	334700000	334950000	0	4108	1860	123	immediate
SUPER_3	305752744	305774135	IR	478	.	305763903	0.478	0.889	71	21338	305752744	305753924	305772955	305774190	347412011	305550000	305800000	0	3557	1180	19031	spaced
SUPER_3	212732563	212734747	IR	478	.	212733601	0.478	0.697	35	2170	212732563	212733431	212733899	212734747	347412011	212500000	212750000	37	3894	848	468	immediate
SUPER_3	205666294	205668313	IR	478	.	205667262	0.478	0.849	29	2063	205666294	205666602	205668005	205668353	347412011	205450000	205700000	43	3621	308	1403	immediate
SUPER_3	172337039	172351323	IR	477	.	172343722	0.477	0.996	1085	14266	172337039	172343273	172345097	172351323	347412011	172150000	172400000	0	3236	6226	1824	immediate
SUPER_3	150235867	150239259	IR	477	.	150237234	0.477	0.987	167	3372	150235867	150236872	150238254	150239268	347412011	150000000	150250000	0	3959	1005	1382	immediate
SUPER_3	126509851	126512441	IR	477	.	126511146	0.477	0.755	77	2742	126509851	126510978	126511314	126512490	347412011	126400000	126650000	79	1852	1127	336	immediate
SUPER_3	343799617	343803102	IR	477	.	343801058	0.477	0.821	71	3458	343799617	343801312	343801407	343803102	347412011	343600000	343850000	0	3355	1695	95	immediate
SUPER_3	156996041	156998177	IR	477	.	156997117	0.477	0.689	46	2170	156996041	156997013	156997205	156998203	347412011	156750000	157000000	46	4118	972	192	immediate
SUPER_3	167359118	167360472	IR	476	.	167359565	0.476	0.887	131	3435	167359118	167359691	167359929	167360472	347412011	167200000	167450000	51	2663	543	238	immediate
SUPER_3	312806639	312808736	IR	476	.	312807689	0.476	0.890	49	2232	312806639	312807439	312807936	312808754	347412011	312700000	312950000	49	1794	800	497	immediate
SUPER_3	1566874	1616387	IR	476	.	1591823	0.476	0.704	21	49469	1566874	1566912	1616349	1616403	347412011	1550000	1800000	105	693	38	49437	spaced
SUPER_3	220379462	220381273	IR	475	.	220380476	0.475	0.914	38	2110	220379462	220380195	220380540	220381273	347412011	220150000	220400000	38	3839	733	345	immediate
SUPER_3	321401945	321459580	IR	475	.	321430895	0.475	0.933	35	57725	321401945	321402523	321459002	321459581	347412011	321250000	321500000	35	3012	578	56479	spaced
SUPER_3	181709894	181723583	IR	474	.	181716738	0.474	0.935	284	14339	181709894	181712439	181721038	181723650	347412011	181500000	181750000	284	3612	2545	8599	spaced
SUPER_3	100467460	100469572	IR	474	.	100468516	0.474	0.955	38	2280	100467460	100467813	100469219	100469573	347412011	100250000	100500000	38	3641	353	1406	immediate
SUPER_3	240046645	240055499	IR	473	.	240051323	0.473	0.951	233	8838	240046645	240050106	240052038	240055506	347412011	239850000	240100000	0	3351	3461	1932	immediate
SUPER_3	271420131	271422213	IR	473	.	271421181	0.473	0.942	132	2218	271420131	271420866	271421496	271422213	347412011	271250000	271500000	132	2852	717	630	immediate
SUPER_3	304310167	304314015	IR	473	.	304311608	0.473	0.764	72	3821	304310167	304312130	304312150	304314015	347412011	304200000	304450000	0	1868	1865	20	immediate
SUPER_3	189456431	189459660	IR	472	.	189457698	0.472	0.974	186	3209	189456431	189457777	189458314	189459660	347412011	189250000	189500000	0	3467	1346	537	immediate
SUPER_3	233382697	233384910	IR	472	.	233383818	0.472	0.940	118	2574	233382697	233383417	233384190	233384939	347412011	233150000	233400000	118	3896	720	773	immediate
SUPER_3	24913581	24915524	IR	472	.	24914530	0.472	0.802	99	2108	24913581	24914338	24914767	24915565	347412011	24750000	25000000	114	2742	757	429	immediate
SUPER_3	286997791	287164695	IR	472	.	287081280	0.472	0.441	47	84914	286997791	287080942	287081617	287164695	347412011	286950000	287200000	47	2187	83078	675	immediate
SUPER_3	134449223	134451648	IR	471	.	134450438	0.471	0.964	87	2516	134449223	134449908	134450969	134451648	347412011	134250000	134500000	87	3340	679	1061	immediate
SUPER_3	52420647	52422587	IR	471	.	52421618	0.471	0.939	53	2045	52420647	52421394	52421840	52422592	347412011	52200000	52450000	53	3693	747	446	immediate
SUPER_3	272992307	272994487	IR	471	.	272993397	0.471	0.909	35	2331	272992307	272993110	272993684	272994493	347412011	272750000	273000000	35	4056	803	574	immediate
SUPER_3	190990606	190994081	IR	470	.	190992638	0.470	0.994	138	3451	190990606	190991458	190993230	190994081	347412011	190750000	191000000	0	4038	851	1772	immediate
SUPER_3	203798960	203850023	IR	470	.	203824492	0.470	0.409	49	26226	203798960	203824302	203824681	203850093	347412011	203750000	204000000	63	1241	25342	379	immediate
SUPER_3	286629369	286631674	IR	470	.	286630644	0.470	0.802	43	2384	286629369	286630424	286630619	286631674	347412011	286400000	286650000	43	3841	1055	195	immediate
SUPER_3	203644203	203646419	IR	470	.	203645121	0.470	0.628	35	2445	203644203	203644391	203646231	203646527	347412011	203600000	203850000	40	755	188	1840	immediate
SUPER_3	217374662	217404333	IR	469	.	217389496	0.469	0.976	152	29928	217374662	217375498	217403497	217404336	347412011	217200000	217450000	152	3158	836	27999	spaced
SUPER_3	25282279	25284018	IR	469	.	25283159	0.469	0.924	54	29997	25282279	25283012	25283306	25284018	347412011	25050000	25300000	54	3885	712	294	immediate
SUPER_3	139808929	139810947	IR	469	.	139809938	0.469	0.874	47	2237	139808929	139809795	139810081	139810949	347412011	139600000	139850000	47	3498	866	286	immediate
SUPER_3	307855984	307859621	IR	468	.	307858219	0.468	0.903	179	3610	307855984	307857757	307857852	307859621	347412011	307650000	307900000	0	3463	1769	95	immediate
SUPER_3	337525983	337531507	IR	468	.	337528294	0.468	0.985	179	5500	337525983	337527151	337530351	337531507	347412011	337300000	337550000	0	3812	1156	3200	spaced
SUPER_3	311196524	311199195	IR	468	.	311197803	0.468	0.806	54	2742	311196524	311197763	311197956	311199195	347412011	310950000	311200000	54	4130	1239	193	immediate
SUPER_3	287301333	287303646	IR	468	.	287302612	0.468	0.800	41	2382	287301333	287302392	287302587	287303648	347412011	287300000	287550000	41	41	1059	195	immediate
SUPER_3	208039592	208041506	IR	468	.	208040549	0.468	0.988	40	2044	208039592	208039833	208041265	208041506	347412011	207850000	208100000	40	3175	241	1432	immediate
SUPER_3	146543190	146550080	IR	467	.	146546635	0.467	0.574	217	7246	146543190	146546511	146546759	146550085	347412011	146400000	146650000	217	2443	3321	248	immediate
SUPER_3	220186746	220189269	IR	467	.	220188185	0.467	0.972	97	2609	220186746	220187302	220188713	220189280	347412011	220150000	220400000	97	633	556	1411	immediate
SUPER_3	287717064	287719168	IR	467	.	287718121	0.467	0.951	64	2157	287717064	287717613	287718629	287719168	347412011	287500000	287750000	64	3635	539	1016	immediate
SUPER_3	293959609	293961717	IR	467	.	293960973	0.467	0.753	34	2110	293959609	293960450	293960876	293961769	347412011	293850000	294100000	0	1844	841	426	immediate
SUPER_3	339890090	339893128	IR	467	.	339891608	0.467	0.857	34	3206	339890090	339891055	339892163	339893151	347412011	339700000	339950000	34	3193	965	1108	immediate
SUPER_3	267691383	267692044	IR	467	.	267691930	0.467	0.969	25	65291	267691383	267691511	267691916	267692044	347412011	267550000	267800000	20	2361	128	405	immediate
SUPER_3	80452287	80455062	IR	467	.	80453395	0.467	0.901	23	2752	80452287	80452838	80454516	80455062	347412011	80400000	80650000	0	894	546	1678	immediate
SUPER_3	79399910	79404249	IR	466	.	79402163	0.466	0.972	190	4714	79399910	79401210	79402949	79404250	347412011	79200000	79450000	190	3367	1300	1739	immediate
SUPER_3	265581700	265583895	IR	466	.	265582798	0.466	0.979	103	2310	265581700	265582330	265583265	265583895	347412011	265550000	265800000	103	546	630	935	immediate
SUPER_3	330534860	330540487	IR	466	.	330537262	0.466	0.813	97	5600	330534860	330537629	330537724	330540487	347412011	330300000	330550000	0	3961	2763	95	immediate
SUPER_3	301763224	301766981	IR	466	.	301764622	0.466	0.799	74	3736	301763224	301765041	301765164	301766981	347412011	301550000	301800000	0	3584	1817	123	immediate
SUPER_3	174790760	174793976	IR	465	.	174792372	0.465	0.971	113	4054	174790760	174791446	174793298	174793976	347412011	174550000	174800000	113	4039	678	1852	immediate
SUPER_3	339579038	339584460	IR	465	.	339581574	0.465	0.790	78	5853	339579038	339580666	339582840	339584460	347412011	339350000	339600000	78	3862	1620	2174	spaced
SUPER_3	227718311	227790104	IR	465	.	227754231	0.465	0.404	57	71989	227718311	227753952	227754510	227790104	347412011	227550000	227800000	57	3403	35594	558	immediate
SUPER_3	72402670	72414624	IR	465	.	72408142	0.465	0.835	43	11937	72402670	72406355	72410979	72414624	347412011	72200000	72450000	0	3477	3645	4624	spaced
SUPER_3	43663895	43667565	IR	465	.	43666127	0.465	0.544	28	3651	43663895	43665541	43665963	43667565	347412011	43450000	43700000	0	3595	1602	422	immediate
SUPER_3	3324115	3326047	IR	464	.	3325081	0.464	0.888	96	2028	3324115	3324749	3325478	3326047	347412011	3100000	3350000	101	3751	569	729	immediate
SUPER_3	237635594	237637606	IR	464	.	237636534	0.464	0.848	73	2275	237635594	237636410	237636790	237637687	347412011	237400000	237650000	88	3943	816	380	immediate
SUPER_3	186465922	186467895	IR	464	.	186466908	0.464	0.962	43	2023	186465922	186466262	186467555	186467898	347412011	186300000	186550000	43	2781	340	1293	immediate
SUPER_3	112008196	112010905	IR	464	.	112009091	0.464	0.951	22	2684	112008196	112008482	112010619	112010906	347412011	111800000	112050000	0	3492	286	2137	spaced
SUPER_3	235998328	236000283	IR	463	.	235999306	0.463	0.966	38	2002	235998328	235998622	235999989	236000283	347412011	235850000	236100000	38	2488	294	1367	immediate
SUPER_3	203476019	203480805	IR	463	.	203477987	0.463	0.553	33	4802	203476019	203477902	203478922	203480844	347412011	203300000	203550000	0	2973	1883	1020	immediate
SUPER_3	161274095	161275499	IR	462	.	161274673	0.462	0.775	25	7020	161274095	161274642	161274952	161275527	347412011	161200000	161450000	41	1246	547	310	immediate
SUPER_3	294726101	294948381	IR	461	.	294837147	0.461	0.394	77	112267	294726101	294836783	294837699	294948393	347412011	294700000	294950000	165	2287	110682	916	immediate
SUPER_3	99310026	99313124	IR	461	.	99311525	0.461	0.867	75	3292	99310026	99310746	99312476	99313124	347412011	99100000	99350000	77	3526	648	1730	immediate
SUPER_3	151211278	151213078	IR	460	.	151212175	0.460	0.959	136	2956	151211278	151212021	151212335	151213088	347412011	151050000	151300000	136	2702	743	314	immediate
SUPER_3	152475723	152479215	IR	460	.	152477828	0.460	0.861	112	3493	152475723	152476771	152478167	152479238	347412011	152250000	152500000	0	3791	1048	1396	immediate
SUPER_3	217597995	217599482	IR	460	.	217598740	0.460	0.973	72	8157	217597995	217598548	217598932	217599482	347412011	217400000	217650000	72	3312	550	384	immediate
SUPER_3	280178629	280274635	IR	460	.	280226228	0.460	0.519	66	90658	280178629	280185913	280267351	280274697	347412011	280100000	280350000	0	2110	7284	81438	spaced
SUPER_3	33879346	33881804	IR	460	.	33880575	0.460	0.969	45	2531	33879346	33879726	33881424	33881806	347412011	33650000	33900000	45	3842	380	1698	immediate
SUPER_3	235691372	235693413	IR	460	.	235692393	0.460	0.986	41	2064	235691372	235691654	235693132	235693413	347412011	235650000	235900000	41	706	281	1478	immediate
SUPER_3	95658503	95722655	IR	460	.	95690184	0.460	0.405	33	33206	95658503	95690156	95691002	95722752	347412011	95650000	95900000	0	676	31653	846	immediate
SUPER_3	342611990	342624585	IR	459	.	342618288	0.459	0.963	452	14544	342611990	342617998	342618577	342624589	347412011	342600000	342850000	452	304	6008	579	immediate
SUPER_3	126184583	126187531	IR	459	.	126186065	0.459	0.872	93	3039	126184583	126185486	126186643	126187531	347412011	126050000	126300000	93	2267	888	1157	immediate
SUPER_3	224807262	224809315	IR	459	.	224808289	0.459	0.954	27	2109	224807262	224807544	224809034	224809315	347412011	224750000	225000000	27	971	281	1490	immediate
SUPER_3	111585203	111589192	IR	458	.	111587198	0.458	0.994	327	4385	111585203	111586799	111587596	111589194	347412011	111350000	111600000	327	3953	1596	797	immediate
SUPER_3	290715461	290718621	IR	458	.	290717041	0.458	0.993	148	3254	290715461	290716217	290717865	290718621	347412011	290500000	290750000	148	3617	756	1648	immediate
SUPER_3	118777356	118780674	IR	458	.	118778653	0.458	0.987	88	3300	118777356	118777955	118780075	118780674	347412011	118550000	118800000	0	3816	599	2120	spaced
SUPER_3	195229965	195231995	IR	458	.	195230980	0.458	0.892	79	2093	195229965	195230473	195231539	195231995	347412011	195000000	195250000	79	3849	456	1066	immediate
SUPER_3	119542709	119544993	IR	458	.	119543851	0.458	0.992	74	2374	119542709	119543084	119544618	119544993	347412011	119300000	119550000	74	4064	375	1534	immediate
SUPER_3	231648359	231649526	IR	458	.	231648949	0.458	0.910	33	52974	231648359	231648844	231649041	231649538	347412011	231500000	231750000	33	2482	485	197	immediate
SUPER_3	251256901	251267984	IR	457	.	251262443	0.457	0.997	881	12058	251256901	251261176	251263710	251267984	347412011	251050000	251300000	881	3540	4274	2534	spaced
SUPER_3	72369794	72380934	IR	457	.	72375162	0.457	0.998	114	11270	72369794	72370345	72380383	72380935	347412011	72150000	72400000	114	3755	551	10038	spaced
SUPER_3	88982260	88983678	IR	456	.	88982965	0.456	0.869	26	2244	88982260	88982472	88983466	88983687	347412011	88850000	89100000	26	2215	212	994	immediate
SUPER_3	14091331	14093309	IR	456	.	14092320	0.456	0.954	22	2056	14091331	14091633	14093007	14093310	347412011	13850000	14100000	22	4038	302	1374	immediate
SUPER_3	226207027	226227871	IR	455	.	226217449	0.455	0.511	174	21164	226207027	226216637	226218261	226227987	347412011	226000000	226250000	174	3624	9610	1624	immediate
SUPER_3	163647833	163650558	IR	455	.	163649200	0.455	0.953	115	2954	163647833	163648444	163649956	163650558	347412011	163450000	163700000	115	3319	602	1512	immediate
SUPER_3	150620577	150623168	IR	455	.	150621983	0.455	0.910	109	3006	150620577	150621186	150622559	150623224	347412011	150500000	150750000	109	2031	609	1373	immediate
SUPER_3	308309984	308387957	IR	455	.	308348980	0.455	0.413	70	40162	308309984	308348627	308349314	308388036	347412011	308150000	308400000	70	3316	38643	687	immediate
SUPER_3	112268645	112425751	IR	455	.	112347423	0.455	0.937	60	157381	112268645	112269346	112425051	112425751	347412011	112200000	112450000	60	2453	700	155705	wide
SUPER_3	221801943	221805931	IR	455	.	221804298	0.455	0.935	48	3969	221801943	221802827	221805056	221805931	347412011	221600000	221850000	0	3398	875	2229	spaced
SUPER_3	222886480	223048403	IR	455	.	222967420	0.455	0.894	48	162010	222886480	222886929	223047954	223048444	347412011	222850000	223100000	53	1957	449	161025	wide
SUPER_3	152652959	152655725	IR	454	.	152654342	0.454	0.998	123	2893	152652959	152653525	152655159	152655725	347412011	152450000	152700000	123	3405	566	1634	immediate
SUPER_3	151142832	151145296	IR	454	.	151144227	0.454	0.957	48	2544	151142832	151143295	151144835	151145296	347412011	150900000	151150000	48	4067	461	1540	immediate
SUPER_3	270113214	270153262	IR	453	.	270132767	0.453	0.904	234	38172	270113214	270120862	270145614	270153344	347412011	270050000	270300000	0	1387	7648	24752	spaced
SUPER_3	231958755	232069699	IR	453	.	232014611	0.453	0.985	208	110926	231958755	231960089	232068372	232069699	347412011	231900000	232150000	0	1903	1327	108283	wide
SUPER_3	272299684	272303473	IR	453	.	272301739	0.453	0.945	193	3960	272299684	272300786	272302393	272303473	347412011	272100000	272350000	193	3359	1080	1607	immediate
SUPER_3	106787422	106796711	IR	453	.	106791703	0.453	0.868	158	9236	106787422	106790256	106793900	106796711	347412011	106550000	106800000	0	4034	2811	3644	spaced
SUPER_3	152695498	152712151	IR	453	.	152704236	0.453	0.918	143	16690	152695498	152696888	152710761	152712237	347412011	152600000	152850000	0	1730	1390	13873	spaced
SUPER_3	20032764	20116144	IR	453	.	20074751	0.453	0.699	29	83332	20032764	20032815	20116093	20116166	347412011	19900000	20150000	0	2907	51	83278	spaced
SUPER_3	170734761	170835255	IR	452	.	170785107	0.452	0.932	127	100626	170734761	170736098	170833951	170835255	347412011	170600000	170850000	127	3083	1304	97853	spaced
SUPER_3	118724253	118727331	IR	452	.	118726136	0.452	0.834	92	3072	118724253	118725390	118726194	118727356	347412011	118500000	118750000	0	3763	1137	804	immediate
SUPER_3	313320567	313323512	IR	452	.	313322271	0.452	0.532	89	4135	313320567	313320890	313323200	313323512	347412011	313250000	313500000	4	1200	312	2310	spaced
SUPER_3	135389746	135393392	IR	452	.	135391165	0.452	0.922	42	3591	135389746	135390499	135392639	135393396	347412011	135200000	135450000	0	3192	753	2140	spaced
SUPER_3	159755377	159759738	IR	451	.	159757577	0.451	0.835	133	4636	159755377	159756701	159758453	159759738	347412011	159550000	159800000	133	3459	1285	1752	immediate
SUPER_3	120890707	120892749	IR	451	.	120891757	0.451	0.904	99	2322	120890707	120891357	120892099	120892808	347412011	120700000	120950000	99	3195	650	742	immediate
SUPER_3	226966185	226975849	IR	451	.	226971060	0.451	0.806	66	9653	226966185	226966789	226975245	226975866	347412011	226900000	227150000	146	1183	604	8456	spaced
SUPER_3	117567943	117570712	IR	450	.	117569327	0.450	0.946	66	2929	117567943	117568499	117570160	117570712	347412011	117450000	117700000	66	1988	552	1661	immediate
SUPER_3	134931241	134957969	IR	450	.	134944825	0.450	0.414	52	26768	134931241	134943860	134945350	134957974	347412011	134750000	135000000	52	3243	12619	1490	immediate
SUPER_3	149200473	149202496	IR	450	.	149201484	0.450	0.963	52	2070	149200473	149200800	149202169	149202496	347412011	149000000	149250000	52	3357	327	1369	immediate
SUPER_3	240690016	240692029	IR	450	.	240691031	0.450	0.847	46	2045	240690016	240690705	240691340	240692059	347412011	240500000	240750000	46	3183	689	635	immediate
SUPER_3	179528381	179533410	IR	450	.	179530919	0.450	0.645	37	5179	179528381	179530127	179531711	179533410	347412011	179450000	179700000	40	1348	1699	1584	immediate
SUPER_3	177021944	177024378	IR	450	.	177023596	0.450	0.918	30	2319	177021944	177022493	177023829	177024387	347412011	176900000	177150000	0	2052	549	1336	immediate
SUPER_3	225850089	225879165	IR	449	.	225865009	0.449	0.924	417	28433	225850089	225858852	225870434	225879165	347412011	225850000	226100000	0	243	8731	11582	spaced
SUPER_3	231501372	231504123	IR	449	.	231502754	0.449	0.940	115	2852	231501372	231502154	231503341	231504123	347412011	231400000	231650000	115	1712	782	1187	immediate
SUPER_3	183721949	183729777	IR	449	.	183725649	0.449	0.941	109	7934	183721949	183722644	183729112	183729777	347412011	183600000	183850000	112	2097	665	6468	spaced
SUPER_3	31455558	31457908	IR	449	.	31456733	0.449	0.907	40	2567	31455558	31456074	31457392	31457909	347412011	31250000	31500000	40	3445	516	1318	immediate
SUPER_3	50009513	50016667	IR	448	.	50013333	0.448	0.979	428	7098	50009513	50012598	50013585	50016667	347412011	49800000	50050000	0	3551	3082	987	immediate
SUPER_3	148721983	148723996	IR	448	.	148723004	0.448	0.946	125	2163	148721983	148722663	148723316	148724026	347412011	148500000	148750000	125	3716	680	653	immediate
SUPER_3	229226115	229228587	IR	448	.	229227351	0.448	0.839	124	3026	229226115	229227192	229227510	229228677	347412011	229000000	229250000	124	3789	1077	318	immediate
SUPER_3	197744258	197746351	IR	448	.	197745307	0.448	0.971	101	2187	197744258	197744904	197745705	197746357	347412011	197500000	197750000	101	4088	646	801	immediate
SUPER_3	231597402	231599662	IR	448	.	231598532	0.448	0.979	84	2302	231597402	231597929	231599135	231599666	347412011	231400000	231650000	84	3308	527	1206	immediate
SUPER_3	257812685	257814752	IR	448	.	257813667	0.448	0.922	84	2173	257812685	257813363	257814074	257814754	347412011	257650000	257900000	89	2728	678	711	immediate
SUPER_3	232478661	232486162	IR	447	.	232482805	0.447	0.873	168	7253	232478661	232480957	232483866	232486239	347412011	232300000	232550000	0	3040	2296	2909	spaced
SUPER_3	51015409	51018536	IR	447	.	51017169	0.447	0.799	108	3499	51015409	51016526	51017419	51018622	347412011	50800000	51050000	118	3616	1117	893	immediate
SUPER_3	251555084	251558056	IR	447	.	251556579	0.447	0.874	49	3021	251555084	251556249	251556916	251558056	347412011	251400000	251650000	49	2609	1140	667	immediate
SUPER_3	159448229	159450543	IR	447	.	159448950	0.447	0.768	25	2051	159448229	159448720	159450075	159450543	347412011	159350000	159600000	0	1656	468	1355	immediate
SUPER_3	189385516	189389744	IR	446	.	189387708	0.446	0.936	140	4431	189385516	189386490	189388796	189389744	347412011	189150000	189400000	140	3960	948	2306	spaced
SUPER_3	142049358	142053224	IR	445	.	142051291	0.445	0.945	159	4094	142049358	142050641	142051941	142053224	347412011	141850000	142100000	159	3354	1283	1300	immediate
SUPER_3	187806428	187808974	IR	445	.	187807339	0.445	0.978	31	2514	187806428	187806695	187808707	187808974	347412011	187600000	187850000	0	3461	267	2012	spaced
SUPER_3	298818371	298821675	IR	444	.	298819991	0.444	0.902	91	3477	298818371	298818790	298821256	298821717	347412011	298650000	298900000	91	2833	419	2466	spaced
SUPER_3	161183087	161194454	IR	443	.	161188523	0.443	0.969	85	13005	161183087	161183151	161194390	161194454	347412011	161000000	161250000	4	3146	64	11239	spaced
SUPER_3	38377735	38380200	IR	443	.	38378969	0.443	0.867	50	2533	38377735	38378385	38379550	38380200	347412011	38200000	38450000	50	2982	650	1165	immediate
SUPER_3	68558287	68560323	IR	443	.	68559305	0.443	0.804	41	2035	68558287	68558650	68560028	68560323	347412011	68350000	68600000	42	3488	295	1378	immediate
SUPER_3	145596876	145598552	IR	443	.	145597716	0.443	0.970	34	23473	145596876	145597102	145598326	145598556	347412011	145400000	145650000	34	3295	226	1224	immediate
SUPER_3	194461912	194574073	IR	442	.	194518181	0.442	0.997	2630	115232	194461912	194474133	194561852	194574073	347412011	194350000	194600000	2630	2799	12221	87719	spaced
SUPER_3	340940884	340970225	IR	442	.	340955356	0.442	0.991	137	108379	340940884	340941574	340969535	340970228	347412011	340800000	341050000	138	2592	690	27961	spaced
SUPER_3	319536900	319540279	IR	442	.	319538599	0.442	0.929	130	3494	319536900	319537757	319539441	319540279	347412011	319300000	319550000	130	3976	838	1684	immediate
SUPER_3	54220077	54222143	IR	442	.	54221108	0.442	0.946	87	2219	54220077	54220739	54221487	54222143	347412011	54050000	54300000	87	2851	656	748	immediate
SUPER_3	224550658	224552716	IR	442	.	224551687	0.442	0.991	47	2098	224550658	224550889	224552485	224552716	347412011	224550000	224800000	47	27	231	1596	immediate
SUPER_3	283107729	283111068	IR	442	.	283109478	0.442	0.842	29	3354	283107729	283108479	283110336	283111068	347412011	282900000	283150000	29	3489	732	1857	immediate
SUPER_3	132851225	132853431	IR	441	.	132852328	0.441	0.910	87	2323	132851225	132851870	132852836	132853431	347412011	132750000	133000000	87	1705	595	966	immediate
SUPER_3	139032956	139238186	IR	441	.	139135893	0.441	0.915	33	205208	139032956	139033536	139237606	139238186	347412011	139000000	139250000	0	2259	580	204070	wide
SUPER_3	1321388	1323676	IR	440	.	1322538	0.440	0.908	93	2373	1321388	1322029	1323048	1323676	347412011	1150000	1400000	93	2875	628	1019	immediate
SUPER_3	296509814	296520099	IR	440	.	296515424	0.440	0.462	21	10190	296509814	296512623	296517296	296520099	347412011	296300000	296550000	0	3582	2803	4673	spaced
SUPER_3	26959299	26990946	IR	439	.	26974973	0.439	0.944	377	32518	26959299	26971040	26979233	26990946	347412011	26850000	27100000	377	2085	11713	8193	spaced
SUPER_3	178082943	178086477	IR	439	.	178084710	0.439	0.983	161	3677	178082943	178083810	178085610	178086479	347412011	177850000	178100000	161	3911	867	1800	immediate
SUPER_3	313905152	314120881	IR	439	.	314013519	0.439	0.954	92	215706	313905152	313905938	314120120	314120881	347412011	313900000	314150000	0	1883	761	214182	wide
SUPER_3	293333897	293336591	IR	439	.	293335668	0.439	0.952	26	2653	293333897	293334229	293336259	293336591	347412011	293300000	293550000	0	587	332	2030	spaced
SUPER_3	191286326	191296770	IR	438	.	191291862	0.438	0.983	553	10426	191286326	191289421	191293723	191296770	347412011	191100000	191350000	0	3192	3047	4302	spaced
SUPER_3	44741356	44746079	IR	438	.	44743721	0.438	0.989	299	5050	44741356	44742778	44744664	44746079	347412011	44500000	44750000	299	4061	1415	1886	immediate
SUPER_3	248391028	248394399	IR	438	.	248392713	0.438	0.987	166	3557	248391028	248391820	248393615	248394399	347412011	248150000	248400000	166	4045	784	1795	immediate
SUPER_3	88627932	88631046	IR	438	.	88629024	0.438	0.882	126	3177	88627932	88628965	88630013	88631127	347412011	88500000	88750000	0	2158	1033	1048	immediate
SUPER_3	273653001	273655298	IR	438	.	273654150	0.438	0.991	95	2359	273653001	273653532	273654767	273655298	347412011	273450000	273700000	95	3402	531	1235	immediate
SUPER_3	344112816	344115710	IR	438	.	344114262	0.438	0.943	74	3437	344112816	344113431	344115095	344115721	347412011	343950000	344200000	74	2737	615	1664	immediate
SUPER_3	302171462	302172308	IR	438	.	302171885	0.438	1.000	39	35935	302171462	302171663	302172107	302172308	347412011	302000000	302250000	39	2864	201	444	immediate
SUPER_3	84010252	84016281	IR	437	.	84013410	0.437	0.991	128	6242	84010252	84010839	84015697	84016281	347412011	83850000	84100000	128	2720	584	4858	spaced
SUPER_3	35329973	35333423	IR	437	.	35331461	0.437	0.942	116	3592	35329973	35330661	35332757	35333423	347412011	35100000	35350000	116	3861	666	2096	spaced
SUPER_3	148210321	148212636	IR	437	.	148211478	0.437	0.989	93	2368	148210321	148210861	148212096	148212636	347412011	148000000	148250000	93	3524	540	1235	immediate
SUPER_3	272399550	272408311	IR	436	.	272403931	0.436	0.996	734	11581	272399550	272402931	272404930	272408317	347412011	272300000	272550000	750	1732	3381	1999	immediate
SUPER_3	246445958	246448276	IR	436	.	246446957	0.436	0.756	28	2493	246445958	246447054	246447180	246448326	347412011	246250000	246500000	37	3285	1096	126	immediate
SUPER_3	269709439	269719207	IR	436	.	269714691	0.436	0.432	27	9737	269709439	269713985	269714702	269719207	347412011	269550000	269800000	0	2738	4505	717	immediate
SUPER_3	175575876	175580036	IR	435	.	175577956	0.435	0.997	254	4406	175575876	175577044	175578868	175580040	347412011	175350000	175600000	254	3799	1168	1824	immediate
SUPER_3	174054757	174057892	IR	435	.	174056325	0.435	0.997	143	3335	174054757	174055433	174057217	174057892	347412011	173850000	174100000	143	3438	675	1784	immediate
SUPER_3	328975752	328978396	IR	435	.	328977255	0.435	0.703	36	2937	328975752	328976330	328977818	328978458	347412011	328750000	329000000	36	3784	578	1488	immediate
SUPER_3	191957467	191958219	IR	435	.	191957843	0.435	0.989	29	10101	191957467	191957644	191958042	191958219	347412011	191750000	192000000	29	3463	177	398	immediate
SUPER_3	172801191	172803828	IR	435	.	172802032	0.435	0.942	20	2611	172801191	172801484	172803535	172803828	347412011	172700000	172950000	0	1708	293	2051	spaced
SUPER_3	144774817	144786574	IR	434	.	144781148	0.434	0.986	627	11735	144774817	144779529	144781862	144786575	347412011	144550000	144800000	0	3844	4712	2333	spaced
SUPER_3	62471870	62474838	IR	434	.	62473354	0.434	0.996	119	3091	62471870	62472430	62474278	62474838	347412011	62250000	62500000	119	3722	560	1848	immediate
SUPER_3	225007899	225010291	IR	434	.	225009096	0.434	0.916	65	2450	225007899	225008769	225009421	225010292	347412011	224800000	225050000	65	3484	870	652	immediate
SUPER_3	150324435	150327004	IR	434	.	150325831	0.434	0.950	59	2599	150324435	150324915	150326528	150327004	347412011	150100000	150350000	59	3761	476	1613	immediate
SUPER_3	220057698	220060004	IR	434	.	220058851	0.434	0.981	50	2561	220057698	220058022	220059680	220060004	347412011	219850000	220100000	50	3480	324	1658	immediate
SUPER_3	128644010	128646386	IR	434	.	128645198	0.434	0.920	48	2448	128644010	128644453	128645943	128646402	347412011	128600000	128850000	48	753	443	1490	immediate
SUPER_3	171301549	171344010	IR	434	.	171322462	0.434	0.400	24	27229	171301549	171316934	171328625	171344066	347412011	171150000	171400000	0	2879	15385	11691	spaced
SUPER_3	138787823	138790045	IR	434	.	138789335	0.434	0.956	20	2203	138787823	138788074	138789794	138790045	347412011	138550000	138800000	0	3982	251	1720	immediate
SUPER_3	294338039	294348074	IR	433	.	294343000	0.433	0.539	79	10437	294338039	294342820	294343293	294348109	347412011	294150000	294400000	79	3217	4781	473	immediate
SUPER_3	264222658	264224721	IR	433	.	264223925	0.433	0.980	64	2042	264222658	264223216	264224163	264224721	347412011	264000000	264250000	0	3728	558	947	immediate
SUPER_3	310008423	310010496	IR	433	.	310009007	0.433	0.995	31	2048	310008423	310008623	310010296	310010496	347412011	310000000	310250000	0	157	200	1673	immediate
SUPER_3	48498343	48500298	IR	433	.	48499524	0.433	0.878	30	2000	48498343	48498676	48499974	48500298	347412011	48400000	48650000	53	1655	324	1298	immediate
SUPER_3	96169980	96192658	IR	432	.	96181230	0.432	1.000	247	22928	96169980	96171062	96191576	96192658	347412011	96000000	96250000	247	3021	1082	20514	spaced
SUPER_3	258797206	258800424	IR	432	.	258798815	0.432	0.963	119	3487	258797206	258798101	258799535	258800424	347412011	258600000	258850000	119	3313	889	1434	immediate
SUPER_3	148994894	148996791	IR	432	.	148995968	0.432	0.764	47	2154	148994894	148995576	148996190	148996791	347412011	148750000	149000000	47	4097	601	614	immediate
SUPER_3	53318129	53319790	IR	432	.	53318961	0.432	0.787	35	2322	53318129	53318651	53319268	53319887	347412011	53250000	53500000	35	1149	522	617	immediate
SUPER_3	180304162	180314961	IR	431	.	180309242	0.431	0.976	83	10772	180304162	180304838	180314288	180314961	347412011	180100000	180350000	0	3492	673	9450	spaced
SUPER_3	218026056	218029270	IR	431	.	218027752	0.431	0.928	61	3476	218026056	218026957	218028372	218029270	347412011	217850000	218100000	61	2960	898	1415	immediate
SUPER_3	64636659	64847416	IR	431	.	64741611	0.431	0.929	24	210726	64636659	64637022	64847060	64847416	347412011	64600000	64850000	0	2367	356	210038	wide
SUPER_3	49036550	49040900	IR	430	.	49038725	0.430	0.996	261	4682	49036550	49037759	49039691	49040900	347412011	48800000	49050000	261	3978	1209	1932	immediate
SUPER_3	143257004	143259261	IR	430	.	143258131	0.430	0.964	56	2261	143257004	143257360	143258906	143259261	347412011	143150000	143400000	56	1802	355	1546	immediate
SUPER_3	229863146	229865025	IR	430	.	229864086	0.430	0.942	39	2186	229863146	229863522	229864654	229865025	347412011	229800000	230050000	39	1067	371	1132	immediate
SUPER_3	92423953	92441419	IR	429	.	92432697	0.429	0.936	506	18470	92423953	92427884	92437488	92441448	347412011	92300000	92550000	516	2211	3931	9604	spaced
SUPER_3	238450012	238465982	IR	429	.	238457570	0.429	0.930	287	15945	238450012	238452944	238463108	238465982	347412011	238450000	238700000	0	133	2874	10164	spaced
SUPER_3	164680095	164683709	IR	429	.	164682126	0.429	0.977	159	3926	164680095	164681036	164682781	164683709	347412011	164500000	164750000	159	3031	928	1745	immediate
SUPER_3	271024475	271026683	IR	429	.	271025579	0.429	0.932	85	2317	271024475	271025160	271025998	271026714	347412011	270800000	271050000	85	3759	685	838	immediate
SUPER_3	106084947	106087253	IR	429	.	106086100	0.429	0.968	55	2367	106084947	106085453	106086752	106087253	347412011	105850000	106100000	55	3934	501	1299	immediate
SUPER_3	246816519	246844360	IR	429	.	246830453	0.429	0.903	37	28107	246816519	246817348	246843531	246844364	347412011	246600000	246850000	37	3840	829	26183	spaced
SUPER_3	194790646	194797472	IR	429	.	194794202	0.429	0.976	34	6847	194790646	194790900	194797218	194797472	347412011	194550000	194800000	34	4067	254	6318	spaced
SUPER_3	157284096	157288513	IR	428	.	157286467	0.428	0.984	170	4678	157284096	157285053	157287556	157288515	347412011	157050000	157300000	170	3938	957	2503	spaced
SUPER_3	158775674	158777633	IR	428	.	158776653	0.428	0.945	91	2040	158775674	158776310	158777013	158777633	347412011	158550000	158800000	91	3777	620	703	immediate
SUPER_3	220772625	220775128	IR	428	.	220773788	0.428	0.973	87	2560	220772625	220773215	220774540	220775128	347412011	220550000	220800000	87	3731	588	1325	immediate
SUPER_3	117606102	117608288	IR	428	.	117607195	0.428	0.985	41	2219	117606102	117606370	117608020	117608288	347412011	117550000	117800000	41	953	268	1650	immediate
SUPER_3	49352768	49357590	IR	427	.	49355040	0.427	0.952	305	5123	49352768	49354641	49355772	49357590	347412011	49200000	49450000	305	2586	1818	1131	immediate
SUPER_3	196734544	196736965	IR	427	.	196735937	0.427	0.970	115	2609	196734544	196735260	196736249	196736965	347412011	196500000	196750000	115	3929	716	989	immediate
SUPER_3	160911453	160915248	IR	427	.	160913648	0.427	0.959	72	3771	160911453	160912089	160914614	160915248	347412011	160700000	160950000	0	3555	634	2525	spaced
SUPER_3	203093778	203096212	IR	427	.	203095169	0.427	0.988	69	2528	203093778	203094206	203095785	203096212	347412011	203050000	203300000	69	749	427	1579	immediate
SUPER_3	148953837	148956768	IR	427	.	148955015	0.427	0.979	39	2907	148953837	148954121	148956488	148956768	347412011	148800000	149050000	0	2588	280	2367	spaced
SUPER_3	95269156	95271380	IR	427	.	95270676	0.427	0.961	31	2205	95269156	95269467	95271070	95271380	347412011	95250000	95500000	0	337	310	1603	immediate
SUPER_3	194808742	194825337	IR	426	.	194817426	0.426	0.939	148	16592	194808742	194811433	194822646	194825354	347412011	194800000	195050000	0	283	2691	11213	spaced
SUPER_3	131186709	131379631	IR	426	.	131283082	0.426	0.411	108	99034	131186709	131282371	131283969	131379698	347412011	131150000	131400000	108	2219	95662	1598	immediate
SUPER_3	243733956	243747225	IR	426	.	243740124	0.426	0.943	102	13245	243733956	243735298	243745884	243747225	347412011	243500000	243750000	0	4009	1341	10586	spaced
SUPER_3	165017730	165020393	IR	426	.	165019062	0.426	0.958	62	2718	165017730	165018390	165019734	165020393	347412011	164850000	165100000	62	2817	659	1344	immediate
SUPER_3	272600020	272650054	IR	426	.	272625381	0.426	0.849	51	46690	272600020	272605844	272644230	272650071	347412011	272600000	272850000	0	417	5824	38386	spaced
SUPER_3	262574648	262576757	IR	426	.	262575702	0.426	0.943	22	2112	262574648	262574995	262576413	262576757	347412011	262350000	262600000	22	3761	344	1418	immediate
SUPER_3	73871342	73876197	IR	425	.	73873675	0.425	0.940	170	5146	73871342	73872587	73874952	73876223	347412011	73750000	74000000	185	2062	1245	2365	spaced
SUPER_3	249125893	249128461	IR	425	.	249127177	0.425	0.952	111	2678	249125893	249126815	249127539	249128467	347412011	248900000	249150000	111	3786	922	724	immediate
SUPER_3	168635158	168637753	IR	425	.	168636456	0.425	0.955	94	2871	168635158	168635761	168637150	168637767	347412011	168400000	168650000	94	3940	603	1389	immediate
SUPER_3	132696517	132740926	IR	425	.	132718725	0.425	0.417	79	44699	132696517	132718613	132718837	132740926	347412011	132500000	132750000	79	3645	22089	224	immediate
SUPER_3	166121551	166126468	IR	424	.	166124039	0.424	0.949	242	5416	166121551	166123220	166124858	166126468	347412011	165900000	166150000	242	3733	1610	1638	immediate
SUPER_3	55214300	55217000	IR	424	.	55215649	0.424	0.902	85	2839	55214300	55215018	55216282	55217049	347412011	55100000	55350000	85	1927	718	1264	immediate
SUPER_3	95833274	95865024	IR	424	.	95849147	0.424	0.406	52	31941	95833274	95848752	95849546	95865087	347412011	95750000	96000000	52	1652	15478	794	immediate
SUPER_3	120350177	120396556	IR	424	.	120372882	0.424	0.840	49	46046	120350177	120353420	120393388	120396556	347412011	120350000	120600000	0	389	3168	39968	spaced
SUPER_3	244749926	244752171	IR	423	.	244751048	0.423	0.959	83	2398	244749926	244750595	244751502	244752176	347412011	244550000	244800000	83	3350	669	907	immediate
SUPER_3	174955942	174958113	IR	423	.	174957029	0.423	0.939	29	2192	174955942	174956252	174957806	174958113	347412011	174850000	175100000	29	1783	307	1554	immediate
SUPER_3	9177200	9179314	IR	423	.	9178420	0.423	0.922	21	2129	9177200	9177592	9178923	9179314	347412011	9150000	9400000	21	470	391	1331	immediate
SUPER_3	113973067	113977532	IR	422	.	113975675	0.422	0.976	199	4447	113973067	113974647	113975952	113977532	347412011	113750000	114000000	0	3754	1580	1305	immediate
SUPER_3	145927785	145931367	IR	422	.	145929575	0.422	0.946	178	3809	145927785	145928839	145930313	145931405	347412011	145700000	145950000	178	3826	1054	1474	immediate
SUPER_3	321562378	321565085	IR	422	.	321563810	0.422	0.823	92	2900	321562378	321563535	321563928	321565101	347412011	321400000	321650000	98	2728	1157	393	immediate
SUPER_3	226004495	226006592	IR	422	.	226005541	0.422	0.971	90	2316	226004495	226005043	226006048	226006592	347412011	225950000	226200000	90	925	544	1005	immediate
SUPER_3	291024673	291037680	IR	422	.	291030714	0.422	0.984	22	12974	291024673	291024859	291037494	291037680	347412011	290850000	291100000	0	3019	186	12635	spaced
SUPER_3	72949435	73020670	IR	421	.	72985442	0.421	0.926	278	68917	72949435	72957883	73012288	73020670	347412011	72900000	73150000	0	1417	8382	54405	spaced
SUPER_3	36860910	36863054	IR	421	.	36861880	0.421	0.942	130	2564	36860910	36861579	36862385	36863092	347412011	36700000	36950000	135	2699	669	806	immediate
SUPER_3	219754301	219933524	IR	421	.	219843501	0.421	0.972	79	179202	219754301	219754911	219932923	219933524	347412011	219750000	220000000	0	1565	601	178012	wide
SUPER_3	297505739	297678608	IR	421	.	297592254	0.421	0.860	68	173395	297505739	297507366	297676981	297678608	347412011	297450000	297700000	68	2369	1627	169615	wide
SUPER_3	116313307	116315601	IR	421	.	116314091	0.421	0.965	28	2268	116313307	116313560	116315354	116315601	347412011	116100000	116350000	0	3574	247	1794	immediate
SUPER_3	77048332	77048658	IR	421	.	77048495	0.421	1.000	27	45449	77048332	77048456	77048534	77048658	347412011	76850000	77100000	27	3308	124	78	immediate
SUPER_3	303145479	303194323	IR	420	.	303169702	0.420	0.898	175	51066	303145479	303162059	303177748	303194323	347412011	302950000	303200000	175	3664	16575	15689	spaced
SUPER_3	182727842	182732540	IR	420	.	182729784	0.420	0.926	85	4671	182727842	182729297	182731087	182732540	347412011	182550000	182800000	0	3003	1453	1790	immediate
SUPER_3	156411167	156413913	IR	420	.	156412126	0.420	0.968	57	2725	156411167	156411605	156413480	156413913	347412011	156200000	156450000	0	3542	433	1875	immediate
SUPER_3	43291817	43383475	IR	420	.	43337442	0.420	0.870	44	91755	43291817	43292595	43382711	43383475	347412011	43250000	43500000	44	1460	764	90116	spaced
SUPER_3	306608203	306610385	IR	420	.	306609297	0.420	0.956	39	2218	306608203	306608540	306610048	306610391	347412011	306400000	306650000	39	3488	337	1508	immediate
SUPER_3	267145689	267151045	IR	420	.	267148537	0.420	0.769	25	5314	267145689	267145729	267151005	267151057	347412011	267000000	267250000	257	2472	40	5276	spaced
SUPER_3	236187432	236189603	IR	419	.	236188516	0.419	0.922	85	2232	236187432	236188188	236188847	236189621	347412011	235950000	236200000	85	3975	756	659	immediate
SUPER_3	13677196	13687306	IR	419	.	13681974	0.419	0.739	80	10169	13677196	13681365	13683137	13687385	347412011	13550000	13800000	0	2204	4169	1772	immediate
SUPER_3	190172248	190174253	IR	419	.	190173478	0.419	0.486	76	3702	190172248	190172956	190173545	190174297	347412011	190150000	190400000	8	387	708	589	immediate
SUPER_3	68859104	68861510	IR	419	.	68860307	0.419	0.979	55	2429	68859104	68859438	68861176	68861510	347412011	68650000	68900000	55	3504	334	1738	immediate
SUPER_3	339328502	339330624	IR	419	.	339329563	0.419	0.886	35	2126	339328502	339329296	339329848	339330624	347412011	339150000	339400000	35	2992	776	552	immediate
SUPER_3	113824531	113832945	IR	419	.	113829053	0.419	0.909	31	8417	113824531	113824993	113832483	113832969	347412011	113700000	113950000	0	2145	462	7490	spaced
SUPER_3	156726743	156858459	IR	419	.	156792688	0.419	0.951	29	131739	156726743	156727031	156858174	156858459	347412011	156650000	156900000	29	2376	285	131143	wide
SUPER_3	62623647	62626726	IR	418	.	62624830	0.418	0.972	75	3062	62623647	62624334	62626039	62626726	347412011	62400000	62650000	0	3752	687	1705	immediate
SUPER_3	227052697	227054921	IR	418	.	227053990	0.418	0.568	43	2233	227052697	227053651	227054030	227054921	347412011	227050000	227300000	43	63	891	379	immediate
SUPER_3	252816965	252819175	IR	418	.	252818070	0.418	0.970	35	2289	252816965	252817201	252818939	252819175	347412011	252600000	252850000	35	3634	236	1738	immediate
SUPER_3	142588335	142629913	IR	418	.	142609517	0.418	0.500	32	41534	142588335	142588379	142629869	142629953	347412011	142400000	142650000	0	3485	44	41490	spaced
SUPER_3	292595803	292598322	IR	418	.	292596791	0.418	0.979	29	2448	292595803	292596039	292598086	292598323	347412011	292350000	292600000	0	4117	236	2047	spaced
SUPER_3	329457295	329466326	IR	417	.	329461801	0.417	0.986	134	9301	329457295	329458499	329465122	329466326	347412011	329450000	329700000	134	196	1204	6623	spaced
SUPER_3	215290872	215293902	IR	417	.	215292017	0.417	0.919	49	2988	215290872	215291886	215292888	215293910	347412011	215050000	215300000	0	4039	1014	1002	immediate
SUPER_3	326797395	326800428	IR	417	.	326798920	0.417	0.876	32	3159	326797395	326798324	326799499	326800445	347412011	326600000	326850000	32	3315	929	1175	immediate
SUPER_3	148550850	148676866	IR	417	.	148613766	0.417	0.952	29	126006	148550850	148551183	148676533	148676867	347412011	148450000	148700000	29	2730	333	125350	wide
SUPER_3	64132775	64137352	IR	416	.	64135063	0.416	0.977	181	4836	64132775	64133879	64136248	64137352	347412011	63900000	64150000	181	3917	1104	2369	spaced
SUPER_3	219088167	219092917	IR	416	.	219090188	0.416	0.959	122	4731	219088167	219089602	219091482	219092919	347412011	218850000	219100000	0	4008	1435	1880	immediate
SUPER_3	323022683	323028770	IR	416	.	323025880	0.416	0.940	108	6217	323022683	323023416	323028037	323028801	347412011	322900000	323150000	114	2095	733	4621	spaced
SUPER_3	261630742	261634294	IR	416	.	261632085	0.416	0.985	87	3476	261630742	261631278	261633758	261634294	347412011	261400000	261650000	0	3875	536	2480	spaced
SUPER_3	63834845	63845006	IR	416	.	63840255	0.416	0.909	58	10160	63834845	63835713	63844138	63845028	347412011	63600000	63850000	0	3998	868	8425	spaced
SUPER_3	73551347	73669661	IR	416	.	73610435	0.416	0.931	58	118429	73551347	73552148	73668860	73669671	347412011	73500000	73750000	58	1841	801	116712	wide
SUPER_3	39802196	39806362	IR	416	.	39803960	0.416	0.983	31	4142	39802196	39802486	39806072	39806362	347412011	39600000	39850000	0	3404	290	3586	spaced
SUPER_3	247587447	247592022	IR	415	.	247589735	0.415	0.998	234	4836	247587447	247588525	247590944	247592022	347412011	247350000	247600000	234	3995	1078	2419	spaced
SUPER_3	254810346	254813111	IR	415	.	254811727	0.415	0.929	126	2958	254810346	254811132	254812325	254813142	347412011	254750000	255000000	126	1028	786	1193	immediate
SUPER_3	62723481	62726899	IR	415	.	62725298	0.415	0.946	76	5865	62723481	62724190	62726192	62726899	347412011	62500000	62750000	76	3752	707	2002	spaced
SUPER_3	283912055	283931270	IR	415	.	283921479	0.415	0.814	74	12095	283912055	283920063	283923262	283931322	347412011	283700000	283950000	74	3694	8008	3199	spaced
SUPER_3	183765372	183941499	IR	415	.	183853050	0.415	0.936	62	176111	183765372	183766303	183940568	183941501	347412011	183700000	183950000	0	2557	931	174265	wide
SUPER_3	153131639	153136341	IR	415	.	153134235	0.415	0.987	58	4684	153131639	153132086	153135894	153136341	347412011	152900000	153150000	0	3899	447	3808	spaced
SUPER_3	158344763	158349035	IR	415	.	158346434	0.415	0.933	43	4256	158344763	158345205	158348593	158349039	347412011	158300000	158550000	0	781	442	3388	spaced
SUPER_3	163778146	163862234	IR	415	.	163819763	0.415	0.981	42	84066	163778146	163778513	163861867	163862234	347412011	163700000	163950000	0	2003	367	83354	spaced
SUPER_3	177151890	177207057	IR	415	.	177178995	0.415	1.000	24	55147	177151890	177152031	177206916	177207057	347412011	177000000	177250000	0	2991	141	54885	spaced
SUPER_3	41843635	41845742	IR	414	.	41844700	0.414	1.000	202	2293	41843635	41844537	41844840	41845742	347412011	41600000	41850000	203	4078	902	303	immediate
SUPER_3	103269746	103273530	IR	414	.	103271179	0.414	0.974	115	3761	103269746	103270671	103272605	103273530	347412011	103050000	103300000	0	3693	925	1934	immediate
SUPER_3	24887841	24890122	IR	414	.	24888982	0.414	0.961	111	2376	24887841	24888663	24889300	24890123	347412011	24650000	24900000	111	3982	822	637	immediate
SUPER_3	164746481	164748963	IR	414	.	164747598	0.414	0.893	52	2672	164746481	164746784	164748660	164748998	347412011	164550000	164800000	52	3295	303	1876	immediate
SUPER_3	220695928	220699117	IR	414	.	220697767	0.414	0.960	48	3164	220695928	220696473	220698572	220699117	347412011	220650000	220900000	0	791	545	2099	spaced
SUPER_3	292910431	292912748	IR	414	.	292911997	0.414	0.754	37	2293	292910431	292911493	292911787	292912748	347412011	292750000	293000000	0	2693	961	294	immediate
SUPER_3	139651270	139654372	IR	413	.	139652805	0.413	0.898	99	3342	139651270	139652168	139653505	139654372	347412011	139450000	139700000	102	3380	867	1337	immediate
SUPER_3	166845405	166848612	IR	413	.	166847010	0.413	0.801	83	4436	166845405	166846888	166847129	166848623	347412011	166600000	166850000	94	4116	1483	241	immediate
SUPER_3	257854638	257856990	IR	413	.	257855814	0.413	0.994	61	2400	257854638	257854971	257856657	257856990	347412011	257650000	257900000	61	3430	333	1686	immediate
SUPER_3	80909067	80911625	IR	413	.	80910352	0.413	0.941	57	2685	80909067	80909592	80911112	80911625	347412011	80700000	80950000	57	3505	513	1520	immediate
SUPER_3	130765563	130769057	IR	413	.	130766955	0.413	0.639	56	2859	130765563	130767203	130767459	130769057	347412011	130650000	130900000	0	1955	1598	256	immediate
SUPER_3	275491661	275493553	IR	413	.	275492608	0.413	0.918	45	2037	275491661	275492449	275492774	275493553	347412011	275250000	275500000	45	4043	779	325	immediate
SUPER_3	115178993	115185208	IR	412	.	115182291	0.412	1.000	628	6857	115178993	115181743	115182458	115185208	347412011	114950000	115200000	628	3868	2750	715	immediate
SUPER_3	217753117	217755589	IR	412	.	217754421	0.412	0.845	155	2599	217753117	217754247	217754555	217755589	347412011	217650000	217900000	155	1739	1034	308	immediate
SUPER_3	128215433	128218430	IR	412	.	128216931	0.412	0.895	109	3198	128215433	128216361	128217574	128218430	347412011	128050000	128300000	119	2782	856	1213	immediate
SUPER_3	163938296	164008694	IR	412	.	163973396	0.412	0.412	78	70462	163938296	163956061	163991009	164008694	347412011	163850000	164100000	78	2058	17685	34948	spaced
SUPER_3	142936630	142941263	IR	411	.	142939013	0.411	0.998	199	4886	142936630	142937554	142940339	142941263	347412011	142700000	142950000	199	3982	924	2785	spaced
SUPER_3	236393175	236396181	IR	411	.	236394678	0.411	1.000	143	3137	236393175	236393824	236395532	236396181	347412011	236150000	236400000	143	4077	649	1708	immediate
SUPER_3	121553692	121749979	IR	411	.	121652109	0.411	0.947	122	195861	121553692	121555920	121747792	121749979	347412011	121500000	121750000	0	2530	2187	191872	wide
SUPER_3	311316644	311383034	IR	411	.	311349440	0.411	0.886	51	66338	311316644	311317358	311382340	311383034	347412011	311150000	311400000	0	3330	694	64982	spaced
SUPER_3	64908287	64910616	IR	411	.	64909454	0.411	0.946	30	2389	64908287	64908675	64910233	64910616	347412011	64700000	64950000	30	3490	383	1558	immediate
SUPER_3	336762886	336953202	IR	411	.	336858244	0.411	0.816	24	190971	336762886	336763777	336952311	336953205	347412011	336750000	337000000	24	1800	891	188534	wide
SUPER_3	146827325	146830792	IR	410	.	146829092	0.410	0.932	183	3774	146827325	146828353	146829830	146830792	347412011	146650000	146900000	183	2984	962	1477	immediate
SUPER_3	69992431	69997712	IR	410	.	69995454	0.410	0.898	169	5258	69992431	69993968	69996282	69997712	347412011	69950000	70200000	0	751	1430	2314	spaced
SUPER_3	324902459	324907449	IR	410	.	324905461	0.410	0.951	131	4963	324902459	324903319	324906589	324907480	347412011	324750000	325000000	0	2582	860	3270	spaced
SUPER_3	13373950	13380046	IR	410	.	13377303	0.410	0.922	89	6054	13373950	13375121	13378875	13380049	347412011	13200000	13450000	0	2949	1171	3754	spaced
SUPER_3	257180570	257182710	IR	410	.	257181645	0.410	0.857	38	2204	257180570	257181218	257182062	257182732	347412011	257000000	257250000	38	3027	648	844	immediate
SUPER_3	172621566	172700439	IR	410	.	172661399	0.410	0.939	31	78811	172621566	172621632	172700377	172700439	347412011	172500000	172750000	0	2683	62	78745	spaced
SUPER_3	300593376	300595422	IR	410	.	300594313	0.410	0.995	30	2045	300593376	300593560	300595238	300595423	347412011	300350000	300600000	30	4073	184	1678	immediate
SUPER_3	97421864	97424496	IR	410	.	97423225	0.410	0.757	27	3099	97421864	97422818	97423571	97424496	347412011	97400000	97650000	28	386	925	753	immediate
SUPER_3	205948588	206095831	IR	410	.	206022618	0.410	0.389	25	76443	205948588	206019609	206024821	206095831	347412011	205850000	206100000	0	2870	71010	5212	spaced
SUPER_3	211802372	212043990	IR	409	.	211922946	0.409	0.972	138	241756	211802372	211803416	212042948	212043990	347412011	211800000	212050000	138	2052	1042	239532	wide
SUPER_3	173290787	173293247	IR	409	.	173292017	0.409	0.997	69	2541	173290787	173291137	173292897	173293247	347412011	173250000	173500000	69	700	350	1760	immediate
SUPER_3	68267121	68277420	IR	409	.	68272212	0.409	0.772	36	10440	68267121	68267392	68277149	68277480	347412011	68050000	68300000	36	3704	271	9757	spaced
SUPER_3	241000549	241002841	IR	408	.	241001457	0.408	0.976	89	2460	241000549	241001057	241002338	241002841	347412011	240800000	241050000	89	3361	503	1281	immediate
SUPER_3	110970819	111096989	IR	408	.	111034339	0.408	0.875	65	126141	110970819	110971800	111096086	111096989	347412011	110950000	111200000	0	1398	903	124286	wide
SUPER_3	50760528	50862653	IR	408	.	50811573	0.408	0.917	57	102191	50760528	50761346	50861835	50862658	347412011	50650000	50900000	57	2693	818	100489	wide
SUPER_3	246384438	246392671	IR	408	.	246388961	0.408	0.936	46	8199	246384438	246385078	246392031	246392676	347412011	246150000	246400000	0	3975	640	6953	spaced
SUPER_3	141712468	141714766	IR	408	.	141713683	0.408	0.995	37	2500	141712468	141712668	141714566	141714766	347412011	141550000	141800000	37	2726	200	1898	immediate
SUPER_3	110049313	110093740	IR	408	.	110071815	0.408	0.404	28	44405	110049313	110067728	110075353	110093740	347412011	109900000	110150000	0	2858	18387	7625	spaced
SUPER_3	255234851	255238180	IR	408	.	255236972	0.408	0.967	20	3303	255234851	255235003	255238033	255238180	347412011	255100000	255350000	0	2275	147	3030	spaced
SUPER_3	125565514	125577776	IR	407	.	125571508	0.407	0.996	645	12948	125565514	125568397	125574893	125577785	347412011	125400000	125650000	645	2860	2883	6496	spaced
SUPER_3	263485615	263509154	IR	407	.	263497034	0.407	0.805	26	23482	263485615	263486138	263508717	263509154	347412011	263350000	263600000	0	2456	437	22579	spaced
SUPER_3	139882122	139885932	IR	406	.	139884060	0.406	0.914	141	3982	139882122	139883173	139884947	139885932	347412011	139650000	139900000	141	3900	985	1774	immediate
SUPER_3	245501455	245504163	IR	406	.	245502824	0.406	0.915	96	2929	245501455	245502093	245503525	245504209	347412011	245450000	245700000	99	880	638	1432	immediate
SUPER_3	164567072	164572459	IR	406	.	164570229	0.406	0.914	35	5374	164567072	164567621	164571910	164572469	347412011	164400000	164650000	0	2829	549	4289	spaced
SUPER_3	222526241	222527854	IR	406	.	222527050	0.406	0.873	31	68425	222526241	222526964	222527154	222527854	347412011	222400000	222650000	31	2117	700	190	immediate
SUPER_3	252260947	252263945	IR	405	.	252262446	0.405	0.997	124	3131	252260947	252261574	252263318	252263945	347412011	252050000	252300000	124	3540	627	1744	immediate
SUPER_3	245683500	245686729	IR	405	.	245684709	0.405	0.896	56	3207	245683500	245684491	245685792	245686729	347412011	245650000	245900000	0	585	937	1301	immediate
SUPER_3	157543217	157546195	IR	405	.	157544344	0.405	0.973	55	2933	157543217	157543728	157545684	157546195	347412011	157300000	157550000	0	4078	511	1956	immediate
SUPER_3	253890197	253892479	IR	405	.	253891426	0.405	0.972	42	2303	253890197	253890553	253892124	253892479	347412011	253650000	253900000	42	4022	355	1571	immediate
SUPER_3	304738789	304782849	IR	404	.	304760441	0.404	0.961	422	9476	304738789	304748282	304773356	304782857	347412011	304550000	304800000	0	3513	9493	25074	spaced
SUPER_3	176080601	176089949	IR	404	.	176085519	0.404	0.972	246	9322	176080601	176082682	176087868	176089949	347412011	175850000	176100000	0	3921	2081	5186	spaced
SUPER_3	273012054	273015460	IR	404	.	273013696	0.404	0.945	137	3848	273012054	273012857	273014657	273015495	347412011	272800000	273050000	137	3562	803	1800	immediate
SUPER_3	183952734	183955405	IR	404	.	183954071	0.404	0.976	128	2834	183952734	183953530	183954609	183955406	347412011	183800000	184050000	128	2567	796	1079	immediate
SUPER_3	90958295	90965917	IR	404	.	90962514	0.404	0.968	68	7595	90958295	90958834	90965381	90965917	347412011	90750000	91000000	0	3534	536	6547	spaced
SUPER_3	20469494	20471670	IR	404	.	20470111	0.404	0.935	54	2123	20469494	20469950	20471226	20471670	347412011	20250000	20500000	0	3676	444	1276	immediate
SUPER_3	248793348	248795366	IR	404	.	248794301	0.404	0.778	34	2244	248793348	248793653	248795061	248795435	347412011	248750000	249000000	34	739	305	1408	immediate
SUPER_3	288230842	288233014	IR	404	.	288231928	0.404	0.952	33	2252	288230842	288231150	288232706	288233016	347412011	288000000	288250000	33	3865	308	1556	immediate
SUPER_3	12203491	12205686	IR	404	.	12204447	0.404	1.000	27	2197	12203491	12203630	12205547	12205686	347412011	12000000	12250000	27	3409	139	1917	immediate
SUPER_3	62212313	62216774	IR	403	.	62214542	0.403	0.922	236	4714	62212313	62213595	62215492	62216800	347412011	62000000	62250000	236	3575	1282	1897	immediate
SUPER_3	34866494	34870516	IR	403	.	34868505	0.403	0.999	232	4307	34866494	34867546	34869464	34870516	347412011	34650000	34900000	232	3641	1052	1918	immediate
SUPER_3	228291129	228293037	IR	403	.	228292083	0.403	0.966	89	2144	228291129	228291741	228292438	228293037	347412011	228050000	228300000	89	4034	599	697	immediate
SUPER_3	269739817	269742002	IR	403	.	269740910	0.403	0.972	47	2236	269739817	269740140	269741680	269742002	347412011	269500000	269750000	47	4015	322	1540	immediate
SUPER_3	263592804	263593214	IR	403	.	263593009	0.403	0.994	35	82198	263592804	263592960	263593058	263593214	347412011	263500000	263750000	35	1550	156	98	immediate
SUPER_3	77084039	77084779	IR	403	.	77084409	0.403	0.954	28	68074	77084039	77084204	77084614	77084787	347412011	77000000	77250000	28	1406	165	410	immediate
SUPER_3	154593955	154596306	IR	403	.	154595175	0.403	0.962	21	2352	154593955	154594141	154596120	154596306	347412011	154500000	154750000	21	1585	186	1979	immediate
SUPER_3	139723547	139766614	IR	402	.	139745075	0.402	0.905	113	43229	139723547	139724560	139765601	139766629	347412011	139550000	139800000	113	3251	1013	41041	spaced
SUPER_3	152479425	152649275	IR	402	.	152564383	0.402	0.391	62	169884	152479425	152564288	152564478	152649275	347412011	152400000	152650000	62	2739	84797	190	immediate
SUPER_3	164271229	164273290	IR	402	.	164272609	0.402	0.885	54	2076	164271229	164271889	164272630	164273323	347412011	164150000	164400000	0	2037	660	741	immediate
SUPER_3	221257261	221259435	IR	402	.	221258348	0.402	0.996	50	2224	221257261	221257505	221259191	221259435	347412011	221150000	221400000	50	1805	244	1686	immediate
SUPER_3	239377697	239380521	IR	402	.	239379127	0.402	0.742	49	2898	239377697	239378625	239379629	239380521	347412011	239150000	239400000	49	3818	892	1004	immediate
SUPER_3	169918986	169922424	IR	402	.	169920705	0.402	0.923	44	3462	169918986	169919830	169921580	169922426	347412011	169900000	170150000	44	344	844	1750	immediate
SUPER_3	54035585	54038722	IR	402	.	54037432	0.402	0.968	24	3082	54035585	54035835	54038472	54038722	347412011	53950000	54200000	0	1452	250	2637	spaced
SUPER_3	327020977	327092230	IR	401	.	327056590	0.401	0.873	149	74028	327020977	327041752	327071455	327092319	347412011	326850000	327100000	149	3443	20775	29703	spaced
SUPER_3	297755404	297757488	IR	401	.	297756447	0.401	0.844	36	2202	297755404	297755639	297757253	297757529	347412011	297750000	298000000	38	107	235	1614	immediate
SUPER_3	102223205	102224509	IR	401	.	102223794	0.401	0.803	34	53041	102223205	102223735	102223979	102224513	347412011	102100000	102350000	34	2064	530	244	immediate
SUPER_3	192792611	192798646	IR	401	.	192795681	0.401	1.000	25	6057	192792611	192792757	192798500	192798646	347412011	192550000	192800000	25	4093	146	5743	spaced
SUPER_3	162437453	162593907	IR	401	.	162515290	0.401	0.969	24	156433	162437453	162437679	162593682	162593907	347412011	162350000	162600000	0	2761	225	156003	wide
SUPER_3	122503711	122505688	IR	401	.	122504726	0.401	0.795	21	2012	122503711	122504047	122505405	122505688	347412011	122300000	122550000	21	3411	283	1358	immediate
SUPER_3	83773356	83785991	IR	400	.	83779405	0.400	0.958	594	12660	83773356	83778149	83781198	83786035	347412011	83650000	83900000	0	2161	4793	3049	spaced
SUPER_3	343392144	343536954	IR	400	.	343464745	0.400	0.891	136	144929	343392144	343393019	343536138	343536954	347412011	343300000	343550000	136	2742	816	143119	wide
SUPER_3	149432417	149434629	IR	400	.	149433541	0.400	0.877	60	2231	149432417	149432734	149434351	149434629	347412011	149250000	149500000	60	3058	278	1617	immediate
SUPER_3	191349664	191355946	IR	400	.	191352737	0.400	0.757	57	6232	191349664	191349738	191355890	191355946	347412011	191200000	191450000	1182	2546	56	6152	spaced
SUPER_3	91895936	91898613	IR	400	.	91897724	0.400	0.914	56	2688	91895936	91896345	91898204	91898645	347412011	91650000	91900000	0	4121	409	1859	immediate
SUPER_3	288684057	288691587	IR	400	.	288688204	0.400	0.989	51	7508	288684057	288684409	288691235	288691587	347412011	288450000	288700000	0	3963	352	6826	spaced
SUPER_3	132333634	132335293	IR	400	.	132334464	0.400	0.981	33	3060	132333634	132333840	132335087	132335294	347412011	132100000	132350000	33	3907	206	1247	immediate
SUPER_3	202740143	202742269	IR	400	.	202741206	0.400	0.994	32	2138	202740143	202740319	202742093	202742269	347412011	202600000	202850000	32	2353	176	1774	immediate
SUPER_3	239457428	239461000	IR	399	.	239459214	0.399	0.973	134	3673	239457428	239458299	239460129	239461005	347412011	239300000	239550000	137	2653	871	1830	immediate
SUPER_3	160359939	160371848	IR	399	.	160365493	0.399	0.873	116	11885	160359939	160361253	160370543	160371848	347412011	160150000	160400000	0	3598	1305	9290	spaced
SUPER_3	344638712	344767025	IR	399	.	344703006	0.399	0.941	67	128482	344638712	344639453	344766284	344767033	347412011	344550000	344800000	67	2547	741	126831	wide
SUPER_3	154403343	154405920	IR	399	.	154404679	0.399	0.820	54	2770	154403343	154403989	154405370	154405920	347412011	154400000	154650000	54	77	550	1381	immediate
SUPER_3	211328033	211331081	IR	399	.	211329700	0.399	0.435	43	3033	211328033	211328387	211330744	211331081	347412011	211150000	211400000	76	2992	337	2357	spaced
SUPER_3	70101228	70313283	IR	399	.	70206824	0.399	0.425	30	212015	70101228	70101268	70313243	70313325	347412011	70100000	70350000	0	1787	40	211975	wide
SUPER_3	320265790	320276599	IR	399	.	320271092	0.399	0.804	21	11033	320265790	320266952	320275437	320276607	347412011	320050000	320300000	21	3686	1162	8485	spaced
SUPER_3	119379131	119387475	IR	398	.	119383741	0.398	0.827	110	8349	119379131	119380236	119386370	119387498	347412011	119250000	119500000	0	2221	1105	6134	spaced
SUPER_3	128777024	128832400	IR	398	.	128804294	0.398	0.922	107	55356	128777024	128778071	128831384	128832400	347412011	128700000	128950000	0	1745	1016	53313	spaced
SUPER_3	194913883	194916046	IR	398	.	194914972	0.398	0.899	30	2317	194913883	194914266	194915663	194916070	347412011	194900000	195150000	30	249	383	1397	immediate
SUPER_3	224281851	224286641	IR	397	.	224284333	0.397	0.963	154	4916	224281851	224283086	224285406	224286644	347412011	224050000	224300000	154	3903	1235	2320	spaced
SUPER_3	261249472	261253557	IR	397	.	261251255	0.397	0.983	124	4067	261249472	261250455	261252574	261253558	347412011	261200000	261450000	0	858	983	2119	spaced
SUPER_3	36905374	36920054	IR	397	.	36912318	0.397	0.972	111	14642	36905374	36906264	36919164	36920062	347412011	36700000	36950000	0	3545	890	12900	spaced
SUPER_3	53197076	53199125	IR	397	.	53198100	0.397	0.877	104	2252	53197076	53197708	53198493	53199163	347412011	53050000	53300000	104	2468	632	785	immediate
SUPER_3	80964641	80967002	IR	397	.	80965834	0.397	0.938	81	2468	80964641	80965391	80966277	80967002	347412011	80800000	81050000	81	2763	725	886	immediate
SUPER_3	62596451	62598778	IR	397	.	62597533	0.397	0.929	35	2363	62596451	62596749	62598480	62598787	347412011	62350000	62600000	35	4126	298	1731	immediate
SUPER_3	220753220	220758296	IR	397	.	220755577	0.397	1.000	33	5078	220753220	220753365	220758151	220758296	347412011	220700000	220950000	33	929	145	4786	spaced
SUPER_3	37057463	37058251	IR	397	.	37057857	0.397	0.947	32	14219	37057463	37057762	37057952	37058253	347412011	37000000	37250000	32	964	299	190	immediate
SUPER_3	334197457	334386632	IR	397	.	334291646	0.397	0.946	32	189154	334197457	334197809	334386280	334386632	347412011	334150000	334400000	0	2367	352	188471	wide
SUPER_3	149263165	149264907	IR	397	.	149264036	0.397	1.000	31	2066	149263165	149263303	149264769	149264907	347412011	149150000	149400000	31	1900	138	1466	immediate
SUPER_3	192582105	192584289	IR	397	.	192583197	0.397	0.979	28	2205	192582105	192582340	192584054	192584290	347412011	192350000	192600000	28	3886	235	1714	immediate
SUPER_3	333741118	333743446	IR	397	.	333742282	0.397	0.909	28	2338	333741118	333741730	333742834	333743447	347412011	333500000	333750000	28	4037	612	1104	immediate
SUPER_3	236818097	237044991	IR	397	.	236931641	0.397	0.895	20	226894	236818097	236818495	237044593	237044994	347412011	236800000	237050000	20	2192	398	226098	wide
SUPER_3	44747179	44758763	IR	396	.	44752486	0.396	0.958	99	11520	44747179	44748514	44757428	44758763	347412011	44550000	44800000	0	3382	1335	8914	spaced
SUPER_3	89650063	89654711	IR	396	.	89652021	0.396	0.983	57	4631	89650063	89650459	89654315	89654717	347412011	89500000	89750000	0	2539	396	3856	spaced
SUPER_3	314704918	314709785	IR	395	.	314707658	0.395	0.983	74	4846	314704918	314705509	314709194	314709785	347412011	314650000	314900000	0	955	591	3685	spaced
SUPER_3	154662682	154665022	IR	395	.	154664163	0.395	0.933	30	2322	154662682	154663010	154664703	154665022	347412011	154450000	154700000	0	3564	319	1693	immediate
SUPER_3	63579177	63662202	IR	394	.	63621082	0.394	0.989	156	83005	63579177	63580318	63661061	63662202	347412011	63450000	63700000	0	2844	1141	80743	spaced
SUPER_3	173809338	173811468	IR	394	.	173810378	0.394	0.583	26	2262	173809338	173809572	173811234	173811478	347412011	173700000	173950000	26	1839	234	1662	immediate
SUPER_3	204564775	204572190	IR	393	.	204568953	0.393	0.967	347	7400	204564775	204568177	204568788	204572192	347412011	204350000	204600000	0	3641	3402	611	immediate
SUPER_3	141851683	141854539	IR	393	.	141853111	0.393	0.826	60	2990	141851683	141852539	141853683	141854606	347412011	141800000	142050000	60	885	856	1144	immediate
SUPER_3	285790720	285792805	IR	392	.	285791763	0.392	0.992	123	2316	285790720	285791356	285792169	285792807	347412011	285550000	285800000	123	4029	636	813	immediate
SUPER_3	46786668	46791599	IR	392	.	46788959	0.392	0.956	107	5095	46786668	46787321	46790946	46791599	347412011	46600000	46850000	124	3152	653	3625	spaced
SUPER_3	169670606	169673147	IR	392	.	169671711	0.392	0.993	80	2587	169670606	169671009	169672744	169673147	347412011	169450000	169700000	80	3697	403	1735	immediate
SUPER_3	29576059	29639732	IR	392	.	29608258	0.392	0.935	68	63653	29576059	29576947	29638845	29639732	347412011	29400000	29650000	0	3464	887	61898	spaced
SUPER_3	225111508	225217452	IR	392	.	225164832	0.392	0.989	68	105910	225111508	225111981	225216982	225217452	347412011	225000000	225250000	0	2741	470	105001	wide
SUPER_3	184999565	185103023	IR	392	.	185050795	0.392	0.946	62	103399	184999565	185000428	185102160	185103025	347412011	184900000	185150000	0	2521	863	101732	wide
SUPER_3	332250225	332374123	IR	392	.	332312088	0.392	0.955	51	124077	332250225	332250930	332373418	332374123	347412011	332150000	332400000	51	2702	705	122488	wide
SUPER_3	38695487	38707570	IR	392	.	38701669	0.392	0.946	33	12107	38695487	38695777	38707285	38707570	347412011	38500000	38750000	33	3358	285	11508	spaced
SUPER_3	346218739	346239881	IR	391	.	346229106	0.391	0.701	420	21615	346218739	346222292	346236389	346239881	347412011	346050000	346300000	420	2988	3492	14097	spaced
SUPER_3	138382315	138499142	IR	391	.	138440597	0.391	0.956	306	117617	138382315	138387572	138493885	138499149	347412011	138250000	138500000	306	3178	5257	106313	wide
SUPER_3	50482890	50488644	IR	391	.	50485767	0.391	0.982	244	6510	50482890	50484374	50487164	50488644	347412011	50250000	50500000	244	3929	1480	2790	spaced
SUPER_3	181383168	181391538	IR	391	.	181387568	0.391	0.995	204	8617	181383168	181384186	181390520	181391538	347412011	181150000	181400000	204	3955	1018	6334	spaced
SUPER_3	85731773	85739017	IR	391	.	85735881	0.391	0.908	116	7220	85731773	85734042	85736748	85739020	347412011	85500000	85750000	0	3923	2269	2706	spaced
SUPER_3	155452040	155583789	IR	391	.	155517581	0.391	0.958	73	131728	155452040	155452940	155582889	155583789	347412011	155450000	155700000	0	1131	900	129949	wide
SUPER_3	232106127	232110759	IR	391	.	232108138	0.391	0.641	53	4570	232106127	232106191	232110695	232110801	347412011	231950000	232200000	0	2640	64	4504	spaced
SUPER_3	270474611	270476637	IR	391	.	270475625	0.391	0.925	41	2044	270474611	270475050	270476200	270476637	347412011	270250000	270500000	41	3760	437	1150	immediate
SUPER_3	108622445	108628627	IR	391	.	108625507	0.391	0.957	37	6308	108622445	108622770	108628302	108628627	347412011	108400000	108650000	37	3758	325	5532	spaced
SUPER_3	131675415	131795897	IR	391	.	131735853	0.391	0.000	36	120460	131675415	131675537	131795857	131795897	347412011	131550000	131800000	219	3094	40	120320	wide
SUPER_3	134371176	134373369	IR	391	.	134372276	0.391	0.882	31	2213	134371176	134371804	134372741	134373375	347412011	134150000	134400000	31	3704	628	937	immediate
SUPER_3	163379088	163407786	IR	391	.	163393096	0.391	0.898	29	28699	163379088	163379391	163407483	163407807	347412011	163250000	163500000	0	2390	303	28092	spaced
SUPER_3	75620042	75634759	IR	391	.	75627589	0.391	0.960	21	14712	75620042	75620264	75634537	75634760	347412011	75600000	75850000	21	456	222	14273	spaced
SUPER_3	57265457	57441347	IR	391	.	57353590	0.391	0.836	20	175893	57265457	57265842	57440988	57441347	347412011	57200000	57450000	20	2556	359	175146	wide
SUPER_3	342261472	342385723	IR	390	.	342324047	0.390	0.906	287	124088	342261472	342276628	342370653	342385723	347412011	342150000	342400000	0	2893	15070	94025	spaced
SUPER_3	87376790	87382422	IR	390	.	87379549	0.390	0.891	144	6561	87376790	87378486	87380726	87382434	347412011	87150000	87400000	144	3826	1696	2240	spaced
SUPER_3	289767201	289779422	IR	390	.	289773509	0.390	0.993	112	12329	289767201	289767771	289778852	289779422	347412011	289550000	289800000	112	3721	570	11081	spaced
SUPER_3	86741912	86815891	IR	390	.	86779321	0.390	0.816	99	73977	86741912	86748911	86808892	86815937	347412011	86600000	86850000	0	2981	6999	59981	spaced
SUPER_3	206179768	206183932	IR	390	.	206181879	0.390	0.812	50	4274	206179768	206180178	206183591	206183932	347412011	205950000	206200000	57	3864	341	3413	spaced
SUPER_3	326404584	326632860	IR	390	.	326519176	0.390	0.826	33	228196	326404584	326406222	326631238	326632860	347412011	326400000	326650000	0	1978	1622	225016	wide
SUPER_3	214279672	214282146	IR	390	.	214280670	0.390	1.000	22	2207	214279672	214279689	214282129	214282146	347412011	214200000	214450000	1	1348	17	2440	spaced
SUPER_3	21367139	21369912	IR	389	.	21368579	0.389	0.990	165	3119	21367139	21368061	21368990	21369913	347412011	21200000	21450000	165	2808	922	929	immediate
SUPER_3	110023439	110026108	IR	389	.	110024774	0.389	0.994	135	2847	110023439	110024142	110025406	110026108	347412011	109850000	110100000	135	2912	702	1264	immediate
SUPER_3	312320813	312323028	IR	389	.	312321920	0.389	0.932	105	3816	312320813	312321580	312322261	312323059	347412011	312100000	312350000	105	3698	767	681	immediate
SUPER_3	210658454	210693994	IR	389	.	210676249	0.389	0.415	60	35800	210658454	210675939	210676559	210693994	347412011	210450000	210700000	60	3770	17435	620	immediate
SUPER_3	57702467	57704519	IR	389	.	57703493	0.389	0.921	57	2107	57702467	57702851	57704135	57704531	347412011	57500000	57750000	57	3391	384	1284	immediate
SUPER_3	1390492	1396683	IR	389	.	1393939	0.389	0.565	54	6219	1390492	1392979	1394196	1396731	347412011	1350000	1600000	0	726	2487	1217	immediate
SUPER_3	104774041	104987781	IR	389	.	104880487	0.389	0.632	32	213692	104774041	104774089	104987733	104987809	347412011	104750000	105000000	0	2181	48	213644	wide
SUPER_3	222391910	222451045	IR	389	.	222420972	0.389	0.937	32	59113	222391910	222392298	222450657	222451051	347412011	222300000	222550000	0	2024	388	58359	spaced
SUPER_3	22789847	22792057	IR	389	.	22790512	0.389	0.992	21	2192	22789847	22789979	22791925	22792057	347412011	22700000	22950000	0	1515	132	1946	immediate
SUPER_3	159586475	159586691	IR	389	.	159586583	0.389	1.000	20	18495	159586475	159586570	159586596	159586691	347412011	159500000	159750000	20	1442	95	26	immediate
SUPER_3	100794958	100798263	IR	388	.	100796614	0.388	0.962	119	3466	100794958	100795725	100797503	100798263	347412011	100600000	100850000	119	3276	760	1778	immediate
SUPER_3	226568503	226574432	IR	388	.	226571686	0.388	0.952	84	6147	226568503	226569785	226573150	226574432	347412011	226400000	226650000	84	2857	1282	3365	spaced
SUPER_3	19893946	19954595	IR	388	.	19924598	0.388	0.939	54	60628	19893946	19894848	19953693	19954595	347412011	19750000	20000000	0	2904	902	58845	spaced
SUPER_3	315620951	315695310	IR	388	.	315658009	0.388	0.853	54	74303	315620951	315621019	315695252	315695310	347412011	315450000	315700000	1128	3468	58	74233	spaced
SUPER_3	248368269	248370488	IR	388	.	248369382	0.388	0.585	38	2339	248368269	248369282	248369482	248370488	347412011	248150000	248400000	38	3656	1006	200	immediate
SUPER_3	179933399	179936103	IR	388	.	179935021	0.388	0.870	36	2686	179933399	179933722	179935817	179936103	347412011	179700000	179950000	0	3912	286	2095	spaced
SUPER_3	325515448	325580981	IR	387	.	325548005	0.387	0.928	137	67492	325515448	325528534	325567895	325581041	347412011	325350000	325600000	137	3303	13086	39361	spaced
SUPER_3	287886483	287948783	IR	387	.	287917231	0.387	0.922	130	62171	287886483	287910980	287924286	287948892	347412011	287700000	287950000	0	3627	24497	13306	spaced
SUPER_3	19701095	19704012	IR	387	.	19702554	0.387	0.952	118	3147	19701095	19701904	19703203	19704030	347412011	19500000	19750000	118	3375	809	1299	immediate
SUPER_3	98619801	98626575	IR	387	.	98622719	0.387	0.900	92	6752	98619801	98621004	98625423	98626575	347412011	98450000	98700000	0	2886	1152	4419	spaced
SUPER_3	62588987	62591725	IR	387	.	62590356	0.387	0.993	88	2829	62588987	62589442	62591270	62591726	347412011	62350000	62600000	88	4005	455	1828	immediate
SUPER_3	179153702	179156232	IR	387	.	179154967	0.387	1.000	83	2587	179153702	179154067	179155867	179156232	347412011	179100000	179350000	83	915	365	1800	immediate
SUPER_3	269768936	269771179	IR	387	.	269770056	0.387	0.947	46	2313	269768936	269769381	269770738	269771179	347412011	269550000	269800000	46	3667	441	1357	immediate
SUPER_3	211462131	211593786	IR	387	.	211528442	0.387	0.883	24	131639	211462131	211462752	211593165	211593789	347412011	211400000	211650000	0	2132	621	130413	wide
SUPER_3	318975591	319002070	IR	386	.	318988735	0.386	0.928	418	28328	318975591	318981520	318996141	319002158	347412011	318950000	319200000	418	647	5929	14621	spaced
SUPER_3	250054240	250062479	IR	386	.	250057914	0.386	0.946	221	8231	250054240	250056668	250060051	250062528	347412011	249900000	250150000	0	2639	2428	3383	spaced
SUPER_3	233827504	233831682	IR	386	.	233829278	0.386	0.941	143	4155	233827504	233829219	233829974	233831682	347412011	233600000	233850000	0	3826	1708	755	immediate
SUPER_3	85309710	85315151	IR	386	.	85312300	0.386	1.000	21	5435	85309710	85309815	85315046	85315151	347412011	85100000	85350000	21	3540	105	5231	spaced
SUPER_3	97197698	97209614	IR	386	.	97203271	0.386	1.000	21	11899	97197698	97197840	97209472	97209614	347412011	97100000	97350000	0	1727	142	11632	spaced
SUPER_3	96784630	96786099	IR	385	.	96785365	0.385	0.993	96	155932	96784630	96785176	96785553	96786099	347412011	96700000	96950000	97	1422	546	377	immediate
SUPER_3	47665577	47833632	IR	385	.	47750059	0.385	0.958	66	168035	47665577	47666476	47832733	47833633	347412011	47600000	47850000	0	2493	899	166257	wide
SUPER_3	212822500	212825934	IR	385	.	212824291	0.385	0.938	60	3696	212822500	212823179	212825255	212825934	347412011	212600000	212850000	60	3736	679	2076	spaced
SUPER_3	87219150	87223686	IR	385	.	87221103	0.385	0.941	58	4459	87219150	87220047	87222789	87223689	347412011	87000000	87250000	0	3690	897	2742	spaced
SUPER_3	92319008	92321217	IR	385	.	92319657	0.385	0.494	47	2220	92319008	92319090	92321135	92321294	347412011	92300000	92550000	0	335	82	2045	spaced
SUPER_3	221081927	221091123	IR	385	.	221086453	0.385	0.987	37	9223	221081927	221082152	221090898	221091123	347412011	220850000	221100000	37	3941	225	8746	spaced
SUPER_3	327162829	327169678	IR	385	.	327166677	0.385	0.557	31	6823	327162829	327166185	327166333	327169678	347412011	327050000	327300000	0	1937	3345	148	immediate
SUPER_3	166221236	166223446	IR	385	.	166222341	0.385	0.977	29	2272	166221236	166221413	166223269	166223446	347412011	166150000	166400000	29	1205	177	1856	immediate
SUPER_3	326320727	326371942	IR	385	.	326346714	0.385	0.761	25	51198	326320727	326321453	326371272	326371942	347412011	326150000	326400000	0	3272	670	49819	spaced
SUPER_3	277601892	277615895	IR	384	.	277609203	0.384	0.952	268	13775	277601892	277605653	277612134	277615926	347412011	277450000	277700000	0	2648	3761	6481	spaced
SUPER_3	181213452	181217497	IR	384	.	181215821	0.384	0.955	113	4024	181213452	181214508	181216441	181217499	347412011	181000000	181250000	0	3591	1056	1933	immediate
SUPER_3	322232868	322242024	IR	384	.	322237746	0.384	0.771	91	9129	322232868	322235150	322239782	322242024	347412011	322000000	322250000	0	3957	2242	4632	spaced
SUPER_3	238020496	238024684	IR	384	.	238022583	0.384	0.832	77	4472	238020496	238021855	238023325	238024699	347412011	237800000	238050000	77	3709	1359	1470	immediate
SUPER_3	194953830	195060820	IR	384	.	195007214	0.384	0.818	43	107080	194953830	194955252	195059398	195060893	347412011	194950000	195200000	43	955	1422	104146	wide
SUPER_3	309782384	309891160	IR	384	.	309837259	0.384	0.939	40	108767	309782384	309783029	309890515	309891172	347412011	309650000	309900000	0	3112	645	107486	wide
SUPER_3	50904505	50979971	IR	384	.	50942238	0.384	0.392	35	75586	50904505	50941967	50942509	50980039	347412011	50850000	51100000	35	1537	37462	542	immediate
SUPER_3	323696680	323700003	IR	384	.	323698200	0.384	0.957	26	3312	323696680	323696907	323699776	323700004	347412011	323500000	323750000	26	3305	227	2869	spaced
SUPER_3	274980369	274988539	IR	383	.	274984000	0.383	0.949	480	8214	274980369	274983191	274985717	274988617	347412011	274800000	275050000	0	3074	2822	2526	spaced
SUPER_3	273729576	273781825	IR	383	.	273755605	0.383	0.595	215	55720	273729576	273752869	273758567	273781825	347412011	273550000	273800000	215	3428	23258	5698	spaced
SUPER_3	321121441	321199940	IR	383	.	321161135	0.383	0.552	157	78377	321121441	321156460	321164921	321199983	347412011	320950000	321200000	0	3511	35019	8461	spaced
SUPER_3	53726044	53728924	IR	383	.	53727484	0.383	0.990	104	3070	53726044	53726716	53728252	53728924	347412011	53500000	53750000	104	3791	672	1536	immediate
SUPER_3	134685713	134687829	IR	383	.	134686773	0.383	0.930	92	2204	134685713	134686323	134687258	134687829	347412011	134450000	134700000	92	3946	571	935	immediate
SUPER_3	37382400	37433855	IR	383	.	37408570	0.383	0.409	71	26996	37382400	37407278	37408977	37433889	347412011	37200000	37450000	0	3468	24878	1699	immediate
SUPER_3	265973182	265975172	IR	383	.	265974198	0.383	0.906	71	2163	265973182	265973617	265974737	265975214	347412011	265750000	266000000	71	3736	435	1120	immediate
SUPER_3	119947301	119949547	IR	383	.	119948425	0.383	0.941	46	2269	119947301	119947709	119949149	119949547	347412011	119700000	119950000	46	4140	398	1440	immediate
SUPER_3	24062858	24147902	IR	383	.	24104991	0.383	0.915	43	85031	24062858	24063759	24147001	24147910	347412011	23900000	24150000	0	3422	901	83242	spaced
SUPER_3	274715729	274717542	IR	383	.	274716639	0.383	0.984	42	2000	274715729	274716037	274717234	274717542	347412011	274500000	274750000	42	3610	308	1197	immediate
SUPER_3	265918796	265921026	IR	383	.	265919911	0.383	0.941	32	2254	265918796	265919005	265920817	265921038	347412011	265750000	266000000	32	2831	209	1812	immediate
SUPER_3	300331163	300368675	IR	382	.	300349799	0.382	0.927	480	42584	300331163	300339192	300360646	300368750	347412011	300250000	300500000	480	1665	8029	21454	spaced
SUPER_3	130125868	130141497	IR	382	.	130133956	0.382	0.983	417	15612	130125868	130128931	130138436	130141497	347412011	129900000	130150000	0	3894	3061	9505	spaced
SUPER_3	218134892	218139801	IR	382	.	218137375	0.382	0.971	206	40619	218134892	218136021	218138682	218139801	347412011	218000000	218250000	206	2288	1119	2661	spaced
SUPER_3	22607024	22611046	IR	382	.	22609035	0.382	0.945	164	4292	22607024	22607961	22610109	22611086	347412011	22500000	22750000	170	1817	937	2148	spaced
SUPER_3	203117047	203120037	IR	382	.	203118542	0.382	0.995	120	3089	203117047	203117644	203119440	203120037	347412011	203050000	203300000	120	1142	597	1796	immediate
SUPER_3	135194665	135248337	IR	382	.	135221906	0.382	0.688	61	53702	135194665	135196713	135246289	135248390	347412011	135050000	135300000	0	2858	2048	49576	spaced
SUPER_3	110658681	110763892	IR	382	.	110711628	0.382	0.710	40	105192	110658681	110659341	110763271	110763892	347412011	110600000	110850000	0	1854	621	103930	wide
SUPER_3	201715637	201717845	IR	382	.	201716742	0.382	0.939	40	2233	201715637	201716027	201717457	201717845	347412011	201550000	201800000	40	2778	388	1430	immediate
SUPER_3	310365529	310488837	IR	382	.	310427407	0.382	0.424	39	123403	310365529	310368509	310485857	310488845	347412011	310250000	310500000	33	2952	2980	117348	wide
SUPER_3	25922764	25976273	IR	382	.	25949949	0.382	0.828	28	53469	25922764	25923279	25975824	25976273	347412011	25750000	26000000	0	3325	449	52545	spaced
SUPER_3	230219310	230221454	IR	382	.	230220382	0.382	0.988	25	2154	230219310	230219471	230221293	230221454	347412011	230200000	230450000	25	339	161	1822	immediate
SUPER_3	209104232	209104562	IR	382	.	209104397	0.382	1.000	22	31017	209104232	209104330	209104464	209104562	347412011	209000000	209250000	22	1739	98	134	immediate
SUPER_3	149965070	150194300	IR	382	.	150079467	0.382	0.927	21	229216	149965070	149965414	150193957	150194300	347412011	149950000	150200000	21	2161	343	228543	wide
SUPER_3	188861516	188865488	IR	382	.	188863265	0.382	0.517	21	3958	188861516	188862552	188864466	188865488	347412011	188750000	189000000	21	1891	1022	1914	immediate
SUPER_3	3157439	3159703	IR	381	.	3158572	0.381	0.998	198	2469	3157439	3158343	3158800	3159703	347412011	2950000	3200000	198	3476	903	457	immediate
SUPER_3	114180935	114246500	IR	381	.	114214189	0.381	0.420	100	42169	114180935	114205010	114222425	114246540	347412011	114050000	114300000	0	2728	24075	17415	spaced
SUPER_3	233034284	233106785	IR	381	.	233070987	0.381	0.934	82	72506	233034284	233035063	233106006	233106809	347412011	232900000	233150000	0	2842	779	70943	spaced
SUPER_3	328030398	328047939	IR	381	.	328039295	0.381	0.935	78	17693	328030398	328031096	328047250	328047939	347412011	327850000	328100000	78	3152	689	16154	spaced
SUPER_3	108945449	108952448	IR	381	.	108949306	0.381	0.921	57	6882	108945449	108946682	108951232	108952448	347412011	108750000	109000000	0	3315	1216	4550	spaced
SUPER_3	272556891	272599931	IR	381	.	272578135	0.381	0.971	42	43011	272556891	272557441	272599381	272599931	347412011	272350000	272600000	0	3806	550	41940	spaced
SUPER_3	238986915	238988931	IR	381	.	238987945	0.381	0.736	41	2049	238986915	238987896	238987995	238988931	347412011	238750000	239000000	41	3965	936	99	immediate
SUPER_3	346427731	346489088	IR	381	.	346458654	0.381	0.940	40	61294	346427731	346429256	346487570	346489088	347412011	346250000	346500000	0	3473	1518	58314	spaced
SUPER_3	100008600	100041334	IR	381	.	100024616	0.381	0.822	38	32716	100008600	100009716	100040261	100041334	347412011	99800000	100050000	0	3749	1073	30545	spaced
SUPER_3	255072454	255074646	IR	381	.	255073556	0.381	0.939	38	14122	255072454	255072718	255074394	255074646	347412011	254850000	255100000	38	3725	252	1676	immediate
SUPER_3	908826	1105342	IR	381	.	1007283	0.381	0.958	22	196468	908826	908872	1105296	1105344	347412011	900000	1150000	230	1784	46	196424	wide
SUPER_3	137912973	137916628	IR	380	.	137914687	0.380	0.997	204	3946	137912973	137913879	137915722	137916630	347412011	137750000	138000000	204	2746	906	1843	immediate
SUPER_3	204373688	204393297	IR	380	.	204383611	0.380	0.972	135	19838	204373688	204375060	204391925	204393299	347412011	204250000	204500000	135	2224	1372	16865	spaced
SUPER_3	93631142	93631256	IR	380	.	93631207	0.380	0.973	63	81274	93631142	93631217	93631183	93631256	347412011	93500000	93750000	1990	2186	73	-34	overlap
SUPER_3	238981361	238982507	IR	380	.	238981934	0.380	0.930	47	115994	238981361	238981744	238982141	238982507	347412011	238800000	239050000	47	3032	366	397	immediate
SUPER_3	30632031	30720696	IR	380	.	30676704	0.380	0.348	43	88619	30632031	30632133	30720650	30720696	347412011	30500000	30750000	0	2939	46	88517	spaced
SUPER_3	150695393	150697358	IR	380	.	150696183	0.380	1.000	43	2040	150695393	150695599	150697152	150697358	347412011	150600000	150850000	43	1606	206	1553	immediate
SUPER_3	118182204	118277738	IR	380	.	118230315	0.380	0.800	30	95461	118182204	118183044	118276898	118277756	347412011	118150000	118400000	0	1332	840	93854	spaced
SUPER_3	133979879	134001644	IR	379	.	133990942	0.379	0.987	415	22779	133979879	133984860	133996664	134001644	347412011	133800000	134050000	415	3179	4980	11804	spaced
SUPER_3	167028554	167032846	IR	379	.	167030436	0.379	0.949	174	4242	167028554	167030269	167031132	167032846	347412011	166800000	167050000	0	3844	1714	863	immediate
SUPER_3	201944027	201949258	IR	379	.	201946493	0.379	0.992	168	5456	201944027	201944915	201948370	201949258	347412011	201700000	201950000	168	4110	888	3455	spaced
SUPER_3	174820181	174822584	IR	379	.	174821383	0.379	0.974	111	2754	174820181	174820868	174821897	174822590	347412011	174600000	174850000	111	3689	687	1029	immediate
SUPER_3	276525843	276564289	IR	379	.	276544980	0.379	0.916	59	38522	276525843	276526904	276563228	276564293	347412011	276400000	276650000	59	2417	1061	36324	spaced
SUPER_3	181659984	181665298	IR	379	.	181662312	0.379	0.980	39	5296	181659984	181660289	181664993	181665298	347412011	181500000	181750000	0	2710	305	4704	spaced
SUPER_3	71066321	71179565	IR	379	.	71123005	0.379	0.525	38	113192	71066321	71066361	71179525	71179599	347412011	70950000	71200000	268	2882	40	113164	wide
SUPER_3	241732666	241834614	IR	379	.	241783760	0.379	0.916	38	101952	241732666	241733132	241834165	241834614	347412011	241650000	241900000	39	2227	449	101033	wide
SUPER_3	270944285	270948263	IR	379	.	270946608	0.379	0.795	36	3918	270944285	270945020	270947528	270948357	347412011	270900000	271150000	0	771	735	2508	spaced
SUPER_3	109001757	109016259	IR	379	.	109009346	0.379	0.892	25	14482	109001757	109002298	109015735	109016259	347412011	108950000	109200000	0	983	524	13437	spaced
SUPER_3	250982092	251009028	IR	379	.	250995596	0.379	0.935	22	26955	250982092	250982305	251008817	251009028	347412011	250800000	251050000	22	3259	211	26512	spaced
SUPER_3	86035471	86038711	IR	378	.	86037092	0.378	0.957	140	58527	86035471	86036458	86037728	86038711	347412011	85850000	86100000	147	3118	983	1270	immediate
SUPER_3	158933399	158941904	IR	378	.	158937594	0.378	0.923	136	8606	158933399	158934545	158940773	158941904	347412011	158700000	158950000	136	3960	1131	6228	spaced
SUPER_3	183234776	183236932	IR	378	.	183235890	0.378	0.827	43	2314	183234776	183235688	183236092	183236932	347412011	183100000	183350000	43	2264	840	404	immediate
SUPER_3	344395123	344433636	IR	378	.	344414825	0.378	0.837	33	38495	344395123	344396140	344432627	344433636	347412011	344250000	344500000	0	2739	1009	36487	spaced
SUPER_3	344016939	344027265	IR	378	.	344022129	0.378	0.417	26	10323	344016939	344022007	344022200	344027265	347412011	343850000	344100000	41	2868	5065	193	immediate
SUPER_3	105765890	105768048	IR	378	.	105766969	0.378	0.883	22	2182	105765890	105766255	105767700	105768048	347412011	105550000	105800000	22	3616	348	1445	immediate
SUPER_3	94879408	94882875	IR	377	.	94881137	0.377	0.993	192	3732	94879408	94880344	94881941	94882875	347412011	94650000	94900000	192	3852	934	1597	immediate
SUPER_3	98328356	98333401	IR	377	.	98330776	0.377	0.970	165	6490	98328356	98329421	98332336	98333401	347412011	98150000	98400000	165	3014	1065	2915	spaced
SUPER_3	246264195	246267178	IR	377	.	246265703	0.377	0.943	112	3274	246264195	246264844	246266560	246267178	347412011	246050000	246300000	112	3594	618	1716	immediate
SUPER_3	73322776	73325017	IR	377	.	73323653	0.377	0.991	62	2289	73322776	73323116	73324678	73325017	347412011	73100000	73350000	62	3731	339	1562	immediate
SUPER_3	164258484	164269371	IR	377	.	164263487	0.377	0.978	54	10870	164258484	164258891	164268966	164269371	347412011	164150000	164400000	0	1898	405	10075	spaced
SUPER_3	123576484	123716427	IR	377	.	123646840	0.377	0.992	48	139922	123576484	123576854	123716057	123716427	347412011	123500000	123750000	0	2440	370	139203	wide
SUPER_3	279699341	279701451	IR	377	.	279700396	0.377	0.900	39	2159	279699341	279699633	279701159	279701470	347412011	279500000	279750000	39	3339	292	1526	immediate
SUPER_3	243450593	243525117	IR	377	.	243487709	0.377	0.814	37	74608	243450593	243450854	243524856	243525168	347412011	243350000	243600000	64	2297	261	74002	spaced
SUPER_3	130333275	130335573	IR	377	.	130334424	0.377	0.950	30	2327	130333275	130333515	130335333	130335574	347412011	130300000	130550000	30	573	240	1818	immediate
SUPER_3	282459669	282461636	IR	376	.	282460653	0.376	0.995	132	2090	282459669	282460295	282461010	282461637	347412011	282250000	282500000	132	3510	626	715	immediate
SUPER_3	24965646	24968543	IR	376	.	24967258	0.376	0.991	131	3155	24965646	24966304	24967885	24968543	347412011	24750000	25000000	131	3618	658	1581	immediate
SUPER_3	8047300	8073402	IR	376	.	8060728	0.376	0.867	90	26078	8047300	8052541	8068230	8073402	347412011	7900000	8150000	0	2672	5172	15689	spaced
SUPER_3	196370105	196372950	IR	376	.	196371765	0.376	0.986	89	2819	196370105	196370840	196372215	196372950	347412011	196200000	196450000	0	2858	735	1375	immediate
SUPER_3	223212969	223220756	IR	376	.	223216559	0.376	0.946	89	7797	223212969	223213733	223219992	223220785	347412011	223000000	223250000	0	3614	764	6259	spaced
SUPER_3	171620525	171625174	IR	376	.	171623300	0.376	0.988	63	4633	171620525	171620953	171624746	171625175	347412011	171400000	171650000	0	3714	428	3793	spaced
SUPER_3	75547005	75552882	IR	376	.	75550234	0.376	0.573	57	5858	75547005	75548427	75551483	75552882	347412011	75500000	75750000	0	832	1399	3056	spaced
SUPER_3	299731681	299758907	IR	376	.	299744802	0.376	0.949	46	27202	299731681	299732366	299758222	299758907	347412011	299550000	299800000	0	3254	685	25856	spaced
SUPER_3	296863970	296868728	IR	376	.	296866695	0.376	0.858	26	4734	296863970	296865436	296867262	296868728	347412011	296800000	297050000	0	1105	1466	1826	immediate
SUPER_3	177543261	177545729	IR	375	.	177544495	0.375	0.991	120	2581	177543261	177543843	177545150	177545729	347412011	177300000	177550000	120	4074	579	1307	immediate
SUPER_3	115540884	115726314	IR	375	.	115633812	0.375	0.549	113	185470	115540884	115543672	115723526	115726342	347412011	115500000	115750000	55	2226	2788	179854	wide
SUPER_3	173363210	173392595	IR	375	.	173378093	0.375	0.432	104	29543	173363210	173377289	173378563	173392595	347412011	173300000	173550000	120	1298	14032	1274	immediate
SUPER_3	26250079	26471501	IR	375	.	26360900	0.375	0.947	91	221566	26250079	26250919	26470661	26471516	347412011	26250000	26500000	91	1846	840	219742	wide
SUPER_3	171023966	171026603	IR	375	.	171025342	0.375	0.958	87	2840	171023966	171024610	171025959	171026604	347412011	170900000	171150000	88	2087	644	1349	immediate
SUPER_3	295227808	295234614	IR	375	.	295231686	0.375	0.998	68	6784	295227808	295228209	295234213	295234614	347412011	295000000	295250000	0	3853	401	6004	spaced
SUPER_3	89078459	89084020	IR	375	.	89080834	0.375	0.937	49	5540	89078459	89079361	89083122	89084020	347412011	88850000	89100000	0	3853	898	3761	spaced
SUPER_3	231047950	231063775	IR	375	.	231055364	0.375	0.978	46	15800	231047950	231048317	231063408	231063775	347412011	231000000	231250000	0	930	367	15091	spaced
SUPER_3	15882871	15886578	IR	374	.	15884730	0.374	0.986	180	3946	15882871	15883803	15885646	15886578	347412011	15700000	15950000	180	3078	932	1843	immediate
SUPER_3	129438510	129442668	IR	374	.	129440589	0.374	0.953	117	4471	129438510	129439650	129441528	129442674	347412011	129200000	129450000	117	4009	1140	1878	immediate
SUPER_3	340373095	340383061	IR	374	.	340378113	0.374	0.580	69	6828	340373095	340377937	340378286	340383061	347412011	340150000	340400000	69	3801	4775	349	immediate
SUPER_3	170025840	170029610	IR	374	.	170028141	0.374	0.954	65	3766	170025840	170026256	170029194	170029625	347412011	169900000	170150000	0	2128	416	2938	spaced
SUPER_3	224605792	224653666	IR	374	.	224629602	0.374	0.933	35	47860	224605792	224606030	224653440	224653666	347412011	224550000	224800000	35	1328	226	47410	spaced
SUPER_3	141413376	141422310	IR	374	.	141418337	0.374	0.814	32	8903	141413376	141413807	141421879	141422327	347412011	141350000	141600000	0	1130	431	8072	spaced
SUPER_3	131654595	131673245	IR	373	.	131663610	0.373	0.980	254	18635	131654595	131656584	131671256	131673250	347412011	131450000	131700000	0	3565	1989	14672	spaced
SUPER_3	303830760	303862595	IR	373	.	303846599	0.373	0.922	133	32281	303830760	303832542	303860813	303862608	347412011	303800000	304050000	133	777	1782	28271	spaced
SUPER_3	126922858	126952444	IR	373	.	126937221	0.373	0.407	38	29564	126922858	126937538	126937809	126952444	347412011	126750000	127000000	0	3127	14635	271	immediate
SUPER_3	5235994	5246807	IR	373	.	5241850	0.373	0.832	31	10848	5235994	5236731	5246070	5246862	347412011	5000000	5250000	0	4023	737	9339	spaced
SUPER_3	252476157	252607466	IR	373	.	252541354	0.373	0.943	25	131290	252476157	252476522	252607101	252607466	347412011	252400000	252650000	0	2363	365	130579	wide
SUPER_3	327481554	327613604	IR	372	.	327547954	0.372	0.941	380	120227	327481554	327494673	327600509	327613604	347412011	327400000	327650000	0	2459	13095	105836	wide
SUPER_3	159142088	159160261	IR	372	.	159150795	0.372	0.986	282	18156	159142088	159144248	159158101	159160261	347412011	158950000	159200000	0	3352	2160	13853	spaced
SUPER_3	21298936	21301787	IR	372	.	21300365	0.372	0.961	127	3077	21298936	21299758	21300972	21301787	347412011	21100000	21350000	127	3339	815	1214	immediate
SUPER_3	109356022	109570935	IR	372	.	109463587	0.372	0.844	113	216036	109356022	109362019	109564984	109570935	347412011	109350000	109600000	113	1891	5951	202965	wide
SUPER_3	51920019	52113378	IR	372	.	52016216	0.372	0.925	109	193343	51920019	51921230	52112167	52113390	347412011	51900000	52150000	0	1944	1211	190937	wide
SUPER_3	292492952	292495251	IR	372	.	292494103	0.372	0.989	87	2356	292492952	292493415	292494788	292495255	347412011	292250000	292500000	87	4068	463	1373	immediate
SUPER_3	107951213	108036738	IR	372	.	107993676	0.372	0.966	84	85505	107951213	107952126	108035825	108036740	347412011	107800000	108050000	0	3232	913	83699	spaced
SUPER_3	181096318	181099524	IR	372	.	181098353	0.372	0.979	61	3184	181096318	181096787	181099055	181099525	347412011	180850000	181100000	0	4131	469	2268	spaced
SUPER_3	120905427	121129930	IR	372	.	121017293	0.372	0.939	52	224480	120905427	120906343	121129022	121129930	347412011	120900000	121150000	0	1961	908	222679	wide
SUPER_3	266320945	266321041	IR	372	.	266321026	0.372	0.941	48	173127	266320945	266321013	266320977	266321041	347412011	266200000	266450000	1370	2016	64	-36	overlap
SUPER_3	172962932	172966249	IR	372	.	172965013	0.372	0.985	36	3298	172962932	172963195	172965986	172966249	347412011	172750000	173000000	0	3576	263	2791	spaced
SUPER_3	38915637	38931729	IR	371	.	38923277	0.371	0.733	225	16074	38915637	38919233	38928165	38931729	347412011	38750000	39000000	0	2894	3564	8932	spaced
SUPER_3	120035030	120038791	IR	371	.	120036817	0.371	0.803	109	3894	120035030	120036324	120037537	120038791	347412011	119850000	120100000	109	3115	1254	1213	immediate
SUPER_3	248757558	248761245	IR	371	.	248759831	0.371	0.635	88	3613	248757558	248759013	248759829	248761245	347412011	248600000	248850000	0	2656	1416	816	immediate
SUPER_3	223111256	223113872	IR	371	.	223112564	0.371	0.986	70	2821	223111256	223111672	223113456	223113873	347412011	222900000	223150000	70	3542	416	1784	immediate
SUPER_3	312393526	312599927	IR	371	.	312496676	0.371	0.914	70	206452	312393526	312394301	312599190	312599927	347412011	312350000	312600000	70	2445	737	204889	wide
SUPER_3	271672899	271745818	IR	371	.	271709688	0.371	0.950	48	72867	271672899	271672975	271745742	271745822	347412011	271500000	271750000	0	3489	76	72767	spaced
SUPER_3	207250073	207267689	IR	371	.	207258425	0.371	0.948	40	17599	207250073	207250645	207267117	207267693	347412011	207200000	207450000	0	981	572	16472	spaced
SUPER_3	212266299	212268599	IR	371	.	212267450	0.371	0.928	35	2457	212266299	212266753	212268148	212268599	347412011	212150000	212400000	35	1957	451	1395	immediate
SUPER_3	251101950	251200761	IR	371	.	251151796	0.371	0.996	31	98780	251101950	251102174	251200537	251200761	347412011	251000000	251250000	0	2522	224	98363	spaced
SUPER_3	210633715	210635636	IR	371	.	210634514	0.371	0.832	28	2014	210633715	210634095	210635256	210635690	347412011	210400000	210650000	28	3911	380	1161	immediate
SUPER_3	324210275	324231902	IR	371	.	324221216	0.371	0.796	21	21752	324210275	324210746	324231431	324231985	347412011	324100000	324350000	21	2018	471	20685	spaced
SUPER_3	173225120	173228825	IR	370	.	173227426	0.370	0.928	128	3679	173225120	173226473	173227472	173228849	347412011	173100000	173350000	0	2116	1353	999	immediate
SUPER_3	139311092	139314070	IR	370	.	139312679	0.370	0.956	112	3516	139311092	139311751	139313411	139314086	347412011	139200000	139450000	112	1876	659	1660	immediate
SUPER_3	23669889	23683860	IR	370	.	23676701	0.370	0.973	99	14268	23669889	23670696	23683053	23683860	347412011	23500000	23750000	99	2947	807	12357	spaced
SUPER_3	235108819	235111048	IR	370	.	235109948	0.370	0.926	82	2479	235108819	235109511	235110385	235111048	347412011	235100000	235350000	82	165	663	874	immediate
SUPER_3	66062326	66199259	IR	370	.	66131120	0.370	0.958	52	136915	66062326	66062947	66198641	66199259	347412011	65950000	66200000	0	3013	618	135694	wide
SUPER_3	282070143	282193060	IR	370	.	282131906	0.370	0.893	51	122834	282070143	282071863	282191368	282193060	347412011	281950000	282200000	0	3026	1692	119505	wide
SUPER_3	51888844	51891317	IR	370	.	51890085	0.370	0.953	50	2502	51888844	51889205	51890965	51891317	347412011	51650000	51900000	50	4001	352	1760	immediate
SUPER_3	259331895	259334056	IR	370	.	259332976	0.370	0.930	41	2244	259331895	259332303	259333648	259334056	347412011	259200000	259450000	41	2216	408	1345	immediate
SUPER_3	267414724	267417009	IR	370	.	267415867	0.370	0.762	38	2377	267414724	267415422	267416311	267417031	347412011	267200000	267450000	38	3597	698	889	immediate
SUPER_3	326831000	326860283	IR	370	.	326846076	0.370	0.692	32	29229	326831000	326831054	326860229	326860307	347412011	326650000	326900000	0	3260	54	29175	spaced
SUPER_3	210934405	210936573	IR	370	.	210935489	0.370	0.885	31	2283	210934405	210934847	210936134	210936573	347412011	210850000	211100000	31	1424	439	1287	immediate
SUPER_3	102262874	102296644	IR	370	.	102279875	0.370	0.969	29	33846	102262874	102263100	102296418	102296644	347412011	102050000	102300000	29	3829	226	33318	spaced
SUPER_3	191628558	191631439	IR	370	.	191629763	0.370	0.907	29	2893	191628558	191628832	191631165	191631455	347412011	191450000	191700000	29	2999	274	2333	spaced
SUPER_3	233741318	233741382	IR	370	.	233741383	0.370	1.000	28	2531	233741318	233741363	233741337	233741382	347412011	233600000	233850000	374	2355	45	-26	overlap
SUPER_3	28074643	28128054	IR	370	.	28101690	0.370	0.933	26	53355	28074643	28074699	28127998	28128058	347412011	28050000	28300000	0	855	56	53299	spaced
SUPER_3	178870099	178968714	IR	370	.	178919880	0.370	0.932	25	98597	178870099	178870558	178968255	178968714	347412011	178800000	179050000	0	1989	459	97697	spaced
SUPER_3	290840334	290840388	IR	370	.	290840404	0.370	0.857	21	50147	290840334	290840370	290840352	290840394	347412011	290750000	291000000	211	1505	36	-18	overlap
SUPER_3	341298752	341478843	IR	369	.	341388432	0.369	0.749	449	178362	341298752	341303842	341473782	341478843	347412011	341250000	341500000	0	2313	5061	169940	wide
SUPER_3	24229495	24232876	IR	369	.	24231185	0.369	0.984	183	3623	24229495	24230439	24231932	24232879	347412011	24050000	24300000	183	3019	944	1493	immediate
SUPER_3	231471802	231474996	IR	369	.	231473189	0.369	0.981	149	3488	231471802	231472604	231474195	231474996	347412011	231300000	231550000	149	2889	801	1591	immediate
SUPER_3	253152425	253159980	IR	369	.	253156016	0.369	0.974	122	9039	253152425	253153207	253159207	253159980	347412011	253000000	253250000	122	2603	773	6000	spaced
SUPER_3	53449363	53502612	IR	369	.	53476477	0.369	0.927	55	53244	53449363	53450094	53501881	53502627	347412011	53350000	53600000	0	2099	731	51787	spaced
SUPER_3	235522285	235527335	IR	369	.	235525255	0.369	0.978	53	5029	235522285	235522787	235526834	235527335	347412011	235300000	235550000	0	3746	501	4047	spaced
SUPER_3	218492686	218494876	IR	369	.	218493781	0.369	0.943	46	2326	218492686	218493167	218494395	218494881	347412011	218300000	218550000	46	3229	481	1228	immediate
SUPER_3	99384632	99394054	IR	369	.	99389662	0.369	0.954	43	9400	99384632	99385065	99393625	99394054	347412011	99150000	99400000	0	3988	429	8560	spaced
SUPER_3	201173193	201175194	IR	369	.	201174194	0.369	0.986	42	2032	201173193	201173485	201174902	201175195	347412011	201150000	201400000	42	403	292	1417	immediate
SUPER_3	75897946	75899996	IR	369	.	75898971	0.369	0.597	29	2132	75897946	75898831	75899111	75900070	347412011	75700000	75950000	29	3316	885	280	immediate
SUPER_3	51001011	51003269	IR	369	.	51002098	0.369	0.789	25	2739	51001011	51001177	51003103	51003293	347412011	50850000	51100000	42	2535	166	1926	immediate
SUPER_3	43015161	43015227	IR	369	.	43015178	0.369	0.867	24	79600	43015161	43015206	43015188	43015227	347412011	42850000	43100000	277	2753	39	-18	overlap
SUPER_3	73021848	73035037	IR	368	.	73028450	0.368	0.990	1041	14234	73021848	73026768	73030133	73035037	347412011	72800000	73050000	1078	3807	4904	3365	spaced
SUPER_3	316771273	316789680	IR	368	.	316780693	0.368	0.898	206	19176	316771273	316774906	316786047	316789692	347412011	316550000	316800000	206	3841	3633	11141	spaced
SUPER_3	187413633	187415768	IR	368	.	187414700	0.368	0.991	100	2542	187413633	187414216	187415185	187415768	347412011	187200000	187450000	100	3578	583	969	immediate
SUPER_3	314925053	314963966	IR	368	.	314944055	0.368	0.829	89	38454	314925053	314937996	314951129	314963966	347412011	314850000	315100000	0	1575	12837	13133	spaced
SUPER_3	100752943	100758998	IR	368	.	100755741	0.368	0.911	82	6378	100752943	100753805	100758163	100758998	347412011	100650000	100900000	81	1766	835	4358	spaced
SUPER_3	268060288	268067465	IR	368	.	268064302	0.368	0.944	58	7089	268060288	268061210	268066545	268067465	347412011	267850000	268100000	0	3564	920	5335	spaced
SUPER_3	170158928	170164228	IR	368	.	170161595	0.368	0.968	57	5556	170158928	170159365	170163791	170164228	347412011	170000000	170250000	57	2692	437	4426	spaced
SUPER_3	231808230	231811946	IR	368	.	231809703	0.368	0.944	49	3697	231808230	231808710	231811477	231811946	347412011	231600000	231850000	0	3501	469	2767	spaced
SUPER_3	52919974	53033582	IR	368	.	52976271	0.368	0.791	45	113556	52919974	52920042	53033514	53033600	347412011	52800000	53050000	0	2946	68	113472	wide
SUPER_3	149869206	149871352	IR	368	.	149870283	0.368	0.891	44	2165	149869206	149869673	149870909	149871352	347412011	149650000	149900000	44	3671	443	1236	immediate
SUPER_3	187061326	187089712	IR	368	.	187075041	0.368	0.956	33	28309	187061326	187061622	187089422	187089712	347412011	186850000	187100000	0	3758	290	27800	spaced
SUPER_3	322514207	322579326	IR	368	.	322546311	0.368	0.938	31	65108	322514207	322514762	322578771	322579333	347412011	322350000	322600000	0	3279	555	64009	spaced
SUPER_3	124789150	124809107	IR	368	.	124799292	0.368	1.000	24	19945	124789150	124789252	124809005	124809107	347412011	124600000	124850000	24	3318	102	19753	spaced
SUPER_3	300046486	300201093	IR	368	.	300123286	0.368	0.980	23	154582	300046486	300046684	300200895	300201093	347412011	300000000	300250000	0	2063	198	154211	wide
SUPER_3	88844758	88852674	IR	367	.	88849138	0.367	0.895	181	7899	88844758	88847538	88849952	88852674	347412011	88700000	88950000	0	2478	2722	2414	spaced
SUPER_3	116070983	116073966	IR	367	.	116072318	0.367	0.999	179	3267	116070983	116071750	116073199	116073966	347412011	115850000	116100000	179	3707	767	1449	immediate
SUPER_3	339367716	339367812	IR	367	.	339367781	0.367	0.759	164	202199	339367716	339367779	339367749	339367832	347412011	339250000	339500000	1660	1962	63	-30	overlap
SUPER_3	224106004	224110163	IR	367	.	224107632	0.367	0.981	80	4134	224106004	224106573	224109595	224110163	347412011	224000000	224250000	0	1801	568	3022	spaced
SUPER_3	295812130	295814499	IR	367	.	295813314	0.367	0.977	73	2776	295812130	295812613	295814016	295814499	347412011	295600000	295850000	73	3555	483	1403	immediate
SUPER_3	312225979	312261322	IR	367	.	312243183	0.367	0.913	73	35323	312225979	312227357	312259963	312261322	347412011	312050000	312300000	0	3227	1359	32606	spaced
SUPER_3	78486962	78489333	IR	367	.	78488280	0.367	1.000	68	2429	78486962	78487302	78488993	78489333	347412011	78250000	78500000	68	3968	340	1691	immediate
SUPER_3	208293898	208298522	IR	367	.	208296371	0.367	0.996	57	4653	208293898	208294151	208298269	208298522	347412011	208050000	208300000	57	4103	253	4118	spaced
SUPER_3	32489449	32492014	IR	367	.	32490726	0.367	0.889	56	2673	32489449	32490193	32491270	32492041	347412011	32250000	32500000	56	4011	744	1077	immediate
SUPER_3	46211495	46332500	IR	367	.	46271690	0.367	0.405	52	60927	46211495	46271917	46272078	46332571	347412011	46150000	46400000	0	2033	60422	161	immediate
SUPER_3	22360134	22387832	IR	367	.	22373599	0.367	0.931	43	27678	22360134	22360497	22387475	22387832	347412011	22350000	22600000	0	399	357	26978	spaced
SUPER_3	318360174	318572655	IR	367	.	318466696	0.367	0.395	33	212459	318360174	318425029	318507858	318572655	347412011	318350000	318600000	0	1940	64797	82829	spaced
SUPER_3	32247336	32269014	IR	367	.	32257680	0.367	0.694	28	21628	32247336	32247408	32268964	32269014	347412011	32200000	32450000	0	969	50	21556	spaced
SUPER_3	75703974	75846259	IR	367	.	75774846	0.367	0.740	25	142265	75703974	75706091	75844243	75846259	347412011	75650000	75900000	0	2085	2016	138152	wide
SUPER_3	59156561	59156989	IR	367	.	59156775	0.367	0.932	24	9339	59156561	59156733	59156817	59156990	347412011	58950000	59200000	24	3446	172	84	immediate
SUPER_3	301106043	301216641	IR	367	.	301161072	0.367	0.917	23	110553	301106043	301106379	301216318	301216641	347412011	301050000	301300000	0	1855	323	109939	wide
SUPER_3	147309974	147318087	IR	366	.	147314173	0.366	0.953	421	8554	147309974	147312659	147315402	147318098	347412011	147150000	147400000	421	2733	2685	2743	spaced
SUPER_3	89029675	89033386	IR	366	.	89031286	0.366	1.000	334	4125	89029675	89031186	89031875	89033386	347412011	88800000	89050000	334	3858	1511	689	immediate
SUPER_3	90154316	90157281	IR	366	.	90155847	0.366	0.991	157	3176	90154316	90155174	90156423	90157282	347412011	89950000	90200000	157	3429	858	1249	immediate
SUPER_3	69926448	69949834	IR	366	.	69938208	0.366	0.987	140	23645	69926448	69927994	69948289	69949834	347412011	69700000	69950000	140	3968	1545	20295	spaced
SUPER_3	71793525	71812063	IR	366	.	71802970	0.366	0.943	137	19112	71793525	71794431	71811183	71812063	347412011	71650000	71900000	137	2546	880	16752	spaced
SUPER_3	234819578	234821731	IR	366	.	234820654	0.366	0.984	67	2215	234819578	234819960	234821349	234821731	347412011	234600000	234850000	67	3677	382	1389	immediate
SUPER_3	314611424	314646771	IR	366	.	314628615	0.366	0.747	61	35143	314611424	314613617	314644617	314646771	347412011	314400000	314650000	0	3818	2154	31000	spaced
SUPER_3	209028599	209030714	IR	366	.	209029653	0.366	0.909	46	2859	209028599	209028965	209030348	209030715	347412011	208800000	209050000	46	3827	366	1383	immediate
SUPER_3	164460616	164461741	IR	366	.	164461192	0.366	0.718	40	2016	164460616	164461151	164461233	164461741	347412011	164250000	164500000	40	3519	508	82	immediate
SUPER_3	230178884	230182203	IR	366	.	230180660	0.366	0.570	35	3398	230178884	230179895	230181192	230182266	347412011	229950000	230200000	35	3842	1011	1297	immediate
SUPER_3	75922946	75925092	IR	366	.	75924019	0.366	0.982	29	2208	75922946	75923170	75924868	75925092	347412011	75700000	75950000	29	3733	224	1698	immediate
SUPER_3	312849677	312852829	IR	366	.	312851580	0.366	0.733	29	3184	312849677	312850177	312852329	312852881	347412011	312650000	312900000	0	3354	500	2152	spaced
SUPER_3	198894125	198895888	IR	366	.	198894789	0.366	0.861	28	2457	198894125	198894493	198895520	198895912	347412011	198800000	199050000	28	1583	368	1027	immediate
SUPER_3	99601254	99758194	IR	366	.	99679454	0.366	0.676	27	156894	99601254	99601300	99758148	99758216	347412011	99600000	99850000	0	1328	46	156848	wide
SUPER_3	96541209	96543261	IR	366	.	96542237	0.366	0.828	20	2123	96541209	96541608	96542866	96543261	347412011	96300000	96550000	20	4037	395	1258	immediate
SUPER_3	200616759	200637654	IR	365	.	200627344	0.365	0.999	500	21622	200616759	200619040	200635373	200637654	347412011	200400000	200650000	500	3786	2281	16333	spaced
SUPER_3	329013858	329096915	IR	365	.	329055853	0.365	0.923	395	83037	329013858	329043862	329066911	329096925	347412011	328950000	329200000	0	1756	30004	23049	spaced
SUPER_3	141206381	141365581	IR	365	.	141286263	0.365	0.411	384	85546	141206381	141283403	141288559	141365610	347412011	141150000	141400000	0	2266	77022	5156	spaced
SUPER_3	202585553	202589412	IR	365	.	202587856	0.365	0.978	217	3836	202585553	202587053	202587916	202589412	347412011	202400000	202650000	0	3124	1496	863	immediate
SUPER_3	184150238	184271236	IR	365	.	184210558	0.365	0.999	190	120703	184150238	184152077	184269397	184271236	347412011	184150000	184400000	190	1012	1839	117320	wide
SUPER_3	234473636	234614830	IR	365	.	234543817	0.365	0.974	124	141176	234473636	234474642	234613824	234614830	347412011	234400000	234650000	0	2403	1006	139182	wide
SUPER_3	161620136	161623187	IR	365	.	161621663	0.365	0.954	114	3184	161620136	161621014	161622319	161623187	347412011	161400000	161650000	114	3694	868	1305	immediate
SUPER_3	160517663	160519784	IR	365	.	160518736	0.365	0.936	111	2312	160517663	160518454	160519017	160519784	347412011	160300000	160550000	111	3645	767	563	immediate
SUPER_3	340144862	340149537	IR	365	.	340147256	0.365	0.798	70	5035	340144862	340146170	340148229	340149538	347412011	340050000	340300000	70	1619	1308	2059	spaced
SUPER_3	240316927	240406430	IR	365	.	240361679	0.365	0.399	53	89828	240316927	240361304	240362054	240406430	347412011	240200000	240450000	53	2694	44376	750	immediate
SUPER_3	117818456	117875201	IR	365	.	117846682	0.365	0.933	48	56789	117818456	117819084	117874574	117875201	347412011	117700000	117950000	48	2447	627	55490	spaced
SUPER_3	173704268	173716622	IR	365	.	173710317	0.365	0.948	46	12367	173704268	173704528	173716362	173716623	347412011	173500000	173750000	46	3507	260	11834	spaced
SUPER_3	151950022	152160102	IR	365	.	152054729	0.365	0.946	43	210061	151950022	151950368	152159757	152160102	347412011	151950000	152200000	0	1750	345	209389	wide
SUPER_3	229791731	229791824	IR	365	.	229791780	0.365	0.985	42	8808	229791731	229791796	229791759	229791825	347412011	229550000	229800000	1350	4029	65	-37	overlap
SUPER_3	253378911	253381053	IR	365	.	253379982	0.365	0.947	35	2165	253378911	253379204	253380760	253381060	347412011	253200000	253450000	35	2999	293	1556	immediate
SUPER_3	220803669	220825994	IR	365	.	220815141	0.365	0.904	31	22302	220803669	220804331	220825351	220825994	347412011	220700000	220950000	0	1913	643	21020	spaced
SUPER_3	229791725	229791789	IR	365	.	229791780	0.365	0.843	31	8747	229791725	229791768	229791746	229791797	347412011	229600000	229850000	437	3195	43	-22	overlap
SUPER_3	229791725	229791789	IR	365	.	229791780	0.365	0.843	31	8747	229791725	229791768	229791746	229791797	347412011	229750000	230000000	437	695	43	-22	overlap
SUPER_3	227441741	227442688	IR	365	.	227442261	0.365	0.806	29	10879	227441741	227442013	227442459	227442688	347412011	227250000	227500000	29	3203	229	446	immediate
SUPER_3	3159743	3255904	IR	365	.	3207903	0.365	0.402	25	96164	3159743	3207776	3207945	3255904	347412011	3050000	3300000	25	2630	47959	169	immediate
SUPER_3	320675125	320731906	IR	365	.	320703902	0.365	0.849	22	56757	320675125	320675483	320731579	320731906	347412011	320550000	320800000	0	2558	327	56096	spaced
SUPER_3	109640736	109643814	IR	365	.	109641929	0.365	0.632	21	3076	109640736	109640929	109643621	109643917	347412011	109500000	109750000	0	2371	193	2692	spaced
SUPER_3	123866611	123987962	IR	365	.	123926902	0.365	0.927	20	121332	123866611	123866885	123987690	123987962	347412011	123750000	124000000	0	2954	272	120805	wide
SUPER_3	156862526	156935562	IR	365	.	156899049	0.365	0.955	20	73031	156862526	156862727	156935361	156935563	347412011	156700000	156950000	20	3317	201	72634	spaced
SUPER_3	242559362	242561628	IR	365	.	242560495	0.365	0.647	20	2270	242559362	242560134	242560856	242561644	347412011	242550000	242800000	20	174	772	722	immediate
SUPER_3	225901291	225914336	IR	364	.	225907942	0.364	0.995	750	13810	225901291	225904752	225910875	225914351	347412011	225700000	225950000	760	3463	3461	6123	spaced
SUPER_3	296722527	296742200	IR	364	.	296732715	0.364	0.963	576	19657	296722527	296727731	296736996	296742202	347412011	296500000	296750000	0	3872	5204	9265	spaced
SUPER_3	49925768	49930717	IR	364	.	49928243	0.364	0.999	319	5280	49925768	49927188	49929298	49930717	347412011	49700000	49950000	319	3803	1419	2110	spaced
SUPER_3	227584458	227612129	IR	364	.	227598591	0.364	0.981	208	27667	227584458	227585833	227610754	227612147	347412011	227500000	227750000	0	1638	1375	24921	spaced
SUPER_3	97182871	97193119	IR	364	.	97188203	0.364	0.992	203	10532	97182871	97183980	97192010	97193119	347412011	96950000	97200000	203	3966	1109	8030	spaced
SUPER_3	289637977	289641230	IR	364	.	289639393	0.364	0.967	123	3470	289637977	289638946	289640261	289641230	347412011	289400000	289650000	123	3993	969	1315	immediate
SUPER_3	250640819	250642808	IR	364	.	250641813	0.364	0.909	93	2178	250640819	250641525	250642136	250642808	347412011	250400000	250650000	93	4030	672	611	immediate
SUPER_3	33714446	33717633	IR	364	.	33716451	0.364	0.577	50	3251	33714446	33715715	33716364	33717716	347412011	33550000	33800000	0	2767	1269	649	immediate
SUPER_3	207600069	207650562	IR	364	.	207625338	0.364	0.890	47	50622	207600069	207600724	207649907	207650584	347412011	207600000	207850000	47	421	655	49183	spaced
SUPER_3	309618426	309625397	IR	364	.	309621974	0.364	0.939	47	7393	309618426	309618788	309625035	309625397	347412011	309400000	309650000	47	3698	362	6247	spaced
SUPER_3	76317597	76475480	IR	364	.	76396897	0.364	0.846	41	157943	76317597	76318586	76474491	76475566	347412011	76250000	76500000	0	2442	989	155905	wide
SUPER_3	295689513	295742475	IR	364	.	295715921	0.364	0.805	39	54178	295689513	295690303	295741685	295742578	347412011	295600000	295850000	39	1933	790	51382	spaced
SUPER_3	72391101	72395617	IR	364	.	72392942	0.364	0.995	33	4499	72391101	72391305	72395413	72395617	347412011	72150000	72400000	0	4055	204	4108	spaced
SUPER_3	140387264	140389511	IR	364	.	140388746	0.364	0.863	32	2228	140387264	140387887	140388928	140389511	347412011	140200000	140450000	0	3139	583	1041	immediate
SUPER_3	180528568	180531189	IR	364	.	180529775	0.364	0.972	27	2631	180528568	180528745	180531012	180531191	347412011	180500000	180750000	27	497	177	2267	spaced
SUPER_3	200733368	200854781	IR	364	.	200793602	0.364	0.927	26	121395	200733368	200733900	200854250	200854781	347412011	200650000	200900000	0	2401	531	120350	wide
SUPER_3	106707564	106713507	IR	364	.	106710195	0.364	0.984	25	5868	106707564	106707749	106713322	106713507	347412011	106500000	106750000	0	3508	185	5573	spaced
SUPER_3	2630822	2816515	IR	364	.	2723986	0.364	0.971	22	185671	2630822	2631024	2816313	2816518	347412011	2600000	2850000	0	2061	202	185289	wide
SUPER_3	277990171	277994504	IR	363	.	277992334	0.363	0.987	245	4576	277990171	277991312	277993364	277994504	347412011	277800000	278050000	246	3205	1140	2052	spaced
SUPER_3	258864992	258867676	IR	363	.	258866285	0.363	0.896	116	3185	258864992	258865766	258866902	258867744	347412011	258650000	258900000	116	3605	774	1136	immediate
SUPER_3	234150096	234317724	IR	363	.	234234374	0.363	0.887	99	167608	234150096	234151098	234316723	234317724	347412011	234100000	234350000	0	2231	1001	165625	wide
SUPER_3	245952223	246146891	IR	363	.	246049578	0.363	0.912	73	194741	245952223	245952834	246146284	246146891	347412011	245900000	246150000	75	2492	607	193450	wide
SUPER_3	205511427	205514029	IR	363	.	205512729	0.363	0.960	62	2642	205511427	205511926	205513532	205514029	347412011	205300000	205550000	62	3545	497	1606	immediate
SUPER_3	331847487	331869728	IR	363	.	331858581	0.363	0.921	62	22302	331847487	331848311	331868904	331869728	347412011	331650000	331900000	62	3476	824	20593	spaced
SUPER_3	175800322	175808862	IR	363	.	175804290	0.363	0.930	60	8519	175800322	175801057	175808140	175808862	347412011	175750000	176000000	0	909	722	7083	spaced
SUPER_3	160059648	160062019	IR	363	.	160060617	0.363	0.875	55	2618	160059648	160060215	160061452	160062047	347412011	159900000	160150000	55	2680	567	1237	immediate
SUPER_3	322769110	322823354	IR	363	.	322796374	0.363	0.990	52	54333	322769110	322769420	322823044	322823354	347412011	322600000	322850000	52	3270	310	53624	spaced
SUPER_3	341479070	341520046	IR	363	.	341499081	0.363	0.703	47	40907	341479070	341479612	341519504	341520047	347412011	341350000	341600000	0	2492	542	39892	spaced
SUPER_3	79050113	79293433	IR	363	.	79171465	0.363	0.845	42	243303	79050113	79052678	79290910	79293433	347412011	79050000	79300000	0	2029	2523	238232	wide
SUPER_3	200589471	200616742	IR	363	.	200603540	0.363	0.925	40	27269	200589471	200589826	200616387	200616759	347412011	200450000	200700000	0	2551	355	26561	spaced
SUPER_3	262623237	262641221	IR	363	.	262632459	0.363	1.000	37	17990	262623237	262623275	262641183	262641221	347412011	262400000	262650000	20	3870	38	17908	spaced
SUPER_3	262210789	262350691	IR	363	.	262280642	0.363	0.392	35	139905	262210789	262279995	262281538	262350691	347412011	262200000	262450000	35	1345	69153	1543	immediate
SUPER_3	170304368	170312293	IR	363	.	170308144	0.363	0.881	29	7999	170304368	170304707	170311971	170312293	347412011	170250000	170500000	29	972	322	7264	spaced
SUPER_3	266526218	266624180	IR	363	.	266574969	0.363	0.911	23	97957	266526218	266526810	266623595	266624180	347412011	266400000	266650000	23	2919	585	96785	spaced
SUPER_3	67408483	67428770	IR	363	.	67418794	0.363	0.959	20	20273	67408483	67408680	67428573	67428770	347412011	67200000	67450000	20	3643	197	19893	spaced
SUPER_3	291369069	291372340	IR	362	.	291370704	0.362	0.999	325	3645	291369069	291370521	291370888	291372340	347412011	291150000	291400000	325	3678	1452	367	immediate
SUPER_3	29234473	29252474	IR	362	.	29243356	0.362	0.997	149	18181	29234473	29235172	29251775	29252474	347412011	29050000	29300000	149	3224	699	16603	spaced
SUPER_3	189478010	189490016	IR	362	.	189483587	0.362	0.668	104	11987	189478010	189479847	189488222	189490016	347412011	189350000	189600000	0	2233	1794	8375	spaced
SUPER_3	219653718	219664832	IR	362	.	219659625	0.362	0.985	103	11092	219653718	219654507	219664043	219664832	347412011	219450000	219700000	0	3487	789	9536	spaced
SUPER_3	338805166	338991657	IR	362	.	338898803	0.362	0.424	92	186578	338805166	338840983	338955840	338991765	347412011	338800000	339050000	0	1640	35817	114857	wide
SUPER_3	338049114	338060265	IR	362	.	338055026	0.362	0.965	80	11120	338049114	338049969	338059412	338060265	347412011	337850000	338100000	0	3411	853	9443	spaced
SUPER_3	91625274	91629430	IR	362	.	91627377	0.362	0.570	76	4375	91625274	91627226	91627530	91629430	347412011	91400000	91650000	78	3789	1900	304	immediate
SUPER_3	97841799	97845166	IR	362	.	97843025	0.362	0.879	63	3398	97841799	97842595	97844370	97845218	347412011	97700000	97950000	0	2391	796	1775	immediate
SUPER_3	103671047	103673132	IR	362	.	103672409	0.362	1.000	56	2066	103671047	103671347	103672832	103673132	347412011	103450000	103700000	0	3701	300	1485	immediate
SUPER_3	228867753	228870283	IR	362	.	228869017	0.362	0.869	50	2799	228867753	228868370	228869666	228870291	347412011	228700000	228950000	50	2816	617	1296	immediate
SUPER_3	217520360	217579669	IR	362	.	217549737	0.362	0.993	46	59280	217520360	217520658	217579371	217579669	347412011	217400000	217650000	0	2500	298	58713	spaced
SUPER_3	287543822	287545923	IR	362	.	287544741	0.362	0.891	44	2149	287543822	287544149	287545596	287545955	347412011	287300000	287550000	44	4081	327	1447	immediate
SUPER_3	180062284	180064938	IR	362	.	180063787	0.362	0.971	37	2664	180062284	180062562	180064660	180064939	347412011	179850000	180100000	37	3560	278	2098	spaced
SUPER_3	138866378	138920208	IR	362	.	138893609	0.362	0.522	34	53784	138866378	138866424	138920162	138920248	347412011	138700000	138950000	0	3221	46	53738	spaced
SUPER_3	10799624	10973893	IR	362	.	10887053	0.362	0.954	25	174253	10799624	10799943	10973574	10973897	347412011	10750000	11000000	0	2279	319	173631	wide
SUPER_3	46166998	46167072	IR	362	.	46167042	0.362	0.944	25	62631	46166998	46167052	46167021	46167072	347412011	46050000	46300000	625	1950	51	-31	overlap
SUPER_3	46167004	46167074	IR	362	.	46167042	0.362	0.880	25	62665	46167004	46167054	46167030	46167074	347412011	46100000	46350000	472	1117	44	-24	overlap
SUPER_3	278121926	278346308	IR	362	.	278233682	0.362	0.392	25	224328	278121926	278191296	278277015	278346308	347412011	278100000	278350000	0	2235	69293	85719	spaced
SUPER_3	181786190	181877663	IR	361	.	181832404	0.361	0.949	549	91457	181786190	181793151	181870702	181877665	347412011	181700000	181950000	0	2198	6961	77551	spaced
SUPER_3	107108761	107142968	IR	361	.	107125447	0.361	0.960	191	34207	107108761	107110148	107141581	107142988	347412011	106900000	107150000	0	3764	1387	31433	spaced
SUPER_3	216500931	216504291	IR	361	.	216502561	0.361	0.948	146	3625	216500931	216501785	216503457	216504291	347412011	216300000	216550000	146	3376	834	1672	immediate
SUPER_3	234006238	234034306	IR	361	.	234020628	0.361	0.960	97	28014	234006238	234007147	234033408	234034306	347412011	233800000	234050000	0	3671	898	26261	spaced
SUPER_3	48855998	48964167	IR	361	.	48910180	0.361	0.868	87	108252	48855998	48856627	48963538	48964210	347412011	48850000	49100000	106	1001	629	106911	wide
SUPER_3	170065075	170068454	IR	361	.	170066553	0.361	0.950	86	3454	170065075	170065929	170067602	170068454	347412011	169850000	170100000	86	3612	852	1673	immediate
SUPER_3	7497632	7512019	IR	361	.	7504875	0.361	0.974	83	14517	7497632	7498258	7511393	7512020	347412011	7300000	7550000	83	3413	626	13135	spaced
SUPER_3	89454504	89619333	IR	361	.	89536457	0.361	0.969	76	164811	89454504	89455379	89618458	89619333	347412011	89400000	89650000	0	2281	875	163079	wide
SUPER_3	328606413	328708276	IR	361	.	328657609	0.361	0.915	47	101853	328606413	328607295	328707394	328708297	347412011	328500000	328750000	0	2622	882	100099	wide
SUPER_3	166225835	166374553	IR	361	.	166300214	0.361	0.957	44	148749	166225835	166226135	166374261	166374553	347412011	166150000	166400000	44	2503	292	148126	wide
SUPER_3	2297989	2431827	IR	361	.	2364643	0.361	0.995	30	133811	2297989	2298178	2431638	2431827	347412011	2200000	2450000	0	2748	189	133460	wide
SUPER_3	321721643	321729318	IR	361	.	321725477	0.361	0.522	24	8062	321721643	321725402	321725559	321729370	347412011	321600000	321850000	24	2091	3759	157	immediate
SUPER_3	238709371	238886863	IR	361	.	238798574	0.361	0.984	22	177472	238709371	238709555	238886679	238886864	347412011	238650000	238900000	0	2468	184	177124	wide
SUPER_3	255081847	255084411	IR	361	.	255083157	0.361	0.747	22	2621	255081847	255082561	255083750	255084411	347412011	254850000	255100000	22	3885	661	1189	immediate
SUPER_3	218417217	218443733	IR	361	.	218430055	0.361	0.948	21	26432	218417217	218417533	218443417	218443741	347412011	218300000	218550000	0	2174	316	25884	spaced
SUPER_3	75174801	75178431	IR	360	.	75176546	0.360	0.958	216	3895	75174801	75176032	75177200	75178439	347412011	74950000	75200000	216	3776	1231	1168	immediate
SUPER_3	231394889	231448461	IR	360	.	231421684	0.360	0.965	137	53739	231394889	231396127	231447223	231448461	347412011	231350000	231600000	137	1194	1238	51096	spaced
SUPER_3	193110762	193114233	IR	360	.	193112607	0.360	0.859	106	3743	193110762	193112037	193112958	193114234	347412011	193000000	193250000	124	1874	1275	921	immediate
SUPER_3	157695400	157880452	IR	360	.	157787891	0.360	0.953	104	185381	157695400	157696338	157879520	157880452	347412011	157650000	157900000	104	2298	932	183182	wide
SUPER_3	21592089	21600498	IR	360	.	21596465	0.360	1.000	94	8521	21592089	21592532	21600055	21600498	347412011	21450000	21700000	94	2438	443	7523	spaced
SUPER_3	174796521	174798315	IR	360	.	174797418	0.360	0.987	71	2050	174796521	174796972	174797864	174798318	347412011	174550000	174800000	71	4123	451	892	immediate
SUPER_3	71501390	71503623	IR	360	.	71502507	0.360	1.000	68	2275	71501390	71501708	71503305	71503623	347412011	71300000	71550000	68	3374	318	1597	immediate
SUPER_3	189149867	189154516	IR	360	.	189151802	0.360	0.982	68	4634	189149867	189150412	189153971	189154519	347412011	188950000	189200000	0	3369	545	3559	spaced
SUPER_3	162692679	162694302	IR	360	.	162693501	0.360	0.892	51	88040	162692679	162692910	162694071	162694330	347412011	162600000	162850000	52	1558	231	1161	immediate
SUPER_3	223514287	223663385	IR	360	.	223588361	0.360	0.989	49	149072	223514287	223514657	223663015	223663385	347412011	223450000	223700000	0	2313	370	148358	wide
SUPER_3	19037812	19151406	IR	360	.	19094692	0.360	0.905	32	113670	19037812	19038466	19150753	19151406	347412011	18950000	19200000	32	2410	653	112287	wide
SUPER_3	4465988	4698969	IR	360	.	4582719	0.360	0.948	31	232966	4465988	4466270	4698687	4698974	347412011	4450000	4700000	0	2207	282	232417	wide
SUPER_3	106273240	106448160	IR	360	.	106360929	0.360	0.931	31	174921	106273240	106273642	106447758	106448163	347412011	106200000	106450000	31	2678	402	174116	wide
SUPER_3	79555707	79758108	IR	360	.	79656534	0.360	0.965	30	202346	79555707	79556047	79757768	79758108	347412011	79550000	79800000	0	1781	340	201721	wide
SUPER_3	211256952	211257637	IR	360	.	211257139	0.360	0.962	29	67722	211256952	211257214	211257375	211257637	347412011	211150000	211400000	29	1788	262	161	immediate
SUPER_3	23158710	23164712	IR	360	.	23161377	0.360	0.970	25	5926	23158710	23159007	23164416	23164712	347412011	22950000	23200000	0	3528	296	5409	spaced
SUPER_3	47042819	47082932	IR	360	.	47062566	0.360	0.986	23	40092	47042819	47043029	47082722	47082932	347412011	46850000	47100000	0	3547	210	39693	spaced
SUPER_3	229827026	229829256	IR	360	.	229828141	0.360	0.953	23	2325	229827026	229827233	229829049	229829260	347412011	229800000	230050000	23	468	207	1816	immediate
SUPER_3	895769	908872	IR	360	.	902401	0.360	1.000	21	13059	895769	895815	908826	908872	347412011	700000	950000	215	3371	46	13011	spaced
SUPER_3	119880731	119883925	IR	359	.	119882329	0.359	0.997	217	3621	119880731	119881769	119882888	119883925	347412011	119700000	119950000	217	3038	1037	1119	immediate
SUPER_3	301576204	301595013	IR	359	.	301585733	0.359	0.961	205	19164	301576204	301577327	301593890	301595047	347412011	301350000	301600000	205	3926	1123	16563	spaced
SUPER_3	141605729	141613181	IR	359	.	141609542	0.359	1.000	183	7637	141605729	141606516	141612394	141613181	347412011	141400000	141650000	183	3490	787	5878	spaced
SUPER_3	79385493	79391391	IR	359	.	79387958	0.359	0.991	135	5874	79385493	79386305	79390579	79391392	347412011	79150000	79400000	0	3973	812	4274	spaced
SUPER_3	177911449	177915300	IR	359	.	177913502	0.359	0.994	128	3988	177911449	177912102	177914647	177915300	347412011	177700000	177950000	128	3556	653	2545	spaced
SUPER_3	208656812	208660371	IR	359	.	208659046	0.359	0.972	127	3511	208656812	208658025	208659160	208660371	347412011	208450000	208700000	0	3476	1211	1135	immediate
SUPER_3	339681941	339783886	IR	359	.	339732785	0.359	0.531	91	17020	339681941	339697895	339767932	339783963	347412011	339600000	339850000	91	2215	15954	70037	spaced
SUPER_3	153596184	153611233	IR	359	.	153603492	0.359	0.992	65	15145	153596184	153596552	153610865	153611233	347412011	153400000	153650000	65	3395	368	14313	spaced
SUPER_3	66509061	66747561	IR	359	.	66628466	0.359	0.931	59	238758	66509061	66509670	66746952	66747573	347412011	66500000	66750000	59	2138	609	237282	wide
SUPER_3	109287126	109305129	IR	359	.	109295837	0.359	0.895	46	17975	109287126	109288318	109303952	109305129	347412011	109150000	109400000	0	2435	1177	15634	spaced
SUPER_3	315410595	315587348	IR	359	.	315498490	0.359	0.407	42	137041	315410595	315451179	315546764	315587351	347412011	315350000	315600000	0	2482	40584	95585	spaced
SUPER_3	237126303	237198235	IR	359	.	237161902	0.359	0.411	39	39751	237126303	237158975	237165598	237198235	347412011	236950000	237200000	0	3537	32637	6623	spaced
SUPER_3	236742603	236748594	IR	359	.	236745991	0.359	0.995	37	5968	236742603	236742814	236748383	236748594	347412011	236500000	236750000	0	4093	211	5569	spaced
SUPER_3	274041541	274044310	IR	359	.	274043337	0.359	0.925	37	2752	274041541	274042345	274043506	274044314	347412011	274000000	274250000	0	715	804	1161	immediate
SUPER_3	67446050	67609824	IR	359	.	67528393	0.359	0.911	35	163729	67446050	67446528	67609352	67609824	347412011	67400000	67650000	0	2132	472	162824	wide
SUPER_3	187579460	187602150	IR	359	.	187590360	0.359	0.996	34	22672	187579460	187579685	187601925	187602150	347412011	187400000	187650000	0	3179	225	22240	spaced
SUPER_3	161871837	161873836	IR	359	.	161872834	0.359	0.808	27	2064	161871837	161872338	161873335	161873855	347412011	161650000	161900000	27	3713	501	997	immediate
SUPER_3	155081352	155170241	IR	359	.	155126027	0.359	0.851	24	88909	155081352	155081695	155169898	155170246	347412011	155050000	155300000	24	1263	343	88203	spaced
SUPER_3	166524037	166659100	IR	359	.	166591584	0.359	0.650	23	135391	166524037	166524755	166658495	166659100	347412011	166500000	166750000	23	1526	605	133740	wide
SUPER_3	94653870	94663028	IR	359	.	94658668	0.359	0.962	22	9248	94653870	94654027	94662871	94663028	347412011	94450000	94700000	22	3474	157	8844	spaced
SUPER_3	222322149	222333444	IR	359	.	222328159	0.359	0.894	21	11165	222322149	222322522	222333071	222333454	347412011	222100000	222350000	0	3796	373	10549	spaced
SUPER_3	224235418	224235486	IR	359	.	224235461	0.359	1.000	21	47424	224235418	224235465	224235439	224235486	347412011	224100000	224350000	401	2257	47	-26	overlap
SUPER_3	224235424	224235486	IR	359	.	224235461	0.359	0.907	21	47424	224235424	224235467	224235447	224235486	347412011	224150000	224400000	265	1424	39	-20	overlap
SUPER_3	169243199	169247325	IR	358	.	169245262	0.358	0.974	177	4266	169243199	169244204	169246320	169247327	347412011	169000000	169250000	177	4087	1005	2116	spaced
SUPER_3	132480152	132484549	IR	358	.	132482027	0.358	0.955	137	4375	132480152	132481541	132483160	132484550	347412011	132300000	132550000	0	3039	1389	1619	immediate
SUPER_3	57217205	57219788	IR	358	.	57218498	0.358	0.983	121	2872	57217205	57217952	57219043	57219788	347412011	57000000	57250000	121	3641	745	1091	immediate
SUPER_3	155026353	155031809	IR	358	.	155028823	0.358	0.997	103	5422	155026353	155026956	155031206	155031809	347412011	154800000	155050000	0	3817	603	4250	spaced
SUPER_3	342855219	342880742	IR	358	.	342867631	0.358	0.990	103	25510	342855219	342855818	342880143	342880747	347412011	342650000	342900000	0	3632	599	24325	spaced
SUPER_3	118460032	118482070	IR	358	.	118470632	0.358	0.947	69	22017	118460032	118460931	118481171	118482070	347412011	118400000	118650000	0	1184	899	20240	spaced
SUPER_3	239696549	239698500	IR	358	.	239697526	0.358	0.953	46	3848	239696549	239696838	239698211	239698510	347412011	239500000	239750000	46	3291	289	1373	immediate
SUPER_3	47187723	47190590	IR	358	.	47189495	0.358	0.993	42	2850	47187723	47187993	47190320	47190590	347412011	46950000	47200000	0	3985	270	2327	spaced
SUPER_3	89852514	89875260	IR	358	.	89864246	0.358	0.915	40	22697	89852514	89853332	89874442	89875279	347412011	89800000	90050000	0	1064	818	21110	spaced
SUPER_3	291083098	291199344	IR	358	.	291140913	0.358	0.498	40	116276	291083098	291087423	291195019	291199391	347412011	291000000	291250000	0	2353	4325	107596	wide
SUPER_3	251822338	251825150	IR	358	.	251823692	0.358	0.901	39	2837	251822338	251822705	251824783	251825154	347412011	251600000	251850000	39	3728	367	2078	spaced
SUPER_3	292345641	292360139	IR	358	.	292353047	0.358	0.981	39	14533	292345641	292345857	292359924	292360139	347412011	292150000	292400000	39	3381	215	14067	spaced
SUPER_3	208471141	208511069	IR	358	.	208491004	0.358	0.896	32	39989	208471141	208471541	208510689	208511069	347412011	208350000	208600000	32	2351	380	39148	spaced
SUPER_3	230899613	230947677	IR	358	.	230923512	0.358	0.982	30	48081	230899613	230899778	230947512	230947677	347412011	230700000	230950000	30	3727	165	47734	spaced
SUPER_3	25290020	25298195	IR	358	.	25294251	0.358	0.792	24	8164	25290020	25290309	25297956	25298195	347412011	25050000	25300000	24	4068	239	7647	spaced
SUPER_3	187368869	187376247	IR	358	.	187372296	0.358	0.622	21	7354	187368869	187369550	187375608	187376247	347412011	187150000	187400000	0	3709	639	6058	spaced
SUPER_3	236545791	236582724	IR	358	.	236564512	0.358	0.847	20	36908	236545791	236546505	236582023	236582724	347412011	236400000	236650000	0	2737	701	35518	spaced
SUPER_3	185489056	185494788	IR	357	.	185492087	0.357	0.996	267	46615	185489056	185490398	185493446	185494788	347412011	185300000	185550000	267	3198	1342	3048	spaced
SUPER_3	276160793	276165464	IR	357	.	276163356	0.357	0.946	240	5078	276160793	276161940	276164317	276165505	347412011	276050000	276300000	240	1885	1147	2377	spaced
SUPER_3	156070834	156079795	IR	357	.	156074888	0.357	0.975	215	8934	156070834	156072811	156077819	156079795	347412011	155850000	156100000	0	3755	1976	5008	spaced
SUPER_3	169427317	169430171	IR	357	.	169428744	0.357	0.958	126	2988	169427317	169428195	169429293	169430173	347412011	169300000	169550000	126	2145	878	1098	immediate
SUPER_3	151367882	151495060	IR	357	.	151431600	0.357	0.969	77	127286	151367882	151368364	151494583	151495060	347412011	151250000	151500000	77	3024	477	126219	wide
SUPER_3	143093405	143121092	IR	357	.	143107279	0.357	0.987	70	27745	143093405	143093804	143120694	143121092	347412011	142900000	143150000	71	3454	398	26890	spaced
SUPER_3	467968	630257	IR	357	.	548610	0.357	0.951	69	162268	467968	468678	629547	630263	347412011	400000	650000	0	2485	710	160869	wide
SUPER_3	82461090	82469726	IR	357	.	82465625	0.357	0.996	66	8819	82461090	82461360	82469456	82469727	347412011	82300000	82550000	66	2756	270	8096	spaced
SUPER_3	90535529	90669036	IR	357	.	90602667	0.357	0.947	63	133478	90535529	90536431	90668134	90669036	347412011	90450000	90700000	0	2537	902	131703	wide
SUPER_3	27092763	27095057	IR	357	.	27093910	0.357	0.987	44	2408	27092763	27092986	27094834	27095058	347412011	27000000	27250000	44	1565	223	1848	immediate
SUPER_3	299948753	299966708	IR	357	.	299958179	0.357	0.922	43	17913	299948753	299949651	299965818	299966708	347412011	299750000	300000000	0	3462	890	16167	spaced
SUPER_3	44806569	44834721	IR	357	.	44820824	0.357	0.941	38	28195	44806569	44806962	44834328	44834721	347412011	44750000	45000000	38	1177	393	27366	spaced
SUPER_3	81655140	81849875	IR	357	.	81752618	0.357	0.914	37	194780	81655140	81655527	81849495	81849875	347412011	81600000	81850000	37	2541	380	193968	wide
SUPER_3	86906083	86908455	IR	357	.	86907269	0.357	0.737	35	2489	86906083	86906393	86908145	86908556	347412011	86900000	87150000	35	121	310	1752	immediate
SUPER_3	172321270	172323189	IR	357	.	172322231	0.357	0.965	32	2018	172321270	172321552	172322910	172323189	347412011	172100000	172350000	32	3703	279	1358	immediate
SUPER_3	343655378	343657359	IR	357	.	343656391	0.357	0.511	23	2027	343655378	343656279	343656472	343657359	347412011	343450000	343700000	28	3439	887	193	immediate
SUPER_3	31639287	31669446	IR	357	.	31654221	0.357	0.832	22	30327	31639287	31640290	31668443	31669449	347412011	31550000	31800000	22	1739	1003	28153	spaced
SUPER_3	154087229	154089610	IR	357	.	154088497	0.357	0.733	22	2493	154087229	154087437	154089451	154089610	347412011	153900000	154150000	54	3140	159	2014	spaced
SUPER_3	294363033	294365724	IR	357	.	294364322	0.357	0.835	21	2698	294363033	294363620	294365137	294365724	347412011	294350000	294600000	21	239	587	1517	immediate
SUPER_3	231345204	231354213	IR	356	.	231349751	0.356	0.972	708	11511	231345204	231348394	231351109	231354213	347412011	231200000	231450000	708	2495	3104	2715	spaced
SUPER_3	160738777	160745885	IR	356	.	160742331	0.356	1.000	534	7697	160738777	160741110	160743552	160745885	347412011	160500000	160750000	534	4038	2333	2442	spaced
SUPER_3	146849550	146852149	IR	356	.	146850849	0.356	1.000	208	2801	146849550	146850489	146851210	146852149	347412011	146650000	146900000	208	3347	939	721	immediate
SUPER_3	345830794	345831601	IR	356	.	345831429	0.356	0.984	202	2643	345830794	345831039	345831356	345831601	347412011	345600000	345850000	38	3853	245	317	immediate
SUPER_3	202437038	202441047	IR	356	.	202439086	0.356	0.964	138	4140	202437038	202438227	202439858	202441053	347412011	202300000	202550000	138	2317	1189	1631	immediate
SUPER_3	190601309	190603904	IR	356	.	190602607	0.356	0.996	114	2699	190601309	190601818	190603395	190603905	347412011	190450000	190700000	114	2543	509	1577	immediate
SUPER_3	119233859	119237111	IR	356	.	119235382	0.356	0.963	64	3312	119233859	119234424	119236546	119237112	347412011	119000000	119250000	64	3924	565	2122	spaced
SUPER_3	89990757	89993104	IR	356	.	89991930	0.356	0.994	54	2453	89990757	89991066	89992795	89993104	347412011	89800000	90050000	54	3198	309	1729	immediate
SUPER_3	213412966	213420350	IR	356	.	213417061	0.356	0.956	51	7360	213412966	213413600	213419716	213420350	347412011	213250000	213500000	0	2777	634	6116	spaced
SUPER_3	27323538	27326036	IR	356	.	27324874	0.356	0.992	47	2663	27323538	27323785	27325790	27326036	347412011	27100000	27350000	47	3746	246	2005	spaced
SUPER_3	175878226	175890969	IR	356	.	175884909	0.356	0.982	46	12723	175878226	175878609	175890588	175890969	347412011	175750000	176000000	0	2243	381	11979	spaced
SUPER_3	148948863	148952161	IR	356	.	148950690	0.356	0.985	38	3362	148948863	148949138	148951886	148952161	347412011	148800000	149050000	38	2508	275	2748	spaced
SUPER_3	60440140	60442102	IR	356	.	60441121	0.356	0.828	32	2012	60440140	60440462	60441780	60442143	347412011	60200000	60450000	32	4018	322	1318	immediate
SUPER_3	116624855	116789484	IR	356	.	116707524	0.356	0.818	26	164577	116624855	116624921	116789430	116789484	347412011	116550000	116800000	0	2619	54	164509	wide
SUPER_3	135624458	135832506	IR	356	.	135728261	0.356	0.874	24	208036	135624458	135624787	135832182	135832506	347412011	135600000	135850000	24	2141	324	207395	wide
SUPER_3	158049598	158060886	IR	356	.	158054965	0.356	0.900	24	11234	158049598	158049658	158060832	158060886	347412011	157850000	158100000	0	3420	54	11174	spaced
SUPER_3	192299003	192355387	IR	356	.	192327436	0.356	0.923	24	56328	192299003	192299314	192355090	192355387	347412011	192250000	192500000	0	1286	297	55776	spaced
SUPER_3	248543309	248545368	IR	356	.	248544339	0.356	0.946	24	2133	248543309	248543662	248545015	248545368	347412011	248300000	248550000	24	4072	353	1353	immediate
SUPER_3	44205208	44388932	IR	356	.	44297270	0.356	0.597	22	183728	44205208	44205442	44388798	44388932	347412011	44150000	44400000	22	2451	134	183356	wide
SUPER_3	71576433	71600739	IR	356	.	71589076	0.356	0.970	21	24266	71576433	71576599	71600573	71600739	347412011	71500000	71750000	0	1476	166	23974	spaced
SUPER_3	90316090	90380564	IR	356	.	90348162	0.356	0.945	21	64473	90316090	90316380	90380275	90380564	347412011	90200000	90450000	21	2471	289	63895	spaced
SUPER_3	252112390	252205834	IR	356	.	252158672	0.356	0.904	20	93431	252112390	252112750	252205474	252205848	347412011	252000000	252250000	0	2651	360	92724	spaced
SUPER_3	121333174	121336107	IR	355	.	121334643	0.355	0.972	143	3116	121333174	121334164	121335123	121336107	347412011	121100000	121350000	143	3910	984	959	immediate
SUPER_3	205624030	205627057	IR	355	.	205625646	0.355	0.941	108	3270	205624030	205624753	205626334	205627071	347412011	205450000	205700000	108	2925	723	1581	immediate
SUPER_3	164190277	164196988	IR	355	.	164193521	0.355	0.988	97	6817	164190277	164190709	164196559	164196988	347412011	163950000	164200000	97	4060	429	5850	spaced
SUPER_3	157243109	157247726	IR	355	.	157245396	0.355	0.949	59	4702	157243109	157243459	157247384	157247726	347412011	157000000	157250000	59	4090	342	3925	spaced
SUPER_3	103302308	103305478	IR	355	.	103303893	0.355	0.898	56	3283	103302308	103302901	103304885	103305497	347412011	103300000	103550000	56	64	593	1984	immediate
SUPER_3	237905375	237913356	IR	355	.	237909577	0.355	0.955	53	8014	237905375	237905743	237912988	237913369	347412011	237700000	237950000	53	3489	368	7245	spaced
SUPER_3	102903681	103063994	IR	355	.	102984167	0.355	0.904	49	160278	102903681	102904554	103063146	103063994	347412011	102850000	103100000	0	2230	848	158592	wide
SUPER_3	277158306	277160617	IR	355	.	277159582	0.355	0.984	49	2394	277158306	277158620	277160303	277160617	347412011	276950000	277200000	49	3490	314	1683	immediate
SUPER_3	28003158	28042381	IR	355	.	28023246	0.355	0.643	43	39167	28003158	28003250	28042325	28042381	347412011	27800000	28050000	0	3712	56	39075	spaced
SUPER_3	1918956	2074310	IR	355	.	1996487	0.355	0.953	41	155388	1918956	1919336	2073931	2074310	347412011	1850000	2100000	41	2443	379	154595	wide
SUPER_3	144812279	144814903	IR	355	.	144813982	0.355	0.984	40	2601	144812279	144812597	144814585	144814903	347412011	144800000	145050000	0	226	318	1988	immediate
SUPER_3	185896373	185982065	IR	355	.	185939370	0.355	0.824	40	85754	185896373	185896767	185981717	185982065	347412011	185800000	186050000	40	2320	348	84950	spaced
SUPER_3	163458647	163642668	IR	355	.	163550780	0.355	0.990	32	184025	163458647	163458847	163642469	163642668	347412011	163400000	163650000	32	2510	199	183622	wide
SUPER_3	152851816	152950445	IR	355	.	152901024	0.355	0.957	29	98700	152851816	152852097	152950164	152950446	347412011	152850000	153100000	29	852	281	98067	spaced
SUPER_3	122135935	122136007	IR	355	.	122135959	0.355	1.000	26	17234	122135935	122135986	122135956	122136007	347412011	121950000	122200000	577	3099	51	-30	overlap
SUPER_3	7771268	7964809	IR	355	.	7867951	0.355	0.940	25	193556	7771268	7771550	7964528	7964809	347412011	7750000	8000000	25	1967	281	192978	wide
SUPER_3	73955104	73961849	IR	355	.	73958643	0.355	0.801	21	6817	73955104	73955297	73961656	73961877	347412011	73750000	74000000	50	3474	193	6359	spaced
SUPER_3	245286767	245298929	IR	355	.	245292844	0.355	0.931	21	12165	245286767	245286956	245298744	245298929	347412011	245050000	245300000	21	4047	185	11788	spaced
SUPER_3	241513880	241529504	IR	354	.	241521655	0.354	0.962	436	16357	241513880	241516793	241526613	241529504	347412011	241300000	241550000	436	3694	2891	9820	spaced
SUPER_3	221106880	221117213	IR	354	.	221112408	0.354	0.969	213	10192	221106880	221108939	221115156	221117213	347412011	220950000	221200000	0	2700	2057	6217	spaced
SUPER_3	233464674	233544236	IR	354	.	233504212	0.354	0.954	194	79752	233464674	233466460	233542462	233544236	347412011	233300000	233550000	106	3407	1774	76002	spaced
SUPER_3	283708690	283733980	IR	354	.	283721481	0.354	0.923	178	25712	283708690	283711031	283731664	283733980	347412011	283550000	283800000	178	2855	2316	20633	spaced
SUPER_3	169295548	169308974	IR	354	.	169302481	0.354	0.995	171	13573	169295548	169296340	169308182	169308974	347412011	169100000	169350000	171	3370	792	11842	spaced
SUPER_3	172076910	172231030	IR	354	.	172153560	0.354	0.985	167	154095	172076910	172078096	172229850	172231030	347412011	172000000	172250000	0	2566	1180	151754	wide
SUPER_3	251307884	251311025	IR	354	.	251309449	0.354	0.999	155	3302	251307884	251308582	251310327	251311025	347412011	251100000	251350000	155	3490	698	1745	immediate
SUPER_3	76828562	76831519	IR	354	.	76829983	0.354	0.979	119	3142	76828562	76829335	76830750	76831519	347412011	76600000	76850000	121	3833	769	1415	immediate
SUPER_3	109088384	109161344	IR	354	.	109125088	0.354	0.988	115	73585	109088384	109088947	109160782	109161344	347412011	109000000	109250000	98	2080	562	71835	spaced
SUPER_3	87595419	87599510	IR	354	.	87597016	0.354	0.985	90	4070	87595419	87596077	87598852	87599513	347412011	87400000	87650000	0	3290	658	2775	spaced
SUPER_3	74016257	74075394	IR	354	.	74045956	0.354	0.957	78	59249	74016257	74016994	74074661	74075394	347412011	73850000	74100000	78	3263	733	57667	spaced
SUPER_3	156306636	156362684	IR	354	.	156334640	0.354	0.962	71	56178	156306636	156307207	156362116	156362684	347412011	156150000	156400000	71	3077	568	54909	spaced
SUPER_3	34006376	34093019	IR	354	.	34050100	0.354	0.985	59	86623	34006376	34006782	34092613	34093019	347412011	33850000	34100000	0	3328	406	85831	spaced
SUPER_3	24551557	24612488	IR	354	.	24582021	0.354	0.774	56	61007	24551557	24552204	24611841	24612526	347412011	24450000	24700000	57	2200	647	59637	spaced
SUPER_3	83450798	83642682	IR	354	.	83546355	0.354	0.379	51	191857	83450798	83450868	83642612	83642765	347412011	83450000	83700000	0	1612	70	191744	wide
SUPER_3	9124911	9163702	IR	354	.	9144267	0.354	0.928	35	183603	9124911	9125444	9163169	9163709	347412011	9050000	9300000	35	1571	533	37725	spaced
SUPER_3	120553423	120635807	IR	354	.	120594201	0.354	0.956	34	82356	120553423	120553947	120635283	120635807	347412011	120400000	120650000	0	3243	524	81336	spaced
SUPER_3	341965877	342110649	IR	354	.	342038383	0.354	0.927	33	144809	341965877	341966105	342110421	342110653	347412011	341900000	342150000	33	2304	228	144316	wide
SUPER_3	165969315	165988006	IR	354	.	165978211	0.354	0.912	32	18670	165969315	165969951	165987379	165988006	347412011	165850000	166100000	0	2144	627	17428	spaced
SUPER_3	64863749	64866308	IR	354	.	64865386	0.354	0.538	24	2534	64863749	64864699	64865390	64866308	347412011	64650000	64900000	0	3583	918	691	immediate
SUPER_3	37006262	37041729	IR	354	.	37023748	0.354	1.000	21	37910	37006262	37006279	37041712	37041729	347412011	36950000	37200000	1	1233	17	35433	spaced
SUPER_3	242568482	242752353	IR	354	.	242659935	0.354	0.950	21	183850	242568482	242568720	242752115	242752354	347412011	242550000	242800000	0	1840	238	183395	wide
SUPER_3	276764029	276835960	IR	354	.	276799527	0.354	0.943	20	71882	276764029	276764307	276835682	276835964	347412011	276600000	276850000	0	3333	278	71375	spaced
SUPER_3	95223851	95242896	IR	353	.	95233400	0.353	0.976	564	19915	95223851	95226909	95239838	95242940	347412011	95000000	95250000	569	3889	3058	12929	spaced
SUPER_3	316820372	316828407	IR	353	.	316824846	0.353	0.986	497	8015	316820372	316822977	316825836	316828407	347412011	316600000	316850000	0	3739	2571	2859	spaced
SUPER_3	233903399	233918770	IR	353	.	233911569	0.353	0.985	446	15349	233903399	233906053	233916155	233918770	347412011	233750000	234000000	0	2684	2615	10102	spaced
SUPER_3	230684290	230720573	IR	353	.	230702344	0.353	0.966	399	37174	230684290	230687035	230717828	230720603	347412011	230550000	230800000	399	2540	2745	30793	spaced
SUPER_3	175558177	175564806	IR	353	.	175561058	0.353	0.992	240	6606	175558177	175559733	175563250	175564806	347412011	175350000	175600000	0	3524	1556	3517	spaced
SUPER_3	58802575	58812906	IR	353	.	58808156	0.353	0.727	204	10341	58802575	58806434	58809047	58812946	347412011	58700000	58950000	0	1795	3859	2613	spaced
SUPER_3	115505312	115507759	IR	353	.	115507024	0.353	0.999	195	2428	115505312	115506499	115506572	115507759	347412011	115400000	115650000	0	1775	1187	73	immediate
SUPER_3	61799647	61803904	IR	353	.	61801803	0.353	0.952	153	5162	61799647	61800773	61802783	61803904	347412011	61650000	61900000	153	2529	1121	2010	spaced
SUPER_3	281359823	281434225	IR	353	.	281397257	0.353	0.993	147	74375	281359823	281360778	281433270	281434225	347412011	281250000	281500000	0	2450	955	72492	spaced
SUPER_3	178721721	178725455	IR	353	.	178723183	0.353	0.912	146	3713	178721721	178723052	178724133	178725455	347412011	178500000	178750000	0	3726	1322	1081	immediate
SUPER_3	9016841	9030034	IR	353	.	9022962	0.353	0.509	145	13224	9016841	9023427	9023448	9030086	347412011	8900000	9150000	0	2057	6586	21	immediate
SUPER_3	152186408	152188319	IR	353	.	152187365	0.353	0.982	141	2043	152186408	152187071	152187656	152188331	347412011	152000000	152250000	141	3122	663	585	immediate
SUPER_3	309177564	309192558	IR	353	.	309185169	0.353	0.890	88	15261	309177564	309178713	309191409	309192573	347412011	308950000	309200000	88	3917	1149	12696	spaced
SUPER_3	338188829	338201067	IR	353	.	338194833	0.353	0.826	76	12549	338188829	338190225	338199790	338201067	347412011	338050000	338300000	76	2415	1277	9565	spaced
SUPER_3	161511524	161514172	IR	353	.	161512997	0.353	0.949	70	2759	161511524	161512132	161513569	161514172	347412011	161300000	161550000	70	3547	603	1437	immediate
SUPER_3	240735408	240944950	IR	353	.	240840244	0.353	0.931	58	209576	240735408	240736249	240944119	240944950	347412011	240700000	240950000	58	2336	831	207870	wide
SUPER_3	98959998	99048996	IR	353	.	99004034	0.353	0.858	56	88970	98959998	98961695	99047361	99048996	347412011	98800000	99050000	0	3408	1635	85666	spaced
SUPER_3	209878668	209880681	IR	353	.	209879674	0.353	0.970	51	2047	209878668	209879040	209880309	209880681	347412011	209650000	209900000	51	3827	372	1269	immediate
SUPER_3	112816064	112938245	IR	353	.	112877055	0.353	0.913	50	122181	112816064	112816378	112937941	112938245	347412011	112750000	113000000	54	2119	304	121563	wide
SUPER_3	28490914	28563500	IR	353	.	28526804	0.353	0.987	47	72560	28490914	28491220	28563195	28563500	347412011	28350000	28600000	0	2953	305	71975	spaced
SUPER_3	126083019	126102741	IR	353	.	126092946	0.353	0.952	46	19748	126083019	126083263	126102501	126102741	347412011	125900000	126150000	46	3214	240	19238	spaced
SUPER_3	289974522	290101175	IR	353	.	290037439	0.353	0.682	41	126593	289974522	289974582	290101115	290101203	347412011	289900000	290150000	0	2297	60	126533	wide
SUPER_3	176323846	176441476	IR	353	.	176383132	0.353	0.967	38	117610	176323846	176324267	176441057	176441476	347412011	176200000	176450000	0	3044	419	116790	wide
SUPER_3	124530855	124682997	IR	353	.	124606834	0.353	0.914	37	152194	124530855	124531486	124682376	124682997	347412011	124450000	124700000	37	2615	621	150890	wide
SUPER_3	1741878	1776621	IR	353	.	1759423	0.353	1.000	27	34752	1741878	1741989	1776510	1776621	347412011	1600000	1850000	27	2654	111	34521	spaced
SUPER_3	346532434	346534787	IR	353	.	346533640	0.353	0.523	26	2403	346532434	346533529	346533720	346534787	347412011	346450000	346700000	28	1393	1067	191	immediate
SUPER_3	150781643	150786072	IR	353	.	150784002	0.353	0.957	25	4426	150781643	150781850	150785867	150786072	347412011	150700000	150950000	25	1397	205	4017	spaced
SUPER_3	176787628	176930120	IR	353	.	176859074	0.353	0.994	25	142512	176787628	176787784	176929964	176930120	347412011	176700000	176950000	25	2647	156	142180	wide
SUPER_3	195499866	195503052	IR	353	.	195501549	0.353	0.909	25	3176	195499866	195500153	195502765	195503053	347412011	195300000	195550000	25	3357	287	2612	spaced
SUPER_3	223384037	223496466	IR	353	.	223440135	0.353	0.562	24	112403	223384037	223384093	223496434	223496466	347412011	223350000	223600000	63	1504	32	112341	wide
SUPER_3	315859066	315912737	IR	353	.	315885482	0.353	0.401	21	53667	315859066	315885895	315885908	315912752	347412011	315700000	315950000	0	3098	26829	13	immediate
SUPER_3	224415766	224415822	IR	353	.	224415769	0.353	0.854	20	13273	224415766	224415807	224415787	224415822	347412011	224250000	224500000	227	2763	35	-20	overlap
SUPER_3	298004694	298014811	IR	352	.	298009253	0.352	0.999	658	10086	298004694	298008342	298011163	298014812	347412011	297800000	298050000	0	3495	3648	2821	spaced
SUPER_3	18919008	18934616	IR	352	.	18926719	0.352	0.977	214	15907	18919008	18920512	18933112	18934622	347412011	18700000	18950000	214	3780	1504	12600	spaced
SUPER_3	159681722	159739272	IR	352	.	159710134	0.352	0.996	213	57532	159681722	159682996	159737998	159739273	347412011	159500000	159750000	0	3508	1274	55002	spaced
SUPER_3	247354157	247366808	IR	352	.	247360397	0.352	0.995	175	12838	247354157	247354997	247365968	247366808	347412011	247150000	247400000	175	3507	840	10971	spaced
SUPER_3	86051177	86060707	IR	352	.	86055771	0.352	0.948	103	9740	86051177	86052825	86059059	86060709	347412011	85850000	86100000	103	3432	1648	6234	spaced
SUPER_3	193702773	193711044	IR	352	.	193706998	0.352	1.000	94	8345	193702773	193703249	193710568	193711044	347412011	193500000	193750000	94	3448	476	7319	spaced
SUPER_3	31081030	31083237	IR	352	.	31082151	0.352	1.000	83	2248	31081030	31081435	31082832	31083237	347412011	30850000	31100000	83	3868	405	1397	immediate
SUPER_3	333969055	333979022	IR	352	.	333973662	0.352	0.954	76	9947	333969055	333969969	333978108	333979024	347412011	333750000	334000000	0	3733	914	8139	spaced
SUPER_3	239694139	239695086	IR	352	.	239694750	0.352	0.997	74	42854	239694139	239694476	239694749	239695086	347412011	239500000	239750000	74	3243	337	273	immediate
SUPER_3	112505420	112510274	IR	352	.	112507397	0.352	0.893	67	4853	112505420	112506627	112509067	112510323	347412011	112400000	112650000	0	1797	1207	2440	spaced
SUPER_3	208126063	208136713	IR	352	.	208131124	0.352	0.967	67	10623	208126063	208126728	208136050	208136713	347412011	207900000	208150000	0	3856	663	9322	spaced
SUPER_3	139335999	139523828	IR	352	.	139429770	0.352	0.965	63	188189	139335999	139336520	139523312	139523828	347412011	139300000	139550000	63	2165	516	186792	wide
SUPER_3	207783217	207972849	IR	352	.	207878201	0.352	0.994	61	189683	207783217	207783568	207972498	207972849	347412011	207750000	208000000	61	2133	351	188930	wide
SUPER_3	333505492	333724125	IR	352	.	333615086	0.352	0.954	61	218610	333505492	333506398	333723219	333724125	347412011	333500000	333750000	0	1913	906	216821	wide
SUPER_3	110213590	110217327	IR	352	.	110214965	0.352	0.977	51	3719	110213590	110213983	110216938	110217327	347412011	110000000	110250000	0	3590	389	2955	spaced
SUPER_3	45915771	45972572	IR	352	.	45943943	0.352	0.733	49	57215	45915771	45916540	45971834	45972572	347412011	45800000	46050000	53	2402	738	55294	spaced
SUPER_3	210997118	211000463	IR	352	.	210998936	0.352	0.962	49	3400	210997118	210997512	211000069	211000466	347412011	210850000	211100000	49	2479	394	2557	spaced
SUPER_3	256990695	256990769	IR	352	.	256990759	0.352	0.790	40	37041	256990695	256990744	256990720	256990782	347412011	256800000	257050000	819	3178	49	-24	overlap
SUPER_3	256990697	256990788	IR	352	.	256990759	0.352	0.926	40	37041	256990697	256990760	256990725	256990793	347412011	256850000	257100000	1369	2345	63	-35	overlap
SUPER_3	256990703	256990797	IR	352	.	256990759	0.352	0.910	40	37041	256990703	256990770	256990736	256990797	347412011	256900000	257150000	1312	1512	61	-34	overlap
SUPER_3	256990695	256990769	IR	352	.	256990759	0.352	0.790	40	37041	256990695	256990744	256990720	256990782	347412011	256950000	257200000	819	678	49	-24	overlap
SUPER_3	328113217	328115319	IR	352	.	328114272	0.352	0.944	40	2144	328113217	328113540	328115007	328115319	347412011	328000000	328250000	40	1904	312	1467	immediate
SUPER_3	304999117	304999197	IR	352	.	304999154	0.352	0.836	36	86709	304999117	304999172	304999151	304999197	347412011	304800000	305050000	564	3319	46	-21	overlap
SUPER_3	85270054	85272845	IR	352	.	85271712	0.352	0.950	35	2772	85270054	85270411	85272488	85272846	347412011	85050000	85300000	0	3690	357	2077	spaced
SUPER_3	269166974	269280792	IR	352	.	269223819	0.352	0.951	23	113893	269166974	269167258	269280509	269280792	347412011	269050000	269300000	23	2897	283	113251	wide
SUPER_3	278891476	278902362	IR	352	.	278896981	0.352	0.983	22	10891	278891476	278891648	278902190	278902362	347412011	278850000	279100000	22	781	172	10542	spaced
SUPER_3	297683958	297734473	IR	351	.	297709398	0.351	0.807	328	53604	297683958	297692425	297726006	297734577	347412011	297600000	297850000	328	1820	8467	33581	spaced
SUPER_3	181251198	181359687	IR	351	.	181305791	0.351	0.409	285	61247	181251198	181300084	181310873	181359687	347412011	181200000	181450000	0	1757	48814	10789	spaced
SUPER_3	57813427	57936260	IR	351	.	57874483	0.351	0.979	224	122818	57813427	57815271	57934416	57936263	347412011	57700000	57950000	0	2913	1844	119145	wide
SUPER_3	126724120	126834338	IR	351	.	126778734	0.351	0.890	180	110194	126724120	126725481	126833051	126834338	347412011	126700000	126950000	0	1320	1287	107570	wide
SUPER_3	136271861	136419210	IR	351	.	136345794	0.351	0.979	123	147331	136271861	136272818	136418253	136419211	347412011	136200000	136450000	0	2425	957	145435	wide
SUPER_3	126597408	126600935	IR	351	.	126598939	0.351	0.965	115	3630	126597408	126598160	126600183	126600935	347412011	126400000	126650000	115	3319	752	2023	spaced
SUPER_3	229516456	229521603	IR	351	.	229519021	0.351	0.992	101	5331	229516456	229516981	229521078	229521603	347412011	229300000	229550000	101	3650	525	4097	spaced
SUPER_3	83411424	83425101	IR	351	.	83418593	0.351	0.971	98	13658	83411424	83412326	83424199	83425101	347412011	83250000	83500000	0	2804	902	11873	spaced
SUPER_3	331266761	331477734	IR	351	.	331372681	0.351	0.890	88	210951	331266761	331267668	331476904	331477734	347412011	331250000	331500000	0	2037	830	209236	wide
SUPER_3	5838324	5989360	IR	351	.	5913427	0.351	0.937	77	151045	5838324	5839100	5988584	5989386	347412011	5750000	6000000	0	2730	776	149484	wide
SUPER_3	223664747	223894463	IR	351	.	223779876	0.351	1.000	74	229693	223664747	223665177	223894033	223894463	347412011	223650000	223900000	0	2159	430	228856	wide
SUPER_3	14815739	14874950	IR	351	.	14844950	0.351	0.913	70	59207	14815739	14816695	14873994	14874963	347412011	14650000	14900000	0	3255	956	57299	spaced
SUPER_3	93064403	93232290	IR	351	.	93148136	0.351	0.938	69	168111	93064403	93065094	93231599	93232291	347412011	93000000	93250000	69	2472	691	166505	wide
SUPER_3	232726551	232774819	IR	351	.	232750621	0.351	0.990	69	48335	232726551	232726957	232774413	232774819	347412011	232550000	232800000	69	3344	406	47456	spaced
SUPER_3	173087532	173096992	IR	351	.	173092259	0.351	0.946	68	9749	173087532	173088226	173096298	173096996	347412011	172850000	173100000	68	4037	694	8072	spaced
SUPER_3	245891706	245903336	IR	351	.	245897027	0.351	0.963	68	11608	245891706	245892116	245902940	245903336	347412011	245700000	245950000	0	3291	396	10824	spaced
SUPER_3	107495121	107641450	IR	351	.	107568392	0.351	0.827	66	146961	107495121	107496177	107640394	107641552	347412011	107400000	107650000	66	2804	1056	144217	wide
SUPER_3	244867328	244903590	IR	351	.	244885326	0.351	0.962	64	36349	244867328	244867989	244902929	244903591	347412011	244700000	244950000	64	3090	661	34940	spaced
SUPER_3	161962664	162094448	IR	351	.	162029045	0.351	0.283	44	131742	161962664	161962772	162094402	162094448	347412011	161900000	162150000	0	2142	46	131630	wide
SUPER_3	306095857	306124030	IR	351	.	306109668	0.351	0.801	39	27841	306095857	306097239	306122733	306124030	347412011	306000000	306250000	0	1832	1297	25494	spaced
SUPER_3	130344241	130408341	IR	351	.	130376593	0.351	0.398	37	64081	130344241	130373301	130379308	130408341	347412011	130300000	130550000	0	1271	29033	6007	spaced
SUPER_3	50057066	50165394	IR	351	.	50111563	0.351	0.940	36	108307	50057066	50057314	50165159	50165394	347412011	50050000	50300000	0	1020	235	107845	wide
SUPER_3	164086444	164091542	IR	351	.	164088564	0.351	0.804	36	5060	164086444	164086518	164091468	164091560	347412011	163850000	164100000	0	3983	74	4950	spaced
SUPER_3	126337427	126339529	IR	351	.	126338478	0.351	0.944	33	2187	126337427	126337706	126339250	126339535	347412011	126200000	126450000	33	2307	279	1544	immediate
SUPER_3	186719175	186925304	IR	351	.	186822031	0.351	0.885	32	206144	186719175	186720045	186924439	186925304	347412011	186700000	186950000	32	2037	865	204394	wide
SUPER_3	207321417	207427690	IR	351	.	207374468	0.351	0.808	31	106305	207321417	207321738	207427369	207427708	347412011	207200000	207450000	31	2909	321	105631	wide
SUPER_3	204734589	204739876	IR	351	.	204737588	0.351	0.809	30	5333	204734589	204734903	204739562	204739939	347412011	204700000	204950000	0	620	314	4659	spaced
SUPER_3	178297615	178301750	IR	351	.	178299594	0.351	0.633	29	4091	178297615	178297653	178301712	178301772	347412011	178150000	178400000	259	2494	38	4059	spaced
SUPER_3	61055624	61171736	IR	351	.	61113841	0.351	0.934	28	116166	61055624	61056195	61171165	61171736	347412011	61000000	61250000	28	1894	571	114970	wide
SUPER_3	171399359	171422372	IR	351	.	171410640	0.351	0.927	28	23087	171399359	171399958	171421773	171422373	347412011	171200000	171450000	28	3514	599	21815	spaced
SUPER_3	100171481	100209758	IR	351	.	100190498	0.351	0.994	27	38294	100171481	100171643	100209596	100209758	347412011	100050000	100300000	27	2343	162	37953	spaced
SUPER_3	253722419	253865880	IR	351	.	253794399	0.351	0.420	27	143433	253722419	253732097	253856206	253865880	347412011	253650000	253900000	0	2402	9674	124109	wide
SUPER_3	196458760	196517674	IR	351	.	196487742	0.351	0.714	26	58895	196458760	196458830	196517624	196517674	347412011	196300000	196550000	0	3136	50	58794	spaced
SUPER_3	241231862	241233864	IR	351	.	241232865	0.351	0.980	25	2007	241231862	241232008	241233718	241233865	347412011	241050000	241300000	25	3047	146	1710	immediate
SUPER_3	113091520	113100067	IR	351	.	113095904	0.351	0.992	21	8563	113091520	113091644	113099943	113100067	347412011	113000000	113250000	21	1596	124	8299	spaced
SUPER_3	125273665	125335434	IR	351	.	125304240	0.351	0.917	21	61750	125273665	125274226	125334875	125335434	347412011	125250000	125500000	0	909	559	60649	spaced
SUPER_3	20169149	20192306	IR	350	.	20180225	0.350	0.903	430	23032	20169149	20176752	20184703	20192322	347412011	19950000	20200000	0	3845	7603	7951	spaced
SUPER_3	229678173	229690079	IR	350	.	229684428	0.350	0.912	198	11896	229678173	229680591	229687661	229690105	347412011	229500000	229750000	0	3068	2418	7070	spaced
SUPER_3	235258616	235416687	IR	350	.	235337300	0.350	0.902	183	158052	235258616	235260571	235414794	235416687	347412011	235200000	235450000	0	2294	1893	154223	wide
SUPER_3	243999961	244003151	IR	350	.	244001107	0.350	0.994	176	3161	243999961	244001050	244002063	244003151	347412011	243850000	244100000	0	2525	1088	1013	immediate
SUPER_3	87720798	87722997	IR	350	.	87721898	0.350	0.995	128	2375	87720798	87721366	87722429	87722998	347412011	87500000	87750000	128	3698	568	1063	immediate
SUPER_3	253458687	253460934	IR	350	.	253459813	0.350	0.976	122	2375	253458687	253459430	253460195	253460934	347412011	253250000	253500000	122	3496	739	765	immediate
SUPER_3	234086478	234091221	IR	350	.	234088531	0.350	0.966	101	4674	234086478	234087519	234090180	234091222	347412011	233900000	234150000	0	3147	1041	2661	spaced
SUPER_3	245014251	245154935	IR	350	.	245084601	0.350	0.972	90	140855	245014251	245014825	245154363	245154935	347412011	244950000	245200000	90	2243	572	139538	wide
SUPER_3	212093973	212104890	IR	350	.	212099107	0.350	0.903	87	10909	212093973	212095627	212103236	212104928	347412011	211950000	212200000	0	2490	1654	7609	spaced
SUPER_3	272235958	272237527	IR	350	.	272236742	0.350	0.997	87	69669	272235958	272236349	272237136	272237527	347412011	272100000	272350000	87	2278	391	787	immediate
SUPER_3	238186167	238194592	IR	350	.	238190859	0.350	0.949	78	8395	238186167	238187067	238193692	238194593	347412011	237950000	238200000	0	4006	900	6625	spaced
SUPER_3	54011793	54013914	IR	350	.	54012854	0.350	0.973	42	2143	54011793	54012084	54013623	54013916	347412011	53800000	54050000	42	3547	291	1539	immediate
SUPER_3	58891685	58906869	IR	350	.	58899086	0.350	0.857	40	15152	58891685	58891733	58906821	58906877	347412011	58700000	58950000	586	3321	48	15088	spaced
SUPER_3	16046314	16178892	IR	350	.	16112934	0.350	0.858	38	132551	16046314	16047120	16178086	16178892	347412011	15950000	16200000	0	2709	806	130966	wide
SUPER_3	208894549	208912845	IR	350	.	208903339	0.350	0.826	36	18221	208894549	208894913	208912485	208912845	347412011	208700000	208950000	0	3394	360	17572	spaced
SUPER_3	143399959	143598763	IR	350	.	143498970	0.350	0.921	34	198779	143399959	143400564	143598162	143598763	347412011	143350000	143600000	0	2489	601	197598	wide
SUPER_3	149750064	149760810	IR	350	.	149755550	0.350	0.989	33	10741	149750064	149750254	149760620	149760810	347412011	149550000	149800000	33	3423	190	10366	spaced
SUPER_3	189535732	189651584	IR	350	.	189593695	0.350	0.889	33	115818	189535732	189535786	189651536	189651584	347412011	189450000	189700000	477	2394	48	115750	wide
SUPER_3	35127173	35276036	IR	350	.	35201178	0.350	0.975	32	148846	35127173	35127411	35275798	35276036	347412011	35050000	35300000	0	2526	238	148387	wide
SUPER_3	62219641	62225983	IR	350	.	62222768	0.350	0.960	32	6346	62219641	62219964	62225664	62225983	347412011	62000000	62250000	32	3713	319	5700	spaced
SUPER_3	198625377	198742859	IR	350	.	198684578	0.350	0.800	29	117529	198625377	198625749	198742487	198742933	347412011	198550000	198800000	0	2235	372	116738	wide
SUPER_3	52148931	52321690	IR	350	.	52235054	0.350	0.921	28	172739	52148931	52149334	52321298	52321690	347412011	52100000	52350000	0	2255	392	171964	wide
SUPER_3	192170679	192238151	IR	350	.	192204086	0.350	0.914	27	67450	192170679	192171345	192237485	192238158	347412011	192000000	192250000	0	3406	666	66140	spaced
SUPER_3	23272446	23475823	IR	350	.	23373847	0.350	0.952	26	203360	23272446	23272797	23475472	23475823	347412011	23250000	23500000	0	2068	351	202675	wide
SUPER_3	168836845	168838871	IR	350	.	168838292	0.350	0.990	25	2008	168836845	168837045	168838671	168838872	347412011	168600000	168850000	0	3964	200	1626	immediate
SUPER_3	222593407	222623599	IR	350	.	222608993	0.350	1.000	25	30175	222593407	222593554	222623452	222623599	347412011	222400000	222650000	0	3474	147	29898	spaced
SUPER_3	74471221	74479801	IR	350	.	74475504	0.350	0.891	21	8695	74471221	74471673	74479349	74479802	347412011	74250000	74500000	21	3758	452	7676	spaced
SUPER_3	167451333	167453404	IR	350	.	167452051	0.350	0.993	21	2021	167451333	167451482	167453255	167453404	347412011	167250000	167500000	0	3372	149	1773	immediate
SUPER_3	144440820	144489092	IR	349	.	144464791	0.349	0.985	422	48660	144440820	144442906	144487006	144489097	347412011	144250000	144500000	422	3582	2086	44100	spaced
SUPER_3	278802867	278823602	IR	349	.	278813682	0.349	0.945	257	20686	278802867	278804619	278821892	278823602	347412011	278650000	278900000	0	2720	1710	17273	spaced
SUPER_3	118848767	118875513	IR	349	.	118861682	0.349	0.935	136	26720	118848767	118850599	118873699	118875513	347412011	118650000	118900000	0	3535	1814	23100	spaced
SUPER_3	261359656	261376230	IR	349	.	261367999	0.349	1.000	132	16713	261359656	261360235	261375651	261376230	347412011	261200000	261450000	132	2798	579	15416	spaced
SUPER_3	184792876	184799333	IR	349	.	184796001	0.349	0.987	129	6634	184792876	184793635	184798574	184799333	347412011	184550000	184800000	129	4101	759	4939	spaced
SUPER_3	268129212	268247617	IR	349	.	268188778	0.349	0.405	111	99507	268129212	268149030	268227799	268247665	347412011	268000000	268250000	0	3140	19818	78769	spaced
SUPER_3	246663956	246669151	IR	349	.	246666400	0.349	0.946	85	5325	246663956	246664669	246668439	246669151	347412011	246450000	246700000	85	3609	712	3770	spaced
SUPER_3	120505278	120521139	IR	349	.	120513405	0.349	0.839	71	15984	120505278	120505744	120520673	120521220	347412011	120350000	120600000	71	2720	466	14929	spaced
SUPER_3	10320432	10334094	IR	349	.	10327493	0.349	0.897	69	14073	10320432	10322111	10332433	10334094	347412011	10100000	10350000	68	3787	1661	10322	spaced
SUPER_3	235834311	235839437	IR	349	.	235836631	0.349	1.000	69	5172	235834311	235834636	235839112	235839437	347412011	235650000	235900000	69	3114	325	4476	spaced
SUPER_3	221932189	221938511	IR	349	.	221935531	0.349	0.911	68	6633	221932189	221932878	221937822	221938531	347412011	221700000	221950000	68	3922	689	4944	spaced
SUPER_3	310986248	311077741	IR	349	.	311031605	0.349	0.961	67	91470	310986248	310987154	311076835	311077741	347412011	310850000	311100000	0	3033	906	89681	spaced
SUPER_3	149787230	149846510	IR	349	.	149816524	0.349	0.977	64	59255	149787230	149787830	149845910	149846510	347412011	149600000	149850000	0	3614	600	58080	spaced
SUPER_3	150667297	150674703	IR	349	.	150670589	0.349	0.935	64	7380	150667297	150668092	150673909	150674703	347412011	150450000	150700000	0	3683	794	5817	spaced
SUPER_3	213036461	213078629	IR	349	.	213057452	0.349	0.400	60	42508	213036461	213057565	213057547	213078629	347412011	212900000	213150000	214	2625	21082	-18	overlap
SUPER_3	315168055	315313277	IR	349	.	315240305	0.349	0.936	60	145208	315168055	315168956	315312376	315313284	347412011	315100000	315350000	0	2344	901	143420	wide
SUPER_3	157938027	158010748	IR	349	.	157974300	0.349	0.932	59	72764	157938027	157938710	158010068	158010748	347412011	157800000	158050000	59	2906	680	71358	spaced
SUPER_3	235013805	235023415	IR	349	.	235018179	0.349	0.981	59	9581	235013805	235014171	235023050	235023415	347412011	234800000	235050000	0	3643	365	8879	spaced
SUPER_3	260119659	260227095	IR	349	.	260172997	0.349	0.936	58	107408	260119659	260120560	260226194	260227098	347412011	260000000	260250000	0	2889	901	105634	wide
SUPER_3	215913755	215933204	IR	349	.	215923297	0.349	1.000	57	19521	215913755	215913986	215932973	215933204	347412011	215700000	215950000	57	3724	231	18987	spaced
SUPER_3	94433035	94532332	IR	349	.	94482239	0.349	0.897	54	99312	94433035	94433495	94531872	94532375	347412011	94300000	94550000	0	3044	460	98377	spaced
SUPER_3	143815046	143949579	IR	349	.	143882244	0.349	0.978	53	134596	143815046	143815415	143949210	143949579	347412011	143700000	143950000	53	3038	369	133795	wide
SUPER_3	159305199	159313232	IR	349	.	159309110	0.349	0.986	52	8066	159305199	159305495	159312939	159313232	347412011	159150000	159400000	52	2653	293	7444	spaced
SUPER_3	293037325	293146364	IR	349	.	293091984	0.349	0.902	46	109076	293037325	293038083	293145617	293146364	347412011	292900000	293150000	47	3197	747	107534	wide
SUPER_3	263188085	263191844	IR	349	.	263189760	0.349	0.901	42	3903	263188085	263188623	263191321	263191844	347412011	262950000	263200000	42	3999	523	2698	spaced
SUPER_3	101298366	101449272	IR	349	.	101373923	0.349	0.873	39	151024	101298366	101298931	101448746	101449272	347412011	101250000	101500000	39	2063	526	149815	wide
SUPER_3	73908261	73914730	IR	349	.	73911789	0.349	0.967	38	6453	73908261	73908620	73914371	73914732	347412011	73700000	73950000	0	3524	359	5751	spaced
SUPER_3	95068751	95071423	IR	349	.	95070473	0.349	1.000	38	2635	95068751	95068950	95071224	95071423	347412011	94850000	95100000	0	3667	199	2274	spaced
SUPER_3	102076178	102204537	IR	349	.	102140525	0.349	0.965	38	128390	102076178	102076431	102204284	102204538	347412011	102050000	102300000	38	1505	253	127853	wide
SUPER_3	252368126	252370325	IR	349	.	252369279	0.349	0.952	37	2217	252368126	252368606	252369845	252370325	347412011	252150000	252400000	37	3653	480	1239	immediate
SUPER_3	77092934	77277375	IR	349	.	77185107	0.349	0.839	36	184461	77092934	77093491	77276818	77277377	347412011	77050000	77300000	36	2252	557	183327	wide
SUPER_3	94851182	94851250	IR	349	.	94851224	0.349	0.849	32	59050	94851182	94851227	94851205	94851258	347412011	94750000	95000000	497	1686	45	-22	overlap
SUPER_3	263128819	263157954	IR	349	.	263143758	0.349	0.708	30	29183	263128819	263129552	263157221	263158031	347412011	263050000	263300000	0	1556	733	27669	spaced
SUPER_3	173851134	173854730	IR	349	.	173853073	0.349	0.986	29	3604	173851134	173851279	173854585	173854730	347412011	173700000	173950000	29	2548	145	3306	spaced
SUPER_3	12457793	12646220	IR	349	.	12552446	0.349	0.923	27	188388	12457793	12458154	12645859	12646221	347412011	12450000	12700000	0	1699	361	187705	wide
SUPER_3	88685820	88705120	IR	349	.	88695959	0.349	0.670	27	19262	88685820	88685914	88705056	88705120	347412011	88600000	88850000	0	1591	64	19142	spaced
SUPER_3	124685550	124785144	IR	349	.	124734870	0.349	0.972	25	99569	124685550	124685801	124784893	124785144	347412011	124600000	124850000	0	2255	251	99092	spaced
SUPER_3	30394459	30396571	IR	349	.	30395009	0.349	0.774	22	2066	30394459	30394507	30396523	30396585	347412011	30150000	30400000	0	4091	48	2016	spaced
SUPER_3	228702883	228787703	IR	349	.	228745363	0.349	0.647	21	84802	228702883	228702937	228787669	228787703	347412011	228600000	228850000	81	2421	34	84732	spaced
SUPER_3	321679792	321684342	IR	349	.	321682180	0.349	0.958	20	4636	321679792	321680081	321684053	321684342	347412011	321450000	321700000	20	3867	289	3972	spaced
SUPER_3	97325668	97329122	IR	348	.	97327535	0.348	0.973	150	3657	97325668	97326493	97328316	97329122	347412011	97100000	97350000	157	3789	806	1823	immediate
SUPER_3	95123579	95188827	IR	348	.	95156488	0.348	0.936	118	65228	95123579	95124912	95187511	95188827	347412011	94950000	95200000	0	3436	1316	62599	spaced
SUPER_3	61819197	61840172	IR	348	.	61829650	0.348	0.931	102	21865	61819197	61819978	61839391	61840179	347412011	61650000	61900000	102	2994	781	19413	spaced
SUPER_3	253974617	253977702	IR	348	.	253975719	0.348	1.000	101	3064	253974617	253975188	253977131	253977702	347412011	253750000	254000000	0	3769	571	1943	immediate
SUPER_3	59501247	59665486	IR	348	.	59583210	0.348	0.874	97	164862	59501247	59503411	59663352	59665486	347412011	59500000	59750000	97	1389	2134	159941	wide
SUPER_3	42461616	42595665	IR	348	.	42528246	0.348	0.878	76	134027	42461616	42463175	42594142	42595665	347412011	42350000	42600000	0	2977	1523	130967	wide
SUPER_3	228567211	228580850	IR	348	.	228574376	0.348	0.995	68	13614	228567211	228567652	228580409	228580850	347412011	228350000	228600000	0	3733	441	12757	spaced
SUPER_3	24818290	24820766	IR	348	.	24819543	0.348	0.956	57	2541	24818290	24818768	24820289	24820766	347412011	24600000	24850000	57	3658	477	1521	immediate
SUPER_3	300804239	300857456	IR	348	.	300830487	0.348	0.937	57	53199	300804239	300805143	300856552	300857458	347412011	300700000	300950000	0	2180	904	51409	spaced
SUPER_3	213234606	213237915	IR	348	.	213236691	0.348	0.986	52	3282	213234606	213234972	213237550	213237915	347412011	213050000	213300000	0	3104	365	2578	spaced
SUPER_3	221371278	221376133	IR	348	.	221373629	0.348	0.958	51	4883	221371278	221371683	221375728	221376137	347412011	221150000	221400000	51	3728	405	4045	spaced
SUPER_3	82021794	82025049	IR	348	.	82023736	0.348	0.899	46	3238	82021794	82022469	82024403	82025049	347412011	82000000	82250000	0	390	646	1934	immediate
SUPER_3	132105284	132118260	IR	348	.	132111528	0.348	0.970	46	14515	132105284	132105350	132118195	132118260	347412011	131900000	132150000	5	3529	65	12845	spaced
SUPER_3	95870497	95878047	IR	348	.	95874493	0.348	0.979	43	7619	95870497	95870784	95877760	95878050	347412011	95650000	95900000	43	3737	287	6976	spaced
SUPER_3	228300480	228540251	IR	348	.	228420113	0.348	0.972	43	239726	228300480	228300952	228539780	228540251	347412011	228300000	228550000	0	2005	471	238828	wide
SUPER_3	9442459	9445300	IR	348	.	9443445	0.348	0.996	42	2822	9442459	9442719	9445040	9445300	347412011	9200000	9450000	0	4064	260	2321	spaced
SUPER_3	251780478	251782826	IR	348	.	251781653	0.348	0.995	39	2500	251780478	251780677	251782628	251782826	347412011	251550000	251800000	39	3860	198	1951	immediate
SUPER_3	270603491	270607044	IR	348	.	270605260	0.348	0.903	39	4711	270603491	270604261	270606287	270607044	347412011	270450000	270700000	39	2587	757	2026	spaced
SUPER_3	144361814	144407524	IR	348	.	144385024	0.348	0.914	36	45664	144361814	144362216	144407139	144407524	347412011	144200000	144450000	0	3077	385	44923	spaced
SUPER_3	254065008	254135528	IR	348	.	254100344	0.348	0.716	36	70800	254065008	254065726	254134843	254135528	347412011	253900000	254150000	36	3337	685	69117	spaced
SUPER_3	89281088	89416006	IR	348	.	89348932	0.348	0.881	32	134906	89281088	89281557	89415537	89416026	347412011	89200000	89450000	0	2475	469	133980	wide
SUPER_3	126305188	126308797	IR	348	.	126306723	0.348	0.946	29	3579	126305188	126305410	126308586	126308797	347412011	126200000	126450000	0	1783	211	3176	spaced
SUPER_3	127503958	127727241	IR	348	.	127616049	0.348	0.857	29	223290	127503958	127504886	127726313	127727270	347412011	127500000	127750000	0	1926	928	221427	wide
SUPER_3	4963224	4976067	IR	348	.	4969413	0.348	0.893	26	12979	4963224	4963406	4975885	4976080	347412011	4750000	5000000	26	3660	182	12479	spaced
SUPER_3	55039443	55045783	IR	348	.	55043004	0.348	0.973	26	6293	55039443	55039697	55045529	55045785	347412011	54800000	55050000	0	4043	254	5832	spaced
SUPER_3	72220639	72329899	IR	348	.	72275271	0.348	0.631	26	109402	72220639	72222265	72328273	72329947	347412011	72100000	72350000	26	2920	1626	106008	wide
SUPER_3	266888932	267051729	IR	348	.	266970822	0.348	0.975	26	162719	266888932	266889135	267051526	267051730	347412011	266850000	267100000	0	2005	203	162391	wide
SUPER_3	57528451	57534657	IR	348	.	57531230	0.348	0.920	25	6039	57528451	57528962	57534152	57534657	347412011	57300000	57550000	0	3859	505	5190	spaced
SUPER_3	244194720	244212836	IR	348	.	244203582	0.348	0.942	25	18138	244194720	244194994	244212567	244212836	347412011	244000000	244250000	25	3396	269	17573	spaced
SUPER_3	211395224	211447906	IR	348	.	211422053	0.348	0.909	24	52446	211395224	211395794	211447343	211447906	347412011	211200000	211450000	0	3692	563	51549	spaced
SUPER_3	146448377	146448435	IR	348	.	146448288	0.348	0.907	20	12234	146448377	146448416	146448396	146448439	347412011	146250000	146500000	253	3306	39	-20	overlap
SUPER_3	94817957	94828932	IR	347	.	94823850	0.347	0.995	764	10954	94817957	94822451	94824447	94828932	347412011	94800000	95050000	0	390	4485	1996	immediate
SUPER_3	206679245	206683726	IR	347	.	206681750	0.347	1.000	291	4451	206679245	206680850	206682121	206683726	347412011	206450000	206700000	0	3857	1605	1271	immediate
SUPER_3	306701005	306708288	IR	347	.	306705063	0.347	0.996	226	7262	306701005	306702352	306706941	306708289	347412011	306500000	306750000	0	3410	1347	4589	spaced
SUPER_3	109868566	109872779	IR	347	.	109870986	0.347	0.999	225	4192	109868566	109869794	109871551	109872780	347412011	109650000	109900000	0	3677	1228	1757	immediate
SUPER_3	43055923	43064818	IR	347	.	43059877	0.347	0.897	173	8866	43055923	43057164	43063686	43064818	347412011	43000000	43250000	0	1006	1132	6522	spaced
SUPER_3	232706814	232712197	IR	347	.	232709820	0.347	0.975	162	5344	232706814	232708013	232710998	232712203	347412011	232500000	232750000	0	3491	1199	2985	spaced
SUPER_3	214605012	214622340	IR	347	.	214613337	0.347	0.997	155	17303	214605012	214605930	214621422	214622342	347412011	214400000	214650000	0	3561	918	15492	spaced
SUPER_3	161647250	161649731	IR	347	.	161648546	0.347	0.992	152	2583	161647250	161647977	161649006	161649731	347412011	161400000	161650000	152	4141	725	1029	immediate
SUPER_3	79392318	79394531	IR	347	.	79393514	0.347	0.991	121	2367	79392318	79392960	79393889	79394531	347412011	79150000	79400000	121	4056	642	929	immediate
SUPER_3	53235127	53248576	IR	347	.	53242062	0.347	1.000	110	13542	53235127	53235627	53248076	53248576	347412011	53000000	53250000	110	4030	500	12449	spaced
SUPER_3	240174160	240279074	IR	347	.	240226787	0.347	0.951	110	105051	240174160	240175562	240277677	240279074	347412011	240050000	240300000	110	2943	1397	102115	wide
SUPER_3	56987823	57041107	IR	347	.	57013977	0.347	0.987	108	53266	56987823	56988569	57040361	57041107	347412011	56800000	57050000	0	3574	746	51792	spaced
SUPER_3	218164438	218214779	IR	347	.	218189726	0.347	0.558	94	50461	218164438	218166294	218212978	218214779	347412011	218150000	218400000	94	660	1801	46684	spaced
SUPER_3	190888373	190900062	IR	347	.	190894576	0.347	0.964	86	11689	190888373	190888904	190899531	190900082	347412011	190700000	190950000	0	3236	531	10627	spaced
SUPER_3	39971688	40140837	IR	347	.	40056757	0.347	0.835	72	169171	39971688	39981873	40130652	40140880	347412011	39900000	40150000	0	2604	10185	148779	wide
SUPER_3	190420829	190424785	IR	347	.	190422418	0.347	0.976	70	3938	190420829	190421334	190424287	190424785	347412011	190200000	190450000	0	3713	498	2953	spaced
SUPER_3	132151731	132298054	IR	347	.	132224755	0.347	0.982	65	146362	132151731	132152127	132297658	132298054	347412011	132050000	132300000	65	2914	396	145531	wide
SUPER_3	10099536	10211286	IR	347	.	10155596	0.347	0.945	64	112003	10099536	10100174	10210662	10211286	347412011	10050000	10300000	64	1756	624	110488	wide
SUPER_3	294044954	294048148	IR	347	.	294046571	0.347	0.640	57	3206	294044954	294045054	294048084	294048148	347412011	293900000	294150000	1382	2442	64	3030	spaced
SUPER_3	155867754	155875973	IR	347	.	155871653	0.347	0.912	52	8159	155867754	155867822	155875911	155875973	347412011	155650000	155900000	1328	3697	62	8089	spaced
SUPER_3	202316027	202323186	IR	347	.	202319889	0.347	0.983	35	7142	202316027	202316312	202322901	202323188	347412011	202300000	202550000	0	326	285	6589	spaced
SUPER_3	51153664	51180709	IR	347	.	51167383	0.347	0.885	31	27208	51153664	51154027	51180346	51180722	347412011	50950000	51200000	31	3619	363	26319	spaced
SUPER_3	115827229	115949929	IR	347	.	115888809	0.347	0.871	31	122761	115827229	115827855	115949303	115949937	347412011	115700000	115950000	29	3142	626	121448	wide
SUPER_3	191679837	191686876	IR	347	.	191683516	0.347	0.903	28	7158	191679837	191680299	191686414	191686879	347412011	191450000	191700000	28	3889	462	6115	spaced
SUPER_3	224957039	224964457	IR	347	.	224960666	0.347	0.642	26	7488	224957039	224957221	224964275	224964521	347412011	224750000	225000000	26	3512	182	7054	spaced
SUPER_3	153822123	153951128	IR	347	.	153886268	0.347	0.889	23	128965	153822123	153822168	153951088	153951128	347412011	153750000	154000000	0	2276	40	128920	wide
SUPER_3	209169510	209172825	IR	347	.	209170913	0.347	0.975	22	3295	209169510	209169708	209172627	209172825	347412011	208950000	209200000	0	3685	198	2919	spaced
SUPER_3	239470334	239531957	IR	347	.	239500913	0.347	0.913	22	61703	239470334	239470662	239531629	239531957	347412011	239450000	239700000	21	852	328	60967	spaced
SUPER_3	197340964	197403277	IR	347	.	197372492	0.347	0.852	21	62252	197340964	197341666	197402575	197403318	347412011	197200000	197450000	0	2868	702	60909	spaced
SUPER_3	49077899	49192806	IR	347	.	49135397	0.347	0.903	20	114979	49077899	49078311	49192401	49192806	347412011	48950000	49200000	20	3089	405	114090	wide
SUPER_3	188716758	188727972	IR	346	.	188722663	0.346	0.968	522	11232	188716758	188720862	188723868	188728009	347412011	188550000	188800000	0	2872	4104	3006	spaced
SUPER_3	190633974	190677381	IR	346	.	190655248	0.346	0.986	391	43388	190633974	190636938	190674418	190677381	347412011	190450000	190700000	0	3427	2963	37480	spaced
SUPER_3	271863767	271881390	IR	346	.	271872408	0.346	0.970	327	18618	271863767	271867548	271877609	271881391	347412011	271650000	271900000	327	3709	3781	10061	spaced
SUPER_3	161845579	161854265	IR	346	.	161849597	0.346	0.971	229	8678	161845579	161847612	161852232	161854277	347412011	161650000	161900000	0	3331	2033	4620	spaced
SUPER_3	125662946	125668816	IR	346	.	125665719	0.346	0.997	185	6070	125662946	125663727	125668035	125668816	347412011	125450000	125700000	185	3597	781	4308	spaced
SUPER_3	146494535	146504854	IR	346	.	146499899	0.346	0.992	166	10518	146494535	146495262	146504127	146504854	347412011	146400000	146650000	166	1661	727	8865	spaced
SUPER_3	207451995	207575097	IR	346	.	207513116	0.346	0.415	138	123080	207451995	207489743	207537415	207575097	347412011	207400000	207650000	0	1892	37682	47672	spaced
SUPER_3	29161058	29170716	IR	346	.	29166327	0.346	0.918	116	9663	29161058	29161755	29170019	29170749	347412011	29000000	29250000	0	2764	697	8264	spaced
SUPER_3	202135555	202150285	IR	346	.	202143194	0.346	0.885	103	14699	202135555	202136303	202149620	202150285	347412011	201950000	202200000	0	3215	665	13317	spaced
SUPER_3	221729830	221733558	IR	346	.	221731632	0.346	1.000	95	3796	221729830	221730232	221733156	221733558	347412011	221500000	221750000	95	3861	402	2924	spaced
SUPER_3	93330725	93337713	IR	346	.	93334215	0.346	0.920	87	7137	93330725	93331941	93336499	93337713	347412011	93100000	93350000	87	3903	1214	4558	spaced
SUPER_3	201176563	201264865	IR	346	.	201220926	0.346	0.946	86	88433	201176563	201177065	201264379	201264865	347412011	201100000	201350000	86	2011	486	87314	spaced
SUPER_3	261974115	262072201	IR	346	.	262023111	0.346	0.964	85	98149	261974115	261974733	262071583	262072202	347412011	261850000	262100000	88	2885	618	96850	spaced
SUPER_3	211059770	211201597	IR	346	.	211130397	0.346	0.949	68	141806	211059770	211060644	211200727	211201597	347412011	211000000	211250000	0	2177	870	140083	wide
SUPER_3	54301209	54304882	IR	346	.	54303179	0.346	0.940	63	3739	54301209	54301780	54304319	54304882	347412011	54300000	54550000	63	50	563	2539	spaced
SUPER_3	264250118	264253650	IR	346	.	264251837	0.346	0.978	62	3553	264250118	264250563	264253205	264253651	347412011	264050000	264300000	62	3364	445	2642	spaced
SUPER_3	332831668	332902009	IR	346	.	332866589	0.346	0.894	62	70332	332831668	332832756	332900921	332902021	347412011	332700000	332950000	0	2780	1088	68165	spaced
SUPER_3	331141955	331154835	IR	346	.	331148280	0.346	0.917	56	12932	331141955	331142797	331153994	331154835	347412011	330950000	331200000	56	3306	841	11197	spaced
SUPER_3	209645182	209650327	IR	346	.	209647994	0.346	0.994	52	5107	209645182	209645528	209649981	209650327	347412011	209550000	209800000	0	1629	346	4453	spaced
SUPER_3	116883599	117046151	IR	346	.	116964499	0.346	0.851	47	162531	116883599	116889646	117040128	117046151	347412011	116800000	117050000	0	2747	6023	150482	wide
SUPER_3	134574238	134659934	IR	346	.	134616940	0.346	0.788	44	85650	134574238	134574304	134659882	134659934	347412011	134450000	134700000	793	2784	52	85578	spaced
SUPER_3	189125795	189149187	IR	346	.	189137834	0.346	0.809	43	23430	189125795	189126229	189148753	189149243	347412011	188900000	189150000	0	3958	434	22524	spaced
SUPER_3	17060841	17142468	IR	346	.	17101619	0.346	0.897	42	81725	17060841	17061513	17141796	17142489	347412011	16900000	17150000	42	3360	672	80283	spaced
SUPER_3	249551500	249555344	IR	346	.	249553425	0.346	0.973	42	3914	249551500	249551792	249555052	249555348	347412011	249350000	249600000	42	3390	292	3260	spaced
SUPER_3	34606024	34764578	IR	346	.	34685591	0.346	0.944	40	158439	34606024	34606644	34763969	34764578	347412011	34550000	34800000	0	2254	609	157325	wide
SUPER_3	189651530	189807488	IR	346	.	189729165	0.346	0.659	40	155900	189651530	189651588	189807430	189807518	347412011	189600000	189850000	0	2158	58	155842	wide
SUPER_3	143610388	143714402	IR	346	.	143662816	0.346	0.846	37	104025	143610388	143610893	143713897	143714442	347412011	143500000	143750000	0	2706	505	103004	wide
SUPER_3	67188431	67274534	IR	346	.	67231733	0.346	0.880	35	86089	67188431	67188791	67274174	67274544	347412011	67050000	67300000	0	3024	360	85383	spaced
SUPER_3	24885282	24887587	IR	346	.	24886361	0.346	0.839	33	2370	24885282	24885493	24887376	24887625	347412011	24700000	24950000	33	3107	211	1883	immediate
SUPER_3	198132751	198210734	IR	346	.	198171991	0.346	0.847	29	77964	198132751	198133655	198209848	198210734	347412011	198000000	198250000	0	2862	886	76193	spaced
SUPER_3	297796391	297812923	IR	346	.	297804483	0.346	0.821	29	16536	297796391	297797403	297811920	297812923	347412011	297750000	298000000	29	910	1003	14517	spaced
SUPER_3	196110118	196278089	IR	346	.	196194510	0.346	0.625	27	167946	196110118	196110861	196277346	196278138	347412011	196100000	196350000	0	1568	743	166485	wide
SUPER_3	68185424	68188710	IR	346	.	68186775	0.346	0.913	26	3269	68185424	68186009	68188125	68188714	347412011	68000000	68250000	0	3117	585	2116	spaced
SUPER_3	230034372	230037840	IR	346	.	230036595	0.346	0.941	26	3393	230034372	230034690	230037523	230037840	347412011	229800000	230050000	0	3934	317	2833	spaced
SUPER_3	276301154	276517997	IR	346	.	276410039	0.346	0.860	23	216826	276301154	276301709	276517442	276517998	347412011	276300000	276550000	0	1826	555	215733	wide
SUPER_3	9982376	10012694	IR	346	.	9997356	0.346	0.971	22	30338	9982376	9982551	10012519	10012694	347412011	9800000	10050000	22	3292	175	29968	spaced
SUPER_3	260782682	260888597	IR	346	.	260835504	0.346	0.975	21	106053	260782682	260782844	260888435	260888597	347412011	260750000	261000000	21	1427	162	105591	wide
SUPER_3	116865480	116867795	IR	346	.	116866728	0.346	1.000	20	2323	116865480	116865584	116867691	116867795	347412011	116650000	116900000	20	3610	104	2107	spaced
SUPER_3	136243055	136254137	IR	345	.	136248601	0.345	1.000	1069	12356	136243055	136247849	136249344	136254137	347412011	136050000	136300000	1069	3309	4793	1495	immediate
SUPER_3	319566894	319577894	IR	345	.	319572045	0.345	1.000	788	10976	319566894	319571187	319573601	319577894	347412011	319350000	319600000	0	3706	4293	2414	spaced
SUPER_3	226739814	226944107	IR	345	.	226842394	0.345	0.996	554	204267	226739814	226743077	226940844	226944107	347412011	226700000	226950000	0	2365	3263	197767	wide
SUPER_3	4312217	4321975	IR	345	.	4317361	0.345	0.957	329	9737	4312217	4315035	4319195	4321975	347412011	4200000	4450000	0	1951	2780	4160	spaced
SUPER_3	316980292	316998753	IR	345	.	316989081	0.345	0.973	235	18392	316980292	316982540	316996509	316998753	347412011	316750000	317000000	0	3991	2244	13969	spaced
SUPER_3	169544666	169548231	IR	345	.	169546470	0.345	0.998	171	165124	169544666	169545547	169547350	169548231	347412011	169400000	169650000	171	2440	881	1803	immediate
SUPER_3	209449970	209453168	IR	345	.	209451734	0.345	0.815	163	3401	209449970	209451125	209452074	209453168	347412011	209250000	209500000	163	3359	1094	949	immediate
SUPER_3	204085913	204088904	IR	345	.	204087410	0.345	0.992	131	3193	204085913	204086524	204088295	204088904	347412011	203850000	204100000	131	3956	609	1771	immediate
SUPER_3	268863320	269074418	IR	345	.	268968955	0.345	0.943	127	211208	268863320	268864375	269073363	269074449	347412011	268850000	269100000	127	1981	1055	208988	wide
SUPER_3	60452804	60515011	IR	345	.	60483777	0.345	0.959	121	62358	60452804	60453956	60513859	60515017	347412011	60350000	60600000	121	2231	1152	59903	spaced
SUPER_3	324372348	324476797	IR	345	.	324425086	0.345	0.928	115	104467	324372348	324373826	324475319	324476842	347412011	324250000	324500000	0	2909	1478	101493	wide
SUPER_3	46469793	46477717	IR	345	.	46473444	0.345	0.937	111	7893	46469793	46470554	46476998	46477717	347412011	46250000	46500000	0	3729	719	6444	spaced
SUPER_3	213642455	213656912	IR	345	.	213649212	0.345	0.990	74	14434	213642455	213642953	213656415	213656912	347412011	213450000	213700000	0	3327	497	13462	spaced
SUPER_3	211759187	211779251	IR	345	.	211769606	0.345	0.918	68	20046	211759187	211759893	211778578	211779251	347412011	211700000	211950000	0	1153	673	18685	spaced
SUPER_3	212826348	212853247	IR	345	.	212839811	0.345	0.937	68	27150	212826348	212827327	212852282	212853247	347412011	212650000	212900000	68	3163	965	24955	spaced
SUPER_3	114699606	114701692	IR	345	.	114700197	0.345	0.973	65	2062	114699606	114700051	114701248	114701692	347412011	114500000	114750000	0	3344	444	1197	immediate
SUPER_3	305157	389004	IR	345	.	347182	0.345	0.772	62	83978	305157	305822	388339	389018	347412011	150000	400000	174	3284	665	82517	spaced
SUPER_3	80188507	80220131	IR	345	.	80203981	0.345	0.542	58	31570	80188507	80188641	80220059	80220131	347412011	80150000	80400000	0	905	72	31418	spaced
SUPER_3	92892422	92901346	IR	345	.	92896463	0.345	0.925	51	8925	92892422	92892838	92900930	92901367	347412011	92700000	92950000	0	3281	416	8092	spaced
SUPER_3	339340345	339343114	IR	345	.	339341734	0.345	0.932	47	3000	339340345	339340890	339342584	339343114	347412011	339100000	339350000	47	4028	530	1694	immediate
SUPER_3	217646737	217659830	IR	345	.	217653661	0.345	0.686	46	13125	217646737	217647853	217658714	217659895	347412011	217550000	217800000	0	1721	1116	10861	spaced
SUPER_3	281761954	281792344	IR	345	.	281777631	0.345	0.753	42	30406	281761954	281762553	281791745	281792412	347412011	281600000	281850000	0	2952	599	29192	spaced
SUPER_3	282500280	282503618	IR	345	.	282501626	0.345	0.950	41	3326	282500280	282500629	282503269	282503627	347412011	282300000	282550000	0	3365	349	2640	spaced
SUPER_3	344344492	344347031	IR	345	.	344346236	0.345	0.963	38	2508	344344492	344344839	344346684	344347031	347412011	344100000	344350000	0	4095	347	1845	immediate
SUPER_3	23181988	23186767	IR	345	.	23183980	0.345	0.567	36	4758	23181988	23183052	23185742	23186767	347412011	22950000	23200000	0	3906	1025	2690	spaced
SUPER_3	61988741	61992209	IR	345	.	61990519	0.345	0.847	36	3563	61988741	61989244	61991706	61992210	347412011	61900000	62150000	36	1507	503	2462	spaced
SUPER_3	5059911	5083345	IR	345	.	5071993	0.345	0.899	35	23411	5059911	5060602	5082657	5083345	347412011	5000000	5250000	0	1193	688	22055	spaced
SUPER_3	54505871	54613179	IR	345	.	54559525	0.345	0.405	35	107428	54505871	54559285	54559765	54613241	347412011	54450000	54700000	35	1825	53414	480	immediate
SUPER_3	91499281	91505060	IR	345	.	91502569	0.345	0.631	32	5756	91499281	91500120	91504302	91505060	347412011	91350000	91600000	0	2536	758	4182	spaced
SUPER_3	101198286	101205469	IR	345	.	101202348	0.345	0.968	32	7160	101198286	101198684	101205071	101205472	347412011	101000000	101250000	0	3364	398	6387	spaced
SUPER_3	232170302	232181241	IR	345	.	232175494	0.345	1.000	32	10919	232170302	232170506	232181037	232181241	347412011	232150000	232400000	0	429	204	10531	spaced
SUPER_3	191425110	191452578	IR	345	.	191438782	0.345	0.859	30	27497	191425110	191425595	191452093	191452602	347412011	191400000	191650000	30	647	485	26498	spaced
SUPER_3	105026771	105155327	IR	345	.	105091132	0.345	0.705	29	128666	105026771	105027025	105155141	105155327	347412011	105000000	105250000	29	1517	186	128116	wide
SUPER_3	212093726	212093796	IR	345	.	212093768	0.345	0.939	29	91293	212093726	212093775	212093750	212093796	347412011	211900000	212150000	496	3229	46	-25	overlap
SUPER_3	212093722	212093786	IR	345	.	212093768	0.345	0.882	29	91293	212093722	212093767	212093741	212093792	347412011	211950000	212200000	496	2395	45	-26	overlap
SUPER_3	212093724	212093792	IR	345	.	212093768	0.345	0.925	29	91293	212093724	212093773	212093743	212093796	347412011	212000000	212250000	601	1562	49	-30	overlap
SUPER_3	274717406	274723204	IR	345	.	274720577	0.345	0.995	26	5781	274717406	274717591	274723019	274723205	347412011	274500000	274750000	0	3671	185	5428	spaced
SUPER_3	260235014	260397366	IR	345	.	260316626	0.345	0.891	24	162350	260235014	260235801	260396579	260397383	347412011	260150000	260400000	0	2769	787	160778	wide
SUPER_3	58019530	58227698	IR	345	.	58123945	0.345	0.397	23	159037	58019530	58068936	58178292	58227706	347412011	58000000	58250000	0	2060	49406	109356	wide
SUPER_3	322170643	322217666	IR	345	.	322193891	0.345	0.692	23	46983	322170643	322170708	322217621	322217666	347412011	322000000	322250000	0	3235	45	46913	spaced
SUPER_3	266644981	266807801	IR	345	.	266726247	0.345	0.891	22	162878	266644981	266645402	266807386	266807801	347412011	266600000	266850000	22	2106	415	161984	wide
SUPER_3	239903885	239911871	IR	345	.	239907846	0.345	0.940	21	7989	239903885	239904147	239911609	239911874	347412011	239750000	240000000	21	2631	262	7462	spaced
SUPER_3	256621495	256646229	IR	345	.	256633727	0.345	0.405	21	24744	256621495	256633809	256633915	256646229	347412011	256500000	256750000	21	2230	12314	106	immediate
SUPER_3	211684398	211697344	IR	344	.	211690485	0.344	0.965	317	12897	211684398	211687584	211694198	211697344	347412011	211450000	211700000	0	4014	3146	6614	spaced
SUPER_3	203031567	203048202	IR	344	.	203039402	0.344	0.869	224	16613	203031567	203035291	203044489	203048202	347412011	202850000	203100000	0	3164	3713	9198	spaced
SUPER_3	95394440	95425015	IR	344	.	95409715	0.344	0.980	206	30859	95394440	95395393	95424062	95425023	347412011	95200000	95450000	206	3495	953	28669	spaced
SUPER_3	187929754	187932493	IR	344	.	187931308	0.344	0.972	117	2915	187929754	187930387	187931860	187932507	347412011	187750000	188000000	118	3018	633	1473	immediate
SUPER_3	48322970	48326137	IR	344	.	48324121	0.344	0.963	115	3146	48322970	48323780	48325339	48326137	347412011	48250000	48500000	0	1242	798	1559	immediate
SUPER_3	123521512	123524427	IR	344	.	123522477	0.344	0.897	115	2886	123521512	123522458	123523505	123524427	347412011	123350000	123600000	0	2882	922	1047	immediate
SUPER_3	37073879	37076761	IR	344	.	37075603	0.344	0.986	109	2824	37073879	37074591	37076049	37076764	347412011	36850000	37100000	0	3755	712	1458	immediate
SUPER_3	107176721	107191356	IR	344	.	107184166	0.344	0.928	109	15277	107176721	107177853	107190224	107191362	347412011	106950000	107200000	109	3900	1132	12371	spaced
SUPER_3	139903874	139982192	IR	344	.	139942762	0.344	0.849	103	78308	139903874	139904709	139981357	139982208	347412011	139750000	140000000	0	3217	835	76648	spaced
SUPER_3	17450535	17452712	IR	344	.	17451947	0.344	0.971	99	2159	17450535	17451360	17451893	17452712	347412011	17250000	17500000	0	3360	819	533	immediate
SUPER_3	228587893	228645534	IR	344	.	228616856	0.344	0.886	99	58206	228587893	228588735	228644692	228645607	347412011	228500000	228750000	99	1945	842	55957	spaced
SUPER_3	184564810	184568614	IR	344	.	184566699	0.344	0.807	89	4005	184564810	184565385	184568039	184568723	347412011	184450000	184700000	96	1945	575	2654	spaced
SUPER_3	212969028	212976580	IR	344	.	212972669	0.344	0.981	70	7611	212969028	212969440	212976168	212976584	347412011	212750000	213000000	70	3713	412	6728	spaced
SUPER_3	175614601	175690057	IR	344	.	175651853	0.344	0.838	66	75437	175614601	175615518	175689257	175690057	347412011	175600000	175850000	0	872	800	73739	spaced
SUPER_3	120435576	120437651	IR	344	.	120436619	0.344	0.941	57	2662	120435576	120435974	120437253	120437661	347412011	120300000	120550000	57	2276	398	1279	immediate
SUPER_3	332638019	332651689	IR	344	.	332644568	0.344	0.943	55	13650	332638019	332638919	332650789	332651700	347412011	332500000	332750000	0	2414	900	11870	spaced
SUPER_3	203360172	203367541	IR	344	.	203363555	0.344	0.993	49	7350	203360172	203360471	203367242	203367541	347412011	203150000	203400000	0	3564	299	6771	spaced
SUPER_3	340105319	340109132	IR	344	.	340107122	0.344	0.988	49	3856	340105319	340105572	340108879	340109134	347412011	340050000	340300000	49	953	253	3307	spaced
SUPER_3	57589120	57653753	IR	344	.	57621189	0.344	0.969	48	65187	57589120	57589250	57653623	57653753	347412011	57450000	57700000	18	2857	130	64373	spaced
SUPER_3	261392613	261398828	IR	344	.	261395212	0.344	0.974	47	6198	261392613	261392877	261398564	261398835	347412011	261300000	261550000	0	1595	264	5687	spaced
SUPER_3	35677471	35736939	IR	344	.	35706938	0.344	0.983	46	59446	35677471	35677832	35736578	35736939	347412011	35500000	35750000	0	3453	361	58746	spaced
SUPER_3	326063180	326299964	IR	344	.	326181107	0.344	0.841	46	236723	326063180	326067067	326296077	326299984	347412011	326050000	326300000	0	2192	3887	229010	wide
SUPER_3	209949820	209953328	IR	344	.	209951617	0.344	0.987	43	3516	209949820	209950057	209953091	209953328	347412011	209750000	210000000	43	3359	237	3034	spaced
SUPER_3	199038532	199043641	IR	344	.	199040588	0.344	0.863	40	5135	199038532	199039487	199042686	199043686	347412011	198900000	199150000	0	2351	955	3199	spaced
SUPER_3	13602661	13605119	IR	344	.	13604160	0.344	0.946	37	2436	13602661	13603084	13604703	13605119	347412011	13400000	13650000	0	3398	416	1619	immediate
SUPER_3	23569197	23585193	IR	344	.	23577305	0.344	0.925	36	16018	23569197	23569536	23584854	23585195	347412011	23350000	23600000	36	3786	339	15318	spaced
SUPER_3	253432305	253439190	IR	344	.	253435960	0.344	0.990	34	6895	253432305	253432504	253438991	253439191	347412011	253200000	253450000	34	3928	199	6487	spaced
SUPER_3	196825075	196975947	IR	344	.	196900479	0.344	0.978	27	150869	196825075	196825254	196975768	196975947	347412011	196750000	197000000	27	2508	179	150514	wide
SUPER_3	168338062	168470955	IR	344	.	168404998	0.344	0.686	26	132859	168338062	168338110	168470907	168470977	347412011	168250000	168500000	0	2575	48	132797	wide
SUPER_3	288260083	288471038	IR	344	.	288365639	0.344	0.769	26	211000	288260083	288260319	288470802	288471056	347412011	288250000	288500000	26	1925	236	210483	wide
SUPER_3	188371073	188433505	IR	344	.	188402073	0.344	0.891	22	62384	188371073	188371476	188433112	188433505	347412011	188200000	188450000	22	3371	393	61636	spaced
SUPER_3	197487104	197568191	IR	344	.	197527704	0.344	0.965	21	81083	197487104	197487276	197568019	197568191	347412011	197350000	197600000	21	2960	172	80743	spaced
SUPER_3	299214760	299366630	IR	344	.	299290279	0.344	0.852	21	151852	299214760	299215156	299366277	299366630	347412011	299200000	299450000	0	1511	353	151121	wide
SUPER_3	56209349	56237791	IR	344	.	56223461	0.344	0.993	20	28440	56209349	56209485	56237656	56237791	347412011	56000000	56250000	20	3726	135	28171	spaced
SUPER_3	121181962	121185024	IR	344	.	121183403	0.344	0.541	20	3082	121181962	121182722	121184264	121185032	347412011	120950000	121200000	20	3891	760	1542	immediate
SUPER_3	5128054	5140243	IR	343	.	5134148	0.343	1.000	1248	13569	5128054	5133479	5134818	5140243	347412011	4900000	5150000	1249	3902	5425	1339	immediate
SUPER_3	169418607	169421054	IR	343	.	169419762	0.343	1.000	238	2684	169418607	169419693	169419968	169421054	347412011	169200000	169450000	238	3663	1086	275	immediate
SUPER_3	230763895	230863959	IR	343	.	230813451	0.343	0.980	205	100052	230763895	230765160	230862694	230863968	347412011	230700000	230950000	0	1898	1265	97534	spaced
SUPER_3	242244011	242261503	IR	343	.	242252390	0.343	0.989	200	17453	242244011	242245280	242260234	242261503	347412011	242050000	242300000	0	3379	1269	14954	spaced
SUPER_3	222064113	222071168	IR	343	.	222067269	0.343	0.946	161	7034	222064113	222066000	222069303	222071168	347412011	221850000	222100000	0	3627	1865	3303	spaced
SUPER_3	231107753	231137049	IR	343	.	231122433	0.343	0.943	149	29640	231107753	231108679	231136126	231137049	347412011	230900000	231150000	149	3706	923	27447	spaced
SUPER_3	245612746	245650959	IR	343	.	245631582	0.343	0.800	143	37643	245612746	245614694	245649067	245650959	347412011	245550000	245800000	0	1364	1892	34373	spaced
SUPER_3	55300615	55345921	IR	343	.	55323620	0.343	0.983	138	45280	55300615	55301649	55344892	55345921	347412011	55200000	55450000	0	2054	1029	43243	spaced
SUPER_3	14270134	14278178	IR	343	.	14273758	0.343	0.996	122	8021	14270134	14270890	14277423	14278178	347412011	14050000	14300000	0	3735	755	6533	spaced
SUPER_3	317656524	317692214	IR	343	.	317674391	0.343	0.846	108	35748	317656524	317661921	317686817	317692278	347412011	317500000	317750000	108	2906	5397	24896	spaced
SUPER_3	32865612	32869643	IR	343	.	32868067	0.343	0.996	89	4014	32865612	32866166	32869089	32869643	347412011	32650000	32900000	0	3626	554	2923	spaced
SUPER_3	8266716	8456730	IR	343	.	8361513	0.343	1.000	79	190119	8266716	8267090	8456356	8456730	347412011	8250000	8500000	79	1861	374	189266	wide
SUPER_3	235919590	235994275	IR	343	.	235956531	0.343	0.394	77	41969	235919590	235952744	235961152	235994275	347412011	235800000	236050000	0	2615	33123	8408	spaced
SUPER_3	337134299	337286423	IR	343	.	337210154	0.343	0.840	77	153553	337134299	337141714	337279008	337286471	347412011	337050000	337300000	77	2672	7415	137294	wide
SUPER_3	229106220	229107541	IR	343	.	229106879	0.343	0.997	74	9599	229106220	229106576	229107185	229107541	347412011	228950000	229200000	74	2614	356	609	immediate
SUPER_3	123567173	123569351	IR	343	.	123567803	0.343	0.682	55	2155	123567173	123568269	123568255	123569374	347412011	123550000	123800000	0	304	1096	-14	overlap
SUPER_3	258154076	258189821	IR	343	.	258171824	0.343	0.910	55	35845	258154076	258154826	258189100	258189821	347412011	258000000	258250000	55	2865	721	34274	spaced
SUPER_3	293248423	293263515	IR	343	.	293256113	0.343	0.801	55	15132	293248423	293248820	293263158	293263515	347412011	293100000	293350000	83	2599	357	14338	spaced
SUPER_3	51554199	51557645	IR	343	.	51556442	0.343	0.882	54	3474	51554199	51554841	51557003	51557702	347412011	51450000	51700000	0	1765	642	2162	spaced
SUPER_3	121926357	122036346	IR	343	.	121981738	0.343	0.910	47	109965	121926357	121927191	122035512	122036350	347412011	121800000	122050000	0	3022	834	108321	wide
SUPER_3	168227339	168241105	IR	343	.	168233803	0.343	0.903	44	13748	168227339	168227721	168240753	168241105	347412011	168000000	168250000	0	3903	352	13032	spaced
SUPER_3	11713570	11746774	IR	343	.	11729867	0.343	0.872	39	33173	11713570	11713973	11746407	11746774	347412011	11500000	11750000	0	3836	367	32434	spaced
SUPER_3	133707902	133711690	IR	343	.	133709770	0.343	0.949	39	3813	133707902	133708332	133711264	133711690	347412011	133550000	133800000	39	2663	426	2932	spaced
SUPER_3	214384131	214527932	IR	343	.	214455815	0.343	0.750	39	143903	214384131	214384813	214527250	214527988	347412011	214350000	214600000	23	1767	682	142437	wide
SUPER_3	242356570	242359203	IR	343	.	242357458	0.343	0.937	38	2616	242356570	242356910	242358863	242359208	347412011	242350000	242600000	0	131	340	1953	immediate
SUPER_3	112196104	112262138	IR	343	.	112229550	0.343	0.921	35	66009	112196104	112196750	112261501	112262138	347412011	112050000	112300000	0	2985	637	64751	spaced
SUPER_3	152167059	152171181	IR	343	.	152168614	0.343	0.984	34	4104	152167059	152167304	152170936	152171181	347412011	151950000	152200000	0	3651	245	3632	spaced
SUPER_3	258373209	258376909	IR	343	.	258375509	0.343	0.995	30	3671	258373209	258373414	258376704	258376909	347412011	258150000	258400000	0	3750	205	3290	spaced
SUPER_3	112478212	112480400	IR	343	.	112479657	0.343	0.609	29	2144	112478212	112478258	112480354	112480432	347412011	112300000	112550000	0	2988	46	2096	spaced
SUPER_3	101695319	101726487	IR	343	.	101711117	0.343	0.897	27	31196	101695319	101695939	101725867	101726507	347412011	101550000	101800000	27	2681	620	29928	spaced
SUPER_3	221494459	221685052	IR	343	.	221590001	0.343	0.966	26	190545	221494459	221494517	221684996	221685052	347412011	221450000	221700000	0	2329	56	190479	wide
SUPER_3	18335929	18339048	IR	343	.	18337651	0.343	0.741	25	3071	18335929	18335969	18339008	18339062	347412011	18150000	18400000	120	3124	40	3039	spaced
SUPER_3	255148554	255174854	IR	343	.	255162036	0.343	0.919	25	26279	255148554	255149094	255174321	255174854	347412011	254950000	255200000	0	3528	533	25227	spaced
SUPER_3	69567735	69570245	IR	343	.	69568528	0.343	0.865	24	2488	69567735	69567913	69570081	69570245	347412011	69550000	69800000	0	316	164	2168	spaced
SUPER_3	275299146	275328864	IR	343	.	275313598	0.343	0.219	24	29686	275299146	275299178	275328832	275328910	347412011	275250000	275500000	0	1066	32	29654	spaced
SUPER_3	83060620	83066384	IR	343	.	83063221	0.343	0.870	23	5746	83060620	83061171	83065852	83066384	347412011	82850000	83100000	0	3558	532	4681	spaced
SUPER_3	223326590	223372862	IR	343	.	223349894	0.343	1.000	22	46226	223326590	223326636	223372816	223372862	347412011	223150000	223400000	253	3328	46	46180	spaced
SUPER_3	234116205	234143824	IR	342	.	234130365	0.342	0.934	297	27511	234116205	234119657	234140373	234143824	347412011	233900000	234150000	0	3833	3451	20716	spaced
SUPER_3	8913731	8916842	IR	342	.	8915423	0.342	0.998	180	3267	8913731	8914593	8915980	8916842	347412011	8700000	8950000	180	3587	862	1387	immediate
SUPER_3	31463211	31509110	IR	342	.	31485874	0.342	0.698	161	45878	31463211	31466962	31505382	31509110	347412011	31350000	31600000	0	2269	3728	38420	spaced
SUPER_3	264578687	264582298	IR	342	.	264580491	0.342	0.909	128	3899	264578687	264579740	264581245	264582326	347412011	264350000	264600000	128	3841	1053	1505	immediate
SUPER_3	130264057	130271672	IR	342	.	130268352	0.342	0.979	120	7597	130264057	130264953	130270776	130271673	347412011	130250000	130500000	0	297	896	5823	spaced
SUPER_3	286776997	286791623	IR	342	.	286784618	0.342	0.885	107	14595	286776997	286777738	286790965	286791623	347412011	286550000	286800000	0	3905	658	13227	spaced
SUPER_3	272811667	272856987	IR	342	.	272833939	0.342	0.926	88	45293	272811667	272813277	272855379	272856987	347412011	272700000	272950000	0	2238	1608	42102	spaced
SUPER_3	182528691	182587035	IR	342	.	182557911	0.342	0.469	84	58454	182528691	182533086	182582640	182587084	347412011	182350000	182600000	84	3464	4395	49554	spaced
SUPER_3	163226450	163359214	IR	342	.	163293019	0.342	0.853	83	133046	163226450	163227581	163358083	163359302	347412011	163200000	163450000	83	1547	1131	130502	wide
SUPER_3	190411275	190416689	IR	342	.	190414351	0.342	0.922	79	5360	190411275	190412091	190415916	190416689	347412011	190200000	190450000	0	3566	773	3825	spaced
SUPER_3	343181197	343248490	IR	342	.	343214394	0.342	0.632	79	67274	343181197	343191858	343237829	343248495	347412011	343000000	343250000	0	3580	10661	45971	spaced
SUPER_3	345674605	345684847	IR	342	.	345679233	0.342	0.994	77	10223	345674605	345675091	345684361	345684848	347412011	345500000	345750000	0	2995	486	9270	spaced
SUPER_3	312640733	312678058	IR	342	.	312659351	0.342	0.920	71	37634	312640733	312642024	312676775	312678058	347412011	312450000	312700000	71	3489	1283	34751	spaced
SUPER_3	54243356	54272071	IR	342	.	54257341	0.342	0.973	64	28656	54243356	54244093	54271334	54272071	347412011	54050000	54300000	0	3461	737	27241	spaced
SUPER_3	86604382	86618564	IR	342	.	86611197	0.342	1.000	60	14162	86604382	86604719	86618227	86618564	347412011	86400000	86650000	0	3524	337	13508	spaced
SUPER_3	74902272	74916398	IR	342	.	74909409	0.342	0.990	55	14164	74902272	74902556	74916114	74916399	347412011	74750000	75000000	57	2655	284	13558	spaced
SUPER_3	146198167	146378623	IR	342	.	146287988	0.342	0.864	53	180380	146198167	146198255	146378547	146378623	347412011	146150000	146400000	0	2306	76	180292	wide
SUPER_3	132650371	132652808	IR	342	.	132651314	0.342	0.978	52	2413	132650371	132650867	132652312	132652808	347412011	132450000	132700000	0	3359	496	1445	immediate
SUPER_3	290831410	290840394	IR	342	.	290835857	0.342	0.185	52	8928	290831410	290831456	290840348	290840465	347412011	290650000	290900000	737	3098	46	8892	spaced
SUPER_3	322041442	322045804	IR	342	.	322043153	0.342	0.937	48	4345	322041442	322042261	322044985	322045804	347412011	321800000	322050000	0	4060	819	2724	spaced
SUPER_3	266273985	266295243	IR	342	.	266284894	0.342	0.917	47	21248	266273985	266274868	266294360	266295264	347412011	266250000	266500000	0	576	883	19492	spaced
SUPER_3	8839708	8854160	IR	342	.	8847403	0.342	0.997	45	14431	8839708	8840028	8853840	8854160	347412011	8650000	8900000	0	3282	320	13812	spaced
SUPER_3	56609945	56800951	IR	342	.	56705184	0.342	0.979	44	190983	56609945	56610365	56800532	56800951	347412011	56600000	56850000	0	1757	419	190167	wide
SUPER_3	258771475	258774198	IR	342	.	258772547	0.342	0.977	41	2704	258771475	258771776	258773897	258774201	347412011	258550000	258800000	0	3713	301	2121	spaced
SUPER_3	17275590	17410524	IR	342	.	17343541	0.342	0.659	37	134886	17275590	17275672	17410470	17410524	347412011	17200000	17450000	0	2384	54	134798	wide
SUPER_3	296071292	296139869	IR	342	.	296105240	0.342	0.908	32	68510	296071292	296072027	296139134	296139873	347412011	295900000	296150000	0	3426	735	67107	spaced
SUPER_3	64446812	64505207	IR	342	.	64476473	0.342	1.000	31	58373	64446812	64446976	64505043	64505207	347412011	64350000	64600000	0	2100	164	58067	spaced
SUPER_3	122670601	122680222	IR	342	.	122675682	0.342	0.951	29	9602	122670601	122670929	122679894	122680223	347412011	122600000	122850000	0	1256	328	8965	spaced
SUPER_3	244398727	244504172	IR	342	.	244451680	0.342	0.929	27	105456	244398727	244398964	244503935	244504175	347412011	244350000	244600000	20	1690	237	104971	wide
SUPER_3	188579080	188586561	IR	342	.	188582938	0.342	0.914	25	7482	188579080	188579626	188586015	188586571	347412011	188350000	188600000	25	3880	546	6389	spaced
SUPER_3	200385250	200390484	IR	342	.	200387955	0.342	0.830	24	5270	200385250	200385403	200390355	200390484	347412011	200150000	200400000	60	3964	129	4952	spaced
SUPER_3	333767931	333779935	IR	342	.	333773733	0.342	0.894	24	12002	333767931	333768268	333779598	333779938	347412011	333550000	333800000	24	3732	337	11330	spaced
SUPER_3	106547086	106660273	IR	342	.	106603177	0.342	0.961	23	113169	106547086	106547286	106660073	106660277	347412011	106500000	106750000	0	1727	200	112787	wide
SUPER_3	120665696	120844491	IR	342	.	120754876	0.342	0.858	22	178867	120665696	120666140	120844073	120844491	347412011	120600000	120850000	22	2584	418	177933	wide
SUPER_3	134849717	134853365	IR	342	.	134851544	0.342	0.897	22	3634	134849717	134850135	134852951	134853365	347412011	134650000	134900000	22	3358	414	2816	spaced
SUPER_3	218793874	218803180	IR	342	.	218798680	0.342	0.948	22	9305	218793874	218794087	218802967	218803180	347412011	218750000	219000000	22	808	213	8880	spaced
SUPER_3	301870728	301885687	IR	342	.	301878219	0.342	0.771	22	15327	301870728	301871902	301884533	301885687	347412011	301800000	302050000	31	1303	1154	12631	spaced
SUPER_3	204192422	204197118	IR	342	.	204194977	0.342	0.847	20	4744	204192422	204192552	204196988	204197130	347412011	203950000	204200000	43	4079	130	4436	spaced
SUPER_3	274758011	274770543	IR	341	.	274764738	0.341	0.979	554	12503	274758011	274761401	274767197	274770543	347412011	274550000	274800000	0	3571	3346	5796	spaced
SUPER_3	169680297	169687804	IR	341	.	169683802	0.341	1.000	285	7650	169680297	169680754	169687347	169687804	347412011	169450000	169700000	111	3900	457	6593	spaced
SUPER_3	278007729	278050391	IR	341	.	278028748	0.341	0.920	145	42644	278007729	278009645	278048546	278050391	347412011	277850000	278100000	0	2984	1845	38901	spaced
SUPER_3	204779221	204784956	IR	341	.	204781865	0.341	0.993	143	7063	204779221	204779644	204784533	204784956	347412011	204700000	204950000	87	1368	423	4889	spaced
SUPER_3	133934883	133940052	IR	341	.	133937087	0.341	0.966	136	5140	133934883	133936090	133938847	133940052	347412011	133700000	133950000	0	3957	1205	2757	spaced
SUPER_3	251525785	251529330	IR	341	.	251527300	0.341	0.994	126	3521	251525785	251526627	251528488	251529330	347412011	251300000	251550000	0	3792	842	1861	immediate
SUPER_3	21448808	21501765	IR	341	.	21474822	0.341	0.889	122	52953	21448808	21451263	21499310	21501786	347412011	21400000	21650000	0	1254	2455	48047	spaced
SUPER_3	286838457	286919587	IR	341	.	286878522	0.341	0.904	119	80957	286838457	286843962	286914082	286919666	347412011	286750000	287000000	0	2150	5505	70120	spaced
SUPER_3	259573592	259581269	IR	341	.	259577007	0.341	0.955	113	7687	259573592	259574427	259580434	259581300	347412011	259350000	259600000	0	3790	835	6007	spaced
SUPER_3	242530431	242534750	IR	341	.	242532671	0.341	0.949	103	4406	242530431	242530944	242534260	242534750	347412011	242300000	242550000	103	3876	490	3316	spaced
SUPER_3	238071177	238078962	IR	341	.	238075224	0.341	1.000	70	7832	238071177	238071493	238078646	238078962	347412011	237950000	238200000	70	2084	316	7153	spaced
SUPER_3	168692890	168700745	IR	341	.	168697267	0.341	0.917	64	7828	168692890	168693647	168699989	168700745	347412011	168500000	168750000	0	3280	756	6342	spaced
SUPER_3	27723350	27725855	IR	341	.	27724952	0.341	1.000	59	2484	27723350	27723724	27725481	27725855	347412011	27500000	27750000	0	3743	374	1757	immediate
SUPER_3	197229845	197233396	IR	341	.	197231365	0.341	0.982	57	3531	197229845	197230289	197232952	197233396	347412011	197050000	197300000	0	3026	444	2663	spaced
SUPER_3	183523346	183537892	IR	341	.	183530678	0.341	0.996	55	14586	183523346	183523614	183537624	183537892	347412011	183400000	183650000	55	2176	268	14010	spaced
SUPER_3	53295602	53296905	IR	341	.	53296476	0.341	1.000	54	49368	53295602	53295638	53296869	53296905	347412011	53250000	53500000	4	770	36	1231	immediate
SUPER_3	222141714	222158193	IR	341	.	222149751	0.341	0.970	53	16417	222141714	222141778	222158129	222158195	347412011	221950000	222200000	1431	3332	64	16351	spaced
SUPER_3	64305780	64367984	IR	341	.	64336876	0.341	0.991	52	62356	64305780	64306097	64367667	64367984	347412011	64150000	64400000	52	3114	317	61570	spaced
SUPER_3	14157975	14161877	IR	341	.	14159645	0.341	0.778	50	3836	14157975	14158045	14161807	14161897	347412011	14150000	14400000	0	165	70	3762	spaced
SUPER_3	342195408	342243834	IR	341	.	342219837	0.341	0.639	40	48376	342195408	342195454	342243788	342243860	347412011	342000000	342250000	637	3660	46	48334	spaced
SUPER_3	117226358	117230546	IR	341	.	117227948	0.341	0.640	36	4102	117226358	117226498	117230460	117230546	347412011	117000000	117250000	0	3807	86	3962	spaced
SUPER_3	186546077	186560996	IR	341	.	186553858	0.341	0.807	34	14993	186546077	186546581	186560492	186561088	347412011	186350000	186600000	0	3392	504	13911	spaced
SUPER_3	36036997	36039250	IR	341	.	36038336	0.341	0.238	28	2207	36036997	36037039	36039208	36039310	347412011	35850000	36100000	288	3135	42	2169	spaced
SUPER_3	251494673	251500788	IR	341	.	251497909	0.341	0.859	26	6296	251494673	251494887	251500574	251500814	347412011	251350000	251600000	26	2462	214	5687	spaced
SUPER_3	291527807	291654996	IR	341	.	291590956	0.341	0.539	25	127140	291527807	291527901	291654945	291654996	347412011	291450000	291700000	0	2356	51	127044	wide
SUPER_3	297840148	297845542	IR	341	.	297842522	0.341	0.706	24	4979	297840148	297840760	297844947	297845542	347412011	297750000	298000000	0	1547	595	4187	spaced
SUPER_3	58478456	58480737	IR	341	.	58479596	0.341	0.750	23	2332	58478456	58478861	58480332	58480790	347412011	58250000	58500000	23	3826	405	1471	immediate
SUPER_3	74479974	74598702	IR	341	.	74538917	0.341	0.898	22	118680	74479974	74480522	74598159	74598702	347412011	74350000	74600000	0	3155	543	117637	wide
SUPER_3	190006815	190007057	IR	341	.	190006936	0.341	1.000	22	60312	190006815	190006917	190006955	190007057	347412011	189850000	190100000	22	2615	102	38	immediate
SUPER_3	197757039	197854388	IR	341	.	197806104	0.341	0.967	20	97328	197757039	197757249	197854178	197854388	347412011	197750000	198000000	0	928	210	96929	spaced
SUPER_3	344808294	345037095	IR	341	.	344922441	0.341	0.992	20	228758	344808294	344808416	345036973	345037095	347412011	344800000	345050000	0	2044	122	228557	wide
SUPER_3	199640457	199782372	IR	340	.	199710977	0.340	0.999	1403	141898	199640457	199648289	199774540	199782380	347412011	199550000	199800000	0	2690	7832	126251	wide
SUPER_3	87383955	87390355	IR	340	.	87387277	0.340	0.974	349	6721	87383955	87385534	87388776	87390397	347412011	87150000	87400000	349	3952	1579	3242	spaced
SUPER_3	87390729	87397189	IR	340	.	87393866	0.340	0.960	340	6737	87390729	87392337	87395645	87397189	347412011	87250000	87500000	340	2399	1544	3308	spaced
SUPER_3	104237350	104248944	IR	340	.	104243634	0.340	0.990	250	11579	104237350	104238909	104247385	104248948	347412011	104000000	104250000	0	4052	1559	8476	spaced
SUPER_3	63977319	63983179	IR	340	.	63980584	0.340	0.949	175	5883	63977319	63978321	63982177	63983233	347412011	63750000	64000000	0	3837	1002	3856	spaced
SUPER_3	225403618	225406089	IR	340	.	225404854	0.340	1.000	162	2609	225403618	225404381	225405326	225406089	347412011	225200000	225450000	162	3414	763	945	immediate
SUPER_3	225374767	225377238	IR	340	.	225376003	0.340	0.999	158	2609	225374767	225375530	225376475	225377238	347412011	225150000	225400000	158	3766	763	945	immediate
SUPER_3	241610536	241730667	IR	340	.	241670575	0.340	0.991	154	120291	241610536	241611415	241729788	241730667	347412011	241550000	241800000	154	2009	879	118373	wide
SUPER_3	257334029	257530033	IR	340	.	257432031	0.340	0.988	143	196289	257334029	257334915	257529147	257530033	347412011	257300000	257550000	145	2200	886	194232	wide
SUPER_3	290118540	290264202	IR	340	.	290191739	0.340	0.418	128	145680	290118540	290188443	290194299	290264293	347412011	290050000	290300000	0	2356	69903	5856	spaced
SUPER_3	198847887	198851239	IR	340	.	198849561	0.340	0.942	126	5657	198847887	198849294	198849832	198851244	347412011	198650000	198900000	126	3325	1407	538	immediate
SUPER_3	182504353	182506520	IR	340	.	182505564	0.340	0.977	116	2338	182504353	182504861	182506012	182506523	347412011	182300000	182550000	116	3423	508	1151	immediate
SUPER_3	182595017	182683773	IR	340	.	182639814	0.340	0.916	111	88737	182595017	182596357	182682460	182683773	347412011	182450000	182700000	0	3156	1313	86103	spaced
SUPER_3	212542653	212553054	IR	340	.	212547880	0.340	1.000	100	10567	212542653	212543088	212552619	212553054	347412011	212350000	212600000	100	3297	435	9531	spaced
SUPER_3	315797884	315823394	IR	340	.	315810345	0.340	0.972	95	25484	315797884	315798694	315822584	315823399	347412011	315650000	315900000	0	2677	810	23890	spaced
SUPER_3	238080416	238100025	IR	340	.	238090139	0.340	0.958	91	19677	238080416	238080968	238099489	238100025	347412011	237900000	238150000	93	3170	536	18521	spaced
SUPER_3	82008249	82014815	IR	340	.	82011903	0.340	0.893	90	6596	82008249	82008998	82014066	82014869	347412011	81800000	82050000	0	3525	749	5068	spaced
SUPER_3	23554003	23564258	IR	340	.	23558711	0.340	0.938	84	10229	23554003	23555023	23563253	23564258	347412011	23350000	23600000	0	3485	1005	8230	spaced
SUPER_3	111515454	111542196	IR	340	.	111528376	0.340	0.892	79	26741	111515454	111516334	111541316	111542219	347412011	111300000	111550000	0	3813	880	24982	spaced
SUPER_3	87788574	87803128	IR	340	.	87795910	0.340	0.937	72	14745	87788574	87789160	87802562	87803128	347412011	87600000	87850000	72	3264	566	13402	spaced
SUPER_3	103719373	103722779	IR	340	.	103720908	0.340	0.904	66	3471	103719373	103719804	103722348	103722793	347412011	103500000	103750000	66	3684	431	2544	spaced
SUPER_3	142086707	142096147	IR	340	.	142091095	0.340	0.966	64	9411	142086707	142087210	142095644	142096147	347412011	141900000	142150000	0	3190	503	8434	spaced
SUPER_3	218264775	218267798	IR	340	.	218266735	0.340	0.945	62	3019	218264775	218265464	218267109	218267817	347412011	218250000	218500000	0	271	689	1645	immediate
SUPER_3	210795665	210925070	IR	340	.	210860584	0.340	0.939	61	129567	210795665	210796539	210924196	210925076	347412011	210700000	210950000	61	2672	874	127657	wide
SUPER_3	306598570	306601325	IR	340	.	306599543	0.340	0.994	61	2738	306598570	306598902	306600993	306601325	347412011	306400000	306650000	0	3332	332	2091	spaced
SUPER_3	330106353	330263387	IR	340	.	330185101	0.340	0.803	59	160377	330106353	330113374	330256424	330263387	347412011	330100000	330350000	44	1414	6963	143050	wide
SUPER_3	170424707	170433638	IR	340	.	170428690	0.340	0.990	53	8905	170424707	170425103	170433242	170433638	347412011	170200000	170450000	0	3819	396	8139	spaced
SUPER_3	231145074	231340751	IR	340	.	231242730	0.340	0.976	53	195886	231145074	231145446	231340379	231340751	347412011	231100000	231350000	53	2381	372	194933	wide
SUPER_3	243642527	243645156	IR	340	.	243644094	0.340	0.967	52	2616	243642527	243643001	243644682	243645164	347412011	243450000	243700000	0	3230	474	1681	immediate
SUPER_3	200143237	200149567	IR	340	.	200146320	0.340	0.929	50	6409	200143237	200143615	200149189	200149582	347412011	199900000	200150000	50	4106	378	5574	spaced
SUPER_3	147828067	147830167	IR	340	.	147829294	0.340	0.940	46	2155	147828067	147828323	147829911	147830176	347412011	147800000	148050000	46	485	256	1588	immediate
SUPER_3	329227797	329414891	IR	340	.	329321194	0.340	0.836	44	187090	329227797	329229090	329413604	329414891	347412011	329200000	329450000	44	2022	1287	184514	wide
SUPER_3	256235979	256246212	IR	340	.	256241009	0.340	0.923	39	10270	256235979	256236729	256245462	256246224	347412011	256200000	256450000	39	684	750	8733	spaced
SUPER_3	232410229	232430747	IR	340	.	232420305	0.340	0.908	38	20660	232410229	232410501	232430475	232430770	347412011	232200000	232450000	38	3674	272	19974	spaced
SUPER_3	78717327	78898210	IR	340	.	78808258	0.340	0.634	35	180847	78717327	78717379	78898158	78898240	347412011	78700000	78950000	0	1796	52	180779	wide
SUPER_3	132420165	132425591	IR	340	.	132422372	0.340	1.000	34	5404	132420165	132420349	132425407	132425591	347412011	132200000	132450000	0	3714	184	5058	spaced
SUPER_3	208143743	208189770	IR	340	.	208166477	0.340	0.405	33	46000	208143743	208161053	208172522	208189770	347412011	208000000	208250000	0	2779	17248	11469	spaced
SUPER_3	271784431	271786987	IR	340	.	271786078	0.340	0.979	33	2527	271784431	271784715	271786703	271786988	347412011	271600000	271850000	0	3095	284	1988	immediate
SUPER_3	284076184	284166663	IR	340	.	284121614	0.340	0.725	33	90484	284076184	284077039	284165875	284166663	347412011	284050000	284300000	33	1190	788	88836	spaced
SUPER_3	192980507	193061313	IR	340	.	193021116	0.340	0.828	32	80758	192980507	192980555	193061265	193061323	347412011	192850000	193100000	438	2848	48	80710	spaced
SUPER_3	125985488	126063895	IR	340	.	126025182	0.340	0.982	30	78383	125985488	125985773	126063610	126063895	347412011	125850000	126100000	0	2911	285	77837	spaced
SUPER_3	92483185	92644780	IR	340	.	92563611	0.340	0.918	28	161571	92483185	92483607	92644358	92644786	347412011	92450000	92700000	0	1899	422	160751	wide
SUPER_3	214735115	214880613	IR	340	.	214807788	0.340	0.839	26	145557	214735115	214735387	214880370	214880613	347412011	214650000	214900000	26	2630	243	144983	wide
SUPER_3	74804821	74813825	IR	340	.	74809245	0.340	0.960	23	9029	74804821	74805023	74813624	74813825	347412011	74600000	74850000	23	3488	201	8601	spaced
SUPER_3	236728764	236731571	IR	340	.	236730244	0.340	0.969	21	2801	236728764	236728927	236731408	236731571	347412011	236700000	236950000	21	502	163	2481	spaced
SUPER_3	205147345	205159851	IR	339	.	205153208	0.339	0.975	389	12498	205147345	205150259	205156937	205159862	347412011	204950000	205200000	0	3393	2914	6678	spaced
SUPER_3	221405693	221417231	IR	339	.	221411797	0.339	0.986	353	11516	221405693	221408125	221414808	221417231	347412011	221200000	221450000	0	3524	2423	6683	spaced
SUPER_3	280915730	280919679	IR	339	.	280917249	0.339	1.000	240	3932	280915730	280917035	280918374	280919679	347412011	280700000	280950000	0	3628	1305	1339	immediate
SUPER_3	156110453	156129613	IR	339	.	156119592	0.339	0.950	225	19133	156110453	156111997	156128083	156129613	347412011	155950000	156200000	0	2833	1530	16086	spaced
SUPER_3	332457527	332486268	IR	339	.	332471853	0.339	0.970	214	29081	332457527	332459211	332484584	332486273	347412011	332450000	332700000	214	364	1684	25373	spaced
SUPER_3	119085083	119092318	IR	339	.	119089140	0.339	0.994	193	7221	119085083	119086252	119091149	119092322	347412011	118850000	119100000	0	3978	1169	4897	spaced
SUPER_3	175193868	175200982	IR	339	.	175197126	0.339	0.992	173	7096	175193868	175194911	175199939	175200982	347412011	175000000	175250000	0	3290	1043	5028	spaced
SUPER_3	93865529	93939553	IR	339	.	93902326	0.339	0.943	170	74284	93865529	93867257	93937860	93939553	347412011	93850000	94100000	170	875	1693	70603	spaced
SUPER_3	118912000	118914669	IR	339	.	118913823	0.339	0.965	101	2618	118912000	118912764	118913905	118914673	347412011	118850000	119100000	0	1055	764	1141	immediate
SUPER_3	226188616	226191833	IR	339	.	226189921	0.339	1.000	90	3185	226188616	226189114	226191335	226191833	347412011	225950000	226200000	0	4003	498	2221	spaced
SUPER_3	68466192	68468399	IR	339	.	68467296	0.339	0.997	83	2421	68466192	68466587	68468004	68468399	347412011	68250000	68500000	83	3621	395	1417	immediate
SUPER_3	126472965	126479765	IR	339	.	126476831	0.339	1.000	78	6768	126472965	126473346	126479384	126479765	347412011	126250000	126500000	0	3772	381	6038	spaced
SUPER_3	4332323	4343548	IR	339	.	4338313	0.339	0.979	74	11207	4332323	4332942	4342930	4343548	347412011	4100000	4350000	0	3965	618	9988	spaced
SUPER_3	157513378	157518471	IR	339	.	157516040	0.339	0.961	71	5130	157513378	157513949	157517901	157518471	347412011	157300000	157550000	71	3598	570	3952	spaced
SUPER_3	232337160	232345718	IR	339	.	232341870	0.339	0.896	65	8538	232337160	232338071	232344859	232345718	347412011	232150000	232400000	0	3190	859	6788	spaced
SUPER_3	18090616	18097079	IR	339	.	18093531	0.339	0.987	63	6442	18090616	18091065	18096630	18097079	347412011	17850000	18100000	0	4063	449	5565	spaced
SUPER_3	133054589	133202396	IR	339	.	133128778	0.339	0.928	63	147777	133054589	133055490	133201495	133202397	347412011	133000000	133250000	0	2141	901	146005	wide
SUPER_3	313324125	313483827	IR	339	.	313404200	0.339	0.967	60	159660	313324125	313324185	313483769	313483827	347412011	313300000	313550000	717	1732	58	159584	wide
SUPER_3	68606340	68608375	IR	339	.	68607010	0.339	0.980	57	2008	68606340	68606746	68607969	68608375	347412011	68400000	68650000	0	3455	406	1223	immediate
SUPER_3	6270517	6354351	IR	339	.	6312892	0.339	0.929	51	83803	6270517	6271419	6353450	6354351	347412011	6150000	6400000	0	2707	901	82031	spaced
SUPER_3	132339245	132395688	IR	339	.	132367283	0.339	0.942	51	56504	132339245	132340054	132394883	132395688	347412011	132150000	132400000	51	3624	805	54829	spaced
SUPER_3	261724903	261727470	IR	339	.	261726028	0.339	0.963	51	2592	261724903	261725309	261727064	261727471	347412011	261700000	261950000	51	436	406	1755	immediate
SUPER_3	266298571	266303316	IR	339	.	266301423	0.339	0.938	50	4660	266298571	266299339	266302548	266303322	347412011	266250000	266500000	0	848	768	3209	spaced
SUPER_3	347167390	347253389	IR	339	.	347210811	0.339	0.960	48	85964	347167390	347167819	347252961	347253389	347412011	347050000	347300000	0	2673	428	85142	spaced
SUPER_3	114740402	114800942	IR	339	.	114771000	0.339	0.925	47	60509	114740402	114741283	114800069	114800942	347412011	114600000	114850000	0	2844	873	58786	spaced
SUPER_3	164749979	164752119	IR	339	.	164751053	0.339	0.968	45	2206	164749979	164750264	164751841	164752119	347412011	164700000	164950000	45	850	278	1577	immediate
SUPER_3	18100174	18235784	IR	339	.	18168216	0.339	0.921	43	135590	18100174	18101064	18234899	18235784	347412011	18000000	18250000	0	2799	885	133835	wide
SUPER_3	150925409	150932975	IR	339	.	150929464	0.339	0.979	43	7538	150925409	150925789	150932595	150932976	347412011	150800000	151050000	0	2153	380	6806	spaced
SUPER_3	308626615	308631523	IR	339	.	308628852	0.339	0.891	43	5795	308626615	308627246	308630920	308631523	347412011	308400000	308650000	43	3817	603	3674	spaced
SUPER_3	38517935	38525831	IR	339	.	38521779	0.339	0.910	38	7896	38517935	38518348	38525418	38525837	347412011	38300000	38550000	38	3697	413	7070	spaced
SUPER_3	67916335	67926269	IR	339	.	67921345	0.339	0.973	38	9966	67916335	67916634	67925972	67926269	347412011	67700000	67950000	38	3688	297	9338	spaced
SUPER_3	149101189	149104192	IR	339	.	149102922	0.339	0.903	37	3052	149101189	149101758	149103641	149104192	347412011	148950000	149200000	33	2544	551	1883	immediate
SUPER_3	253531777	253543797	IR	339	.	253537376	0.339	0.890	37	11999	253531777	253532067	253543530	253543797	347412011	253500000	253750000	0	629	267	11463	spaced
SUPER_3	233557276	233660494	IR	339	.	233609234	0.339	0.907	35	103199	233557276	233558168	233659608	233660494	347412011	233500000	233750000	0	1814	886	101440	wide
SUPER_3	122960042	122978280	IR	339	.	122969376	0.339	1.000	34	18305	122960042	122960220	122978102	122978280	347412011	122950000	123200000	34	319	178	17882	spaced
SUPER_3	334422598	334426425	IR	339	.	334424407	0.339	0.884	34	3911	334422598	334423027	334426024	334426425	347412011	334200000	334450000	35	3741	401	2997	spaced
SUPER_3	205263992	205271791	IR	339	.	205267933	0.339	0.937	32	7822	205263992	205264214	205271580	205271791	347412011	205250000	205500000	32	298	211	7366	spaced
SUPER_3	267162494	267392725	IR	339	.	267277125	0.339	0.995	32	230212	267162494	267162687	267392532	267392725	347412011	267150000	267400000	0	2126	193	229845	wide
SUPER_3	68046687	68125027	IR	339	.	68086278	0.339	0.967	29	78312	68046687	68046925	68124789	68125028	347412011	67900000	68150000	0	3097	238	77864	spaced
SUPER_3	77309148	77317447	IR	339	.	77313554	0.339	1.000	29	8274	77309148	77309332	77317263	77317447	347412011	77100000	77350000	0	3554	184	7931	spaced
SUPER_3	232838656	232851447	IR	339	.	232844640	0.339	0.980	29	12773	232838656	232838901	232851202	232851448	347412011	232650000	232900000	0	3250	245	12301	spaced
SUPER_3	272209987	272215370	IR	339	.	272212209	0.339	0.853	29	5380	272209987	272210750	272214607	272215385	347412011	272050000	272300000	0	2711	763	3857	spaced
SUPER_3	302776453	302791913	IR	339	.	302784503	0.339	0.829	29	15443	302776453	302777087	302791293	302791913	347412011	302750000	303000000	0	569	620	14206	spaced
SUPER_3	70611842	70614832	IR	339	.	70613637	0.339	0.976	28	2961	70611842	70612050	70614624	70614836	347412011	70400000	70650000	0	3555	208	2574	spaced
SUPER_3	330611818	330630065	IR	339	.	330620675	0.339	0.926	28	18229	330611818	330612332	330629552	330630065	347412011	330600000	330850000	0	348	513	17220	spaced
SUPER_3	245270912	245273578	IR	339	.	245272282	0.339	0.981	27	2813	245270912	245271122	245273368	245273578	347412011	245050000	245300000	27	3703	210	2246	spaced
SUPER_3	280998762	281118991	IR	339	.	281058944	0.339	1.000	22	120220	280998762	280998869	281118884	281118991	347412011	280900000	281150000	22	2647	107	120015	wide
SUPER_3	107348592	107430612	IR	339	.	107390091	0.339	0.789	21	82088	107348592	107349117	107430087	107430698	347412011	107300000	107550000	0	1493	525	80970	spaced
SUPER_3	172860122	172864238	IR	339	.	172862576	0.339	0.967	21	4088	172860122	172860304	172864059	172864238	347412011	172700000	172950000	0	2702	179	3755	spaced
SUPER_3	328326664	328432376	IR	339	.	328379814	0.339	0.914	20	105644	328326664	328326996	328432044	328432378	347412011	328200000	328450000	0	2991	332	105048	wide
SUPER_3	247949905	247959850	IR	338	.	247954666	0.338	0.961	259	10248	247949905	247951808	247957947	247959850	347412011	247750000	248000000	259	3414	1903	6139	spaced
SUPER_3	103578733	103584896	IR	338	.	103581497	0.338	0.995	218	6139	103578733	103580010	103583619	103584896	347412011	103350000	103600000	0	3863	1277	3609	spaced
SUPER_3	277719363	277843413	IR	338	.	277781306	0.338	0.934	207	124312	277719363	277720381	277842461	277843413	347412011	277700000	277950000	207	1356	952	122080	wide
SUPER_3	177622715	177747460	IR	338	.	177684750	0.338	0.936	148	124728	177622715	177624623	177745594	177747460	347412011	177550000	177800000	0	2251	1866	120971	wide
SUPER_3	167498015	167504707	IR	338	.	167500918	0.338	0.996	142	6663	167498015	167498913	167503809	167504707	347412011	167300000	167550000	0	3355	898	4896	spaced
SUPER_3	156609431	156617224	IR	338	.	156613195	0.338	0.979	113	7902	156609431	156610061	156616603	156617224	347412011	156550000	156800000	113	1055	621	6542	spaced
SUPER_3	274975975	274978474	IR	338	.	274977427	0.338	0.993	113	2631	274975975	274976575	274977874	274978474	347412011	274850000	275100000	114	2120	600	1299	immediate
SUPER_3	162217264	162219402	IR	338	.	162218332	0.338	0.981	96	2220	162217264	162217678	162218990	162219402	347412011	162000000	162250000	96	3638	412	1312	immediate
SUPER_3	308506875	308525677	IR	338	.	308516266	0.338	0.891	94	19087	308506875	308508129	308524423	308525679	347412011	308300000	308550000	94	3604	1254	16294	spaced
SUPER_3	178286594	178289797	IR	338	.	178288159	0.338	0.998	92	3252	178286594	178287061	178289330	178289797	347412011	178050000	178300000	92	3969	467	2269	spaced
SUPER_3	202119100	202121882	IR	338	.	202120491	0.338	0.987	69	2897	202119100	202119544	202121438	202121883	347412011	201950000	202200000	69	2841	444	1894	immediate
SUPER_3	145581105	145587433	IR	338	.	145583914	0.338	0.966	67	6322	145581105	145581596	145586942	145587444	347412011	145350000	145600000	0	3904	491	5346	spaced
SUPER_3	305104850	305120602	IR	338	.	305113045	0.338	0.953	67	15729	305104850	305105750	305119702	305120610	347412011	304900000	305150000	0	3545	900	13952	spaced
SUPER_3	227910673	228126450	IR	338	.	228018195	0.338	0.993	62	215757	227910673	227911083	228126040	228126450	347412011	227900000	228150000	0	1975	410	214957	wide
SUPER_3	256990697	257123160	IR	338	.	257056694	0.338	0.806	56	132415	256990697	256990759	257123110	257123160	347412011	256900000	257150000	674	2615	50	132351	wide
SUPER_3	102541325	102743130	IR	338	.	102641795	0.338	0.955	55	201781	102541325	102541896	102742559	102743132	347412011	102500000	102750000	0	2370	571	200663	wide
SUPER_3	209784461	209786894	IR	338	.	209785372	0.338	0.979	53	2407	209784461	209784881	209786474	209786894	347412011	209550000	209800000	0	3927	420	1593	immediate
SUPER_3	101902733	101905083	IR	338	.	101903629	0.338	0.952	52	2331	101902733	101903189	101904640	101905083	347412011	101700000	101950000	0	3398	443	1451	immediate
SUPER_3	236650368	236655025	IR	338	.	236652868	0.338	0.932	44	4706	236650368	236650932	236654461	236655029	347412011	236450000	236700000	44	3378	564	3529	spaced
SUPER_3	51751615	51794660	IR	338	.	51772635	0.338	0.426	43	43026	51751615	51763217	51783086	51794660	347412011	51650000	51900000	0	2052	11574	19869	spaced
SUPER_3	291217183	291342401	IR	338	.	291279897	0.338	0.878	43	125706	291217183	291218267	291341320	291342401	347412011	291100000	291350000	43	2996	1081	123053	wide
SUPER_3	198939349	199007307	IR	338	.	198972862	0.338	0.821	40	67658	198939349	198940310	199006351	199007307	347412011	198800000	199050000	0	2888	956	66041	spaced
SUPER_3	230251141	230346341	IR	338	.	230298942	0.338	0.980	39	95242	230251141	230251445	230346037	230346341	347412011	230200000	230450000	39	1645	304	94592	spaced
SUPER_3	52613941	52724284	IR	338	.	52669447	0.338	0.697	33	110323	52613941	52615002	52723271	52724284	347412011	52500000	52750000	0	2818	1013	108269	wide
SUPER_3	215951825	216054349	IR	338	.	216002615	0.338	0.919	33	102463	215951825	215952304	216053872	216054349	347412011	215950000	216200000	0	884	477	101568	wide
SUPER_3	237637831	237637910	IR	338	.	237637855	0.338	0.982	33	5429	237637831	237637886	237637855	237637911	347412011	237400000	237650000	788	3964	55	-31	overlap
SUPER_3	237637829	237637905	IR	338	.	237637855	0.338	0.930	33	5429	237637829	237637882	237637852	237637909	347412011	237500000	237750000	771	2297	53	-30	overlap
SUPER_3	237637831	237637910	IR	338	.	237637855	0.338	0.982	33	5429	237637831	237637886	237637855	237637911	347412011	237550000	237800000	788	1464	55	-31	overlap
SUPER_3	165036395	165136594	IR	338	.	165086400	0.338	0.893	31	100207	165036395	165036930	165136061	165136594	347412011	164900000	165150000	31	3108	533	99131	spaced
SUPER_3	237637827	237637889	IR	338	.	237637855	0.338	0.837	31	5429	237637827	237637868	237637848	237637897	347412011	237450000	237700000	382	3130	41	-20	overlap
SUPER_3	237637827	237637889	IR	338	.	237637855	0.338	0.837	31	5429	237637827	237637868	237637848	237637897	347412011	237600000	237850000	382	630	41	-20	overlap
SUPER_3	46419211	46422030	IR	338	.	46421008	0.338	0.865	30	2831	46419211	46419521	46421720	46422059	347412011	46250000	46500000	0	2843	310	2199	spaced
SUPER_3	116117684	116146039	IR	338	.	116132063	0.338	0.916	30	28441	116117684	116118368	116145355	116146042	347412011	116100000	116350000	30	530	684	26987	spaced
SUPER_3	76692916	76822492	IR	338	.	76757509	0.338	0.392	29	129593	76692916	76755585	76759895	76822492	347412011	76600000	76850000	29	2628	62597	4310	spaced
SUPER_3	247120395	247122855	IR	338	.	247121310	0.338	0.375	29	2424	247120395	247120481	247122815	247122855	347412011	246950000	247200000	0	2860	40	2334	spaced
SUPER_3	329829300	329877201	IR	338	.	329853020	0.338	0.843	29	48292	329829300	329829774	329876727	329877212	347412011	329650000	329900000	29	3387	474	46953	spaced
SUPER_3	280500112	280540164	IR	338	.	280520102	0.338	0.872	28	40311	280500112	280500857	280539419	280540171	347412011	280300000	280550000	28	3668	745	38562	spaced
SUPER_3	6605063	6662263	IR	338	.	6633448	0.338	0.952	27	57214	6605063	6605399	6661928	6662263	347412011	6450000	6700000	27	3060	335	56529	spaced
SUPER_3	119869604	119873344	IR	338	.	119871163	0.338	0.961	27	3717	119869604	119869966	119872983	119873344	347412011	119650000	119900000	0	3691	361	3017	spaced
SUPER_3	238216370	238322553	IR	338	.	238269204	0.338	0.639	26	106137	238216370	238216416	238322507	238322579	347412011	238100000	238350000	0	2824	46	106091	wide
SUPER_3	237653559	237672269	IR	338	.	237663213	0.338	0.834	25	18689	237653559	237654118	237671738	237672269	347412011	237650000	237900000	0	215	531	17620	spaced
SUPER_3	124339037	124341727	IR	338	.	124340448	0.338	0.965	24	2687	124339037	124339208	124341560	124341727	347412011	124250000	124500000	24	1506	167	2352	spaced
SUPER_3	240410136	240603597	IR	338	.	240507352	0.338	0.970	24	193437	240410136	240410302	240603431	240603598	347412011	240400000	240650000	0	1780	166	193129	wide
SUPER_3	90218524	90220883	IR	338	.	90219274	0.338	0.879	22	2338	90218524	90218738	90220685	90220883	347412011	90150000	90400000	0	1161	198	1947	immediate
SUPER_3	15218383	15399102	IR	338	.	15309108	0.338	0.888	21	180710	15218383	15218589	15398896	15399120	347412011	15150000	15400000	0	2645	206	180307	wide
SUPER_3	100564062	100660365	IR	338	.	100611874	0.338	0.854	21	96220	100564062	100564830	100659597	100660390	347412011	100450000	100700000	0	2703	768	94767	spaced
SUPER_3	248318620	248365654	IR	338	.	248342137	0.338	0.396	21	47074	248318620	248341576	248342698	248365707	347412011	248150000	248400000	21	3202	22956	1122	immediate
SUPER_3	258572517	258575352	IR	338	.	258573501	0.338	0.911	21	2810	258572517	258572877	258575006	258575352	347412011	258550000	258800000	0	398	346	2129	spaced
SUPER_3	76671911	76680051	IR	338	.	76675670	0.338	0.941	20	8126	76671911	76672145	76679817	76680055	347412011	76450000	76700000	0	3766	234	7672	spaced
SUPER_3	213112196	213172822	IR	338	.	213142526	0.338	0.778	20	60578	213112196	213112238	213172780	213172834	347412011	212950000	213200000	140	3208	42	60542	spaced
SUPER_3	249202028	249205396	IR	338	.	249203578	0.338	0.880	20	3369	249202028	249202212	249205227	249205396	347412011	249100000	249350000	20	1728	169	3015	spaced
SUPER_3	284455027	284472758	IR	337	.	284464267	0.337	0.955	350	17683	284455027	284460406	284467379	284472759	347412011	284450000	284700000	0	231	5379	6973	spaced
SUPER_3	254687752	254702150	IR	337	.	254694644	0.337	0.962	341	14289	254687752	254691691	254698222	254702150	347412011	254500000	254750000	0	3249	3928	6531	spaced
SUPER_3	249600033	249610939	IR	337	.	249605935	0.337	0.972	285	10881	249600033	249602700	249608272	249610939	347412011	249600000	249850000	0	91	2667	5572	spaced
SUPER_3	324691915	324749432	IR	337	.	324720800	0.337	0.781	222	58307	324691915	324695961	324745386	324749445	347412011	324500000	324750000	222	3677	4046	49425	spaced
SUPER_3	96597175	96605589	IR	337	.	96601679	0.337	0.925	188	8450	96597175	96598360	96604404	96605650	347412011	96400000	96650000	0	3356	1185	6044	spaced
SUPER_3	85390624	85399907	IR	337	.	85395351	0.337	0.690	167	9540	85390624	85395133	85395442	85399907	347412011	85300000	85550000	205	1587	4465	309	immediate
SUPER_3	206545243	206646576	IR	337	.	206595693	0.337	0.929	139	101530	206545243	206546281	206645538	206646613	347412011	206500000	206750000	139	1598	1038	99257	spaced
SUPER_3	16256625	16268526	IR	337	.	16262799	0.337	0.980	136	12587	16256625	16257083	16268068	16268529	347412011	16100000	16350000	84	2709	458	10985	spaced
SUPER_3	216827094	216830383	IR	337	.	216828739	0.337	0.972	122	3498	216827094	216827879	216829598	216830388	347412011	216600000	216850000	122	3812	785	1719	immediate
SUPER_3	230191613	230203378	IR	337	.	230197953	0.337	0.756	122	11733	230191613	230193056	230202027	230203378	347412011	230050000	230300000	0	2458	1351	8971	spaced
SUPER_3	57754504	57767567	IR	337	.	57761108	0.337	0.986	120	13269	57754504	57755079	57766992	57767575	347412011	57550000	57800000	120	3517	575	11913	spaced
SUPER_3	206983739	207008357	IR	337	.	206996083	0.337	0.862	117	24868	206983739	206984794	207007302	207008376	347412011	206800000	207050000	117	3267	1055	22508	spaced
SUPER_3	52870400	52883993	IR	337	.	52877003	0.337	0.975	96	13694	52870400	52870833	52883560	52883993	347412011	52650000	52900000	96	3786	433	12727	spaced
SUPER_3	54381234	54386275	IR	337	.	54384084	0.337	0.980	94	5013	54381234	54382030	54385481	54386275	347412011	54150000	54400000	0	3895	794	3451	spaced
SUPER_3	13365054	13369912	IR	337	.	13367531	0.337	0.989	90	4938	13365054	13365610	13369356	13369912	347412011	13200000	13450000	90	2791	556	3746	spaced
SUPER_3	160459021	160466182	IR	337	.	160462801	0.337	0.998	88	7268	160459021	160459453	160465750	160466182	347412011	160400000	160650000	88	1043	432	6297	spaced
SUPER_3	208621344	208624645	IR	337	.	208623347	0.337	0.987	88	3257	208621344	208621937	208624053	208624645	347412011	208400000	208650000	0	3716	592	2116	spaced
SUPER_3	16227743	16230513	IR	337	.	16229354	0.337	0.969	76	2950	16227743	16228122	16230138	16230513	347412011	16000000	16250000	76	3818	375	2016	spaced
SUPER_3	96978366	97118331	IR	337	.	97048829	0.337	0.968	72	139940	96978366	96978930	97117768	97118331	347412011	96900000	97150000	0	2472	563	138838	wide
SUPER_3	209050157	209069280	IR	337	.	209059852	0.337	0.977	70	19256	209050157	209050676	209068761	209069280	347412011	208850000	209100000	70	3495	519	18085	spaced
SUPER_3	239404560	239412369	IR	337	.	239408589	0.337	0.977	68	7908	239404560	239404994	239411935	239412369	347412011	239200000	239450000	68	3474	434	6941	spaced
SUPER_3	289001268	289049099	IR	337	.	289024711	0.337	0.981	64	47792	289001268	289001636	289048735	289049099	347412011	288800000	289050000	0	3752	364	47099	spaced
SUPER_3	202181349	202200377	IR	337	.	202190537	0.337	0.903	62	18991	202181349	202182213	202199536	202200377	347412011	202050000	202300000	0	2347	841	17323	spaced
SUPER_3	297400252	297447462	IR	337	.	297424181	0.337	0.784	55	47226	297400252	297403731	297443983	297447496	347412011	297400000	297650000	0	397	3479	40252	spaced
SUPER_3	39121784	39136266	IR	337	.	39129108	0.337	0.952	53	14529	39121784	39122055	39136006	39136266	347412011	39000000	39250000	53	2150	260	13951	spaced
SUPER_3	280457972	280468184	IR	337	.	280462701	0.337	0.701	52	10158	280457972	280458106	280468090	280468184	347412011	280400000	280650000	0	1051	94	9984	spaced
SUPER_3	137657067	137824471	IR	337	.	137740350	0.337	0.534	51	167370	137657067	137657125	137824413	137824521	347412011	137600000	137850000	0	2346	58	167288	wide
SUPER_3	94136010	94143650	IR	337	.	94140016	0.337	0.870	46	7657	94136010	94136339	94143351	94143650	347412011	93950000	94200000	46	3163	299	7012	spaced
SUPER_3	231882656	231886092	IR	337	.	231884327	0.337	0.884	46	3538	231882656	231883103	231885646	231886092	347412011	231850000	232100000	46	572	446	2543	spaced
SUPER_3	34400351	34581680	IR	337	.	34490520	0.337	0.938	45	181303	34400351	34400779	34581257	34581680	347412011	34350000	34600000	0	2350	423	180478	wide
SUPER_3	45453746	45698415	IR	337	.	45576001	0.337	0.778	43	244650	45453746	45453894	45698267	45698446	347412011	45450000	45700000	187	2101	148	244373	wide
SUPER_3	100531431	100534137	IR	337	.	100532362	0.337	0.932	41	2685	100531431	100531902	100533680	100534137	347412011	100300000	100550000	0	3879	457	1778	immediate
SUPER_3	178431425	178639138	IR	337	.	178535218	0.337	0.983	39	207740	178431425	178431666	178638897	178639138	347412011	178400000	178650000	39	2254	241	207231	wide
SUPER_3	66921828	66927127	IR	337	.	66924210	0.337	0.942	37	5255	66921828	66922383	66926578	66927127	347412011	66750000	67000000	0	2907	549	4195	spaced
SUPER_3	144062386	144066235	IR	337	.	144063990	0.337	0.765	37	3873	144062386	144063231	144065390	144066288	347412011	143900000	144150000	0	2738	845	2159	spaced
SUPER_3	216885602	216887786	IR	337	.	216887126	0.337	0.435	37	2140	216885602	216885648	216887740	216887834	347412011	216700000	216950000	0	3111	46	2092	spaced
SUPER_3	86382727	86441135	IR	337	.	86411558	0.337	0.978	34	58390	86382727	86383042	86440820	86441135	347412011	86200000	86450000	0	3532	315	57778	spaced
SUPER_3	331582275	331598695	IR	337	.	331590480	0.337	0.815	32	16444	331582275	331582488	331598490	331598695	347412011	331400000	331650000	32	3174	205	16002	spaced
SUPER_3	137395246	137398692	IR	337	.	137396851	0.337	0.932	31	3459	137395246	137395639	137398305	137398692	347412011	137200000	137450000	31	3282	387	2666	spaced
SUPER_3	343116681	343121984	IR	337	.	343119304	0.337	0.785	31	5344	343116681	343116918	343121747	343122022	347412011	342900000	343150000	31	3655	237	4829	spaced
SUPER_3	127401420	127436934	IR	337	.	127419202	0.337	0.852	29	35688	127401420	127401789	127436565	127436977	347412011	127250000	127500000	29	2819	369	34776	spaced
SUPER_3	21067192	21107212	IR	337	.	21086995	0.337	0.970	28	40142	21067192	21067394	21107012	21107212	347412011	20900000	21150000	28	3119	200	39618	spaced
SUPER_3	142096403	142098837	IR	337	.	142097619	0.337	0.836	26	2436	142096403	142096771	142098506	142098837	347412011	142000000	142250000	26	1626	331	1735	immediate
SUPER_3	156624975	156687666	IR	337	.	156656762	0.337	0.944	24	62673	156624975	156625397	156687244	156687668	347412011	156600000	156850000	0	938	422	61847	spaced
SUPER_3	305995052	306095644	IR	337	.	306044950	0.337	0.923	22	100534	305995052	305995431	306095268	306095644	347412011	305850000	306100000	0	3255	376	99837	spaced
SUPER_3	74458906	74469467	IR	337	.	74464163	0.337	0.929	21	10570	74458906	74459159	74469216	74469467	347412011	74250000	74500000	21	3569	251	10057	spaced
SUPER_3	75605856	75612724	IR	337	.	75609627	0.337	1.000	21	6847	75605856	75605990	75612590	75612724	347412011	75600000	75850000	0	154	134	6600	spaced
SUPER_3	31109649	31221016	IR	337	.	31165475	0.337	0.958	20	111346	31109649	31109862	31220805	31221016	347412011	31000000	31250000	20	2755	211	110943	wide
SUPER_3	86913107	86915362	IR	337	.	86914175	0.337	0.960	20	2243	86913107	86913284	86915185	86915362	347412011	86800000	87050000	20	1903	177	1901	immediate
SUPER_3	147522313	147565404	IR	337	.	147543360	0.337	0.937	20	43071	147522313	147522628	147565094	147565404	347412011	147350000	147600000	0	3230	310	42466	spaced
SUPER_3	346661250	346722879	IR	337	.	346691777	0.337	0.970	20	61609	346661250	346661447	346722682	346722880	347412011	346500000	346750000	0	3200	197	61235	spaced
SUPER_3	318806297	318829973	IR	336	.	318818232	0.336	0.960	507	25158	318806297	318812276	318823994	318829982	347412011	318600000	318850000	507	3635	5979	11718	spaced
SUPER_3	245328185	245340618	IR	336	.	245334171	0.336	0.949	351	12788	245328185	245331253	245337561	245340618	347412011	245100000	245350000	351	3906	3057	6308	spaced
SUPER_3	220609257	220623728	IR	336	.	220616782	0.336	0.983	288	14452	220609257	220611385	220621609	220623728	347412011	220400000	220650000	0	3608	2119	10224	spaced
SUPER_3	217117943	217130531	IR	336	.	217123861	0.336	0.961	282	12548	217117943	217121294	217127180	217130532	347412011	216900000	217150000	0	3737	3351	5886	spaced
SUPER_3	264812763	264825491	IR	336	.	264819157	0.336	0.993	281	13095	264812763	264814384	264823870	264825491	347412011	264600000	264850000	281	3651	1621	9486	spaced
SUPER_3	2966567	2969482	IR	336	.	2968025	0.336	0.998	253	3340	2966567	2967768	2968281	2969482	347412011	2850000	3100000	257	1966	1201	513	immediate
SUPER_3	315371357	315384968	IR	336	.	315377723	0.336	0.991	142	13588	315371357	315372277	315384048	315384970	347412011	315150000	315400000	0	3802	920	11771	spaced
SUPER_3	129080152	129084483	IR	336	.	129082558	0.336	0.977	135	4310	129080152	129081280	129083355	129084489	347412011	128950000	129200000	0	2205	1128	2075	spaced
SUPER_3	154024643	154039086	IR	336	.	154031867	0.336	0.981	116	14590	154024643	154025121	154038608	154039090	347412011	153800000	154050000	116	3864	478	13487	spaced
SUPER_3	105816105	105977582	IR	336	.	105896575	0.336	0.954	81	161459	105816105	105817144	105976548	105977582	347412011	105750000	106000000	0	2447	1034	159404	wide
SUPER_3	200217511	200231890	IR	336	.	200224506	0.336	0.987	77	14464	200217511	200217897	200231504	200231893	347412011	200000000	200250000	77	3744	386	13607	spaced
SUPER_3	198747777	198821251	IR	336	.	198784860	0.336	0.631	72	73495	198747777	198749897	198819131	198821318	347412011	198600000	198850000	0	3075	2120	69234	spaced
SUPER_3	7496301	7497142	IR	336	.	7496482	0.336	1.000	64	72274	7496301	7496587	7496856	7497142	347412011	7300000	7550000	64	3278	286	269	immediate
SUPER_3	284309484	284400976	IR	336	.	284355612	0.336	0.883	62	91468	284309484	284310614	284399892	284400976	347412011	284200000	284450000	0	2587	1084	89278	spaced
SUPER_3	114395901	114399456	IR	336	.	114397966	0.336	0.955	61	3509	114395901	114396605	114398755	114399456	347412011	114150000	114400000	0	4127	701	2150	spaced
SUPER_3	161519476	161556294	IR	336	.	161537601	0.336	0.789	59	36787	161519476	161521303	161554552	161556294	347412011	161350000	161600000	0	3131	1742	33249	spaced
SUPER_3	73386285	73390748	IR	336	.	73388644	0.336	0.988	58	4505	73386285	73386624	73390409	73390750	347412011	73150000	73400000	58	3975	339	3785	spaced
SUPER_3	299592385	299597534	IR	336	.	299594536	0.336	0.990	55	5121	299592385	299592794	299597126	299597534	347412011	299350000	299600000	0	4082	408	4332	spaced
SUPER_3	71197637	71360751	IR	336	.	71279510	0.336	0.400	54	163049	71197637	71266791	71291597	71360798	347412011	71150000	71400000	0	2153	69154	24806	spaced
SUPER_3	260777996	260779453	IR	336	.	260778603	0.336	0.986	54	9556	260777996	260778341	260779108	260779453	347412011	260750000	261000000	54	478	345	767	immediate
SUPER_3	227563186	227567916	IR	336	.	227565973	0.336	0.973	52	4714	227563186	227563511	227567591	227567924	347412011	227350000	227600000	0	3592	325	4080	spaced
SUPER_3	65421489	65620514	IR	336	.	65520569	0.336	0.942	48	199006	65421489	65422138	65619865	65620516	347412011	65400000	65650000	0	2016	649	197727	wide
SUPER_3	167757791	167851177	IR	336	.	167804540	0.336	0.614	47	93354	167757791	167757865	167851133	167851177	347412011	167650000	167900000	560	2574	44	93268	spaced
SUPER_3	163669410	163751863	IR	336	.	163710638	0.336	0.933	46	82476	163669410	163669804	163751470	163751863	347412011	163650000	163900000	46	1010	393	81666	spaced
SUPER_3	75340149	75347699	IR	336	.	75343666	0.336	0.982	45	7521	75340149	75340529	75347319	75347699	347412011	75100000	75350000	0	4065	380	6790	spaced
SUPER_3	127976162	128093198	IR	336	.	128034993	0.336	0.832	44	117015	127976162	127977126	128092327	128093198	347412011	127950000	128200000	0	1411	871	115201	wide
SUPER_3	224367463	224415784	IR	336	.	224391503	0.336	0.682	43	48265	224367463	224367523	224415724	224415812	347412011	224350000	224600000	725	693	60	48201	spaced
SUPER_3	71729129	71761266	IR	336	.	71745617	0.336	0.993	39	32111	71729129	71729433	71760962	71761266	347412011	71550000	71800000	0	3253	304	31529	spaced
SUPER_3	153137650	153243641	IR	336	.	153190455	0.336	0.972	39	106019	153137650	153137934	153243357	153243641	347412011	153000000	153250000	39	3177	284	105423	wide
SUPER_3	129823606	129882785	IR	336	.	129852903	0.336	0.917	35	59145	129823606	129824193	129882198	129882803	347412011	129650000	129900000	0	3386	587	58005	spaced
SUPER_3	8753456	8786864	IR	336	.	8769752	0.336	0.990	31	33389	8753456	8753659	8786661	8786864	347412011	8600000	8850000	0	2835	203	33002	spaced
SUPER_3	86118922	86127647	IR	336	.	86123485	0.336	0.956	31	8743	86118922	86119218	86127351	86127649	347412011	86100000	86350000	31	387	296	8133	spaced
SUPER_3	173603428	173607152	IR	336	.	173605477	0.336	0.949	29	3732	173603428	173603679	173606901	173607156	347412011	173400000	173650000	29	3421	251	3222	spaced
SUPER_3	132864068	132868136	IR	336	.	132866496	0.336	0.803	26	4044	132864068	132864876	132867337	132868136	347412011	132650000	132900000	0	3601	799	2461	spaced
SUPER_3	61766332	61789344	IR	336	.	61777619	0.336	0.941	25	23007	61766332	61766601	61789075	61789347	347412011	61550000	61800000	25	3797	269	22474	spaced
SUPER_3	10713318	10716198	IR	336	.	10715058	0.336	0.863	24	2829	10713318	10713792	10715761	10716198	347412011	10500000	10750000	0	3579	437	1969	immediate
SUPER_3	64944468	64993534	IR	336	.	64969272	0.336	0.950	24	49043	64944468	64944728	64993278	64993534	347412011	64750000	65000000	0	3649	256	48550	spaced
SUPER_3	291935201	291969721	IR	336	.	291952848	0.336	0.766	22	34495	291935201	291936073	291968897	291969721	347412011	291750000	292000000	0	3374	824	32824	spaced
SUPER_3	148204932	148209095	IR	336	.	148206793	0.336	0.910	21	4160	148204932	148205209	148208818	148209106	347412011	148050000	148300000	21	2616	277	3609	spaced
SUPER_3	40959275	40992584	IR	336	.	40975635	0.336	0.906	20	33287	40959275	40959791	40992071	40992584	347412011	40750000	41000000	0	3765	513	32280	spaced
SUPER_3	137974519	138161579	IR	336	.	138067895	0.336	0.940	20	187051	137974519	137974701	138161397	138161580	347412011	137950000	138200000	20	1967	182	186696	wide
SUPER_3	225507531	225618983	IR	335	.	225562864	0.335	0.934	220	111431	225507531	225509554	225617014	225618983	347412011	225450000	225700000	0	1887	1969	107460	wide
SUPER_3	307606727	307614466	IR	335	.	307610939	0.335	0.992	190	7717	307606727	307607909	307613288	307614466	347412011	307400000	307650000	0	3509	1178	5379	spaced
SUPER_3	115043046	115049137	IR	335	.	115046424	0.335	0.601	172	6145	115043046	115046091	115046092	115049216	347412011	114850000	115100000	0	3268	3045	1	immediate
SUPER_3	323043445	323049419	IR	335	.	323046493	0.335	0.994	162	6129	323043445	323044244	323048620	323049419	347412011	322950000	323200000	163	1607	799	4376	spaced
SUPER_3	325960361	325964037	IR	335	.	325962192	0.335	0.987	158	3988	325960361	325961173	325963225	325964039	347412011	325750000	326000000	158	3536	812	2052	spaced
SUPER_3	106199293	106208400	IR	335	.	106204067	0.335	0.998	140	9286	106199293	106199922	106207771	106208400	347412011	106000000	106250000	140	3397	629	7849	spaced
SUPER_3	55651124	55707417	IR	335	.	55678989	0.335	0.987	139	56274	55651124	55652080	55706461	55707417	347412011	55500000	55750000	0	2987	956	54381	spaced
SUPER_3	205732099	205749354	IR	335	.	205740362	0.335	0.964	113	17234	205732099	205733107	205748347	205749354	347412011	205550000	205800000	0	3178	1007	15240	spaced
SUPER_3	314136603	314164984	IR	335	.	314150371	0.335	0.829	95	20762	314136603	314147935	314153652	314165023	347412011	314000000	314250000	0	2513	11332	5717	spaced
SUPER_3	148733271	148919481	IR	335	.	148825883	0.335	0.973	87	186192	148733271	148734161	148918591	148919481	347412011	148700000	148950000	0	2106	890	184430	wide
SUPER_3	283846796	283886995	IR	335	.	283866453	0.335	0.879	74	40179	283846796	283847799	283885996	283886995	347412011	283650000	283900000	0	3614	999	38197	spaced
SUPER_3	265162676	265167480	IR	335	.	265165546	0.335	0.988	69	4775	265162676	265163196	265166960	265167480	347412011	265150000	265400000	0	251	520	3764	spaced
SUPER_3	197186128	197193869	IR	335	.	197189596	0.335	0.991	65	7708	197186128	197186582	197193415	197193870	347412011	196950000	197200000	0	3999	454	6833	spaced
SUPER_3	277052460	277109677	IR	335	.	277080599	0.335	0.410	62	35839	277052460	277074319	277087818	277109693	347412011	276900000	277150000	0	3017	21859	13499	spaced
SUPER_3	61504085	61588468	IR	335	.	61545832	0.335	0.933	59	84376	61504085	61504987	61587566	61588479	347412011	61350000	61600000	0	3271	902	82579	spaced
SUPER_3	147815516	147821418	IR	335	.	147818458	0.335	1.000	59	5953	147815516	147815781	147821153	147821418	347412011	147600000	147850000	59	3640	265	5372	spaced
SUPER_3	204972393	204974925	IR	335	.	204973659	0.335	0.978	57	2565	204972393	204972752	204974566	204974926	347412011	204750000	205000000	57	3727	359	1814	immediate
SUPER_3	252768430	252782720	IR	335	.	252775756	0.335	0.996	57	14332	252768430	252768694	252782456	252782721	347412011	252550000	252800000	57	3759	264	13762	spaced
SUPER_3	65644232	65768994	IR	335	.	65707062	0.335	0.870	56	124742	65644232	65645081	65768209	65768994	347412011	65550000	65800000	0	2610	785	123128	wide
SUPER_3	147745323	147751229	IR	335	.	147748285	0.335	0.996	55	5953	147745323	147745594	147750958	147751229	347412011	147550000	147800000	55	3304	271	5364	spaced
SUPER_3	229205367	229208194	IR	335	.	229206585	0.335	0.990	54	2864	229205367	229205671	229207890	229208194	347412011	229000000	229250000	54	3446	304	2219	spaced
SUPER_3	161878642	161916240	IR	335	.	161897891	0.335	0.890	53	37581	161878642	161879411	161915520	161916240	347412011	161700000	161950000	0	3290	720	36109	spaced
SUPER_3	147662563	147671348	IR	335	.	147666974	0.335	0.909	50	9017	147662563	147662972	147670939	147671359	347412011	147450000	147700000	50	3615	409	7967	spaced
SUPER_3	324831035	324833631	IR	335	.	324831921	0.335	0.927	47	2554	324831035	324831111	324833555	324833637	347412011	324600000	324850000	0	3872	76	2444	spaced
SUPER_3	51731892	51733856	IR	335	.	51732877	0.335	0.946	46	2038	51731892	51732291	51733457	51733861	347412011	51500000	51750000	46	3881	399	1166	immediate
SUPER_3	284514528	284561772	IR	335	.	284538529	0.335	0.920	45	47223	284514528	284515424	284560880	284561772	347412011	284500000	284750000	0	635	892	45456	spaced
SUPER_3	283025518	283028617	IR	335	.	283027048	0.335	0.968	44	3314	283025518	283025857	283028282	283028617	347412011	282900000	283150000	44	2117	335	2425	spaced
SUPER_3	62992928	63177211	IR	335	.	63084581	0.335	0.968	43	184260	62992928	62993364	63176778	63177211	347412011	62950000	63200000	0	2251	433	183414	wide
SUPER_3	127957916	127970700	IR	335	.	127964628	0.335	0.962	41	12755	127957916	127958232	127970384	127970700	347412011	127900000	128150000	0	1071	316	12152	spaced
SUPER_3	36039202	36043751	IR	335	.	36041918	0.335	0.621	40	4477	36039202	36039318	36043679	36043751	347412011	35800000	36050000	0	4024	72	4361	spaced
SUPER_3	92223357	92225865	IR	335	.	92224210	0.335	0.988	39	2488	92223357	92223690	92225532	92225865	347412011	92100000	92350000	0	2076	333	1842	immediate
SUPER_3	264363668	264373779	IR	335	.	264368509	0.335	0.851	39	10292	264363668	264364665	264372782	264373838	347412011	264150000	264400000	39	3645	997	8117	spaced
SUPER_3	341770743	341776335	IR	335	.	341774000	0.335	0.992	33	5571	341770743	341770984	341776094	341776335	347412011	341550000	341800000	0	3725	241	5110	spaced
SUPER_3	87894686	87964157	IR	335	.	87929309	0.335	0.980	32	69519	87894686	87894891	87963952	87964157	347412011	87800000	88050000	32	2156	205	69061	spaced
SUPER_3	182954312	182956642	IR	335	.	182955934	0.335	1.000	32	2310	182954312	182954503	182956451	182956642	347412011	182950000	183200000	0	91	191	1948	immediate
SUPER_3	273500117	273584945	IR	335	.	273542646	0.335	0.894	32	84850	273500117	273500875	273584189	273584945	347412011	273350000	273600000	32	3208	756	83314	spaced
SUPER_3	315991390	316008026	IR	335	.	315999204	0.335	0.888	32	16616	315991390	315992051	316007385	316008026	347412011	315800000	316050000	0	3328	641	15334	spaced
SUPER_3	130072030	130081275	IR	335	.	130076574	0.335	0.848	31	9244	130072030	130072228	130081105	130081275	347412011	129850000	130100000	32	3777	170	8877	spaced
SUPER_3	54880997	54951421	IR	335	.	54915989	0.335	0.982	30	70442	54880997	54881168	54951250	54951421	347412011	54750000	55000000	30	2770	171	70082	spaced
SUPER_3	176121290	176224228	IR	335	.	176172288	0.335	0.933	30	102920	176121290	176121600	176223930	176224228	347412011	176100000	176350000	0	1212	298	102330	wide
SUPER_3	334496007	334542373	IR	335	.	334519362	0.335	0.994	30	46414	334496007	334496173	334542207	334542373	347412011	334400000	334650000	30	1986	166	46034	spaced
SUPER_3	44992663	45035131	IR	335	.	45014193	0.335	0.771	29	42414	44992663	44992717	45035077	45035147	347412011	44800000	45050000	0	3564	54	42360	spaced
SUPER_3	156524497	156579881	IR	335	.	156551918	0.335	0.125	28	55344	156524497	156524537	156579841	156579947	347412011	156400000	156650000	0	2536	40	55304	spaced
SUPER_3	60336182	60355932	IR	335	.	60346505	0.335	0.986	27	19730	60336182	60336393	60355721	60355932	347412011	60150000	60400000	0	3267	211	19328	spaced
SUPER_3	219023389	219029313	IR	335	.	219026582	0.335	0.837	27	6045	219023389	219024121	219028589	219029313	347412011	218800000	219050000	27	3772	724	4468	spaced
SUPER_3	264683559	264778424	IR	335	.	264730658	0.335	0.840	27	94857	264683559	264683985	264777998	264778445	347412011	264550000	264800000	0	3016	426	94013	spaced
SUPER_3	171917618	171920163	IR	335	.	171918396	0.335	0.917	26	2526	171917618	171917822	171919974	171920163	347412011	171800000	172050000	0	1981	189	2152	spaced
SUPER_3	197411507	197418753	IR	335	.	197415606	0.335	0.978	26	7201	197411507	197411738	197418523	197418753	347412011	197200000	197450000	0	3585	230	6785	spaced
SUPER_3	3589271	3616754	IR	335	.	3602731	0.335	0.946	25	27437	3589271	3589491	3616535	3616754	347412011	3400000	3650000	0	3383	219	27044	spaced
SUPER_3	99860176	99992686	IR	335	.	99926262	0.335	0.950	25	132505	99860176	99860355	99992515	99992686	347412011	99750000	100000000	25	2940	171	132160	wide
SUPER_3	53538442	53540842	IR	335	.	53539703	0.335	0.993	22	2383	53538442	53538588	53540696	53540842	347412011	53300000	53550000	22	3993	146	2108	spaced
SUPER_3	260409432	260450527	IR	335	.	260430030	0.335	0.876	22	41082	260409432	260409799	260450174	260450527	347412011	260250000	260500000	22	2999	353	40375	spaced
SUPER_3	29258798	29492002	IR	335	.	29375314	0.335	0.932	21	233163	29258798	29258839	29491961	29492005	347412011	29250000	29500000	167	2089	41	233122	wide
SUPER_3	11572184	11605096	IR	335	.	11588211	0.335	0.975	20	32876	11572184	11572385	11604896	11605096	347412011	11400000	11650000	0	3143	200	32511	spaced
SUPER_3	111551991	111577635	IR	335	.	111564394	0.335	0.963	20	25602	111551991	111552045	111577583	111577635	347412011	111350000	111600000	0	3580	52	25538	spaced
SUPER_3	42749211	42759387	IR	334	.	42754168	0.334	1.000	568	10756	42749211	42751759	42756839	42759387	347412011	42550000	42800000	568	3404	2548	5080	spaced
SUPER_3	301965252	301973333	IR	334	.	301969181	0.334	0.994	566	8825	301965252	301967708	301970877	301973343	347412011	301750000	302000000	566	3654	2456	3169	spaced
SUPER_3	153245558	153262749	IR	334	.	153253723	0.334	1.000	233	17172	153245558	153246901	153261406	153262749	347412011	153100000	153350000	0	2569	1343	14505	spaced
SUPER_3	103530227	103537089	IR	334	.	103534160	0.334	0.951	195	6871	103530227	103531650	103535666	103537117	347412011	103300000	103550000	0	3894	1423	4016	spaced
SUPER_3	253867871	253875943	IR	334	.	253871667	0.334	0.999	192	8274	253867871	253868805	253875009	253875943	347412011	253650000	253900000	192	3698	934	6204	spaced
SUPER_3	275702796	275882512	IR	334	.	275792473	0.334	0.932	154	180181	275702796	275704102	275881251	275882512	347412011	275650000	275900000	154	2377	1261	177149	wide
SUPER_3	97663985	97830657	IR	334	.	97747756	0.334	0.407	153	166650	97663985	97747223	97747421	97830657	347412011	97600000	97850000	0	2455	83236	198	immediate
SUPER_3	128842443	128861949	IR	334	.	128851745	0.334	0.921	149	19463	128842443	128845148	128859244	128861969	347412011	128650000	128900000	0	3369	2705	14096	spaced
SUPER_3	38049550	38078375	IR	334	.	38063501	0.334	0.968	137	28802	38049550	38050676	38077249	38078376	347412011	37850000	38100000	0	3565	1126	26573	spaced
SUPER_3	143134642	143164336	IR	334	.	143149256	0.334	0.949	136	29900	143134642	143135753	143163234	143164336	347412011	142950000	143200000	136	3324	1102	27481	spaced
SUPER_3	236192783	236194704	IR	334	.	236193573	0.334	1.000	134	2037	236192783	236193373	236194114	236194704	347412011	235950000	236200000	134	4062	590	741	immediate
SUPER_3	99200211	99210045	IR	334	.	99204995	0.334	1.000	132	9999	99200211	99200815	99209441	99210045	347412011	99000000	99250000	132	3418	604	8626	spaced
SUPER_3	141960848	141976990	IR	334	.	141968526	0.334	0.948	127	16124	141960848	141961717	141976155	141976990	347412011	141800000	142050000	0	2815	835	14438	spaced
SUPER_3	201124511	201132387	IR	334	.	201128046	0.334	0.869	122	7920	201124511	201126137	201130761	201132454	347412011	200950000	201200000	0	2974	1626	4624	spaced
SUPER_3	33882535	33888531	IR	334	.	33885690	0.334	0.998	112	6121	33882535	33883077	33887989	33888532	347412011	33650000	33900000	112	3925	542	4912	spaced
SUPER_3	119208593	119212054	IR	334	.	119209816	0.334	0.968	112	3456	119208593	119209493	119211154	119212067	347412011	119000000	119250000	0	3505	900	1661	immediate
SUPER_3	333344819	333402619	IR	334	.	333374113	0.334	0.891	103	57832	333344819	333347202	333400236	333402674	347412011	333200000	333450000	0	2895	2383	53034	spaced
SUPER_3	154112342	154231854	IR	334	.	154172020	0.334	0.957	101	119797	154112342	154112898	154231317	154231854	347412011	154050000	154300000	120	2034	537	118419	wide
SUPER_3	151085355	151133048	IR	334	.	151109524	0.334	0.877	92	47667	151085355	151085973	151132504	151133048	347412011	150950000	151200000	0	2653	544	46531	spaced
SUPER_3	216379889	216391947	IR	334	.	216385456	0.334	0.995	88	12028	216379889	216380465	216391371	216391947	347412011	216150000	216400000	0	3931	576	10906	spaced
SUPER_3	32446348	32452605	IR	334	.	32449970	0.334	0.960	87	6238	32446348	32447322	32451634	32452605	347412011	32250000	32500000	0	3324	971	4312	spaced
SUPER_3	180458538	180463451	IR	334	.	180460491	0.334	0.811	87	4894	180458538	180459273	180462716	180463451	347412011	180250000	180500000	0	3516	735	3443	spaced
SUPER_3	31891394	31912088	IR	334	.	31901612	0.334	0.932	77	20828	31891394	31892099	31911383	31912101	347412011	31700000	31950000	77	3362	705	19284	spaced
SUPER_3	195909228	195912607	IR	334	.	195910976	0.334	0.932	75	3471	195909228	195910035	195911800	195912610	347412011	195700000	195950000	75	3515	807	1765	immediate
SUPER_3	197602553	197621794	IR	334	.	197612308	0.334	0.984	73	19363	197602553	197602983	197621364	197621799	347412011	197400000	197650000	75	3536	430	18381	spaced
SUPER_3	15523172	15529535	IR	334	.	15526767	0.334	0.951	69	6345	15523172	15523801	15528907	15529535	347412011	15350000	15600000	0	2939	628	5106	spaced
SUPER_3	276039698	276078044	IR	334	.	276058520	0.334	0.978	69	38324	276039698	276040301	276077441	276078044	347412011	275850000	276100000	0	3481	603	37140	spaced
SUPER_3	180086661	180269443	IR	334	.	180178458	0.334	0.906	66	182754	180086661	180087739	180268409	180269443	347412011	180050000	180300000	0	2134	1034	180670	wide
SUPER_3	33355897	33359320	IR	334	.	33357958	0.334	0.836	65	3392	33355897	33356913	33358414	33359320	347412011	33150000	33400000	0	3460	906	1501	immediate
SUPER_3	149561193	149565381	IR	334	.	149563647	0.334	0.815	65	4116	149561193	149561301	149565293	149565381	347412011	149550000	149800000	0	221	88	3992	spaced
SUPER_3	21040837	21055662	IR	334	.	21047781	0.334	0.942	63	14811	21040837	21041746	21054753	21055670	347412011	20850000	21100000	0	3304	909	13007	spaced
SUPER_3	171578420	171589563	IR	334	.	171583945	0.334	0.951	63	11189	171578420	171578860	171589123	171589565	347412011	171350000	171600000	63	3899	440	10263	spaced
SUPER_3	177990781	177999049	IR	334	.	177994413	0.334	0.948	63	8239	177990781	177991683	177998149	177999049	347412011	177750000	178000000	0	4081	900	6466	spaced
SUPER_3	129357903	129366222	IR	334	.	129362336	0.334	0.983	56	8296	129357903	129358254	129365876	129366222	347412011	129150000	129400000	0	3534	346	7622	spaced
SUPER_3	176453040	176593142	IR	334	.	176523082	0.334	0.934	51	140266	176453040	176453606	176592576	176593148	347412011	176350000	176600000	51	2884	566	138970	wide
SUPER_3	183129204	183132806	IR	334	.	183130773	0.334	0.976	50	19732	183129204	183129493	183132517	183132810	347412011	182950000	183200000	50	3016	289	3024	spaced
SUPER_3	257981413	257987196	IR	334	.	257984414	0.334	0.996	50	5837	257981413	257981694	257986915	257987196	347412011	257750000	258000000	50	3904	281	5221	spaced
SUPER_3	108350260	108355711	IR	334	.	108352633	0.334	0.960	47	5421	108350260	108350562	108355420	108355711	347412011	108200000	108450000	0	2549	291	4858	spaced
SUPER_3	145078038	145082013	IR	334	.	145079653	0.334	0.985	47	3944	145078038	145078427	145081624	145082013	347412011	144850000	145100000	0	3833	389	3197	spaced
SUPER_3	88384601	88389990	IR	334	.	88387494	0.334	0.949	42	5418	88384601	88384910	88389681	88389991	347412011	88300000	88550000	42	1454	309	4771	spaced
SUPER_3	25633964	25650722	IR	334	.	25642663	0.334	0.931	41	16646	25633964	25634864	25649822	25650722	347412011	25450000	25700000	0	3205	900	14958	spaced
SUPER_3	255402034	255406313	IR	334	.	255403668	0.334	1.000	40	4256	255402034	255402289	255406058	255406313	347412011	255200000	255450000	0	3402	255	3769	spaced
SUPER_3	66997825	67017937	IR	334	.	67007702	0.334	0.934	37	20146	66997825	66998205	67017559	67017937	347412011	66800000	67050000	37	3464	378	19354	spaced
SUPER_3	162868475	162872072	IR	334	.	162869892	0.334	0.961	37	3538	162868475	162868857	162871691	162872072	347412011	162650000	162900000	0	3671	381	2834	spaced
SUPER_3	252981276	252989069	IR	334	.	252984917	0.334	1.000	36	7776	252981276	252981500	252988845	252989069	347412011	252950000	253200000	0	586	224	7345	spaced
SUPER_3	176602186	176667990	IR	334	.	176634819	0.334	0.917	34	65802	176602186	176602673	176667503	176668005	347412011	176450000	176700000	0	3084	487	64830	spaced
SUPER_3	81068998	81185091	IR	334	.	81126552	0.334	0.700	33	116051	81068998	81069058	81185049	81185091	347412011	80950000	81200000	0	2950	42	115991	wide
SUPER_3	178816694	178831346	IR	334	.	178823853	0.334	0.913	31	14683	178816694	178817243	178830797	178831355	347412011	178650000	178900000	31	2900	549	13554	spaced
SUPER_3	15764508	15769649	IR	334	.	15766592	0.334	0.966	30	5123	15764508	15764854	15769303	15769651	347412011	15750000	16000000	0	284	346	4449	spaced
SUPER_3	82672144	82878056	IR	334	.	82774682	0.334	0.932	29	205904	82672144	82672472	82877728	82878065	347412011	82650000	82900000	0	2084	328	205256	wide
SUPER_3	187785430	187795166	IR	334	.	187790171	0.334	1.000	29	9760	187785430	187785567	187795029	187795166	347412011	187550000	187800000	29	4004	137	9462	spaced
SUPER_3	192923649	192932061	IR	334	.	192927736	0.334	0.987	28	8468	192923649	192923808	192931902	192932061	347412011	192700000	192950000	28	3797	159	8094	spaced
SUPER_3	12005170	12007853	IR	334	.	12006550	0.334	0.924	26	2671	12005170	12005390	12007636	12007853	347412011	11850000	12100000	26	2608	217	2246	spaced
SUPER_3	86908867	86912967	IR	334	.	86910414	0.334	0.959	26	3959	86908867	86909156	86912678	86912968	347412011	86800000	87050000	0	1848	289	3522	spaced
SUPER_3	153032271	153035312	IR	334	.	153034111	0.334	0.844	26	3059	153032271	153032662	153034921	153035356	347412011	152850000	153100000	0	3063	391	2259	spaced
SUPER_3	250411899	250532920	IR	334	.	250472656	0.334	0.987	26	120990	250411899	250412123	250532696	250532920	347412011	250300000	250550000	0	2873	224	120573	wide
SUPER_3	80067764	80070295	IR	334	.	80068536	0.334	0.921	25	2504	80067764	80068132	80069941	80070295	347412011	80050000	80300000	0	317	354	1809	immediate
SUPER_3	204233024	204257320	IR	334	.	204245348	0.334	0.960	25	24250	204233024	204233074	204257272	204257320	347412011	204100000	204350000	252	2419	48	24198	spaced
SUPER_3	156155353	156290391	IR	334	.	156222708	0.334	0.840	24	135099	156155353	156155859	156289885	156290453	347412011	156150000	156400000	24	1214	506	134026	wide
SUPER_3	255377503	255395219	IR	334	.	255386722	0.334	0.928	23	17580	255377503	255377972	255394750	255395219	347412011	255150000	255400000	0	3939	469	16778	spaced
SUPER_3	4107561	4287310	IR	334	.	4197001	0.334	0.832	21	179797	4107561	4108230	4286641	4287377	347412011	4050000	4300000	0	2457	669	178411	wide
SUPER_3	28957358	29097619	IR	334	.	29027066	0.334	0.397	21	109217	28957358	28988402	29066580	29097619	347412011	28850000	29100000	0	2958	31039	78178	spaced
SUPER_3	96836212	96895386	IR	334	.	96866250	0.334	0.951	21	59154	96836212	96836434	96895164	96895389	347412011	96650000	96900000	0	3596	222	58730	spaced
SUPER_3	254551026	254599692	IR	334	.	254575108	0.334	0.962	21	48637	254551026	254551264	254599454	254599692	347412011	254350000	254600000	0	3755	238	48190	spaced
SUPER_3	270727506	270742034	IR	333	.	270734656	0.333	0.988	728	15293	270727506	270731645	270737895	270742034	347412011	270500000	270750000	728	3912	4139	6250	spaced
SUPER_3	40603575	40614923	IR	333	.	40608990	0.333	0.989	500	11333	40603575	40606564	40611934	40614928	347412011	40400000	40650000	0	3487	2989	5370	spaced
SUPER_3	232487634	232494756	IR	333	.	232491656	0.333	1.000	466	7094	232487634	232490207	232492183	232494756	347412011	232250000	232500000	0	4019	2573	1976	immediate
SUPER_3	119591436	119598605	IR	333	.	119594620	0.333	0.981	295	7139	119591436	119593876	119596165	119598605	347412011	119350000	119600000	0	4083	2440	2289	spaced
SUPER_3	155863782	155866793	IR	333	.	155865288	0.333	0.999	231	3204	155863782	155864859	155865716	155866793	347412011	155650000	155900000	231	3587	1077	857	immediate
SUPER_3	174296759	174303927	IR	333	.	174299869	0.333	0.964	228	7179	174296759	174298169	174302517	174303957	347412011	174150000	174400000	0	2505	1410	4348	spaced
SUPER_3	117880409	117998777	IR	333	.	117940074	0.333	0.997	216	118347	117880409	117881684	117997502	117998777	347412011	117750000	118000000	0	3159	1275	115818	wide
SUPER_3	144109616	144278969	IR	333	.	144193852	0.333	0.968	215	169336	144109616	144111198	144277387	144278999	347412011	144050000	144300000	0	2404	1582	166189	wide
SUPER_3	172064659	172072200	IR	333	.	172068037	0.333	0.965	215	7470	172064659	172065850	172071050	172072200	347412011	171900000	172150000	0	2807	1150	5200	spaced
SUPER_3	84191068	84311848	IR	333	.	84251364	0.333	0.943	153	121164	84191068	84192770	84310146	84311860	347412011	84100000	84350000	153	2524	1702	117376	wide
SUPER_3	279803460	279880014	IR	333	.	279841476	0.333	0.973	130	76521	279803460	279804771	279878703	279880014	347412011	279650000	279900000	0	3195	1311	73932	spaced
SUPER_3	176741802	176747699	IR	333	.	176744453	0.333	0.962	125	5878	176741802	176742740	176746777	176747699	347412011	176550000	176800000	0	3245	922	4037	spaced
SUPER_3	17760747	17763612	IR	333	.	17762179	0.333	0.998	121	3052	17760747	17761349	17763010	17763612	347412011	17550000	17800000	121	3536	602	1661	immediate
SUPER_3	126953322	126967871	IR	333	.	126960111	0.333	0.997	121	14531	126953322	126953983	126967210	126967871	347412011	126750000	127000000	0	3509	661	13227	spaced
SUPER_3	136022841	136037506	IR	333	.	136030652	0.333	0.888	120	14732	136022841	136023548	136036799	136037592	347412011	135800000	136050000	0	3836	707	13251	spaced
SUPER_3	12758422	12878319	IR	333	.	12818011	0.333	0.940	97	119873	12758422	12759686	12877055	12878333	347412011	12650000	12900000	0	2806	1264	117369	wide
SUPER_3	254231073	254250601	IR	333	.	254241259	0.333	0.855	94	19509	254231073	254232084	254249645	254250601	347412011	254050000	254300000	0	3180	956	17561	spaced
SUPER_3	196651364	196665777	IR	333	.	196658163	0.333	0.998	87	14395	196651364	196651848	196665294	196665777	347412011	196500000	196750000	0	2642	483	13446	spaced
SUPER_3	275887601	275902057	IR	333	.	275894420	0.333	0.998	86	14439	275887601	275888098	275901560	275902057	347412011	275700000	275950000	0	3247	497	13462	spaced
SUPER_3	238404520	238409752	IR	333	.	238407623	0.333	0.992	85	5212	238404520	238405028	238409244	238409752	347412011	238200000	238450000	0	3452	508	4216	spaced
SUPER_3	258488114	258493039	IR	333	.	258490112	0.333	0.989	84	4911	258488114	258488644	258492509	258493043	347412011	258250000	258500000	0	4009	530	3865	spaced
SUPER_3	24461310	24465877	IR	333	.	24463359	0.333	0.539	75	4738	24461310	24463515	24463672	24465891	347412011	24250000	24500000	75	3559	2205	157	immediate
SUPER_3	37994904	38022404	IR	333	.	38008488	0.333	0.899	72	27598	37994904	37995826	38021489	38022404	347412011	37850000	38100000	72	2644	915	25663	spaced
SUPER_3	161003682	161005693	IR	333	.	161004484	0.333	0.995	71	2227	161003682	161004061	161005314	161005693	347412011	160800000	161050000	71	3411	379	1253	immediate
SUPER_3	255567619	255575765	IR	333	.	255571533	0.333	0.987	71	8207	255567619	255568009	255575378	255575765	347412011	255350000	255600000	71	3694	387	7369	spaced
SUPER_3	766097	768374	IR	333	.	767233	0.333	0.971	62	2408	766097	766507	767964	768380	347412011	550000	800000	62	3620	410	1457	immediate
SUPER_3	103867839	103882210	IR	333	.	103875304	0.333	1.000	59	14348	103867839	103868178	103881871	103882210	347412011	103650000	103900000	0	3750	339	13693	spaced
SUPER_3	152264313	152373478	IR	333	.	152318466	0.333	0.815	57	109140	152264313	152265129	152372684	152373478	347412011	152200000	152450000	0	1981	794	107555	wide
SUPER_3	222503766	222519208	IR	333	.	222511306	0.333	0.978	56	15490	222503766	222504034	222518943	222519208	347412011	222300000	222550000	56	3524	265	14909	spaced
SUPER_3	233180311	233325675	IR	333	.	233253015	0.333	0.941	55	145475	233180311	233180938	233325048	233325692	347412011	233100000	233350000	55	2549	627	144110	wide
SUPER_3	232295570	232298566	IR	333	.	232296745	0.333	0.992	53	2970	232295570	232295937	232298200	232298566	347412011	232050000	232300000	0	4117	366	2263	spaced
SUPER_3	69651969	69655310	IR	333	.	69653397	0.333	0.932	52	3936	69651969	69652415	69654864	69655321	347412011	69550000	69800000	42	1727	446	2449	spaced
SUPER_3	190162961	190165921	IR	333	.	190164337	0.333	0.978	51	2996	190162961	190163273	190165613	190165921	347412011	190150000	190400000	51	240	308	2340	spaced
SUPER_3	111427974	111457672	IR	333	.	111442401	0.333	0.988	46	29680	111427974	111428304	111457342	111457672	347412011	111250000	111500000	0	3213	330	29038	spaced
SUPER_3	164139877	164145996	IR	333	.	164142916	0.333	0.815	42	6175	164139877	164140112	164145761	164146036	347412011	163950000	164200000	42	3215	235	5649	spaced
SUPER_3	160085108	160087209	IR	333	.	160086089	0.333	0.963	39	2144	160085108	160085517	160086803	160087209	347412011	159950000	160200000	39	2269	406	1286	immediate
SUPER_3	170353796	170359139	IR	333	.	170356061	0.333	0.913	38	5278	170353796	170354386	170358554	170359139	347412011	170200000	170450000	0	2607	585	4168	spaced
SUPER_3	207983412	207992186	IR	333	.	207987748	0.333	1.000	37	8791	207983412	207983542	207992056	207992186	347412011	207850000	208100000	37	2296	130	8514	spaced
SUPER_3	282822074	282824485	IR	333	.	282822899	0.333	0.974	36	2396	282822074	282822382	282824177	282824487	347412011	282600000	282850000	0	3721	308	1795	immediate
SUPER_3	45236651	45315214	IR	333	.	45275531	0.333	0.409	35	78519	45236651	45236695	45315170	45315262	347412011	45100000	45350000	0	2932	44	78475	spaced
SUPER_3	92226727	92260747	IR	333	.	92243247	0.333	0.962	35	33996	92226727	92227044	92260432	92260747	347412011	92100000	92350000	0	2395	315	33388	spaced
SUPER_3	148316654	148391876	IR	333	.	148354467	0.333	0.819	35	75339	148316654	148317877	148390684	148391876	347412011	148150000	148400000	35	3404	1192	72807	spaced
SUPER_3	336078613	336119548	IR	333	.	336099509	0.333	0.756	34	40787	336078613	336079855	336118306	336119638	347412011	336000000	336250000	0	1651	1242	38451	spaced
SUPER_3	237820724	237822849	IR	333	.	237821790	0.333	0.937	33	2139	237820724	237821023	237822556	237822849	347412011	237700000	237950000	33	2029	293	1533	immediate
SUPER_3	231733167	231737248	IR	333	.	231735345	0.333	0.951	31	4102	231733167	231733514	231736901	231737248	347412011	231550000	231800000	31	3086	347	3387	spaced
SUPER_3	209204044	209322827	IR	333	.	209263477	0.333	0.865	29	118776	209204044	209204475	209322399	209322827	347412011	209100000	209350000	29	2723	428	117924	wide
SUPER_3	62119051	62122046	IR	333	.	62120150	0.333	1.000	27	2974	62119051	62119232	62121865	62122046	347412011	61900000	62150000	0	3675	181	2633	spaced
SUPER_3	282643757	282714636	IR	333	.	282678974	0.333	0.859	27	71364	282643757	282644311	282714082	282714637	347412011	282550000	282800000	27	2153	554	69771	spaced
SUPER_3	94725762	94756598	IR	333	.	94740716	0.333	0.863	26	30815	94725762	94726317	94756072	94756598	347412011	94550000	94800000	0	3186	526	29755	spaced
SUPER_3	2132950	2135521	IR	333	.	2134313	0.333	0.963	25	2568	2132950	2133137	2135334	2135522	347412011	1900000	2150000	25	3903	187	2197	spaced
SUPER_3	118030078	118151755	IR	333	.	118090830	0.333	0.883	24	121735	118030078	118030597	118151262	118151755	347412011	118000000	118250000	24	1515	493	120665	wide
SUPER_3	46369391	46388194	IR	333	.	46379179	0.333	0.751	22	18779	46369391	46369766	46387870	46388194	347412011	46150000	46400000	0	3813	324	18104	spaced
SUPER_3	267707224	267711277	IR	333	.	267708822	0.333	0.897	22	4029	267707224	267707602	267710922	267711277	347412011	267700000	267950000	0	154	355	3320	spaced
SUPER_3	291741889	291747000	IR	333	.	291744230	0.333	0.971	22	5420	291741889	291741992	291746897	291747002	347412011	291600000	291850000	14	2407	103	4905	spaced
SUPER_3	331977065	331996257	IR	333	.	331987034	0.333	0.823	22	19181	331977065	331977880	331995442	331996268	347412011	331800000	332050000	0	3110	815	17562	spaced
SUPER_3	333023155	333185304	IR	333	.	333103866	0.333	0.978	22	162128	333023155	333023339	333185120	333185304	347412011	332950000	333200000	0	2570	184	161781	wide
SUPER_3	81579007	81582070	IR	333	.	81580874	0.333	0.991	21	3046	81579007	81579122	81581955	81582070	347412011	81350000	81600000	0	3842	115	2833	spaced
SUPER_3	113295324	113327281	IR	333	.	113311496	0.333	0.943	21	31955	113295324	113295640	113326965	113327281	347412011	113100000	113350000	21	3521	316	31325	spaced
SUPER_3	296807345	296810264	IR	333	.	296808557	0.333	1.000	21	2829	296807345	296807362	296810247	296810264	347412011	296800000	297050000	1	146	17	2885	spaced
SUPER_3	32837971	32858343	IR	333	.	32848132	0.333	0.543	20	20362	32837971	32841136	32855212	32858343	347412011	32650000	32900000	23	3302	3131	14076	spaced
SUPER_3	347272095	347294733	IR	333	.	347283600	0.333	0.808	20	22594	347272095	347272137	347294691	347294743	347412011	347050000	347300000	131	3890	42	22554	spaced
SUPER_3	60111465	60137314	IR	332	.	60124230	0.332	0.976	858	26993	60111465	60120557	60128251	60137314	347412011	59900000	60150000	858	3739	9063	7694	spaced
SUPER_3	220108800	220122209	IR	332	.	220115036	0.332	0.981	530	13391	220108800	220113045	220117964	220122209	347412011	219900000	220150000	0	3591	4245	4919	spaced
SUPER_3	224011268	224017450	IR	332	.	224014821	0.332	0.994	248	6166	224011268	224012712	224016006	224017456	347412011	223800000	224050000	0	3572	1444	3294	spaced
SUPER_3	84145144	84150584	IR	332	.	84147610	0.332	0.869	167	5393	84145144	84146933	84148843	84150584	347412011	84000000	84250000	0	2464	1741	1910	immediate
SUPER_3	283265071	283309892	IR	332	.	283287288	0.332	0.841	164	45135	283265071	283267018	283307971	283309892	347412011	283100000	283350000	164	3124	1921	40953	spaced
SUPER_3	122568446	122608352	IR	332	.	122588734	0.332	0.969	154	39882	122568446	122569747	122607051	122608361	347412011	122400000	122650000	0	3139	1301	37304	spaced
SUPER_3	210219297	210227560	IR	332	.	210223073	0.332	0.967	150	8245	210219297	210220925	210225935	210227560	347412011	210100000	210350000	0	2057	1625	5010	spaced
SUPER_3	178774334	178780091	IR	332	.	178777665	0.332	0.994	140	5717	178774334	178775192	178779233	178780092	347412011	178550000	178800000	0	3786	858	4041	spaced
SUPER_3	164693665	164699770	IR	332	.	164696733	0.332	0.901	124	6297	164693665	164694542	164698958	164699770	347412011	164550000	164800000	128	2445	812	4416	spaced
SUPER_3	244926929	244974843	IR	332	.	244950499	0.332	0.909	119	47883	244926929	244928773	244973013	244974843	347412011	244800000	245050000	0	2514	1830	44240	spaced
SUPER_3	155419807	155434190	IR	332	.	155426761	0.332	0.998	113	14495	155419807	155420304	155433693	155434190	347412011	155200000	155450000	113	3783	497	13389	spaced
SUPER_3	121407790	121410107	IR	332	.	121408510	0.332	0.996	108	2297	121407790	121408470	121409427	121410107	347412011	121200000	121450000	0	3482	680	957	immediate
SUPER_3	58656972	58705421	IR	332	.	58680701	0.332	0.854	102	48471	58656972	58658422	58703971	58705462	347412011	58550000	58800000	0	2186	1450	45549	spaced
SUPER_3	220641522	220646712	IR	332	.	220643661	0.332	0.998	94	5167	220641522	220642098	220646136	220646712	347412011	220400000	220650000	0	4068	576	4038	spaced
SUPER_3	173110418	173117389	IR	332	.	173114393	0.332	0.969	92	6961	173110418	173111174	173116633	173117397	347412011	172900000	173150000	0	3564	756	5459	spaced
SUPER_3	30470375	30498907	IR	332	.	30485072	0.332	0.945	82	28503	30470375	30471276	30498023	30498907	347412011	30250000	30500000	0	3910	884	26747	spaced
SUPER_3	58987886	59002304	IR	332	.	58995497	0.332	0.996	82	14400	58987886	58988369	59001821	59002304	347412011	58850000	59100000	0	2418	483	13452	spaced
SUPER_3	134002437	134050951	IR	332	.	134027165	0.332	0.993	82	48486	134002437	134002989	134050399	134050951	347412011	134000000	134250000	0	444	552	47410	spaced
SUPER_3	155436453	155443518	IR	332	.	155440064	0.332	0.990	81	7122	155436453	155436860	155443113	155443518	347412011	155200000	155450000	81	3999	405	6253	spaced
SUPER_3	273818354	273975880	IR	332	.	273897084	0.332	0.932	79	157721	273818354	273819093	273975141	273975880	347412011	273800000	274050000	79	1618	739	156048	wide
SUPER_3	244554280	244608719	IR	332	.	244581983	0.332	0.943	77	54421	244554280	244555144	244607871	244608719	347412011	244400000	244650000	0	3024	848	52727	spaced
SUPER_3	74219542	74248675	IR	332	.	74233676	0.332	0.958	72	29116	74219542	74220275	74247942	74248676	347412011	74000000	74250000	0	3901	733	27667	spaced
SUPER_3	118932156	118942196	IR	332	.	118936866	0.332	0.969	67	10015	118932156	118932608	118941755	118942196	347412011	118850000	119100000	0	1452	441	9147	spaced
SUPER_3	38713759	38728770	IR	332	.	38720786	0.332	1.000	61	14988	38713759	38714097	38728432	38728770	347412011	38500000	38750000	0	3687	338	14335	spaced
SUPER_3	151620695	151693793	IR	332	.	151657044	0.332	0.950	61	73269	151620695	151621311	151693186	151693793	347412011	151500000	151750000	61	2620	607	71875	spaced
SUPER_3	196620877	196625168	IR	332	.	196623307	0.332	0.965	60	4269	196620877	196621456	196624589	196625168	347412011	196500000	196750000	0	2050	579	3133	spaced
SUPER_3	222704505	222710795	IR	332	.	222707797	0.332	0.801	60	6642	222704505	222705426	222709874	222710858	347412011	222600000	222850000	60	1794	921	4448	spaced
SUPER_3	177457608	177463351	IR	332	.	177460170	0.332	0.907	59	5735	177457608	177458110	177462849	177463363	347412011	177300000	177550000	0	2674	502	4739	spaced
SUPER_3	203505703	203621282	IR	332	.	203563413	0.332	0.781	58	115669	203505703	203506375	203620707	203621282	347412011	203500000	203750000	58	1058	575	114332	wide
SUPER_3	171778783	171788252	IR	332	.	171783905	0.332	0.962	55	9459	171778783	171779216	171787819	171788261	347412011	171550000	171800000	0	3891	433	8603	spaced
SUPER_3	228871343	228892919	IR	332	.	228882450	0.332	0.554	54	21611	228871343	228873241	228891021	228892978	347412011	228850000	229100000	0	535	1898	17780	spaced
SUPER_3	104056255	104137158	IR	332	.	104096376	0.332	0.940	53	80876	104056255	104057131	104136287	104137158	347412011	103900000	104150000	0	3278	871	79156	spaced
SUPER_3	100258091	100423394	IR	332	.	100341070	0.332	0.907	51	165225	100258091	100258177	100423316	100423394	347412011	100200000	100450000	0	2345	78	165139	wide
SUPER_3	342728183	342769336	IR	332	.	342749188	0.332	0.868	49	41072	342728183	342728289	342769230	342769351	347412011	342550000	342800000	0	3312	106	40941	spaced
SUPER_3	161820500	161827417	IR	332	.	161824404	0.332	0.986	47	6889	161820500	161820848	161827069	161827417	347412011	161650000	161900000	0	2899	348	6221	spaced
SUPER_3	5355846	5445653	IR	332	.	5401048	0.332	0.980	45	89789	5355846	5356239	5445260	5445653	347412011	5300000	5550000	0	1679	393	89021	spaced
SUPER_3	195573664	195608699	IR	332	.	195591113	0.332	0.976	45	35195	195573664	195573998	195608365	195608699	347412011	195400000	195650000	45	3186	334	34367	spaced
SUPER_3	323617633	323638491	IR	332	.	323628101	0.332	0.942	42	20860	323617633	323617991	323638133	323638492	347412011	323400000	323650000	42	3800	358	20142	spaced
SUPER_3	14372141	14428162	IR	332	.	14400377	0.332	1.000	37	56599	14372141	14372267	14428036	14428162	347412011	14350000	14600000	23	835	126	55769	spaced
SUPER_3	185522024	185524191	IR	332	.	185523097	0.332	0.995	34	2279	185522024	185522207	185524008	185524191	347412011	185300000	185550000	34	3718	183	1801	immediate
SUPER_3	28128002	28176567	IR	332	.	28152441	0.332	0.867	33	48511	28128002	28128054	28176515	28176575	347412011	28050000	28300000	532	1704	52	48461	spaced
SUPER_3	298525346	298651203	IR	332	.	298588463	0.332	0.844	30	126116	298525346	298526983	298649566	298651241	347412011	298500000	298750000	30	1471	1637	122583	wide
SUPER_3	177289325	177402103	IR	332	.	177345810	0.332	0.857	29	112817	177289325	177289373	177402055	177402111	347412011	177200000	177450000	352	2428	48	112682	wide
SUPER_3	199234202	199336660	IR	332	.	199285917	0.332	0.969	28	102440	199234202	199234458	199336404	199336660	347412011	199200000	199450000	0	1423	256	101946	wide
SUPER_3	186619822	186622388	IR	332	.	186620813	0.332	0.980	27	2540	186619822	186620026	186622184	186622389	347412011	186400000	186650000	0	3684	204	2158	spaced
SUPER_3	306838489	306919293	IR	332	.	306878583	0.332	0.857	27	80608	306838489	306839882	306917917	306919293	347412011	306700000	306950000	0	2981	1376	78035	spaced
SUPER_3	55791268	55898511	IR	332	.	55845174	0.332	0.946	26	107220	55791268	55791674	55898106	55898511	347412011	55650000	55900000	0	3248	405	106432	wide
SUPER_3	187974490	187976569	IR	332	.	187975531	0.332	0.924	25	2080	187974490	187974828	187976235	187976569	347412011	187900000	188150000	25	1258	334	1407	immediate
SUPER_3	9385445	9417829	IR	332	.	9401465	0.332	0.965	21	32393	9385445	9385642	9417632	9417830	347412011	9250000	9500000	21	2527	197	31990	spaced
SUPER_3	38149944	38219276	IR	332	.	38184453	0.332	0.960	20	69334	38149944	38150095	38219125	38219276	347412011	38100000	38350000	20	1410	151	69030	spaced
SUPER_3	55562172	55594023	IR	331	.	55577758	0.331	0.998	513	31827	55562172	55565026	55591169	55594023	347412011	55350000	55600000	0	3801	2854	26143	spaced
SUPER_3	307050415	307055872	IR	331	.	307053390	0.331	0.986	238	5409	307050415	307052054	307054233	307055874	347412011	306850000	307100000	0	3385	1639	2179	spaced
SUPER_3	217235843	217271062	IR	331	.	217253798	0.331	0.997	204	35195	217235843	217237059	217269846	217271062	347412011	217050000	217300000	0	3390	1216	32787	spaced
SUPER_3	242028912	242033904	IR	331	.	242031898	0.331	0.998	191	4966	242028912	242030106	242032710	242033904	347412011	241800000	242050000	0	3856	1194	2604	spaced
SUPER_3	70998867	71019390	IR	331	.	71008846	0.331	0.937	169	20505	70998867	71000547	71017729	71019390	347412011	70800000	71050000	0	3485	1661	17182	spaced
SUPER_3	258074303	258082762	IR	331	.	258078973	0.331	1.000	140	8440	258074303	258075101	258081964	258082762	347412011	257950000	258200000	0	2142	798	6863	spaced
SUPER_3	204637500	204649315	IR	331	.	204643007	0.331	0.487	138	11796	204637500	204643406	204643449	204649315	347412011	204600000	204850000	0	723	5866	43	immediate
SUPER_3	128687845	128697183	IR	331	.	128692105	0.331	0.922	135	9315	128687845	128689213	128695850	128697183	347412011	128550000	128800000	0	2375	1333	6637	spaced
SUPER_3	127241439	127247746	IR	331	.	127244106	0.331	0.981	133	6286	127241439	127242349	127246836	127247752	347412011	127000000	127250000	0	4076	910	4487	spaced
SUPER_3	5540175	5578924	IR	331	.	5559265	0.331	0.941	121	38756	5540175	5541245	5577854	5578960	347412011	5350000	5600000	0	3492	1070	36609	spaced
SUPER_3	32987200	33009090	IR	331	.	32998174	0.331	0.937	120	22044	32987200	32988063	33008269	33009090	347412011	32800000	33050000	120	3302	821	20206	spaced
SUPER_3	66901395	66906845	IR	331	.	66904460	0.331	0.997	114	5431	66901395	66902060	66906180	66906845	347412011	66700000	66950000	0	3401	665	4120	spaced
SUPER_3	110369145	110374413	IR	331	.	110371930	0.331	0.996	110	5397	110369145	110369659	110373899	110374413	347412011	110150000	110400000	110	3696	514	4240	spaced
SUPER_3	131449340	131454193	IR	331	.	131452252	0.331	0.980	108	4761	131449340	131450248	131453285	131454194	347412011	131250000	131500000	0	3362	908	3037	spaced
SUPER_3	219423663	219504073	IR	331	.	219464250	0.331	0.896	100	80428	219423663	219424866	219502870	219504133	347412011	219400000	219650000	0	1064	1203	78004	spaced
SUPER_3	222847715	222882817	IR	331	.	222865576	0.331	0.978	93	35085	222847715	222848397	222882140	222882817	347412011	222650000	222900000	0	3587	677	33743	spaced
SUPER_3	151528724	151555614	IR	331	.	151542613	0.331	0.831	91	26871	151528724	151530037	151554309	151555614	347412011	151350000	151600000	0	3202	1305	24272	spaced
SUPER_3	11104050	11132970	IR	331	.	11118439	0.331	0.861	88	29171	11104050	11104597	11132423	11133047	347412011	11000000	11250000	90	1975	547	27826	spaced
SUPER_3	71625583	71632447	IR	331	.	71629441	0.331	0.998	86	6845	71625583	71626115	71631915	71632447	347412011	71400000	71650000	0	3816	532	5800	spaced
SUPER_3	146678046	146826672	IR	331	.	146752299	0.331	0.647	82	148683	146678046	146680366	146824352	146826686	347412011	146650000	146900000	82	1705	2320	143986	wide
SUPER_3	72516898	72555115	IR	331	.	72536462	0.331	0.828	80	38229	72516898	72518641	72553372	72555145	347412011	72450000	72700000	0	1433	1743	34731	spaced
SUPER_3	91957914	91972327	IR	331	.	91965534	0.331	0.994	74	14395	91957914	91958397	91971844	91972327	347412011	91750000	92000000	0	3585	483	13447	spaced
SUPER_3	256343587	256345818	IR	331	.	256344806	0.331	0.988	69	2342	256343587	256343929	256345476	256345818	347412011	256200000	256450000	69	2411	342	1547	immediate
SUPER_3	182205979	182254691	IR	331	.	182230612	0.331	0.909	66	48708	182205979	182207021	182253649	182254706	347412011	182050000	182300000	0	3005	1042	46628	spaced
SUPER_3	136515635	136573487	IR	331	.	136544939	0.331	0.934	61	57829	136515635	136516548	136572580	136573487	347412011	136350000	136600000	0	3242	907	56032	spaced
SUPER_3	259126444	259189461	IR	331	.	259157595	0.331	0.899	60	62991	259126444	259126954	259188980	259189461	347412011	258950000	259200000	0	3465	481	62026	spaced
SUPER_3	150890868	150893121	IR	331	.	150892064	0.331	0.996	59	2385	150890868	150891148	150892841	150893121	347412011	150650000	150900000	59	4033	280	1693	immediate
SUPER_3	260005355	260107329	IR	331	.	260056013	0.331	0.970	56	101947	260005355	260005889	260106795	260107329	347412011	259900000	260150000	0	2605	534	100906	wide
SUPER_3	141599456	141604841	IR	331	.	141602589	0.331	0.977	52	5362	141599456	141599854	141604443	141604841	347412011	141400000	141650000	0	3369	398	4589	spaced
SUPER_3	68195455	68198722	IR	331	.	68197559	0.331	0.884	51	3267	68195455	68195874	68198303	68198767	347412011	68050000	68300000	0	2451	419	2429	spaced
SUPER_3	265740252	265916226	IR	331	.	265827740	0.331	0.400	49	175986	265740252	265740327	265916151	265916312	347412011	265700000	265950000	0	2137	75	175824	wide
SUPER_3	275991076	275994282	IR	331	.	275992836	0.331	0.932	46	3302	275991076	275991529	275993829	275994290	347412011	275750000	276000000	46	4044	453	2300	spaced
SUPER_3	121772143	121783340	IR	331	.	121777466	0.331	1.000	45	11172	121772143	121772408	121783075	121783340	347412011	121600000	121850000	0	2962	265	10667	spaced
SUPER_3	167929871	167935636	IR	331	.	167932526	0.331	0.961	45	5812	167929871	167930356	167935151	167935637	347412011	167700000	167950000	45	3879	485	4795	spaced
SUPER_3	9205877	9219032	IR	331	.	9212026	0.331	0.848	43	13132	9205877	9206744	9218249	9219032	347412011	9100000	9350000	0	1874	783	11505	spaced
SUPER_3	227458669	227505268	IR	331	.	227482321	0.331	0.799	43	46637	227458669	227460117	227503820	227505333	347412011	227350000	227600000	0	2199	1448	43703	spaced
SUPER_3	102428308	102437882	IR	331	.	102433508	0.331	0.812	42	9545	102428308	102428792	102437478	102437882	347412011	102300000	102550000	0	2218	404	8686	spaced
SUPER_3	20367646	20395165	IR	331	.	20381574	0.331	0.947	41	27531	20367646	20368190	20394621	20395167	347412011	20200000	20450000	41	3023	544	26431	spaced
SUPER_3	97445964	97604446	IR	331	.	97525100	0.331	0.907	41	158555	97445964	97446631	97603779	97604458	347412011	97400000	97650000	41	2086	667	157148	wide
SUPER_3	104732100	104774089	IR	331	.	104752636	0.331	0.220	38	41943	104732100	104732224	104774039	104774089	347412011	104650000	104900000	0	1718	50	41815	spaced
SUPER_3	241886122	241894427	IR	331	.	241889828	0.331	0.802	37	8278	241886122	241886600	241894011	241894427	347412011	241650000	241900000	0	4004	416	7411	spaced
SUPER_3	103082752	103086147	IR	331	.	103084797	0.331	0.158	36	3357	103082752	103082850	103086109	103086147	347412011	103050000	103300000	0	574	38	3259	spaced
SUPER_3	75205394	75318190	IR	331	.	75262270	0.331	0.784	34	112860	75205394	75205886	75317698	75318271	347412011	75150000	75400000	0	1863	492	111812	wide
SUPER_3	96230702	96327068	IR	331	.	96278444	0.331	0.743	33	96314	96230702	96230754	96327016	96327086	347412011	96200000	96450000	0	1314	52	96262	spaced
SUPER_3	83324718	83347279	IR	331	.	83335532	0.331	0.708	29	22542	83324718	83325532	83346520	83347279	347412011	83200000	83450000	0	2266	759	20988	spaced
SUPER_3	146583778	146589111	IR	331	.	146586437	0.331	0.928	24	5344	146583778	146584089	146588800	146589119	347412011	146550000	146800000	24	607	311	4711	spaced
SUPER_3	308899497	308908039	IR	331	.	308903424	0.331	0.960	24	8468	308899497	308899796	308907740	308908039	347412011	308700000	308950000	0	3395	299	7944	spaced
SUPER_3	149667461	149686385	IR	331	.	149676834	0.331	0.778	23	18938	149667461	149668063	149685865	149686385	347412011	149550000	149800000	23	2115	520	17802	spaced
SUPER_3	20271112	20298005	IR	331	.	20284899	0.331	0.938	21	26875	20271112	20271466	20297652	20298005	347412011	20200000	20450000	0	1409	353	26186	spaced
SUPER_3	3647538	3697293	IR	331	.	3672160	0.331	0.967	20	49732	3647538	3647751	3697080	3697293	347412011	3450000	3700000	0	3706	213	49329	spaced
SUPER_3	279106	295991	IR	330	.	287982	0.330	0.889	346	16853	279106	281503	293642	295991	347412011	50000	300000	0	3959	2349	12139	spaced
SUPER_3	60267306	60272970	IR	330	.	60269982	0.330	1.000	272	5978	60267306	60268504	60271772	60272970	347412011	60150000	60400000	272	2002	1198	3268	spaced
SUPER_3	159840802	160038847	IR	330	.	159940093	0.330	0.424	245	198065	159840802	159873970	160005679	160038887	347412011	159800000	160050000	0	2330	33168	131709	wide
SUPER_3	21834177	21839015	IR	330	.	21836757	0.330	0.987	236	5122	21834177	21835262	21837933	21839015	347412011	21600000	21850000	236	3943	1082	2671	spaced
SUPER_3	221953501	221983497	IR	330	.	221968849	0.330	0.983	202	29971	221953501	221954817	221982187	221983497	347412011	221750000	222000000	0	3641	1310	27370	spaced
SUPER_3	27889399	27895813	IR	330	.	27892728	0.330	1.000	181	6603	27889399	27890282	27894930	27895813	347412011	27650000	27900000	181	4043	883	4648	spaced
SUPER_3	235638296	235648962	IR	330	.	235644088	0.330	0.973	147	10648	235638296	235639462	235647796	235648962	347412011	235400000	235650000	0	4060	1166	8334	spaced
SUPER_3	233003303	233016444	IR	330	.	233010201	0.330	0.969	140	13121	233003303	233004450	233015298	233016444	347412011	232800000	233050000	0	3497	1146	10848	spaced
SUPER_3	182888366	182894379	IR	330	.	182891623	0.330	0.986	128	5993	182888366	182889228	182893517	182894381	347412011	182650000	182900000	0	4022	862	4289	spaced
SUPER_3	231841087	231850047	IR	330	.	231845260	0.330	0.989	128	8933	231841087	231842006	231849128	231850047	347412011	231650000	231900000	0	3259	919	7122	spaced
SUPER_3	158842078	158845521	IR	330	.	158843706	0.330	0.925	123	3906	158842078	158843403	158844196	158845548	347412011	158600000	158850000	123	4063	1325	793	immediate
SUPER_3	171147253	171150462	IR	330	.	171148576	0.330	0.985	122	3189	171147253	171148140	171149575	171150466	347412011	170950000	171200000	0	3314	887	1435	immediate
SUPER_3	333933000	333950796	IR	330	.	333941795	0.330	0.581	102	17916	333933000	333935142	333948724	333950796	347412011	333750000	334000000	102	3198	2072	13582	spaced
SUPER_3	203208209	203210390	IR	330	.	203209061	0.330	0.995	101	2297	203208209	203208770	203209829	203210390	347412011	203050000	203300000	101	2654	561	1059	immediate
SUPER_3	242151043	242162250	IR	330	.	242156528	0.330	0.982	91	11327	242151043	242151641	242161652	242162252	347412011	241950000	242200000	91	3443	598	10011	spaced
SUPER_3	307153200	307156667	IR	330	.	307155041	0.330	0.976	79	3540	307153200	307153773	307156094	307156667	347412011	306950000	307200000	79	3415	573	2321	spaced
SUPER_3	14187732	14202074	IR	330	.	14194765	0.330	0.987	69	14402	14187732	14188123	14201683	14202074	347412011	14000000	14250000	69	3248	391	13560	spaced
SUPER_3	29538293	29544556	IR	330	.	29541207	0.330	0.933	68	6477	29538293	29539055	29543804	29544556	347412011	29300000	29550000	68	4023	752	4749	spaced
SUPER_3	313073447	313139960	IR	330	.	313107139	0.330	0.952	63	66492	313073447	313074252	313139155	313139960	347412011	312900000	313150000	0	3444	805	64903	spaced
SUPER_3	230421816	230428173	IR	330	.	230424886	0.330	0.937	60	6394	230421816	230422223	230427778	230428173	347412011	230250000	230500000	60	2916	395	5555	spaced
SUPER_3	243995794	243999568	IR	330	.	243998078	0.330	0.956	57	3762	243995794	243996280	243999082	243999578	347412011	243850000	244100000	0	2461	486	2802	spaced
SUPER_3	253565459	253572000	IR	330	.	253568773	0.330	0.687	57	6602	253565459	253566173	253571403	253572000	347412011	253550000	253800000	57	312	597	5230	spaced
SUPER_3	104700007	104704070	IR	330	.	104702362	0.330	0.943	55	4046	104700007	104700912	104703165	104704074	347412011	104600000	104850000	0	1700	905	2253	spaced
SUPER_3	227036131	227040148	IR	330	.	227038337	0.330	0.973	54	4084	227036131	227036424	227039862	227040148	347412011	227000000	227250000	54	635	286	3438	spaced
SUPER_3	29902073	30028319	IR	330	.	29964886	0.330	0.886	50	126268	29902073	29902614	30027778	30028366	347412011	29800000	30050000	0	2753	541	125164	wide
SUPER_3	41244647	41263868	IR	330	.	41254181	0.330	0.907	49	19539	41244647	41245392	41263125	41263868	347412011	41050000	41300000	49	3404	743	17733	spaced
SUPER_3	90192882	90195611	IR	330	.	90194313	0.330	0.964	49	2762	90192882	90193300	90195194	90195611	347412011	89950000	90200000	49	4070	417	1894	immediate
SUPER_3	270209173	270322335	IR	330	.	270265726	0.330	0.873	49	113192	270209173	270209660	270321896	270322335	347412011	270150000	270400000	49	1929	439	112236	wide
SUPER_3	156975326	156981937	IR	330	.	156978703	0.330	0.868	44	6627	156975326	156976506	156980787	156981937	347412011	156750000	157000000	44	3810	1150	4281	spaced
SUPER_3	181486015	181501665	IR	330	.	181494004	0.330	0.619	44	15688	181486015	181486057	181501623	181501693	347412011	181450000	181700000	490	730	42	15566	spaced
SUPER_3	94604863	94608917	IR	330	.	94606908	0.330	0.959	43	4068	94604863	94605253	94608531	94608917	347412011	94400000	94650000	43	3448	386	3278	spaced
SUPER_3	17783156	17838896	IR	330	.	17810667	0.330	0.413	34	55694	17783156	17795856	17826225	17838896	347412011	17650000	17900000	0	2683	12671	30369	spaced
SUPER_3	196323131	196325481	IR	330	.	196324266	0.330	0.981	33	2354	196323131	196323339	196325273	196325481	347412011	196100000	196350000	33	3738	208	1934	immediate
SUPER_3	263305242	263341148	IR	330	.	263322704	0.330	0.948	33	35886	263305242	263305588	263340805	263341148	347412011	263100000	263350000	0	3719	343	35217	spaced
SUPER_3	209851809	209876881	IR	330	.	209864449	0.330	0.944	32	25097	209851809	209852040	209876650	209876883	347412011	209650000	209900000	32	3572	231	24610	spaced
SUPER_3	174408244	174524896	IR	330	.	174466973	0.330	0.903	30	116517	174408244	174408689	174524467	174524896	347412011	174300000	174550000	0	2776	429	115778	wide
SUPER_3	347294685	347339693	IR	330	.	347317673	0.330	1.000	30	44989	347294685	347294749	347339629	347339693	347412011	347200000	347412011	0	1953	64	44880	spaced
SUPER_3	6502435	6510461	IR	330	.	6506140	0.330	0.410	29	7987	6502435	6502516	6510422	6510461	347412011	6350000	6600000	0	2607	39	7906	spaced
SUPER_3	246505043	246555804	IR	330	.	246530802	0.330	0.859	26	50773	246505043	246505528	246555319	246555848	347412011	246450000	246700000	0	1340	485	49791	spaced
SUPER_3	255087252	255102012	IR	330	.	255094662	0.330	0.972	25	14752	255087252	255087464	255101800	255102012	347412011	254900000	255150000	25	3243	212	14336	spaced
SUPER_3	50550109	50666143	IR	330	.	50607750	0.330	0.935	24	116013	50550109	50550534	50665718	50666145	347412011	50450000	50700000	0	2635	425	115184	wide
SUPER_3	27009779	27015953	IR	330	.	27012433	0.330	0.954	23	6156	27009779	27010062	27015670	27015953	347412011	27000000	27250000	0	214	283	5608	spaced
SUPER_3	239780422	239854066	IR	330	.	239817723	0.330	0.908	23	73615	239780422	239780839	239853650	239854066	347412011	239750000	240000000	0	1120	416	72811	spaced
SUPER_3	274025956	274030420	IR	330	.	274027823	0.330	0.860	22	4447	274025956	274026351	274030025	274030425	347412011	274000000	274250000	0	469	395	3674	spaced
SUPER_3	119140222	119168512	IR	330	.	119154043	0.330	0.993	21	28273	119140222	119140370	119168364	119168512	347412011	118950000	119200000	0	3405	148	27994	spaced
SUPER_3	265226447	265228913	IR	330	.	265227453	0.330	0.992	20	2454	265226447	265226569	265228791	265228913	347412011	265150000	265400000	20	1294	122	2222	spaced
SUPER_3	214090022	214100914	IR	329	.	214095529	0.329	0.979	807	11680	214090022	214093864	214097072	214100967	347412011	213950000	214200000	880	2424	3842	3208	spaced
SUPER_3	298211178	298229802	IR	329	.	298220822	0.329	0.987	754	18606	298211178	298217385	298223597	298229802	347412011	298050000	298300000	0	2841	6205	6212	spaced
SUPER_3	182911097	182921644	IR	329	.	182916467	0.329	1.000	712	11282	182911097	182914209	182918532	182921644	347412011	182700000	182950000	712	3606	3112	4323	spaced
SUPER_3	199389893	199398214	IR	329	.	199394337	0.329	1.000	203	8293	199389893	199391065	199397042	199398214	347412011	199150000	199400000	0	4067	1172	5977	spaced
SUPER_3	270854697	270857693	IR	329	.	270856267	0.329	0.931	195	3201	270854697	270855877	270856574	270857693	347412011	270800000	271050000	203	936	1119	697	immediate
SUPER_3	224427102	224431505	IR	329	.	224429334	0.329	0.991	123	4536	224427102	224427757	224430850	224431506	347412011	224200000	224450000	123	3821	655	3093	spaced
SUPER_3	147927989	147942610	IR	329	.	147935590	0.329	0.991	96	14598	147927989	147928560	147942039	147942611	347412011	147700000	147950000	0	3921	571	13479	spaced
SUPER_3	319724659	319749900	IR	329	.	319736900	0.329	0.808	81	25202	319724659	319726506	319748053	319749951	347412011	319700000	319950000	0	621	1847	21547	spaced
SUPER_3	168122580	168128942	IR	329	.	168125407	0.329	0.985	79	6342	168122580	168123041	168128481	168128947	347412011	167900000	168150000	0	3762	461	5440	spaced
SUPER_3	259787224	259866025	IR	329	.	259826225	0.329	0.894	79	78744	259787224	259788130	259865119	259866090	347412011	259700000	259950000	0	2110	906	76989	spaced
SUPER_3	113118202	113259638	IR	329	.	113188677	0.329	0.984	76	141632	113118202	113118716	113259125	113259638	347412011	113050000	113300000	72	2315	513	140409	wide
SUPER_3	26498978	26504172	IR	329	.	26501936	0.329	0.973	67	5168	26498978	26499501	26503649	26504172	347412011	26300000	26550000	0	3359	523	4148	spaced
SUPER_3	70354169	70543988	IR	329	.	70448890	0.329	0.959	63	189877	70354169	70354675	70543482	70543991	347412011	70300000	70550000	63	2484	506	188807	wide
SUPER_3	227100109	227125801	IR	329	.	227112753	0.329	0.942	62	25804	227100109	227100900	227125013	227125801	347412011	227000000	227250000	62	1882	788	24113	spaced
SUPER_3	118740916	118746030	IR	329	.	118742965	0.329	0.995	61	5089	118740916	118741288	118745658	118746030	347412011	118500000	118750000	0	4057	372	4370	spaced
SUPER_3	237967023	237981377	IR	329	.	237974035	0.329	1.000	61	14375	237967023	237967299	237981101	237981377	347412011	237750000	238000000	61	3736	276	13802	spaced
SUPER_3	203228821	203350054	IR	329	.	203289685	0.329	0.388	56	121221	203228821	203289434	203289441	203350059	347412011	203150000	203400000	0	2323	60613	7	immediate
SUPER_3	239173296	239230236	IR	329	.	239201634	0.329	0.956	52	56978	239173296	239173844	239229690	239230236	347412011	239000000	239250000	52	3362	546	55846	spaced
SUPER_3	234353998	234413505	IR	329	.	234384181	0.329	0.933	50	59430	234353998	234354706	234412802	234413505	347412011	234200000	234450000	0	3062	703	58096	spaced
SUPER_3	119349429	119354557	IR	329	.	119352256	0.329	0.929	49	5112	119349429	119350009	119353977	119354558	347412011	119300000	119550000	0	866	580	3968	spaced
SUPER_3	136084165	136221654	IR	329	.	136153281	0.329	0.931	48	137472	136084165	136084947	136220885	136221654	347412011	136000000	136250000	0	2548	769	135938	wide
SUPER_3	293860574	293917577	IR	329	.	293888783	0.329	0.829	48	56986	293860574	293861920	293916328	293917577	347412011	293700000	293950000	0	3151	1249	54408	spaced
SUPER_3	150482799	150486147	IR	329	.	150484447	0.329	1.000	47	3384	150482799	150483021	150485925	150486147	347412011	150400000	150650000	47	1407	222	2904	spaced
SUPER_3	256789465	256792344	IR	329	.	256790975	0.329	0.896	46	2901	256789465	256789819	256792015	256792344	347412011	256600000	256850000	46	3181	329	2196	spaced
SUPER_3	25392616	25446579	IR	329	.	25419593	0.329	0.924	43	54080	25392616	25393424	25445771	25446579	347412011	25200000	25450000	43	3659	808	52347	spaced
SUPER_3	92078881	92189199	IR	329	.	92134059	0.329	0.174	41	110290	92078881	92078999	92189153	92189199	347412011	91950000	92200000	575	3067	46	110154	wide
SUPER_3	205358809	205418346	IR	329	.	205388605	0.329	0.394	39	59509	205358809	205385648	205391509	205418346	347412011	205300000	205550000	179	1476	26837	5861	spaced
SUPER_3	41329148	41512810	IR	329	.	41421414	0.329	0.710	37	183643	41329148	41330213	41511805	41512810	347412011	41300000	41550000	0	2016	1005	181592	wide
SUPER_3	175318718	175431912	IR	329	.	175375513	0.329	0.943	36	113165	175318718	175318768	175431862	175431915	347412011	175300000	175550000	447	1255	50	113094	wide
SUPER_3	201570821	201578011	IR	329	.	201573972	0.329	0.976	36	7175	201570821	201571111	201577721	201578013	347412011	201550000	201800000	0	406	290	6610	spaced
SUPER_3	319837719	319840890	IR	329	.	319839779	0.329	0.946	36	3059	319837719	319838100	319840509	319840901	347412011	319750000	320000000	0	1488	381	2409	spaced
SUPER_3	68438382	68443056	IR	329	.	68440733	0.329	0.683	32	4671	68438382	68438644	68442835	68443056	347412011	68300000	68550000	48	2345	221	4191	spaced
SUPER_3	195081059	195086621	IR	329	.	195083448	0.329	0.746	30	5618	195081059	195081362	195086318	195086703	347412011	195000000	195250000	0	1397	303	4956	spaced
SUPER_3	45315200	45453788	IR	329	.	45384493	0.329	0.750	27	138568	45315200	45315256	45453746	45453788	347412011	45300000	45550000	243	1408	42	138490	wide
SUPER_3	162598902	162615676	IR	329	.	162606939	0.329	0.982	23	16743	162598902	162599126	162615452	162615676	347412011	162450000	162700000	0	2621	224	16326	spaced
SUPER_3	194159583	194306252	IR	329	.	194232613	0.329	0.904	23	146651	194159583	194160019	194305816	194306253	347412011	194100000	194350000	0	2215	436	145797	wide
SUPER_3	237784211	237788866	IR	329	.	237786433	0.329	0.950	23	4711	237784211	237784509	237788569	237788866	347412011	237700000	237950000	23	1442	297	4060	spaced
SUPER_3	117339061	117425045	IR	329	.	117381661	0.329	0.952	22	85921	117339061	117339308	117424798	117425046	347412011	117200000	117450000	0	3034	247	85490	spaced
SUPER_3	270860650	270873372	IR	328	.	270866837	0.328	0.998	698	13505	270860650	270863828	270870194	270873374	347412011	270700000	270950000	699	2783	3178	6366	spaced
SUPER_3	185227448	185240970	IR	328	.	185233750	0.328	0.958	506	13605	185227448	185232108	185236310	185241075	347412011	185050000	185300000	0	3070	4660	4202	spaced
SUPER_3	342578206	342599321	IR	328	.	342589167	0.328	0.950	422	20753	342578206	342586913	342590642	342599321	347412011	342350000	342600000	0	3979	8679	3729	spaced
SUPER_3	303765550	303789308	IR	328	.	303777137	0.328	0.773	349	23643	303765550	303774080	303780895	303789308	347412011	303600000	303850000	0	2957	8413	6815	spaced
SUPER_3	250131319	250137395	IR	328	.	250133882	0.328	0.993	316	6062	250131319	250133199	250135515	250137403	347412011	249900000	250150000	0	3905	1880	2316	spaced
SUPER_3	249950352	249957943	IR	328	.	249953995	0.328	1.000	293	7880	249950352	249951644	249956651	249957943	347412011	249750000	250000000	293	3402	1292	5007	spaced
SUPER_3	181992983	181999536	IR	328	.	181996260	0.328	0.981	283	7018	181992983	181994317	181998202	181999556	347412011	181900000	182150000	283	1604	1334	3885	spaced
SUPER_3	230479292	230484698	IR	328	.	230482328	0.328	0.999	229	5387	230479292	230480579	230483411	230484699	347412011	230250000	230500000	0	3866	1287	2832	spaced
SUPER_3	69526323	69533815	IR	328	.	69529834	0.328	0.978	182	7726	69526323	69527361	69532777	69533815	347412011	69300000	69550000	182	3834	1038	5416	spaced
SUPER_3	207010162	207143632	IR	328	.	207076564	0.328	0.412	140	133519	207010162	207076892	207076902	207143700	347412011	206900000	207150000	0	2948	66730	10	immediate
SUPER_3	205205343	205212815	IR	328	.	205208657	0.328	0.952	108	7455	205205343	205206615	205211543	205212815	347412011	205200000	205450000	0	151	1272	4928	spaced
SUPER_3	185809443	185816098	IR	328	.	185812702	0.328	0.869	106	6792	185809443	185810242	185815299	185816130	347412011	185650000	185900000	106	2712	799	5057	spaced
SUPER_3	235760309	235774923	IR	328	.	235768064	0.328	0.998	99	14590	235760309	235760888	235774344	235774923	347412011	235650000	235900000	0	1960	579	13456	spaced
SUPER_3	216685994	216692604	IR	328	.	216689503	0.328	0.976	95	6702	216685994	216686650	216691949	216692604	347412011	216450000	216700000	95	3988	655	5299	spaced
SUPER_3	141131514	141146128	IR	328	.	141139269	0.328	0.995	90	14590	141131514	141132093	141145549	141146128	347412011	140900000	141150000	0	3980	579	13456	spaced
SUPER_3	103417163	103420597	IR	328	.	103418473	0.328	0.931	84	3441	103417163	103417814	103419946	103420629	347412011	103300000	103550000	0	1981	651	2132	spaced
SUPER_3	168252955	168262339	IR	328	.	168257865	0.328	1.000	82	9494	168252955	168253323	168261971	168262339	347412011	168050000	168300000	82	3460	368	8648	spaced
SUPER_3	169372621	169376921	IR	328	.	169374845	0.328	0.975	82	4454	169372621	169373134	169376408	169376926	347412011	169300000	169550000	82	1246	513	3274	spaced
SUPER_3	167856407	167860640	IR	328	.	167858936	0.328	0.913	74	4176	167856407	167857312	167859775	167860640	347412011	167650000	167900000	0	3475	865	2463	spaced
SUPER_3	264977318	264983631	IR	328	.	264980964	0.328	0.968	71	6288	264977318	264978102	264982848	264983631	347412011	264850000	265100000	0	2174	783	4746	spaced
SUPER_3	191032170	191034202	IR	328	.	191033060	0.328	0.942	66	2060	191032170	191032485	191033887	191034203	347412011	190800000	191050000	66	3886	315	1402	immediate
SUPER_3	31740338	31746654	IR	328	.	31743560	0.328	0.987	65	6356	31740338	31740732	31746260	31746654	347412011	31500000	31750000	65	4058	394	5528	spaced
SUPER_3	214159533	214161524	IR	328	.	214160648	0.328	1.000	64	2039	214159533	214159827	214161230	214161524	347412011	214150000	214400000	64	175	294	1403	immediate
SUPER_3	189927482	189932642	IR	328	.	189930003	0.328	0.849	63	5208	189927482	189928125	189932039	189932642	347412011	189850000	190100000	63	1334	603	3914	spaced
SUPER_3	174564124	174718859	IR	328	.	174641783	0.328	0.804	60	154707	174564124	174565536	174717460	174718859	347412011	174500000	174750000	0	2358	1399	151924	wide
SUPER_3	192686408	192700989	IR	328	.	192693265	0.328	0.967	57	14560	192686408	192686958	192700439	192700989	347412011	192500000	192750000	0	3228	550	13481	spaced
SUPER_3	298053230	298063246	IR	328	.	298057736	0.328	0.858	57	9867	298053230	298053722	298062754	298063302	347412011	297900000	298150000	0	2637	492	9032	spaced
SUPER_3	59999250	60002604	IR	328	.	60000830	0.328	0.950	47	3406	59999250	59999548	60002314	60002604	347412011	59800000	60050000	47	3348	290	2766	spaced
SUPER_3	203454488	203468262	IR	328	.	203461656	0.328	0.898	47	13746	203454488	203455056	203467722	203468262	347412011	203300000	203550000	0	2689	540	12666	spaced
SUPER_3	64382918	64389409	IR	328	.	64386339	0.328	0.872	45	6808	64382918	64383571	64388756	64389446	347412011	64250000	64500000	45	2269	653	5185	spaced
SUPER_3	198513250	198517766	IR	328	.	198515154	0.328	0.910	45	4497	198513250	198513793	198517237	198517766	347412011	198350000	198600000	0	2758	529	3444	spaced
SUPER_3	198555949	198564218	IR	328	.	198559598	0.328	0.976	43	8227	198555949	198556446	198563721	198564218	347412011	198350000	198600000	0	3501	497	7275	spaced
SUPER_3	309126712	309145808	IR	328	.	309136683	0.328	0.753	43	19075	309126712	309128074	309144480	309145808	347412011	309100000	309350000	0	604	1328	16406	spaced
SUPER_3	52904657	52915586	IR	328	.	52909812	0.328	0.973	42	10910	52904657	52905023	52915220	52915586	347412011	52700000	52950000	0	3501	366	10197	spaced
SUPER_3	92966345	93064126	IR	328	.	93015290	0.328	0.929	42	97969	92966345	92967036	93063435	93064128	347412011	92900000	93150000	42	1920	691	96399	spaced
SUPER_3	241438716	241470710	IR	328	.	241454465	0.328	0.912	36	32084	241438716	241438974	241470464	241470710	347412011	241250000	241500000	36	3411	246	31490	spaced
SUPER_3	184845830	184865805	IR	328	.	184856245	0.328	0.211	33	19937	184845830	184845868	184865767	184865861	347412011	184800000	185050000	0	930	38	19899	spaced
SUPER_3	281549612	281598335	IR	328	.	281574204	0.328	1.000	33	49806	281549612	281549639	281598308	281598335	347412011	281350000	281600000	4	3732	27	48669	spaced
SUPER_3	33365931	33377497	IR	328	.	33371277	0.328	0.955	31	11552	33365931	33366235	33377193	33377501	347412011	33150000	33400000	0	3695	304	10958	spaced
SUPER_3	263002609	263101394	IR	328	.	263051649	0.328	0.825	31	98622	263002609	263003732	263100308	263101394	347412011	262900000	263150000	0	2533	1086	96576	spaced
SUPER_3	307350373	307357938	IR	328	.	307354012	0.328	0.632	31	7513	307350373	307350411	307357900	307357962	347412011	307150000	307400000	162	3402	38	7489	spaced
SUPER_3	249029616	249036482	IR	328	.	249033510	0.328	0.981	27	6840	249029616	249029820	249036278	249036483	347412011	248800000	249050000	0	3884	204	6458	spaced
SUPER_3	9265921	9360008	IR	328	.	9313211	0.328	0.847	26	94092	9265921	9266308	9359621	9360035	347412011	9250000	9500000	0	1049	387	93313	spaced
SUPER_3	238895037	238967833	IR	328	.	238931692	0.328	0.972	22	72777	238895037	238895253	238967617	238967833	347412011	238800000	239050000	0	2190	216	72364	spaced
SUPER_3	250750432	250784628	IR	328	.	250767940	0.328	0.878	22	34161	250750432	250751045	250784028	250784628	347412011	250550000	250800000	0	3625	600	32983	spaced
SUPER_3	23871904	23895690	IR	328	.	23883625	0.328	0.923	21	23811	23871904	23872189	23895405	23895690	347412011	23800000	24050000	21	1396	285	23216	spaced
SUPER_3	68662868	68794584	IR	328	.	68728990	0.328	0.966	21	131669	68662868	68663136	68794316	68794584	347412011	68600000	68850000	0	2145	268	131180	wide
SUPER_3	150265683	150272829	IR	328	.	150269532	0.328	0.752	20	7102	150265683	150265937	150272631	150272829	347412011	150050000	150300000	0	3654	198	6694	spaced
SUPER_3	162103729	162108117	IR	328	.	162106333	0.328	0.893	20	4369	162103729	162103968	162107878	162108123	347412011	161900000	162150000	0	3431	239	3910	spaced
SUPER_3	241078204	241123395	IR	328	.	241100337	0.328	0.911	20	45167	241078204	241078576	241123023	241123401	347412011	241050000	241300000	0	846	372	44447	spaced
SUPER_3	204452951	204463564	IR	327	.	204458586	0.327	0.991	296	10594	204452951	204454626	204461899	204463564	347412011	204250000	204500000	0	3470	1665	7273	spaced
SUPER_3	91809074	91848898	IR	327	.	91828521	0.327	0.977	275	39808	91809074	91811142	91846830	91848901	347412011	91600000	91850000	0	3816	2068	35688	spaced
SUPER_3	109980955	109988629	IR	327	.	109985205	0.327	1.000	239	7656	109980955	109982277	109987307	109988629	347412011	109750000	110000000	0	3913	1322	5030	spaced
SUPER_3	216626335	216634122	IR	327	.	216630427	0.327	0.990	197	8000	216626335	216627233	216633224	216634131	347412011	216450000	216700000	197	3003	898	5991	spaced
SUPER_3	298982596	298989226	IR	327	.	298985613	0.327	0.981	169	6610	298982596	298983700	298988122	298989226	347412011	298750000	299000000	0	3931	1104	4422	spaced
SUPER_3	23618762	23628566	IR	327	.	23623895	0.327	0.994	135	10707	23618762	23619072	23628258	23628566	347412011	23400000	23650000	63	3727	308	9186	spaced
SUPER_3	138727187	138768629	IR	327	.	138747959	0.327	0.909	135	41722	138727187	138728373	138767443	138768689	347412011	138550000	138800000	135	3298	1186	39070	spaced
SUPER_3	62010459	62062434	IR	327	.	62036044	0.327	0.902	121	52031	62010459	62011727	62061166	62062508	347412011	61850000	62100000	0	3107	1268	49439	spaced
SUPER_3	31343310	31346109	IR	327	.	31344589	0.327	0.917	100	3366	31343310	31344413	31345006	31346109	347412011	31100000	31350000	100	4078	1103	593	immediate
SUPER_3	192831143	192843645	IR	327	.	192837076	0.327	0.967	90	12488	192831143	192831898	192842890	192843655	347412011	192600000	192850000	0	3956	755	10992	spaced
SUPER_3	200033448	200035877	IR	327	.	200034674	0.327	0.995	79	2453	200033448	200033815	200035512	200035877	347412011	199800000	200050000	79	3910	365	1697	immediate
SUPER_3	113019088	113054661	IR	327	.	113037255	0.327	0.898	74	35598	113019088	113020233	113053516	113054710	347412011	112850000	113100000	0	3114	1145	33283	spaced
SUPER_3	80393247	80398195	IR	327	.	80396191	0.327	0.986	70	4913	80393247	80393732	80397710	80398195	347412011	80200000	80450000	0	3261	485	3978	spaced
SUPER_3	184076227	184086685	IR	327	.	184081367	0.327	0.953	70	10508	184076227	184076631	184086297	184086685	347412011	183850000	184100000	70	3857	388	9666	spaced
SUPER_3	5083761	5093112	IR	327	.	5087963	0.327	0.968	65	9325	5083761	5084346	5092527	5093112	347412011	4850000	5100000	0	3973	585	8181	spaced
SUPER_3	203867952	203870093	IR	327	.	203868953	0.327	0.994	65	2253	203867952	203868268	203869777	203870093	347412011	203650000	203900000	65	3650	316	1509	immediate
SUPER_3	150367075	150391493	IR	327	.	150379615	0.327	0.966	64	24400	150367075	150367667	150390901	150391497	347412011	150150000	150400000	0	3821	592	23234	spaced
SUPER_3	112626613	112640885	IR	327	.	112633681	0.327	1.000	59	14317	112626613	112626877	112640621	112640885	347412011	112400000	112650000	59	3895	264	13744	spaced
SUPER_3	42130859	42145307	IR	327	.	42137935	0.327	1.000	58	14516	42130859	42131109	42145057	42145307	347412011	41900000	42150000	58	3967	250	13948	spaced
SUPER_3	21210977	21225561	IR	327	.	21218210	0.327	0.958	56	14601	21210977	21211257	21225281	21225564	347412011	21000000	21250000	56	3637	280	14024	spaced
SUPER_3	154490988	154495602	IR	327	.	154492808	0.327	0.951	55	4585	154490988	154491893	154494699	154495602	347412011	154300000	154550000	0	3221	903	2806	spaced
SUPER_3	284953739	284956894	IR	327	.	284954849	0.327	0.936	55	3129	284953739	284954350	284956294	284956894	347412011	284750000	285000000	0	3421	600	1944	immediate
SUPER_3	83756091	83761320	IR	327	.	83758258	0.327	0.956	52	5211	83756091	83756811	83760600	83761320	347412011	83550000	83800000	0	3478	720	3789	spaced
SUPER_3	150448539	150482756	IR	327	.	150465316	0.327	0.937	50	34189	150448539	150449043	150482268	150482756	347412011	150350000	150600000	0	1927	488	33225	spaced
SUPER_3	219183110	219277117	IR	327	.	219229712	0.327	0.967	48	93979	219183110	219183529	219276698	219277118	347412011	219100000	219350000	0	2168	419	93169	spaced
SUPER_3	100120414	100123045	IR	327	.	100121487	0.327	0.987	41	2653	100120414	100120638	100122821	100123045	347412011	99900000	100150000	41	3695	224	2183	spaced
SUPER_3	326877862	326902061	IR	327	.	326889866	0.327	0.838	39	24276	326877862	326878480	326901477	326902061	347412011	326800000	327050000	39	1499	584	22997	spaced
SUPER_3	19022360	19032831	IR	327	.	19027990	0.327	0.849	38	10429	19022360	19023182	19032009	19032860	347412011	18800000	19050000	0	3793	822	8827	spaced
SUPER_3	76107294	76109597	IR	327	.	76108905	0.327	0.961	37	2285	76107294	76107780	76109113	76109597	347412011	75900000	76150000	0	3473	484	1333	immediate
SUPER_3	275935994	275938304	IR	327	.	275936723	0.327	0.962	36	2283	275935994	275936390	275937908	275938307	347412011	275700000	275950000	0	3952	396	1518	immediate
SUPER_3	101132283	101154769	IR	327	.	101143928	0.327	0.845	34	22505	101132283	101132779	101154273	101154820	347412011	100950000	101200000	0	3225	496	21494	spaced
SUPER_3	157208395	157211875	IR	327	.	157210000	0.327	0.987	34	3533	157208395	157208549	157211723	157211875	347412011	157000000	157250000	34	3502	152	3174	spaced
SUPER_3	289681395	289683764	IR	327	.	289682593	0.327	0.871	33	2380	289681395	289681697	289683492	289683764	347412011	289450000	289700000	33	3876	272	1795	immediate
SUPER_3	36043679	36206583	IR	327	.	36125398	0.327	0.722	31	162852	36043679	36043751	36206531	36206583	347412011	36000000	36250000	0	2085	52	162780	wide
SUPER_3	218696292	218732979	IR	327	.	218714965	0.327	0.942	31	36670	218696292	218696690	218732585	218732979	347412011	218600000	218850000	0	1910	394	35895	spaced
SUPER_3	302154222	302162835	IR	327	.	302158183	0.327	0.749	30	8596	302154222	302155763	302161351	302162835	347412011	301950000	302200000	0	3475	1484	5588	spaced
SUPER_3	30878039	30880564	IR	327	.	30879467	0.327	0.888	26	2541	30878039	30878274	30880337	30880564	347412011	30650000	30900000	26	3821	227	2063	spaced
SUPER_3	100814365	100825022	IR	327	.	100819281	0.327	0.949	25	10625	100814365	100814617	100824776	100825022	347412011	100600000	100850000	0	3661	246	10159	spaced
SUPER_3	266163136	266166164	IR	327	.	266165023	0.327	0.942	25	3013	266163136	266163493	266165807	266166168	347412011	265950000	266200000	0	3577	357	2314	spaced
SUPER_3	122989579	123044282	IR	327	.	123016654	0.327	0.870	24	54547	122989579	122990301	123043560	123044285	347412011	122950000	123200000	0	1115	722	53259	spaced
SUPER_3	308014508	308051465	IR	327	.	308032514	0.327	0.939	22	36939	308014508	308014949	308051027	308051465	347412011	307900000	308150000	0	2216	438	36078	spaced
SUPER_3	245232770	245235886	IR	327	.	245234053	0.327	0.955	21	3096	245232770	245233059	245235597	245235886	347412011	245000000	245250000	0	3905	289	2538	spaced
SUPER_3	128439339	128448908	IR	326	.	128444490	0.326	0.982	306	9552	128439339	128441562	128446697	128448908	347412011	128200000	128450000	0	4068	2211	5135	spaced
SUPER_3	10047596	10057733	IR	326	.	10053140	0.326	0.911	231	10119	10047596	10050724	10054623	10057733	347412011	9850000	10100000	0	3377	3110	3899	spaced
SUPER_3	132599708	132607758	IR	326	.	132603841	0.326	1.000	200	8248	132599708	132600618	132606848	132607758	347412011	132500000	132750000	200	1728	910	6230	spaced
SUPER_3	301435415	301443483	IR	326	.	301439557	0.326	1.000	199	8254	301435415	301436322	301442576	301443483	347412011	301200000	301450000	199	3990	907	6254	spaced
SUPER_3	264430718	264507950	IR	326	.	264469789	0.326	0.925	144	77270	264430718	264432580	264506088	264508014	347412011	264300000	264550000	0	2822	1862	73508	spaced
SUPER_3	130461460	130468451	IR	326	.	130465318	0.326	0.950	136	6929	130461460	130462598	130467313	130468462	347412011	130250000	130500000	0	3582	1138	4715	spaced
SUPER_3	178138453	178143105	IR	326	.	178140749	0.326	0.994	118	4783	178138453	178139105	178142455	178143105	347412011	177900000	178150000	118	4012	650	3350	spaced
SUPER_3	82149336	82192740	IR	326	.	82171356	0.326	0.918	114	43385	82149336	82151150	82190932	82192740	347412011	81950000	82200000	0	3683	1808	39782	spaced
SUPER_3	266215379	266224861	IR	326	.	266219667	0.326	0.986	113	9459	266215379	266216224	266224016	266224861	347412011	266000000	266250000	0	3668	845	7792	spaced
SUPER_3	238610327	238617324	IR	326	.	238613543	0.326	0.879	104	7050	238610327	238611709	238615942	238617406	347412011	238600000	238850000	0	230	1382	4233	spaced
SUPER_3	112183629	112189707	IR	326	.	112187054	0.326	0.988	102	6060	112183629	112184297	112189039	112189708	347412011	111950000	112200000	0	3944	668	4742	spaced
SUPER_3	194027001	194131791	IR	326	.	194079829	0.326	0.967	74	104765	194027001	194027721	194131071	194131796	347412011	193900000	194150000	0	2989	720	103350	wide
SUPER_3	90873136	90922171	IR	326	.	90897187	0.326	0.930	61	49014	90873136	90874021	90921286	90922180	347412011	90700000	90950000	0	3294	885	47265	spaced
SUPER_3	96019456	96083790	IR	326	.	96052055	0.326	0.905	61	64332	96019456	96020342	96082904	96083809	347412011	95850000	96100000	0	3360	886	62562	spaced
SUPER_3	332381779	332429258	IR	326	.	332405583	0.326	0.948	61	47640	332381779	332382528	332428509	332429258	347412011	332200000	332450000	61	3425	749	45981	spaced
SUPER_3	290511069	290513399	IR	326	.	290512291	0.326	0.970	54	2368	290511069	290511397	290513076	290513399	347412011	290300000	290550000	54	3537	323	1679	immediate
SUPER_3	19756402	19781652	IR	326	.	19768779	0.326	0.995	52	25662	19756402	19756586	19781468	19781652	347412011	19550000	19800000	35	3650	184	24882	spaced
SUPER_3	94334150	94345623	IR	326	.	94339746	0.326	0.996	47	11489	94334150	94334384	94345389	94345623	347412011	94250000	94500000	48	1497	234	11005	spaced
SUPER_3	330591556	330607504	IR	326	.	330599912	0.326	0.960	47	15933	330591556	330592019	330607041	330607515	347412011	330550000	330800000	0	825	463	15022	spaced
SUPER_3	273021611	273024781	IR	326	.	273022899	0.326	0.960	42	3155	273021611	273022110	273024282	273024784	347412011	272800000	273050000	0	3719	499	2172	spaced
SUPER_3	9640567	9724748	IR	326	.	9682764	0.326	0.898	36	84343	9640567	9641317	9723998	9724751	347412011	9500000	9750000	36	3044	750	82681	spaced
SUPER_3	271132763	271197250	IR	326	.	271165239	0.326	0.952	35	64469	271132763	271133163	271196850	271197250	347412011	270950000	271200000	0	3583	400	63687	spaced
SUPER_3	223372812	223384059	IR	326	.	223378059	0.326	0.692	34	11193	223372812	223372866	223384005	223384083	347412011	223200000	223450000	0	2973	54	11139	spaced
SUPER_3	286194420	286197744	IR	326	.	286196520	0.326	0.926	34	3315	286194420	286194671	286197493	286197763	347412011	285950000	286200000	0	4101	251	2822	spaced
SUPER_3	215652845	215889061	IR	326	.	215771315	0.326	0.990	33	236196	215652845	215653048	215888858	215889061	347412011	215650000	215900000	0	2015	203	235810	wide
SUPER_3	198108641	198122240	IR	326	.	198115852	0.326	0.819	26	13626	198108641	198109015	198121866	198122296	347412011	197950000	198200000	0	2757	374	12851	spaced
SUPER_3	84812441	85046609	IR	326	.	84929969	0.326	0.995	25	234141	84812441	84812631	85046419	85046609	347412011	84800000	85050000	0	2158	190	233788	wide
SUPER_3	241390372	241401533	IR	326	.	241396316	0.326	0.807	25	11208	241390372	241390794	241401111	241401604	347412011	241250000	241500000	0	2432	422	10317	spaced
SUPER_3	137213126	137215718	IR	326	.	137213964	0.326	0.979	24	2570	137213126	137213320	137215524	137215718	347412011	137000000	137250000	0	3573	194	2204	spaced
SUPER_3	165171366	165173646	IR	326	.	165172506	0.326	0.955	24	2315	165171366	165171607	165173405	165173649	347412011	164950000	165200000	24	3708	241	1798	immediate
SUPER_3	192569845	192572516	IR	326	.	192570874	0.326	0.968	24	2652	192569845	192570098	192572263	192572516	347412011	192350000	192600000	0	3686	253	2165	spaced
SUPER_3	49580092	49765334	IR	326	.	49672730	0.326	0.531	23	185218	49580092	49580150	49765302	49765334	347412011	49550000	49800000	44	2045	32	185152	wide
SUPER_3	91446079	91475085	IR	326	.	91460388	0.326	0.984	23	28993	91446079	91446261	91474903	91475085	347412011	91250000	91500000	23	3509	182	28642	spaced
SUPER_3	135583173	135594424	IR	326	.	135588926	0.326	0.889	23	11306	135583173	135583711	135593908	135594424	347412011	135400000	135650000	23	3146	516	10197	spaced
SUPER_3	189276683	189349909	IR	326	.	189312945	0.326	0.978	23	73198	189276683	189276909	189349683	189349909	347412011	189100000	189350000	0	3554	226	72774	spaced
SUPER_3	216306150	216335965	IR	326	.	216321523	0.326	0.776	22	29798	216306150	216307138	216335044	216335965	347412011	216250000	216500000	0	1184	921	27906	spaced
SUPER_3	320086447	320126019	IR	326	.	320106233	0.326	0.433	22	22469	320086447	320105265	320107201	320126103	347412011	320050000	320300000	22	937	18818	1936	immediate
SUPER_3	151693940	151884830	IR	326	.	151789463	0.326	0.965	21	190894	151693940	151694141	151884631	151884830	347412011	151650000	151900000	21	2322	199	190490	wide
SUPER_3	246692364	246732578	IR	326	.	246712780	0.326	1.000	20	40194	246692364	246692501	246732441	246732578	347412011	246500000	246750000	0	3541	137	39940	spaced
SUPER_3	144673427	144686533	IR	325	.	144679567	0.325	0.988	530	13097	144673427	144676932	144683028	144686548	347412011	144450000	144700000	0	3832	3505	6096	spaced
SUPER_3	206226898	206234668	IR	325	.	206230782	0.325	0.953	363	8355	206226898	206229445	206232121	206234696	347412011	206000000	206250000	363	3846	2547	2676	spaced
SUPER_3	168987042	168996594	IR	325	.	168991321	0.325	0.987	300	9531	168987042	168989654	168993982	168996594	347412011	168750000	169000000	0	4030	2612	4328	spaced
SUPER_3	179407295	179415068	IR	325	.	179411199	0.325	0.993	240	8064	179407295	179408519	179413844	179415068	347412011	179200000	179450000	240	3519	1224	5325	spaced
SUPER_3	304164141	304192445	IR	325	.	304178744	0.325	0.955	236	28282	304164141	304168734	304187878	304192445	347412011	303950000	304200000	0	3804	4567	19144	spaced
SUPER_3	237061448	237066996	IR	325	.	237064158	0.325	1.000	220	5801	237061448	237062445	237065999	237066996	347412011	236850000	237100000	220	3570	997	3554	spaced
SUPER_3	234075724	234082181	IR	325	.	234078499	0.325	0.915	162	6429	234075724	234076859	234081128	234082181	347412011	233950000	234200000	0	2149	1053	4269	spaced
SUPER_3	206752503	206815407	IR	325	.	206783561	0.325	0.968	160	62844	206752503	206754112	206813803	206815407	347412011	206600000	206850000	0	3065	1604	59691	spaced
SUPER_3	98750093	98938573	IR	325	.	98844121	0.325	1.000	85	188620	98750093	98750490	98938176	98938573	347412011	98700000	98950000	85	2405	397	187686	wide
SUPER_3	22058106	22066231	IR	325	.	22061672	0.325	0.963	83	8100	22058106	22058934	22065403	22066233	347412011	21850000	22100000	0	3536	828	6469	spaced
SUPER_3	215139949	215197498	IR	325	.	215169037	0.325	0.639	82	57488	215139949	215140082	215197413	215197498	347412011	214950000	215200000	0	3645	85	57331	spaced
SUPER_3	53287812	53295550	IR	325	.	53291241	0.325	0.939	78	7742	53287812	53288524	53294838	53295577	347412011	53100000	53350000	0	3194	712	6314	spaced
SUPER_3	165576507	165595213	IR	325	.	165585724	0.325	0.901	75	18959	165576507	165578298	165593439	165595213	347412011	165400000	165650000	75	3097	1774	15141	spaced
SUPER_3	211246266	211252145	IR	325	.	211249451	0.325	0.989	75	5856	211246266	211246816	211251595	211252146	347412011	211050000	211300000	0	3319	550	4779	spaced
SUPER_3	314210085	314301215	IR	325	.	314255294	0.325	0.873	72	90954	314210085	314212315	314299002	314301215	347412011	314150000	314400000	0	1760	2213	86687	spaced
SUPER_3	11840769	11849325	IR	325	.	11844621	0.325	0.964	68	8534	11840769	11841324	11848784	11849325	347412011	11800000	12050000	0	750	541	7460	spaced
SUPER_3	1405601	1408178	IR	325	.	1406858	0.325	0.997	67	2606	1405601	1405931	1407848	1408178	347412011	1200000	1450000	67	3448	330	1917	immediate
SUPER_3	260990386	261090837	IR	325	.	261040989	0.325	0.942	63	100411	260990386	260991289	261089937	261090837	347412011	260850000	261100000	0	3176	900	98648	spaced
SUPER_3	213297818	213300111	IR	325	.	213299235	0.325	0.927	57	2275	213297818	213298309	213299634	213300111	347412011	213150000	213400000	0	2482	477	1325	immediate
SUPER_3	121867069	121918970	IR	325	.	121893113	0.325	0.981	54	51933	121867069	121867391	121918648	121918970	347412011	121700000	121950000	54	3216	322	51257	spaced
SUPER_3	215084918	215099483	IR	325	.	215091883	0.325	0.961	48	14539	215084918	215085253	215099157	215099483	347412011	214950000	215200000	0	2369	326	13904	spaced
SUPER_3	212673728	212677978	IR	325	.	212676137	0.325	0.904	47	4270	212673728	212674305	212677401	212678016	347412011	212450000	212700000	0	3764	577	3096	spaced
SUPER_3	227805809	227809526	IR	325	.	227807837	0.325	0.903	46	12501	227805809	227806118	227809224	227809526	347412011	227600000	227850000	46	3460	302	3106	spaced
SUPER_3	259545816	259551187	IR	325	.	259548647	0.325	0.985	43	5369	259545816	259546076	259550927	259551187	347412011	259500000	259750000	43	808	260	4851	spaced
SUPER_3	324941138	325014884	IR	325	.	324978372	0.325	0.982	41	73721	324941138	324941477	325014545	325014884	347412011	324850000	325100000	0	2133	339	73068	spaced
SUPER_3	248092378	248118834	IR	325	.	248105445	0.325	0.861	34	26487	248092378	248093166	248118046	248118865	347412011	248050000	248300000	34	926	788	24880	spaced
SUPER_3	146665490	146668986	IR	325	.	146667132	0.325	1.000	33	3498	146665490	146665666	146668810	146668986	347412011	146500000	146750000	33	2787	176	3144	spaced
SUPER_3	249572717	249576183	IR	325	.	249574774	0.325	0.973	28	3444	249572717	249572981	249575919	249576183	347412011	249350000	249600000	0	3740	264	2938	spaced
SUPER_3	43495125	43499485	IR	325	.	43497417	0.325	0.917	27	4361	43495125	43495406	43499204	43499491	347412011	43250000	43500000	27	4121	281	3798	spaced
SUPER_3	39573581	39579190	IR	325	.	39576530	0.325	0.924	26	5635	39573581	39573786	39578985	39579192	347412011	39400000	39650000	46	2939	205	5199	spaced
SUPER_3	80651035	80821683	IR	325	.	80735851	0.325	0.952	26	170604	80651035	80651412	80821313	80821683	347412011	80600000	80850000	0	2272	370	169901	wide
SUPER_3	112148966	112152953	IR	325	.	112150542	0.325	0.892	26	3963	112148966	112149374	112152561	112152953	347412011	111950000	112200000	0	3349	392	3187	spaced
SUPER_3	285642271	285780157	IR	325	.	285710782	0.325	0.902	26	137887	285642271	285642609	285779819	285780176	347412011	285550000	285800000	0	2686	338	137210	wide
SUPER_3	115760524	115761057	IR	325	.	115760660	0.325	0.983	25	59731	115760524	115760698	115760883	115761057	347412011	115600000	115850000	25	2679	174	185	immediate
SUPER_3	35439598	35445656	IR	325	.	35442236	0.325	0.893	23	6041	35439598	35439822	35445448	35445656	347412011	35350000	35600000	0	1543	208	5626	spaced
SUPER_3	68984300	69002172	IR	325	.	68993657	0.325	0.949	21	17854	68984300	68984575	69001897	69002172	347412011	68800000	69050000	0	3220	275	17322	spaced
SUPER_3	108252916	108255467	IR	325	.	108254538	0.325	0.932	21	2532	108252916	108253197	108255192	108255467	347412011	108050000	108300000	0	3403	275	1995	immediate
SUPER_3	251583618	251622452	IR	325	.	251603002	0.325	1.000	21	38816	251583618	251583714	251622356	251622452	347412011	251400000	251650000	21	3383	96	38642	spaced
SUPER_3	254450353	254551182	IR	325	.	254500753	0.325	0.959	21	100841	254450353	254450499	254551036	254551182	347412011	254350000	254600000	21	2512	146	100537	wide
SUPER_3	224472081	224478795	IR	324	.	224475408	0.324	0.999	344	7049	224472081	224473599	224477277	224478795	347412011	224250000	224500000	344	3757	1518	3678	spaced
SUPER_3	205543651	205550011	IR	324	.	205546521	0.324	1.000	243	6334	205543651	205544986	205548676	205550011	347412011	205350000	205600000	0	3280	1335	3690	spaced
SUPER_3	162154941	162158232	IR	324	.	162156255	0.324	0.999	239	3270	162154941	162156249	162156924	162158232	347412011	161950000	162200000	0	3442	1308	675	immediate
SUPER_3	8575786	8579479	IR	324	.	8577814	0.324	0.990	163	3886	8575786	8576583	8578683	8579479	347412011	8350000	8600000	163	3793	796	2100	spaced
SUPER_3	7131695	7135601	IR	324	.	7133468	0.324	0.988	121	12935	7131695	7132340	7134957	7135601	347412011	7000000	7250000	121	2227	644	2617	spaced
SUPER_3	215011965	215033063	IR	324	.	215022759	0.324	0.953	88	21082	215011965	215012701	215032327	215033066	347412011	214950000	215200000	0	1208	736	19626	spaced
SUPER_3	82038543	82048950	IR	324	.	82044001	0.324	0.919	79	10387	82038543	82039942	82047560	82048950	347412011	81900000	82150000	0	2395	1390	7618	spaced
SUPER_3	222813815	222830482	IR	324	.	222822275	0.324	0.991	70	16739	222813815	222814139	222830160	222830482	347412011	222600000	222850000	70	3702	322	16021	spaced
SUPER_3	201003333	201009675	IR	324	.	201006088	0.324	0.981	66	6323	201003333	201003811	201009202	201009675	347412011	200950000	201200000	0	941	473	5391	spaced
SUPER_3	222158119	222264846	IR	324	.	222211043	0.324	0.396	66	106625	222158119	222201652	222221319	222264846	347412011	222150000	222400000	0	1024	43527	19667	spaced
SUPER_3	21723034	21733659	IR	324	.	21728687	0.324	1.000	64	10602	21723034	21723367	21733326	21733659	347412011	21500000	21750000	0	3805	333	9959	spaced
SUPER_3	69709420	69821396	IR	324	.	69764958	0.324	0.943	56	111929	69709420	69710276	69820543	69821396	347412011	69600000	69850000	0	2756	853	110267	wide
SUPER_3	11246666	11250419	IR	324	.	11248900	0.324	0.985	55	3728	11246666	11247129	11249956	11250420	347412011	11050000	11300000	0	3308	463	2827	spaced
SUPER_3	263697023	263876406	IR	324	.	263786703	0.324	0.963	52	179490	263697023	263697484	263875945	263876409	347412011	263650000	263900000	52	2278	461	178461	wide
SUPER_3	314724235	314813486	IR	324	.	314769266	0.324	0.638	51	89191	314724235	314724311	314813410	314813537	347412011	314600000	314850000	0	2814	76	89099	spaced
SUPER_3	208832783	208864439	IR	324	.	208848838	0.324	1.000	50	31527	208832783	208832800	208864422	208864439	347412011	208700000	208950000	1	2476	17	31622	spaced
SUPER_3	307009851	307017198	IR	324	.	307013081	0.324	0.973	45	7326	307009851	307010265	307016785	307017198	347412011	306800000	307050000	0	3558	413	6520	spaced
SUPER_3	321257428	321259577	IR	324	.	321258725	0.324	0.961	44	2160	321257428	321257787	321259218	321259577	347412011	321200000	321450000	44	974	359	1431	immediate
SUPER_3	259926464	259998510	IR	324	.	259962152	0.324	0.924	43	72028	259926464	259927107	259997878	259998510	347412011	259750000	260000000	0	3541	632	70771	spaced
SUPER_3	13504344	13581218	IR	324	.	13543150	0.324	0.882	42	76852	13504344	13505006	13580591	13581218	347412011	13400000	13650000	0	2379	627	75585	spaced
SUPER_3	52551654	52605424	IR	324	.	52578107	0.324	0.778	40	53526	52551654	52553004	52604074	52605446	347412011	52400000	52650000	0	2975	1350	51070	spaced
SUPER_3	55946866	56113027	IR	324	.	56029722	0.324	0.944	39	166251	55946866	55947226	56112675	56113027	347412011	55900000	56150000	39	2165	352	165449	wide
SUPER_3	142472457	142478088	IR	324	.	142475649	0.324	0.581	33	5612	142472457	142473386	142477215	142478088	347412011	142250000	142500000	0	3754	873	3829	spaced
SUPER_3	97357465	97418719	IR	324	.	97387761	0.324	0.953	32	61236	97357465	97357826	97418358	97418723	347412011	97350000	97600000	0	634	361	60532	spaced
SUPER_3	180563864	180583127	IR	324	.	180573878	0.324	0.834	32	19246	180563864	180564452	180582589	180583127	347412011	180400000	180650000	0	2891	538	18137	spaced
SUPER_3	9053506	9102489	IR	324	.	9078055	0.324	0.943	30	49002	9053506	9053873	9102125	9102489	347412011	9050000	9300000	30	466	364	48252	spaced
SUPER_3	309263529	309277775	IR	324	.	309270571	0.324	0.860	27	14375	309263529	309264620	309276684	309277775	347412011	309150000	309400000	27	2010	1091	12064	spaced
SUPER_3	62270320	62359985	IR	324	.	62314723	0.324	0.647	25	89025	62270320	62274233	62356072	62360036	347412011	62150000	62400000	0	2752	3913	81839	spaced
SUPER_3	141504955	141508055	IR	324	.	141506281	0.324	0.962	25	3105	141504955	141505168	141507842	141508055	347412011	141300000	141550000	25	3441	213	2674	spaced
SUPER_3	177778849	177783490	IR	324	.	177781024	0.324	0.800	25	4639	177778849	177779279	177783105	177783490	347412011	177750000	178000000	47	519	385	3826	spaced
SUPER_3	125371207	125373664	IR	324	.	125372171	0.324	0.985	24	2431	125371207	125371409	125373462	125373664	347412011	125250000	125500000	0	2040	202	2053	spaced
SUPER_3	308763835	308766328	IR	324	.	308764754	0.324	0.888	21	2456	308763835	308763996	308766184	308766328	347412011	308550000	308800000	0	3584	144	2188	spaced
SUPER_3	190115173	190121326	IR	323	.	190118251	0.323	0.995	241	6481	190115173	190116445	190120054	190121326	347412011	189900000	190150000	241	3637	1272	3609	spaced
SUPER_3	257757701	257763533	IR	323	.	257760627	0.323	0.987	177	66902	257757701	257758672	257762566	257763533	347412011	257600000	257850000	177	2676	967	3894	spaced
SUPER_3	90453460	90472705	IR	323	.	90463578	0.323	0.947	138	19242	90453460	90455029	90471136	90472729	347412011	90250000	90500000	0	3551	1569	16107	spaced
SUPER_3	127150478	127159673	IR	323	.	127155415	0.323	0.882	111	9169	127150478	127151503	127158717	127159673	347412011	127050000	127300000	0	1751	956	7214	spaced
SUPER_3	235226960	235232868	IR	323	.	235229432	0.323	0.889	98	5885	235226960	235227917	235231975	235232868	347412011	235100000	235350000	0	2165	893	4058	spaced
SUPER_3	166393251	166397278	IR	323	.	166395418	0.323	0.986	89	4282	166393251	166393737	166396796	166397278	347412011	166150000	166400000	89	4087	482	3059	spaced
SUPER_3	33941687	33959059	IR	323	.	33950546	0.323	0.965	81	17476	33941687	33942376	33958371	33959059	347412011	33750000	34000000	81	3339	688	15995	spaced
SUPER_3	59982179	59986888	IR	323	.	59985015	0.323	0.991	76	4686	59982179	59982734	59986333	59986888	347412011	59750000	60000000	0	3908	555	3599	spaced
SUPER_3	181520104	181526054	IR	323	.	181522600	0.323	0.953	70	5927	181520104	181520555	181525620	181526054	347412011	181500000	181750000	0	384	434	5065	spaced
SUPER_3	247645156	247796332	IR	323	.	247720293	0.323	0.880	69	151183	247645156	247646442	247795046	247796356	347412011	247550000	247800000	0	2845	1286	148604	wide
SUPER_3	173619739	173657391	IR	323	.	173638965	0.323	0.969	56	37586	173619739	173620260	173656872	173657391	347412011	173450000	173700000	0	3142	519	36612	spaced
SUPER_3	193730614	193739186	IR	323	.	193734722	0.323	0.708	54	8617	193730614	193731585	193738231	193739186	347412011	193550000	193800000	54	3081	955	6646	spaced
SUPER_3	338539039	338642888	IR	323	.	338590942	0.323	0.965	52	103839	338539039	338539372	338642555	338642894	347412011	338450000	338700000	55	2349	333	103183	wide
SUPER_3	135151371	135153827	IR	323	.	135152388	0.323	1.000	50	2456	135151371	135151604	135153594	135153827	347412011	134950000	135200000	50	3376	233	1990	immediate
SUPER_3	214357387	214364922	IR	323	.	214360691	0.323	0.988	49	7513	214357387	214357720	214364589	214364923	347412011	214150000	214400000	0	3519	333	6869	spaced
SUPER_3	228251592	228268673	IR	323	.	228259868	0.323	0.986	47	17052	228251592	228251955	228268310	228268674	347412011	228250000	228500000	0	168	363	16355	spaced
SUPER_3	246921491	246963211	IR	323	.	246941846	0.323	0.900	45	41694	246921491	246922383	246962345	246963211	347412011	246750000	247000000	0	3205	866	39962	spaced
SUPER_3	72006821	72009252	IR	323	.	72007539	0.323	0.971	42	2405	72006821	72007165	72008908	72009253	347412011	71800000	72050000	0	3467	344	1743	immediate
SUPER_3	134506700	134510441	IR	323	.	134508964	0.323	0.980	38	3717	134506700	134506994	134510147	134510441	347412011	134500000	134750000	0	142	294	3153	spaced
SUPER_3	255614994	255657903	IR	323	.	255636640	0.323	0.966	37	42975	255614994	255615282	255657615	255657907	347412011	255450000	255700000	37	3107	288	42333	spaced
SUPER_3	7002725	7032176	IR	323	.	7017445	0.323	0.444	36	29427	7002725	7002797	7032140	7032176	347412011	6900000	7150000	154	1957	36	29343	spaced
SUPER_3	185277745	185467948	IR	323	.	185372565	0.323	0.976	32	190182	185277745	185278076	185467617	185467948	347412011	185250000	185500000	0	2047	331	189541	wide
SUPER_3	244252828	244254925	IR	323	.	244253428	0.323	0.806	30	2144	244252828	244253255	244254498	244254999	347412011	244150000	244400000	0	1731	427	1243	immediate
SUPER_3	174070267	174162655	IR	323	.	174116053	0.323	0.781	29	92338	174070267	174070317	174162605	174162669	347412011	173950000	174200000	0	2774	50	92288	spaced
SUPER_3	337041328	337061488	IR	323	.	337051107	0.323	0.815	26	20164	337041328	337041945	337060871	337061517	347412011	336850000	337100000	0	3356	617	18926	spaced
SUPER_3	95771806	95776584	IR	323	.	95774536	0.323	0.954	25	4757	95771806	95772134	95776262	95776584	347412011	95700000	95950000	0	1236	322	4128	spaced
SUPER_3	74644537	74653341	IR	323	.	74649284	0.323	0.777	24	8781	74644537	74644870	74653065	74653341	347412011	74500000	74750000	0	2482	276	8195	spaced
SUPER_3	133700053	133702988	IR	323	.	133701067	0.323	0.948	22	2892	133700053	133700282	133702760	133702988	347412011	133600000	133850000	0	1691	228	2478	spaced
SUPER_3	21156455	21160818	IR	323	.	21158548	0.323	0.949	21	4357	21156455	21156788	21160485	21160818	347412011	20950000	21200000	21	3477	333	3697	spaced
SUPER_3	121169838	121174078	IR	323	.	121171555	0.323	0.993	20	4207	121169838	121169977	121173939	121174078	347412011	120950000	121200000	0	3699	139	3962	spaced
SUPER_3	295881198	296047342	IR	322	.	295963850	0.322	0.920	401	166095	295881198	295890969	296037571	296047346	347412011	295800000	296050000	0	2737	9771	146602	wide
SUPER_3	66839410	66870084	IR	322	.	66855199	0.322	1.000	321	30648	66839410	66841142	66868352	66870084	347412011	66650000	66900000	0	3412	1732	27210	spaced
SUPER_3	118803931	118811635	IR	322	.	118808137	0.322	0.999	282	7681	118803931	118805534	118810032	118811635	347412011	118600000	118850000	0	3462	1603	4498	spaced
SUPER_3	34988918	34993987	IR	322	.	34991750	0.322	0.998	277	5044	34988918	34990529	34992376	34993987	347412011	34750000	35000000	0	4024	1611	1847	immediate
SUPER_3	191193688	191208203	IR	322	.	191200862	0.322	0.956	267	14884	191193688	191195269	191206662	191208203	347412011	191050000	191300000	267	2515	1541	11393	spaced
SUPER_3	127125457	127129493	IR	322	.	127127746	0.322	1.000	200	4007	127125457	127126541	127128409	127129493	347412011	126900000	127150000	0	3791	1084	1868	immediate
SUPER_3	297088996	297095914	IR	322	.	297091985	0.322	0.937	130	6895	297088996	297090588	297094338	297095914	347412011	296850000	297100000	0	4040	1576	3750	spaced
SUPER_3	247276120	247282539	IR	322	.	247279196	0.322	0.778	121	6378	247276120	247276312	247282347	247282590	347412011	247150000	247400000	577	2155	192	6035	spaced
SUPER_3	150301449	150305636	IR	322	.	150303654	0.322	0.991	94	4301	150301449	150301910	150305178	150305636	347412011	150100000	150350000	94	3392	458	3268	spaced
SUPER_3	269807245	270001243	IR	322	.	269903762	0.322	0.895	65	193979	269807245	269808678	269999871	270001243	347412011	269800000	270050000	0	1737	1372	191193	wide
SUPER_3	14165277	14171806	IR	322	.	14168122	0.322	0.989	60	6491	14165277	14165655	14171428	14171806	347412011	13950000	14200000	0	3642	378	5773	spaced
SUPER_3	33823364	33829330	IR	322	.	33825948	0.322	0.829	60	5946	33823364	33825114	33827612	33829330	347412011	33600000	33850000	0	3772	1718	2498	spaced
SUPER_3	32464971	32484646	IR	322	.	32475113	0.322	0.930	53	19650	32464971	32465609	32484023	32484646	347412011	32250000	32500000	0	3746	623	18414	spaced
SUPER_3	222741024	222748495	IR	322	.	222744291	0.322	0.969	52	7451	222741024	222741571	222747948	222748496	347412011	222500000	222750000	0	4079	547	6377	spaced
SUPER_3	300684268	300735876	IR	322	.	300710348	0.322	0.777	50	51579	300684268	300693170	300727014	300735876	347412011	300600000	300850000	0	1834	8862	33844	spaced
SUPER_3	80830914	80841754	IR	322	.	80836678	0.322	0.987	41	10790	80830914	80831228	80841441	80841754	347412011	80600000	80850000	0	3938	313	10213	spaced
SUPER_3	341521027	341737713	IR	322	.	341629537	0.322	0.992	40	216708	341521027	341521267	341737473	341737713	347412011	341500000	341750000	40	2156	240	216206	wide
SUPER_3	125011321	125025204	IR	322	.	125018156	0.322	0.942	39	14126	125011321	125011745	125024780	125025208	347412011	124800000	125050000	39	3637	424	13035	spaced
SUPER_3	129735168	129738020	IR	322	.	129736594	0.322	0.937	34	2869	129735168	129735527	129737661	129738026	347412011	129550000	129800000	34	3109	359	2134	spaced
SUPER_3	178129389	178133531	IR	322	.	178131040	0.322	0.989	32	4104	178129389	178129652	178133268	178133532	347412011	178000000	178250000	0	2190	263	3616	spaced
SUPER_3	289285522	289292574	IR	322	.	289289047	0.322	0.812	31	7268	289285522	289286116	289291980	289292628	347412011	289150000	289400000	31	2317	594	5864	spaced
SUPER_3	174844763	174882475	IR	322	.	174863648	0.322	0.820	29	37842	174844763	174845286	174882000	174882475	347412011	174800000	175050000	29	1060	475	36714	spaced
SUPER_3	67759577	67770988	IR	322	.	67765704	0.322	0.972	26	11382	67759577	67759788	67770778	67770988	347412011	67550000	67800000	0	3587	210	10990	spaced
SUPER_3	168792305	168796163	IR	322	.	168793992	0.322	0.919	25	3861	168792305	168792664	168795814	168796163	347412011	168550000	168800000	25	4070	349	3150	spaced
SUPER_3	67899456	67909377	IR	322	.	67903931	0.322	0.891	22	9901	67899456	67899810	67909023	67909377	347412011	67700000	67950000	0	3406	354	9213	spaced
SUPER_3	84424075	84627055	IR	322	.	84525841	0.322	0.940	21	202955	84424075	84424392	84626743	84627055	347412011	84400000	84650000	0	2092	312	202351	wide
SUPER_3	129754384	129758275	IR	322	.	129756616	0.322	0.918	21	3876	129754384	129754779	129757880	129758277	347412011	129700000	129950000	0	938	395	3101	spaced
SUPER_3	346794971	346862334	IR	322	.	346828409	0.322	0.850	20	67325	346794971	346795005	346862300	346862340	347412011	346650000	346900000	36	2977	34	67295	spaced
SUPER_3	233405835	233419991	IR	321	.	233412426	0.321	0.991	836	14138	233405835	233410634	233415229	233419991	347412011	233250000	233500000	0	2715	4762	4595	spaced
SUPER_3	268345069	268407091	IR	321	.	268376520	0.321	0.906	762	61997	268345069	268352279	268399973	268407091	347412011	268250000	268500000	0	2101	7118	47694	spaced
SUPER_3	181411923	181419640	IR	321	.	181415954	0.321	1.000	451	8770	181411923	181414075	181417488	181419640	347412011	181250000	181500000	478	2762	2152	3413	spaced
SUPER_3	229384217	229391139	IR	321	.	229387699	0.321	0.990	296	7216	229384217	229385525	229389837	229391139	347412011	229150000	229400000	296	3961	1302	4312	spaced
SUPER_3	238624649	238628112	IR	321	.	238626544	0.321	0.999	294	3786	238624649	238625993	238626768	238628112	347412011	238450000	238700000	294	2939	1344	775	immediate
SUPER_3	230643703	230649409	IR	321	.	230646777	0.321	0.975	247	6111	230643703	230645311	230647801	230649409	347412011	230400000	230650000	247	4109	1608	2490	spaced
SUPER_3	343124385	343132783	IR	321	.	343129044	0.321	1.000	207	8379	343124385	343125545	343131623	343132783	347412011	342900000	343150000	0	3809	1160	6078	spaced
SUPER_3	249059463	249070197	IR	321	.	249064604	0.321	0.944	155	13206	249059463	249060238	249069422	249070220	347412011	248900000	249150000	122	2747	775	9184	spaced
SUPER_3	60579662	60604157	IR	321	.	60592343	0.321	0.969	97	24463	60579662	60580521	60603299	60604157	347412011	60400000	60650000	0	3198	858	22778	spaced
SUPER_3	150593207	150595348	IR	321	.	150594284	0.321	0.975	88	2246	150593207	150593762	150594793	150595353	347412011	150350000	150600000	90	4071	555	1031	immediate
SUPER_3	253609074	253614156	IR	321	.	253611423	0.321	0.953	84	5174	253609074	253609842	253613392	253614156	347412011	253400000	253650000	84	3526	764	3550	spaced
SUPER_3	209447662	209449165	IR	321	.	209448502	0.321	0.973	57	2456	209447662	209448067	209448760	209449165	347412011	209200000	209450000	57	4140	405	693	immediate
SUPER_3	733802	741259	IR	321	.	737911	0.321	0.976	55	7436	733802	734345	740716	741260	347412011	500000	750000	0	3958	543	6371	spaced
SUPER_3	143779471	143786929	IR	321	.	143782820	0.321	0.976	55	7436	143779471	143780015	143786386	143786929	347412011	143550000	143800000	0	3886	543	6371	spaced
SUPER_3	197078917	197088281	IR	321	.	197084090	0.321	0.876	51	9369	197078917	197080976	197086222	197088310	347412011	196850000	197100000	0	3893	2059	5246	spaced
SUPER_3	116576193	116588533	IR	321	.	116581861	0.321	0.993	50	12308	116576193	116576496	116588230	116588533	347412011	116350000	116600000	0	3872	303	11734	spaced
SUPER_3	319859498	319880336	IR	321	.	319870209	0.321	0.422	48	20826	319859498	319869811	319870023	319880343	347412011	319750000	320000000	0	1998	10313	212	immediate
SUPER_3	28330735	28369732	IR	321	.	28350184	0.321	0.902	43	39070	28330735	28331258	28369216	28369732	347412011	28150000	28400000	43	3337	516	37958	spaced
SUPER_3	180445767	180450327	IR	321	.	180448529	0.321	0.956	43	4542	180445767	180446266	180449828	180450327	347412011	180300000	180550000	0	2467	499	3562	spaced
SUPER_3	23024679	23057892	IR	321	.	23040799	0.321	0.907	38	33199	23024679	23025578	23056993	23057909	347412011	22900000	23150000	0	2354	899	31415	spaced
SUPER_3	126906860	126910569	IR	321	.	126908254	0.321	0.947	37	3696	126906860	126907288	126910141	126910576	347412011	126700000	126950000	0	3478	428	2853	spaced
SUPER_3	253232251	253234800	IR	321	.	253233813	0.321	0.975	36	2524	253232251	253232535	253234516	253234800	347412011	253000000	253250000	0	3891	284	1981	immediate
SUPER_3	274972227	274975106	IR	321	.	274973195	0.321	0.980	35	2820	274972227	274972533	274974801	274975106	347412011	274850000	275100000	0	2060	305	2268	spaced
SUPER_3	124949929	124956489	IR	321	.	124952775	0.321	0.910	34	6483	124949929	124950420	124956020	124956489	347412011	124750000	125000000	0	3386	469	5600	spaced
SUPER_3	49893330	49898214	IR	321	.	49895347	0.321	0.704	33	4863	49893330	49893411	49898157	49898214	347412011	49650000	49900000	0	4096	57	4746	spaced
SUPER_3	195246278	195249175	IR	321	.	195247759	0.321	0.958	32	2959	195246278	195246467	195248993	195249175	347412011	195000000	195250000	32	4128	182	2526	spaced
SUPER_3	19647782	19650521	IR	321	.	19648688	0.321	0.800	31	2772	19647782	19648058	19650245	19650578	347412011	19550000	19800000	0	1652	276	2187	spaced
SUPER_3	95887550	95980835	IR	321	.	95934500	0.321	0.000	30	93241	95887550	95887705	95980791	95980835	347412011	95850000	96100000	0	1403	44	93086	spaced
SUPER_3	319259776	319271033	IR	321	.	319265844	0.321	0.775	28	11292	319259776	319260220	319270589	319271120	347412011	319150000	319400000	0	1923	444	10369	spaced
SUPER_3	37704227	37880119	IR	321	.	37791831	0.321	0.943	25	175873	37704227	37704506	37879840	37880120	347412011	37650000	37900000	0	2369	279	175334	wide
SUPER_3	179822034	179928212	IR	321	.	179874744	0.321	0.970	25	106160	179822034	179822303	179927946	179928212	347412011	179700000	179950000	0	2918	266	105643	wide
SUPER_3	251825845	251900381	IR	321	.	251862717	0.321	0.949	23	74468	251825845	251826159	251900068	251900381	347412011	251700000	251950000	0	2718	313	73909	spaced
SUPER_3	202528217	202578330	IR	320	.	202553445	0.320	0.965	222	50408	202528217	202530115	202576432	202578335	347412011	202350000	202600000	222	3387	1898	46317	spaced
SUPER_3	181458900	181468056	IR	320	.	181463061	0.320	0.981	211	9131	181458900	181460307	181466649	181468065	347412011	181300000	181550000	0	2724	1407	6342	spaced
SUPER_3	51687922	51691222	IR	320	.	51689572	0.320	0.986	135	3415	51687922	51688701	51690444	51691222	347412011	51450000	51700000	135	3992	778	1743	immediate
SUPER_3	174171843	174184639	IR	320	.	174177782	0.320	0.900	128	12811	174171843	174173194	174183288	174184726	347412011	174050000	174300000	0	2137	1351	10094	spaced
SUPER_3	81850011	81853435	IR	320	.	81851227	0.320	1.000	113	3403	81850011	81850639	81852807	81853435	347412011	81650000	81900000	0	3361	628	2168	spaced
SUPER_3	42027412	42091149	IR	320	.	42059606	0.320	0.959	100	63698	42027412	42028594	42089967	42091149	347412011	41850000	42100000	0	3487	1182	61373	spaced
SUPER_3	217271935	217275659	IR	320	.	217273700	0.320	0.998	85	3859	217271935	217272344	217275251	217275659	347412011	217150000	217400000	85	2063	408	2907	spaced
SUPER_3	247201368	247204913	IR	320	.	247202894	0.320	1.000	72	3597	247201368	247201683	247204598	247204913	347412011	247000000	247250000	72	3385	315	2915	spaced
SUPER_3	31535483	31543121	IR	320	.	31539528	0.320	0.939	63	7813	31535483	31536358	31542254	31543121	347412011	31350000	31600000	63	3154	867	5896	spaced
SUPER_3	179706509	179716718	IR	320	.	179711195	0.320	0.422	39	5545	179706509	179711427	179711800	179716728	347412011	179500000	179750000	0	3526	4918	373	immediate
SUPER_3	317720500	317756925	IR	320	.	317739046	0.320	0.966	28	36363	317720500	317720706	317756722	317756925	347412011	317700000	317950000	0	645	203	36016	spaced
SUPER_3	48546619	48726577	IR	320	.	48636237	0.320	0.791	26	179950	48546619	48546906	48726290	48726637	347412011	48500000	48750000	0	2276	287	179384	wide
SUPER_3	98146646	98150721	IR	320	.	98148209	0.320	0.850	25	4056	98146646	98147116	98150296	98150721	347412011	97950000	98200000	0	3311	425	3180	spaced
SUPER_3	52532873	52547549	IR	320	.	52540660	0.320	0.894	22	14653	52532873	52533280	52547160	52547549	347412011	52300000	52550000	0	4003	389	13880	spaced
SUPER_3	158464576	158650025	IR	320	.	158557662	0.320	0.394	21	116964	158464576	158533246	158581395	158650025	347412011	158450000	158700000	0	1788	68630	48149	spaced
SUPER_3	86521414	86524935	IR	320	.	86522908	0.320	1.000	20	3490	86521414	86521543	86524806	86524935	347412011	86300000	86550000	0	3719	129	3263	spaced
SUPER_3	36746246	36791147	IR	319	.	36768807	0.319	0.982	247	45101	36746246	36747777	36789616	36791147	347412011	36550000	36800000	251	3644	1531	41839	spaced
SUPER_3	128159038	128179941	IR	319	.	128169013	0.319	0.965	188	20889	128159038	128160397	128178582	128179959	347412011	127950000	128200000	0	3658	1359	18185	spaced
SUPER_3	109762997	109768560	IR	319	.	109765779	0.319	0.994	183	5734	109762997	109763920	109767637	109768561	347412011	109550000	109800000	183	3596	923	3717	spaced
SUPER_3	257314444	257317587	IR	319	.	257316191	0.319	0.968	147	3284	257314444	257315330	257316701	257317589	347412011	257100000	257350000	147	3600	886	1371	immediate
SUPER_3	150556213	150566185	IR	319	.	150561185	0.319	0.997	140	10090	150556213	150556904	150565495	150566185	347412011	150350000	150600000	140	3519	690	8591	spaced
SUPER_3	206851768	206933459	IR	319	.	206892106	0.319	0.990	122	81674	206851768	206852592	206932637	206933459	347412011	206700000	206950000	0	3210	822	80045	spaced
SUPER_3	179962444	180035738	IR	319	.	179999241	0.319	1.000	85	73369	179962444	179962786	180035396	180035738	347412011	179800000	180050000	85	3318	342	72610	spaced
SUPER_3	202835333	202858036	IR	319	.	202847016	0.319	0.965	85	22690	202835333	202836166	202857203	202858041	347412011	202650000	202900000	0	3277	833	21037	spaced
SUPER_3	190777823	190844081	IR	319	.	190810806	0.319	0.587	72	66385	190777823	190780178	190841765	190844081	347412011	190650000	190900000	72	2682	2316	61587	spaced
SUPER_3	37638117	37650667	IR	319	.	37643937	0.319	0.879	70	12586	37638117	37639527	37649257	37650754	347412011	37550000	37800000	0	1573	1410	9730	spaced
SUPER_3	78402555	78407274	IR	319	.	78405176	0.319	0.990	62	4699	78402555	78402954	78406879	78407274	347412011	78200000	78450000	0	3415	395	3925	spaced
SUPER_3	61317496	61389728	IR	319	.	61353562	0.319	0.839	58	72653	61317496	61318582	61388678	61389728	347412011	61150000	61400000	58	3393	1050	70096	spaced
SUPER_3	81950576	81955331	IR	319	.	81952917	0.319	0.900	56	4804	81950576	81950997	81954910	81955354	347412011	81750000	82000000	56	3382	421	3913	spaced
SUPER_3	56804606	56930191	IR	319	.	56867549	0.319	0.936	54	125666	56804606	56805259	56929548	56930191	347412011	56750000	57000000	54	1956	643	124289	wide
SUPER_3	155600096	155618529	IR	319	.	155609178	0.319	0.927	53	18596	155600096	155600723	155617902	155618530	347412011	155500000	155750000	53	1821	627	17179	spaced
SUPER_3	94668338	94670917	IR	319	.	94669124	0.319	0.985	50	2559	94668338	94668745	94670510	94670917	347412011	94450000	94700000	0	3660	407	1765	immediate
SUPER_3	160062171	160070872	IR	319	.	160066834	0.319	0.448	44	8697	160062171	160066279	160066764	160070890	347412011	159850000	160100000	0	3608	4108	485	immediate
SUPER_3	126268976	126272822	IR	319	.	126270846	0.319	0.994	39	3856	126268976	126269148	126272651	126272822	347412011	126200000	126450000	39	1181	171	3503	spaced
SUPER_3	218776948	218785193	IR	319	.	218780755	0.319	0.899	39	8232	218776948	218777319	218784822	218785215	347412011	218600000	218850000	0	3017	371	7503	spaced
SUPER_3	315695254	315702632	IR	319	.	315698972	0.319	0.897	37	7330	315695254	315695312	315702580	315702632	347412011	315500000	315750000	602	3315	52	7268	spaced
SUPER_3	236213430	236310720	IR	319	.	236262564	0.319	0.909	35	97260	236213430	236214024	236310151	236310720	347412011	236100000	236350000	0	2701	569	96127	spaced
SUPER_3	96439202	96442816	IR	319	.	96440956	0.319	0.901	33	3685	96439202	96439508	96442517	96442816	347412011	96250000	96500000	33	3183	299	3009	spaced
SUPER_3	269361660	269549174	IR	319	.	269454978	0.319	0.867	33	187537	269361660	269362009	269548825	269549217	347412011	269300000	269550000	0	2590	349	186816	wide
SUPER_3	9449901	9511340	IR	319	.	9480686	0.319	0.973	32	61462	9449901	9450153	9511088	9511344	347412011	9300000	9550000	32	3010	252	60935	spaced
SUPER_3	90758141	90861357	IR	319	.	90810112	0.319	0.860	29	103220	90758141	90758732	90860766	90861378	347412011	90650000	90900000	0	2662	591	102034	wide
SUPER_3	270549774	270596777	IR	319	.	270573337	0.319	0.917	24	47711	270549774	270550066	270596485	270596786	347412011	270350000	270600000	24	3721	292	46419	spaced
SUPER_3	103122376	103162952	IR	319	.	103142499	0.319	0.899	22	40559	103122376	103123072	103162256	103162955	347412011	102950000	103200000	22	3210	696	39184	spaced
SUPER_3	19243957	19429828	IR	319	.	19336478	0.319	0.833	20	185914	19243957	19245050	19428735	19429898	347412011	19200000	19450000	0	2281	1093	183685	wide
SUPER_3	179053659	179082819	IR	318	.	179068586	0.318	0.789	829	29134	179053659	179063824	179072654	179082824	347412011	178850000	179100000	0	3637	10165	8830	spaced
SUPER_3	66473261	66493851	IR	318	.	66483118	0.318	0.989	323	20566	66473261	66475476	66491636	66493852	347412011	66250000	66500000	0	3892	2215	16160	spaced
SUPER_3	225944130	225948485	IR	318	.	225946406	0.318	0.996	315	4648	225944130	225945635	225946980	225948487	347412011	225750000	226000000	315	3271	1505	1345	immediate
SUPER_3	94027816	94056133	IR	318	.	94041870	0.318	0.997	312	28602	94027816	94029199	94054750	94056134	347412011	93850000	94100000	312	3199	1383	25551	spaced
SUPER_3	183352436	183362080	IR	318	.	183357621	0.318	0.996	309	9628	183352436	183354235	183360281	183362083	347412011	183150000	183400000	0	3454	1799	6046	spaced
SUPER_3	225780138	225799917	IR	318	.	225789608	0.318	0.829	243	19761	225780138	225785011	225795053	225799917	347412011	225550000	225800000	0	4000	4864	10042	spaced
SUPER_3	246213768	246218063	IR	318	.	246215447	0.318	0.998	126	4276	246213768	246214417	246217415	246218063	347412011	246050000	246300000	0	2765	648	2998	spaced
SUPER_3	91750056	91753721	IR	318	.	91751982	0.318	0.993	120	3774	91750056	91750659	91753120	91753721	347412011	91600000	91850000	122	2531	601	2461	spaced
SUPER_3	274826458	274829886	IR	318	.	274827888	0.318	0.991	96	3381	274826458	274827112	274829232	274829886	347412011	274600000	274850000	0	3802	654	2120	spaced
SUPER_3	154260029	154264057	IR	318	.	154262415	0.318	0.978	89	4013	154260029	154260704	154263382	154264062	347412011	154050000	154300000	0	3533	675	2678	spaced
SUPER_3	16999740	17035695	IR	318	.	17017425	0.318	0.953	53	35937	16999740	17000399	17035036	17035700	347412011	16800000	17050000	0	3628	659	34637	spaced
SUPER_3	56597611	56601352	IR	318	.	56599734	0.318	0.952	47	3722	56597611	56598030	56600945	56601352	347412011	56500000	56750000	0	1657	407	2915	spaced
SUPER_3	27421740	27465285	IR	318	.	27443713	0.318	0.815	46	43693	27421740	27422372	27464668	27465285	347412011	27300000	27550000	46	2391	617	42296	spaced
SUPER_3	67812759	67834671	IR	318	.	67823361	0.318	0.965	46	21876	67812759	67813272	67834158	67834671	347412011	67600000	67850000	0	3728	513	20886	spaced
SUPER_3	22182081	22285268	IR	318	.	22233178	0.318	0.756	42	103143	22182081	22182163	22285206	22285268	347412011	22050000	22300000	0	3061	62	103043	wide
SUPER_3	33271899	33280435	IR	318	.	33275980	0.318	0.876	42	8710	33271899	33272794	33279572	33280435	347412011	33150000	33400000	42	2102	863	6778	spaced
SUPER_3	234422398	234426436	IR	318	.	234424811	0.318	1.000	39	4017	234422398	234422616	234426218	234426436	347412011	234200000	234450000	0	3740	218	3602	spaced
SUPER_3	161377068	161381248	IR	318	.	161378851	0.318	0.878	37	4199	161377068	161377479	161380837	161381286	347412011	161150000	161400000	0	3819	411	3358	spaced
SUPER_3	228788695	228808924	IR	318	.	228798504	0.318	0.828	30	20183	228788695	228789160	228808500	228808924	347412011	228750000	229000000	0	813	424	19340	spaced
SUPER_3	147883378	147893394	IR	318	.	147887936	0.318	0.957	29	9999	147883378	147883660	147893112	147893394	347412011	147800000	148050000	0	1472	282	9452	spaced
SUPER_3	91398405	91424588	IR	318	.	91411127	0.318	0.960	28	26160	91398405	91398734	91424260	91424588	347412011	91200000	91450000	0	3524	328	25526	spaced
SUPER_3	267933873	267937127	IR	318	.	267935127	0.318	0.950	25	3195	267933873	267934155	267936849	267937127	347412011	267700000	267950000	0	3924	278	2694	spaced
SUPER_3	3360974	3436125	IR	318	.	3398219	0.318	0.978	24	75124	3360974	3361201	3435898	3436125	347412011	3200000	3450000	0	3309	227	74697	spaced
SUPER_3	98254503	98273868	IR	318	.	98264583	0.318	0.914	22	19362	98254503	98254779	98273592	98273883	347412011	98050000	98300000	0	3569	276	18813	spaced
SUPER_3	72654467	72804230	IR	318	.	72729588	0.318	0.986	21	149734	72654467	72654676	72804021	72804231	347412011	72650000	72900000	0	1322	209	149345	wide
SUPER_3	93765604	93804363	IR	317	.	93785460	0.317	0.982	255	38737	93765604	93767511	93802456	93804363	347412011	93600000	93850000	0	3082	1907	34945	spaced
SUPER_3	216522502	216524864	IR	317	.	216523442	0.317	0.997	229	2652	216522502	216523460	216523909	216524864	347412011	216300000	216550000	229	3727	955	449	immediate
SUPER_3	304073365	304109528	IR	317	.	304091059	0.317	0.923	186	36145	304073365	304076983	304105910	304109532	347412011	303900000	304150000	0	3190	3618	28927	spaced
SUPER_3	12686431	12702429	IR	317	.	12694138	0.317	0.968	151	15979	12686431	12688008	12700852	12702430	347412011	12500000	12750000	0	3240	1577	12844	spaced
SUPER_3	14101391	14136282	IR	317	.	14118491	0.317	0.909	109	34896	14101391	14102700	14134973	14136317	347412011	13900000	14150000	0	3647	1309	32273	spaced
SUPER_3	241045989	241060398	IR	317	.	241052900	0.317	0.930	75	14357	241045989	241046657	241059730	241060398	347412011	240850000	241100000	0	3386	668	13073	spaced
SUPER_3	180847362	180952981	IR	317	.	180900069	0.317	0.950	74	105810	180847362	180848111	180952232	180952989	347412011	180750000	181000000	74	2502	749	104121	wide
SUPER_3	303905941	303909332	IR	317	.	303907321	0.317	0.977	70	3343	303905941	303906589	303908684	303909332	347412011	303800000	304050000	0	1793	648	2095	spaced
SUPER_3	242382844	242439195	IR	317	.	242410637	0.317	0.961	61	56328	242382844	242383574	242438465	242439202	347412011	242250000	242500000	0	2683	730	54891	spaced
SUPER_3	122491563	122497837	IR	317	.	122494685	0.317	0.956	56	6351	122491563	122491940	122497460	122497847	347412011	122250000	122500000	56	4078	377	5520	spaced
SUPER_3	294657914	294699110	IR	317	.	294678136	0.317	0.872	53	41122	294657914	294658558	294698466	294699177	347412011	294450000	294700000	0	3808	644	39908	spaced
SUPER_3	148213525	148216773	IR	317	.	148214734	0.317	1.000	42	3230	148213525	148213758	148216540	148216773	347412011	148000000	148250000	0	3585	233	2782	spaced
SUPER_3	158663477	158671628	IR	317	.	158667342	0.317	1.000	40	8188	158663477	158663643	158671462	158671628	347412011	158450000	158700000	40	3625	166	7819	spaced
SUPER_3	284763900	284766176	IR	317	.	284765089	0.317	0.948	36	2275	284763900	284764204	284765875	284766176	347412011	284550000	284800000	36	3583	301	1671	immediate
SUPER_3	53894345	53896873	IR	317	.	53895875	0.317	0.995	32	2509	53894345	53894548	53896670	53896873	347412011	53650000	53900000	0	4093	203	2122	spaced
SUPER_3	180070156	180072468	IR	317	.	180070841	0.317	0.819	29	2285	180070156	180070526	180072157	180072468	347412011	179900000	180150000	0	2855	311	1631	immediate
SUPER_3	70095490	70099169	IR	317	.	70097194	0.317	0.943	27	3679	70095490	70095841	70098828	70099169	347412011	69950000	70200000	27	2455	341	2987	spaced
SUPER_3	229123362	229137575	IR	317	.	229130169	0.317	0.825	27	14241	229123362	229123971	229136966	229137625	347412011	228900000	229150000	0	3841	609	12995	spaced
SUPER_3	290577762	290588697	IR	317	.	290583352	0.317	0.899	22	10925	290577762	290578266	290588199	290588697	347412011	290350000	290600000	22	3887	498	9933	spaced
SUPER_3	97152166	97171902	IR	317	.	97162371	0.317	0.981	21	19717	97152166	97152328	97171740	97171902	347412011	96950000	97200000	0	3533	162	19412	spaced
SUPER_3	190530115	190537910	IR	316	.	190534094	0.316	0.860	328	8218	190530115	190532704	190535321	190538010	347412011	190300000	190550000	328	3900	2589	2617	spaced
SUPER_3	130492742	130495991	IR	316	.	130494619	0.316	1.000	199	3224	130492742	130493819	130494914	130495991	347412011	130250000	130500000	0	4072	1077	1095	immediate
SUPER_3	309901837	309905124	IR	316	.	309903143	0.316	0.934	162	3258	309901837	309902884	309904137	309905124	347412011	309700000	309950000	0	3391	987	1253	immediate
SUPER_3	165817262	165820129	IR	316	.	165818525	0.316	0.950	140	3086	165817262	165818113	165819278	165820162	347412011	165650000	165900000	140	2811	851	1165	immediate
SUPER_3	314579506	314584912	IR	316	.	314582338	0.316	0.964	137	5572	314579506	314580395	314584023	314584929	347412011	314350000	314600000	137	3870	889	3628	spaced
SUPER_3	49829118	49840397	IR	316	.	49835219	0.316	0.915	91	11255	49829118	49830841	49838683	49840397	347412011	49600000	49850000	0	3912	1714	7842	spaced
SUPER_3	110191940	110195177	IR	316	.	110193264	0.316	0.967	65	3224	110191940	110192411	110194706	110195183	347412011	109950000	110200000	0	4059	471	2295	spaced
SUPER_3	330812479	330856204	IR	316	.	330834448	0.316	0.981	64	44135	330812479	330812965	330855718	330856204	347412011	330650000	330900000	64	3072	486	42753	spaced
SUPER_3	12214613	12217132	IR	316	.	12216076	0.316	0.905	51	2605	12214613	12215040	12216705	12217156	347412011	12000000	12250000	51	3597	427	1665	immediate
SUPER_3	304994894	304999045	IR	316	.	304996769	0.316	0.962	49	35704	304994894	304995366	304998573	304999045	347412011	304800000	305050000	49	3282	472	3207	spaced
SUPER_3	171476672	171488801	IR	316	.	171482937	0.316	0.973	47	13898	171476672	171476709	171488764	171488801	347412011	171250000	171500000	2	3878	37	12055	spaced
SUPER_3	177547183	177592979	IR	316	.	177569785	0.316	0.921	46	45779	177547183	177548254	177591910	177592979	347412011	177350000	177600000	0	3667	1069	43656	spaced
SUPER_3	90133547	90145285	IR	316	.	90139470	0.316	0.925	45	11760	90133547	90134393	90144439	90145290	347412011	89900000	90150000	45	3990	846	10046	spaced
SUPER_3	14459662	14465842	IR	316	.	14462301	0.316	0.942	44	6162	14459662	14460294	14465210	14465847	347412011	14250000	14500000	0	3545	632	4916	spaced
SUPER_3	145428743	145471048	IR	316	.	145449929	0.316	0.859	43	42369	145428743	145429477	145470314	145471055	347412011	145350000	145600000	45	1664	734	40837	spaced
SUPER_3	44949787	44992713	IR	316	.	44971014	0.316	0.828	33	42882	44949787	44949845	44992665	44992713	347412011	44750000	45000000	370	3687	48	42820	spaced
SUPER_3	338993182	339002775	IR	316	.	338998123	0.316	1.000	27	9541	338993182	338993234	339002723	339002775	347412011	338800000	339050000	365	3299	52	9489	spaced
SUPER_3	163057183	163071449	IR	316	.	163064733	0.316	0.922	23	14255	163057183	163057440	163071192	163071460	347412011	162950000	163200000	0	1905	257	13752	spaced
SUPER_3	331757688	331764748	IR	315	.	331761705	0.315	0.998	235	7041	331757688	331759004	331763432	331764750	347412011	331550000	331800000	0	3520	1316	4428	spaced
SUPER_3	235070078	235075685	IR	315	.	235072989	0.315	0.982	233	5978	235070078	235071694	235074069	235075687	347412011	234850000	235100000	233	3714	1616	2375	spaced
SUPER_3	167516935	167524692	IR	315	.	167520911	0.315	0.993	176	7936	167516935	167517688	167523940	167524692	347412011	167300000	167550000	176	3680	752	6252	spaced
SUPER_3	10370207	10386157	IR	315	.	10377811	0.315	0.980	145	15930	10370207	10371433	10384931	10386157	347412011	10150000	10400000	0	3802	1226	13498	spaced
SUPER_3	236680645	236683280	IR	315	.	236681823	0.315	1.000	72	2680	236680645	236680986	236682939	236683280	347412011	236450000	236700000	72	3865	341	1953	immediate
SUPER_3	201956345	202080204	IR	315	.	202017835	0.315	0.395	61	123853	201956345	202017695	202018854	202080216	347412011	201950000	202200000	0	1137	61350	1159	immediate
SUPER_3	121450740	121459044	IR	315	.	121454961	0.315	0.969	51	8240	121450740	121450802	121458982	121459046	347412011	121250000	121500000	1165	3414	62	8180	spaced
SUPER_3	306974304	307001979	IR	315	.	306988528	0.315	0.838	30	27657	306974304	306975482	307000807	307001979	347412011	306800000	307050000	0	3135	1172	25325	spaced
SUPER_3	45035083	45064683	IR	315	.	45049681	0.315	0.793	29	29556	45035083	45035141	45064637	45064683	347412011	44950000	45200000	380	1664	46	29496	spaced
SUPER_3	325775652	325830731	IR	315	.	325803046	0.315	0.970	22	55085	325775652	325775854	325830529	325830731	347412011	325600000	325850000	22	3386	202	54675	spaced
SUPER_3	185470991	185480287	IR	315	.	185476106	0.315	0.993	21	9268	185470991	185471126	185480152	185480287	347412011	185300000	185550000	0	2927	135	9026	spaced
SUPER_3	125760766	125878780	IR	314	.	125820101	0.314	0.979	568	118021	125760766	125764918	125874628	125878809	347412011	125650000	125900000	0	2829	4152	109710	wide
SUPER_3	106969675	106977074	IR	314	.	106973455	0.314	0.956	170	7751	106969675	106970788	106975972	106977074	347412011	106800000	107050000	170	2889	1102	5184	spaced
SUPER_3	267547706	267554786	IR	314	.	267550830	0.314	0.955	114	7064	267547706	267549064	267553428	267554790	347412011	267350000	267600000	0	3353	1358	4364	spaced
SUPER_3	217955130	217958120	IR	314	.	217956445	0.314	1.000	92	3058	217955130	217955510	217957740	217958120	347412011	217750000	218000000	92	3443	380	2230	spaced
SUPER_3	53958742	53963082	IR	314	.	53960592	0.314	0.987	72	4323	53958742	53959201	53962623	53963082	347412011	53750000	54000000	0	3515	459	3422	spaced
SUPER_3	309069376	309114107	IR	314	.	309092115	0.314	0.691	68	44764	309069376	309074591	309108892	309114166	347412011	308950000	309200000	0	2362	5215	34301	spaced
SUPER_3	173503469	173565311	IR	314	.	173534877	0.314	0.821	31	61854	173503469	173504604	173564176	173565348	347412011	173450000	173700000	0	1406	1135	59572	spaced
SUPER_3	199438433	199443530	IR	314	.	199440525	0.314	0.990	27	5074	199438433	199438632	199443331	199443530	347412011	199200000	199450000	0	4016	199	4699	spaced
SUPER_3	124291671	124297285	IR	314	.	124294535	0.314	0.993	24	5601	124291671	124291818	124297138	124297286	347412011	124250000	124500000	24	741	147	5320	spaced
SUPER_3	280005434	280009104	IR	314	.	280007217	0.314	0.747	24	3933	280005434	280006215	280008323	280009204	347412011	279850000	280100000	24	2621	781	2108	spaced
SUPER_3	149871483	149925378	IR	314	.	149898171	0.314	0.782	23	53631	149871483	149872185	149924745	149925378	347412011	149850000	150100000	0	807	633	52560	spaced
SUPER_3	14145093	14148320	IR	314	.	14146931	0.314	0.874	22	3228	14145093	14145426	14147992	14148320	347412011	13900000	14150000	22	4111	328	2566	spaced
SUPER_3	53602772	53676977	IR	314	.	53639467	0.314	0.925	22	73898	53602772	53603491	53676259	53676977	347412011	53450000	53700000	0	3164	718	72768	spaced
SUPER_3	87085061	87104170	IR	313	.	87094519	0.313	0.985	337	19615	87085061	87087215	87102016	87104173	347412011	86900000	87150000	337	3243	2154	14801	spaced
SUPER_3	149069107	149093936	IR	313	.	149081663	0.313	0.906	186	25135	149069107	149070288	149092803	149093936	347412011	148850000	149100000	196	3858	1133	22515	spaced
SUPER_3	160488462	160494415	IR	313	.	160491801	0.313	0.964	151	5929	160488462	160489670	160493207	160494418	347412011	160250000	160500000	0	4023	1208	3537	spaced
SUPER_3	146054446	146064846	IR	313	.	146059389	0.313	0.939	132	10412	146054446	146055671	146063621	146064875	347412011	145900000	146150000	0	2660	1225	7950	spaced
SUPER_3	131573965	131653483	IR	313	.	131613649	0.313	0.936	110	79619	131573965	131574849	131652599	131653503	347412011	131450000	131700000	110	2728	884	77750	spaced
SUPER_3	170887918	170895658	IR	313	.	170891768	0.313	0.949	74	7811	170887918	170888334	170895242	170895675	347412011	170650000	170900000	74	4029	416	6908	spaced
SUPER_3	39632516	39666176	IR	313	.	39649285	0.313	0.896	56	34061	39632516	39632888	39665804	39666189	347412011	39450000	39700000	56	3322	372	32916	spaced
SUPER_3	266880148	266883308	IR	313	.	266881488	0.313	0.987	53	3244	266880148	266880450	266883007	266883308	347412011	266700000	266950000	53	3028	301	2557	spaced
SUPER_3	121472302	121478218	IR	313	.	121475442	0.313	0.980	50	5955	121472302	121472644	121477876	121478218	347412011	121450000	121700000	50	420	342	5232	spaced
SUPER_3	167070110	167109769	IR	313	.	167090048	0.313	0.920	44	39684	167070110	167070474	167109407	167109769	347412011	166900000	167150000	44	3165	362	38933	spaced
SUPER_3	73669822	73866586	IR	313	.	73767698	0.313	0.956	40	196743	73669822	73670297	73866118	73866586	347412011	73650000	73900000	0	1969	468	195821	wide
SUPER_3	145710095	145713385	IR	313	.	145711477	0.313	0.954	28	3258	145710095	145710530	145712950	145713385	347412011	145600000	145850000	0	1862	435	2420	spaced
SUPER_3	135250014	135254124	IR	313	.	135251599	0.313	0.953	23	4092	135250014	135250268	135253870	135254125	347412011	135200000	135450000	0	867	254	3602	spaced
SUPER_3	114874751	114881963	IR	313	.	114877957	0.313	0.940	20	7150	114874751	114874983	114881738	114881963	347412011	114650000	114900000	0	3805	225	6755	spaced
SUPER_3	220044854	220050804	IR	312	.	220048151	0.312	0.999	498	5930	220044854	220047715	220047944	220050804	347412011	219850000	220100000	0	3297	2860	229	immediate
SUPER_3	191644329	191648342	IR	312	.	191646169	0.312	0.989	199	33847	191644329	191645381	191647292	191648342	347412011	191450000	191700000	199	3272	1050	1911	immediate
SUPER_3	200414986	200418821	IR	312	.	200416428	0.312	0.975	158	3810	200414986	200416215	200417592	200418823	347412011	200200000	200450000	0	3614	1229	1377	immediate
SUPER_3	240020901	240023812	IR	312	.	240022748	0.312	0.995	131	2890	240020901	240021649	240023064	240023812	347412011	239800000	240050000	0	3705	748	1415	immediate
SUPER_3	261459323	261528350	IR	312	.	261493350	0.312	0.955	100	68936	261459323	261460583	261527099	261528350	347412011	261300000	261550000	0	3230	1251	66516	spaced
SUPER_3	247073250	247111164	IR	312	.	247092236	0.312	0.954	80	38019	247073250	247074036	247110378	247111166	347412011	246900000	247150000	80	3203	786	36342	spaced
SUPER_3	243279544	243284152	IR	312	.	243281899	0.312	0.984	70	4686	243279544	243279919	243283777	243284156	347412011	243100000	243350000	70	3030	375	3858	spaced
SUPER_3	222780920	222790353	IR	312	.	222785438	0.312	0.814	45	9405	222780920	222780968	222790305	222790364	347412011	222550000	222800000	587	3927	48	9337	spaced
SUPER_3	228651504	228702933	IR	312	.	228677252	0.312	0.935	45	51373	228651504	228651566	228702875	228702933	347412011	228500000	228750000	1005	2953	58	51309	spaced
SUPER_3	178696285	178719305	IR	312	.	178707691	0.312	0.700	35	23320	178696285	178697692	178717898	178719329	347412011	178600000	178850000	35	1796	1407	20206	spaced
SUPER_3	54437276	54445452	IR	312	.	54441701	0.312	0.523	32	8130	54437276	54437846	54444882	54445464	347412011	54200000	54450000	0	4022	570	7036	spaced
SUPER_3	347089289	347166267	IR	312	.	347128147	0.312	0.890	20	76925	347089289	347089914	347165660	347166267	347412011	346950000	347200000	0	2962	607	75746	spaced
SUPER_3	298727179	298789359	IR	311	.	298758005	0.311	0.958	1084	62160	298727179	298734951	298781673	298789359	347412011	298550000	298800000	0	3471	7686	46722	spaced
SUPER_3	302605967	302703047	IR	311	.	302654546	0.311	0.954	472	97677	302605967	302609159	302699933	302703047	347412011	302600000	302850000	472	908	3114	90774	spaced
SUPER_3	318016719	318039849	IR	311	.	318028456	0.311	0.896	266	25092	318016719	318020370	318036198	318039944	347412011	317800000	318050000	266	3804	3651	15828	spaced
SUPER_3	302313533	302354033	IR	311	.	302333733	0.311	0.929	229	40867	302313533	302315055	302352575	302354033	347412011	302250000	302500000	229	1396	1458	37520	spaced
SUPER_3	277877368	277933984	IR	311	.	277905373	0.311	0.988	94	56589	277877368	277877948	277933410	277933984	347412011	277750000	278000000	0	2594	574	55462	spaced
SUPER_3	181583421	181587689	IR	311	.	181585507	0.311	0.986	92	4350	181583421	181583925	181587185	181587690	347412011	181500000	181750000	92	1425	504	3260	spaced
SUPER_3	142760858	142835834	IR	311	.	142798634	0.311	0.990	55	74956	142760858	142761271	142835421	142835834	347412011	142600000	142850000	0	3305	413	74150	spaced
SUPER_3	266439601	266501871	IR	311	.	266470942	0.311	0.890	36	62679	266439601	266439877	266501596	266501871	347412011	266400000	266650000	67	1178	275	61719	spaced
SUPER_3	145096276	145123122	IR	311	.	145109776	0.311	0.930	32	27018	145096276	145096639	145122759	145123131	347412011	144900000	145150000	32	3494	363	26120	spaced
SUPER_3	32663727	32667763	IR	311	.	32665453	0.311	0.933	31	4016	32663727	32664141	32667361	32667763	347412011	32500000	32750000	0	2762	402	3220	spaced
SUPER_3	48112739	48130243	IR	311	.	48121304	0.311	0.968	25	17493	48112739	48112925	48130057	48130244	347412011	47900000	48150000	25	3691	186	17132	spaced
SUPER_3	209729102	209733793	IR	311	.	209731062	0.311	0.922	25	4612	209729102	209729379	209733516	209733808	347412011	209600000	209850000	0	2190	277	4137	spaced
SUPER_3	7708260	7743310	IR	311	.	7725991	0.311	0.656	22	35123	7708260	7708450	7743120	7743394	347412011	7600000	7850000	22	2096	190	34670	spaced
SUPER_3	249442685	249453817	IR	311	.	249448050	0.311	0.908	21	11150	249442685	249443026	249453476	249453822	347412011	249250000	249500000	21	3304	341	10450	spaced
SUPER_3	185744051	185751968	IR	310	.	185747736	0.310	0.989	255	7909	185744051	185745649	185750370	185751977	347412011	185550000	185800000	0	3300	1598	4721	spaced
SUPER_3	158982271	159055672	IR	310	.	159019035	0.310	0.945	227	73898	158982271	158983775	159054168	159055716	347412011	158850000	159100000	232	2816	1504	70393	spaced
SUPER_3	51462101	51482012	IR	310	.	51472538	0.310	0.956	117	19894	51462101	51463269	51480854	51482012	347412011	51250000	51500000	0	3700	1158	17585	spaced
SUPER_3	206455879	206466354	IR	310	.	206461134	0.310	0.969	48	10549	206455879	206456292	206465941	206466354	347412011	206300000	206550000	48	2685	413	9649	spaced
SUPER_3	35743755	35747183	IR	310	.	35744993	0.310	0.982	43	3404	35743755	35744036	35746903	35747183	347412011	35500000	35750000	0	4091	280	2867	spaced
SUPER_3	208675418	208741185	IR	310	.	208708499	0.310	0.859	33	65785	208675418	208675947	208740690	208741185	347412011	208550000	208800000	33	2638	495	64743	spaced
SUPER_3	7971357	8020505	IR	310	.	7996300	0.310	0.967	28	49090	7971357	7971417	8020447	8020505	347412011	7800000	8050000	0	3265	58	49030	spaced
SUPER_3	270020362	270092379	IR	310	.	270055971	0.310	0.835	23	72030	270020362	270021022	270091719	270092413	347412011	269850000	270100000	0	3439	660	70697	spaced
SUPER_3	143953237	143987909	IR	309	.	143970789	0.309	0.981	310	35301	143953237	143955181	143985968	143987909	347412011	143800000	144050000	310	2842	1941	30787	spaced
SUPER_3	193768761	193802371	IR	309	.	193785901	0.309	0.978	79	33569	193768761	193769435	193801699	193802371	347412011	193600000	193850000	0	3092	672	32264	spaced
SUPER_3	224026411	224040760	IR	309	.	224033426	0.309	0.744	52	14307	224026411	224026489	224040702	224040760	347412011	223900000	224150000	1180	2226	58	14213	spaced
SUPER_3	249497962	249542806	IR	309	.	249520541	0.309	0.932	43	44863	249497962	249498596	249542174	249542806	347412011	249300000	249550000	43	3672	632	43578	spaced
SUPER_3	264888745	264893736	IR	309	.	264890832	0.309	0.933	40	4972	264888745	264889265	264893216	264893741	347412011	264850000	265100000	0	687	520	3951	spaced
SUPER_3	62541068	62544098	IR	309	.	62542130	0.309	1.000	26	3009	62541068	62541219	62543947	62544098	347412011	62300000	62550000	0	4042	151	2728	spaced
SUPER_3	171083535	171090895	IR	309	.	171086786	0.309	0.970	25	7335	171083535	171083838	171090595	171090895	347412011	171050000	171300000	0	620	300	6757	spaced
SUPER_3	95074342	95085599	IR	309	.	95079911	0.309	0.953	24	11253	95074342	95074548	95085393	95085606	347412011	94850000	95100000	24	3832	206	10845	spaced
SUPER_3	204021519	204065934	IR	309	.	204043602	0.309	0.967	20	44404	204021519	204021731	204065722	204065934	347412011	203900000	204150000	20	2395	212	43991	spaced
SUPER_3	59452132	59455878	IR	308	.	59453598	0.308	0.995	88	3722	59452132	59452694	59455316	59455878	347412011	59250000	59500000	0	3399	562	2622	spaced
SUPER_3	100505963	100509348	IR	308	.	100507501	0.308	0.989	81	75153	100505963	100506398	100508913	100509351	347412011	100400000	100650000	81	1794	435	2515	spaced
SUPER_3	227360484	227363812	IR	308	.	227362558	0.308	0.951	53	3308	227360484	227361006	227363290	227363813	347412011	227150000	227400000	0	3535	522	2284	spaced
SUPER_3	208670843	208673649	IR	308	.	208671782	0.308	1.000	47	2781	208670843	208671127	208673365	208673649	347412011	208550000	208800000	0	2037	284	2238	spaced
SUPER_3	105994581	106083800	IR	308	.	106039006	0.308	0.500	45	89163	105994581	105994633	106083748	106083848	347412011	105950000	106200000	872	1486	52	89115	spaced
SUPER_3	37510155	37598675	IR	308	.	37554254	0.308	0.944	44	88546	37510155	37510497	37598346	37598675	347412011	37350000	37600000	44	3406	329	87849	spaced
SUPER_3	238322507	238330089	IR	308	.	238325916	0.308	0.974	41	7512	238322507	238322584	238330014	238330089	347412011	238100000	238350000	0	3771	75	7430	spaced
SUPER_3	43797858	43867721	IR	308	.	43832825	0.308	0.957	38	69935	43797858	43798133	43867446	43867724	347412011	43650000	43900000	38	3046	275	69313	spaced
SUPER_3	194899756	194905944	IR	308	.	194903308	0.308	0.930	35	6166	194899756	194900083	194905630	194905944	347412011	194850000	195100000	0	880	314	5547	spaced
SUPER_3	14035463	14038538	IR	308	.	14036578	0.308	0.702	34	3075	14035463	14036454	14037547	14038557	347412011	13850000	14100000	0	3116	991	1093	immediate
SUPER_3	306470269	306519559	IR	308	.	306494480	0.308	0.917	30	49235	306470269	306470945	306518890	306519559	347412011	306350000	306600000	0	2415	669	47945	spaced
SUPER_3	154905251	154939926	IR	308	.	154922922	0.308	0.767	22	34608	154905251	154905736	154939516	154939926	347412011	154750000	155000000	0	2876	410	33780	spaced
SUPER_3	315765505	315769347	IR	308	.	315767536	0.308	0.973	21	3832	315765505	315765693	315769159	315769347	347412011	315650000	315900000	21	1956	188	3466	spaced
SUPER_3	182874053	182886675	IR	307	.	182880782	0.307	0.841	122	12599	182874053	182875150	182885578	182886675	347412011	182650000	182900000	0	3839	1097	10428	spaced
SUPER_3	263672783	263680832	IR	307	.	263677035	0.307	0.894	115	8040	263672783	263673074	263680541	263680833	347412011	263450000	263700000	8	3779	291	7467	spaced
SUPER_3	192368945	192372286	IR	307	.	192370713	0.307	1.000	103	3467	192368945	192369397	192371834	192372286	347412011	192150000	192400000	103	3676	452	2437	spaced
SUPER_3	69113165	69121774	IR	307	.	69116989	0.307	0.884	71	8586	69113165	69114244	69120733	69121774	347412011	68900000	69150000	0	3624	1041	6489	spaced
SUPER_3	73068988	73074725	IR	307	.	73072077	0.307	0.910	66	5875	73068988	73069349	73074364	73074746	347412011	73050000	73300000	66	364	361	5015	spaced
SUPER_3	19494305	19528767	IR	307	.	19511836	0.307	0.752	63	34375	19494305	19494625	19528447	19528850	347412011	19350000	19600000	0	2692	320	33822	spaced
SUPER_3	233135686	233140053	IR	307	.	233137554	0.307	0.804	53	4350	233135686	233136322	233139487	233140053	347412011	232950000	233200000	0	3131	566	3165	spaced
SUPER_3	160112568	160126743	IR	307	.	160119426	0.307	0.944	20	14167	160112568	160112856	160126455	160126743	347412011	160100000	160350000	20	327	288	13599	spaced
SUPER_3	82316161	82380717	IR	306	.	82348642	0.306	0.958	123	64826	82316161	82317452	82379426	82380719	347412011	82150000	82400000	123	3307	1291	61974	spaced
SUPER_3	17912881	17992114	IR	306	.	17952206	0.306	0.937	37	79184	17912881	17913247	17991748	17992131	347412011	17750000	18000000	0	3374	366	78501	spaced
SUPER_3	334609125	334778084	IR	306	.	334694096	0.306	1.000	34	168941	334609125	334609339	334777870	334778084	347412011	334550000	334800000	0	2393	214	168531	wide
SUPER_3	41593305	41732717	IR	306	.	41662599	0.306	0.404	28	139360	41593305	41645244	41680778	41732762	347412011	41550000	41800000	0	1883	51939	35534	spaced
SUPER_3	86109851	86117650	IR	306	.	86113388	0.306	0.984	24	7778	86109851	86110043	86117458	86117650	347412011	86100000	86350000	0	229	192	7415	spaced
SUPER_3	98391768	98508303	IR	306	.	98450501	0.306	0.959	22	116513	98391768	98392061	98508010	98508304	347412011	98350000	98600000	0	1667	293	115949	wide
SUPER_3	198000754	198050542	IR	306	.	198025431	0.306	0.955	22	49803	198000754	198001042	198050254	198050542	347412011	197850000	198100000	22	2927	288	49212	spaced
SUPER_3	237735065	237752702	IR	306	.	237743762	0.306	0.923	21	17661	237735065	237735305	237752462	237752710	347412011	237700000	237950000	21	731	240	17157	spaced
SUPER_3	148041881	148096709	IR	305	.	148069284	0.305	0.983	360	55358	148041881	148044048	148094542	148096709	347412011	147850000	148100000	360	3654	2167	50494	spaced
SUPER_3	199813508	199866289	IR	305	.	199840096	0.305	0.902	340	53288	199813508	199815755	199864042	199866328	347412011	199750000	200000000	340	1498	2247	48287	spaced
SUPER_3	48790911	48840490	IR	305	.	48815612	0.305	0.740	39	49960	48790911	48791827	48839644	48840490	347412011	48700000	48950000	39	1928	846	47817	spaced
SUPER_3	15409962	15417518	IR	305	.	15413713	0.305	0.923	26	7512	15409962	15410014	15417470	15417518	347412011	15200000	15450000	287	3562	48	7456	spaced
SUPER_3	89936728	89943641	IR	305	.	89940318	0.305	0.983	25	6905	89936728	89936909	89943460	89943641	347412011	89800000	90050000	25	2336	181	6551	spaced
SUPER_3	325026888	325128441	IR	305	.	325077200	0.305	0.993	22	101530	325026888	325027023	325128306	325128441	347412011	324950000	325200000	0	2127	135	101283	wide
SUPER_3	268619581	268635981	IR	305	.	268627426	0.305	0.857	21	16243	268619581	268620315	268635303	268635981	347412011	268550000	268800000	0	1296	678	14988	spaced
SUPER_3	256757225	256765503	IR	304	.	256761395	0.304	0.865	123	8549	256757225	256758452	256764348	256765503	347412011	256600000	256850000	123	2689	1155	5896	spaced
SUPER_3	247285281	247300072	IR	304	.	247292481	0.304	0.930	50	14822	247285281	247286047	247299306	247300076	347412011	247100000	247350000	50	3211	766	13259	spaced
SUPER_3	160981897	160988129	IR	304	.	160985493	0.304	0.977	45	6201	160981897	160982195	160987834	160988129	347412011	160750000	161000000	0	3916	295	5639	spaced
SUPER_3	57534712	57547279	IR	304	.	57540625	0.304	0.985	41	12532	57534712	57534982	57547009	57547280	347412011	57300000	57550000	0	4016	270	12027	spaced
SUPER_3	262685670	262723001	IR	304	.	262704246	0.304	0.730	35	37341	262685670	262686337	262722418	262723001	347412011	262550000	262800000	35	2572	583	36081	spaced
SUPER_3	183542735	183688692	IR	304	.	183615333	0.304	0.617	33	145949	183542735	183542794	183688633	183688727	347412011	183500000	183750000	0	1928	59	145839	wide
SUPER_3	155737646	155763934	IR	304	.	155751284	0.304	0.759	27	26351	155737646	155738226	155763354	155764024	347412011	155600000	155850000	0	2513	580	25128	spaced
SUPER_3	255772038	255816360	IR	304	.	255794326	0.304	0.938	22	44407	255772038	255772182	255816221	255816360	347412011	255650000	255900000	22	2403	139	44039	spaced
SUPER_3	27612349	27624617	IR	303	.	27618228	0.303	0.918	98	12236	27612349	27613329	27623653	27624617	347412011	27400000	27650000	0	3641	964	10324	spaced
SUPER_3	216565774	216568507	IR	303	.	216566861	0.303	0.998	71	2703	216565774	216566198	216568083	216568507	347412011	216350000	216600000	0	3618	424	1885	immediate
SUPER_3	292263939	292285624	IR	303	.	292274323	0.303	0.988	71	21657	292263939	292264443	292285120	292285625	347412011	292150000	292400000	0	2079	504	20677	spaced
SUPER_3	202207847	202306550	IR	303	.	202257128	0.303	0.748	65	98733	202207847	202207970	202306457	202306550	347412011	202150000	202400000	923	1786	93	98487	spaced
SUPER_3	157485025	157492875	IR	303	.	157489088	0.303	0.829	56	7871	157485025	157485083	157492817	157492887	347412011	157250000	157500000	1224	3982	58	7734	spaced
SUPER_3	278868702	278879496	IR	303	.	278873982	0.303	0.960	37	10810	278868702	278869076	278879122	278879497	347412011	278700000	278950000	37	2901	374	10046	spaced
SUPER_3	305424030	305452474	IR	303	.	305438278	0.303	0.849	30	28511	305424030	305425047	305451457	305452480	347412011	305300000	305550000	30	2304	1017	26410	spaced
SUPER_3	122545292	122551826	IR	303	.	122548131	0.303	0.825	27	6488	122545292	122545498	122551654	122551826	347412011	122350000	122600000	0	3309	172	6156	spaced
SUPER_3	178173352	178185826	IR	302	.	178180075	0.302	0.932	158	12447	178173352	178174960	178184219	178185826	347412011	177950000	178200000	0	3826	1607	9259	spaced
SUPER_3	280564673	280630080	IR	302	.	280597778	0.302	0.986	93	65377	280564673	280565307	280629446	280630080	347412011	280400000	280650000	0	3289	634	64139	spaced
SUPER_3	190310052	190333004	IR	302	.	190321204	0.302	0.975	84	22933	190310052	190310687	190332369	190333007	347412011	190150000	190400000	0	2858	635	21682	spaced
SUPER_3	185663010	185673057	IR	302	.	185667910	0.302	0.963	38	10191	185663010	185663308	185672762	185673057	347412011	185500000	185750000	38	2800	295	9454	spaced
SUPER_3	280099220	280108897	IR	302	.	280103647	0.302	0.810	37	9578	280099220	280100116	280108046	280108897	347412011	280000000	280250000	0	1734	851	7930	spaced
SUPER_3	161039379	161114506	IR	302	.	161077406	0.302	0.968	25	75108	161039379	161039660	161114226	161114506	347412011	160900000	161150000	0	2948	280	74566	spaced
SUPER_3	127363476	127372302	IR	302	.	127368028	0.302	1.000	22	8819	127363476	127363599	127372179	127372302	347412011	127200000	127450000	22	2798	123	8580	spaced
SUPER_3	173937410	173974365	IR	302	.	173955727	0.302	0.975	21	58002	173937410	173937609	173974166	173974365	347412011	173750000	174000000	21	3431	199	36557	spaced
SUPER_3	258268552	258275797	IR	301	.	258271876	0.301	1.000	52	7220	258268552	258268803	258275546	258275797	347412011	258100000	258350000	0	2869	251	6743	spaced
SUPER_3	330981959	330989033	IR	301	.	330985108	0.301	0.865	51	7056	330981959	330982853	330988210	330989033	347412011	330850000	331100000	0	2258	823	5357	spaced
SUPER_3	140554836	140558296	IR	301	.	140556417	0.301	0.875	40	3593	140554836	140555267	140557905	140558296	347412011	140400000	140650000	40	2609	391	2638	spaced
SUPER_3	125891513	125940436	IR	301	.	125915548	0.301	0.960	34	48896	125891513	125891864	125940089	125940436	347412011	125750000	126000000	0	2766	347	48225	spaced
SUPER_3	30906973	31071664	IR	301	.	30989418	0.301	0.964	25	164695	30906973	30907139	31071498	31071664	347412011	30850000	31100000	25	2321	166	164359	wide
SUPER_3	237957162	237961110	IR	301	.	237958767	0.301	0.941	24	3934	237957162	237957413	237960859	237961114	347412011	237750000	238000000	0	3485	251	3446	spaced
SUPER_3	291820008	291835210	IR	300	.	291827241	0.300	0.900	157	15180	291820008	291821839	291833423	291835210	347412011	291600000	291850000	0	3793	1787	11584	spaced
SUPER_3	230489851	230502130	IR	300	.	230495636	0.300	0.983	113	12257	230489851	230490661	230501320	230502130	347412011	230300000	230550000	0	3266	810	10659	spaced
SUPER_3	223312308	223314853	IR	300	.	223313791	0.300	0.972	101	2633	223312308	223312881	223314280	223314860	347412011	223250000	223500000	101	1059	573	1399	immediate
SUPER_3	233741322	233769255	IR	300	.	233755802	0.300	0.000	53	27897	233741322	233741480	233769207	233769255	347412011	233600000	233850000	0	2588	48	27727	spaced
SUPER_3	271336648	271342893	IR	300	.	271339313	0.300	0.402	41	6206	271336648	271336774	271342832	271342893	347412011	271100000	271350000	0	3996	61	6058	spaced
SUPER_3	317217381	317340689	IR	299	.	317278951	0.299	0.967	140	123673	317217381	317218561	317339509	317340691	347412011	317100000	317350000	140	2983	1180	120948	wide
SUPER_3	53902141	53953810	IR	299	.	53928301	0.299	0.984	66	51651	53902141	53902648	53953304	53953810	347412011	53750000	54000000	0	2966	506	50656	spaced
SUPER_3	321077353	321088596	IR	299	.	321083374	0.299	0.982	65	11188	321077353	321077848	321088101	321088596	347412011	320850000	321100000	0	3882	495	10253	spaced
SUPER_3	158104366	158120381	IR	299	.	158112036	0.299	0.961	26	15991	158104366	158104570	158120177	158120381	347412011	157950000	158200000	0	2706	204	15607	spaced
SUPER_3	77980464	78187342	IR	299	.	78083477	0.299	0.842	23	206897	77980464	77981229	78186577	78187381	347412011	77950000	78200000	0	2231	765	205348	wide
SUPER_3	29171075	29191105	IR	298	.	29180752	0.298	0.942	174	20044	29171075	29172072	29190108	29191138	347412011	28950000	29200000	0	3851	997	18036	spaced
SUPER_3	148921522	148928589	IR	298	.	148925203	0.298	0.933	86	7154	148921522	148922082	148928046	148928589	347412011	148750000	149000000	86	2917	543	5964	spaced
SUPER_3	143259636	143298967	IR	298	.	143279745	0.298	0.826	65	39337	143259636	143260521	143298082	143298996	347412011	143200000	143450000	0	1321	885	37561	spaced
SUPER_3	42664580	42735319	IR	298	.	42700281	0.298	0.961	54	70722	42664580	42665246	42734653	42735321	347412011	42500000	42750000	0	3332	666	69407	spaced
SUPER_3	133557895	133561764	IR	298	.	133559714	0.298	0.985	47	3923	133557895	133558170	133561490	133561764	347412011	133350000	133600000	47	3497	274	3320	spaced
SUPER_3	306410644	306443813	IR	298	.	306426993	0.298	0.940	38	36762	306410644	306410694	306443765	306443813	347412011	306350000	306600000	2	1287	48	33071	spaced
SUPER_3	141076809	141093816	IR	298	.	141084840	0.298	0.878	35	16985	141076809	141077447	141093215	141093816	347412011	140900000	141150000	0	3088	601	15768	spaced
SUPER_3	46801592	46804601	IR	298	.	46803361	0.298	0.928	32	2986	46801592	46802085	46804108	46804608	347412011	46700000	46950000	0	1718	493	2023	spaced
SUPER_3	283837317	283845031	IR	298	.	283841335	0.298	0.988	27	7735	283837317	283837489	283844859	283845031	347412011	283600000	283850000	27	4019	172	7370	spaced
SUPER_3	40154076	40163389	IR	297	.	40158581	0.297	0.988	262	9648	40154076	40155380	40162085	40163391	347412011	39950000	40200000	262	3478	1304	6705	spaced
SUPER_3	254017398	254032298	IR	297	.	254024467	0.297	0.929	55	14874	254017398	254018189	254031523	254032298	347412011	253800000	254050000	0	3747	775	13334	spaced
SUPER_3	328017474	328025448	IR	297	.	328021086	0.297	0.833	55	7898	328017474	328017554	328025368	328025464	347412011	327850000	328100000	0	2857	80	7814	spaced
SUPER_3	32138799	32184372	IR	297	.	32161198	0.297	0.717	48	45507	32138799	32138865	32184306	32184398	347412011	31950000	32200000	0	3526	66	45441	spaced
SUPER_3	42985715	43015199	IR	297	.	43000322	0.297	0.857	32	29432	42985715	42985763	43015151	43015207	347412011	42800000	43050000	362	3340	48	29388	spaced
SUPER_3	180511223	180517931	IR	297	.	180514450	0.297	0.936	25	6702	180511223	180511535	180517627	180517931	347412011	180500000	180750000	25	242	304	6092	spaced
SUPER_3	184582930	184686042	IR	297	.	184634870	0.297	0.878	21	103065	184582930	184583512	184685461	184686042	347412011	184450000	184700000	0	3074	581	101949	wide
SUPER_3	235595974	235601652	IR	296	.	235598451	0.296	0.948	180	5694	235595974	235597333	235600293	235601709	347412011	235400000	235650000	0	3313	1359	2960	spaced
SUPER_3	325356146	325417635	IR	296	.	325386888	0.296	0.996	98	61593	325356146	325356610	325417171	325417635	347412011	325200000	325450000	98	3114	464	60561	spaced
SUPER_3	275521262	275698797	IR	296	.	275609828	0.296	0.933	44	177847	275521262	275521916	275698150	275698797	347412011	275450000	275700000	44	2667	647	176234	wide
SUPER_3	110792643	110815814	IR	296	.	110803767	0.296	0.409	35	4174	110792643	110796951	110811623	110815814	347412011	110700000	110950000	0	1737	4191	14672	spaced
SUPER_3	237387088	237399942	IR	296	.	237393292	0.296	0.934	33	12903	237387088	237387475	237399555	237399943	347412011	237300000	237550000	33	1558	387	12080	spaced
SUPER_3	234734768	234743985	IR	295	.	234738930	0.295	0.969	68	9188	234734768	234735407	234743346	234743985	347412011	234500000	234750000	0	3989	639	7939	spaced
SUPER_3	50720585	50723174	IR	295	.	50721715	0.295	1.000	65	2620	50720585	50720888	50722871	50723174	347412011	50500000	50750000	65	3697	303	1983	immediate
SUPER_3	169793233	169844225	IR	295	.	169818809	0.295	0.682	50	50967	169793233	169793321	169844165	169844225	347412011	169600000	169850000	1157	3645	60	50844	spaced
SUPER_3	92189145	92196836	IR	295	.	92192702	0.295	0.714	38	7698	92189145	92189205	92196776	92196860	347412011	91950000	92200000	0	4049	60	7571	spaced
SUPER_3	322137329	322166097	IR	294	.	322151408	0.294	0.994	277	28750	322137329	322139067	322164359	322166097	347412011	321950000	322200000	0	3361	1738	25292	spaced
SUPER_3	165427959	165522431	IR	294	.	165475047	0.294	0.914	34	94486	165427959	165428538	165521852	165522434	347412011	165300000	165550000	34	2919	579	93314	spaced
SUPER_3	141101859	141131201	IR	293	.	141116393	0.293	0.973	97	29520	141101859	141102718	141130345	141131201	347412011	140900000	141150000	97	3608	856	27627	spaced
SUPER_3	195652396	195669392	IR	293	.	195660394	0.293	0.932	83	16582	195652396	195653588	195668200	195669392	347412011	195450000	195700000	0	3514	1192	14612	spaced
SUPER_3	191048023	191129162	IR	293	.	191088898	0.293	0.894	72	81113	191048023	191049496	191127758	191129162	347412011	190900000	191150000	0	3143	1404	78262	spaced
SUPER_3	126837407	126867043	IR	293	.	126852003	0.293	0.836	26	29777	126837407	126837733	126866717	126867075	347412011	126650000	126900000	26	3370	326	28984	spaced
SUPER_3	16826591	16840182	IR	293	.	16833291	0.293	0.994	25	73985	16826591	16826751	16840022	16840182	347412011	16700000	16950000	25	2222	160	13271	spaced
SUPER_3	221998837	222008048	IR	292	.	222003491	0.292	0.983	62	9254	221998837	221999306	222007579	222008048	347412011	221800000	222050000	62	3390	469	8273	spaced
SUPER_3	249239531	249246453	IR	292	.	249243222	0.292	0.972	59	6989	249239531	249239885	249246105	249246453	347412011	249000000	249250000	59	4049	348	6220	spaced
SUPER_3	306542985	306598548	IR	292	.	306571193	0.292	0.920	39	55532	306542985	306543880	306597661	306598548	347412011	306350000	306600000	0	3679	887	53781	spaced
SUPER_3	292101034	292133927	IR	291	.	292117924	0.291	0.836	255	32821	292101034	292106778	292128183	292133936	347412011	291900000	292150000	0	3624	5744	21405	spaced
SUPER_3	193236033	193278018	IR	291	.	193256667	0.291	0.960	128	41982	193236033	193236994	193277057	193278043	347412011	193150000	193400000	0	1783	961	40063	spaced
SUPER_3	223895167	223907064	IR	290	.	223900707	0.290	0.906	107	11889	223895167	223896365	223905866	223907074	347412011	223700000	223950000	0	3351	1198	9501	spaced
SUPER_3	14965613	14970655	IR	290	.	14967858	0.290	0.983	46	5025	14965613	14965960	14970308	14970656	347412011	14750000	15000000	0	3635	347	4348	spaced
SUPER_3	291430161	291443836	IR	289	.	291436845	0.289	0.901	40	13803	291430161	291430748	291443249	291443853	347412011	291250000	291500000	40	3116	587	12501	spaced
SUPER_3	68130249	68138838	IR	289	.	68134061	0.289	0.945	21	8470	68130249	68130483	68138604	68138840	347412011	67950000	68200000	0	3075	234	8121	spaced
SUPER_3	271109038	271122951	IR	288	.	271116398	0.288	0.980	34	13881	271109038	271109344	271122645	271122951	347412011	270950000	271200000	0	2766	306	13301	spaced
SUPER_3	108358719	108540687	IR	287	.	108449382	0.287	0.931	54	181953	108358719	108359626	108539780	108540695	347412011	108300000	108550000	0	2494	907	180154	wide
SUPER_3	78711289	78717330	IR	285	.	78713823	0.285	0.490	27	5989	78711289	78711341	78717278	78717379	347412011	78700000	78950000	0	238	52	5937	spaced
SUPER_3	199458514	199465816	IR	284	.	199462073	0.284	0.878	89	7442	199458514	199459892	199464495	199465816	347412011	199350000	199600000	89	1869	1321	4603	spaced
SUPER_3	148687320	148695621	IR	279	.	148691072	0.279	0.946	28	8287	148687320	148687575	148695366	148695624	347412011	148450000	148700000	0	4024	255	7791	spaced
SUPER_3_unloc_1	92931	100898	IR	514	.	97448	0.514	0.928	234	7949	92931	95626	98291	100898	103672	0	103672	0	1615	2607	2665	spaced
SUPER_4	14987881	14991149	IR	992	.	14989515	0.992	0.999	311	3615	14987881	14989340	14989690	14991149	17810670	14750000	15000000	311	3991	1459	350	immediate
SUPER_4	7477009	7499191	IR	944	.	7488101	0.944	0.973	709	23148	7477009	7486662	7489540	7499191	17810670	7300000	7550000	709	3134	9651	2878	spaced
SUPER_4	15924996	15929903	IR	904	.	15927450	0.904	1.000	453	5382	15924996	15927051	15927849	15929903	17810670	15700000	15950000	453	3790	2054	798	immediate
SUPER_4	4544608	4552835	IR	779	.	4548722	0.779	0.999	763	9133	4544608	4548036	4549408	4552835	17810670	4350000	4600000	763	3311	3427	1372	immediate
SUPER_4	4780599	4782305	IR	757	.	4781452	0.757	0.976	88	21691	4780599	4781194	4781710	4782305	17810670	4600000	4850000	88	3024	595	516	immediate
SUPER_4	5764242	5767075	IR	717	.	5766148	0.717	0.909	61	2775	5764242	5765090	5766227	5767086	17810670	5550000	5800000	0	3594	848	1137	immediate
SUPER_4	5721753	5724836	IR	700	.	5723356	0.700	0.934	104	3228	5721753	5722398	5724206	5724836	17810670	5550000	5800000	104	2888	630	1808	immediate
SUPER_4	10823569	10826663	IR	673	.	10825116	0.673	1.000	221	3301	10823569	10824516	10825716	10826663	17810670	10600000	10850000	221	3751	947	1200	immediate
SUPER_4	2535664	2541051	IR	668	.	2538277	0.668	0.961	232	6055	2535664	2537601	2539114	2541051	17810670	2300000	2550000	232	3972	1937	1513	immediate
SUPER_4	4343380	4349933	IR	644	.	4347016	0.644	0.552	41	6543	4343380	4346595	4346718	4349945	17810670	4100000	4350000	0	4110	3215	123	immediate
SUPER_4	14873399	14876338	IR	635	.	14875301	0.635	0.971	69	2912	14873399	14874027	14875710	14876338	17810670	14850000	15100000	0	414	628	1683	immediate
SUPER_4	8578883	8592217	IR	622	.	8585150	0.622	0.722	229	13310	8578883	8585550	8585570	8592217	17810670	8350000	8600000	0	3925	6647	20	immediate
SUPER_4	6287630	6289554	IR	621	.	6288591	0.621	0.933	46	2012	6287630	6288048	6289143	6289554	17810670	6200000	6450000	46	1476	411	1095	immediate
SUPER_4	6726590	6728918	IR	619	.	6727575	0.619	0.804	44	2398	6726590	6727657	6727851	6728921	17810670	6500000	6750000	44	3795	1067	194	immediate
SUPER_4	14125282	14127781	IR	607	.	14126227	0.607	0.918	57	2512	14125282	14125938	14127125	14127819	17810670	13900000	14150000	0	3775	656	1187	immediate
SUPER_4	14846677	14849701	IR	602	.	14848362	0.602	0.989	128	3195	14846677	14847419	14848959	14849701	17810670	14700000	14950000	128	2469	742	1540	immediate
SUPER_4	15307651	15309535	IR	574	.	15308602	0.574	0.947	137	2039	15307651	15308428	15308758	15309556	17810670	15150000	15400000	137	2643	777	330	immediate
SUPER_4	13261494	13393648	IR	572	.	13327571	0.572	0.396	78	132941	13261494	13327026	13328116	13393687	17810670	13150000	13400000	78	2959	65532	1090	immediate
SUPER_4	15648961	15652059	IR	570	.	15650510	0.570	0.984	158	3374	15648961	15649885	15651135	15652059	17810670	15600000	15850000	158	841	924	1250	immediate
SUPER_4	5897987	5900107	IR	567	.	5899047	0.567	0.950	84	2190	5897987	5898711	5899389	5900107	17810670	5700000	5950000	84	3317	718	678	immediate
SUPER_4	12589931	12626741	IR	555	.	12608360	0.555	0.784	107	36778	12589931	12589989	12626683	12626757	17810670	12550000	12800000	833	972	58	36694	spaced
SUPER_4	17366752	17583474	IR	534	.	17475150	0.534	0.400	78	216762	17366752	17474483	17475817	17583474	17810670	17350000	17600000	78	2085	107657	1334	immediate
SUPER_4	17709571	17741588	IR	525	.	17725190	0.525	0.736	1029	31994	17709571	17725261	17725917	17741588	17810670	17500000	17750000	0	3759	15671	656	immediate
SUPER_4	1845644	1850574	IR	517	.	1848109	0.517	0.994	295	75711	1845644	1847192	1849026	1850574	17810670	1650000	1900000	295	3301	1548	1834	immediate
SUPER_4	13919953	13920953	IR	506	.	13920278	0.506	0.941	21	25188	13919953	13920239	13920667	13920953	17810670	13750000	14000000	21	2840	286	428	immediate
SUPER_4	1471899	1485168	IR	498	.	1478534	0.498	0.505	138	13543	1471899	1478276	1478792	1485168	17810670	1350000	1600000	138	2142	6376	516	immediate
SUPER_4	3705751	3708328	IR	479	.	3707024	0.479	0.912	144	3054	3705751	3706837	3707242	3708399	17810670	3550000	3800000	163	2617	1086	405	immediate
SUPER_4	1266676	1269827	IR	478	.	1268254	0.478	0.985	238	3539	1266676	1268017	1268490	1269827	17810670	1050000	1300000	238	3637	1337	473	immediate
SUPER_4	6249744	6252773	IR	475	.	6251421	0.475	0.933	164	3378	6249744	6250615	6251902	6252778	17810670	6050000	6300000	176	3354	871	1287	immediate
SUPER_4	10729994	10738697	IR	474	.	10734475	0.474	0.999	871	9719	10729994	10733761	10734930	10738697	17810670	10500000	10750000	871	3905	3767	1169	immediate
SUPER_4	1552553	1554592	IR	474	.	1553591	0.474	0.897	88	2096	1552553	1553116	1554060	1554592	17810670	1400000	1650000	100	2559	532	944	immediate
SUPER_4	12402519	12405516	IR	472	.	12403837	0.472	0.817	34	3021	12402519	12403412	12404623	12405516	17810670	12400000	12650000	34	66	893	1211	immediate
SUPER_4	1581762	1653146	IR	456	.	1617647	0.456	0.403	85	71528	1581762	1617223	1617685	1653147	17810670	1500000	1750000	105	1957	35461	462	immediate
SUPER_4	6158222	6166335	IR	454	.	6161832	0.454	0.810	85	8097	6158222	6160613	6163944	6166340	17810670	5950000	6200000	0	3537	2391	3331	spaced
SUPER_4	4350078	4355421	IR	444	.	4352448	0.444	0.692	32	5324	4350078	4351751	4353748	4355429	17810670	4350000	4600000	0	45	1673	1997	immediate
SUPER_4	5393131	5395485	IR	436	.	5394308	0.436	0.961	50	2588	5393131	5393508	5395108	5395489	17810670	5150000	5400000	50	4071	377	1600	immediate
SUPER_4	3744221	3746553	IR	433	.	3745387	0.433	0.911	55	2565	3744221	3744578	3746196	3746580	17810670	3500000	3750000	55	4089	357	1618	immediate
SUPER_4	7160406	7308470	IR	432	.	7234663	0.432	0.927	79	148225	7160406	7161286	7307620	7308470	17810670	7100000	7350000	79	2240	850	146334	wide
SUPER_4	3260993	3303687	IR	417	.	3282284	0.417	0.933	256	43518	3260993	3266833	3297847	3303698	17810670	3150000	3400000	256	2205	5840	31014	spaced
SUPER_4	10011584	10013625	IR	417	.	10012692	0.417	0.852	34	86100	10011584	10011958	10013251	10013630	17810670	9900000	10150000	34	1876	374	1293	immediate
SUPER_4	12073718	12077101	IR	411	.	12074951	0.411	0.990	107	3352	12073718	12074440	12076379	12077101	17810670	11850000	12100000	0	3756	722	1939	immediate
SUPER_4	10094636	10264618	IR	410	.	10179519	0.410	0.408	141	170290	10094636	10178450	10180819	10264618	17810670	10050000	10300000	141	2160	83799	2369	spaced
SUPER_4	17176811	17178854	IR	410	.	17177845	0.410	0.955	128	2159	17176811	17177545	17178145	17178854	17810670	16950000	17200000	128	3797	709	600	immediate
SUPER_4	9613682	9625991	IR	406	.	9620068	0.406	0.924	393	26355	9613682	9618546	9621127	9626043	17810670	9450000	9700000	133	2830	4864	2581	spaced
SUPER_4	9302863	9404085	IR	403	.	9353532	0.403	0.882	98	101929	9302863	9306138	9400880	9404085	17810670	9300000	9550000	98	891	3205	94742	spaced
SUPER_4	2303568	2305709	IR	402	.	2304768	0.402	0.704	21	2197	2303568	2303984	2305293	2305756	17810670	2100000	2350000	21	3410	416	1309	immediate
SUPER_4	7552744	7662408	IR	399	.	7607746	0.399	0.939	97	110775	7552744	7574932	7640257	7662408	17810670	7550000	7800000	97	959	22151	65325	spaced
SUPER_4	5519928	5523251	IR	397	.	5521229	0.397	0.856	41	3298	5519928	5520529	5522650	5523289	17810670	5450000	5700000	0	1193	601	2121	spaced
SUPER_4	9564389	9571036	IR	396	.	9567656	0.396	0.532	71	6706	9564389	9566644	9568781	9571036	17810670	9350000	9600000	71	3628	2255	2137	spaced
SUPER_4	17607705	17631572	IR	395	.	17619420	0.395	0.685	75	23800	17607705	17607766	17631511	17631600	17810670	17550000	17800000	2194	1160	61	23745	spaced
SUPER_4	6361229	6363868	IR	392	.	6362889	0.392	1.000	21	2607	6361229	6361379	6363718	6363868	17810670	6200000	6450000	0	2709	150	2339	spaced
SUPER_4	7359858	7429496	IR	390	.	7394745	0.390	0.767	34	69596	7359858	7359918	7429450	7429496	17810670	7200000	7450000	506	3244	46	69532	spaced
SUPER_4	5995936	5999140	IR	388	.	5997474	0.388	0.896	45	99239	5995936	5996530	5998580	5999140	17810670	5800000	6050000	45	3292	560	2050	spaced
SUPER_4	1017501	1039550	IR	387	.	1028137	0.387	0.976	459	22009	1017501	1023228	1033830	1039550	17810670	800000	1050000	0	3808	5720	10602	spaced
SUPER_4	16877783	16884315	IR	386	.	16881341	0.386	0.507	66	6515	16877783	16881016	16881165	16884315	17810670	16750000	17000000	0	2184	3150	149	immediate
SUPER_4	4971434	5111106	IR	384	.	5041335	0.384	0.849	96	140176	4971434	4972346	5110303	5111106	17810670	4950000	5200000	102	1521	803	137957	wide
SUPER_4	14224258	14331802	IR	384	.	14277683	0.384	0.000	70	107513	14224258	14224305	14331755	14331902	17810670	14100000	14350000	0	2967	47	107450	wide
SUPER_4	2318974	2321548	IR	384	.	2319961	0.384	0.718	33	2518	2318974	2319052	2321492	2321548	17810670	2300000	2550000	0	337	56	2440	spaced
SUPER_4	1398404	1402143	IR	383	.	1399782	0.383	0.745	28	3719	1398404	1398902	1401645	1402144	17810670	1200000	1450000	0	3337	498	2743	spaced
SUPER_4	14601090	14608037	IR	380	.	14604564	0.380	0.990	553	7547	14601090	14603747	14605380	14608043	17810670	14400000	14650000	553	3409	2657	1633	immediate
SUPER_4	2212647	2241747	IR	380	.	2226747	0.380	0.394	49	29142	2212647	2226425	2227969	2241807	17810670	2000000	2250000	0	3786	13778	1544	immediate
SUPER_4	12628420	12630439	IR	380	.	12629432	0.380	0.000	36	16081	12628420	12628767	12630092	12637112	17810670	12400000	12650000	36	3823	347	1325	immediate
SUPER_4	15197451	15201053	IR	377	.	15199408	0.377	0.967	205	3947	15197451	15198514	15200021	15201053	17810670	15100000	15350000	225	1654	1032	1507	immediate
SUPER_4	13606455	13610148	IR	374	.	13608302	0.374	0.999	369	4086	13606455	13608033	13608570	13610149	17810670	13400000	13650000	369	3471	1578	537	immediate
SUPER_4	6902895	6922224	IR	372	.	6913029	0.372	0.389	35	10451	6902895	6911810	6913363	6922224	17810670	6900000	7150000	0	209	8861	1553	immediate
SUPER_4	5424521	5488820	IR	371	.	5457077	0.371	0.723	198	64185	5424521	5447695	5465694	5488820	17810670	5300000	5550000	0	2611	23126	17999	spaced
SUPER_4	1786164	1789589	IR	370	.	1787925	0.370	0.988	147	3612	1786164	1786999	1788754	1789590	17810670	1550000	1800000	147	3964	835	1755	immediate
SUPER_4	1260688	1264115	IR	370	.	1262353	0.370	0.984	143	3614	1260688	1261554	1263249	1264117	17810670	1050000	1300000	143	3539	866	1695	immediate
SUPER_4	11396153	11598851	IR	368	.	11497945	0.368	0.974	280	202677	11396153	11406277	11588778	11598851	17810670	11350000	11600000	0	2458	10073	182501	wide
SUPER_4	3405885	3481502	IR	368	.	3443412	0.368	0.808	35	75621	3405885	3406656	3480731	3481528	17810670	3300000	3550000	0	2394	771	74075	spaced
SUPER_4	5354336	5357393	IR	367	.	5355864	0.367	0.991	148	3270	5354336	5355087	5356642	5357395	17810670	5200000	5450000	148	2597	751	1555	immediate
SUPER_4	11692555	11695380	IR	367	.	11693751	0.367	0.983	89	2934	11692555	11692955	11694980	11695386	17810670	11650000	11900000	89	732	400	2025	spaced
SUPER_4	393489	498737	IR	366	.	446598	0.366	0.985	448	105226	393489	396416	495836	498737	17810670	250000	500000	0	3268	2901	99420	spaced
SUPER_4	7348355	7353643	IR	366	.	7350961	0.366	0.943	23	5356	7348355	7348653	7353345	7353643	17810670	7200000	7450000	23	2516	298	4692	spaced
SUPER_4	4949707	4949787	IR	363	.	4949757	0.363	0.846	41	21962	4949707	4949762	4949732	4949797	17810670	4800000	5050000	1145	2495	55	-30	overlap
SUPER_4	7138903	7141674	IR	363	.	7140053	0.363	0.805	41	3130	7138903	7139639	7140938	7141674	17810670	7000000	7250000	35	2338	736	1299	immediate
SUPER_4	4949705	4949767	IR	363	.	4949757	0.363	0.808	31	21959	4949705	4949747	4949725	4949777	17810670	4750000	5000000	466	3328	42	-22	overlap
SUPER_4	16436359	16620920	IR	363	.	16528999	0.363	0.918	23	184525	16436359	16436844	16620435	16620932	17810670	16400000	16650000	0	2143	485	183591	wide
SUPER_4	6673359	6677587	IR	361	.	6675939	0.361	0.958	53	4207	6673359	6673905	6677041	6677590	17810670	6450000	6700000	0	3757	546	3136	spaced
SUPER_4	10350382	10471323	IR	360	.	10410642	0.360	0.818	61	61882	10350382	10352938	10468835	10471323	17810670	10350000	10600000	47	1014	2488	115897	wide
SUPER_4	16174858	16301811	IR	359	.	16238107	0.359	0.705	40	126893	16174858	16174920	16301749	16301837	17810670	16100000	16350000	665	2305	62	126829	wide
SUPER_4	12521632	12521705	IR	359	.	12521687	0.359	0.981	29	45775	12521632	12521684	12521653	12521706	17810670	12300000	12550000	676	3694	52	-31	overlap
SUPER_4	2751526	2755425	IR	357	.	2753208	0.357	0.998	304	3876	2751526	2753243	2753708	2755426	17810670	2550000	2800000	0	3391	1717	465	immediate
SUPER_4	12817365	12825472	IR	357	.	12821252	0.357	1.000	34	8057	12817365	12817413	12825424	12825472	17810670	12650000	12900000	466	2856	48	8011	spaced
SUPER_4	15118710	15134845	IR	356	.	15126779	0.356	0.452	141	16326	15118710	15126581	15126974	15134884	17810670	14900000	15150000	141	3779	7871	393	immediate
SUPER_4	1102505	1115754	IR	356	.	1108688	0.356	0.959	137	13223	1102505	1103932	1114327	1115755	17810670	1100000	1350000	0	152	1427	10395	spaced
SUPER_4	16805836	16811694	IR	356	.	16808820	0.356	0.877	24	5862	16805836	16806088	16811457	16811694	17810670	16600000	16850000	24	3479	237	5369	spaced
SUPER_4	10811503	10814924	IR	355	.	10813157	0.355	0.827	45	3675	10811503	10812419	10814008	10814924	17810670	10750000	11000000	45	1053	916	1589	immediate
SUPER_4	4077417	4090474	IR	354	.	4083528	0.354	0.947	721	12277	4077417	4082483	4085411	4090474	17810670	3900000	4150000	0	3065	5063	2928	spaced
SUPER_4	12253355	12271241	IR	354	.	12262456	0.354	0.890	22	17897	12253355	12253749	12270847	12271245	17810670	12050000	12300000	22	3538	394	17098	spaced
SUPER_4	12021072	12022727	IR	352	.	12021922	0.352	0.697	21	45617	12021072	12021323	12022476	12022822	17810670	11800000	12050000	21	3698	251	1153	immediate
SUPER_4	15325774	15342892	IR	351	.	15333936	0.351	0.827	96	17092	15325774	15327848	15340818	15342894	17810670	15150000	15400000	0	3072	2074	12970	spaced
SUPER_4	15760644	15890430	IR	350	.	15825984	0.350	0.937	51	129688	15760644	15762065	15889009	15890432	17810670	15650000	15900000	0	2925	1421	126944	wide
SUPER_4	3935238	4041352	IR	349	.	3988099	0.349	0.962	34	106094	3935238	3935290	4041302	4041352	17810670	3800000	4050000	352	3138	50	106012	wide
SUPER_4	3105597	3109310	IR	348	.	3107781	0.348	1.000	247	3692	3105597	3107049	3107858	3109310	17810670	2900000	3150000	0	3457	1452	809	immediate
SUPER_4	15932847	15935953	IR	348	.	15934516	0.348	0.981	206	3339	15932847	15933734	15935066	15935960	17810670	15700000	15950000	206	3906	887	1332	immediate
SUPER_4	6807381	6850082	IR	348	.	6828535	0.348	0.679	23	42760	6807381	6807859	6849604	6850117	17810670	6750000	7000000	23	1312	478	41745	spaced
SUPER_4	9552645	9556356	IR	347	.	9554668	0.347	0.999	368	4075	9552645	9554260	9554741	9556356	17810670	9350000	9600000	368	3408	1615	481	immediate
SUPER_4	7732133	7842757	IR	347	.	7787502	0.347	0.932	233	110954	7732133	7734390	7840569	7842757	17810670	7700000	7950000	233	1457	2188	106179	wide
SUPER_4	2559549	2570845	IR	347	.	2565244	0.347	0.750	52	11238	2559549	2559603	2570791	2570863	17810670	2350000	2600000	1091	3586	54	11188	spaced
SUPER_4	12825427	12836434	IR	346	.	12830682	0.346	1.000	48	10997	12825427	12825446	12836415	12836434	17810670	12650000	12900000	3	3015	19	10969	spaced
SUPER_4	4501498	4535130	IR	344	.	4518450	0.344	0.901	30	33698	4501498	4501738	4534905	4535130	17810670	4350000	4600000	30	2805	225	33167	spaced
SUPER_4	12575171	12589977	IR	344	.	12582503	0.344	0.889	29	14756	12575171	12575219	12589929	12589983	17810670	12550000	12800000	410	542	48	14710	spaced
SUPER_4	11752204	11766050	IR	343	.	11759078	0.343	0.984	65	13906	11752204	11752581	11765677	11766050	17810670	11700000	11950000	65	985	373	13096	spaced
SUPER_4	1857987	1959060	IR	343	.	1908085	0.343	0.395	35	101118	1857987	1889697	1927350	1959122	17810670	1850000	2100000	0	975	31710	37653	spaced
SUPER_4	4208556	4211276	IR	342	.	4209971	0.342	0.993	138	2820	4208556	4209229	4210604	4211276	17810670	4100000	4350000	138	1831	672	1375	immediate
SUPER_4	6534070	6546576	IR	342	.	6540316	0.342	0.992	20	12498	6534070	6534198	6546448	6546576	17810670	6300000	6550000	20	4005	128	12250	spaced
SUPER_4	3121105	3164066	IR	341	.	3142160	0.341	0.453	47	42897	3121105	3121235	3164002	3164066	17810670	3000000	3250000	0	2376	64	42767	spaced
SUPER_4	15201238	15218150	IR	341	.	15209409	0.341	0.184	37	16874	15201238	15201276	15218112	15218208	17810670	15100000	15350000	0	1828	38	16836	spaced
SUPER_4	12836423	12836499	IR	341	.	12836612	0.341	0.889	35	195001	12836423	12836477	12836451	12836499	17810670	12700000	12950000	620	2274	48	-26	overlap
SUPER_4	10069798	10078610	IR	340	.	10074660	0.340	0.907	52	8834	10069798	10070309	10078099	10078650	17810670	9900000	10150000	0	2903	511	7790	spaced
SUPER_4	13061960	13261518	IR	340	.	13161242	0.340	0.427	43	199541	13061960	13081318	13242193	13261518	17810670	13050000	13300000	0	1862	19325	160875	wide
SUPER_4	9970908	9998228	IR	339	.	9984371	0.339	0.993	501	27847	9970908	9973408	9995728	9998228	17810670	9750000	10000000	501	3909	2500	22320	spaced
SUPER_4	15501513	15507190	IR	339	.	15504410	0.339	0.998	343	6088	15501513	15503154	15505549	15507190	17810670	15300000	15550000	343	3405	1641	2395	spaced
SUPER_4	7025622	7043933	IR	338	.	7034323	0.338	0.826	32	18289	7025622	7026565	7043007	7043933	17810670	6850000	7100000	0	3079	926	16442	spaced
SUPER_4	2603789	2659008	IR	338	.	2631495	0.338	0.667	24	55173	2603789	2603829	2658968	2659028	17810670	2600000	2850000	140	523	40	55139	spaced
SUPER_4	15582188	15598880	IR	337	.	15590101	0.337	0.967	637	16679	15582188	15587549	15593519	15598885	17810670	15350000	15600000	0	4008	5361	5970	spaced
SUPER_4	9858055	9881225	IR	337	.	9869535	0.337	0.923	341	25393	9858055	9865700	9873607	9881225	17810670	9650000	9900000	341	3660	7618	7907	spaced
SUPER_4	15903840	15923748	IR	337	.	15913399	0.337	0.995	94	19883	15903840	15904409	15923179	15923748	17810670	15700000	15950000	0	3563	569	18770	spaced
SUPER_4	8040378	8069278	IR	337	.	8054991	0.337	0.971	69	28992	8040378	8040858	8068798	8069278	17810670	7850000	8100000	69	3413	480	27940	spaced
SUPER_4	16065647	16068295	IR	337	.	16066845	0.337	0.487	20	2640	16065647	16066910	16067041	16068295	17810670	15950000	16200000	20	1949	1254	131	immediate
SUPER_4	12462117	12521680	IR	336	.	12491763	0.336	0.710	37	59517	12462117	12462161	12521636	12521698	17810670	12300000	12550000	440	3198	44	59475	spaced
SUPER_4	13514463	13535852	IR	336	.	13524799	0.336	0.878	26	21362	13514463	13514683	13535632	13535852	17810670	13350000	13600000	0	2919	220	20949	spaced
SUPER_4	16981929	16986927	IR	336	.	16983929	0.336	0.930	26	4873	16981929	16982383	16986474	16986927	17810670	16850000	17100000	0	2240	453	4091	spaced
SUPER_4	1986086	1992007	IR	335	.	1989414	0.335	0.948	32	5697	1986086	1986523	1991570	1992011	17810670	1950000	2200000	0	650	437	5047	spaced
SUPER_4	11217339	11391282	IR	335	.	11304698	0.335	0.987	31	173916	11217339	11217567	11391055	11391282	17810670	11150000	11400000	0	2571	227	173488	wide
SUPER_4	10525022	10542744	IR	334	.	10533478	0.334	0.999	278	17704	10525022	10526654	10541112	10542744	17810670	10300000	10550000	0	3897	1632	14458	spaced
SUPER_4	13047030	13061429	IR	334	.	13054487	0.334	1.000	58	14365	13047030	13047371	13061088	13061429	17810670	12850000	13100000	0	3403	341	13717	spaced
SUPER_4	14039870	14043739	IR	334	.	14041419	0.334	1.000	53	3850	14039870	14040183	14043426	14043739	17810670	13800000	14050000	0	4029	313	3243	spaced
SUPER_4	14678964	14688153	IR	334	.	14683150	0.334	0.750	22	9171	14678964	14679028	14688105	14688153	17810670	14450000	14700000	0	3892	48	9077	spaced
SUPER_4	16782125	16789567	IR	332	.	16785583	0.332	0.996	430	7420	16782125	16784633	16787063	16789567	17810670	16550000	16800000	0	3930	2504	2430	spaced
SUPER_4	13417551	13420596	IR	331	.	13419382	0.331	0.999	246	3001	13417551	13418957	13419190	13420596	17810670	13200000	13450000	0	3651	1406	233	immediate
SUPER_4	2031232	2071842	IR	331	.	2051164	0.331	0.857	24	40588	2031232	2031744	2071330	2071850	17810670	1950000	2200000	0	1692	512	39586	spaced
SUPER_4	17242208	17313563	IR	330	.	17278022	0.330	0.949	93	71382	17242208	17242325	17313452	17313563	17810670	17100000	17350000	2845	2964	111	71127	spaced
SUPER_4	14444665	14449703	IR	330	.	14446858	0.330	0.980	26	5004	14444665	14444912	14449457	14449703	17810670	14350000	14600000	0	1619	246	4545	spaced
SUPER_4	9766501	9776974	IR	329	.	9771410	0.329	0.987	409	10455	9766501	9769092	9774395	9776974	17810670	9550000	9800000	0	3695	2579	5303	spaced
SUPER_4	3887335	3895032	IR	329	.	3890841	0.329	0.968	126	7682	3887335	3888271	3894096	3895034	17810670	3650000	3900000	0	4019	936	5825	spaced
SUPER_4	6255132	6261723	IR	329	.	6258118	0.329	0.780	31	6571	6255132	6255663	6261255	6261723	17810670	6250000	6500000	0	140	468	5592	spaced
SUPER_4	2262864	2284864	IR	328	.	2273471	0.328	0.985	185	21984	2262864	2264131	2283597	2284868	17810670	2050000	2300000	0	3730	1267	19466	spaced
SUPER_4	6665160	6671445	IR	328	.	6668153	0.328	0.911	27	6295	6665160	6665328	6671291	6671445	17810670	6450000	6700000	27	3638	154	5963	spaced
SUPER_4	11815493	11999185	IR	327	.	11906823	0.327	0.950	47	183640	11815493	11815573	11999109	11999185	17810670	11750000	12000000	0	2622	76	183536	wide
SUPER_4	8704018	8771414	IR	327	.	8737555	0.327	0.975	20	67454	8704018	8704176	8771256	8771414	17810670	8650000	8900000	20	1461	158	67080	spaced
SUPER_4	2346796	2368999	IR	325	.	2357704	0.325	0.778	726	62067	2346796	2355443	2360397	2368999	17810670	2200000	2450000	726	2631	8602	4954	spaced
SUPER_4	12889562	12945790	IR	324	.	12917456	0.324	0.938	54	56282	12889562	12890307	12945046	12945790	17810670	12850000	13100000	54	1127	744	54739	spaced
SUPER_4	17166065	17172137	IR	324	.	17168723	0.324	0.951	48	6062	17166065	17166524	17171678	17172144	17810670	16950000	17200000	0	3651	459	5154	spaced
SUPER_4	14409222	14425148	IR	323	.	14416681	0.323	0.523	32	15882	14409222	14409266	14425104	14425186	17810670	14200000	14450000	0	3619	44	15838	spaced
SUPER_4	11031661	11035332	IR	320	.	11033195	0.320	0.960	30	3642	11031661	11032058	11034935	11035332	17810670	10850000	11100000	0	3058	397	2877	spaced
SUPER_4	7948295	7952383	IR	319	.	7949895	0.319	0.993	66	4058	7948295	7948713	7951965	7952383	17810670	7750000	8000000	0	3338	418	3252	spaced
SUPER_4	16092023	16104698	IR	318	.	16098127	0.318	0.999	317	12976	16092023	16093456	16103265	16104698	17810670	16000000	16250000	317	1639	1433	9809	spaced
SUPER_4	11612823	11686902	IR	311	.	11649480	0.311	0.903	353	74048	11612823	11616704	11683067	11686902	17810670	11550000	11800000	0	1664	3835	66363	spaced
SUPER_4	8612528	8658804	IR	307	.	8635759	0.307	0.799	64	46344	8612528	8613985	8657349	8658804	17810670	8600000	8850000	64	594	1455	43364	spaced
SUPER_4	11117849	11199650	IR	307	.	11159151	0.307	0.539	54	81779	11117849	11117925	11199574	11199716	17810670	10950000	11200000	0	3479	76	81649	spaced
SUPER_4	8218579	8313091	IR	306	.	8266320	0.306	0.990	183	94493	8218579	8219854	8311816	8313091	17810670	8100000	8350000	0	2763	1275	91962	spaced
SUPER_4	1277365	1387164	IR	302	.	1332681	0.302	0.890	22	109785	1277365	1277867	1386662	1387167	17810670	1150000	1400000	0	3037	502	108795	wide
SUPER_4	12719778	12772327	IR	300	.	12745594	0.300	0.935	192	52553	12719778	12722982	12769123	12772354	17810670	12600000	12850000	0	2434	3204	46141	spaced
SUPER_4	7960560	7977296	IR	300	.	7968899	0.300	0.886	25	16733	7960560	7961000	7976860	7977296	17810670	7750000	8000000	25	3648	436	15860	spaced
SUPER_4	14559575	14580947	IR	299	.	14569835	0.299	0.833	29	21353	14559575	14560037	14580490	14580947	17810670	14350000	14600000	0	3670	457	20453	spaced
SUPER_4	6053733	6107982	IR	296	.	6080780	0.296	1.000	44	54227	6053733	6053787	6107928	6107982	17810670	6050000	6300000	653	514	54	54141	spaced
SUPER_4	13703697	13774276	IR	293	.	13738975	0.293	1.000	20	70575	13703697	13703784	13774189	13774276	17810670	13550000	13800000	20	3149	87	70405	spaced
SUPER_4_unloc_1	143434	215438	IR	406	.	179094	0.406	0.982	1858	71987	143434	158730	200204	215438	215508	0	215508	0	2990	15234	41474	spaced
SUPER_4_unloc_2	20480	170397	IR	368	.	95053	0.368	0.541	1836	149903	20480	79086	111791	170405	184421	0	184421	0	1590	58606	32705	spaced
SUPER_4_unloc_5	70091	118344	IR	462	.	94676	0.462	0.787	1047	43447	70091	93249	95235	118344	132266	0	132266	0	1570	23109	1986	immediate
SUPER_4_unloc_6	28898	73724	IR	366	.	51657	0.366	0.999	2598	44808	28898	44537	58085	73731	115432	0	115432	0	855	15639	13548	spaced
SUPER_4_unloc_7	55029	84651	IR	328	.	70317	0.328	0.998	2024	29599	55029	66594	73086	84654	107994	0	107994	0	1163	11565	6492	spaced
SUPER_4_unloc_7	42430	50348	IR	297	.	46466	0.297	0.994	686	8825	42430	45378	47400	50363	107994	0	107994	726	773	2948	2022	spaced
SUPER_4_unloc_8	750	105591	IR	435	.	52966	0.435	0.640	1278	106310	750	16429	89961	105591	106677	0	106677	1282	886	15630	73532	spaced
SUPER_4_unloc_10	27914	81147	IR	371	.	54107	0.371	0.934	1850	53223	27914	41106	67955	81171	86211	0	86211	0	908	13192	26849	spaced
SUPER_4_unloc_12	27604	70363	IR	377	.	48654	0.377	0.415	24	42739	27604	33943	64024	70426	82434	0	82434	0	816	6339	30081	spaced
SCAFFOLD_860	9469	19633	IR	334	.	14109	0.334	0.981	275	10147	9469	11494	17608	19636	20389	0	20389	0	242	2025	6114	spaced
SCAFFOLD_252	1	51747	IR	392	.	25489	0.392	0.975	1981	51758	1	12979	38769	51793	77642	0	77642	0	431	12978	25790	spaced
SCAFFOLD_195	5	92934	IR	340	.	46012	0.340	1.000	1082	92910	5	6078	86861	92934	93255	0	93255	0	774	6073	80783	spaced
SCAFFOLD_250	3603	39944	IR	355	.	21308	0.355	0.894	98	36321	3603	4446	39101	39944	78000	0	78000	0	362	843	34655	spaced
SCAFFOLD_370	41419	45440	IR	332	.	43862	0.332	0.997	65	3996	41419	41782	45077	45441	56296	0	56296	0	723	363	3295	spaced
SCAFFOLD_381	46733	52893	IR	555	.	49576	0.555	0.968	278	6300	46733	47164	52464	52893	54998	0	54998	57	830	429	5300	spaced
SCAFFOLD_552	17385	27911	IR	402	.	22456	0.402	0.944	302	11093	17385	19244	26075	27911	35713	0	35713	306	377	1836	6831	spaced
SCAFFOLD_275	45224	73959	IR	486	.	60094	0.486	0.615	22	28358	45224	45742	73512	73959	74000	0	74000	0	993	447	27770	spaced
SCAFFOLD_311	58683	62352	IR	361	.	60519	0.361	0.999	315	3936	58683	60111	60924	62352	65943	0	65943	315	1008	1428	813	immediate
SCAFFOLD_550	24727	27041	IR	688	.	25884	0.688	0.930	87	2487	24727	25599	26169	27041	35840	0	35840	87	431	872	570	immediate
SCAFFOLD_287	48986	69188	IR	785	.	59087	0.785	0.996	342	23537	48986	58580	59594	69197	71143	0	71143	342	984	9594	1014	immediate
SCAFFOLD_283	70273	72326	IR	596	.	71333	0.596	0.879	90	2230	70273	70777	71822	72393	73097	0	73097	90	1188	504	1045	immediate
SCAFFOLD_283	8342	39395	IR	316	.	23550	0.316	0.930	60	30988	8342	9108	38634	39395	73097	0	73097	0	397	761	29526	spaced
SCAFFOLD_50	221562	225592	IR	873	.	224012	0.873	0.999	215	4003	221562	222961	224193	225592	251000	0	250000	0	3726	1399	1232	immediate
SCAFFOLD_50	70295	111714	IR	442	.	90695	0.442	0.988	214	41404	70295	71662	110347	111718	251000	0	250000	0	1516	1367	38685	spaced
SCAFFOLD_513	34	3970	IR	323	.	2073	0.323	0.923	22	3939	34	299	3706	3970	38180	0	38180	22	33	264	3407	spaced
SCAFFOLD_699	13729	18811	IR	395	.	16707	0.395	0.865	124	5107	13729	14946	17594	18874	26873	0	26873	0	271	1217	2648	spaced
SCAFFOLD_587	125	10373	IR	538	.	4907	0.538	0.698	116	10226	125	5020	5478	10405	32774	0	32774	0	87	4895	458	immediate
SCAFFOLD_583	17620	19694	IR	507	.	18658	0.507	0.981	55	2106	17620	18042	19274	19694	33129	0	33129	55	310	420	1232	immediate
SCAFFOLD_583	28667	30741	IR	507	.	29705	0.507	0.981	55	2106	28667	29089	30321	30741	33129	0	33129	55	494	420	1232	immediate
SCAFFOLD_430	19808	22402	IR	450	.	21105	0.450	0.993	92	2936	19808	20256	21954	22402	47393	0	47393	92	351	448	1698	immediate
SCAFFOLD_820	14617	16691	IR	507	.	15655	0.507	0.981	55	2106	14617	15039	16271	16691	21844	0	21844	55	260	420	1232	immediate
SCAFFOLD_12	142503	158722	IR	397	.	150980	0.397	0.818	23	16201	142503	142795	158450	158722	639000	50000	300000	0	1676	272	15655	spaced
SCAFFOLD_506	8404	29788	IR	445	.	19140	0.445	0.917	952	24280	8404	13569	24676	29788	39054	0	39054	952	318	5112	11107	spaced
SCAFFOLD_419	1787	13250	IR	338	.	7790	0.338	0.981	346	11445	1787	4372	10665	13250	50000	0	50000	0	125	2585	6293	spaced
SCAFFOLD_441	12998	32470	IR	334	.	22355	0.334	0.981	274	19450	12998	15034	30450	32470	46214	0	46214	0	378	2020	15416	spaced
SCAFFOLD_264	6816	35512	IR	516	.	21242	0.516	0.997	1630	30651	6816	14434	27894	35523	75885	0	75885	1636	352	7618	13460	spaced
SCAFFOLD_801	8231	11380	IR	339	.	9373	0.339	0.969	22	3118	8231	8485	11126	11380	22414	0	22414	0	163	254	2641	spaced
SCAFFOLD_801	13299	16448	IR	339	.	14437	0.339	0.969	22	3118	13299	13553	16194	16448	22414	0	22414	0	247	254	2641	spaced
SCAFFOLD_297	27941	42479	IR	335	.	35352	0.335	0.989	90	14634	27941	28406	42014	42479	69193	0	69193	90	586	465	13608	spaced
SCAFFOLD_309	26172	35038	IR	570	.	30518	0.570	0.994	234	27724	26172	29942	31268	35038	66859	0	66859	234	509	3770	1326	immediate
SCAFFOLD_293	1320	3450	IR	596	.	2385	0.596	0.995	79	2230	1320	1750	3020	3450	70000	0	70000	79	39	430	1270	immediate
SCAFFOLD_293	18162	61677	IR	325	.	39675	0.325	0.921	22	43509	18162	18444	61395	61683	70000	0	70000	22	665	282	42951	spaced
SCAFFOLD_489	22494	24739	IR	318	.	23128	0.318	0.952	39	2220	22494	22884	24349	24741	40671	0	40671	0	393	390	1465	immediate
SCAFFOLD_912	9082	11947	IR	437	.	10544	0.437	0.494	22	2846	9082	10424	10664	11947	18287	0	18287	22	175	1283	240	immediate
SCAFFOLD_115	63315	65809	IR	834	.	64562	0.834	0.999	242	2785	63315	64426	64698	65810	140460	0	140460	242	1075	1111	272	immediate
SCAFFOLD_115	66655	70317	IR	583	.	68535	0.583	0.909	170	4040	66655	68200	68809	70317	140460	0	140460	223	1141	1508	609	immediate
SCAFFOLD_830	5509	14220	IR	380	.	10294	0.380	0.855	129	8701	5509	6711	13018	14257	21401	0	21401	0	164	1202	6307	spaced
SCAFFOLD_13	504084	516045	IR	324	.	509537	0.324	0.710	30	11628	504084	504844	515285	516047	618000	300000	550000	0	3500	760	10441	spaced
SCAFFOLD_246	19248	33465	IR	468	.	26779	0.468	0.672	154	14162	19248	25472	27327	33465	79178	0	79178	0	439	6138	1855	immediate
SCAFFOLD_79	52653	170882	IR	508	.	111311	0.508	0.396	50	118091	52653	100069	123474	170882	177000	0	177000	0	1862	47408	23405	spaced
SCAFFOLD_224	48345	54828	IR	332	.	51417	0.332	0.999	294	6772	48345	49738	53435	54828	83805	0	83805	294	859	1393	3697	spaced
SCAFFOLD_136	72144	89114	IR	440	.	80765	0.440	0.988	189	39125	72144	73086	88180	89114	125368	0	125368	209	1343	934	15094	spaced
SCAFFOLD_775	3122	23557	IR	299	.	13713	0.299	0.933	1390	20422	3122	12344	14335	23563	23575	0	23575	0	222	9222	1991	immediate
SCAFFOLD_123	35056	41695	IR	819	.	38862	0.819	0.978	338	6609	35056	37648	39104	41695	137754	0	137754	0	639	2591	1456	immediate
SCAFFOLD_235	26672	31438	IR	368	.	29117	0.368	0.993	47	4838	26672	27110	31000	31440	81280	0	81280	47	484	438	3890	spaced
SCAFFOLD_127	101617	107609	IR	349	.	104974	0.349	0.997	150	5970	101617	102558	106668	107610	132795	0	132795	0	1743	941	4110	spaced
SCAFFOLD_127	30626	45114	IR	336	.	37947	0.336	0.992	57	14539	30626	30891	44849	45114	132795	0	132795	57	631	265	13958	spaced
SCAFFOLD_127	62	8292	IR	325	.	3705	0.325	1.000	453	8209	62	2558	5796	8292	132795	0	132795	0	69	2496	3238	spaced
SCAFFOLD_58	27724	54688	IR	413	.	41664	0.413	0.714	86	19533	27724	36800	45618	54688	219601	0	219601	0	686	9070	8818	spaced
SCAFFOLD_449	39134	44222	IR	298	.	41235	0.298	0.773	32	5020	39134	39202	44154	44242	44926	0	44926	0	694	68	4952	spaced
SCAFFOLD_655	9433	22786	IR	447	.	15868	0.447	0.977	461	14652	9433	14622	17608	22786	29096	0	29096	461	268	5178	2986	spaced
SCAFFOLD_470	18140	41397	IR	380	.	30298	0.380	0.752	760	23030	18140	26984	32671	41397	42369	0	42369	0	496	8726	5687	spaced
SCAFFOLD_481	37523	39550	IR	374	.	38540	0.374	0.939	22	2039	37523	37637	39443	39550	41168	0	41168	29	642	107	1806	immediate
SCAFFOLD_670	4130	17008	IR	304	.	10129	0.304	0.905	333	12860	4130	6737	14478	17008	28324	0	28324	0	176	2530	7741	spaced
SCAFFOLD_301	6025	57170	IR	408	.	31331	0.408	1.000	50	51125	6025	6292	56903	57170	68051	0	68051	0	526	267	50611	spaced
SCAFFOLD_783	359	5668	IR	390	.	2865	0.390	0.999	526	6003	359	2671	3356	5669	23062	0	23062	634	50	2312	685	immediate
SCAFFOLD_734	24	18849	IR	397	.	9211	0.397	1.000	79	18809	24	68	18805	18849	25329	0	25329	7	157	44	18737	spaced
SCAFFOLD_184	52658	56088	IR	588	.	54578	0.588	0.711	113	3668	52658	53638	55193	56088	96722	0	96722	113	906	895	1555	immediate
SCAFFOLD_184	5771	8326	IR	476	.	7044	0.476	0.939	96	2666	5771	6527	7570	8332	96722	0	96722	96	117	756	1043	immediate
SCAFFOLD_184	81878	87854	IR	330	.	84950	0.330	0.920	107	6089	81878	82504	87273	87854	96722	0	96722	107	1414	581	4769	spaced
SCAFFOLD_137	50928	99754	IR	860	.	75252	0.860	0.965	99	70504	50928	71554	79128	99777	124000	0	124000	99	1255	20626	7574	spaced
SCAFFOLD_225	18042	25013	IR	340	.	21510	0.340	0.996	43	6991	18042	18264	24791	25014	83542	0	83542	43	358	222	6527	spaced
SCAFFOLD_248	7	26426	IR	538	.	12875	0.538	0.946	902	26232	7	13040	13393	26431	79056	0	79056	0	220	13033	353	immediate
SCAFFOLD_491	131	16957	IR	451	.	8632	0.451	0.675	169	17083	131	7111	9977	16980	40649	0	40649	231	142	6980	2866	spaced
SCAFFOLD_138	109649	111586	IR	360	.	110618	0.360	1.000	190	2128	109649	110506	110729	111586	123667	0	123667	190	1843	857	223	immediate
SCAFFOLD_322	31584	35197	IR	348	.	33793	0.348	1.000	121	3587	31584	32254	34527	35197	63873	0	63873	0	556	670	2273	spaced
SCAFFOLD_320	14928	29488	IR	331	.	21785	0.331	1.000	60	14527	14928	15270	29146	29488	64158	0	64158	0	369	342	13876	spaced
SCAFFOLD_247	41404	61864	IR	334	.	52071	0.334	0.897	398	20441	41404	46395	56891	61864	79144	0	79144	0	860	4973	10496	spaced
SCAFFOLD_296	25762	67316	IR	337	.	46854	0.337	0.782	24	41497	25762	26667	66411	67340	69380	0	69380	0	775	905	39744	spaced
SCAFFOLD_881	3972	12417	IR	334	.	7918	0.334	0.925	153	8482	3972	5268	11121	12478	19497	0	19497	0	136	1296	5853	spaced
SCAFFOLD_565	15036	22336	IR	372	.	18543	0.372	0.724	24	7372	15036	15221	22151	22397	34108	0	34108	29	311	185	6930	spaced
SCAFFOLD_319	12798	16084	IR	651	.	14926	0.651	0.994	55	3130	12798	13430	15452	16084	64516	0	64516	0	240	632	2022	spaced
SCAFFOLD_341	2221	60003	IR	427	.	31606	0.427	0.767	2194	57793	2221	26746	35478	60048	60464	0	60464	0	518	24525	8732	spaced
SCAFFOLD_696	17876	22387	IR	339	.	20286	0.339	0.981	33	4511	17876	18088	22176	22387	27096	0	27096	33	335	211	4088	spaced
SCAFFOLD_973	1514	10788	IR	493	.	6332	0.493	0.710	154	12217	1514	5613	6723	10788	15349	0	15349	293	102	4065	1110	immediate
SCAFFOLD_496	4605	12132	IR	357	.	8692	0.357	0.943	25	7486	4605	4867	11870	12134	40317	0	40317	0	139	262	7003	spaced
SCAFFOLD_209	68583	90289	IR	350	.	79896	0.350	0.803	24	21676	68583	69552	89320	90292	90332	0	90332	0	1323	969	19768	spaced
SCAFFOLD_69	30339	32671	IR	757	.	31073	0.757	1.000	111	2308	30339	30967	32043	32671	192686	0	192686	0	524	628	1076	immediate
SCAFFOLD_112	16635	18929	IR	415	.	17782	0.415	0.915	82	2416	16635	17114	18450	18962	143925	0	143925	82	296	479	1336	immediate
SCAFFOLD_112	106234	108633	IR	308	.	107297	0.308	0.998	120	2522	106234	106770	108097	108633	143925	0	143925	120	1790	536	1327	immediate
SCAFFOLD_291	31109	33652	IR	337	.	32585	0.337	1.000	47	2563	31109	31317	33444	33652	70699	0	70699	47	539	208	2127	spaced
SCAFFOLD_291	40834	43617	IR	325	.	42149	0.325	0.971	27	2788	40834	41070	43381	43619	70699	0	70699	27	703	236	2311	spaced
SCAFFOLD_643	2497	24223	IR	389	.	13751	0.389	0.792	577	21692	2497	8939	17820	24223	29628	0	29628	0	222	6403	8881	spaced
SCAFFOLD_647	3595	8233	IR	442	.	5914	0.442	0.965	305	5003	3595	5087	6741	8274	29506	0	29506	305	98	1492	1654	immediate
SCAFFOLD_182	15423	52636	IR	346	.	34411	0.346	0.777	107	37167	15423	18487	49685	52636	97878	0	97878	0	567	2951	31198	spaced
SCAFFOLD_443	9701	14755	IR	426	.	12543	0.426	0.594	76	4781	9701	11963	12520	14755	45971	0	45971	0	203	2235	557	immediate
SCAFFOLD_346	6378	23370	IR	333	.	14468	0.333	0.979	91	16972	6378	7071	22677	23373	60154	0	60154	0	247	693	15606	spaced
SCAFFOLD_171	79576	94189	IR	328	.	86435	0.328	1.000	102	14589	79576	80155	93610	94189	102136	0	102136	0	1447	579	13455	spaced
SCAFFOLD_255	25855	71688	IR	767	.	49223	0.767	0.918	61	45805	25855	47793	49778	71688	77242	0	77242	0	812	21910	1985	immediate
SCAFFOLD_211	59663	73269	IR	319	.	66049	0.319	0.975	32	13561	59663	59946	72986	73269	89426	0	89426	0	1107	283	13040	spaced
SCAFFOLD_192	185	3363	IR	1000	.	1774	1.000	1.000	324	3500	185	1626	1922	3363	94829	0	94829	324	29	1441	296	immediate
SCAFFOLD_192	80676	84067	IR	471	.	82317	0.471	0.994	175	3621	80676	81505	83238	84068	94829	0	94829	175	1372	829	1733	immediate
SCAFFOLD_192	25399	39987	IR	329	.	32629	0.329	0.958	56	14605	25399	25679	39707	39990	94829	0	94829	56	544	280	14028	spaced
SCAFFOLD_732	8734	24529	IR	923	.	16478	0.923	0.996	1511	17408	8734	15565	17698	24531	25394	0	25394	1511	277	6831	2133	spaced
SCAFFOLD_799	1352	5938	IR	456	.	3653	0.456	0.985	284	4914	1352	2666	4640	5938	22485	0	22485	284	60	1298	1974	immediate
SCAFFOLD_799	7289	21118	IR	368	.	14557	0.368	0.948	226	13830	7289	9534	18873	21144	22485	0	22485	0	236	2245	9339	spaced
SCAFFOLD_350	20896	37401	IR	374	.	28961	0.374	0.999	344	16848	20896	22425	35872	37401	58480	0	58480	344	485	1529	13447	spaced
SCAFFOLD_511	11337	32668	IR	400	.	22387	0.400	1.000	1602	21312	11337	20217	23790	32668	38344	0	38344	0	366	8878	3573	spaced
SCAFFOLD_388	559	6188	IR	602	.	3384	0.602	0.701	161	2377	559	2416	4331	6278	54244	0	54244	187	56	1857	1915	immediate
SCAFFOLD_608	7	28019	IR	448	.	14374	0.448	0.977	497	27899	7	8497	19529	28073	31676	0	31676	0	233	8490	11032	spaced
SCAFFOLD_30	305453	309061	IR	907	.	307485	0.907	0.993	319	3990	305453	306924	307590	309068	327672	100000	327672	319	3454	1471	666	immediate
SCAFFOLD_30	226313	299973	IR	601	.	263493	0.601	0.946	103	69158	226313	262139	264147	299983	327672	50000	300000	0	3552	35826	2008	spaced
SCAFFOLD_30	21415	26928	IR	467	.	23708	0.467	0.998	442	5496	21415	24038	24305	26929	327672	0	250000	0	402	2623	267	immediate
SCAFFOLD_408	23827	40783	IR	398	.	32678	0.398	0.846	156	16836	23827	25603	39007	40817	51994	0	51994	0	538	1776	13404	spaced
SCAFFOLD_61	117288	210201	IR	935	.	164182	0.935	0.921	46	80672	117288	163076	164413	210201	210616	0	210616	0	2728	45788	1337	immediate
SCAFFOLD_61	57387	110774	IR	359	.	83858	0.359	1.000	46	159892	57387	57410	110751	110774	210616	0	210616	4	1401	23	53341	spaced
SCAFFOLD_383	27504	29732	IR	583	.	28269	0.583	0.971	41	2172	27504	27885	29351	29732	54824	0	54824	0	476	381	1466	immediate
SCAFFOLD_383	675	10803	IR	327	.	5626	0.327	1.000	717	11000	675	3962	7516	10803	54824	0	54824	717	95	3287	3554	spaced
SCAFFOLD_387	6272	12837	IR	328	.	9528	0.328	0.942	42	6590	6272	6582	12538	12837	54420	0	54420	42	159	299	5956	spaced
SCAFFOLD_387	44338	51894	IR	296	.	48280	0.296	0.952	106	7685	44338	44999	51233	51894	54420	0	54420	106	801	661	6234	spaced
SCAFFOLD_318	43109	58634	IR	334	.	50442	0.334	1.000	83	15508	43109	43622	58121	58634	64643	0	64643	0	847	513	14499	spaced
SCAFFOLD_318	25474	39893	IR	333	.	32270	0.333	0.998	84	14401	25474	25957	39410	39893	64643	0	64643	0	544	483	13453	spaced
SCAFFOLD_92	148704	163189	IR	333	.	156073	0.333	1.000	59	14536	148704	148969	162924	163189	163410	0	163410	59	2598	265	13955	spaced
SCAFFOLD_92	47766	102155	IR	316	.	75408	0.316	0.980	221	54366	47766	49623	100298	102158	163410	0	163410	0	1249	1857	50675	spaced
SCAFFOLD_937	6716	10182	IR	806	.	8409	0.806	0.936	123	3945	6716	7776	9122	10217	17234	0	17234	165	140	1060	1346	immediate
SCAFFOLD_347	52583	59311	IR	346	.	56211	0.346	0.979	84	6706	52583	53157	58740	59311	60022	0	60022	0	932	571	5583	spaced
SCAFFOLD_220	17714	46976	IR	354	.	32641	0.354	0.977	37	29232	17714	17980	46711	46976	85428	0	85428	0	538	265	28731	spaced
SCAFFOLD_834	5117	7365	IR	737	.	6241	0.737	1.000	150	2404	5117	5806	6676	7365	21294	0	21294	150	103	689	870	immediate
SCAFFOLD_522	5368	28234	IR	349	.	17289	0.349	0.980	63	22844	5368	5905	27697	28235	37639	0	37639	0	279	537	21792	spaced
SCAFFOLD_709	2532	5138	IR	346	.	4246	0.346	0.636	22	2564	2532	2574	5096	5162	26495	0	26495	0	63	42	2522	spaced
SCAFFOLD_325	1478	6519	IR	527	.	3560	0.527	0.931	85	5022	1478	3086	4914	6519	63216	0	63216	0	66	1605	1828	immediate
SCAFFOLD_348	38823	49915	IR	341	.	44288	0.341	0.901	72	11299	38823	39591	49147	49920	59400	0	59400	73	739	768	9556	spaced
SCAFFOLD_424	22437	30446	IR	333	.	26939	0.333	0.949	110	8015	22437	23524	29359	30473	48197	0	48197	0	440	1087	5835	spaced
SCAFFOLD_520	8729	18837	IR	327	.	13714	0.327	0.955	23	10142	8729	8995	18573	18837	37810	0	37810	23	229	264	9578	spaced
SCAFFOLD_698	9154	15858	IR	331	.	12562	0.331	0.999	435	7165	9154	11069	13943	15859	26963	0	26963	435	208	1915	2874	spaced
SCAFFOLD_562	6702	26984	IR	814	.	17018	0.814	0.934	630	18579	6702	15916	17770	27000	34421	0	34421	631	280	9214	1854	immediate
SCAFFOLD_97	3531	118773	IR	447	.	60688	0.447	0.974	95	114275	3531	34587	87717	118786	158112	0	158112	0	1019	31056	53130	spaced
SCAFFOLD_693	22150	24997	IR	391	.	23574	0.391	0.969	134	3021	22150	22898	24249	24998	27191	0	27191	134	392	748	1351	immediate
SCAFFOLD_693	862	4409	IR	372	.	2635	0.372	0.964	179	3811	862	1783	3488	4434	27191	0	27191	179	43	921	1705	immediate
SCAFFOLD_519	20310	22942	IR	711	.	22004	0.711	0.884	29	2438	20310	20828	22424	22942	37820	0	37820	0	360	518	1596	immediate
SCAFFOLD_497	1038	12224	IR	327	.	6835	0.327	0.948	301	11770	1038	3203	10083	12224	40083	0	40083	301	110	2141	6880	spaced
SCAFFOLD_131	17921	20246	IR	339	.	18836	0.339	1.000	208	2449	17921	18599	19568	20246	128898	0	128898	142	317	678	969	immediate
SCAFFOLD_396	8638	16834	IR	425	.	12359	0.425	0.929	88	8169	8638	9270	16202	16834	53114	0	53114	0	212	632	6932	spaced
SCAFFOLD_15	383822	388769	IR	400	.	386243	0.400	0.917	20	4909	383822	383870	388725	388769	524609	150000	400000	206	3938	44	4855	spaced
SCAFFOLD_15	43927	62156	IR	323	.	52638	0.323	0.985	115	18206	43927	44712	61383	62156	524609	0	250000	0	883	773	16671	spaced
SCAFFOLD_406	39046	42107	IR	353	.	40420	0.353	0.992	159	3265	39046	39844	41309	42108	52005	0	52005	159	676	798	1465	immediate
SCAFFOLD_140	112055	114669	IR	453	.	113362	0.453	0.993	79	2708	112055	112512	114212	114669	120764	0	120764	79	1889	457	1700	immediate
SCAFFOLD_140	8782	14029	IR	333	.	11224	0.333	0.999	282	5541	8782	10071	12740	14029	120764	0	120764	282	189	1289	2669	spaced
SCAFFOLD_299	22595	36129	IR	335	.	29851	0.335	0.879	37	13476	22595	22702	36033	36129	68549	0	68549	0	489	96	13331	spaced
SCAFFOLD_303	42215	49196	IR	449	.	45925	0.449	1.000	25	6994	42215	42474	48937	49196	67524	0	67524	25	761	259	6463	spaced
SCAFFOLD_772	2412	14233	IR	363	.	8090	0.363	0.999	1173	13122	2412	7656	8989	14236	23709	0	23709	1173	138	5244	1333	immediate
SCAFFOLD_687	22636	27343	IR	352	.	25258	0.352	1.000	25	4672	22636	22777	27202	27343	27344	0	27344	0	416	141	4425	spaced
SCAFFOLD_530	11146	14091	IR	435	.	12630	0.435	0.572	66	3162	11146	12527	12710	14141	37385	0	37385	115	210	1381	183	immediate
SCAFFOLD_179	37180	51595	IR	339	.	43979	0.339	0.931	24	14361	37180	37238	51541	51595	98439	0	98439	0	739	54	14303	spaced
SCAFFOLD_232	15311	30587	IR	483	.	23209	0.483	0.457	56	15203	15311	22868	23030	30619	81701	0	81701	0	382	7557	162	immediate
SCAFFOLD_230	45317	50940	IR	326	.	47962	0.326	0.769	28	5631	45317	45705	50576	50940	82219	0	82219	28	802	364	4871	spaced
SCAFFOLD_599	1305	20345	IR	867	.	10825	0.867	0.965	764	21534	1305	9687	11963	20425	32198	0	32198	764	180	8382	2276	spaced
SCAFFOLD_60	188122	192057	IR	412	.	189820	0.412	0.895	116	3912	188122	189804	190451	192057	211000	0	211000	0	3168	1606	647	immediate
SCAFFOLD_60	200485	207869	IR	406	.	204453	0.406	0.929	88	7357	200485	201117	207237	207869	211000	0	211000	0	3402	632	6120	spaced
SCAFFOLD_60	1261	137827	IR	363	.	69525	0.363	0.936	36	137593	1261	13127	125961	137828	211000	0	211000	36	1158	11866	112834	wide
SCAFFOLD_617	5173	30193	IR	356	.	17913	0.356	0.999	1794	26968	5173	12990	22376	30200	31183	0	31183	1758	294	7817	9386	spaced
SCAFFOLD_554	25199	33611	IR	303	.	29251	0.303	0.970	29	8436	25199	25401	33409	33612	35492	0	35492	29	489	202	8008	spaced
SCAFFOLD_967	3409	14902	IR	790	.	9156	0.790	0.999	1068	12762	3409	8269	10043	14902	15738	0	15738	1068	152	4859	1774	immediate
SCAFFOLD_8	270436	383419	IR	460	.	327093	0.460	0.736	124	110391	270436	273931	379924	383464	831000	200000	450000	354	2115	3495	105993	wide
SCAFFOLD_8	718646	720855	IR	405	.	719455	0.405	0.997	37	2053	718646	719015	720486	720855	831000	550000	800000	0	2829	369	1471	immediate
SCAFFOLD_374	4886	28959	IR	676	.	17009	0.676	0.989	861	26631	4886	15443	18402	28965	55855	0	55855	861	281	10557	2959	spaced
SCAFFOLD_390	112	46588	IR	842	.	23773	0.842	0.911	74	46493	112	21118	25582	46625	54000	0	54000	0	389	21006	4464	spaced
SCAFFOLD_56	50645	56753	IR	493	.	53443	0.493	0.972	292	6102	50645	53435	53963	56765	230000	0	230000	0	894	2790	528	immediate
SCAFFOLD_175	182	44524	IR	440	.	21922	0.440	0.592	104	42783	182	2503	42203	44581	99680	0	99680	0	372	2321	39700	spaced
SCAFFOLD_981	214	7571	IR	292	.	3431	0.292	0.677	44	7301	214	277	7508	7601	15002	0	15002	0	64	63	7231	spaced
SCAFFOLD_595	14856	18134	IR	366	.	16445	0.366	0.978	176	3514	14856	15646	17344	18145	32375	0	32375	176	274	790	1698	immediate
SCAFFOLD_392	44222	46825	IR	511	.	45349	0.511	0.991	92	2789	44222	44662	46386	46825	53612	0	53612	92	758	439	1724	immediate
SCAFFOLD_152	9535	30981	IR	406	.	20369	0.406	0.945	157	3078	9535	12187	28333	30981	111671	0	111671	302	337	2648	16146	spaced
SCAFFOLD_10	532148	610990	IR	384	.	571673	0.384	0.794	39	79060	532148	532276	610862	611017	698051	400000	650000	117	2859	128	78586	spaced
SCAFFOLD_10	342520	496060	IR	370	.	419569	0.370	0.807	632	16196	342520	358761	479847	496060	698051	250000	500000	0	2821	16213	121086	wide
SCAFFOLD_10	123971	126148	IR	347	.	124661	0.347	1.000	41	2156	123971	124210	125909	126148	698051	0	250000	0	2084	239	1699	immediate
SCAFFOLD_10	119454	121631	IR	342	.	120216	0.342	1.000	41	2156	119454	119693	121392	121631	698051	0	250000	0	2008	239	1699	immediate
SCAFFOLD_763	15369	23581	IR	342	.	19889	0.342	0.979	39	8190	15369	15710	23240	23581	24017	0	24017	0	324	341	7530	spaced
SCAFFOLD_188	35760	70534	IR	521	.	53147	0.521	1.000	3422	38797	35760	50606	55688	70534	95642	0	95642	3422	885	14846	5082	spaced
SCAFFOLD_188	27154	33508	IR	312	.	30475	0.312	0.988	286	6687	27154	28450	32220	33508	95642	0	95642	286	505	1288	3770	spaced
SCAFFOLD_661	21167	24120	IR	742	.	23074	0.742	0.867	57	2993	21167	21919	23368	24202	28929	0	28929	0	377	752	1449	immediate
SCAFFOLD_106	2	115512	IR	447	.	57469	0.447	0.829	70	114764	2	52239	63308	115512	149655	0	149655	0	962	52204	11069	spaced
SCAFFOLD_544	23615	35399	IR	986	.	29504	0.986	0.996	1136	13189	23615	28829	30186	35399	36121	0	36121	1136	491	5213	1357	immediate
SCAFFOLD_440	27319	30679	IR	714	.	28999	0.714	1.000	210	3621	27319	28221	29777	30679	46381	0	46381	210	483	902	1556	immediate
SCAFFOLD_431	8850	46982	IR	338	.	27866	0.338	0.985	459	38802	8850	11511	44321	46982	47374	0	47374	459	465	2661	32810	spaced
SCAFFOLD_65	75252	146205	IR	948	.	110499	0.948	0.724	128	157741	75252	102440	119017	146207	204108	0	204108	95	1845	27188	16577	spaced
SCAFFOLD_65	155448	175257	IR	444	.	165186	0.444	0.985	191	19983	155448	156447	174258	175262	204108	0	204108	191	2755	999	17811	spaced
SCAFFOLD_65	46475	48366	IR	328	.	47416	0.328	0.944	149	2198	46475	47300	47541	48387	204108	0	204108	156	790	825	241	immediate
SCAFFOLD_784	8548	10561	IR	389	.	9568	0.389	0.799	22	2008	8548	8722	10416	10561	23059	0	23059	33	159	145	1694	immediate
SCAFFOLD_821	2653	4919	IR	408	.	3788	0.408	0.977	53	2294	2653	2992	4580	4923	21788	0	21788	53	62	339	1588	immediate
SCAFFOLD_821	8251	13228	IR	348	.	10647	0.348	1.000	59	5032	8251	8506	12973	13228	21788	0	21788	59	178	255	4467	spaced
SCAFFOLD_197	52745	61883	IR	351	.	56914	0.351	0.860	27	9115	52745	53230	61398	61887	93000	0	93000	0	955	485	8168	spaced
SCAFFOLD_353	3520	41941	IR	648	.	22744	0.648	0.984	1927	36283	3520	20774	24720	41941	58120	0	58120	1928	378	17221	3946	spaced
SCAFFOLD_273	36172	42808	IR	331	.	38999	0.331	0.995	21	6615	36172	36358	42622	42808	74163	0	74163	0	658	186	6264	spaced
SCAFFOLD_738	15454	24097	IR	334	.	19407	0.334	0.992	205	8625	15454	16786	22765	24101	25099	0	25099	0	329	1332	5979	spaced
SCAFFOLD_236	50107	58098	IR	331	.	53604	0.331	0.918	21	7984	50107	50438	57767	58109	81240	0	81240	0	901	331	7329	spaced
SCAFFOLD_285	42554	62703	IR	444	.	53041	0.444	0.940	287	19752	42554	48514	56743	62808	72095	0	72095	0	877	5960	8229	spaced
SCAFFOLD_204	72032	74010	IR	394	.	73021	0.394	0.944	50	2177	72032	72625	73417	74019	91788	0	91788	50	1216	593	792	immediate
SCAFFOLD_204	20419	22438	IR	356	.	21380	0.356	0.997	67	2093	20419	20744	22113	22438	91788	0	91788	67	357	325	1369	immediate
SCAFFOLD_991	9561	13646	IR	450	.	11438	0.450	0.780	92	4581	9561	11038	12169	13706	13933	0	13933	219	193	1477	1131	immediate
SCAFFOLD_776	8218	11652	IR	452	.	9935	0.452	0.995	147	3659	8218	9056	10816	11652	23562	0	23562	223	165	836	1760	immediate
SCAFFOLD_23	212303	214239	IR	742	.	213271	0.742	0.996	121	2032	212303	212844	213698	214239	375663	0	250000	121	3554	541	854	immediate
SCAFFOLD_369	10307	38700	IR	396	.	24057	0.396	0.827	996	28339	10307	19757	29264	38700	56327	0	56327	0	408	9436	9507	spaced
SCAFFOLD_251	11384	16823	IR	335	.	13626	0.335	0.995	316	5418	11384	13272	14935	16827	77686	0	77686	0	234	1888	1663	immediate
SCAFFOLD_227	47485	50453	IR	820	.	48967	0.820	0.987	216	3197	47485	48520	49420	50453	82471	0	82471	216	815	1033	900	immediate
SCAFFOLD_227	38037	42254	IR	341	.	40565	0.341	0.930	48	4192	38037	38835	41456	42255	82471	0	82471	0	668	798	2621	spaced
SCAFFOLD_227	218	6613	IR	340	.	3419	0.340	0.999	388	6795	218	1953	4878	6614	82471	0	82471	388	56	1735	2925	spaced
SCAFFOLD_223	11339	23070	IR	505	.	17207	0.505	0.997	1134	13189	11339	16516	17897	23070	83950	0	83950	1134	286	5173	1381	immediate
SCAFFOLD_107	93118	104082	IR	517	.	98600	0.517	0.681	201	7399	93118	97780	99420	104098	147082	0	147082	201	1643	4662	1640	immediate
SCAFFOLD_930	196	15257	IR	361	.	7219	0.361	0.961	27	15036	196	400	15053	15257	17699	0	17699	0	128	204	14653	spaced
SCAFFOLD_259	16179	30340	IR	322	.	23540	0.322	0.435	33	14142	16179	16273	30294	30340	76830	0	76830	0	387	46	14021	spaced
SCAFFOLD_523	9741	36238	IR	348	.	23446	0.348	0.998	224	26477	9741	10995	34984	36238	37612	0	37612	0	383	1254	23989	spaced
SCAFFOLD_523	24	6996	IR	339	.	3234	0.339	0.956	376	6948	24	2866	4157	6996	37612	0	37612	0	58	2839	1291	immediate
SCAFFOLD_245	14498	62994	IR	329	.	38265	0.329	0.998	489	48475	14498	17159	60333	62994	79216	0	79216	0	645	2661	43174	spaced
SCAFFOLD_858	14259	20494	IR	353	.	16936	0.353	0.989	303	6233	14259	15946	18807	20510	20519	0	20519	0	289	1687	2861	spaced
SCAFFOLD_567	25940	31455	IR	462	.	28246	0.462	0.832	297	5491	25940	28284	29150	31455	34059	0	34059	0	478	2305	866	immediate
SCAFFOLD_294	551	9553	IR	589	.	5146	0.589	0.984	383	9494	551	4530	5587	9553	69937	0	69937	383	84	3966	1057	immediate
SCAFFOLD_321	11784	61678	IR	447	.	36829	0.447	0.913	77	54127	11784	34804	38658	61723	63987	0	63987	77	612	23020	3854	spaced
SCAFFOLD_744	3067	15572	IR	323	.	8850	0.323	0.856	458	12480	3067	7113	11545	15572	24878	0	24878	0	155	4027	4432	spaced
SCAFFOLD_594	8195	10269	IR	507	.	9233	0.507	0.981	55	2106	8195	8617	9849	10269	32383	0	32383	55	153	420	1232	immediate
SCAFFOLD_671	17887	22476	IR	337	.	19753	0.337	0.961	33	4570	17887	18239	22124	22480	28274	0	28274	0	336	352	3885	spaced
SCAFFOLD_300	39	68146	IR	447	.	34463	0.447	0.929	283	67847	39	10208	57977	68255	68256	0	68256	0	568	10169	47769	spaced
SCAFFOLD_480	2363	18592	IR	330	.	10212	0.330	0.472	26	16258	2363	3473	17482	18640	41460	0	41460	0	174	1110	14009	spaced
SCAFFOLD_584	11330	14963	IR	332	.	13141	0.332	0.999	348	3962	11330	12883	13410	14963	33125	0	33125	348	218	1553	527	immediate
SCAFFOLD_505	23894	27336	IR	317	.	25674	0.317	0.998	127	6311	23894	24471	26759	27337	39069	0	39069	127	426	577	2288	spaced
SCAFFOLD_482	17828	39383	IR	446	.	28622	0.446	0.915	976	24596	17828	23081	34130	39431	41146	0	41146	976	476	5253	11049	spaced
SCAFFOLD_302	5572	14491	IR	305	.	9825	0.305	0.954	172	8940	5572	5681	14382	14491	67961	0	67961	10	167	109	8701	spaced
SCAFFOLD_920	2609	7956	IR	369	.	5059	0.369	0.943	25	5373	2609	2813	7752	7963	17908	0	17908	25	87	204	4939	spaced
SCAFFOLD_412	2054	51107	IR	382	.	26170	0.382	0.997	570	49038	2054	5292	47869	51112	51119	0	51119	0	442	3238	42577	spaced
SCAFFOLD_148	18532	66967	IR	336	.	42454	0.336	0.942	47	48411	18532	19215	66291	66967	115375	0	115375	0	712	676	47076	spaced
SCAFFOLD_778	2	8570	IR	392	.	3858	0.392	0.993	452	8460	2	3313	5259	8586	23472	0	23472	0	71	3311	1946	immediate
SCAFFOLD_960	12173	14684	IR	486	.	13775	0.486	0.980	20	2493	12173	12326	14531	14684	16083	0	16083	0	223	153	2205	spaced
SCAFFOLD_657	10114	13988	IR	345	.	12440	0.345	0.836	25	3826	10114	10187	13927	13988	29084	0	29084	0	200	61	3740	spaced
SCAFFOLD_892	12471	18869	IR	985	.	15670	0.985	1.000	652	6991	12471	15293	16047	18869	19186	0	19186	652	261	2822	754	immediate
SCAFFOLD_704	13877	18233	IR	453	.	16368	0.453	0.832	167	4130	13877	15541	16621	18233	26644	0	26644	0	267	1612	1080	immediate
SCAFFOLD_576	13096	32342	IR	817	.	22633	0.817	0.999	1105	21088	13096	21613	23828	32342	33421	0	33421	1105	378	8514	2215	spaced
SCAFFOLD_919	12817	17665	IR	625	.	15242	0.625	0.999	492	5317	12817	14962	15522	17665	17926	0	17926	492	253	2143	560	immediate
SCAFFOLD_839	642	7552	IR	947	.	4097	0.947	0.920	504	8146	642	3711	4483	7556	21120	0	21120	504	68	3069	772	immediate
SCAFFOLD_27	276365	299684	IR	302	.	288478	0.302	1.000	24	23291	276365	276494	299555	299684	337911	50000	300000	0	3966	129	23061	spaced
SCAFFOLD_658	20415	22761	IR	429	.	21590	0.429	0.985	64	2382	20415	20747	22433	22761	29082	0	29082	64	359	328	1686	immediate
SCAFFOLD_253	1586	31927	IR	784	.	16669	0.784	0.968	178	29999	1586	14407	19106	31956	77399	0	77399	179	279	12821	4699	spaced
SCAFFOLD_257	32760	75502	IR	472	.	54533	0.472	0.874	488	39705	32760	49598	58774	75502	77111	0	77111	0	902	16728	9176	spaced
SCAFFOLD_373	5	51992	IR	452	.	25734	0.452	0.971	804	51613	5	9927	42070	52046	55858	0	55858	0	433	9922	32143	spaced
SCAFFOLD_9	591600	639750	IR	588	.	615544	0.588	0.509	81	34218	591600	605810	625540	639764	777298	450000	700000	264	2761	14210	19730	spaced
SCAFFOLD_9	254521	260475	IR	511	.	257951	0.511	0.933	59	5930	254521	255306	259690	260476	777298	250000	500000	0	124	785	4384	spaced
SCAFFOLD_9	462741	486444	IR	346	.	474392	0.346	0.894	92	23811	462741	463316	485869	486444	777298	300000	550000	92	2909	575	22553	spaced
SCAFFOLD_9	212612	219753	IR	320	.	216182	0.320	0.997	680	7780	212612	215722	216643	219753	777298	200000	450000	680	269	3110	921	immediate
SCAFFOLD_229	37425	46587	IR	334	.	41797	0.334	1.000	121	9290	37425	37932	46080	46587	82291	0	82291	121	699	507	8148	spaced
SCAFFOLD_258	42552	71261	IR	949	.	57067	0.949	0.974	61	34405	42552	54909	58904	71326	76876	0	76876	61	948	12357	3995	spaced
SCAFFOLD_553	3874	18852	IR	538	.	11796	0.538	0.680	174	14884	3874	11086	11722	18852	35536	0	35536	0	189	7130	636	immediate
SCAFFOLD_557	17229	19415	IR	474	.	18322	0.474	0.985	74	2328	17229	17748	18896	19416	34644	0	34644	74	305	519	1148	immediate
SCAFFOLD_109	89972	92080	IR	571	.	91026	0.571	0.998	87	31918	89972	90413	91639	92081	144872	0	144872	87	1516	441	1226	immediate
SCAFFOLD_109	2120	77960	IR	438	.	40224	0.438	0.836	72	76718	2120	18888	61192	78017	144872	0	144872	72	667	16768	42304	spaced
SCAFFOLD_315	12	46722	IR	431	.	23739	0.431	0.519	719	46762	12	22132	24602	46799	64874	0	64874	0	389	22120	2470	spaced
SCAFFOLD_282	64496	72626	IR	352	.	68523	0.352	0.998	204	8363	64496	65385	71737	72628	73026	0	73026	204	1142	889	6352	spaced
SCAFFOLD_280	15659	19607	IR	437	.	17297	0.437	0.999	122	3925	15659	16401	18865	19607	73267	0	73267	0	293	742	2464	spaced
SCAFFOLD_271	46999	70366	IR	333	.	59064	0.333	0.966	518	23349	46999	52740	64625	70371	74448	0	74448	0	977	5741	11885	spaced
SCAFFOLD_351	8595	17013	IR	384	.	12811	0.384	0.426	38	8431	8595	12654	12968	17013	58299	0	58299	38	213	4045	314	immediate
SCAFFOLD_438	3481	12080	IR	343	.	7994	0.343	0.941	169	8927	3481	5050	10513	12080	46689	0	46689	169	129	1567	5463	spaced
SCAFFOLD_614	18094	26482	IR	509	.	22385	0.509	0.974	413	9244	18094	21212	23371	26482	31261	0	31261	413	371	3111	2159	spaced
SCAFFOLD_582	25811	28091	IR	482	.	26487	0.482	0.886	25	2289	25811	26074	27828	28117	33140	0	33140	0	449	263	1754	immediate
SCAFFOLD_336	23	46574	IR	711	.	22980	0.711	0.933	194	41244	23	22335	24326	46574	61846	0	61846	0	388	22248	1991	immediate
SCAFFOLD_569	4464	6517	IR	596	.	5524	0.596	0.879	90	2230	4464	4968	6013	6584	33886	0	33886	90	91	504	1045	immediate
SCAFFOLD_304	14381	18278	IR	346	.	16618	0.346	0.561	34	3755	14381	15929	16730	18286	67174	0	67174	0	272	1548	801	immediate
SCAFFOLD_304	44160	48739	IR	326	.	45984	0.326	0.943	28	4558	44160	44649	48253	48739	67174	0	67174	0	774	486	3604	spaced
SCAFFOLD_637	550	26720	IR	342	.	13507	0.342	0.938	442	27231	550	4847	22423	26795	29901	0	29901	442	227	4297	17576	spaced
SCAFFOLD_484	8220	10289	IR	355	.	9591	0.355	1.000	135	2042	8220	9088	9421	10289	41000	0	41000	0	154	868	333	immediate
SCAFFOLD_580	10671	18946	IR	325	.	15089	0.325	0.975	81	8255	10671	11457	18160	18951	33168	0	33168	0	246	786	6703	spaced
SCAFFOLD_433	4662	19964	IR	340	.	11865	0.340	0.942	70	15165	4662	5621	19005	19968	47091	0	47091	0	205	959	13384	spaced
SCAFFOLD_170	75923	78218	IR	330	.	77084	0.330	0.993	23	2292	75923	76066	78075	78218	102360	0	102360	23	1284	143	2009	spaced
SCAFFOLD_170	0	66110	IR	306	.	32607	0.306	0.979	298	66097	0	2615	63495	66115	102360	0	102360	0	550	2615	60880	spaced
SCAFFOLD_181	7533	13522	IR	347	.	10188	0.347	0.989	75	5967	7533	8062	12993	13522	97958	0	97958	0	175	529	4931	spaced
SCAFFOLD_181	75453	82360	IR	336	.	79242	0.336	0.914	107	6881	75453	76335	81478	82361	97958	0	97958	0	1314	882	5143	spaced
SCAFFOLD_181	17710	69438	IR	323	.	43106	0.323	0.802	39	50846	17710	19226	67926	69438	97958	0	97958	0	726	1512	48700	spaced
SCAFFOLD_395	22367	27304	IR	322	.	24823	0.322	0.877	23	4943	22367	23027	26663	27304	53217	0	53217	23	413	641	3636	spaced
SCAFFOLD_155	17090	22096	IR	522	.	19176	0.522	0.975	126	4984	17090	18005	21181	22096	108507	0	108507	0	326	915	3176	spaced
SCAFFOLD_155	43656	107801	IR	338	.	75425	0.338	0.975	52	64122	43656	44098	107360	107801	108507	0	108507	0	1262	441	63262	spaced
SCAFFOLD_467	3961	40948	IR	356	.	22105	0.356	0.419	103	36991	3961	22343	22566	40975	42516	0	42516	0	374	18382	223	immediate
SCAFFOLD_539	4576	33876	IR	408	.	18894	0.408	0.610	310	29283	4576	11051	27468	33876	36865	0	36865	0	320	6408	16417	spaced
SCAFFOLD_663	4051	6451	IR	406	.	5251	0.406	0.987	49	2824	4051	4354	6148	6451	28684	0	28684	49	87	303	1794	immediate
SCAFFOLD_876	13641	16401	IR	332	.	14619	0.332	0.959	75	2739	13641	14356	15693	16401	19819	0	19819	0	250	708	1337	immediate
SCAFFOLD_805	1878	16378	IR	334	.	9259	0.334	1.000	58	14568	1878	2128	16128	16378	22313	0	22313	58	151	250	14000	spaced
SCAFFOLD_459	32834	35439	IR	369	.	34137	0.369	0.982	95	2674	32834	33388	34885	35442	43336	0	43336	95	568	554	1497	immediate
SCAFFOLD_384	30644	47434	IR	378	.	38959	0.378	0.454	36	16802	30644	32418	45660	47434	54806	0	54806	36	650	1774	13242	spaced
SCAFFOLD_826	2426	5172	IR	325	.	4256	0.325	0.990	27	2722	2426	2627	4972	5172	21560	0	21560	0	63	200	2345	spaced
SCAFFOLD_333	30522	61315	IR	693	.	45484	0.693	0.708	398	30727	30522	45490	46347	61366	62462	0	62462	0	765	14968	857	immediate
SCAFFOLD_604	7194	10612	IR	702	.	8903	0.702	0.974	140	3622	7194	8162	9644	10613	31856	0	31856	140	148	968	1482	immediate
SCAFFOLD_502	4845	34411	IR	379	.	19850	0.379	1.000	338	33426	4845	4899	34357	34411	39145	0	39145	9	326	54	29458	spaced
SCAFFOLD_305	27647	34933	IR	347	.	31563	0.347	0.991	274	7271	27647	29178	33402	34936	67163	0	67163	0	521	1531	4224	spaced
SCAFFOLD_63	56450	60556	IR	947	.	58503	0.947	1.000	417	66509	56450	58223	58783	60556	205861	0	205861	417	974	1773	560	immediate
SCAFFOLD_63	112396	122043	IR	370	.	117364	0.370	0.997	846	174188	112396	116268	118171	122047	205861	0	205861	859	1953	3872	1903	immediate
SCAFFOLD_753	11618	14680	IR	325	.	13534	0.325	0.994	25	3037	11618	11788	14510	14680	24499	0	24499	0	219	170	2722	spaced
SCAFFOLD_844	3961	6930	IR	323	.	5031	0.323	0.996	89	2942	3961	4498	6393	6930	21011	0	21011	0	90	537	1895	immediate
SCAFFOLD_82	62744	73336	IR	804	.	67542	0.804	0.997	531	10567	62744	65794	70287	73336	174344	0	174344	0	1133	3049	4493	spaced
SCAFFOLD_99	13370	19469	IR	320	.	16136	0.320	0.998	234	6076	13370	14689	18150	19469	156617	0	156617	0	273	1319	3461	spaced
SCAFFOLD_556	9150	11632	IR	397	.	10421	0.397	0.792	27	2491	9150	9559	11283	11632	34989	0	34989	27	173	349	1724	immediate
SCAFFOLD_556	22826	25024	IR	357	.	23925	0.357	0.987	41	2214	22826	23059	24792	25024	34989	0	34989	41	398	232	1733	immediate
SCAFFOLD_37	62514	270440	IR	446	.	166832	0.446	0.820	48	195485	62514	160558	172396	270525	292986	50000	292986	0	1941	98044	11838	spaced
SCAFFOLD_25	252770	265206	IR	741	.	258988	0.741	0.999	1167	13700	252770	257959	260017	265206	345424	100000	345424	1167	2649	5189	2058	spaced
SCAFFOLD_25	249501	251509	IR	604	.	250504	0.604	0.990	96	2100	249501	249915	251095	251509	345424	100000	345424	96	2508	414	1180	immediate
SCAFFOLD_25	12405	164912	IR	449	.	88434	0.449	0.979	611	151790	12405	20800	156548	164912	345424	0	250000	612	1477	8364	135748	wide
SCAFFOLD_678	5815	10042	IR	948	.	7929	0.948	0.999	396	4630	5815	7636	8222	10042	27729	0	27729	397	132	1820	586	immediate
SCAFFOLD_231	28824	71063	IR	447	.	49676	0.447	0.682	731	29433	28824	49624	50263	71099	82080	0	82080	0	832	20800	639	immediate
SCAFFOLD_769	6420	10255	IR	317	.	8515	0.317	0.934	23	3839	6420	6646	10029	10256	23859	0	23859	23	138	226	3383	spaced
SCAFFOLD_55	1227	113931	IR	446	.	57342	0.446	0.996	128	114896	1227	2855	112305	113931	231235	0	231235	121	959	1626	109450	wide
SCAFFOLD_55	162016	186541	IR	354	.	174644	0.354	0.716	202	24506	162016	165246	183314	186541	231235	0	231235	0	2904	3227	18068	spaced
SCAFFOLD_673	5850	10242	IR	307	.	8221	0.307	0.957	55	4417	5850	6262	9830	10242	28105	0	28105	55	133	412	3568	spaced
SCAFFOLD_328	17822	31175	IR	330	.	24568	0.330	0.714	225	13397	17822	20675	28322	31255	63060	0	63060	328	408	2853	7647	spaced
SCAFFOLD_261	57353	66850	IR	331	.	62161	0.331	0.981	25	9499	57353	57515	66688	66850	76383	0	76383	25	1034	162	9173	spaced
SCAFFOLD_261	70859	76242	IR	310	.	73805	0.310	0.942	34	5361	70859	71473	75628	76248	76383	0	76383	0	1225	614	4155	spaced
SCAFFOLD_345	44931	59419	IR	336	.	52098	0.336	0.992	57	14539	44931	45196	59154	59419	60192	0	60192	57	869	265	13958	spaced
SCAFFOLD_916	13060	15168	IR	636	.	14141	0.636	0.894	106	2317	13060	13740	14488	15229	18075	0	18075	106	235	680	748	immediate
SCAFFOLD_885	13234	15306	IR	507	.	14270	0.507	0.981	55	2106	13234	13654	14886	15308	19315	0	19315	55	237	420	1232	immediate
SCAFFOLD_98	299	156894	IR	365	.	78445	0.365	0.967	33	156725	299	542	156651	156896	158000	0	158000	33	1309	243	156109	wide
SCAFFOLD_199	11933	74792	IR	404	.	43372	0.404	0.542	233	73007	11933	43221	43524	74792	92788	0	92788	233	722	31268	303	immediate
SCAFFOLD_466	3074	13311	IR	410	.	8239	0.410	0.727	77	10348	3074	4171	12214	13324	42812	0	42812	89	136	1097	8043	spaced
SCAFFOLD_367	2864	52872	IR	419	.	27552	0.419	0.830	513	49991	2864	7960	47850	52872	56794	0	56794	0	464	5022	39890	spaced
SCAFFOLD_363	41029	52723	IR	372	.	46464	0.372	0.991	80	11671	41029	41486	52266	52723	57026	0	57026	0	781	457	10780	spaced
SCAFFOLD_495	318	5182	IR	984	.	2750	0.984	0.999	485	5461	318	2489	3011	5183	40362	0	40362	485	45	2171	522	immediate
SCAFFOLD_394	22013	52141	IR	425	.	36938	0.425	0.958	516	29047	22013	32545	41609	52152	53243	0	53243	516	617	10532	9064	spaced
SCAFFOLD_66	1298	27938	IR	464	.	14639	0.464	0.989	274	28954	1298	13453	15824	27938	197749	0	197749	274	243	12114	2371	spaced
SCAFFOLD_66	90959	116598	IR	423	.	103999	0.423	1.000	578	174634	90959	93485	114072	116598	197749	0	197749	565	1729	2526	20587	spaced
SCAFFOLD_46	182727	188017	IR	927	.	185372	0.927	0.997	464	89465	182727	184986	185758	188017	260666	0	250000	464	3089	2259	772	immediate
