#contig	start	end	name	score	strand	break_pos	identity_est	tir_ident	matches	span	la0	la1	ra0	ra1	contig_len	win_start	win_end	kept_pts	bin	arm_len	spacer	ir_class
SUPER_1	173044232	173046332	IR	823	.	173045282	0.823	0.969	90	46397	173044232	173044975	173045589	173046332	181988040	172970220	173220220	90	1250	743	614	immediate
SUPER_1	166726742	166732900	IR	773	.	166729821	0.773	0.987	463	6909	166726742	166729236	166730406	166732905	181988040	166724754	166974754	464	84	2494	1170	immediate
SUPER_1	142791508	142793080	IR	723	.	142792294	0.723	0.976	77	106795	142791508	142792089	142792499	142793081	181988040	142675775	142925775	79	1941	581	410	immediate
SUPER_1	56653078	56654805	IR	722	.	56654120	0.722	0.781	44	48026	56653078	56653860	56654023	56654805	181988040	56463047	56713047	45	3181	782	163	immediate
SUPER_1	11980397	11981551	IR	721	.	11980974	0.721	0.978	68	118221	11980397	11980806	11981142	11981551	181988040	11841548	12091548	68	2323	409	336	immediate
SUPER_1	174436215	174442401	IR	715	.	174439642	0.715	0.961	176	6155	174436215	174437938	174440678	174442401	181988040	174240976	174490976	0	3305	1723	2740	spaced
SUPER_1	119058916	119061184	IR	682	.	119060050	0.682	0.935	81	2411	119058916	119059831	119060269	119061194	181988040	118958215	119085244	81	1697	915	438	immediate
SUPER_1	10712131	10721047	IR	675	.	10716601	0.675	0.943	341	9216	10712131	10715753	10717450	10721047	181988040	10491548	10741548	378	3750	3597	1697	immediate
SUPER_1	24238904	24240058	IR	669	.	24239481	0.669	0.980	64	105533	24238904	24239395	24239567	24240058	181988040	24114678	24364678	65	2079	491	172	immediate
SUPER_1	156444071	156449725	IR	666	.	156447374	0.666	0.952	70	5627	156444071	156444995	156448801	156449725	181988040	156210293	156460293	0	3943	924	3806	spaced
SUPER_1	44259376	44397412	IR	656	.	44328091	0.656	0.389	29	138013	44259376	44328313	44328545	44397412	181988040	44185225	44413239	0	2386	68867	232	immediate
SUPER_1	162711599	162712503	IR	652	.	162712051	0.652	0.982	51	50760	162711599	162711935	162712167	162712503	181988040	162638151	162888151	51	1231	336	232	immediate
SUPER_1	97551482	97553492	IR	626	.	97552487	0.626	0.988	86	2128	97551482	97551913	97553063	97553492	181988040	97321230	97571230	86	3854	429	1150	immediate
SUPER_1	150782557	150783569	IR	622	.	150783063	0.622	0.983	51	39420	150782557	150782904	150783222	150783569	181988040	150598561	150848561	51	3074	347	318	immediate
SUPER_1	90515084	90517393	IR	612	.	90516237	0.612	0.972	105	2389	90515084	90515584	90516898	90517393	181988040	90506548	90622232	106	161	495	1314	immediate
SUPER_1	104112128	104114551	IR	612	.	104113340	0.612	0.927	68	2913	104112128	104113215	104113464	104114556	181988040	103935082	104144630	68	2970	1087	249	immediate
SUPER_1	172870520	172937308	IR	610	.	172903929	0.610	0.398	78	90636	172870520	172903624	172904234	172937308	181988040	172720220	172970220	97	3061	33074	610	immediate
SUPER_1	56663095	56664837	IR	610	.	56663974	0.610	0.927	70	64489	56663095	56663921	56664027	56664837	181988040	56563047	56813047	70	1681	810	106	immediate
SUPER_1	32420998	32423514	IR	602	.	32422256	0.602	0.982	102	2592	32420998	32421610	32422902	32423514	181988040	32189471	32439471	102	3879	612	1292	immediate
SUPER_1	106211776	106212710	IR	597	.	106212243	0.597	1.000	85	58849	106211776	106212144	106212342	106212710	181988040	106033719	106283719	89	2975	368	198	immediate
SUPER_1	88236977	88238641	IR	595	.	88237801	0.595	0.871	56	10945	88236977	88237358	88238260	88238654	181988040	88009745	88259745	56	3800	381	902	immediate
SUPER_1	102462651	102465819	IR	594	.	102464236	0.594	0.971	117	3329	102462651	102463502	102464970	102465819	181988040	102353503	102603503	117	1845	849	1468	immediate
SUPER_1	16259137	16260937	IR	584	.	16260041	0.584	0.909	26	2090	16259137	16259379	16260703	16260937	181988040	16092188	16342188	58	2797	234	1324	immediate
SUPER_1	37105395	37107483	IR	582	.	37106439	0.582	0.997	89	2150	37105395	37105792	37107086	37107483	181988040	36898702	37148702	89	3462	397	1294	immediate
SUPER_1	88373401	88377295	IR	581	.	88375278	0.581	0.948	69	4361	88373401	88374214	88376482	88377297	181988040	88286406	88536406	69	1482	813	2268	spaced
SUPER_1	87997672	88000562	IR	575	.	87999117	0.575	0.984	144	3047	87997672	87998450	87999784	88000572	181988040	87759745	88009745	144	3989	778	1334	immediate
SUPER_1	90233292	90235252	IR	571	.	90234272	0.571	1.000	80	2006	90233292	90233641	90234903	90235252	181988040	90019884	90269884	80	3572	349	1262	immediate
SUPER_1	177327748	177445540	IR	571	.	177386417	0.571	1.000	36	59352	177327748	177327765	177445523	177445540	181988040	177259793	177486822	1	2114	17	117758	wide
SUPER_1	152412539	152415723	IR	568	.	152414131	0.568	0.949	123	3453	152412539	152413980	152414282	152415723	181988040	152298590	152548590	123	1925	1441	302	immediate
SUPER_1	70766989	70956318	IR	568	.	70861681	0.568	0.386	68	95228	70766989	70861490	70861872	70956318	181988040	70726086	70976086	68	2259	94446	382	immediate
SUPER_1	135308808	135311131	IR	565	.	135309986	0.565	0.933	99	2432	135308808	135309353	135310586	135311163	181988040	135099200	135349200	99	3512	545	1233	immediate
SUPER_1	5047929	5056112	IR	563	.	5052020	0.563	0.983	504	8766	5047929	5051175	5052866	5056112	181988040	4829688	5079688	507	3705	3246	1691	immediate
SUPER_1	27442636	27443724	IR	563	.	27443180	0.563	0.990	48	57177	27442636	27442922	27443438	27443724	181988040	27265239	27515239	48	2965	286	516	immediate
SUPER_1	146552041	146552677	IR	563	.	146552359	0.563	0.986	38	3129	146552041	146552250	146552468	146552677	181988040	146411530	146661530	38	2347	209	218	immediate
SUPER_1	99106576	99110315	IR	559	.	99108554	0.559	0.938	85	3815	99106576	99107486	99109428	99110315	181988040	98971599	99221599	85	2280	887	1942	immediate
SUPER_1	80140625	80142763	IR	556	.	80141694	0.556	0.943	94	2219	80140625	80141257	80142161	80142763	181988040	80009585	80259585	94	2201	602	904	immediate
SUPER_1	81726172	81728674	IR	551	.	81727421	0.551	0.986	135	2590	81726172	81726731	81728115	81728674	181988040	81495922	81745922	136	3858	559	1384	immediate
SUPER_1	105068927	105071183	IR	549	.	105070055	0.549	1.000	98	2353	105068927	105069384	105070726	105071183	181988040	104866840	105116840	98	3386	457	1342	immediate
SUPER_1	69991555	69994225	IR	547	.	69992890	0.547	0.936	120	2785	69991555	69992177	69993603	69994251	181988040	69776086	70026086	120	3613	622	1426	immediate
SUPER_1	148930909	149062398	IR	547	.	148996659	0.547	0.394	65	132189	148930909	148996192	148997126	149062398	181988040	148865560	149115560	65	2184	65272	934	immediate
SUPER_1	103770899	103772798	IR	547	.	103771833	0.547	0.748	45	2122	103770899	103771309	103772388	103772859	181988040	103635082	103885082	80	2279	410	1079	immediate
SUPER_1	129480817	129482778	IR	544	.	129481940	0.544	0.997	71	2114	129480817	129481165	129482430	129482778	181988040	129251384	129501384	71	3840	348	1265	immediate
SUPER_1	57828641	57830407	IR	544	.	57829524	0.544	0.976	54	7812	57828641	57828978	57830072	57830407	181988040	57613047	57863047	54	3607	335	1094	immediate
SUPER_1	77661498	77663388	IR	543	.	77662443	0.543	0.975	57	46130	77661498	77661902	77662986	77663388	181988040	77458425	77708425	57	3400	402	1084	immediate
SUPER_1	166696320	166698378	IR	543	.	166697349	0.543	0.870	35	2057	166696320	166697114	166697584	166698385	181988040	166456186	166706186	35	4019	794	470	immediate
SUPER_1	60669039	60672999	IR	542	.	60671019	0.542	0.868	89	4136	60669039	60670182	60671856	60673087	181988040	60470841	60720841	104	3336	1143	1674	immediate
SUPER_1	40342185	40345507	IR	539	.	40344027	0.539	0.938	77	3619	40342185	40342930	40344776	40345507	181988040	40315717	40565717	77	468	731	1846	immediate
SUPER_1	41128070	41129032	IR	539	.	41128551	0.539	0.966	22	45018	41128070	41128303	41128799	41129032	181988040	41015717	41265717	22	1880	233	496	immediate
SUPER_1	174172554	174174377	IR	538	.	174173500	0.538	0.859	67	2032	174172554	174173010	174173921	174174446	181988040	173950005	174190776	94	3724	456	911	immediate
SUPER_1	57493813	57497673	IR	536	.	57495743	0.536	0.962	129	4208	57493813	57495034	57496452	57497674	181988040	57263047	57513047	129	3878	1221	1418	immediate
SUPER_1	151425690	151428170	IR	535	.	151426930	0.535	0.982	69	2585	151425690	151426180	151427680	151428170	181988040	151198561	151448561	69	3806	490	1500	immediate
SUPER_1	156803262	156810282	IR	532	.	156806772	0.532	0.993	494	7601	156803262	156805734	156807810	156810282	181988040	156610293	156834221	502	3274	2472	2076	spaced
SUPER_1	178637737	178644811	IR	532	.	178641214	0.532	0.958	243	7730	178637737	178639489	178643075	178644811	181988040	178423178	178668661	243	3634	1736	3586	spaced
SUPER_1	134361495	134364083	IR	523	.	134362789	0.523	1.000	127	2684	134361495	134362062	134363516	134364083	181988040	134299200	134549200	127	1059	567	1454	immediate
SUPER_1	21952869	21953947	IR	521	.	21953408	0.521	0.985	81	34353	21952869	21953350	21953467	21953947	181988040	21763420	22013420	81	3166	480	117	immediate
SUPER_1	90817897	90819899	IR	521	.	90818897	0.521	0.958	56	2043	90817897	90818224	90819572	90819901	181988040	90683958	90836352	56	2248	327	1348	immediate
SUPER_1	35519621	35521773	IR	515	.	35520697	0.515	0.997	81	57122	35519621	35519985	35521409	35521773	181988040	35322530	35572530	81	3302	364	1424	immediate
SUPER_1	147852831	147854512	IR	514	.	147853666	0.514	0.887	51	65247	147852831	147853333	147854010	147854537	181988040	147765635	148015635	54	1467	502	677	immediate
SUPER_1	172149403	172241159	IR	513	.	172195751	0.513	0.713	21	91699	172149403	172149775	172240787	172241248	181988040	172085887	172320020	0	1823	372	91012	spaced
SUPER_1	162795040	162797638	IR	511	.	162796362	0.511	0.917	107	2810	162795040	162795607	162797071	162797684	181988040	162638151	162888151	121	2636	567	1464	immediate
SUPER_1	122142316	122144288	IR	509	.	122143349	0.509	0.712	31	2002	122142316	122142754	122143921	122144288	181988040	121988906	122238906	44	2573	367	1167	immediate
SUPER_1	21994418	21995392	IR	503	.	21994904	0.503	0.964	56	75208	21994418	21994780	21995030	21995394	181988040	21813420	22063420	56	3024	362	250	immediate
SUPER_1	164580832	164585223	IR	502	.	164583033	0.502	0.609	82	4552	164580832	164582539	164583570	164585223	181988040	164478973	164728973	93	1734	1653	1031	immediate
SUPER_1	119820676	120051426	IR	500	.	119936051	0.500	0.387	25	231072	119820676	119935945	119936157	120051516	181988040	119817234	120065617	25	1980	115269	212	immediate
SUPER_1	51298784	51299352	IR	499	.	51299068	0.499	1.000	51	74801	51298784	51299011	51299125	51299352	181988040	51099149	51349149	51	3331	227	114	immediate
SUPER_1	75151117	75153376	IR	494	.	75152247	0.494	0.969	52	2352	75151117	75151505	75152989	75153376	181988040	74932902	75182902	52	3655	387	1484	immediate
SUPER_1	161451823	161454063	IR	492	.	161452943	0.492	0.992	68	74671	161451823	161452186	161453700	161454063	181988040	161374951	161624951	68	1299	363	1514	immediate
SUPER_1	101442011	101444129	IR	492	.	101443080	0.492	0.902	53	2202	101442011	101442620	101443540	101444129	181988040	101312312	101562312	59	2179	589	920	immediate
SUPER_1	140026144	140028386	IR	492	.	140027291	0.492	0.920	48	2273	140026144	140026659	140027871	140028394	181988040	139922951	140071375	72	1738	515	1212	immediate
SUPER_1	154961788	154964176	IR	491	.	154962982	0.491	0.993	88	2492	154961788	154962236	154963728	154964176	181988040	154941923	155191923	88	350	448	1492	immediate
SUPER_1	60110428	60112186	IR	489	.	60111307	0.489	0.991	39	98647	60110428	60110647	60111967	60112186	181988040	59970841	60220841	39	2340	219	1320	immediate
SUPER_1	103539233	103541347	IR	487	.	103540300	0.487	0.812	59	2166	103539233	103539853	103540755	103541347	181988040	103535082	103785082	66	86	592	902	immediate
SUPER_1	83166568	83167458	IR	486	.	83167012	0.486	0.968	46	113460	83166568	83166815	83167211	83167460	181988040	83035238	83285238	46	2196	247	396	immediate
SUPER_1	139277148	139279807	IR	483	.	139278461	0.483	0.811	39	3716	139277148	139278288	139278667	139279859	181988040	139177244	139427244	45	1687	1140	379	immediate
SUPER_1	62791051	62791585	IR	482	.	62791318	0.482	0.986	38	58626	62791051	62791272	62791364	62791585	181988040	62626567	62876567	38	2745	221	92	immediate
SUPER_1	20690426	20691012	IR	480	.	20690719	0.480	0.983	31	3810	20690426	20690658	20690780	20691012	181988040	20466704	20716704	31	3733	232	122	immediate
SUPER_1	157207561	157208029	IR	480	.	157207795	0.480	1.000	29	4118	157207561	157207706	157207884	157208029	181988040	157184421	157434421	29	389	145	178	immediate
SUPER_1	137372011	137493066	IR	477	.	137432187	0.477	0.972	219	121046	137372011	137373593	137491484	137493076	181988040	137257584	137507584	0	2915	1582	117891	wide
SUPER_1	46762732	46770037	IR	477	.	46766397	0.477	0.818	91	11814	46762732	46766051	46766743	46770037	181988040	46674422	46924422	91	1532	3294	692	immediate
SUPER_1	158038897	158042543	IR	475	.	158040547	0.475	0.931	60	3830	158038897	158039810	158041638	158042543	181988040	157924751	158174751	60	1932	905	1828	immediate
SUPER_1	94666087	94667677	IR	475	.	94666882	0.475	0.955	23	5067	94666087	94666307	94667457	94667677	181988040	94450729	94700729	23	3602	220	1150	immediate
SUPER_1	157995140	157997500	IR	472	.	157996298	0.472	0.805	38	2368	157995140	157995697	157997016	157997500	181988040	157974751	158224751	42	359	484	1319	immediate
SUPER_1	64771148	64771898	IR	472	.	64771523	0.472	0.957	23	72061	64771148	64771381	64771665	64771898	181988040	64626567	64876567	23	2415	233	284	immediate
SUPER_1	86774833	86777123	IR	471	.	86775840	0.471	0.836	58	2406	86774833	86775127	86776829	86777176	181988040	86655545	86905545	59	2007	294	1702	immediate
SUPER_1	157622050	157627926	IR	470	.	157625440	0.470	0.963	130	5878	157622050	157622853	157627123	157627947	181988040	157534421	157784421	0	1509	803	4270	spaced
SUPER_1	50122121	50122673	IR	470	.	50122397	0.470	1.000	49	103048	50122121	50122365	50122429	50122673	181988040	49944583	50194583	49	2963	244	64	immediate
SUPER_1	166943445	166944017	IR	468	.	166943731	0.468	0.990	33	37413	166943445	166943643	166943819	166944017	181988040	166824754	167074754	33	1982	198	176	immediate
SUPER_1	30909926	30912214	IR	468	.	30911156	0.468	0.814	29	45095	30909926	30910219	30911942	30912214	181988040	30752145	31002145	55	2648	272	1723	immediate
SUPER_1	162474449	162481864	IR	467	.	162478156	0.467	0.809	79	11243	162474449	162477772	162478541	162481889	181988040	162324951	162574951	79	2553	3323	769	immediate
SUPER_1	163562135	163571704	IR	466	.	163566920	0.466	0.790	88	11945	163562135	163566553	163567286	163571706	181988040	163338151	163588151	88	3812	4418	733	immediate
SUPER_1	16844512	16881144	IR	466	.	16863033	0.466	0.965	60	36915	16844512	16845190	16880469	16881144	181988040	16642188	16892188	60	3677	675	35279	spaced
SUPER_1	26452176	26454311	IR	466	.	26453161	0.466	0.868	21	2517	26452176	26452358	26454129	26454325	181988040	26264678	26514678	35	3142	182	1771	immediate
SUPER_1	62549861	62551905	IR	465	.	62550850	0.465	0.780	41	81975	62549861	62550343	62551423	62551964	181988040	62476567	62726567	60	1238	482	1080	immediate
SUPER_1	36478629	36663319	IR	464	.	36570668	0.464	0.887	508	184553	36478629	36493412	36648536	36663339	181988040	36448702	36698702	0	2037	14783	155124	wide
SUPER_1	103844866	103847050	IR	463	.	103845958	0.463	0.988	52	2193	103844866	103845195	103846721	103847050	181988040	103785082	104035082	52	1014	329	1526	immediate
SUPER_1	111866726	111867494	IR	461	.	111867110	0.461	0.898	58	11674	111866726	111867050	111867203	111867494	181988040	111643511	111893511	99	3726	291	153	immediate
SUPER_1	29242492	29394354	IR	461	.	29318423	0.461	0.395	24	151946	29242492	29318284	29318562	29394422	181988040	29169128	29419128	25	2488	75792	278	immediate
SUPER_1	79000159	79001716	IR	459	.	79000941	0.459	0.947	25	159616	79000159	79000425	79001457	79001716	181988040	78874252	79124252	25	2111	259	1032	immediate
SUPER_1	127730023	127733968	IR	457	.	127732400	0.457	0.965	59	3924	127730023	127730535	127733456	127733968	181988040	127531966	127781966	0	3333	512	2921	spaced
SUPER_1	165166876	165169345	IR	457	.	165168089	0.457	0.907	21	2465	165166876	165167240	165168983	165169345	181988040	164928973	165178973	45	3985	362	1743	immediate
SUPER_1	10291230	10294255	IR	455	.	10292662	0.455	0.859	54	3245	10291230	10291706	10293779	10294258	181988040	10191548	10441548	114	1686	476	2073	spaced
SUPER_1	130676244	130678472	IR	455	.	130677358	0.455	0.744	21	2311	130676244	130676783	130677933	130678544	181988040	130502795	130752795	21	2909	539	1150	immediate
SUPER_1	144862584	144865156	IR	455	.	144863870	0.455	0.757	20	2657	144862584	144863307	144864433	144865245	181988040	144661530	144911530	20	3372	723	1126	immediate
SUPER_1	114145388	114146046	IR	454	.	114145716	0.454	0.978	50	107355	114145388	114145654	114145780	114146048	181988040	114030991	114280991	76	1911	266	126	immediate
SUPER_1	89901995	89904328	IR	454	.	89903161	0.454	0.814	38	2687	89901995	89902290	89904033	89904372	181988040	89769884	90019884	80	2221	295	1743	immediate
SUPER_1	4776412	4795826	IR	453	.	4785680	0.453	0.448	58	19429	4776412	4784025	4788213	4795861	181988040	4729688	4979688	0	940	7613	4188	spaced
SUPER_1	105591673	105592291	IR	453	.	105591982	0.453	0.978	27	90987	105591673	105591905	105592059	105592291	181988040	105524949	105774949	27	1117	232	154	immediate
SUPER_1	55806659	55819003	IR	449	.	55812831	0.449	0.411	27	12411	55806659	55812633	55813029	55819075	181988040	55656324	55906324	27	2608	5974	396	immediate
SUPER_1	32356082	32357496	IR	448	.	32356789	0.448	1.000	27	98081	32356082	32356206	32357372	32357496	181988040	32239471	32489471	27	1955	124	1166	immediate
SUPER_1	27770148	27770645	IR	447	.	27770396	0.447	0.953	36	28580	27770148	27770340	27770460	27770645	181988040	27721241	27971241	36	819	185	120	immediate
SUPER_1	133423046	133487553	IR	447	.	133455391	0.447	0.923	34	64573	133423046	133423645	133486954	133487553	181988040	133244040	133494040	34	3520	599	63309	spaced
SUPER_1	115222005	115224451	IR	447	.	115223273	0.447	0.750	26	2565	115222005	115222270	115224186	115224521	181988040	115172142	115422142	30	851	265	1916	immediate
SUPER_1	137791861	137792494	IR	445	.	137792178	0.445	0.972	34	71347	137791861	137792111	137792244	137792496	181988040	137707584	137927044	34	1409	250	133	immediate
SUPER_1	105904528	105906497	IR	445	.	105905529	0.445	0.859	27	2032	105904528	105904838	105906220	105906497	181988040	105833719	106083719	27	1196	277	1382	immediate
SUPER_1	112722602	112723080	IR	445	.	112722841	0.445	1.000	24	57591	112722602	112722743	112722939	112723080	181988040	112569964	112819964	24	2547	141	196	immediate
SUPER_1	38853445	38857305	IR	443	.	38855021	0.443	0.795	32	3847	38853445	38854519	38856231	38857310	181988040	38610291	38860291	0	4084	1074	1712	immediate
SUPER_1	150747536	150749846	IR	443	.	150748707	0.443	0.810	21	2330	150747536	150747825	150749589	150749846	181988040	150548561	150798561	30	3335	257	1764	immediate
SUPER_1	161152122	161154032	IR	441	.	161153077	0.441	0.930	66	172720	161152122	161152605	161153577	161154032	181988040	161029758	161279758	74	2055	455	972	immediate
SUPER_1	173644084	173646409	IR	441	.	173645172	0.441	0.727	33	3942	173644084	173644373	173646173	173646409	181988040	173400005	173650005	68	4087	236	1800	immediate
SUPER_1	63455962	63669730	IR	440	.	63562891	0.440	0.383	22	213751	63455962	63562353	63563429	63669730	181988040	63426567	63676567	25	2271	106301	1076	immediate
SUPER_1	69390731	69553405	IR	437	.	69472359	0.437	0.993	57	162648	69390731	69391034	69553102	69553406	181988040	69326086	69576086	0	2432	303	162068	wide
SUPER_1	146603858	146605149	IR	436	.	146604504	0.436	0.983	68	12016	146603858	146604257	146604750	146605150	181988040	146411530	146661530	68	3216	399	493	immediate
SUPER_1	96732128	96735054	IR	435	.	96734068	0.435	0.961	34	2909	96732128	96732460	96734722	96735054	181988040	96521230	96771230	0	3539	332	2262	spaced
SUPER_1	145794317	145797280	IR	434	.	145795783	0.434	0.957	84	3044	145794317	145794838	145796759	145797294	181988040	145561530	145811530	102	3904	521	1921	immediate
SUPER_1	153014972	153203502	IR	434	.	153109714	0.434	0.000	25	188506	153014972	153014996	153203478	153203594	181988040	152987306	153237306	0	2032	24	188482	wide
SUPER_1	157497897	157500698	IR	433	.	157499314	0.433	0.824	31	3103	157497897	157498391	157500204	157500723	181988040	157284421	157534421	70	3581	494	1813	immediate
SUPER_1	128189605	128287328	IR	432	.	128238660	0.432	0.927	106	97841	128189605	128191064	128285886	128287328	181988040	128101384	128351384	106	2284	1442	94822	spaced
SUPER_1	68817962	68821054	IR	432	.	68819467	0.432	0.789	73	3136	68817962	68818523	68820582	68821054	181988040	68665224	68915224	76	2571	472	2059	spaced
SUPER_1	11672044	11674843	IR	431	.	11673444	0.431	0.992	95	2861	11672044	11672567	11674321	11674843	181988040	11441548	11691548	95	3864	522	1754	immediate
SUPER_1	72778194	72780329	IR	430	.	72779262	0.430	0.997	75	2188	72778194	72778587	72779937	72780329	181988040	72570573	72810393	75	3478	392	1350	immediate
SUPER_1	75874660	75875134	IR	430	.	75874897	0.430	0.985	37	61441	75874660	75874863	75874931	75875134	181988040	75808425	76058425	37	1107	203	68	immediate
SUPER_1	45011498	45014061	IR	430	.	45012672	0.430	0.905	30	2764	45011498	45011738	45013829	45014061	181988040	44819777	45069777	62	3216	232	2091	spaced
SUPER_1	30578158	30579682	IR	427	.	30578920	0.427	0.933	20	10622	30578158	30578440	30579400	30579682	181988040	30352145	30602145	20	3779	282	960	immediate
SUPER_1	67436392	67438781	IR	426	.	67437583	0.426	0.814	25	2390	67436392	67436678	67438495	67438829	181988040	67306403	67556403	51	2186	286	1817	immediate
SUPER_1	103430128	103430943	IR	425	.	103430530	0.425	0.869	36	140597	103430128	103430418	103430653	103430956	181988040	103283549	103533549	36	2449	290	235	immediate
SUPER_1	84777185	84781037	IR	425	.	84779111	0.425	0.837	25	4119	84777185	84778316	84779906	84781041	181988040	84579590	84829590	25	3325	1131	1590	immediate
SUPER_1	143913457	143916156	IR	424	.	143914829	0.424	0.855	49	145676	143913457	143913924	143915689	143916208	181988040	143761530	144011530	73	2554	467	1765	immediate
SUPER_1	116587897	116625624	IR	423	.	116606689	0.423	0.401	64	37880	116587897	116605667	116607854	116625724	181988040	116424346	116674346	65	3040	17770	2187	spaced
SUPER_1	104084918	104085661	IR	423	.	104085273	0.423	0.982	50	30126	104084918	104085198	104085381	104085661	181988040	103935082	104144630	109	2503	280	183	immediate
SUPER_1	164066287	164068825	IR	421	.	164067556	0.421	0.912	88	2660	164066287	164066913	164068199	164068869	181988040	163928973	164178973	92	2309	626	1286	immediate
SUPER_1	118946898	118949646	IR	421	.	118948272	0.421	0.936	31	2872	118946898	118947318	118949226	118949646	181988040	118707378	118957378	31	4014	420	1908	immediate
SUPER_1	96210751	96213275	IR	420	.	96211874	0.420	0.981	32	2527	96210751	96210962	96213064	96213275	181988040	95986664	96236664	32	3755	211	2102	spaced
SUPER_1	70323716	70327295	IR	420	.	70325511	0.420	0.846	22	3581	70323716	70324956	70326071	70327295	181988040	70126086	70376086	22	3323	1224	1115	immediate
SUPER_1	41427009	41429578	IR	418	.	41428298	0.418	0.864	33	108764	41427009	41427635	41428961	41429578	181988040	41315717	41565717	33	1876	617	1326	immediate
SUPER_1	35211161	35300403	IR	417	.	35255659	0.417	0.405	28	89324	35211161	35249905	35261663	35300403	181988040	35172530	35422530	70	1387	38740	11758	spaced
SUPER_1	66388851	66391624	IR	417	.	66390105	0.417	0.940	25	2762	66388851	66389017	66391465	66391624	181988040	66187515	66437515	26	3378	159	2448	spaced
SUPER_1	37387345	37460161	IR	416	.	37423541	0.416	0.436	28	125655	37387345	37396791	37450715	37460183	181988040	37298702	37548702	39	2084	9446	53924	spaced
SUPER_1	53459904	53481486	IR	416	.	53470707	0.416	0.393	25	102261	53459904	53470607	53470807	53481486	181988040	53324367	53574367	25	2438	10679	200	immediate
SUPER_1	129009579	129011709	IR	415	.	129010644	0.415	0.994	65	2201	129009579	129009923	129011366	129011709	181988040	128801384	129051384	65	3487	343	1443	immediate
SUPER_1	174774131	174776495	IR	415	.	174775330	0.415	0.895	51	2440	174774131	174774579	174776081	174776495	181988040	174577522	174827522	51	3296	414	1502	immediate
SUPER_1	178009841	178012147	IR	415	.	178010931	0.415	0.702	51	2396	178009841	178010865	178011175	178012147	181988040	177837022	178087022	61	2899	972	310	immediate
SUPER_1	54948376	54949044	IR	415	.	54948710	0.415	0.810	33	34658	54948376	54948565	54948890	54949044	181988040	54756324	55006324	61	3206	154	325	immediate
SUPER_1	72852087	72854504	IR	415	.	72853409	0.415	0.848	25	2455	72852087	72852278	72854328	72854504	181988040	72810593	73060593	53	711	176	2050	spaced
SUPER_1	4927904	4932016	IR	413	.	4930109	0.413	0.918	88	4183	4927904	4928712	4931245	4932016	181988040	4829688	5079688	89	1671	771	2533	spaced
SUPER_1	141457353	141464239	IR	413	.	141460796	0.413	0.600	50	7225	141457353	141460069	141461523	141464256	181988040	141325775	141575775	50	2250	2716	1454	immediate
SUPER_1	55943650	55944250	IR	412	.	55943950	0.412	0.979	38	21529	55943650	55943887	55944015	55944250	181988040	55907253	56012847	38	611	235	128	immediate
SUPER_1	161686255	161707961	IR	411	.	161697108	0.411	0.401	54	25629	161686255	161696842	161697374	161707981	181988040	161574951	161824951	55	2035	10587	532	immediate
SUPER_1	36372092	36375578	IR	411	.	36373917	0.411	0.802	26	3517	36372092	36372720	36374950	36375597	181988040	36298702	36548702	26	1252	628	2230	spaced
SUPER_1	58195241	58198045	IR	410	.	58196643	0.410	0.998	114	2921	58195241	58195756	58197530	58198046	181988040	57963047	58213047	114	3893	515	1774	immediate
SUPER_1	76431929	76434935	IR	410	.	76433399	0.410	0.882	84	3059	76431929	76432600	76434288	76434935	181988040	76308425	76558425	96	2083	647	1688	immediate
SUPER_1	29610781	29613142	IR	410	.	29611894	0.410	0.975	61	2372	29610781	29611217	29612709	29613142	181988040	29541136	29791136	68	1180	433	1492	immediate
SUPER_1	132515706	132518664	IR	409	.	132517140	0.409	0.968	74	3078	132515706	132516327	132518043	132518665	181988040	132494040	132744040	85	385	621	1716	immediate
SUPER_1	169384201	169386574	IR	408	.	169385388	0.408	0.971	34	2374	169384201	169384441	169386335	169386574	181988040	169144889	169394889	34	4008	239	1894	immediate
SUPER_1	179190790	179192986	IR	407	.	179191667	0.407	0.808	41	2257	179190790	179191534	179192282	179192986	181988040	179068861	179318861	15	2050	704	748	immediate
SUPER_1	31727494	31762634	IR	407	.	31745064	0.407	0.409	23	36039	31727494	31745007	31745121	31762706	181988040	31589471	31839471	24	2593	17513	114	immediate
SUPER_1	30861807	30876136	IR	407	.	30868975	0.407	0.682	21	14325	30861807	30862677	30875266	30876141	181988040	30652145	30902145	21	3613	870	12589	spaced
SUPER_1	21183309	21399562	IR	406	.	21291433	0.406	0.391	33	216313	21183309	21290676	21292223	21399562	181988040	21155431	21405431	41	2266	107339	1547	immediate
SUPER_1	29119071	29137242	IR	405	.	29128014	0.405	0.790	33	41483	29119071	29119221	29137092	29137278	181988040	28969128	29219128	92	2650	150	17871	spaced
SUPER_1	141632445	141632825	IR	405	.	141632635	0.405	1.000	24	13437	141632445	141632568	141632702	141632825	181988040	141425775	141675775	24	3447	123	134	immediate
SUPER_1	137559698	137560305	IR	403	.	137559998	0.403	0.915	34	83231	137559698	137559946	137560057	137560308	181988040	137407584	137657584	36	2540	248	111	immediate
SUPER_1	130589378	130593676	IR	403	.	130591955	0.403	0.902	31	4281	130589378	130590209	130592845	130593684	181988040	130352795	130602795	0	3978	831	2636	spaced
SUPER_1	80479816	80481715	IR	402	.	80480948	0.402	0.993	57	20991	80479816	80480109	80481422	80481715	181988040	80443556	80693556	59	620	293	1313	immediate
SUPER_1	109328305	109344213	IR	402	.	109336486	0.402	0.874	56	16069	109328305	109329569	109342956	109344213	181988040	109328204	109578204	56	134	1257	13387	spaced
SUPER_1	46047836	46048148	IR	402	.	46047992	0.402	1.000	23	13039	46047836	46047949	46048035	46048148	181988040	45901110	46151110	23	2447	113	86	immediate
SUPER_1	160537240	160699423	IR	402	.	160618344	0.402	0.393	23	162326	160537240	160618231	160618457	160699423	181988040	160528588	160778588	23	1495	80966	226	immediate
SUPER_1	14637777	14644338	IR	402	.	14641112	0.402	0.955	22	6632	14637777	14638069	14644046	14644338	181988040	14434299	14684299	22	3445	292	5977	spaced
SUPER_1	35000282	35002100	IR	401	.	35001191	0.401	0.961	66	45871	35000282	35000660	35001724	35002100	181988040	34805142	35055142	74	3267	376	1064	immediate
SUPER_1	55028768	55029733	IR	401	.	55029251	0.401	0.981	35	64777	55028768	55029029	55029473	55029733	181988040	54906324	55156324	35	2048	260	444	immediate
SUPER_1	152031618	152034627	IR	401	.	152032947	0.401	0.867	31	3343	152031618	152032026	152034219	152034649	181988040	151895923	152069330	49	2286	408	2193	spaced
SUPER_1	78841781	78842401	IR	401	.	78842091	0.401	0.947	28	89211	78841781	78842007	78842184	78842401	181988040	78674252	78924252	28	2797	217	177	immediate
SUPER_1	22312318	22314808	IR	401	.	22313563	0.401	0.917	24	2813	22312318	22312736	22314390	22314814	181988040	22113420	22363420	24	3335	418	1654	immediate
SUPER_1	8385600	8388033	IR	400	.	8386885	0.400	0.690	27	2516	8385600	8385831	8387802	8388061	181988040	8351595	8601595	36	586	231	1971	immediate
SUPER_1	176599555	176602861	IR	397	.	176601229	0.397	0.920	82	3379	176599555	176600162	176602254	176602871	181988040	176458211	176708211	105	2383	607	2092	spaced
SUPER_1	105463869	105468202	IR	395	.	105466360	0.395	0.890	37	4303	105463869	105464675	105467426	105468202	181988040	105274949	105524949	0	3184	776	2751	spaced
SUPER_1	133783911	133786239	IR	394	.	133785075	0.394	0.880	31	5476	133783911	133784259	133785891	133786258	181988040	133544040	133794040	31	4017	348	1632	immediate
SUPER_1	69899224	69931661	IR	393	.	69915629	0.393	0.999	389	32788	69899224	69900951	69929934	69931661	181988040	69726086	69976086	389	3155	1727	28983	spaced
SUPER_1	23459990	23462621	IR	392	.	23461306	0.392	0.979	88	75906	23459990	23460561	23462050	23462621	181988040	23318620	23564478	88	2377	571	1489	immediate
SUPER_1	60713621	60716164	IR	390	.	60714947	0.390	0.770	33	2548	60713621	60714572	60715323	60716164	181988040	60520841	60770841	33	3234	841	751	immediate
SUPER_1	68450133	68452759	IR	388	.	68451446	0.388	0.912	52	2960	68450133	68450880	68452012	68452763	181988040	68315224	68565224	52	2270	747	1132	immediate
SUPER_1	13212487	13402231	IR	387	.	13306998	0.387	0.987	107	189728	13212487	13213232	13401486	13402234	181988040	13184682	13434682	0	2044	745	188254	wide
SUPER_1	34651031	34653375	IR	387	.	34652341	0.387	0.946	48	2384	34651031	34651459	34652947	34653388	181988040	34519260	34704942	69	2215	428	1488	immediate
SUPER_1	9815523	9950679	IR	387	.	9882737	0.387	0.813	44	135131	9815523	9816424	9949778	9950789	181988040	9741548	9991548	0	2359	901	133354	wide
SUPER_1	49111969	49190035	IR	387	.	49151002	0.387	0.387	24	78343	49111969	49150639	49151365	49190106	181988040	48967498	49217498	28	3058	38670	726	immediate
SUPER_1	77172530	77324567	IR	387	.	77248273	0.387	0.734	24	152015	77172530	77172816	77324340	77324567	181988040	77108425	77358425	0	2335	227	151524	wide
SUPER_1	161260636	161261321	IR	386	.	161260962	0.386	1.000	67	12944	161260636	161260922	161261035	161261321	181988040	161079758	161324751	84	3020	286	113	immediate
SUPER_1	7609984	7612435	IR	386	.	7611210	0.386	0.956	56	2484	7609984	7610322	7612101	7612435	181988040	7501595	7751595	56	1826	334	1779	immediate
SUPER_1	5565422	5590140	IR	386	.	5577289	0.386	0.592	26	24696	5565422	5569873	5585720	5590140	181988040	5543611	5793611	0	569	4420	15847	spaced
SUPER_1	56883875	56914799	IR	384	.	56899234	0.384	1.000	269	31196	56883875	56885028	56913646	56914799	181988040	56713047	56963047	269	3104	1153	28618	spaced
SUPER_1	125112876	125117155	IR	384	.	125114959	0.384	0.900	48	4691	125112876	125113901	125116139	125117155	181988040	124966893	125216893	48	2468	1016	2238	spaced
SUPER_1	54740100	54846765	IR	384	.	54793430	0.384	0.399	26	131983	54740100	54792826	54794039	54846779	181988040	54706324	54956324	37	1451	52726	1213	immediate
SUPER_1	137363959	137366115	IR	381	.	137365037	0.381	0.990	34	2184	137363959	137364157	137365918	137366115	181988040	137157584	137407584	34	3457	197	1761	immediate
SUPER_1	20542971	20544439	IR	381	.	20543705	0.381	1.000	24	16440	20542971	20543093	20544317	20544439	181988040	20416704	20666704	25	2116	122	1224	immediate
SUPER_1	129554910	129558232	IR	378	.	129556571	0.378	0.999	157	3455	129554910	129555603	129557539	129558232	181988040	129351384	129588222	157	3419	693	1936	immediate
SUPER_1	133887702	133890627	IR	378	.	133889163	0.378	0.971	106	3031	133887702	133888238	133890091	133890634	181988040	133644040	133894040	106	4085	536	1853	immediate
SUPER_1	150100948	150281125	IR	376	.	150191256	0.376	0.928	28	180256	150100948	150101217	150280856	150281134	181988040	150035065	150285065	28	2599	269	179639	wide
SUPER_1	25851999	25854425	IR	375	.	25853212	0.375	0.956	45	2472	25851999	25852283	25854141	25854437	181988040	25614678	25864678	45	3975	284	1858	immediate
SUPER_1	39939093	39949104	IR	375	.	39944424	0.375	0.996	39	9982	39939093	39939348	39948849	39949104	181988040	39728517	39978517	0	3592	255	9501	spaced
SUPER_1	140133566	140136763	IR	373	.	140135098	0.373	0.998	134	3349	140133566	140134164	140136165	140136764	181988040	140071575	140321575	152	1059	598	2001	spaced
SUPER_1	71028400	71029078	IR	372	.	71028739	0.372	1.000	25	54075	71028400	71028535	71028943	71029078	181988040	70926086	71176086	25	1710	135	408	immediate
SUPER_1	131016523	131024438	IR	371	.	131020478	0.371	0.467	46	7968	131016523	131020231	131020730	131024438	181988040	130802795	131052795	46	3627	3708	499	immediate
SUPER_1	51366598	51367909	IR	371	.	51367253	0.371	0.976	35	73289	51366598	51366843	51367665	51367909	181988040	51199149	51449149	35	2801	244	822	immediate
SUPER_1	103736927	103753421	IR	370	.	103744886	0.370	0.979	147	16330	103736927	103737928	103752420	103753421	181988040	103535082	103785082	0	3501	1001	14492	spaced
SUPER_1	144055614	144219927	IR	370	.	144137925	0.370	0.989	42	164330	144055614	144055883	144219658	144219927	181988040	144011530	144261530	42	2103	269	163775	wide
SUPER_1	145536633	145542372	IR	370	.	145539529	0.370	0.854	27	6059	145536633	145538405	145540615	145542372	181988040	145311530	145561530	27	3799	1757	2210	spaced
SUPER_1	77862509	77878020	IR	369	.	77869907	0.369	0.985	714	15476	77862509	77867707	77872822	77878030	181988040	77708425	77958425	0	2697	5198	5115	spaced
SUPER_1	169839	211399	IR	369	.	190575	0.369	0.923	65	41599	169839	170471	210785	211399	181988040	50000	300000	65	2343	614	40314	spaced
SUPER_1	134283625	134286109	IR	369	.	134284867	0.369	1.000	65	2539	134283625	134283933	134285801	134286109	181988040	134044040	134294040	69	4013	308	1868	immediate
SUPER_1	160701183	160723873	IR	369	.	160712529	0.369	0.406	39	22883	160701183	160712411	160712648	160723873	181988040	160628588	160878588	40	1398	11225	237	immediate
SUPER_1	55404206	55407432	IR	369	.	55406328	0.369	0.768	28	3131	55404206	55404490	55407213	55407432	181988040	55256324	55506324	0	2491	219	2723	spaced
SUPER_1	49190004	49256363	IR	369	.	49222685	0.369	0.858	23	66283	49190004	49190567	49255827	49256363	181988040	49117498	49367498	0	1761	536	65260	spaced
SUPER_1	9340153	9354864	IR	369	.	9347428	0.369	0.945	22	14750	9340153	9340373	9354645	9354864	181988040	9141548	9391548	22	3432	219	14272	spaced
SUPER_1	17299429	17462309	IR	368	.	17380864	0.368	0.832	40	169484	17299429	17299648	17462090	17462343	181988040	17242188	17492188	99	2311	219	162442	wide
SUPER_1	55193086	55193336	IR	368	.	55193211	0.368	1.000	25	13462	55193086	55193205	55193217	55193336	181988040	55006324	55256324	25	3114	119	12	immediate
SUPER_1	81751563	81753652	IR	367	.	81752846	0.367	0.958	69	2071	81751563	81752470	81752745	81753652	181988040	81545922	81795922	0	3444	907	275	immediate
SUPER_1	26995431	26996367	IR	367	.	26995901	0.367	0.970	38	45700	26995431	26995701	26996102	26996367	181988040	26815239	27065239	39	3010	265	401	immediate
SUPER_1	9627045	9641756	IR	367	.	9634320	0.367	0.945	22	14750	9627045	9627265	9641537	9641756	181988040	9491548	9741548	22	2380	219	14272	spaced
SUPER_1	10814139	11000063	IR	367	.	10907376	0.367	0.909	21	185907	10814139	10814503	10999700	11000063	181988040	10791548	11041548	0	1925	363	185197	wide
SUPER_1	16008618	16024829	IR	367	.	16016632	0.367	0.777	21	16379	16008618	16008970	16024477	16024881	181988040	15792188	16042188	35	3742	352	15507	spaced
SUPER_1	154586843	154617506	IR	366	.	154602536	0.366	0.912	368	30665	154586843	154591254	154613095	154617529	181988040	154408597	154658597	0	3226	4411	21841	spaced
SUPER_1	154721294	154725232	IR	366	.	154722908	0.366	0.899	73	3913	154721294	154722776	154723770	154725232	181988040	154658597	154908597	0	1077	1462	994	immediate
SUPER_1	146250930	146407148	IR	366	.	146328943	0.366	0.972	60	156263	146250930	146251364	146406714	146407150	181988040	146211530	146461530	63	1958	434	155350	wide
SUPER_1	6590139	6626410	IR	366	.	6608428	0.366	0.845	31	36358	6590139	6590586	6625963	6626415	181988040	6410247	6660247	84	3300	447	35377	spaced
SUPER_1	30690135	30690738	IR	366	.	30690436	0.366	0.975	31	187669	30690135	30690374	30690499	30690738	181988040	30552145	30802145	31	2304	239	125	immediate
SUPER_1	20351506	20482573	IR	366	.	20417037	0.366	0.753	21	131168	20351506	20351753	20482376	20482573	181988040	20266704	20516704	43	2505	197	130623	wide
SUPER_1	25655157	25810120	IR	366	.	25732866	0.366	0.397	20	154957	25655157	25711459	25753818	25810127	181988040	25614678	25864678	13	1965	56302	42359	spaced
SUPER_1	156990462	157026335	IR	365	.	157008626	0.365	0.026	56	39718	156990462	156990481	157026316	157026368	181988040	156834421	157084421	4	2899	19	35835	spaced
SUPER_1	155216084	155271500	IR	364	.	155243452	0.364	0.401	112	55403	155216084	155243476	155244108	155271505	181988040	155091923	155341923	0	2531	27392	632	immediate
SUPER_1	171154780	171341059	IR	364	.	171248020	0.364	0.828	25	186375	171154780	171155123	171340716	171341097	181988040	171135887	171385887	25	1867	343	185593	wide
SUPER_1	94436171	94446487	IR	364	.	94441058	0.364	0.523	21	10293	94436171	94438917	94443771	94446487	181988040	94300729	94550729	0	2343	2716	4854	spaced
SUPER_1	161607717	161670894	IR	364	.	161638772	0.364	0.467	21	63070	161607717	161610294	161668317	161670908	181988040	161524951	161774951	0	1905	2577	58023	spaced
SUPER_1	153458563	153493120	IR	363	.	153476031	0.363	0.862	132	34962	153458563	153461524	153490243	153493120	181988040	153287306	153537306	134	3142	2877	28719	spaced
SUPER_1	86609350	86609952	IR	363	.	86609651	0.363	0.869	23	95864	86609350	86609528	86609774	86609973	181988040	86455545	86705545	23	2568	178	246	immediate
SUPER_1	134562110	134626189	IR	362	.	134593691	0.362	0.849	57	64061	134562110	134564483	134623836	134626189	181988040	134399200	134649200	0	3249	2353	59353	spaced
SUPER_1	18922738	18998184	IR	362	.	18960149	0.362	0.956	28	75428	18922738	18923051	18997871	18998186	181988040	18848504	19098504	0	1865	313	74820	spaced
SUPER_1	12084679	12163365	IR	361	.	12123566	0.361	1.000	4044	78664	12084679	12106829	12141215	12163365	181988040	11941548	12191548	0	3041	22150	34386	spaced
SUPER_1	104763762	104769523	IR	360	.	104766362	0.360	1.000	197	5740	104763762	104764875	104768410	104769523	181988040	104521117	104771117	0	4091	1113	3535	spaced
SUPER_1	100725845	100728547	IR	360	.	100727196	0.360	0.993	83	2818	100725845	100726276	100728116	100728547	181988040	100512312	100762312	83	3581	431	1840	immediate
SUPER_1	98045879	98047620	IR	360	.	98046687	0.360	1.000	63	48683	98045879	98046136	98047363	98047620	181988040	97855809	98105809	63	3182	257	1227	immediate
SUPER_1	93797373	93832648	IR	360	.	93815424	0.360	0.797	43	35197	93797373	93799659	93830369	93832648	181988040	93651112	93899536	0	2731	2279	30710	spaced
SUPER_1	24671821	24676134	IR	360	.	24673848	0.360	0.877	38	4334	24671821	24672400	24675555	24676137	181988040	24464678	24714678	38	3488	579	3155	spaced
SUPER_1	155413594	155418765	IR	359	.	155416062	0.359	0.873	51	5396	155413594	155414358	155418001	155418795	181988040	155400472	155650472	51	261	764	3643	spaced
SUPER_1	38512894	38515949	IR	358	.	38514583	0.358	0.879	35	3077	38512894	38513559	38515284	38515955	181988040	38429462	38610091	35	1415	665	1725	immediate
SUPER_1	125857690	125917317	IR	358	.	125887651	0.358	0.853	32	59771	125857690	125858234	125916773	125917380	181988040	125716893	125966893	32	2843	544	58539	spaced
SUPER_1	166789661	166857007	IR	357	.	166823550	0.357	0.934	149	67669	166789661	166790967	166855719	166857007	181988040	166774754	167024754	149	809	1288	64752	spaced
SUPER_1	91824754	91908069	IR	357	.	91866847	0.357	0.980	33	83292	91824754	91825009	91907814	91908070	181988040	91686552	91936552	0	2997	255	82805	spaced
SUPER_1	109381906	109387055	IR	356	.	109384615	0.356	0.769	32	5313	109381906	109382334	109386628	109387055	181988040	109378204	109627204	32	104	427	4294	spaced
SUPER_1	27136669	27210354	IR	356	.	27173842	0.356	0.390	31	73635	27136669	27173486	27173599	27210354	181988040	27065239	27315239	0	1804	36755	113	immediate
SUPER_1	53897295	53936617	IR	356	.	53916589	0.356	0.870	31	39302	53897295	53897879	53936047	53936617	181988040	53763562	54013562	0	2556	570	38168	spaced
SUPER_1	167442337	167446052	IR	356	.	167444201	0.356	0.610	28	3851	167442337	167443794	167444595	167446128	181988040	167224754	167474754	28	3657	1457	801	immediate
SUPER_1	53195081	53200369	IR	355	.	53197493	0.355	0.983	120	5434	53195081	53195725	53199725	53200374	181988040	53174367	53424367	120	389	644	4000	spaced
SUPER_1	141303647	141314588	IR	355	.	141309178	0.355	0.954	105	11056	141303647	141304872	141313363	141314588	181988040	141275775	141525775	105	555	1225	8491	spaced
SUPER_1	100929168	100930113	IR	355	.	100929637	0.355	0.828	50	43063	100929168	100929546	100929735	100930169	181988040	100812312	101062312	53	1955	378	189	immediate
SUPER_1	151704321	151714293	IR	355	.	151709414	0.355	0.822	46	51048	151704321	151705003	151713684	151714293	181988040	151653972	151895723	46	922	609	8681	spaced
SUPER_1	124301525	124306674	IR	355	.	124304234	0.355	0.769	32	5313	124301525	124301953	124306247	124306674	181988040	124151568	124401568	32	2542	427	4294	spaced
SUPER_1	20204534	20245071	IR	355	.	20224667	0.355	0.780	22	40612	20204534	20205107	20244498	20245071	181988040	20016704	20266704	22	3468	573	39391	spaced
SUPER_1	156085297	156092020	IR	355	.	156089132	0.355	0.749	21	6701	156085297	156085592	156091794	156092020	181988040	155903050	156110093	0	3093	226	6202	spaced
SUPER_1	171700756	171705834	IR	355	.	171703161	0.355	0.754	21	5064	171700756	171701156	171705434	171705834	181988040	171685887	171935887	21	289	400	4278	spaced
SUPER_1	39069232	39182987	IR	354	.	39126389	0.354	0.961	261	113730	39069232	39071558	39180675	39182987	181988040	39028517	39278517	0	1626	2312	109117	wide
SUPER_1	10069350	10186643	IR	354	.	10128460	0.354	0.409	258	65186	10069350	10122932	10133068	10186643	181988040	9941548	10191548	0	3107	53575	10136	spaced
SUPER_1	19930230	19933187	IR	354	.	19931728	0.354	1.000	107	3033	19930230	19930665	19932752	19933187	181988040	19748504	19998504	107	3053	435	2087	spaced
SUPER_1	88126295	88129774	IR	354	.	88128325	0.354	0.921	83	3495	88126295	88126892	88129177	88129819	181988040	87909745	88159745	0	3638	597	2285	spaced
SUPER_1	5291512	5511963	IR	354	.	5402075	0.354	0.888	65	220399	5291512	5293745	5509730	5511992	181988040	5288379	5538379	0	1889	2233	215985	wide
SUPER_1	81497281	81499487	IR	354	.	81498017	0.354	0.987	35	2188	81497281	81497518	81499251	81499487	181988040	81345922	81595922	0	2540	236	1733	immediate
SUPER_1	2406434	2613088	IR	354	.	2509437	0.354	0.600	30	206668	2406434	2406519	2613003	2613148	181988040	2367047	2617047	0	2378	85	206484	wide
SUPER_1	145070011	145070626	IR	354	.	145070318	0.354	0.974	27	38876	145070011	145070204	145070433	145070626	181988040	144961530	145211530	27	1813	193	229	immediate
SUPER_1	19670422	19809576	IR	353	.	19739788	0.353	0.874	26	139158	19670422	19670979	19809020	19809576	181988040	19598504	19848504	26	2358	556	138041	wide
SUPER_1	135685270	135688046	IR	353	.	135686811	0.353	0.695	26	2840	135685270	135685698	135687704	135688046	181988040	135499200	135749200	26	3124	342	2006	spaced
SUPER_1	169855812	169868760	IR	352	.	169862282	0.352	0.925	188	90750	169855812	169858514	169866065	169868760	181988040	169744889	169994889	188	1956	2695	7551	spaced
SUPER_1	180369775	180514068	IR	352	.	180441795	0.352	0.938	151	146354	180369775	180371686	180512157	180514068	181988040	180268861	180518861	151	2884	1911	140471	wide
SUPER_1	86192153	86195202	IR	352	.	86193678	0.352	0.956	74	3152	86192153	86193039	86194316	86195202	181988040	86169863	86272288	74	396	886	1277	immediate
SUPER_1	178696326	178763906	IR	352	.	178730422	0.352	0.945	44	67562	178696326	178696967	178763269	178763906	181988040	178668861	178918861	0	1020	637	66302	spaced
SUPER_1	138439064	138548162	IR	352	.	138493750	0.352	0.495	41	152604	138439064	138443760	138543466	138548183	181988040	138377244	138627244	41	1939	4696	99706	spaced
SUPER_1	47491144	47491753	IR	352	.	47491449	0.352	0.977	39	7077	47491144	47491405	47491493	47491753	181988040	47306298	47556298	39	3085	260	88	immediate
SUPER_1	181794613	181802279	IR	352	.	181798958	0.352	0.687	39	7703	181794613	181795944	181800948	181802339	181988040	181687059	181937059	0	1856	1331	5004	spaced
SUPER_1	141713294	141836112	IR	352	.	141775017	0.352	0.870	24	122725	141713294	141713591	141835815	141836138	181988040	141675775	141925775	0	1648	297	122224	wide
SUPER_1	90995271	91009554	IR	351	.	91002765	0.351	0.992	350	14265	90995271	90997365	91007466	91009554	181988040	90836552	91086552	0	2764	2088	10101	spaced
SUPER_1	76674570	76697700	IR	351	.	76686012	0.351	0.931	31	23232	76674570	76675091	76697181	76697700	181988040	76458425	76708425	31	3795	519	22090	spaced
SUPER_1	35436128	35486336	IR	351	.	35461724	0.351	0.430	23	50105	35436128	35449232	35473232	35486426	181988040	35372530	35622530	0	1478	13104	24000	spaced
SUPER_1	153897110	153898083	IR	351	.	153897663	0.351	1.000	23	7284	153897110	153897216	153897977	153898083	181988040	153890508	154122607	23	118	106	761	immediate
SUPER_1	165515858	165525087	IR	350	.	165520226	0.350	0.991	483	9794	165515858	165518224	165522721	165525087	181988040	165444173	165694173	483	1271	2366	4497	spaced
SUPER_1	28425571	28435811	IR	350	.	28430218	0.350	0.960	102	10217	28425571	28426443	28434939	28435811	181988040	28221241	28471241	0	3490	872	8496	spaced
SUPER_1	127529108	127531434	IR	350	.	127530287	0.350	0.975	96	2413	127529108	127529592	127530954	127531434	181988040	127281966	127531966	96	4138	480	1362	immediate
SUPER_1	179568555	179571919	IR	350	.	179570235	0.350	0.895	56	3492	179568555	179569424	179571081	179571919	181988040	179368861	179618861	56	3356	838	1657	immediate
SUPER_1	147733331	147829785	IR	350	.	147781654	0.350	0.620	53	96954	147733331	147737603	147825592	147829785	181988040	147615635	147865635	53	2765	4193	87989	spaced
SUPER_1	133694035	133706526	IR	350	.	133699913	0.350	0.967	28	12463	133694035	133694311	133706250	133706526	181988040	133494040	133744040	0	3437	276	11939	spaced
SUPER_1	62591564	62666513	IR	350	.	62629507	0.350	0.441	20	74931	62591564	62596935	62661192	62666513	181988040	62576567	62826567	0	874	5321	64257	spaced
SUPER_1	173906183	173995788	IR	349	.	173950582	0.349	0.933	99	89531	173906183	173907566	173994405	173995806	181988040	173750005	174000005	0	3349	1383	86839	spaced
SUPER_1	148589625	148643686	IR	349	.	148617129	0.349	0.867	96	54033	148589625	148590580	148642830	148643686	181988040	148441861	148691861	0	2913	856	52250	spaced
SUPER_1	91336938	91565126	IR	349	.	91451110	0.349	0.771	46	228371	91336938	91337482	91564596	91565126	181988040	91336552	91586552	46	1907	530	227114	wide
SUPER_1	167586421	167602001	IR	349	.	167594586	0.349	0.419	29	8816	167586421	167593534	167594909	167602001	181988040	167374754	167624754	0	3657	7092	1375	immediate
SUPER_1	39731576	39739374	IR	348	.	39735667	0.348	0.992	206	8006	39731576	39732546	39738404	39739374	181988040	39528517	39778517	206	3449	970	5858	spaced
SUPER_1	100302061	100305389	IR	348	.	100303365	0.348	0.865	85	3342	100302061	100302777	100304673	100305425	181988040	100112312	100362312	0	3190	716	1896	immediate
SUPER_1	98314524	98328693	IR	348	.	98321766	0.348	0.411	74	21310	98314524	98321051	98322166	98328765	181988040	98155809	98405809	74	2763	6527	1115	immediate
SUPER_1	88394793	88526026	IR	348	.	88460696	0.348	0.908	56	131204	88394793	88396023	88524796	88526026	181988040	88386406	88636406	0	1233	1230	128773	wide
SUPER_1	27518064	27518887	IR	348	.	27518587	0.348	1.000	52	11282	27518064	27518304	27518647	27518887	181988040	27315239	27565239	52	3387	240	343	immediate
SUPER_1	2641621	2658678	IR	348	.	2650051	0.348	0.960	35	20969	2641621	2641972	2658327	2658679	181988040	2467047	2717047	35	3051	351	16355	spaced
SUPER_1	138186847	138375780	IR	348	.	138281186	0.348	0.925	35	189120	138186847	138187221	138375413	138375780	181988040	138127244	138377244	35	2567	367	188192	wide
SUPER_1	162040949	162051264	IR	348	.	162046349	0.348	0.971	29	10267	162040949	162041295	162050918	162051264	181988040	161974951	162224951	0	1185	346	9623	spaced
SUPER_1	49782630	49885674	IR	348	.	49834045	0.348	0.388	22	103063	49782630	49833790	49834567	49885674	181988040	49735360	49944383	22	1646	51107	777	immediate
SUPER_1	156311691	156319328	IR	347	.	156315460	0.347	0.934	61	7688	156311691	156312183	156318842	156319328	181988040	156110293	156360293	61	3420	486	6659	spaced
SUPER_1	11807063	11922223	IR	347	.	11864694	0.347	0.416	45	115836	11807063	11852340	11876946	11922279	181988040	11741548	11991548	72	2051	45277	24606	spaced
SUPER_1	134262587	134281316	IR	347	.	134272152	0.347	0.816	32	19938	134262587	134264585	134279318	134281337	181988040	134044040	134294040	32	3798	1998	14733	spaced
SUPER_1	176297063	176297640	IR	347	.	176297352	0.347	0.959	31	26106	176297063	176297304	176297400	176297640	181988040	176258211	176508211	31	652	240	96	immediate
SUPER_1	46199037	46211134	IR	347	.	46204727	0.347	0.656	30	12064	46199037	46199209	46210962	46211221	181988040	46051110	46292041	0	2566	172	11753	spaced
SUPER_1	15137707	15318380	IR	347	.	15228093	0.347	0.953	21	180883	15137707	15137898	15318189	15318380	181988040	15078672	15328672	21	2489	191	180291	wide
SUPER_1	70339532	70368666	IR	347	.	70354253	0.347	0.886	20	29168	70339532	70340108	70368090	70368684	181988040	70126086	70376086	20	3800	576	27982	spaced
SUPER_1	170748146	170827527	IR	346	.	170788193	0.346	0.961	192	79361	170748146	170749776	170825901	170827527	181988040	170585887	170835887	0	3365	1626	76125	spaced
SUPER_1	16082870	16115099	IR	346	.	16099024	0.346	0.474	90	32824	16082870	16097979	16100003	16115099	181988040	15992188	16242188	96	1779	15096	2024	spaced
SUPER_1	115969339	115974660	IR	346	.	115971810	0.346	0.955	72	5363	115969339	115969848	115974163	115974660	181988040	115822949	116072949	72	2484	497	4315	spaced
SUPER_1	179918051	179924587	IR	346	.	179921104	0.346	0.881	52	6561	179918051	179919291	179923387	179924587	181988040	179718861	179968861	52	3374	1200	4096	spaced
SUPER_1	139068090	139172126	IR	345	.	139120280	0.345	0.923	111	104369	139068090	139069559	139170668	139172126	181988040	138927244	139177244	111	3214	1458	101109	wide
SUPER_1	181024042	181031985	IR	345	.	181028422	0.345	0.880	74	7921	181024042	181024646	181031381	181032055	181988040	180799762	181049762	0	3804	604	6735	spaced
SUPER_1	156171426	156249472	IR	345	.	156210297	0.345	0.855	61	78179	156171426	156173580	156247327	156249472	181988040	156110293	156360293	61	1669	2145	73747	spaced
SUPER_1	172108785	172129562	IR	345	.	172118725	0.345	0.949	51	20702	172108785	172109338	172129009	172129562	181988040	171885887	172135887	0	3887	553	19671	spaced
SUPER_1	142943720	143064421	IR	345	.	143003971	0.345	0.846	24	121004	142943720	142944843	143063304	143064421	181988040	142825775	143075775	24	2971	1117	118461	wide
SUPER_1	13446900	13561433	IR	345	.	13504618	0.345	0.000	22	114512	13446900	13447000	13561412	13561433	181988040	13384682	13634682	0	1991	21	114412	wide
SUPER_1	56080493	56154879	IR	345	.	56117587	0.345	0.392	21	74482	56080493	56109736	56125636	56154891	181988040	56013047	56263047	21	1743	29243	15900	spaced
SUPER_1	134946752	135003816	IR	345	.	134975614	0.345	0.838	21	57044	134946752	134947350	135003240	135003816	181988040	134799200	135049200	0	2934	576	55890	spaced
SUPER_1	28760544	28779053	IR	344	.	28769364	0.344	0.902	258	18489	28760544	28766688	28772909	28779058	181988040	28571241	28818928	0	3309	6144	6221	spaced
SUPER_1	93401172	93405852	IR	344	.	93403415	0.344	0.978	76	4751	93401172	93401570	93405457	93405852	181988040	93401112	93651112	76	39	395	3887	spaced
SUPER_1	87692387	87692980	IR	344	.	87692684	0.344	0.995	41	17936	87692387	87692586	87692781	87692980	181988040	87509745	87759745	41	3048	199	195	immediate
SUPER_1	105652323	105656472	IR	344	.	105654616	0.344	1.000	39	4834	105652323	105652340	105656455	105656472	181988040	105474949	105724949	1	2990	17	4115	spaced
SUPER_1	14656831	14677750	IR	344	.	14666984	0.344	0.589	30	20894	14656831	14658615	14675989	14677750	181988040	14434299	14684299	0	3883	1761	17374	spaced
SUPER_1	33428166	33446804	IR	344	.	33437709	0.344	0.700	25	39181	33428166	33428885	33446085	33446834	181988040	33339471	33589471	47	1633	719	17200	spaced
SUPER_1	130119275	130125063	IR	344	.	130122009	0.344	0.795	20	5821	130119275	130119601	130124766	130125063	181988040	129888422	130138422	20	3895	297	5165	spaced
SUPER_1	174885728	174957894	IR	343	.	174922085	0.343	0.702	677	72104	174885728	174904218	174939406	174957894	181988040	174827522	175077522	0	1571	18488	35188	spaced
SUPER_1	153000909	153014912	IR	343	.	153007877	0.343	0.996	110	14112	153000909	153001410	153014412	153014912	181988040	152887306	153137306	110	2009	500	13002	spaced
SUPER_1	173695541	173747718	IR	343	.	173722117	0.343	0.918	107	52157	173695541	173697958	173745301	173747719	181988040	173500005	173750005	0	3693	2417	47343	spaced
SUPER_1	67926525	68097083	IR	343	.	68011594	0.343	0.961	50	170588	67926525	67927135	68096473	68097084	181988040	67865224	68115224	50	2442	610	169338	wide
SUPER_1	26791602	26902786	IR	343	.	26847336	0.343	0.965	47	111220	26791602	26791941	26902447	26902790	181988040	26715239	26965239	52	2199	339	110506	wide
SUPER_1	15842513	15844983	IR	343	.	15843776	0.343	0.853	44	2578	15842513	15843487	15844064	15844983	181988040	15642188	15892188	44	3359	919	577	immediate
SUPER_1	140032783	140046586	IR	343	.	140039417	0.343	0.945	43	13785	140032783	140033621	140045748	140046586	181988040	139922951	140071375	0	1945	838	12127	spaced
SUPER_1	91924965	91962210	IR	343	.	91943239	0.343	0.399	39	18946	91924965	91943461	91943714	91962246	181988040	91736552	91986552	0	3450	18496	253	immediate
SUPER_1	96383256	96507031	IR	343	.	96445256	0.343	0.791	39	123971	96383256	96383825	96506462	96507108	181988040	96321230	96571230	41	2065	569	122637	wide
SUPER_1	107999230	108104358	IR	343	.	108052021	0.343	0.962	32	105124	107999230	107999546	108104042	108104358	181988040	107943898	108193898	33	1798	316	104496	wide
SUPER_1	169140758	169168095	IR	343	.	169154248	0.343	0.994	31	27332	169140758	169140930	169167923	169168095	181988040	169094889	169344889	31	992	172	26993	spaced
SUPER_1	180898185	181000406	IR	343	.	180949460	0.343	0.955	31	102310	180898185	180898566	181000025	181000406	181988040	180799762	181049762	31	2492	381	101459	wide
SUPER_1	39997388	40226103	IR	343	.	40111280	0.343	0.823	26	228697	39997388	39997908	40225612	40226103	181988040	39978517	40228517	0	2220	491	227704	wide
SUPER_1	151145837	151185115	IR	342	.	151165420	0.342	0.941	72	39522	151145837	151146381	151184571	151185133	181988040	150948561	151198561	72	3615	544	38190	spaced
SUPER_1	159218533	159342203	IR	342	.	159280196	0.342	0.895	60	124038	159218533	159220002	159340734	159342217	181988040	159122217	159372217	60	2635	1469	120732	wide
SUPER_1	86656024	86774170	IR	342	.	86715268	0.342	1.000	52	118119	86656024	86656314	86773880	86774170	181988040	86555545	86805545	55	2659	290	117566	wide
SUPER_1	13077998	13081654	IR	342	.	13080207	0.342	0.879	42	3642	13077998	13078619	13081033	13081662	181988040	12834682	13084682	0	4085	621	2414	spaced
SUPER_1	174324940	174329985	IR	342	.	174326942	0.342	0.916	40	5024	174324940	174325590	174329339	174329985	181988040	174190976	174440976	0	2274	646	3749	spaced
SUPER_1	22488906	22497718	IR	342	.	22493593	0.342	0.964	38	8733	22488906	22489210	22497416	22497718	181988040	22263420	22513420	0	3831	302	8206	spaced
SUPER_1	59854456	60015137	IR	342	.	59935009	0.342	0.782	36	160958	59854456	59855086	60014507	60015247	181988040	59820841	60070841	36	1899	630	159421	wide
SUPER_1	176427792	176446570	IR	342	.	176437216	0.342	0.875	36	18933	176427792	176428321	176446046	176446570	181988040	176208211	176458211	37	3816	524	17725	spaced
SUPER_1	136470479	136652328	IR	342	.	136561620	0.342	0.849	30	181975	136470479	136471179	136651631	136652328	181988040	136449200	136699200	30	1869	697	180452	wide
SUPER_1	121628428	121796306	IR	342	.	121712205	0.342	0.662	22	167831	121628428	121628471	121796263	121796328	181988040	121588906	121838906	148	2057	43	167792	wide
SUPER_1	114633139	114786064	IR	341	.	114710087	0.341	0.613	114	152891	114633139	114655037	114764181	114786064	181988040	114571798	114821798	0	2296	21883	109144	wide
SUPER_1	179342504	179384274	IR	341	.	179363678	0.341	0.894	101	41184	179342504	179346005	179380773	179384309	181988040	179218861	179468861	0	2408	3501	34768	spaced
SUPER_1	83354050	83446667	IR	341	.	83400498	0.341	0.971	77	92711	83354050	83354641	83446076	83446669	181988040	83335238	83585238	79	1085	591	91435	spaced
SUPER_1	132288188	132297922	IR	341	.	132292612	0.341	0.941	72	9715	132288188	132288678	132297454	132297922	181988040	132073286	132323286	0	3662	468	8776	spaced
SUPER_1	1646325	1672574	IR	341	.	1659400	0.341	0.987	61	26321	1646325	1646697	1672203	1672574	181988040	1617047	1867047	67	706	371	25506	spaced
SUPER_1	137206939	137225486	IR	341	.	137216299	0.341	0.985	45	18567	137206939	137207264	137225161	137225486	181988040	137007584	137257584	45	3477	325	17897	spaced
SUPER_1	118090816	118121465	IR	341	.	118105643	0.341	0.900	41	30617	118090816	118091427	118120863	118121465	181988040	117907378	118157378	0	3312	602	29436	spaced
SUPER_1	93498834	93693949	IR	341	.	93596392	0.341	0.979	31	195113	93498834	93499071	93693713	93693949	181988040	93451112	93701112	31	2421	236	194642	wide
SUPER_1	17009892	17164624	IR	341	.	17087086	0.341	0.392	29	154779	17009892	17084616	17089908	17164624	181988040	16942188	17192188	46	2417	74716	5292	spaced
SUPER_1	123947239	124014046	IR	341	.	123980439	0.341	0.944	27	66828	123947239	123947560	124013726	124014046	181988040	123801568	124051568	27	2984	320	66166	spaced
SUPER_1	60278210	60356338	IR	341	.	60317644	0.341	0.892	20	78004	60278210	60279198	60355350	60356338	181988040	60120841	60370841	0	3273	988	76152	spaced
SUPER_1	31028796	31049557	IR	340	.	31039335	0.340	0.976	410	21346	31028796	31031624	31046729	31049557	181988040	30902145	31152145	410	2283	2828	15105	spaced
SUPER_1	12597260	12604076	IR	340	.	12600178	0.340	0.966	265	6789	12597260	12599501	12601842	12604076	181988040	12523111	12634482	0	1292	2234	2341	spaced
SUPER_1	11695530	11704897	IR	340	.	11700517	0.340	0.952	120	9346	11695530	11696290	11704153	11704897	181988040	11491548	11741548	0	3477	744	7863	spaced
SUPER_1	19588106	19613214	IR	340	.	19600654	0.340	0.897	101	25662	19588106	19589091	19612296	19613214	181988040	19398504	19648504	101	3369	918	23205	spaced
SUPER_1	95754271	95874788	IR	340	.	95814987	0.340	0.983	80	120489	95754271	95754901	95874161	95874788	181988040	95686664	95936664	0	2130	627	119260	wide
SUPER_1	178068738	178148365	IR	340	.	178108515	0.340	0.879	73	79725	178068738	178069560	178147599	178148365	181988040	177987022	178222978	73	2025	766	78039	spaced
SUPER_1	164180551	164229099	IR	340	.	164204682	0.340	0.941	71	48831	164180551	164181128	164228532	164229099	181988040	164028973	164278973	71	2930	567	47404	spaced
SUPER_1	38132007	38132964	IR	340	.	38132665	0.340	0.989	33	83362	38132007	38132186	38132785	38132964	181988040	38038547	38288547	33	1565	179	599	immediate
SUPER_1	152150554	152159211	IR	340	.	152155059	0.340	0.866	31	8718	152150554	152151015	152158750	152159235	181988040	152069530	152298390	31	1422	461	7735	spaced
SUPER_1	158588343	158625645	IR	340	.	158606835	0.340	0.874	31	37365	158588343	158588808	158625180	158625650	181988040	158488838	158642405	31	1969	465	36372	spaced
SUPER_1	23613649	23615962	IR	340	.	23614806	0.340	0.478	30	2455	23613649	23614640	23614971	23616033	181988040	23564678	23814678	32	835	991	331	immediate
SUPER_1	91627093	91821834	IR	340	.	91724407	0.340	0.403	28	194917	91627093	91686590	91762355	91821834	181988040	91586552	91836552	33	2298	59479	75765	spaced
SUPER_1	28147028	28293741	IR	340	.	28220609	0.340	0.395	22	146796	28147028	28160403	28280366	28293805	181988040	28121241	28371241	23	1652	13375	119963	wide
SUPER_1	167759551	167974259	IR	339	.	167866953	0.339	0.996	923	215655	167759551	167763806	167970004	167974259	181988040	167724754	167974754	925	2369	4255	206198	wide
SUPER_1	8214212	8313809	IR	339	.	8264481	0.339	0.946	192	99588	8214212	8216691	8311330	8313818	181988040	8101595	8351595	0	2706	2479	94639	spaced
SUPER_1	20738941	20886739	IR	339	.	20812364	0.339	0.408	176	147772	20738941	20810117	20815628	20886739	181988040	20716704	20966704	0	1602	71111	5511	spaced
SUPER_1	88170264	88209994	IR	339	.	88190169	0.339	0.969	79	39761	88170264	88170752	88209506	88209997	181988040	88009745	88259745	79	3006	488	38754	spaced
SUPER_1	84296669	84391424	IR	339	.	84344069	0.339	0.907	55	95101	84296669	84297399	84390726	84391424	181988040	84279590	84529590	55	1074	698	93327	spaced
SUPER_1	108991942	109166361	IR	339	.	109078915	0.339	0.959	45	174427	108991942	108992312	109165991	109166361	181988040	108944735	109194735	45	2240	370	173679	wide
SUPER_1	137333374	137336168	IR	339	.	137334748	0.339	0.962	31	2816	137333374	137333712	137335830	137336168	181988040	137107584	137357584	31	3786	338	2118	spaced
SUPER_1	93986254	94121938	IR	339	.	94053593	0.339	0.903	29	135646	93986254	93986791	94121401	94121941	181988040	93899736	94149736	0	2572	537	134610	wide
SUPER_1	117407409	117606484	IR	339	.	117506939	0.339	0.794	23	199143	117407409	117407883	117606010	117606543	181988040	117407378	117657378	26	1659	474	198127	wide
SUPER_1	104641564	104682661	IR	339	.	104662031	0.339	0.953	22	41150	104641564	104641726	104682499	104682667	181988040	104471117	104721117	22	3183	162	40773	spaced
SUPER_1	87475877	87495214	IR	338	.	87485568	0.338	0.934	195	21641	87475877	87477594	87493497	87495215	181988040	87309745	87559745	196	2929	1717	15903	spaced
SUPER_1	164677121	164810546	IR	338	.	164743731	0.338	0.944	118	134668	164677121	164678275	164809392	164810546	181988040	164578973	164828973	118	2747	1154	131117	wide
SUPER_1	169642725	169722741	IR	338	.	169683045	0.338	0.758	115	79984	169642725	169645528	169720000	169722741	181988040	169544889	169794889	0	2297	2741	74472	spaced
SUPER_1	135425431	135636523	IR	338	.	135531271	0.338	0.882	99	211073	135425431	135427024	135635023	135636523	181988040	135399200	135649200	0	2196	1500	207999	wide
SUPER_1	167086493	167094533	IR	338	.	167090224	0.338	0.957	86	8028	167086493	167087315	167093711	167094543	181988040	166874754	167124754	0	3595	822	6396	spaced
SUPER_1	179934408	180059823	IR	338	.	179997186	0.338	0.871	71	126397	179934408	179937044	180057187	180059824	181988040	179818861	180068861	73	2970	2636	120143	wide
SUPER_1	100487556	100658927	IR	338	.	100572813	0.338	0.960	36	171355	100487556	100487877	100658606	100658934	181988040	100462312	100712312	0	1848	321	170729	wide
SUPER_1	177574005	177581451	IR	338	.	177577830	0.338	0.876	34	43735	177574005	177574665	177580791	177581490	181988040	177537022	177787022	39	678	660	6126	spaced
SUPER_1	12668214	12671553	IR	338	.	12670187	0.338	0.952	32	3318	12668214	12668652	12671115	12671553	181988040	12634682	12884682	0	586	438	2463	spaced
SUPER_1	139337038	139539490	IR	338	.	139437928	0.338	0.390	30	202512	139337038	139438272	139438256	139539570	181988040	139327244	139577244	0	1850	101234	-16	overlap
SUPER_1	149612302	149833353	IR	338	.	149722948	0.338	0.721	26	221226	149612302	149612693	149832962	149833445	181988040	149606487	149856487	26	1938	391	220269	wide
SUPER_1	22988683	23009145	IR	337	.	22998907	0.337	0.900	213	20791	22988683	22989889	23008042	23009145	181988040	22863420	23113420	231	2258	1103	18153	spaced
SUPER_1	102694622	102713740	IR	337	.	102704208	0.337	0.984	194	19360	102694622	102695817	102712546	102713740	181988040	102503503	102717682	197	3344	1194	16729	spaced
SUPER_1	99178350	99183012	IR	337	.	99180389	0.337	0.979	140	4637	99178350	99179413	99181950	99183012	181988040	98971599	99221599	0	3484	1062	2537	spaced
SUPER_1	127237585	127374808	IR	337	.	127306570	0.337	0.860	101	137201	127237585	127239030	127373426	127374808	181988040	127231966	127481966	0	1237	1382	134396	wide
SUPER_1	174578497	174581123	IR	337	.	174579810	0.337	0.988	56	2678	174578497	174578831	174580789	174581123	181988040	174577522	174827522	58	37	334	1958	immediate
SUPER_1	111583045	111631583	IR	337	.	111607006	0.337	0.891	49	48512	111583045	111584013	111630633	111631583	181988040	111393511	111643511	0	3563	950	46620	spaced
SUPER_1	152045764	152051708	IR	337	.	152048617	0.337	0.849	44	5982	152045764	152047112	152050360	152051723	181988040	151895923	152069330	44	2546	1348	3248	spaced
SUPER_1	181125361	181131711	IR	337	.	181128856	0.337	0.851	40	6320	181125361	181125731	181131390	181131711	181988040	181099762	181349762	0	479	321	5659	spaced
SUPER_1	129700294	129935263	IR	337	.	129817609	0.337	0.911	36	235191	129700294	129700618	129934939	129935286	181988040	129688422	129938422	36	2155	324	234321	wide
SUPER_1	131450565	131510456	IR	337	.	131480582	0.337	0.854	34	59996	131450565	131451053	131510004	131510456	181988040	131383236	131633236	40	1621	452	58951	spaced
SUPER_1	123540082	123557796	IR	337	.	123549398	0.337	0.963	28	17674	123540082	123540382	123557496	123557796	181988040	123401568	123651568	0	2456	300	17114	spaced
SUPER_1	165079517	165143519	IR	337	.	165111941	0.337	0.804	21	63951	165079517	165080089	165142979	165143519	181988040	164928973	165178973	0	3042	540	62890	spaced
SUPER_1	166413829	166424441	IR	337	.	166418824	0.337	0.921	21	10593	166413829	166414270	166424000	166424441	181988040	166356186	166606186	0	1049	441	9730	spaced
SUPER_1	159904134	159912080	IR	336	.	159907793	0.336	0.999	278	7928	159904134	159905723	159910491	159912080	181988040	159678810	159928810	0	3821	1589	4768	spaced
SUPER_1	154900651	154908597	IR	336	.	154904938	0.336	0.998	270	7928	154900651	154902240	154907008	154908597	181988040	154708597	154909156	0	3266	1589	4768	spaced
SUPER_1	149225746	149303024	IR	336	.	149264541	0.336	0.975	170	77426	149225746	149226875	149301901	149303024	181988040	149206487	149456487	170	964	1123	75026	spaced
SUPER_1	83951300	83954676	IR	336	.	83952995	0.336	0.945	136	3487	83951300	83951984	83954016	83954676	181988040	83785238	84035238	136	2795	660	2032	spaced
SUPER_1	129612671	129630725	IR	336	.	129621816	0.336	0.995	115	18154	129612671	129613222	129630176	129630725	181988040	129588422	129838422	115	554	549	16954	spaced
SUPER_1	21628440	21773695	IR	336	.	21701425	0.336	0.405	65	145171	21628440	21672954	21729184	21773695	181988040	21613420	21863420	0	1460	44511	56230	spaced
SUPER_1	574304	582520	IR	336	.	578712	0.336	0.997	53	8192	574304	574598	582226	582520	181988040	551967	643624	0	440	294	7628	spaced
SUPER_1	131710002	131730338	IR	336	.	131719846	0.336	1.000	51	20313	131710002	131710304	131730036	131730338	181988040	131483236	131733236	0	3948	302	19732	spaced
SUPER_1	57131454	57141802	IR	336	.	57136609	0.336	1.000	49	10350	57131454	57131701	57141555	57141802	181988040	56913047	57163047	49	3726	247	9854	spaced
SUPER_1	138137965	138145856	IR	336	.	138142306	0.336	0.962	47	7865	138137965	138138336	138145485	138145856	181988040	137927244	138177244	0	3577	371	7149	spaced
SUPER_1	73335976	73344694	IR	336	.	73340523	0.336	0.965	43	8803	73335976	73336196	73344474	73344700	181988040	73240906	73444653	43	1657	220	8278	spaced
SUPER_1	128371641	128595803	IR	336	.	128483259	0.336	0.914	40	224156	128371641	128372004	128595440	128595817	181988040	128351384	128601384	0	2205	363	223436	wide
SUPER_1	122021772	122037379	IR	336	.	122029209	0.336	0.986	38	15585	122021772	122022057	122037095	122037379	181988040	121788906	122038906	0	4011	284	15038	spaced
SUPER_1	58861440	58961472	IR	336	.	58911614	0.336	0.926	28	100089	58861440	58861765	58961148	58961472	181988040	58763047	58972047	28	2473	324	99383	spaced
SUPER_1	47039796	47162087	IR	336	.	47100795	0.336	0.405	26	133506	47039796	47082678	47119233	47162087	181988040	46956298	47206298	44	2410	42854	36555	spaced
SUPER_1	167211226	167402952	IR	336	.	167307091	0.336	0.858	25	191730	167211226	167211771	167402407	167402953	181988040	167174754	167424754	25	2205	545	190636	wide
SUPER_1	27829179	27881806	IR	336	.	27855326	0.336	0.457	21	51343	27829179	27832330	27878655	27881868	181988040	27721241	27971241	21	2237	3151	46325	spaced
SUPER_1	139957145	140002746	IR	336	.	139980198	0.336	0.966	20	45579	139957145	139957319	140002572	140002746	181988040	139922951	140071375	0	949	174	45253	spaced
SUPER_1	170924013	171021608	IR	335	.	170973055	0.335	0.986	253	97570	170924013	170925730	171019892	171021608	181988040	170785887	171035887	0	3115	1716	94162	spaced
SUPER_1	38374626	38383398	IR	335	.	38379200	0.335	0.976	198	9029	38374626	38375983	38382042	38383398	181988040	38138547	38388547	198	4007	1356	6059	spaced
SUPER_1	300988	519712	IR	335	.	410842	0.335	0.942	156	218704	300988	302775	517934	519712	181988040	300000	550000	0	1839	1778	215159	wide
SUPER_1	32249344	32309302	IR	335	.	32278928	0.335	0.438	104	59972	32249344	32267109	32291537	32309335	181988040	32089471	32339471	0	3164	17765	24428	spaced
SUPER_1	115317918	115344132	IR	335	.	115331399	0.335	0.985	104	26185	115317918	115318658	115343392	115344133	181988040	115122142	115372142	0	3481	740	24734	spaced
SUPER_1	17783736	17965074	IR	335	.	17874455	0.335	0.490	98	181585	17783736	17791642	17957201	17965074	181988040	17742188	17992188	114	2203	7873	165559	wide
SUPER_1	70635282	70639679	IR	335	.	70637440	0.335	1.000	87	4509	70635282	70635654	70639307	70639679	181988040	70426086	70676086	87	3523	372	3653	spaced
SUPER_1	101573797	101609821	IR	335	.	101591302	0.335	0.831	80	35902	101573797	101577053	101606565	101609837	181988040	101362312	101612312	0	3824	3256	29512	spaced
SUPER_1	173594159	173612337	IR	335	.	173602983	0.335	0.826	73	18150	173594159	173596916	173609624	173612337	181988040	173400005	173650005	0	3387	2713	12708	spaced
SUPER_1	103202834	103386783	IR	335	.	103294399	0.335	0.814	72	183782	103202834	103208162	103381483	103386783	181988040	103183549	103433549	0	1854	5300	173321	wide
SUPER_1	4391812	4397696	IR	335	.	4394454	0.335	0.977	60	5862	4391812	4392211	4397298	4397696	181988040	4163259	4413259	0	3858	398	5087	spaced
SUPER_1	113100850	113284087	IR	335	.	113192578	0.335	0.923	41	183250	113100850	113101267	113283692	113284087	181988040	113069964	113319964	41	2041	395	182425	wide
SUPER_1	35972608	36183481	IR	335	.	36077631	0.335	0.398	35	210807	35972608	36066169	36089935	36183481	181988040	35972530	36222530	0	1758	93546	23766	spaced
SUPER_1	58239790	58240407	IR	335	.	58240098	0.335	1.000	32	116808	58239790	58239936	58240261	58240407	181988040	58113047	58363047	32	2117	146	325	immediate
SUPER_1	168847654	169061792	IR	335	.	168955208	0.335	0.857	32	214154	168847654	168848270	169061176	169061839	181988040	168844889	169094889	0	1830	616	212906	wide
SUPER_1	14899895	15110411	IR	335	.	15005558	0.335	0.756	27	209749	14899895	14900847	15109471	15110411	181988040	14878672	15128672	0	2107	940	208624	wide
SUPER_1	44038566	44056037	IR	335	.	44046968	0.335	0.830	25	17329	44038566	44038949	44055690	44056037	181988040	43903451	44135025	0	2397	347	16741	spaced
SUPER_1	121234953	121246479	IR	335	.	121240260	0.335	0.925	25	11486	121234953	121235324	121246116	121246479	181988040	121038906	121288906	0	3363	363	10792	spaced
SUPER_1	140951714	141064061	IR	335	.	141007441	0.335	0.976	24	112321	140951714	140951967	141063808	141064061	181988040	140821575	141071575	0	3105	253	111841	wide
SUPER_1	94359969	94369284	IR	334	.	94364369	0.334	0.986	436	9298	94359969	94362997	94366257	94369284	181988040	94300729	94550729	0	1064	3027	3260	spaced
SUPER_1	691402	770478	IR	334	.	730964	0.334	0.890	171	79498	691402	694740	767141	770478	181988040	643824	893824	171	1451	3337	72401	spaced
SUPER_1	16349796	16357716	IR	334	.	16353553	0.334	0.985	116	8025	16349796	16350321	16357193	16357716	181988040	16142188	16392188	116	3525	523	6872	spaced
SUPER_1	19305822	19391094	IR	334	.	19348944	0.334	0.890	116	85255	19305822	19308015	19388910	19391094	181988040	19148504	19398504	0	3332	2184	80895	spaced
SUPER_1	25596257	25603634	IR	334	.	25599452	0.334	0.848	79	7346	25596257	25597840	25602078	25603634	181988040	25414678	25664678	0	3087	1556	4238	spaced
SUPER_1	88636306	88647803	IR	334	.	88642297	0.334	0.966	71	11479	88636306	88636865	88647250	88647803	181988040	88436406	88686406	0	3427	553	10385	spaced
SUPER_1	155596504	155609645	IR	334	.	155602896	0.334	0.742	62	33223	155596504	155601240	155604909	155609715	181988040	155450472	155700472	62	2543	4736	3669	spaced
SUPER_1	74723760	74751825	IR	334	.	74737332	0.334	0.842	59	28104	74723760	74724826	74750759	74751889	181988040	74559090	74809090	0	2978	1066	25933	spaced
SUPER_1	180158083	180179138	IR	334	.	180168228	0.334	0.791	52	21049	180158083	180158525	180178696	180179200	181988040	179968861	180218861	0	3329	442	20171	spaced
SUPER_1	10187969	10205080	IR	334	.	10196080	0.334	0.436	39	11863	10187969	10193559	10199569	10205080	181988040	9991548	10241548	0	3416	5511	6010	spaced
SUPER_1	2882416	2888783	IR	334	.	2885976	0.334	0.829	37	6264	2882416	2884044	2887155	2888876	181988040	2867047	3117047	0	309	1628	3111	spaced
SUPER_1	118443426	118469640	IR	334	.	118456201	0.334	0.408	36	26152	118443426	118456548	118456620	118469640	181988040	118257378	118507378	0	3319	13020	72	immediate
SUPER_1	149095074	149118565	IR	334	.	149107023	0.334	0.900	36	23709	149095074	149095797	149117842	149118579	181988040	148915560	149128035	36	3187	723	22045	spaced
SUPER_1	80482045	80509715	IR	334	.	80496353	0.334	0.917	34	27652	80482045	80482676	80509091	80509715	181988040	80443556	80693556	0	871	624	26415	spaced
SUPER_1	128782498	128888427	IR	334	.	128835173	0.334	0.897	32	105874	128782498	128782841	128888084	128888442	181988040	128651384	128901384	0	3067	343	105243	wide
SUPER_1	119398639	119598178	IR	334	.	119498650	0.334	0.972	29	199511	119398639	119398996	119597821	119598178	181988040	119362857	119612857	0	2259	357	198825	wide
SUPER_1	79055196	79170166	IR	334	.	79112461	0.334	0.872	25	115042	79055196	79055770	79169607	79170166	181988040	79024252	79274252	25	1473	559	113837	wide
SUPER_1	169547247	169553232	IR	334	.	169550418	0.334	0.824	23	5936	169547247	169547559	169552952	169553232	181988040	169344889	169594889	54	3422	280	5393	spaced
SUPER_1	58638213	58638587	IR	334	.	58638403	0.334	0.935	20	14803	58638213	58638366	58638440	58638587	181988040	58513047	58763047	20	2089	147	74	immediate
SUPER_1	180192449	180341954	IR	333	.	180267257	0.333	0.969	177	149837	180192449	180193756	180340651	180341954	181988040	180118861	180368861	177	2472	1303	146895	wide
SUPER_1	126455909	126463859	IR	333	.	126459467	0.333	0.869	69	7991	126455909	126457799	126461969	126463931	181988040	126338899	126567311	0	2016	1890	4170	spaced
SUPER_1	11127885	11180990	IR	333	.	11154062	0.333	0.981	67	53080	11127885	11128406	11180470	11180990	181988040	10941548	11191548	0	3548	520	52064	spaced
SUPER_1	86195392	86223210	IR	333	.	86209161	0.333	0.905	59	28019	86195392	86195789	86222813	86223243	181988040	86169863	86272288	59	657	397	27024	spaced
SUPER_1	139545611	139549228	IR	333	.	139547148	0.333	0.941	56	3597	139545611	139546217	139548625	139549228	181988040	139327244	139577244	0	3669	603	2408	spaced
SUPER_1	68477429	68480826	IR	333	.	68478623	0.333	0.985	49	3372	68477429	68477759	68480500	68480826	181988040	68265224	68515224	0	3564	326	2741	spaced
SUPER_1	9395917	9399819	IR	333	.	9398290	0.333	0.855	35	3881	9395917	9396808	9398987	9399819	181988040	9241548	9491548	0	2605	832	2179	spaced
SUPER_1	127861014	127863868	IR	333	.	127862576	0.333	0.937	34	113178	127861014	127861270	127863612	127863880	181988040	127731966	127981966	34	2174	256	2342	spaced
SUPER_1	160971260	160977552	IR	333	.	160974237	0.333	0.924	34	6315	160971260	160971728	160977084	160977555	181988040	160969791	161029558	34	76	468	5356	spaced
SUPER_1	17992320	18037068	IR	333	.	18014396	0.333	0.949	33	44663	17992320	17992789	18036599	18037068	181988040	17792188	18042188	0	3708	469	43810	spaced
SUPER_1	155502814	155532120	IR	333	.	155517326	0.333	0.965	31	29314	155502814	155503101	155531833	155532120	181988040	155350472	155600472	31	2783	287	28732	spaced
SUPER_1	87621694	87646907	IR	333	.	87634342	0.333	0.766	28	25215	87621694	87622287	87646338	87646907	181988040	87509745	87759745	28	2075	569	24051	spaced
SUPER_1	55361544	55403284	IR	333	.	55382006	0.333	0.795	25	41737	55361544	55362514	55402314	55403299	181988040	55256324	55506324	0	2101	970	39800	spaced
SUPER_1	10351651	10378169	IR	333	.	10364451	0.333	0.773	22	26355	10351651	10353141	10376679	10378226	181988040	10341548	10591548	0	389	1490	23538	spaced
SUPER_1	177487068	177503810	IR	332	.	177495056	0.332	0.963	520	16729	177487068	177492281	177498597	177503816	181988040	177487022	177737022	0	140	5213	6316	spaced
SUPER_1	158048160	158066474	IR	332	.	158057546	0.332	0.990	249	19341	158048160	158048258	158066377	158066474	181988040	157824751	158074751	21	3875	97	18119	spaced
SUPER_1	176951460	177054573	IR	332	.	177003454	0.332	0.861	110	103092	176951460	176953926	177052194	177054573	181988040	176850845	177089845	0	2536	2379	98268	spaced
SUPER_1	18735226	18753414	IR	332	.	18744593	0.332	0.984	107	18154	18735226	18735896	18752745	18753414	181988040	18598504	18848504	0	2430	669	16849	spaced
SUPER_1	100000395	100047218	IR	332	.	100023880	0.332	0.868	97	48660	100000395	100002068	100045597	100047218	181988040	99912312	100162312	97	1858	1621	43529	spaced
SUPER_1	103945506	103950187	IR	332	.	103948226	0.332	0.990	83	4654	103945506	103946027	103949666	103950187	181988040	103735082	103985082	0	3545	521	3639	spaced
SUPER_1	2229347	2328089	IR	332	.	2278505	0.332	0.946	68	98789	2229347	2230155	2327288	2328089	181988040	2117047	2367047	68	2694	801	97133	spaced
SUPER_1	86172844	86180809	IR	332	.	86176358	0.332	0.986	60	7947	86172844	86173354	86180299	86180809	181988040	86169863	86272288	0	115	510	6945	spaced
SUPER_1	40316684	40337091	IR	332	.	40326914	0.332	0.878	56	20549	40316684	40317287	40336536	40337091	181988040	40315717	40565717	77	186	555	19249	spaced
SUPER_1	105026439	105028652	IR	332	.	105027547	0.332	0.964	51	2250	105026439	105026824	105028267	105028654	181988040	104866840	105116840	51	2678	385	1443	immediate
SUPER_1	9729801	9733976	IR	332	.	9731793	0.332	0.950	44	4192	9729801	9730362	9733415	9733976	181988040	9491548	9741548	44	4005	561	3053	spaced
SUPER_1	60983451	61038004	IR	332	.	61011114	0.332	0.816	41	54509	60983451	60984817	61036679	61038004	181988040	60970841	61220841	0	664	1325	51862	spaced
SUPER_1	62216448	62332524	IR	332	.	62274752	0.332	0.391	35	75183	62216448	62257768	62291204	62332591	181988040	62126567	62376567	0	2465	41320	33436	spaced
SUPER_1	159757407	159840796	IR	332	.	159798868	0.332	0.396	34	92844	159757407	159787789	159810433	159840796	181988040	159728810	159978810	8	1171	30363	22644	spaced
SUPER_1	87942370	87968865	IR	332	.	87955987	0.332	0.974	33	26474	87942370	87942716	87968519	87968865	181988040	87759745	88009745	0	3264	346	25803	spaced
SUPER_1	143755854	143780818	IR	332	.	143768548	0.332	0.600	33	137966	143755854	143759053	143777619	143780898	181988040	143611530	143861530	33	2613	3199	18566	spaced
SUPER_1	38807234	38807867	IR	332	.	38807714	0.332	0.986	32	51622	38807234	38807443	38807658	38807867	181988040	38610291	38860291	32	3287	209	215	immediate
SUPER_1	125838109	125854325	IR	332	.	125845892	0.332	0.970	30	16184	125838109	125838374	125854060	125854325	181988040	125616893	125866893	0	3821	265	15686	spaced
SUPER_1	151822931	151825224	IR	332	.	151824303	0.332	0.502	28	2409	151822931	151823921	151824252	151825224	181988040	151603972	151853972	29	3668	972	331	immediate
SUPER_1	86038567	86069456	IR	332	.	86053537	0.332	0.720	26	30890	86038567	86040149	86067874	86069475	181988040	85909786	86159786	0	2403	1582	27725	spaced
SUPER_1	58260836	58335056	IR	332	.	58297468	0.332	0.403	24	73955	58260836	58273663	58322263	58335056	181988040	58163047	58413047	0	2248	12793	48600	spaced
SUPER_1	118192789	118294036	IR	332	.	118243115	0.332	0.925	24	101208	118192789	118193023	118293802	118294042	181988040	118107378	118357378	0	2267	234	100779	wide
SUPER_1	86985612	86990617	IR	332	.	86988418	0.332	0.938	23	4950	86985612	86985909	86990320	86990624	181988040	86959745	87209745	0	472	297	4411	spaced
SUPER_1	148321382	148502357	IR	332	.	148411604	0.332	0.382	23	96893	148321382	148405766	148418092	148502357	181988040	148291861	148541861	0	2000	84265	12326	spaced
SUPER_1	173305980	173333683	IR	332	.	173319476	0.332	0.892	22	27674	173305980	173306128	173333551	173333683	181988040	173120220	173349805	0	3326	132	27423	spaced
SUPER_1	14284431	14326417	IR	331	.	14304995	0.331	0.942	190	41638	14284431	14286501	14324347	14326420	181988040	14084299	14334299	0	3685	2070	37846	spaced
SUPER_1	113451934	113461133	IR	331	.	113456304	0.331	1.000	136	9345	113451934	113452526	113460541	113461133	181988040	113431401	113681401	144	418	592	8015	spaced
SUPER_1	130305781	130366105	IR	331	.	130335751	0.331	0.945	76	60610	130305781	130306507	130365381	130366105	181988040	130252795	130502795	76	1385	724	58874	spaced
SUPER_1	174153935	174161643	IR	331	.	174157736	0.331	0.991	62	15795	174153935	174154265	174161313	174161643	181988040	173950005	174190776	63	3462	330	7048	spaced
SUPER_1	21030713	21054633	IR	331	.	21042367	0.331	0.907	51	23895	21030713	21031624	21053738	21054633	181988040	20816704	21066704	0	3766	895	22114	spaced
SUPER_1	11605339	11656414	IR	331	.	11630628	0.331	1.000	50	50872	11605339	11605356	11656397	11656414	181988040	11441548	11691548	1	3155	17	51041	spaced
SUPER_1	181809334	181956503	IR	331	.	181883302	0.331	0.389	40	79445	181809334	181877512	181888368	181956503	181988040	181787059	181988040	0	1597	68135	10856	spaced
SUPER_1	40539087	40539596	IR	331	.	40539342	0.331	0.995	39	119122	40539087	40539299	40539385	40539596	181988040	40415717	40665717	39	2060	211	86	immediate
SUPER_1	24820083	24991065	IR	331	.	24906007	0.331	0.388	38	170964	24820083	24893631	24917523	24991065	181988040	24764678	25014678	0	2348	73542	23892	spaced
SUPER_1	13655162	13706243	IR	331	.	13680315	0.331	0.777	36	51059	13655162	13655951	13705490	13706243	181988040	13534682	13784682	0	2433	753	49539	spaced
SUPER_1	135689433	135704259	IR	331	.	135696905	0.331	0.925	36	14935	135689433	135689652	135704040	135704264	181988040	135499200	135749200	36	3293	219	14388	spaced
SUPER_1	142909372	142910001	IR	331	.	142909686	0.331	0.934	36	217873	142909372	142909614	142909769	142910001	181988040	142775775	143025775	36	2231	232	155	immediate
SUPER_1	172022297	172024406	IR	331	.	172023359	0.331	0.888	36	2110	172022297	172022582	172024144	172024406	181988040	171785887	172035887	36	3957	262	1562	immediate
SUPER_1	15796706	15807464	IR	331	.	15801747	0.331	0.821	34	10792	15796706	15797099	15807071	15807524	181988040	15692188	15942188	0	1831	393	9972	spaced
SUPER_1	12806058	12890970	IR	331	.	12848301	0.331	0.000	30	84883	12806058	12806085	12890943	12891030	181988040	12734682	12984682	19	1897	27	84858	spaced
SUPER_1	85787138	85817032	IR	331	.	85801908	0.331	0.961	30	92685	85787138	85787472	85816699	85817032	181988040	85608723	85858723	30	3222	333	29227	spaced
SUPER_1	170039702	170077265	IR	331	.	170058953	0.331	0.919	30	37546	170039702	170040195	170076772	170077267	181988040	169944889	170189889	0	1893	493	36577	spaced
SUPER_1	58520667	58620186	IR	331	.	58570307	0.331	0.693	26	119341	58520667	58521215	58619638	58620230	181988040	58463047	58713047	26	1789	548	98423	spaced
SUPER_1	158748024	158817736	IR	331	.	158783326	0.331	0.871	26	69700	158748024	158748518	158817242	158817745	181988040	158642605	158892605	0	2337	494	68724	spaced
SUPER_1	8919012	9014926	IR	331	.	8967244	0.331	0.827	23	95894	8919012	8920522	9013446	9014926	181988040	8906533	9042208	0	1007	1480	92924	spaced
SUPER_1	77060831	77130720	IR	331	.	77096154	0.331	0.747	22	69808	77060831	77061062	77130489	77130777	181988040	76908425	77158425	0	3122	231	69427	spaced
SUPER_1	23455670	23456022	IR	331	.	23455846	0.331	0.976	21	14921	23455670	23455794	23455899	23456022	181988040	23268620	23518620	21	3120	123	105	immediate
SUPER_1	145893800	146018518	IR	331	.	145955637	0.331	0.410	20	124749	145893800	145905247	146007071	146018566	181988040	145811530	146061530	0	2410	11447	101824	wide
SUPER_1	178846540	178975984	IR	330	.	178911458	0.330	0.933	311	130323	178846540	178848927	178973597	178976034	181988040	178768861	179018861	387	2373	2387	124670	wide
SUPER_1	113961662	113981081	IR	330	.	113970993	0.330	1.000	294	19393	113961662	113963237	113979506	113981081	181988040	113930991	114180991	0	672	1575	16269	spaced
SUPER_1	157607188	157619976	IR	330	.	157613846	0.330	0.997	241	12762	157607188	157608670	157618494	157619977	181988040	157384421	157634421	0	3819	1482	9824	spaced
SUPER_1	157508673	157576926	IR	330	.	157542878	0.330	0.975	175	68973	157508673	157509856	157575743	157576928	181988040	157334421	157584421	175	3472	1183	65887	spaced
SUPER_1	154347190	154357893	IR	330	.	154352983	0.330	0.948	119	10681	154347190	154348629	154356454	154357893	181988040	154327428	154408397	0	418	1439	7825	spaced
SUPER_1	105236579	105239832	IR	330	.	105238437	0.330	0.998	110	3385	105236579	105237072	105239339	105239832	181988040	105016840	105266840	110	3689	493	2267	spaced
SUPER_1	172669519	172675226	IR	330	.	172672033	0.330	0.992	105	5677	172669519	172670238	172674507	172675226	181988040	172470220	172720220	0	3369	719	4269	spaced
SUPER_1	172464124	172556228	IR	330	.	172510503	0.330	0.796	91	92027	172464124	172467661	172552741	172556228	181988040	172370220	172620220	0	2332	3487	85080	spaced
SUPER_1	5634845	5637885	IR	330	.	5636359	0.330	0.873	66	6320	5634845	5635387	5637360	5637885	181988040	5593611	5843611	66	712	525	1973	immediate
SUPER_1	9998852	10015589	IR	330	.	10006854	0.330	0.881	66	16714	9998852	9999836	10014605	10015612	181988040	9791548	10041548	0	3594	984	14769	spaced
SUPER_1	137143566	137155978	IR	330	.	137149642	0.330	1.000	50	12429	137143566	137143813	137155731	137155978	181988040	136907584	137157584	50	4036	247	11918	spaced
SUPER_1	6981608	6985560	IR	330	.	6983152	0.330	0.688	45	4038	6981608	6982209	6984959	6985669	181988040	6951595	7201595	0	533	601	2750	spaced
SUPER_1	93174472	93177045	IR	330	.	93175759	0.330	0.979	38	3411	93174472	93174762	93176756	93177045	181988040	93041912	93291912	38	2230	289	1994	immediate
SUPER_1	144625571	144643707	IR	330	.	144634864	0.330	0.854	36	18270	144625571	144626423	144642873	144643707	181988040	144461530	144711530	36	2885	834	16450	spaced
SUPER_1	129109348	129111636	IR	330	.	129110492	0.330	0.990	34	2282	129109348	129109547	129111437	129111636	181988040	128901384	129151384	34	3484	199	1890	immediate
SUPER_1	108718019	108862645	IR	330	.	108790794	0.330	0.848	32	144608	108718019	108718684	108862047	108862645	181988040	108694735	108944735	0	1593	598	143363	wide
SUPER_1	19413987	19562334	IR	330	.	19487748	0.330	0.381	27	148328	19413987	19485949	19490410	19562334	181988040	19398504	19648504	0	1494	71924	4461	spaced
SUPER_1	24547044	24550059	IR	330	.	24548475	0.330	0.945	27	3291	24547044	24547209	24549899	24550059	181988040	24314678	24564678	27	3897	160	2690	spaced
SUPER_1	121801824	121933850	IR	330	.	121867935	0.330	0.875	27	132143	121801824	121802345	121933359	121933850	181988040	121688906	121938906	27	2982	491	131014	wide
SUPER_1	23672363	23773882	IR	330	.	23722782	0.330	0.921	24	101506	23672363	23672735	23773510	23773891	181988040	23564678	23814678	0	2640	372	100775	wide
SUPER_1	173184731	173187069	IR	330	.	173186254	0.330	0.988	24	2311	173184731	173184895	173186905	173187070	181988040	173020220	173270220	0	2761	164	2010	spaced
SUPER_1	114523339	114529215	IR	329	.	114526484	0.329	0.000	130	6242	114523339	114523400	114529191	114529215	181988040	114371798	114621798	6	2574	24	5791	spaced
SUPER_1	157224448	157228440	IR	329	.	157226636	0.329	1.000	128	4139	157224448	157225028	157227860	157228440	181988040	156984421	157234421	128	4033	580	2832	spaced
SUPER_1	61874902	61992548	IR	329	.	61933366	0.329	0.978	111	117620	61874902	61875711	61991739	61992552	181988040	61770841	62020841	0	2714	809	116028	wide
SUPER_1	161919238	162040841	IR	329	.	161980423	0.329	0.867	105	121637	161919238	161921389	162038690	162040903	181988040	161874951	162124951	0	1751	2151	117301	wide
SUPER_1	162990665	163095167	IR	329	.	163042993	0.329	0.995	87	104613	162990665	162991039	163094793	163095167	181988040	162888151	163138151	87	2579	374	103754	wide
SUPER_1	138992575	139000341	IR	329	.	138996373	0.329	0.995	77	7862	138992575	138992956	138999960	139000341	181988040	138777244	139027244	77	3653	381	7004	spaced
SUPER_1	131387921	131394608	IR	329	.	131390795	0.329	0.915	64	6676	131387921	131389000	131393529	131394620	181988040	131283236	131533236	0	1800	1079	4529	spaced
SUPER_1	76877873	76936497	IR	329	.	76907248	0.329	0.902	49	58732	76877873	76878374	76936024	76936497	181988040	76708425	76958425	49	3312	473	57650	spaced
SUPER_1	104215897	104353449	IR	329	.	104284756	0.329	0.996	49	137603	104215897	104216124	104353222	104353449	181988040	104144830	104394830	49	2330	227	137098	wide
SUPER_1	156841341	156862260	IR	329	.	156852216	0.329	0.950	45	20841	156841341	156842036	156861566	156862260	181988040	156834421	157084421	0	289	694	19530	spaced
SUPER_1	149343993	149459415	IR	329	.	149401578	0.329	0.939	39	115459	149343993	149344381	149459027	149459419	181988040	149256487	149506487	39	2420	388	114646	wide
SUPER_1	115426139	115441748	IR	329	.	115433551	0.329	0.983	33	15590	115426139	115426438	115441449	115441748	181988040	115222142	115472142	0	3529	299	15011	spaced
SUPER_1	58660843	58692729	IR	329	.	58677012	0.329	0.911	24	31878	58660843	58661415	58692159	58692729	181988040	58463047	58713047	24	3562	570	30744	spaced
SUPER_1	170588330	170603185	IR	329	.	170595694	0.329	0.863	24	14939	170588330	170588858	170602657	170603212	181988040	170485887	170735887	24	1831	528	13799	spaced
SUPER_1	30635792	30657538	IR	329	.	30646287	0.329	0.712	22	21723	30635792	30636105	30657225	30657538	181988040	30452145	30702145	0	3241	313	21120	spaced
SUPER_1	97582661	97769458	IR	329	.	97676538	0.329	0.386	21	186545	97582661	97675979	97676140	97769466	181988040	97571230	97805609	0	1747	93318	161	immediate
SUPER_1	3662022	3803629	IR	329	.	3732858	0.329	0.762	20	141654	3662022	3662399	3803268	3803629	181988040	3629593	3879593	41	1720	361	140869	wide
SUPER_1	51581406	51718187	IR	329	.	51650245	0.329	0.758	20	136763	51581406	51581659	51717934	51718252	181988040	51549149	51799149	0	1677	253	136275	wide
SUPER_1	102368926	102386296	IR	329	.	102377972	0.329	0.503	20	17340	102368926	102369697	102385525	102386296	181988040	102353503	102603503	0	401	771	15828	spaced
SUPER_1	106442863	106455507	IR	329	.	106449654	0.329	0.982	20	12620	106442863	106443032	106455338	106455507	181988040	106283719	106533719	0	2757	169	12306	spaced
SUPER_1	87387454	87395933	IR	328	.	87391383	0.328	1.000	437	8459	87387454	87389947	87393440	87395933	181988040	87159745	87409745	0	3865	2493	3493	spaced
SUPER_1	88850906	88888776	IR	328	.	88869837	0.328	0.996	283	39246	88850906	88852193	88887489	88888776	181988040	88686406	88936406	290	3057	1287	35296	spaced
SUPER_1	133963878	133976171	IR	328	.	133969590	0.328	0.995	188	12269	133963878	133965016	133975034	133976171	181988040	133744040	133994040	0	3766	1137	10018	spaced
SUPER_1	10323087	10351031	IR	328	.	10337515	0.328	0.913	135	27878	10323087	10325780	10348358	10351031	181988040	10191548	10441548	0	2425	2673	22578	spaced
SUPER_1	157429107	157488387	IR	328	.	157459221	0.328	0.404	134	32156	157429107	157456935	157460559	157488413	181988040	157284421	157534421	0	2905	27828	3624	spaced
SUPER_1	107415393	107603316	IR	328	.	107509414	0.328	0.985	131	188175	107415393	107416205	107602505	107603316	181988040	107383719	107633719	131	2093	811	186300	wide
SUPER_1	20002170	20009308	IR	328	.	20005578	0.328	0.995	125	7242	20002170	20002776	20008702	20009309	181988040	19798504	20016504	150	3453	606	5926	spaced
SUPER_1	154132634	154225207	IR	328	.	154178809	0.328	0.876	125	92988	154132634	154134815	154223026	154225283	181988040	154122807	154327228	125	935	2181	88211	spaced
SUPER_1	47898158	47907235	IR	328	.	47902333	0.328	1.000	105	9056	47898158	47898697	47906696	47907235	181988040	47706298	47956298	0	3273	539	7999	spaced
SUPER_1	27581854	27709258	IR	328	.	27645897	0.328	0.403	77	84809	27581854	27624475	27666637	27709272	181988040	27515239	27721041	0	2171	42621	42162	spaced
SUPER_1	101797364	101807045	IR	328	.	101802175	0.328	0.888	75	84836	101797364	101798395	101806039	101807045	181988040	101662312	101912312	75	2331	1006	7644	spaced
SUPER_1	142215075	142226186	IR	328	.	142220902	0.328	0.873	60	11083	142215075	142216191	142225088	142226186	181988040	142025775	142275775	0	3247	1098	8897	spaced
SUPER_1	20174670	20179925	IR	328	.	20176971	0.328	0.992	55	5230	20174670	20175030	20179565	20179925	181988040	20016704	20266704	0	2676	360	4535	spaced
SUPER_1	62912768	62916568	IR	328	.	62914160	0.328	1.000	51	3776	62912768	62913068	62916268	62916568	181988040	62676567	62926567	0	3968	300	3200	spaced
SUPER_1	54949105	54971371	IR	328	.	54960522	0.328	0.716	43	22246	54949105	54950084	54970428	54971371	181988040	54806324	55056324	0	2565	943	20344	spaced
SUPER_1	139047140	139051816	IR	328	.	139049382	0.328	0.957	39	4697	139047140	139047417	139051548	139051816	181988040	138827244	139077244	39	3703	268	4131	spaced
SUPER_1	55682663	55779414	IR	328	.	55730828	0.328	0.988	37	96761	55682663	55682923	55779154	55779414	181988040	55556324	55806324	37	2911	260	96231	spaced
SUPER_1	146136853	146148706	IR	328	.	146142840	0.328	0.811	35	12056	146136853	146138854	146146710	146148706	181988040	146111530	146361530	35	520	1996	7856	spaced
SUPER_1	74950218	74970579	IR	328	.	74960228	0.328	0.966	34	20416	74950218	74950542	74970255	74970579	181988040	74932902	75182902	34	458	324	19713	spaced
SUPER_1	68548788	68698583	IR	328	.	68623833	0.328	0.983	33	149847	68548788	68549019	68698352	68698584	181988040	68515224	68765224	33	1807	231	149333	wide
SUPER_1	24477480	24477831	IR	328	.	24477509	0.328	1.000	31	24419	24477480	24477626	24477685	24477831	181988040	24264678	24514678	31	3549	146	59	immediate
SUPER_1	22884719	22892949	IR	328	.	22888363	0.328	0.594	28	8241	22884719	22886753	22890915	22892984	181988040	22713420	22963420	0	2923	2034	4162	spaced
SUPER_1	77705825	77778170	IR	328	.	77741661	0.328	0.917	26	72327	77705825	77706174	77777837	77778170	181988040	77608425	77858425	0	2226	333	71663	spaced
SUPER_1	170380011	170396089	IR	328	.	170387617	0.328	0.868	26	16059	170380011	170380558	170395543	170396089	181988040	170289855	170485687	0	1636	546	14985	spaced
SUPER_1	16574610	16711936	IR	328	.	16643479	0.328	1.000	25	153888	16574610	16574627	16711919	16711936	181988040	16542188	16792188	1	1684	17	137292	wide
SUPER_1	41386338	41407781	IR	328	.	41396820	0.328	0.993	24	154125	41386338	41386481	41407638	41407781	181988040	41315717	41565717	23	1355	143	21157	spaced
SUPER_1	29679967	29692650	IR	328	.	29686691	0.328	0.796	23	12707	29679967	29680472	29692145	29692699	181988040	29541136	29791136	0	2419	505	11673	spaced
SUPER_1	5791252	5798762	IR	328	.	5794874	0.328	0.915	22	7569	5791252	5791672	5798342	5798765	181988040	5593611	5843611	22	3356	420	6670	spaced
SUPER_1	112852042	112878805	IR	328	.	112865329	0.328	0.908	20	26756	112852042	112852259	112878604	112878805	181988040	112669964	112919964	20	3257	201	26345	spaced
SUPER_1	178824562	178844023	IR	327	.	178834083	0.327	0.959	337	19947	178824562	178826335	178842307	178844023	181988040	178668861	178918861	355	2757	1716	15972	spaced
SUPER_1	85031730	85063250	IR	327	.	85047196	0.327	0.971	182	31498	85031730	85033299	85061681	85063253	181988040	84829590	85079590	0	3631	1569	28382	spaced
SUPER_1	1977575	1986293	IR	327	.	1981837	0.327	0.968	146	8901	1977575	1978267	1985601	1986309	181988040	1767047	2017047	146	3581	692	7334	spaced
SUPER_1	157965079	157969204	IR	327	.	157967506	0.327	0.970	126	4111	157965079	157965835	157968448	157969222	181988040	157824751	158074751	0	2373	756	2613	spaced
SUPER_1	175505928	175510205	IR	327	.	175507929	0.327	0.864	115	4653	175505928	175506667	175509466	175510279	181988040	175300944	175545368	116	3451	739	2799	spaced
SUPER_1	72157660	72161203	IR	327	.	72159718	0.327	0.992	112	3521	72157660	72158385	72160478	72161206	181988040	71925575	72175575	0	3897	725	2093	spaced
SUPER_1	158481842	158486697	IR	327	.	158484268	0.327	0.982	105	4936	158481842	158482331	158486217	158486697	181988040	158276459	158488638	105	3463	480	3886	spaced
SUPER_1	157876121	157881562	IR	327	.	157878510	0.327	0.860	96	5413	157876121	157877099	157880613	157881562	181988040	157824751	158074751	0	901	949	3514	spaced
SUPER_1	121200201	121217995	IR	327	.	121208704	0.327	0.957	95	17776	121200201	121200972	121217232	121217995	181988040	120988906	121238906	0	3669	763	16260	spaced
SUPER_1	180672618	180690480	IR	327	.	180681790	0.327	0.974	77	17843	180672618	180673114	180689984	180690483	181988040	180468861	180718861	0	3544	496	16870	spaced
SUPER_1	145513224	145522035	IR	327	.	145517519	0.327	0.977	70	8940	145513224	145513564	145521695	145522041	181988040	145311530	145561530	70	3434	340	8131	spaced
SUPER_1	18311176	18340563	IR	327	.	18326236	0.327	0.872	66	29364	18311176	18312878	18338861	18340563	181988040	18300497	18550497	0	422	1702	25983	spaced
SUPER_1	64180260	64271716	IR	327	.	64226148	0.327	0.929	51	115199	64180260	64180681	64271295	64271723	181988040	64126567	64376567	51	1656	421	90614	spaced
SUPER_1	91962707	92062624	IR	327	.	92013032	0.327	0.954	50	99854	91962707	91963271	92062068	92062624	181988040	91836552	92086552	0	2935	556	98797	spaced
SUPER_1	86124215	86126765	IR	327	.	86125444	0.327	1.000	47	2607	86124215	86124451	86126529	86126765	181988040	85909786	86159786	47	3594	236	2078	spaced
SUPER_1	17576635	17692581	IR	327	.	17634834	0.327	0.567	39	202562	17576635	17576726	17692521	17692581	181988040	17492188	17742188	3	2373	60	115795	wide
SUPER_1	114789047	114862713	IR	327	.	114825664	0.327	0.951	36	73681	114789047	114789369	114862391	114862716	181988040	114671798	114921798	36	2567	322	73022	spaced
SUPER_1	6915521	6918828	IR	327	.	6917402	0.327	0.994	34	3330	6915521	6915687	6918662	6918828	181988040	6889974	6951395	34	453	166	2975	spaced
SUPER_1	127404020	127521354	IR	327	.	127462505	0.327	0.742	34	117449	127404020	127404439	127520966	127521354	181988040	127381966	127631966	35	1345	388	116527	wide
SUPER_1	123716124	123923761	IR	327	.	123819789	0.327	0.906	33	207637	123716124	123716475	123923431	123923761	181988040	123701568	123951568	33	1972	330	206956	wide
SUPER_1	132461866	132473673	IR	327	.	132467517	0.327	0.000	32	12776	132461866	132461909	132473630	132473916	181988040	132444040	132694040	6	395	43	11721	spaced
SUPER_1	18094008	18139531	IR	327	.	18116366	0.327	0.769	31	45506	18094008	18096218	18137333	18139531	181988040	17942188	18192188	0	2909	2198	41115	spaced
SUPER_1	83132815	83153465	IR	327	.	83143083	0.327	0.784	30	20782	83132815	83133286	83152995	83153465	181988040	82935238	83185238	30	3464	470	19709	spaced
SUPER_1	106540998	106544133	IR	327	.	106542284	0.327	0.970	29	3074	106540998	106541292	106543839	106544135	181988040	106333719	106583719	0	3480	294	2547	spaced
SUPER_1	14379888	14410876	IR	327	.	14395172	0.327	0.963	27	30990	14379888	14380189	14410576	14410876	181988040	14334299	14584299	27	1017	300	30387	spaced
SUPER_1	147043502	147104258	IR	327	.	147074011	0.327	0.706	25	60763	147043502	147043750	147104075	147104258	181988040	146931118	147181118	32	2379	183	60325	spaced
SUPER_1	87697917	87724589	IR	327	.	87711047	0.327	0.975	24	26676	87697917	87698158	87724348	87724589	181988040	87609745	87859745	24	1691	241	26190	spaced
SUPER_1	97821593	98019489	IR	327	.	97920061	0.327	0.391	23	197915	97821593	97914914	97926168	98019531	181988040	97805809	98055809	0	1912	93321	11254	spaced
SUPER_1	54104976	54195344	IR	327	.	54149826	0.327	0.838	20	89885	54104976	54106480	54193845	54195344	181988040	53963562	54213562	0	3109	1499	87365	spaced
SUPER_1	7365471	7561856	IR	326	.	7464016	0.326	0.418	265	196391	7365471	7452529	7474798	7561895	181988040	7351595	7601595	0	1867	87058	22269	spaced
SUPER_1	100242382	100253491	IR	326	.	100248416	0.326	0.918	178	11006	100242382	100244460	100251413	100253500	181988040	100062312	100312312	0	3093	2078	6953	spaced
SUPER_1	82839399	82858637	IR	326	.	82849371	0.326	0.991	177	19215	82839399	82840568	82857468	82858637	181988040	82835238	83085238	0	229	1169	16900	spaced
SUPER_1	56982301	56993822	IR	326	.	56988328	0.326	0.999	127	11485	56982301	56982983	56993140	56993822	181988040	56913047	57163047	0	1250	682	10157	spaced
SUPER_1	36689335	36701751	IR	326	.	36695573	0.326	1.000	111	12534	36689335	36689837	36701249	36701751	181988040	36498702	36748702	111	3280	502	11412	spaced
SUPER_1	174255207	174260266	IR	326	.	174257282	0.326	0.993	86	5040	174255207	174255745	174259728	174260266	181988040	174190976	174440976	0	1112	538	3983	spaced
SUPER_1	18652855	18677568	IR	326	.	18665417	0.326	0.847	63	24900	18652855	18654439	18675984	18677586	181988040	18648504	18898504	63	278	1584	21545	spaced
SUPER_1	19256295	19268495	IR	326	.	19262075	0.326	0.948	63	12180	19256295	19257048	19267742	19268498	181988040	19048504	19298504	0	3564	753	10694	spaced
SUPER_1	165761312	165764366	IR	326	.	165763343	0.326	0.898	60	3070	165761312	165761716	165763962	165764404	181988040	165706186	165956186	0	944	404	2246	spaced
SUPER_1	104164252	104192559	IR	326	.	104178790	0.326	0.872	56	28305	104164252	104164936	104191875	104192579	181988040	104144830	104394830	0	559	684	26939	spaced
SUPER_1	177230458	177248753	IR	326	.	177240081	0.326	1.000	48	18264	177230458	177230721	177248490	177248753	181988040	177090045	177259593	0	2492	263	17769	spaced
SUPER_1	161721637	161914558	IR	326	.	161818243	0.326	0.855	46	192962	161721637	161722987	161913224	161914558	181988040	161674951	161924951	46	2385	1334	190237	wide
SUPER_1	98594591	98619880	IR	326	.	98607632	0.326	0.986	42	25267	98594591	98594937	98619534	98619880	181988040	98405809	98655809	0	3356	346	24597	spaced
SUPER_1	64494373	64562636	IR	326	.	64528330	0.326	0.894	40	68340	64494373	64494863	64562146	64562656	181988040	64326567	64576567	40	3365	490	67283	spaced
SUPER_1	181660295	181762100	IR	326	.	181711473	0.326	0.920	39	101748	181660295	181661127	181761268	181762105	181988040	181537059	181787059	0	2902	832	100141	wide
SUPER_1	98535198	98568894	IR	326	.	98552505	0.326	0.460	35	33682	98535198	98543763	98560329	98568900	181988040	98355809	98605809	0	3270	8565	16566	spaced
SUPER_1	170635666	170643757	IR	326	.	170640180	0.326	0.970	32	8065	170635666	170635935	170643488	170643759	181988040	170485887	170735887	0	2563	269	7553	spaced
SUPER_1	7746730	7749194	IR	326	.	7748251	0.326	0.964	29	2447	7746730	7747033	7748893	7749194	181988040	7501595	7751595	0	4105	301	1860	immediate
SUPER_1	169363395	169378589	IR	326	.	169370559	0.326	0.805	29	15096	169363395	169364381	169377689	169378589	181988040	169144889	169394889	0	3768	900	13308	spaced
SUPER_1	96825242	97014055	IR	326	.	96919347	0.326	0.759	28	188795	96825242	96826917	97012433	97014055	181988040	96771230	97021230	0	2473	1622	185516	wide
SUPER_1	15525297	15535164	IR	326	.	15529917	0.326	0.932	24	9840	15525297	15525516	15534951	15535164	181988040	15442188	15692188	0	1467	213	9435	spaced
SUPER_1	76283722	76296210	IR	326	.	76290456	0.326	0.694	24	12465	76283722	76284436	76295496	76296217	181988040	76058425	76308425	0	3858	714	11060	spaced
SUPER_1	35696569	35786007	IR	326	.	35741061	0.326	0.946	23	89450	35696569	35696717	35785865	35786007	181988040	35572530	35822530	23	2812	142	89148	spaced
SUPER_1	50806955	50976600	IR	326	.	50891891	0.326	0.902	21	169659	50806955	50807205	50976350	50976615	181988040	50749149	50999149	21	2377	250	169145	wide
SUPER_1	56762201	56810750	IR	326	.	56786519	0.326	0.898	20	48774	56762201	56762394	56810559	56810750	181988040	56613047	56863047	50	2890	191	48165	spaced
SUPER_1	170526139	170545668	IR	325	.	170535521	0.325	0.935	201	19522	170526139	170527766	170544041	170545683	181988040	170485887	170735887	0	833	1627	16275	spaced
SUPER_1	45915683	45919968	IR	325	.	45917574	0.325	1.000	190	4267	45915683	45916708	45918943	45919968	181988040	45801110	46051110	0	1945	1025	2235	spaced
SUPER_1	156540983	156559955	IR	325	.	156550090	0.325	0.975	165	18952	156540983	156542012	156558944	156559955	181988040	156410293	156660293	0	2336	1011	16932	spaced
SUPER_1	166199799	166217305	IR	325	.	166208856	0.325	0.984	157	17482	166199799	166201006	166216100	166217305	181988040	166006186	166256186	0	3372	1205	15094	spaced
SUPER_1	166523627	166538029	IR	325	.	166530727	0.325	0.957	104	14486	166523627	166524148	166537508	166538037	181988040	166406186	166656186	106	2077	521	13360	spaced
SUPER_1	13578133	13623778	IR	325	.	13600671	0.325	0.856	69	45623	13578133	13578681	13623302	13623778	181988040	13434682	13684682	0	2771	476	44621	spaced
SUPER_1	118680604	118694432	IR	325	.	118687072	0.325	0.997	47	13800	118680604	118680894	118694142	118694432	181988040	118507378	118757378	0	3002	290	13248	spaced
SUPER_1	10451209	10597960	IR	325	.	10524941	0.325	0.747	45	146727	10451209	10452271	10596913	10597960	181988040	10391548	10641548	0	2217	1047	144642	wide
SUPER_1	168144392	168165078	IR	325	.	168154590	0.325	0.952	45	20819	168144392	168144896	168164574	168165079	181988040	167924754	168174754	45	3832	504	19678	spaced
SUPER_1	155704136	155720242	IR	325	.	155711866	0.325	0.983	40	16080	155704136	155704499	155719879	155720242	181988040	155703050	155953050	0	152	363	15380	spaced
SUPER_1	18680076	18690712	IR	325	.	18685103	0.325	0.870	35	10614	18680076	18680568	18690228	18690712	181988040	18648504	18898504	0	614	484	9660	spaced
SUPER_1	125380304	125383014	IR	325	.	125381758	0.325	0.929	33	2727	125380304	125380600	125382718	125383027	181988040	125166893	125416893	33	3579	296	2118	spaced
SUPER_1	141487628	141498191	IR	325	.	141493232	0.325	0.424	26	10553	141487628	141490364	141495455	141498207	181988040	141325775	141575775	0	2785	2736	5091	spaced
SUPER_1	76956723	77013708	IR	325	.	76985010	0.325	0.908	24	57090	76956723	76957064	77013367	77013715	181988040	76808425	77058425	24	2946	341	56303	spaced
SUPER_1	171429860	171433330	IR	325	.	171431367	0.325	0.958	22	4922	171429860	171429980	171433210	171433330	181988040	171285887	171535887	11	2428	120	3230	spaced
SUPER_1	60744988	60773677	IR	325	.	60759344	0.325	0.980	21	28682	60744988	60745138	60773529	60773677	181988040	60720841	60970841	21	641	148	28391	spaced
SUPER_1	142327471	142552942	IR	325	.	142440598	0.325	0.380	21	126720	142327471	142426631	142453873	142552942	181988040	142325775	142575775	0	1907	99069	27242	spaced
SUPER_1	65341443	65505779	IR	324	.	65423625	0.324	0.992	220	164517	65341443	65342608	65504614	65505779	181988040	65296016	65546016	220	2126	1165	162006	wide
SUPER_1	67761639	67774316	IR	324	.	67768229	0.324	1.000	168	12652	67761639	67762582	67773373	67774316	181988040	67665224	67915224	0	1712	943	10791	spaced
SUPER_1	166349323	166366829	IR	324	.	166358380	0.324	0.983	157	17482	166349323	166350530	166365624	166366829	181988040	166156186	166406186	0	3364	1205	15094	spaced
SUPER_1	173003602	173012155	IR	324	.	173008244	0.324	0.987	147	8526	173003602	173004620	173011137	173012155	181988040	172820220	173070220	0	3127	1018	6517	spaced
SUPER_1	92573924	92593985	IR	324	.	92584084	0.324	0.979	133	20168	92573924	92574790	92593121	92593985	181988040	92393064	92643064	133	3181	864	18331	spaced
SUPER_1	146930885	146949096	IR	324	.	146939513	0.324	0.999	121	18190	146930885	146931556	146948425	146949096	181988040	146731118	146981118	0	3481	671	16869	spaced
SUPER_1	92955692	92960926	IR	324	.	92958782	0.324	0.933	84	5214	92955692	92957062	92959575	92960926	181988040	92941912	93191912	0	273	1351	2513	spaced
SUPER_1	133987668	133995136	IR	324	.	133990959	0.324	0.977	78	7450	133987668	133988230	133994582	133995136	181988040	133794040	134044040	0	3289	554	6352	spaced
SUPER_1	146691041	146729905	IR	324	.	146710657	0.324	0.881	63	38968	146691041	146691606	146729375	146729905	181988040	146511530	146730918	63	3315	530	37769	spaced
SUPER_1	158626516	158636057	IR	324	.	158630829	0.324	0.960	63	9527	158626516	158627253	158635320	158636061	181988040	158488838	158642405	0	2374	737	8067	spaced
SUPER_1	40906566	40908002	IR	324	.	40907185	0.324	0.964	56	169522	40906566	40906924	40907644	40908005	181988040	40815717	41065717	56	1525	358	720	immediate
SUPER_1	129446164	129466131	IR	324	.	129456511	0.324	0.836	52	19809	129446164	129447548	129464756	129466131	181988040	129301384	129551384	0	2579	1375	17208	spaced
SUPER_1	55226341	55345265	IR	324	.	55285359	0.324	0.393	46	118956	55226341	55261015	55310591	55345315	181988040	55106324	55356324	0	2991	34674	49576	spaced
SUPER_1	106413113	106431792	IR	324	.	106422062	0.324	0.997	45	18662	106413113	106413401	106431504	106431792	181988040	106183719	106433719	0	3978	288	18103	spaced
SUPER_1	158296198	158313117	IR	324	.	158304734	0.324	0.825	36	16944	158296198	158296387	158312961	158313117	181988040	158276459	158488638	36	469	156	16574	spaced
SUPER_1	48404529	48606062	IR	324	.	48504865	0.324	0.786	26	201561	48404529	48404970	48605621	48606109	181988040	48356298	48606298	0	2483	441	200651	wide
SUPER_1	71052831	71075199	IR	324	.	71064463	0.324	0.901	26	22347	71052831	71053188	71074853	71075199	181988040	70876086	71126086	0	3132	346	21665	spaced
SUPER_1	97161142	97307761	IR	324	.	97234095	0.324	0.392	26	146681	97161142	97225244	97243659	97307842	181988040	97071230	97321230	0	2720	64102	18415	spaced
SUPER_1	130755309	130902704	IR	324	.	130828748	0.324	0.472	26	147376	130755309	130767498	130890517	130902704	181988040	130652795	130902795	0	2936	12187	123019	wide
SUPER_1	53202074	53246348	IR	324	.	53223958	0.324	0.960	24	44247	53202074	53202346	53246076	53246348	181988040	53174367	53424367	0	830	272	43730	spaced
SUPER_1	166031860	166079873	IR	324	.	166056122	0.324	0.820	23	47814	166031860	166033259	166078511	166079873	181988040	165906186	166156186	0	2494	1362	45252	spaced
SUPER_1	81288574	81330681	IR	324	.	81309813	0.324	0.983	21	42131	81288574	81288690	81330565	81330681	181988040	81116547	81345722	21	3217	116	41875	spaced
SUPER_1	32507171	32693790	IR	324	.	32600096	0.324	0.397	20	99498	32507171	32595080	32605943	32693790	181988040	32489471	32739471	0	1850	87847	10863	spaced
SUPER_1	87986990	87991574	IR	323	.	87989509	0.323	1.000	156	34949	87986990	87987662	87990902	87991574	181988040	87809745	88059745	157	2992	672	3240	spaced
SUPER_1	97025305	97029142	IR	323	.	97026888	0.323	0.984	94	3820	97025305	97025875	97028572	97029142	181988040	96821230	97071230	0	3433	570	2697	spaced
SUPER_1	72003518	72055285	IR	323	.	72028934	0.323	0.948	88	51672	72003518	72004466	72054337	72055287	181988040	71875575	72125575	0	2563	948	49871	spaced
SUPER_1	58432799	58503206	IR	323	.	58467841	0.323	0.955	73	70806	58432799	58433372	58502633	58503216	181988040	58263047	58513047	74	3415	573	69261	spaced
SUPER_1	155771203	155806242	IR	323	.	155788887	0.323	0.936	66	35074	155771203	155771728	155805717	155806244	181988040	155703050	155953050	66	1427	525	33989	spaced
SUPER_1	54498782	54511737	IR	323	.	54505071	0.323	0.996	62	13009	54498782	54499045	54511474	54511737	181988040	54456324	54706324	62	815	263	12429	spaced
SUPER_1	173443246	173460673	IR	323	.	173452021	0.323	0.991	50	17456	173443246	173443577	173460342	173460673	181988040	173350005	173600005	50	1699	331	16765	spaced
SUPER_1	159041318	159065742	IR	323	.	159053734	0.323	0.874	49	24910	159041318	159042649	159064411	159065748	181988040	159008915	159122017	49	743	1331	21762	spaced
SUPER_1	160138649	160335955	IR	323	.	160236958	0.323	0.908	45	196773	160138649	160139831	160334773	160335965	181988040	160103010	160351940	0	2238	1182	194942	wide
SUPER_1	84815777	84885851	IR	323	.	84851045	0.323	0.950	44	70476	84815777	84816212	84885419	84885851	181988040	84679590	84929590	35	2853	432	69207	spaced
SUPER_1	9572530	9595264	IR	323	.	9584047	0.323	1.000	39	22760	9572530	9572697	9595097	9595264	181988040	9391548	9641548	39	3205	167	22400	spaced
SUPER_1	9449614	9481442	IR	323	.	9465926	0.323	0.916	35	31812	9449614	9450271	9480785	9481449	181988040	9241548	9491548	0	3732	657	30514	spaced
SUPER_1	150833911	150854281	IR	323	.	150843902	0.323	0.986	35	20396	150833911	150834122	150854070	150854281	181988040	150648561	150898561	35	3258	211	19948	spaced
SUPER_1	90411450	90468954	IR	323	.	90440600	0.323	0.960	28	57477	90411450	90411902	90468502	90468954	181988040	90369512	90506348	0	1178	452	56600	spaced
SUPER_1	122646909	122651213	IR	323	.	122649575	0.323	0.709	28	4216	122646909	122647343	122650863	122651213	181988040	122518191	122729736	0	2181	350	3520	spaced
SUPER_1	105858990	105904404	IR	323	.	105881421	0.323	0.976	27	45386	105858990	105859320	105904074	105904405	181988040	105783719	106033719	0	1632	330	44754	spaced
SUPER_1	171052117	171124866	IR	323	.	171088655	0.323	0.856	27	73144	171052117	171054015	171122978	171124866	181988040	170935887	171185887	27	2543	1888	68963	spaced
SUPER_1	64638776	64654397	IR	323	.	64646369	0.323	0.877	26	15630	64638776	64639069	64654104	64654405	181988040	64426567	64676567	26	3666	293	15035	spaced
SUPER_1	126938491	126941102	IR	323	.	126939884	0.323	0.716	26	2605	126938491	126938949	126940745	126941102	181988040	126831966	127081966	26	1797	357	1796	immediate
SUPER_1	24264669	24348186	IR	323	.	24306330	0.323	0.844	25	89777	24264669	24265647	24347211	24348186	181988040	24114678	24364678	25	3195	975	81564	spaced
SUPER_1	80374984	80425954	IR	323	.	80400836	0.323	0.802	22	50945	80374984	80375255	80425683	80425991	181988040	80209585	80443356	0	3181	271	50428	spaced
SUPER_1	16419909	16502683	IR	323	.	16460927	0.323	0.774	21	82720	16419909	16420274	16502381	16502683	181988040	16292188	16542188	0	2818	302	82107	spaced
SUPER_1	98251994	98295429	IR	323	.	98274003	0.323	0.973	21	43378	98251994	98252181	98295242	98295429	181988040	98155809	98405809	0	1964	187	43061	spaced
SUPER_1	179701993	179739315	IR	323	.	179721085	0.323	0.853	20	37297	179701993	179702618	179738696	179739315	181988040	179618861	179868861	0	1696	619	36078	spaced
SUPER_1	47736064	47775949	IR	322	.	47755893	0.322	1.000	1138	41119	47736064	47741121	47770892	47775949	181988040	47556298	47806298	1138	3328	5057	29771	spaced
SUPER_1	18876662	18895927	IR	322	.	18886052	0.322	1.000	266	89039	18876662	18876684	18895905	18895927	181988040	18798504	19048504	2	1463	22	19221	spaced
SUPER_1	91591176	91610509	IR	322	.	91601072	0.322	0.976	181	19639	91591176	91592267	91609418	91610523	181988040	91386552	91636552	193	3571	1091	17151	spaced
SUPER_1	132726033	132792149	IR	322	.	132758878	0.322	0.983	173	66296	132726033	132727101	132791081	132792149	181988040	132544040	132794040	173	3584	1068	63980	spaced
SUPER_1	175837568	175843662	IR	322	.	175840248	0.322	0.957	171	6070	175837568	175838928	175842333	175843662	181988040	175660061	175908590	0	3009	1329	3405	spaced
SUPER_1	3926862	3945854	IR	322	.	3936853	0.322	0.893	166	19039	3926862	3928162	3944554	3945932	181988040	3829593	4079593	0	1779	1300	16392	spaced
SUPER_1	124029086	124087166	IR	322	.	124058573	0.322	0.871	166	58094	124029086	124034841	124081411	124087224	181988040	123901568	124151568	0	2609	5755	46570	spaced
SUPER_1	16264603	16271542	IR	322	.	16267984	0.322	1.000	137	7093	16264603	16265200	16270945	16271542	181988040	16042188	16292188	137	3764	597	5745	spaced
SUPER_1	97088812	97120925	IR	322	.	97104501	0.322	0.960	118	32098	97088812	97090086	97119651	97120937	181988040	96871230	97121230	0	3893	1274	29565	spaced
SUPER_1	166343645	166348020	IR	322	.	166346116	0.322	0.961	100	4358	166343645	166344615	166347051	166348020	181988040	166106186	166356186	0	3993	969	2436	spaced
SUPER_1	166194128	166198490	IR	322	.	166196592	0.322	0.953	97	4351	166194128	166195091	166197527	166198496	181988040	166056186	166306186	0	2335	963	2436	spaced
SUPER_1	74991964	75071628	IR	322	.	75031755	0.322	0.954	88	79729	74991964	74992690	75070906	75071628	181988040	74932902	75182902	88	1648	722	78216	spaced
SUPER_1	91316845	91332739	IR	322	.	91325150	0.322	0.959	81	15869	91316845	91317475	91332114	91332739	181988040	91086552	91336552	0	3970	625	14639	spaced
SUPER_1	1494567	1500811	IR	322	.	1497798	0.322	0.960	74	6336	1494567	1495048	1500339	1500811	181988040	1433452	1616847	77	1070	472	5291	spaced
SUPER_1	131123515	131126639	IR	322	.	131125056	0.322	0.983	70	3261	131123515	131123933	131126221	131126639	181988040	130902795	131152795	70	3704	418	2288	spaced
SUPER_1	152131139	152145401	IR	322	.	152138738	0.322	0.864	61	14238	152131139	152132799	152143762	152145401	181988040	152069530	152298390	0	1145	1639	10963	spaced
SUPER_1	167639135	167643349	IR	322	.	167640831	0.322	0.866	61	4192	167639135	167639813	167642696	167643349	181988040	167474754	167724754	0	2774	653	2883	spaced
SUPER_1	175397828	175415792	IR	322	.	175406340	0.322	0.879	58	18010	175397828	175398680	175414940	175415861	181988040	175300944	175545368	0	1764	852	16260	spaced
SUPER_1	113521426	113540304	IR	322	.	113530658	0.322	1.000	52	18915	113521426	113521675	113540055	113540304	181988040	113431401	113681401	52	1657	249	18380	spaced
SUPER_1	148524081	148542954	IR	322	.	148533731	0.322	1.000	50	18907	148524081	148524321	148542714	148542954	181988040	148341861	148591861	50	3194	240	18393	spaced
SUPER_1	24766256	24768503	IR	322	.	24767215	0.322	0.966	38	2463	24766256	24766607	24768152	24768503	181988040	24714678	24964678	38	878	351	1545	immediate
SUPER_1	117209967	117212672	IR	322	.	117210845	0.322	0.905	38	2712	117209967	117210811	117211828	117212697	181988040	116980688	117230688	0	3843	844	1017	immediate
SUPER_1	177598419	177610580	IR	322	.	177604686	0.322	0.989	37	12218	177598419	177598604	177610395	177610580	181988040	177537022	177787022	39	1124	185	11791	spaced
SUPER_1	10244812	10263654	IR	322	.	10254374	0.322	0.994	33	18867	10244812	10244978	10263488	10263654	181988040	10041548	10291548	33	3544	166	18510	spaced
SUPER_1	162885940	162942592	IR	322	.	162914072	0.322	0.890	32	56720	162885940	162886541	162941991	162942592	181988040	162788151	163038151	32	2101	601	55450	spaced
SUPER_1	118473728	118585687	IR	322	.	118530196	0.322	0.000	31	111924	118473728	118473883	118585634	118585687	181988040	118357378	118607378	0	2872	53	111751	wide
SUPER_1	143680363	143729591	IR	322	.	143704579	0.322	0.959	28	49206	143680363	143680652	143729302	143729597	181988040	143561530	143811530	0	2390	289	48650	spaced
SUPER_1	7286089	7346585	IR	322	.	7316005	0.322	0.892	26	60458	7286089	7286788	7345886	7346597	181988040	7101595	7351595	0	3578	699	59098	spaced
SUPER_1	66090723	66305370	IR	322	.	66197573	0.322	0.984	26	214627	66090723	66090908	66305187	66305370	181988040	66087515	66337515	0	1842	183	214279	wide
SUPER_1	136898135	136970938	IR	322	.	136934070	0.322	0.713	24	72848	136898135	136899362	136969711	136971003	181988040	136857584	137107584	0	1282	1227	70349	spaced
SUPER_1	140468440	140581635	IR	322	.	140525514	0.322	0.401	24	93129	140468440	140488847	140561228	140581698	181988040	140421575	140671575	0	1724	20407	72381	spaced
SUPER_1	6500682	6519669	IR	321	.	6510389	0.321	0.575	214	19146	6500682	6500917	6519442	6519669	181988040	6360247	6610247	14	2498	227	18525	spaced
SUPER_1	160421239	160461675	IR	321	.	160441855	0.321	0.871	203	40039	160421239	160428788	160454132	160461675	181988040	160352140	160478388	0	1488	7543	25344	spaced
SUPER_1	17725448	17747461	IR	321	.	17736021	0.321	0.904	163	21990	17725448	17729406	17743503	17747486	181988040	17542188	17792188	0	3237	3958	14097	spaced
SUPER_1	56939759	56945271	IR	321	.	56942905	0.321	1.000	143	5484	56939759	56940542	56944488	56945271	181988040	56713047	56963047	0	3824	783	3946	spaced
SUPER_1	100339686	100343748	IR	321	.	100341591	0.321	0.998	114	4144	100339686	100340251	100343183	100343748	181988040	100112312	100362312	114	3823	565	2932	spaced
SUPER_1	64844291	64846898	IR	321	.	64845582	0.321	1.000	94	2748	64844291	64844722	64846467	64846898	181988040	64626567	64876567	94	3650	431	1745	immediate
SUPER_1	175390235	175393595	IR	321	.	175391993	0.321	0.993	80	3396	175390235	175390644	175393186	175393595	181988040	175300944	175545368	80	1516	409	2542	spaced
SUPER_1	70667692	70721508	IR	321	.	70694217	0.321	0.992	74	53793	70667692	70668180	70721020	70721508	181988040	70476086	70726086	0	3641	488	52840	spaced
SUPER_1	103899055	103918462	IR	321	.	103908445	0.321	0.980	69	19382	103899055	103899607	103917910	103918462	181988040	103785082	104035082	0	2061	552	18303	spaced
SUPER_1	98974946	98983832	IR	321	.	98979224	0.321	1.000	67	8942	98974946	98975241	98983537	98983832	181988040	98971599	99221599	67	129	295	8296	spaced
SUPER_1	875661	892967	IR	321	.	884338	0.321	0.772	61	16776	875661	878723	889905	893015	181988040	643824	893824	152	4008	3062	11182	spaced
SUPER_1	136075542	136077351	IR	321	.	136076446	0.321	0.993	59	104584	136075542	136075839	136077054	136077351	181988040	135949200	136199200	59	2120	297	1215	immediate
SUPER_1	84532367	84538342	IR	321	.	84535223	0.321	0.867	53	42858	84532367	84533551	84537190	84538342	181988040	84329590	84579590	54	3429	1152	3639	spaced
SUPER_1	70088828	70091545	IR	321	.	70090241	0.321	0.978	52	2756	70088828	70089142	70091231	70091547	181988040	69876086	70126086	52	3568	314	2089	spaced
SUPER_1	175184873	175221218	IR	321	.	175202561	0.321	0.931	52	36316	175184873	175185671	175220430	175221218	181988040	174977522	175227522	0	3758	788	34759	spaced
SUPER_1	177866839	177923923	IR	321	.	177895348	0.321	0.947	46	57342	177866839	177867304	177923458	177923926	181988040	177787022	178037022	46	1805	465	56154	spaced
SUPER_1	106115192	106203942	IR	321	.	106159206	0.321	0.825	42	88731	106115192	106115829	106203362	106203942	181988040	106033719	106283719	0	2097	580	87533	spaced
SUPER_1	1791939	1811079	IR	321	.	1801025	0.321	0.992	40	19122	1791939	1792197	1810821	1811079	181988040	1667047	1917047	0	2240	258	18624	spaced
SUPER_1	80194490	80260307	IR	321	.	80227034	0.321	0.951	40	65787	80194490	80195035	80259769	80260307	181988040	80059585	80309585	0	2796	538	64734	spaced
SUPER_1	148065655	148111869	IR	321	.	148088346	0.321	0.777	38	46191	148065655	148067219	148110318	148111869	181988040	147865635	148115635	0	3718	1551	43099	spaced
SUPER_1	88621619	88631808	IR	321	.	88626920	0.321	0.977	34	10179	88621619	88621923	88631504	88631808	181988040	88436406	88686406	34	3171	304	9581	spaced
SUPER_1	17965538	17969080	IR	321	.	17967004	0.321	0.600	27	3458	17965538	17967221	17967398	17969080	181988040	17892188	18142188	0	1251	1682	177	immediate
SUPER_1	125493372	125587410	IR	321	.	125540612	0.321	0.975	24	94029	125493372	125493533	125587249	125587410	181988040	125466893	125716893	17	1224	161	93716	spaced
SUPER_1	4587590	4605904	IR	321	.	4596952	0.321	0.935	23	18354	4587590	4587805	4605689	4605904	181988040	4463259	4713259	47	2224	215	17884	spaced
SUPER_1	95889166	96031600	IR	321	.	95960096	0.321	0.826	23	142446	95889166	95889383	96031383	96031636	181988040	95786664	96036664	0	2895	217	142000	wide
SUPER_1	98435060	98469394	IR	321	.	98452346	0.321	0.395	20	84106	98435060	98450389	98454155	98469394	181988040	98305809	98555809	21	2440	15239	3766	spaced
SUPER_1	1336995	1357228	IR	320	.	1347004	0.320	0.975	399	21085	1336995	1339188	1355035	1357231	181988040	1252989	1433252	399	1568	2193	15847	spaced
SUPER_1	38256403	38269995	IR	320	.	38262727	0.320	0.993	372	13574	38256403	38258752	38267646	38270001	181988040	38038547	38288547	0	3744	2349	8894	spaced
SUPER_1	16140013	16145747	IR	320	.	16142593	0.320	0.996	179	5714	16140013	16141124	16144636	16145747	181988040	15942188	16192188	0	3344	1111	3512	spaced
SUPER_1	100100838	100121291	IR	320	.	100111019	0.320	0.992	176	20637	100100838	100101622	100120511	100121291	181988040	99912312	100162312	176	3312	780	18889	spaced
SUPER_1	72444117	72548038	IR	320	.	72495778	0.320	0.397	172	103901	72444117	72496002	72496197	72548038	181988040	72420573	72670573	0	1258	51841	195	immediate
SUPER_1	141377889	141384657	IR	320	.	141381010	0.320	0.997	154	6742	141377889	141378776	141383770	141384657	181988040	141275775	141525775	0	1758	887	4994	spaced
SUPER_1	159001579	159008350	IR	320	.	159005226	0.320	0.997	154	6745	159001579	159002466	159007463	159008350	181988040	158792605	159008715	0	3539	887	4997	spaced
SUPER_1	3958465	3981683	IR	320	.	3970109	0.320	0.982	129	23424	3958465	3959253	3980895	3981683	181988040	3779593	4029593	129	3174	788	21642	spaced
SUPER_1	83816742	83846514	IR	320	.	83832018	0.320	0.822	120	28185	83816742	83819637	83843619	83846555	181988040	83735238	83985238	0	1606	2895	23982	spaced
SUPER_1	178318769	178448045	IR	320	.	178383330	0.320	0.381	119	130041	178318769	178374424	178392390	178448132	181988040	178273178	178523178	119	1837	55655	17966	spaced
SUPER_1	175090000	175092465	IR	320	.	175091165	0.320	0.988	82	2506	175090000	175090511	175091954	175092465	181988040	174927522	175177522	82	2728	511	1443	immediate
SUPER_1	171989160	172009496	IR	320	.	171998925	0.320	0.965	81	20305	171989160	171989783	172008879	172009496	181988040	171785887	172035887	0	3557	617	19096	spaced
SUPER_1	107239785	107256099	IR	320	.	107247993	0.320	1.000	69	16371	107239785	107240119	107255765	107256099	181988040	107033719	107283719	69	3570	334	15646	spaced
SUPER_1	34103527	34108301	IR	320	.	34105788	0.320	0.977	65	4853	34103527	34103962	34107866	34108301	181988040	33889471	34139471	65	3607	435	3904	spaced
SUPER_1	33352873	33353470	IR	320	.	33353119	0.320	1.000	54	143112	33352873	33353108	33353235	33353470	181988040	33189471	33439471	54	2728	235	127	immediate
SUPER_1	106439448	106441934	IR	320	.	106440657	0.320	0.689	50	2629	106439448	106439662	106441720	106442025	181988040	106283719	106533719	59	2616	214	2058	spaced
SUPER_1	2698859	2718866	IR	320	.	2709109	0.320	0.949	44	19986	2698859	2699214	2718521	2718866	181988040	2517047	2767047	0	3196	345	19307	spaced
SUPER_1	49593666	49606386	IR	320	.	49600015	0.320	0.619	44	12763	49593666	49596319	49603734	49606386	181988040	49386444	49636444	44	3559	2652	7415	spaced
SUPER_1	125983896	126005731	IR	320	.	125994603	0.320	0.948	43	21900	125983896	125984459	126005168	126005731	181988040	125766893	126016893	43	3798	563	20709	spaced
SUPER_1	131538499	131609563	IR	320	.	131574534	0.320	0.793	43	71084	131538499	131539545	131608517	131609611	181988040	131483236	131733236	0	1513	1046	68972	spaced
SUPER_1	177649434	177731757	IR	320	.	177690701	0.320	0.947	43	82345	177649434	177649965	177731232	177731757	181988040	177487022	177737022	43	3392	525	81267	spaced
SUPER_1	89384674	89388287	IR	320	.	89386010	0.320	0.963	41	3595	89384674	89385128	89387833	89388287	181988040	89169884	89419884	0	3609	454	2705	spaced
SUPER_1	139210193	139220675	IR	320	.	139215044	0.320	0.969	41	10430	139210193	139210612	139220256	139220676	181988040	139027244	139277244	0	3136	419	9644	spaced
SUPER_1	43926352	43941929	IR	320	.	43934229	0.320	0.901	40	15612	43926352	43926673	43941608	43941949	181988040	43703451	43953451	41	3844	321	14935	spaced
SUPER_1	105540977	105562209	IR	320	.	105551864	0.320	0.965	40	21214	105540977	105541353	105561833	105562209	181988040	105324949	105574949	0	3777	376	20480	spaced
SUPER_1	175683256	175770629	IR	320	.	175727057	0.320	0.849	40	87371	175683256	175685315	175768591	175770629	181988040	175660061	175908590	40	1114	2038	83276	spaced
SUPER_1	103089019	103169660	IR	320	.	103128866	0.320	0.866	39	80659	103089019	103089553	103169126	103169698	181988040	103003146	103183349	0	2103	534	79573	spaced
SUPER_1	91181716	91290725	IR	320	.	91236741	0.320	0.389	37	54841	91181716	91236230	91236297	91290725	181988040	91136552	91386552	0	1661	54428	67	immediate
SUPER_1	170579342	170581983	IR	320	.	170580907	0.320	0.970	28	2580	170579342	170579640	170581685	170581983	181988040	170535887	170785887	0	746	298	2045	spaced
SUPER_1	18421413	18574613	IR	320	.	18498189	0.320	0.795	27	153232	18421413	18421983	18574043	18574645	181988040	18350497	18598304	33	2458	570	152060	wide
SUPER_1	162268719	162298000	IR	320	.	162283378	0.320	0.926	23	29284	162268719	162269083	162297637	162298000	181988040	162074951	162324951	23	3473	363	28554	spaced
SUPER_1	95004547	95025513	IR	320	.	95014744	0.320	0.611	22	20978	95004547	95004895	95025165	95025546	181988040	94792569	95042569	0	3707	348	20270	spaced
SUPER_1	153956177	154016187	IR	320	.	153985791	0.320	0.824	22	60000	153956177	153957816	154014548	154016200	181988040	153890508	154122607	0	1594	1639	56732	spaced
SUPER_1	107774786	107828481	IR	320	.	107801814	0.320	0.971	20	53692	107774786	107774996	107828271	107828481	181988040	107583719	107833719	20	3631	210	53275	spaced
SUPER_1	23077245	23236621	IR	319	.	23156718	0.319	0.954	555	160798	23077245	23081975	23231891	23236625	181988040	23013420	23263420	555	2391	4730	149916	wide
SUPER_1	148897075	148915194	IR	319	.	148905819	0.319	0.972	266	18100	148897075	148899337	148912943	148915194	181988040	148765560	149015560	0	2342	2251	13606	spaced
SUPER_1	67191733	67198379	IR	319	.	67194549	0.319	0.965	123	6629	67191733	67193071	67197042	67198379	181988040	67006403	67256403	0	3144	1337	3971	spaced
SUPER_1	38460686	38472726	IR	319	.	38466543	0.319	0.980	111	12210	38460686	38461327	38472087	38472726	181988040	38429462	38610091	144	620	639	10760	spaced
SUPER_1	148156853	148168522	IR	319	.	148163069	0.319	0.987	103	11616	148156853	148157530	148167845	148168522	181988040	147965635	148215635	0	3284	677	10315	spaced
SUPER_1	164494459	164512887	IR	319	.	164503644	0.319	0.891	99	18973	164494459	164496339	164511007	164512915	181988040	164328973	164578973	99	2911	1880	14668	spaced
SUPER_1	102973096	102985382	IR	319	.	102979485	0.319	0.899	74	12285	102973096	102974814	102983664	102985402	181988040	102767882	103002946	0	3522	1718	8850	spaced
SUPER_1	117290518	117347442	IR	319	.	117318733	0.319	1.000	74	56906	117290518	117290536	117347424	117347442	181988040	117130688	117357178	2	3138	18	56888	spaced
SUPER_1	14244842	14249917	IR	319	.	14247605	0.319	0.953	63	5329	14244842	14245464	14249295	14249917	181988040	14184299	14434299	63	1051	622	3831	spaced
SUPER_1	2029469	2048106	IR	319	.	2038714	0.319	0.947	56	25228	2029469	2029788	2047802	2048106	181988040	1817047	2067047	57	3695	304	18014	spaced
SUPER_1	53760184	53763297	IR	319	.	53762018	0.319	0.982	41	3096	53760184	53760411	53763074	53763297	181988040	53524367	53763362	0	3956	223	2663	spaced
SUPER_1	43467856	43486573	IR	319	.	43477327	0.319	0.991	40	18735	43467856	43468090	43486339	43486573	181988040	43253451	43503451	40	3729	234	18249	spaced
SUPER_1	8156359	8175179	IR	319	.	8165937	0.319	0.991	38	18848	8156359	8156589	8174949	8175179	181988040	7951595	8201595	38	3569	230	18360	spaced
SUPER_1	39550621	39581566	IR	319	.	39565804	0.319	0.930	36	30934	39550621	39550984	39581203	39581574	181988040	39378517	39628517	0	3126	363	30219	spaced
SUPER_1	92697803	92837282	IR	319	.	92767628	0.319	0.921	33	139641	92697803	92698284	92836802	92837282	181988040	92697383	92941712	33	1169	480	138518	wide
SUPER_1	77964322	78147184	IR	319	.	78055638	0.319	0.884	26	183017	77964322	77964767	78146752	78147184	181988040	77908425	78158425	26	2455	432	181985	wide
SUPER_1	137101514	137107213	IR	319	.	137104721	0.319	0.937	24	5681	137101514	137101847	137106889	137107213	181988040	136857584	137107584	0	4112	324	5042	spaced
SUPER_1	87334611	87355428	IR	319	.	87345487	0.319	0.877	23	20800	87334611	87335114	87354925	87355430	181988040	87109745	87359745	0	3921	503	19811	spaced
SUPER_1	45462641	45654491	IR	319	.	45558405	0.319	0.785	22	191870	45462641	45463863	45653269	45654494	181988040	45451110	45701110	22	1790	1222	189406	wide
SUPER_1	124680988	124687748	IR	319	.	124684046	0.319	0.975	21	6742	124680988	124681183	124687553	124687750	181988040	124451568	124701568	0	3879	195	6370	spaced
SUPER_1	32128188	32141269	IR	318	.	32134462	0.318	0.956	350	13061	32128188	32130154	32139388	32141269	181988040	31939471	32189471	0	3254	1881	9234	spaced
SUPER_1	115993332	116015073	IR	318	.	116003884	0.318	0.994	172	21710	115993332	115994338	116014070	116015073	181988040	115772949	116022949	0	3854	1003	19732	spaced
SUPER_1	23011878	23039390	IR	318	.	23025741	0.318	0.926	164	27817	23011878	23013943	23037348	23039390	181988040	22913420	23163420	167	1870	2042	23405	spaced
SUPER_1	89260880	89305467	IR	318	.	89282700	0.318	0.411	157	24258	89260880	89282047	89284300	89305467	181988040	89119884	89369884	0	2721	21167	2253	spaced
SUPER_1	59053448	59069893	IR	318	.	59061189	0.318	0.882	146	16426	59053448	59055289	59068063	59069893	181988040	58972247	59222247	0	1490	1830	12774	spaced
SUPER_1	12357650	12366090	IR	318	.	12361999	0.318	1.000	111	8499	12357650	12358160	12365580	12366090	181988040	12316946	12522911	111	748	510	7420	spaced
SUPER_1	167105536	167134847	IR	318	.	167120056	0.318	0.895	99	134678	167105536	167106888	167133514	167134847	181988040	166974754	167224754	100	2423	1333	26626	spaced
SUPER_1	166869840	166888658	IR	318	.	166879320	0.318	1.000	83	147330	166869840	166870221	166888277	166888658	181988040	166774754	167024754	84	1741	381	18056	spaced
SUPER_1	22754131	22758664	IR	318	.	22756587	0.318	0.992	74	4571	22754131	22754522	22758273	22758664	181988040	22513420	22763420	74	4049	391	3751	spaced
SUPER_1	29397261	29437539	IR	318	.	29417473	0.318	0.990	73	69966	29397261	29397665	29437135	29437539	181988040	29269128	29519128	75	2471	404	39470	spaced
SUPER_1	79332794	79336395	IR	318	.	79334617	0.318	0.873	61	3690	79332794	79334245	79334962	79336395	181988040	79124252	79353034	61	3505	1433	717	immediate
SUPER_1	18404506	18421592	IR	318	.	18412723	0.318	0.695	55	15318	18404506	18407621	18418477	18421648	181988040	18350497	18598304	0	1042	3115	10856	spaced
SUPER_1	120257292	120280154	IR	318	.	120269107	0.318	0.954	47	22857	120257292	120257541	120279905	120280166	181988040	120065817	120288706	0	3381	249	22364	spaced
SUPER_1	155544994	155563716	IR	318	.	155553947	0.318	1.000	43	18699	155544994	155545250	155563460	155563716	181988040	155350472	155600472	0	3397	256	18210	spaced
SUPER_1	68876534	68890057	IR	318	.	68883372	0.318	1.000	40	13612	68876534	68876725	68889866	68890057	181988040	68715224	68965224	40	2801	191	13141	spaced
SUPER_1	158820873	158871936	IR	318	.	158845986	0.318	0.404	39	25994	158820873	158846334	158846475	158871979	181988040	158692605	158942605	0	2563	25461	141	immediate
SUPER_1	144973490	145048110	IR	318	.	145011199	0.318	0.983	35	74597	144973490	144973783	145047817	145048110	181988040	144811530	145061530	0	3321	293	74034	spaced
SUPER_1	30434192	30493948	IR	318	.	30464188	0.318	0.848	31	59927	30434192	30434703	30493437	30493995	181988040	30352145	30602145	34	1865	511	58734	spaced
SUPER_1	9201835	9298517	IR	318	.	9250185	0.318	0.709	29	96762	9201835	9203124	9297255	9298517	181988040	9091548	9341548	37	2643	1262	94131	spaced
SUPER_1	176028757	176060042	IR	318	.	176044074	0.318	0.791	27	30958	176028757	176030868	176057990	176060042	181988040	175908790	176158790	0	2260	2052	27122	spaced
SUPER_1	111064212	111207218	IR	318	.	111135224	0.318	0.813	24	142818	111064212	111065401	111206058	111207218	181988040	110957421	111207421	0	2971	1160	140657	wide
SUPER_1	26781120	26789104	IR	318	.	26784774	0.318	0.574	21	7960	26781120	26781338	26788982	26789104	181988040	26765239	27015239	0	331	122	7644	spaced
SUPER_1	50059611	50065994	IR	318	.	50062625	0.318	0.960	21	6375	50059611	50059859	50065746	50065994	181988040	49944583	50194583	21	1970	248	5887	spaced
SUPER_1	70439520	70445086	IR	318	.	70441813	0.318	0.473	21	5558	70439520	70440933	70443673	70445099	181988040	70426086	70676086	0	270	1413	2740	spaced
SUPER_1	5899564	6055880	IR	318	.	5978010	0.318	0.390	20	156324	5899564	5977552	5977892	6055906	181988040	5879418	6129418	0	1638	77988	340	immediate
SUPER_1	116337787	116515859	IR	317	.	116426364	0.317	0.572	223	178054	116337787	116346513	116507144	116515859	181988040	116274346	116524346	0	2541	8715	160631	wide
SUPER_1	34706795	34714157	IR	317	.	34710117	0.317	1.000	170	7344	34706795	34707699	34713253	34714157	181988040	34705142	34955142	0	88	904	5554	spaced
SUPER_1	124978307	124987857	IR	317	.	124982929	0.317	0.994	149	9732	124978307	124978984	124987180	124987858	181988040	124966893	125216893	153	269	677	8196	spaced
SUPER_1	39445687	39457664	IR	317	.	39451884	0.317	0.994	138	12132	39445687	39446390	39456961	39457664	181988040	39228517	39478517	138	3719	703	10571	spaced
SUPER_1	155204391	155208713	IR	317	.	155206328	0.317	1.000	110	4425	155204391	155204886	155208218	155208713	181988040	154991923	155241923	102	3577	495	3332	spaced
SUPER_1	224072	235872	IR	317	.	230332	0.317	0.921	83	11782	224072	225838	234106	235872	181988040	0	250000	0	3832	1766	8268	spaced
SUPER_1	16072036	16082482	IR	317	.	16077647	0.317	0.740	61	10442	16072036	16073833	16080685	16082496	181988040	15842188	16092188	0	3917	1797	6852	spaced
SUPER_1	89247214	89247975	IR	317	.	89247422	0.317	1.000	54	17030	89247214	89247467	89247722	89247975	181988040	89219884	89469884	54	461	253	255	immediate
SUPER_1	84576496	84584227	IR	317	.	84580519	0.317	0.846	44	7795	84576496	84576736	84583987	84584266	181988040	84479590	84729590	48	1679	240	7251	spaced
SUPER_1	2759007	2815604	IR	317	.	2787506	0.317	1.000	43	38338	2759007	2759024	2815587	2815604	181988040	2567047	2817047	1	3670	17	56563	spaced
SUPER_1	105427267	105454444	IR	317	.	105440416	0.317	0.964	33	27155	105427267	105427630	105454081	105454444	181988040	105274949	105524949	0	2764	363	26451	spaced
SUPER_1	23663146	23668407	IR	317	.	23665450	0.317	0.824	32	5273	23663146	23663677	23667876	23668447	181988040	23614678	23864678	0	851	531	4199	spaced
SUPER_1	28689389	28731881	IR	317	.	28710431	0.317	0.833	26	42735	28689389	28689673	28731597	28731920	181988040	28521241	28771241	62	3156	284	41924	spaced
SUPER_1	22065531	22207398	IR	317	.	22136676	0.317	0.382	23	162813	22065531	22115391	22157538	22207416	181988040	22013420	22263420	25	2050	49860	42147	spaced
SUPER_1	168433736	168453714	IR	317	.	168444082	0.317	0.994	22	19954	168433736	168433898	168453552	168453715	181988040	168244889	168494889	0	3313	162	19654	spaced
SUPER_1	9150204	9180089	IR	317	.	9164793	0.317	0.865	21	29867	9150204	9150515	9179795	9180089	181988040	9091548	9341548	0	1226	294	29280	spaced
SUPER_1	61216180	61298120	IR	317	.	61256819	0.317	0.387	21	81876	61216180	61249486	61264849	61298120	181988040	61070841	61320841	0	3105	33271	15363	spaced
SUPER_1	152682597	152683622	IR	317	.	152683099	0.317	0.908	21	179674	152682597	152682738	152683481	152683634	181988040	152578614	152828614	31	1741	141	743	immediate
SUPER_1	45703866	45727516	IR	317	.	45715282	0.317	0.993	20	23625	45703866	45704011	45727371	45727516	181988040	45501110	45751110	0	3576	145	23360	spaced
SUPER_1	61469047	61474317	IR	317	.	61472155	0.317	0.993	20	5243	61469047	61469181	61474183	61474317	181988040	61270841	61520841	0	3347	134	5002	spaced
SUPER_1	154281036	154285229	IR	316	.	154282651	0.316	0.993	140	4141	154281036	154281981	154284284	154285229	181988040	154122807	154327228	0	2671	945	2303	spaced
SUPER_1	7639123	7658054	IR	316	.	7648490	0.316	0.996	112	19086	7639123	7639692	7657485	7658054	181988040	7451595	7701595	112	3283	569	17793	spaced
SUPER_1	176315077	176321950	IR	316	.	176318150	0.316	0.998	104	6850	176315077	176315709	176321318	176321950	181988040	176208211	176458211	0	1838	632	5609	spaced
SUPER_1	181068269	181074451	IR	316	.	181071782	0.316	0.981	101	6174	181068269	181068891	181073829	181074461	181988040	180849762	181099762	0	3693	622	4938	spaced
SUPER_1	89137081	89145169	IR	316	.	89140667	0.316	0.918	100	8071	89137081	89139378	89142872	89145169	181988040	89069884	89319884	0	1187	2297	3494	spaced
SUPER_1	175418379	175462929	IR	316	.	175440233	0.316	0.887	88	44539	175418379	175421932	175459376	175462938	181988040	175300944	175545368	0	2328	3553	37444	spaced
SUPER_1	151690612	151699906	IR	316	.	151695531	0.316	1.000	83	9272	151690612	151691095	151699423	151699906	181988040	151603972	151853972	0	1521	483	8328	spaced
SUPER_1	10730165	10733959	IR	316	.	10731864	0.316	1.000	82	3872	10730165	10730575	10733549	10733959	181988040	10491548	10741548	82	4008	410	2974	spaced
SUPER_1	138641687	138642970	IR	316	.	138642392	0.316	0.988	73	67985	138641687	138642117	138642540	138642970	181988040	138477244	138727244	73	2751	430	423	immediate
SUPER_1	82868882	82962813	IR	316	.	82915947	0.316	0.964	57	94665	82868882	82869442	82962253	82962814	181988040	82835238	83085238	57	1343	560	92811	spaced
SUPER_1	176573584	176581584	IR	316	.	176577869	0.316	1.000	50	7980	176573584	176573881	176581287	176581584	181988040	176358211	176608211	0	3656	297	7406	spaced
SUPER_1	60244502	60248216	IR	316	.	60246530	0.316	0.962	46	3768	60244502	60244757	60247961	60248217	181988040	60020841	60270841	46	3758	255	3204	spaced
SUPER_1	156904373	156925108	IR	316	.	156914915	0.316	1.000	44	20762	156904373	156904589	156924892	156925108	181988040	156834421	157084421	44	1338	216	20303	spaced
SUPER_1	164392535	164440268	IR	316	.	164416676	0.316	0.960	43	47705	164392535	164392902	164439901	164440277	181988040	164228973	164478973	0	3123	367	46999	spaced
SUPER_1	11308651	11500109	IR	316	.	11404194	0.316	0.893	34	191566	11308651	11309386	11499374	11500129	181988040	11291548	11541548	34	1880	735	189988	wide
SUPER_1	36888616	37020381	IR	316	.	36954273	0.316	0.395	26	137270	36888616	36948099	36960905	37020381	181988040	36848702	37098702	26	1763	59476	12806	spaced
SUPER_1	137024487	137027913	IR	316	.	137026513	0.316	0.904	26	3426	137024487	137024709	137027691	137027931	181988040	136857584	137107584	0	2810	222	2982	spaced
SUPER_1	41184742	41327820	IR	316	.	41255886	0.316	0.394	25	139613	41184742	41250522	41262040	41327855	181988040	41115717	41365717	0	2342	65780	11518	spaced
SUPER_1	172808605	172816439	IR	316	.	172812719	0.316	0.969	25	7869	172808605	172808859	172816185	172816439	181988040	172620220	172870220	25	3204	254	7326	spaced
SUPER_1	90813740	90817784	IR	316	.	90815966	0.316	0.839	23	4154	90813740	90813901	90817647	90817784	181988040	90683958	90836352	58	2196	137	3746	spaced
SUPER_1	93846235	93854844	IR	316	.	93850597	0.316	1.000	23	8621	93846235	93846353	93854726	93854844	181988040	93651112	93899536	27	3323	118	8373	spaced
SUPER_1	22253606	22258740	IR	316	.	22255724	0.316	1.000	21	5115	22253606	22253730	22258616	22258740	181988040	22113420	22363420	0	2379	124	4886	spaced
SUPER_1	53499656	53504790	IR	316	.	53502672	0.316	1.000	21	5115	53499656	53499778	53504668	53504790	181988040	53274367	53524367	0	3797	122	4890	spaced
SUPER_1	158231043	158274751	IR	315	.	158252788	0.315	0.982	369	44322	158231043	158233232	158272565	158274751	181988040	158074751	158276259	369	2968	2186	39333	spaced
SUPER_1	148696765	148715339	IR	315	.	148705622	0.315	0.988	293	18573	148696765	148698538	148713566	148715358	181988040	148491861	148726453	0	3569	1773	15028	spaced
SUPER_1	36311654	36362296	IR	315	.	36337105	0.315	1.000	292	50943	36311654	36313002	36360948	36362296	181988040	36298702	36548702	292	637	1348	47946	spaced
SUPER_1	75897010	75910669	IR	315	.	75903465	0.315	0.999	149	13640	75897010	75897872	75909807	75910669	181988040	75758425	76008425	0	2423	862	11935	spaced
SUPER_1	117727953	117795044	IR	315	.	117761989	0.315	0.871	113	67072	117727953	117730409	117792606	117795044	181988040	117607378	117857378	0	2568	2438	62197	spaced
SUPER_1	153734925	153739533	IR	315	.	153736906	0.315	0.988	105	4590	153734925	153735583	153738875	153739533	181988040	153701957	153890308	0	587	658	3292	spaced
SUPER_1	65197406	65202794	IR	315	.	65200505	0.315	0.967	98	5368	65197406	65198321	65201887	65202794	181988040	65196016	65446016	0	67	907	3566	spaced
SUPER_1	120561554	120567903	IR	315	.	120564586	0.315	0.998	97	6400	120561554	120562066	120567391	120567903	181988040	120338906	120588906	101	3763	512	5325	spaced
SUPER_1	119706109	119711231	IR	315	.	119708913	0.315	0.960	91	5065	119706109	119707404	119709936	119711231	181988040	119462857	119712857	0	4096	1295	2532	spaced
SUPER_1	151196072	151204817	IR	315	.	151200554	0.315	0.916	85	8926	151196072	151196454	151204435	151204852	181988040	151048561	151298561	98	2531	382	7981	spaced
SUPER_1	30002155	30083671	IR	315	.	30043082	0.315	0.993	83	81592	30002155	30002580	30083246	30083671	181988040	29841136	30091136	83	3362	425	80666	spaced
SUPER_1	104900526	104903721	IR	315	.	104902599	0.315	0.997	60	3170	104900526	104900889	104903358	104903721	181988040	104866840	105116840	0	587	363	2469	spaced
SUPER_1	89915467	89919362	IR	315	.	89917305	0.315	0.979	51	3909	89915467	89915754	89919075	89919362	181988040	89669884	89919884	51	4125	287	3321	spaced
SUPER_1	69807226	69810402	IR	315	.	69809105	0.315	0.983	38	3154	69807226	69807515	69810113	69810402	181988040	69576086	69826086	0	3878	289	2598	spaced
SUPER_1	1747210	1756043	IR	315	.	1751569	0.315	0.844	36	8904	1747210	1747479	1755774	1756066	181988040	1667047	1917047	36	1409	269	8295	spaced
SUPER_1	162075580	162079452	IR	315	.	162077123	0.315	0.874	27	3854	162075580	162076192	162078849	162079452	181988040	162074951	162324951	0	42	603	2657	spaced
SUPER_1	27277810	27381638	IR	315	.	27329532	0.315	0.819	25	103865	27277810	27278186	27381291	27381638	181988040	27165239	27415239	57	2741	347	103105	wide
SUPER_1	85176565	85185861	IR	315	.	85181306	0.315	0.855	24	9302	85176565	85176763	85185663	85185876	181988040	85079590	85308523	24	1693	198	8900	spaced
SUPER_1	6253021	6262939	IR	315	.	6257701	0.315	0.994	21	9893	6253021	6253182	6262778	6262939	181988040	6161606	6360047	0	1606	161	9596	spaced
SUPER_1	45166948	45182335	IR	314	.	45174526	0.314	0.999	585	16077	45166948	45169506	45179777	45182337	181988040	44969777	45209777	585	3414	2558	10271	spaced
SUPER_1	147529596	147564380	IR	314	.	147547062	0.314	0.997	220	35020	147529596	147530579	147563397	147564380	181988040	147465635	147715635	220	1355	983	32818	spaced
SUPER_1	70296017	70312202	IR	314	.	70304446	0.314	0.966	213	16161	70296017	70297429	70310791	70312202	181988040	70076086	70326086	0	3800	1411	13362	spaced
SUPER_1	120865425	120880312	IR	314	.	120873225	0.314	0.945	115	14869	120865425	120867130	120878607	120880312	181988040	120638906	120888906	0	3899	1705	11477	spaced
SUPER_1	63784865	63790366	IR	314	.	63787393	0.314	0.926	105	5598	63784865	63786338	63788894	63790366	181988040	63576567	63826567	105	3517	1472	2556	spaced
SUPER_1	174333812	174353663	IR	314	.	174343263	0.314	0.888	101	19832	174333812	174335749	174351734	174353663	181988040	174240976	174490976	0	1712	1929	15985	spaced
SUPER_1	45349839	45353259	IR	314	.	45351131	0.314	0.984	71	3395	45349839	45350333	45352766	45353259	181988040	45251110	45501110	0	1673	493	2433	spaced
SUPER_1	140305999	140455943	IR	314	.	140380944	0.314	0.390	52	150193	140305999	140378500	140383442	140455955	181988040	140221575	140471575	53	2656	72501	4942	spaced
SUPER_1	179752032	179823295	IR	314	.	179787849	0.314	0.782	38	71273	179752032	179752781	179822626	179823295	181988040	179618861	179868861	39	2813	669	69845	spaced
SUPER_1	154978164	155110762	IR	314	.	155044348	0.314	0.829	36	132601	154978164	154978684	155110287	155110762	181988040	154941923	155191923	36	1708	475	131603	wide
SUPER_1	42392077	42444582	IR	314	.	42417934	0.314	0.909	27	52507	42392077	42392373	42444286	42444606	181988040	42238586	42488586	0	2995	296	51913	spaced
SUPER_1	161460274	161462907	IR	314	.	161461822	0.314	0.798	23	2641	161460274	161460342	161462839	161462923	181988040	161374951	161624951	7	1443	68	2497	spaced
SUPER_1	112545100	112707689	IR	314	.	112626137	0.314	0.383	21	82317	112545100	112625583	112627206	112707802	181988040	112469964	112719964	0	2607	80483	1623	immediate
SUPER_1	6715439	6838859	IR	314	.	6777227	0.314	0.590	20	123538	6715439	6716848	6837498	6838859	181988040	6660247	6889774	32	1948	1361	120650	wide
SUPER_1	41644879	41767118	IR	314	.	41706345	0.314	0.850	20	122222	41644879	41645419	41766578	41767124	181988040	41565717	41815717	0	2337	540	121159	wide
SUPER_1	153292198	153298924	IR	313	.	153295206	0.313	0.984	253	6705	153292198	153293840	153297282	153298925	181988040	153087306	153337306	0	3470	1642	3442	spaced
SUPER_1	175989895	175995712	IR	313	.	175993234	0.313	0.944	191	5796	175989895	175991188	175994483	175995712	181988040	175908790	176158790	0	1400	1229	3295	spaced
SUPER_1	24513207	24544919	IR	313	.	24529361	0.313	0.930	112	31629	24513207	24514987	24543144	24544919	181988040	24314678	24564678	0	3572	1775	28157	spaced
SUPER_1	98160147	98243085	IR	313	.	98201687	0.313	0.964	102	83037	98160147	98160851	98242392	98243085	181988040	98005809	98255809	102	3263	693	81541	spaced
SUPER_1	154572995	154578284	IR	313	.	154576109	0.313	0.966	79	5271	154572995	154573872	154577407	154578284	181988040	154408597	154658597	0	2783	877	3535	spaced
SUPER_1	141465471	141468163	IR	313	.	141466817	0.313	0.992	68	2844	141465471	141465859	141467775	141468163	181988040	141325775	141575775	68	2350	388	1916	immediate
SUPER_1	15754526	15763214	IR	313	.	15759001	0.313	0.827	66	9082	15754526	15754737	15763003	15763258	181988040	15542188	15792188	150	3611	211	8266	spaced
SUPER_1	141090160	141099926	IR	313	.	141094613	0.313	0.950	57	9747	141090160	141090619	141099470	141099926	181988040	140871575	141121575	0	3724	456	8851	spaced
SUPER_1	65874517	65899983	IR	313	.	65886783	0.313	0.880	40	25434	65874517	65874826	65899710	65899983	181988040	65691876	65937315	0	3256	273	24884	spaced
SUPER_1	172373365	172382904	IR	313	.	172378590	0.313	0.841	38	9507	172373365	172374207	172382138	172382904	181988040	172320220	172570220	0	965	766	7931	spaced
SUPER_1	51117128	51126488	IR	313	.	51122098	0.313	1.000	37	9339	51117128	51117320	51126296	51126488	181988040	50899149	51149149	0	3710	192	8976	spaced
SUPER_1	121013384	121136211	IR	313	.	121074291	0.313	0.966	35	122798	121013384	121013797	121135798	121136212	181988040	120888906	121138906	0	3098	413	122001	wide
SUPER_1	76008216	76193953	IR	313	.	76101246	0.313	0.848	33	185856	76008216	76008684	76193485	76193955	181988040	75958425	76208425	33	2377	468	184801	wide
SUPER_1	121354230	121396871	IR	313	.	121375132	0.313	0.975	31	42621	121354230	121354513	121396588	121396871	181988040	121188906	121438906	0	3110	283	42075	spaced
SUPER_1	4230917	4235753	IR	313	.	4233630	0.313	0.681	30	4764	4230917	4233222	4233477	4235753	181988040	4213259	4463259	0	334	2276	255	immediate
SUPER_1	173394752	173414875	IR	313	.	173405273	0.313	1.000	27	20095	173394752	173394886	173414741	173414875	181988040	173350005	173600005	0	913	134	19855	spaced
SUPER_1	166292122	166323585	IR	313	.	166307725	0.313	0.800	26	31563	166292122	166293037	166322715	166323585	181988040	166206186	166456186	26	1694	870	29678	spaced
SUPER_1	131024897	131028680	IR	313	.	131027057	0.313	0.968	25	3760	131024897	131025209	131028368	131028680	181988040	130802795	131052795	0	3733	312	3159	spaced
SUPER_1	86447153	86465883	IR	313	.	86456789	0.313	0.850	20	18733	86447153	86447569	86465467	86465908	181988040	86305545	86555545	0	2516	416	17898	spaced
SUPER_1	3252397	3275317	IR	312	.	3263965	0.312	0.992	501	23465	3252397	3254886	3272828	3275318	181988040	3251133	3501133	501	211	2489	17942	spaced
SUPER_1	170885411	170906753	IR	312	.	170896193	0.312	0.997	362	21826	170885411	170887139	170905026	170906753	181988040	170685887	170935887	362	3503	1727	17887	spaced
SUPER_1	83850271	83872531	IR	312	.	83861496	0.312	0.977	353	23190	83850271	83852157	83870645	83872551	181988040	83735238	83985238	353	2102	1886	18488	spaced
SUPER_1	8099482	8121784	IR	312	.	8110806	0.312	0.917	241	23009	8099482	8101561	8119804	8121784	181988040	8001595	8251595	241	1817	1980	18243	spaced
SUPER_1	164630518	164634329	IR	312	.	164632591	0.312	0.984	141	4042	164630518	164631289	164633558	164634329	181988040	164528973	164778973	158	1724	771	2269	spaced
SUPER_1	1150144	1224496	IR	312	.	1187585	0.312	0.967	134	74324	1150144	1151594	1223046	1224497	181988040	1084407	1252789	0	1715	1450	71452	spaced
SUPER_1	177144692	177164827	IR	312	.	177154891	0.312	0.889	123	21865	177144692	177145971	177163595	177164827	181988040	177090045	177259593	123	1078	1232	17624	spaced
SUPER_1	30949481	30958627	IR	312	.	30953714	0.312	0.954	117	9130	30949481	30950890	30957218	30958629	181988040	30752145	31002145	0	3365	1409	6328	spaced
SUPER_1	131346224	131349123	IR	312	.	131347552	0.312	0.998	115	3007	131346224	131346778	131348569	131349123	181988040	131283236	131533236	115	1073	554	1791	immediate
SUPER_1	157653194	157656481	IR	312	.	157654449	0.312	0.983	106	3270	157653194	157654012	157655663	157656483	181988040	157534421	157784421	0	2006	818	1651	immediate
SUPER_1	59369792	59378258	IR	312	.	59374246	0.312	0.973	64	8415	59369792	59370016	59378034	59378258	181988040	59172247	59378288	51	3362	224	8018	spaced
SUPER_1	154038414	154057338	IR	312	.	154047859	0.312	1.000	64	18950	154038414	154038686	154057066	154057338	181988040	153890508	154122607	64	2622	272	18380	spaced
SUPER_1	162080723	162095284	IR	312	.	162087859	0.312	0.988	64	14664	162080723	162081134	162094873	162095284	181988040	161924951	162174951	64	2717	411	13739	spaced
SUPER_1	25021438	25024955	IR	312	.	25023683	0.312	0.966	53	3496	25021438	25021855	25024544	25024955	181988040	24814678	25064678	0	3475	411	2689	spaced
SUPER_1	176187633	176204257	IR	312	.	176195681	0.312	0.951	50	16608	176187633	176188247	176203643	176204260	181988040	175958790	176208011	0	3952	614	15396	spaced
SUPER_1	14060446	14065829	IR	312	.	14062671	0.312	0.950	45	5351	14060446	14060977	14065301	14065829	181988040	13834682	14084099	0	3807	528	4324	spaced
SUPER_1	6985525	7094568	IR	312	.	7039769	0.312	0.000	42	109808	6985525	6985788	7094305	7095350	181988040	6951595	7201595	6	1473	263	108517	wide
SUPER_1	43398246	43400497	IR	312	.	43399188	0.312	0.994	40	2280	43398246	43398426	43400317	43400497	181988040	43153451	43403451	40	4098	180	1891	immediate
SUPER_1	104385080	104391405	IR	312	.	104388733	0.312	0.924	35	6294	104385080	104385676	104390819	104391405	181988040	104144830	104394830	0	4056	586	5143	spaced
SUPER_1	134256811	134260024	IR	312	.	134258886	0.312	0.967	31	3184	134256811	134257175	134259660	134260024	181988040	134044040	134294040	0	3572	364	2485	spaced
SUPER_1	75353344	75414825	IR	312	.	75383670	0.312	0.916	30	61464	75353344	75353886	75414283	75414827	181988040	75345036	75595036	0	650	542	60397	spaced
SUPER_1	165896862	166024648	IR	312	.	165960291	0.312	0.461	28	127438	165896862	165897229	166024298	166024648	181988040	165806186	166056186	0	2576	350	127069	wide
SUPER_1	166131965	166163715	IR	312	.	166147349	0.312	0.846	28	31619	166131965	166133307	166162373	166163715	181988040	165956186	166206186	0	3194	1342	29066	spaced
SUPER_1	168194896	168263818	IR	312	.	168229780	0.312	0.994	25	68904	168194896	168195050	168263664	168263818	181988040	168194889	168444889	0	574	154	68614	spaced
SUPER_1	172571020	172593140	IR	312	.	172581810	0.312	0.954	24	22098	172571020	172571260	172592900	172593140	181988040	172470220	172720220	0	1864	240	21640	spaced
SUPER_1	46418249	46527707	IR	312	.	46472605	0.312	0.839	20	109441	46418249	46418562	46527394	46527741	181988040	46292241	46542241	0	3012	313	108832	wide
SUPER_1	87796370	87930265	IR	312	.	87863286	0.312	0.852	20	133917	87796370	87796662	87929973	87930290	181988040	87709745	87959745	20	2559	292	133311	wide
SUPER_1	129304843	129328957	IR	311	.	129316628	0.311	1.000	481	24096	129304843	129307475	129326325	129328957	181988040	129101384	129351384	0	3591	2632	18850	spaced
SUPER_1	11054587	11076216	IR	311	.	11065509	0.311	0.999	412	22145	11054587	11056463	11074340	11076216	181988040	10841548	11091548	412	3730	1876	17877	spaced
SUPER_1	88709937	88732763	IR	311	.	88721463	0.311	0.967	385	23312	88709937	88712384	88730317	88732763	181988040	88486406	88736406	385	3915	2446	17933	spaced
SUPER_1	174742994	174765783	IR	311	.	174754304	0.311	0.971	361	23193	174742994	174745139	174763656	174765783	181988040	174627522	174877522	361	2114	2127	18517	spaced
SUPER_1	12977891	13001172	IR	311	.	12989459	0.311	0.993	115	23348	12977891	12978488	13000575	13001172	181988040	12784682	13034682	115	3414	597	22087	spaced
SUPER_1	175863588	175872291	IR	311	.	175867687	0.311	0.875	97	8683	175863588	175865948	175869955	175872291	181988040	175660061	175908590	0	3464	2336	4007	spaced
SUPER_1	25031332	25035229	IR	311	.	25033117	0.311	0.993	54	3925	25031332	25031616	25034945	25035229	181988040	24814678	25064678	54	3643	284	3329	spaced
SUPER_1	60118130	60139514	IR	311	.	60129205	0.311	0.468	48	19439	60118130	60120349	60137295	60139595	181988040	59920841	60170841	0	3466	2219	16946	spaced
SUPER_1	102834860	102863161	IR	311	.	102848599	0.311	0.891	46	28279	102834860	102836114	102861917	102863161	181988040	102717882	102967882	0	2185	1244	25803	spaced
SUPER_1	130143997	130167380	IR	311	.	130155199	0.311	1.000	36	23348	130143997	130144204	130167173	130167380	181988040	129938422	130188422	0	3620	207	22969	spaced
SUPER_1	168139612	168142549	IR	311	.	168140845	0.311	0.957	32	3012	168139612	168139917	168142244	168142549	181988040	167974754	168194689	32	2771	305	2327	spaced
SUPER_1	74292924	74298965	IR	311	.	74295929	0.311	1.000	27	6058	74292924	74293025	74298864	74298965	181988040	74059090	74309090	27	3947	101	5839	spaced
SUPER_1	73858054	73877292	IR	311	.	73867912	0.311	0.949	26	19212	73858054	73858329	73877019	73877292	181988040	73786008	73908890	0	1360	273	18690	spaced
SUPER_1	115810755	115919049	IR	311	.	115865400	0.311	0.757	25	108064	115810755	115811524	115918336	115919049	181988040	115672949	115922949	0	3199	713	106812	wide
SUPER_1	149148076	149200157	IR	311	.	149173943	0.311	0.962	24	52069	149148076	149148338	149199896	149200157	181988040	149128235	149206287	24	764	261	51558	spaced
SUPER_1	39989395	39996189	IR	311	.	39992635	0.311	1.000	22	6798	39989395	39989504	39996080	39996189	181988040	39778517	40028517	22	3571	109	6576	spaced
SUPER_1	93009127	93069427	IR	311	.	93039724	0.311	0.746	22	60218	93009127	93009408	93069146	93069493	181988040	92991912	93241912	0	789	281	59738	spaced
SUPER_1	181451577	181509822	IR	311	.	181480890	0.311	0.852	21	58517	181451577	181451883	181509516	181509854	181988040	181387059	181637059	21	1560	306	57633	spaced
SUPER_1	18217415	18239639	IR	310	.	18228414	0.310	0.980	413	23301	18217415	18219532	18237522	18239671	181988040	18042188	18292188	413	3105	2117	17990	spaced
SUPER_1	73048563	73069915	IR	310	.	73059124	0.310	0.992	386	21821	73048563	73050354	73068131	73069915	181988040	72860593	73110593	386	3310	1784	17777	spaced
SUPER_1	4544881	4569047	IR	310	.	4556535	0.310	0.994	226	24149	4544881	4546292	4567636	4569047	181988040	4513259	4729488	0	728	1411	21344	spaced
SUPER_1	103776717	103831772	IR	310	.	103804306	0.310	0.998	203	55346	103776717	103777661	103830828	103831774	181988040	103585082	103835082	203	3652	944	53167	spaced
SUPER_1	116226092	116238743	IR	310	.	116232294	0.310	0.979	151	12813	116226092	116227048	116237787	116238743	181988040	116224346	116474346	151	134	956	10739	spaced
SUPER_1	63252529	63314155	IR	310	.	63283778	0.310	0.841	137	61590	63252529	63255103	63311581	63314165	181988040	63126567	63376567	0	2612	2574	56478	spaced
SUPER_1	155338797	155349239	IR	310	.	155344009	0.310	1.000	132	10582	155338797	155339409	155348627	155349239	181988040	155141923	155350272	135	3368	612	9218	spaced
SUPER_1	181242945	181294289	IR	310	.	181268944	0.310	0.997	70	51315	181242945	181243319	181293915	181294289	181988040	181049762	181299762	0	3647	374	50596	spaced
SUPER_1	94145457	94150083	IR	310	.	94147292	0.310	0.982	54	4604	94145457	94145840	94149700	94150083	181988040	93949736	94199736	0	3300	383	3860	spaced
SUPER_1	153363463	153384701	IR	310	.	153374479	0.310	0.775	35	21217	153363463	153364744	153383492	153384701	181988040	153137306	153387306	0	3946	1209	18748	spaced
SUPER_1	51430578	51537280	IR	310	.	51483586	0.310	0.921	32	106676	51430578	51430883	51536975	51537280	181988040	51299149	51549149	0	3079	305	106092	wide
SUPER_1	69873575	69878652	IR	310	.	69875836	0.310	1.000	29	5053	69873575	69873741	69878486	69878652	181988040	69676086	69926086	0	3333	166	4745	spaced
SUPER_1	71856917	71933663	IR	310	.	71894883	0.310	0.952	26	76711	71856917	71857224	71933356	71933668	181988040	71725575	71975575	0	2828	307	76132	spaced
SUPER_1	137910246	137912484	IR	310	.	137911159	0.310	0.936	22	2961	137910246	137910403	137912334	137912484	181988040	137707584	137927044	15	3396	150	1931	immediate
SUPER_1	87031134	87153088	IR	310	.	87092570	0.310	0.384	20	62731	87031134	87090771	87093451	87153128	181988040	87009745	87259745	0	1372	59637	2680	spaced
SUPER_1	150467603	150491920	IR	309	.	150479818	0.309	0.999	381	24780	150467603	150469336	150490187	150491920	181988040	150298561	150548561	381	3019	1733	20851	spaced
SUPER_1	88976850	88980309	IR	309	.	88978297	0.309	0.986	103	3442	88976850	88977434	88979725	88980314	181988040	88736406	88986406	0	4036	584	2291	spaced
SUPER_1	156572902	156704018	IR	309	.	156638488	0.309	0.932	93	131542	156572902	156573931	156703015	156704018	181988040	156460293	156710293	93	2969	1003	129084	wide
SUPER_1	85399666	85401911	IR	309	.	85401158	0.309	0.992	40	2222	85399666	85399929	85401648	85401911	181988040	85308723	85558723	0	1534	263	1719	immediate
SUPER_1	152470657	152569105	IR	309	.	152519904	0.309	0.436	23	98467	152470657	152472668	152567103	152569105	181988040	152348590	152578414	23	2854	2002	94435	spaced
SUPER_1	69374869	69381796	IR	309	.	69378325	0.309	0.988	22	6916	69374869	69375030	69381635	69381796	181988040	69176086	69426086	22	3370	161	6605	spaced
SUPER_1	1719629	1741886	IR	308	.	1730977	0.308	0.953	269	23020	1719629	1721619	1739896	1741886	181988040	1667047	1917047	263	1061	1990	18277	spaced
SUPER_1	118134751	118140982	IR	308	.	118138370	0.308	0.927	148	6277	118134751	118135994	118139739	118141049	181988040	117907378	118157378	0	3841	1243	3745	spaced
SUPER_1	25011926	25021000	IR	308	.	25016285	0.308	1.000	144	9205	25011926	25012571	25020355	25021000	181988040	24814678	25064678	144	3362	645	7784	spaced
SUPER_1	24725266	24764611	IR	308	.	24745102	0.308	1.000	130	39451	24725266	24725863	24764014	24764611	181988040	24514678	24764678	130	3837	597	38151	spaced
SUPER_1	1619047	1646206	IR	308	.	1632689	0.308	0.996	94	27213	1619047	1619533	1645720	1646206	181988040	1617047	1867047	94	259	486	26187	spaced
SUPER_1	168814597	168835239	IR	308	.	168824826	0.308	0.988	75	20832	168814597	168815077	168834759	168835239	181988040	168594889	168844889	75	3833	480	19682	spaced
SUPER_1	177560101	177563285	IR	308	.	177561890	0.308	0.923	75	3237	177560101	177560541	177562873	177563285	181988040	177487022	177737022	75	1244	412	2332	spaced
SUPER_1	103518890	103534543	IR	308	.	103526224	0.308	0.532	42	15566	103518890	103520538	103532895	103534543	181988040	103333549	103534882	0	3219	1648	12357	spaced
SUPER_1	166167231	166169328	IR	308	.	166167905	0.308	0.988	41	2045	166167231	166167566	166168993	166169328	181988040	165956186	166206186	0	3534	335	1427	immediate
SUPER_1	27080465	27085998	IR	308	.	27083686	0.308	0.885	40	5480	27080465	27081108	27085395	27085998	181988040	26865239	27115239	0	3633	603	4287	spaced
SUPER_1	67478254	67651613	IR	308	.	67565329	0.308	0.909	34	173329	67478254	67478803	67651065	67651613	181988040	67406403	67656403	0	2642	548	172262	wide
SUPER_1	30254710	30304418	IR	308	.	30279421	0.308	0.895	33	49742	30254710	30255623	30303505	30304429	181988040	30252145	30502145	33	456	913	47882	spaced
SUPER_1	50329168	50333449	IR	308	.	50330893	0.308	1.000	27	4261	50329168	50329291	50333326	50333449	181988040	50094583	50344583	0	3945	123	4035	spaced
SUPER_1	78595847	78601183	IR	308	.	78598403	0.308	0.993	23	5321	78595847	78595986	78601044	78601183	181988040	78474252	78724252	23	2070	139	5058	spaced
SUPER_1	89570482	89805382	IR	308	.	89687502	0.308	0.801	20	233976	89570482	89572001	89803864	89805382	181988040	89569884	89819884	0	1967	1518	231863	wide
SUPER_1	90879317	90894412	IR	307	.	90887360	0.307	0.906	290	14971	90879317	90883660	90890069	90894449	181988040	90836552	91086552	0	838	4343	6409	spaced
SUPER_1	61545186	61559307	IR	307	.	61551856	0.307	0.968	106	14098	61545186	61546154	61558343	61559307	181988040	61320841	61570841	0	3856	964	12189	spaced
SUPER_1	172103607	172106951	IR	307	.	172105279	0.307	0.933	65	3453	172103607	172104472	172106086	172106952	181988040	171885887	172135887	65	3656	865	1614	immediate
SUPER_1	39652312	39656220	IR	307	.	39654433	0.307	0.996	52	3947	39652312	39652592	39655940	39656220	181988040	39428517	39678517	52	3762	280	3348	spaced
SUPER_1	23048708	23050801	IR	307	.	23049985	0.307	0.972	44	2484	23048708	23048957	23050552	23050801	181988040	22813420	23063420	38	3938	249	1595	immediate
SUPER_1	9677683	9680530	IR	307	.	9679088	0.307	0.736	26	2941	9677683	9678088	9680193	9680530	181988040	9541548	9791548	26	2292	337	2105	spaced
SUPER_1	72351522	72442705	IR	306	.	72396880	0.306	0.996	100	91266	72351522	72352030	72442197	72442705	181988040	72320573	72570573	100	1275	508	90167	spaced
SUPER_1	18603485	18612552	IR	306	.	18607919	0.306	0.775	55	9054	18603485	18604390	18611647	18612578	181988040	18598504	18848504	100	158	905	7257	spaced
SUPER_1	59514551	59585498	IR	306	.	59549872	0.306	1.000	21	70934	59514551	59514663	59585386	59585498	181988040	59378488	59628488	21	2858	112	70723	spaced
SUPER_1	158416796	158427400	IR	306	.	158421791	0.306	0.846	21	10584	158416796	158418221	158426015	158427400	181988040	158276459	158488638	0	2427	1385	7794	spaced
SUPER_1	135254359	135277281	IR	305	.	135265987	0.305	0.930	221	23238	135254359	135256423	135275217	135277285	181988040	135099200	135349200	221	2776	2064	18794	spaced
SUPER_1	38444217	38458421	IR	305	.	38451002	0.305	0.997	216	14184	38444217	38445397	38457241	38458421	181988040	38429462	38610091	0	364	1180	11844	spaced
SUPER_1	167974411	167977282	IR	305	.	167975750	0.305	0.992	73	2920	167974411	167974782	167976911	167977282	181988040	167924754	168174754	73	851	371	2129	spaced
SUPER_1	160962538	160963677	IR	305	.	160962967	0.305	0.983	69	2373	160962538	160962954	160963261	160963677	181988040	160728588	160969591	71	3908	416	307	immediate
SUPER_1	167549700	167552571	IR	305	.	167551232	0.305	0.989	69	2920	167549700	167550071	167552200	167552571	181988040	167324754	167574754	69	3772	371	2129	spaced
SUPER_1	167756528	167759399	IR	305	.	167758060	0.305	0.989	69	2920	167756528	167756899	167759028	167759399	181988040	167524754	167774754	69	3886	371	2129	spaced
SUPER_1	84462552	84491441	IR	305	.	84476745	0.305	0.959	38	28847	84462552	84462946	84491050	84491441	181988040	84279590	84529590	0	3289	391	28104	spaced
SUPER_1	162377554	162394569	IR	305	.	162385718	0.305	0.990	25	16994	162377554	162377758	162394365	162394569	181988040	162174951	162424951	0	3518	204	16607	spaced
SUPER_1	165070263	165074371	IR	305	.	165071971	0.305	0.839	25	4020	165070263	165070718	165073969	165074371	181988040	164878973	165128973	0	3222	402	3251	spaced
SUPER_1	90826496	90835772	IR	304	.	90830687	0.304	0.881	62	9265	90826496	90828438	90833830	90835781	181988040	90683958	90836352	0	2452	1942	5392	spaced
SUPER_1	23922576	24123314	IR	304	.	24023390	0.304	0.387	49	200759	23922576	23959827	24086063	24123357	181988040	23914678	24164678	0	1804	37251	126236	wide
SUPER_1	160514478	160533952	IR	304	.	160524531	0.304	1.000	47	19454	160514478	160514740	160533690	160533952	181988040	160478588	160728588	0	760	262	18950	spaced
SUPER_1	155142037	155167965	IR	304	.	155155223	0.304	0.718	43	25982	155142037	155143045	155166957	155167966	181988040	154941923	155191923	43	3551	1008	23912	spaced
SUPER_1	99322342	99341547	IR	304	.	99331757	0.304	1.000	34	19211	99322342	99322507	99341382	99341547	181988040	99310838	99560838	34	351	165	18875	spaced
SUPER_1	120288910	120395620	IR	304	.	120341905	0.304	0.918	32	106689	120288910	120289214	120395330	120395620	181988040	120288906	120538906	0	889	290	106116	wide
SUPER_1	63937083	64100123	IR	304	.	64018477	0.304	0.415	25	163141	63937083	63941949	64095257	64100184	181988040	63876567	64126567	29	2367	4866	153308	wide
SUPER_1	143977309	144025821	IR	304	.	144001905	0.304	0.773	23	48492	143977309	143977850	144025283	144025821	181988040	143911530	144161530	0	1500	538	47433	spaced
SUPER_1	157804994	157811110	IR	303	.	157808384	0.303	0.985	102	6086	157804994	157805711	157810400	157811110	181988040	157584421	157824551	0	3727	710	4689	spaced
SUPER_1	7872641	7885088	IR	303	.	7879215	0.303	0.997	65	12420	7872641	7873008	7884721	7885088	181988040	7651595	7901595	0	3787	367	11713	spaced
SUPER_1	109690350	109891679	IR	303	.	109791355	0.303	0.816	23	201284	109690350	109690684	109891345	109891679	181988040	109677404	109927404	0	1893	334	200661	wide
SUPER_1	22238877	22241026	IR	303	.	22240161	0.303	0.903	22	2148	22238877	22239001	22240914	22241026	181988040	22113420	22363420	23	2108	112	1913	immediate
SUPER_1	77353577	77356304	IR	302	.	77354763	0.302	0.987	65	2761	77353577	77353974	77355909	77356304	181988040	77108425	77358425	65	4108	395	1935	immediate
SUPER_1	79479364	79668556	IR	302	.	79573833	0.302	0.993	53	189224	79479364	79479668	79668252	79668556	181988040	79431260	79681260	53	2378	304	188584	wide
SUPER_1	67244642	67263910	IR	302	.	67254539	0.302	0.958	45	19246	67244642	67244952	67263612	67263910	181988040	67206403	67456403	0	797	298	18660	spaced
SUPER_1	135034774	135144615	IR	302	.	135089756	0.302	0.982	21	109834	135034774	135034886	135144503	135144615	181988040	134999200	135249200	21	1508	112	109617	wide
SUPER_1	149945641	149953039	IR	302	.	149949653	0.302	0.871	20	7184	149945641	149946664	149952016	149953042	181988040	149885065	150135065	0	1071	1023	5352	spaced
SUPER_1	48664533	48676045	IR	301	.	48670504	0.301	1.000	110	11605	48664533	48664993	48675585	48676045	181988040	48456298	48706298	110	3566	460	10592	spaced
SUPER_1	70589313	70592563	IR	301	.	70590541	0.301	0.953	77	3243	70589313	70589822	70592054	70592585	181988040	70376086	70626086	0	3580	509	2232	spaced
SUPER_1	175094515	175101672	IR	301	.	175097941	0.301	0.976	70	7496	175094515	175095093	175101094	175101672	181988040	174927522	175177522	70	2842	578	6001	spaced
SUPER_1	95882748	95885998	IR	301	.	95884837	0.301	0.983	56	3231	95882748	95883214	95885532	95885999	181988040	95686664	95936664	0	3295	466	2318	spaced
SUPER_1	180633075	180636482	IR	301	.	180634944	0.301	0.945	40	3542	180633075	180633514	180636049	180636482	181988040	180418861	180668861	40	3598	433	2535	spaced
SUPER_1	110797220	110816589	IR	301	.	110806489	0.301	0.929	27	19352	110797220	110797527	110816282	110816592	181988040	110607421	110857421	0	3324	307	18755	spaced
SUPER_1	136422613	136436650	IR	301	.	136429367	0.301	0.920	23	14012	136422613	136423131	136436132	136436659	181988040	136199200	136449200	0	3840	518	13001	spaced
SUPER_1	56050553	56055126	IR	301	.	56052684	0.301	0.918	22	4559	56050553	56050841	56054842	56055126	181988040	56013047	56263047	22	663	284	4001	spaced
SUPER_1	121262202	121269941	IR	300	.	121266207	0.300	0.992	72	7787	121262202	121262587	121269556	121269941	181988040	121038906	121288906	72	3785	385	6969	spaced
SUPER_1	173221188	173240432	IR	300	.	173230850	0.300	0.592	36	19273	173221188	173221501	173240171	173240432	181988040	173020220	173270220	36	3509	261	18670	spaced
SUPER_1	158706027	158725480	IR	300	.	158716076	0.300	0.880	28	19452	158706027	158706299	158725208	158725500	181988040	158642605	158892605	0	1219	272	18909	spaced
SUPER_1	163184760	163188313	IR	299	.	163186903	0.299	0.954	56	3531	163184760	163185177	163187913	163188313	181988040	162988151	163238151	0	3306	400	2736	spaced
SUPER_1	146661475	146674713	IR	299	.	146668066	0.299	0.913	20	13432	146661475	146661830	146674364	146674713	181988040	146461530	146711530	20	3442	349	12534	spaced
SUPER_1	100186152	100200161	IR	298	.	100192683	0.298	0.998	82	13979	100186152	100186641	100199672	100200161	181988040	99962312	100212312	0	3847	489	13031	spaced
SUPER_1	131161950	131202696	IR	298	.	131182106	0.298	0.885	55	40870	131161950	131163690	131200956	131202704	181988040	131052795	131256795	55	2158	1740	37266	spaced
SUPER_1	13926951	13948782	IR	298	.	13937841	0.298	0.958	40	87955	13926951	13927432	13948301	13948782	181988040	13784682	14034682	40	2552	481	20869	spaced
SUPER_1	2333165	2349444	IR	297	.	2341414	0.297	0.997	77	16341	2333165	2333540	2349069	2349444	181988040	2117047	2367047	81	3737	375	15529	spaced
SUPER_1	121521387	121580677	IR	297	.	121551438	0.297	0.875	44	59272	121521387	121522552	121579533	121580677	181988040	121338906	121588906	0	3535	1144	56981	spaced
SUPER_1	84134917	84157013	IR	297	.	84145650	0.297	0.962	29	22075	84134917	84135208	84156727	84157013	181988040	83985238	84235238	0	2678	286	21519	spaced
SUPER_1	154560198	154568060	IR	296	.	154563919	0.296	0.954	115	8359	154560198	154561293	154566965	154568063	181988040	154458597	154708597	116	1758	1095	5672	spaced
SUPER_1	128034276	128038364	IR	296	.	128036003	0.296	0.996	79	4068	128034276	128034780	128037860	128038364	181988040	128008258	128101184	0	467	504	3080	spaced
SUPER_1	169553485	169638891	IR	296	.	169595661	0.296	0.820	54	85254	169553485	169555543	169636833	169638897	181988040	169394889	169644889	0	3354	2058	81290	spaced
SUPER_1	15465466	15485161	IR	295	.	15474843	0.295	0.993	43	19678	15465466	15465739	15484890	15485161	181988040	15442188	15692188	0	551	271	19151	spaced
SUPER_1	146530116	146533045	IR	295	.	146531132	0.295	0.987	32	2912	146530116	146530339	146532822	146533045	181988040	146311530	146561530	0	3667	223	2483	spaced
SUPER_1	170353802	170372727	IR	295	.	170363485	0.295	0.844	32	19511	170353802	170354924	170371605	170372752	181988040	170289855	170485687	32	1223	1122	16681	spaced
SUPER_1	106234261	106391920	IR	295	.	106312900	0.295	0.880	27	157752	106234261	106234765	106391416	106391920	181988040	106183719	106433719	27	2156	504	156651	wide
SUPER_1	143351931	143357930	IR	295	.	143354518	0.295	0.968	27	5959	143351931	143352145	143357716	143357932	181988040	143125775	143375775	0	3819	214	5571	spaced
SUPER_1	83263950	83306067	IR	295	.	83284949	0.295	0.710	23	42064	83263950	83263994	83306023	83306085	181988040	83085238	83335238	278	3329	44	42029	spaced
SUPER_1	57778081	57781386	IR	294	.	57779374	0.294	0.995	82	3288	57778081	57778628	57780840	57781386	181988040	57563047	57813047	0	3611	546	2212	spaced
SUPER_1	123590715	123595017	IR	294	.	123593286	0.294	0.986	32	4282	123590715	123590931	123594801	123595017	181988040	123401568	123651568	0	3188	216	3870	spaced
SUPER_1	152907218	152910670	IR	294	.	152908550	0.294	0.989	26	3428	152907218	152907394	152910494	152910670	181988040	152887306	153137306	0	360	176	3100	spaced
SUPER_1	175997957	176021555	IR	294	.	176009556	0.294	0.991	22	23589	175997957	175998073	176021439	176021556	181988040	175908790	176158790	22	1682	116	23366	spaced
SUPER_1	159648705	159677812	IR	293	.	159663227	0.293	0.996	456	29540	159648705	159650710	159675807	159677818	181988040	159461353	159678610	456	3364	2005	25097	spaced
SUPER_1	139704897	139708671	IR	293	.	139706654	0.293	0.995	74	3940	139704897	139705297	139708271	139708671	181988040	139477244	139727244	74	3825	400	2974	spaced
SUPER_1	102500472	102560077	IR	292	.	102529769	0.292	0.959	61	59490	102500472	102501195	102559354	102560080	181988040	102353503	102603503	0	2946	723	58159	spaced
SUPER_1	124122563	124298223	IR	292	.	124210202	0.292	0.897	61	175781	124122563	124123156	124297643	124298223	181988040	124101568	124351568	62	1813	580	174487	wide
SUPER_1	167618324	167626079	IR	291	.	167622621	0.291	0.955	51	7724	167618324	167618831	167625572	167626082	181988040	167474754	167724754	0	2457	507	6741	spaced
SUPER_1	56433984	56436641	IR	291	.	56434933	0.291	1.000	47	2629	56433984	56434223	56436402	56436641	181988040	56213047	56463047	0	3704	239	2179	spaced
SUPER_1	100388529	100486328	IR	290	.	100437430	0.290	0.858	61	97907	100388529	100390117	100484747	100486328	181988040	100262312	100512312	61	2918	1581	94630	spaced
SUPER_1	154821397	154830468	IR	290	.	154825738	0.290	0.965	54	9225	154821397	154821940	154829925	154830469	181988040	154608597	154858597	54	3622	543	7985	spaced
SUPER_1	70374078	70408758	IR	290	.	70391801	0.290	0.898	21	34655	70374078	70374322	70408522	70408758	181988040	70176086	70426086	0	3588	236	34200	spaced
SUPER_1	8523304	8538166	IR	289	.	8531022	0.289	0.997	51	14842	8523304	8523605	8537865	8538166	181988040	8351595	8601595	0	2985	301	14260	spaced
SUPER_1	128117310	128124760	IR	288	.	128120707	0.288	0.882	24	7429	128117310	128117678	128124392	128124765	181988040	128101384	128351384	0	327	368	6714	spaced
SUPER_1	107256258	107406598	IR	288	.	107330922	0.288	0.830	20	150326	107256258	107257006	107405850	107406604	181988040	107183719	107433719	0	2461	748	148844	wide
SUPER_1	127531649	127556231	IR	287	.	127543737	0.287	0.999	223	24837	127531649	127532663	127555217	127556231	181988040	127331966	127581966	223	3532	1014	22554	spaced
SUPER_1	157936425	157945419	IR	287	.	157940598	0.287	0.945	85	8971	157936425	157937837	157944007	157945419	181988040	157874751	158124751	0	1102	1412	6170	spaced
SUPER_1	5772488	5791069	IR	287	.	5781925	0.287	0.750	26	18729	5772488	5772886	5790671	5791137	181988040	5543611	5793611	34	3969	398	17785	spaced
SUPER_1	6093249	6104315	IR	286	.	6098376	0.286	0.995	130	11040	6093249	6094082	6103482	6104315	181988040	5879418	6129418	0	3655	833	9400	spaced
SUPER_1	105394373	105407669	IR	284	.	105401087	0.284	0.821	53	13338	105394373	105394603	105407439	105407709	181988040	105274949	105524949	86	2101	230	12836	spaced
SUPER_1	134102418	134157259	IR	284	.	134129344	0.284	0.717	21	54648	134102418	134105818	134153859	134157313	181988040	133994040	134244040	0	2263	3400	48041	spaced
SUPER_1	70054196	70075655	IR	282	.	70064487	0.282	0.408	23	21509	70054196	70054267	70075584	70075723	181988040	69876086	70126086	0	3147	71	21317	spaced
SUPER_1	72890750	72894968	IR	281	.	72892780	0.281	0.993	22	4198	72890750	72890884	72894834	72894968	181988040	72860593	73110593	22	537	134	3950	spaced
SUPER_1	86132208	86135900	IR	280	.	86133578	0.280	1.000	37	3670	86132208	86132422	86135686	86135900	181988040	85909786	86159786	0	3737	214	3264	spaced
SUPER_1	68184652	68193132	IR	279	.	68188901	0.279	0.991	197	8654	68184652	68185583	68192201	68193132	181988040	67965224	68215224	197	3727	931	6618	spaced
SUPER_1	101132616	101135934	IR	278	.	101133789	0.278	0.931	34	3315	101132616	101132832	101135718	101135950	181988040	100912312	101162312	0	3699	216	2886	spaced
SUPER_1	117872426	117894741	IR	278	.	117883964	0.278	0.919	24	22296	117872426	117872807	117894371	117894741	181988040	117757378	118007378	0	2103	370	21564	spaced
SUPER_1	162632088	162635218	IR	275	.	162634108	0.275	1.000	37	3107	162632088	162632312	162634994	162635218	181988040	162424951	162637951	0	3478	224	2682	spaced
SUPER_X1	30731374	30733876	IR	777	.	30732270	0.777	0.950	31	2483	30731374	30731818	30733434	30733876	101203860	30719588	30946769	0	217	442	1616	immediate
SUPER_X1	71166006	71168222	IR	678	.	71167114	0.678	0.980	90	2273	71166006	71166564	71167664	71168222	101203860	70936605	71186605	90	3841	558	1100	immediate
SUPER_X1	68610979	68612227	IR	622	.	68611603	0.622	0.993	78	60219	68610979	68611386	68611820	68612227	101203860	68400212	68650212	78	3523	407	434	immediate
SUPER_X1	80921767	80923397	IR	571	.	80922582	0.571	0.996	56	74287	80921767	80922049	80923115	80923397	101203860	80753303	81003303	57	2821	282	1066	immediate
SUPER_X1	42905305	42906049	IR	555	.	42905677	0.555	1.000	71	16103	42905305	42905585	42905769	42906049	101203860	42714622	42964622	71	3184	280	184	immediate
SUPER_X1	33024202	33027480	IR	552	.	33025841	0.552	0.917	48	3372	33024202	33025059	33026623	33027480	101203860	32791405	33041405	50	3907	857	1564	immediate
SUPER_X1	26261606	26263636	IR	547	.	26262621	0.547	0.965	50	2049	26261606	26261942	26263300	26263643	101203860	26077808	26327808	52	3080	336	1358	immediate
SUPER_X1	26920391	26922545	IR	534	.	26921468	0.534	1.000	87	2231	26920391	26920767	26922169	26922545	101203860	26742516	26992516	87	2982	376	1402	immediate
SUPER_X1	19133638	19135890	IR	533	.	19134764	0.533	1.000	99	2302	19133638	19134055	19135473	19135890	101203860	18906231	19156231	99	3808	417	1418	immediate
SUPER_X1	79390363	79391059	IR	530	.	79390711	0.530	0.997	55	62130	79390363	79390657	79390765	79391059	101203860	79221803	79471803	71	2814	294	108	immediate
SUPER_X1	93020270	93055254	IR	530	.	93038183	0.530	0.776	37	34954	93020270	93020952	93054572	93055344	101203860	92959560	93209560	0	1303	682	33620	spaced
SUPER_X1	27482080	27484419	IR	524	.	27483282	0.524	0.843	42	2475	27482080	27482737	27483762	27484486	101203860	27295139	27545139	44	3135	657	1025	immediate
SUPER_X1	35653698	35655921	IR	519	.	35654877	0.519	0.974	61	2313	35653698	35654206	35655413	35655921	101203860	35524646	35730037	62	2169	508	1207	immediate
SUPER_X1	70142044	70143382	IR	514	.	70142713	0.514	0.959	53	27612	70142044	70142356	70143070	70143386	101203860	70036605	70286605	70	1768	312	714	immediate
SUPER_X1	41655881	41662203	IR	504	.	41659160	0.504	1.000	21	12576	41655881	41655925	41662159	41662203	101203860	41527856	41738592	105	2186	44	6234	spaced
SUPER_X1	5885977	5889906	IR	498	.	5887595	0.498	0.946	45	3876	5885977	5886475	5889421	5889906	101203860	5661323	5911323	0	3776	485	2946	spaced
SUPER_X1	98326579	98331251	IR	491	.	98329007	0.491	0.972	48	4853	98326579	98326866	98330964	98331251	101203860	98117851	98367851	48	3517	287	4098	spaced
SUPER_X1	71862922	71865238	IR	484	.	71864076	0.484	0.914	125	2398	71862922	71864021	71864171	71865238	101203860	71736605	71986605	142	2124	1067	150	immediate
SUPER_X1	91907823	91908509	IR	484	.	91908166	0.484	1.000	52	21839	91907823	91908066	91908266	91908509	101203860	91729661	91948961	52	2974	243	200	immediate
SUPER_X1	97464348	97464950	IR	484	.	97464649	0.484	0.980	39	7418	97464348	97464596	97464702	97464950	101203860	97317851	97567851	39	2446	248	106	immediate
SUPER_X1	82832337	82869690	IR	482	.	82851036	0.482	0.403	66	37472	82832337	82850959	82851113	82869690	101203860	82719880	82969880	100	2185	18577	154	immediate
SUPER_X1	71841774	71843354	IR	481	.	71842564	0.481	0.991	39	84640	71841774	71841995	71843133	71843354	101203860	71686605	71936605	39	2599	221	1138	immediate
SUPER_X1	10438912	10446217	IR	479	.	10442577	0.479	0.819	92	11814	10438912	10442231	10442923	10446217	101203860	10309751	10559751	92	2213	3294	692	immediate
SUPER_X1	22480900	22488143	IR	477	.	22484534	0.477	0.818	87	11814	22480900	22484188	22484880	22488143	101203860	22429635	22679635	87	914	3263	692	immediate
SUPER_X1	62622881	62625657	IR	471	.	62624269	0.471	1.000	123	2895	62622881	62623418	62625120	62625657	101203860	62440659	62648761	123	3060	537	1702	immediate
SUPER_X1	44308238	44310604	IR	464	.	44309420	0.464	0.973	76	2402	44308238	44308649	44310198	44310604	101203860	44079186	44329186	76	3837	406	1549	immediate
SUPER_X1	33964682	33967294	IR	450	.	33966005	0.450	0.882	94	2748	33964682	33965249	33966727	33967297	101203860	33902240	34148894	94	1062	567	1478	immediate
SUPER_X1	96173688	96182691	IR	448	.	96178278	0.448	0.962	164	9397	96173688	96175054	96181325	96182695	101203860	95933511	96183511	164	4077	1366	6271	spaced
SUPER_X1	71337981	71578261	IR	443	.	71458121	0.443	0.384	35	240299	71337981	71457955	71458287	71578262	101203860	71336605	71586605	35	2025	119974	332	immediate
SUPER_X1	34100270	34102474	IR	441	.	34101377	0.441	0.952	39	2239	34100270	34100670	34102084	34102474	101203860	33902240	34148894	41	3318	390	1414	immediate
SUPER_X1	98959667	98963521	IR	440	.	98961594	0.440	0.982	152	4063	98959667	98960532	98962656	98963521	101203860	98736109	98986109	152	3757	865	2124	spaced
SUPER_X1	22968611	22970617	IR	438	.	22969614	0.438	0.979	21	2005	22968611	22968757	22970471	22970617	101203860	22888139	23042851	21	1357	146	1714	immediate
SUPER_X1	70507572	70589695	IR	435	.	70548683	0.435	0.398	33	82180	70507572	70547936	70549331	70589708	101203860	70386605	70636605	68	2700	40364	1395	immediate
SUPER_X1	57513439	57515438	IR	433	.	57514438	0.433	0.913	47	2037	57513439	57513741	57515136	57515458	101203860	57420100	57670100	49	1572	302	1395	immediate
SUPER_X1	24185908	24188088	IR	432	.	24186998	0.432	0.974	53	2445	24185908	24186256	24187740	24188092	101203860	24175980	24425980	53	183	348	1484	immediate
SUPER_X1	41734661	41738390	IR	430	.	41736134	0.430	0.827	36	3710	41734661	41735809	41737243	41738390	101203860	41527856	41738592	0	3477	1147	1434	immediate
SUPER_X1	70756980	70786311	IR	422	.	70771320	0.422	0.843	23	29195	70756980	70757529	70785764	70786311	101203860	70636605	70886605	0	2250	547	28235	spaced
SUPER_X1	100499718	100501909	IR	419	.	100500802	0.419	0.850	90	2311	100499718	100500305	100501322	100501917	101203860	100277169	100527169	103	3727	587	1017	immediate
SUPER_X1	9696970	9697775	IR	417	.	9697355	0.417	0.957	69	45341	9696970	9697296	9697458	9697775	101203860	9630763	9880763	96	1110	317	162	immediate
SUPER_X1	60458865	60459646	IR	417	.	60459239	0.417	1.000	69	11237	60458865	60459149	60459362	60459646	101203860	60320212	60570212	111	2317	284	213	immediate
SUPER_X1	26924026	26926302	IR	416	.	26925164	0.416	0.954	60	2331	26924026	26924388	26925940	26926310	101203860	26792516	27042516	60	2210	362	1552	immediate
SUPER_X1	94592385	94809122	IR	416	.	94700342	0.416	0.409	27	216715	94592385	94662266	94739242	94809122	101203860	94576420	94826420	0	2072	69880	76976	spaced
SUPER_X1	64806394	64833754	IR	415	.	64820152	0.415	0.407	26	27648	64806394	64818062	64822125	64833754	101203860	64611982	64861982	51	3468	11629	4063	spaced
SUPER_X1	96653906	96727778	IR	411	.	96690624	0.411	0.935	24	73865	96653906	96654056	96727628	96727782	101203860	96517851	96767851	38	2883	150	73572	spaced
SUPER_X1	85653780	85714523	IR	410	.	85683663	0.410	0.986	43	60721	85653780	85654143	85714160	85714523	101203860	85574177	85824177	0	1832	363	60017	spaced
SUPER_X1	34816622	34819752	IR	407	.	34818240	0.407	0.957	61	3216	34816622	34817059	34819328	34819752	101203860	34706742	34906874	63	1857	424	2269	spaced
SUPER_X1	70854795	70855209	IR	406	.	70855002	0.406	1.000	30	55978	70854795	70854940	70855064	70855209	101203860	70686605	70936605	30	2806	145	124	immediate
SUPER_X1	72639973	72642503	IR	402	.	72641242	0.402	0.837	51	2560	72639973	72640571	72641905	72642566	101203860	72566339	72816339	59	1248	598	1334	immediate
SUPER_X1	90473846	90475380	IR	402	.	90474646	0.402	0.926	23	83089	90473846	90474034	90475193	90475380	101203860	90332011	90577075	44	2376	187	1159	immediate
SUPER_X1	4349914	4353083	IR	395	.	4351472	0.395	0.964	135	111805	4349914	4350578	4352429	4353083	101203860	4236403	4486403	153	1918	654	1851	immediate
SUPER_X1	93675347	93721052	IR	395	.	93698382	0.395	0.396	67	49244	93675347	93697538	93698861	93721056	101203860	93509560	93759560	69	3143	22191	1323	immediate
SUPER_X1	27407752	27411380	IR	393	.	27409931	0.393	1.000	41	3610	27407752	27407988	27411144	27411380	101203860	27195139	27445139	0	3573	236	3156	spaced
SUPER_X1	43334555	43337026	IR	393	.	43336200	0.393	1.000	21	2449	43334555	43334684	43336897	43337026	101203860	43310638	43441760	0	419	129	2213	spaced
SUPER_X1	99422199	99426763	IR	391	.	99424184	0.391	0.834	38	4415	99422199	99423891	99425071	99426788	101203860	99320537	99429763	0	1732	1692	1180	immediate
SUPER_X1	85551266	85616839	IR	389	.	85584089	0.389	0.402	23	65721	85551266	85583461	85584717	85616839	101203860	85474177	85724177	46	1831	32122	1256	immediate
SUPER_X1	7441596	7449200	IR	388	.	7445510	0.388	0.533	32	7622	7441596	7444337	7446517	7449200	101203860	7409368	7521794	71	600	2683	2180	spaced
SUPER_X1	83586055	83586925	IR	388	.	83586490	0.388	0.987	21	20477	83586055	83586211	83586769	83586925	101203860	83419880	83669880	27	2776	156	558	immediate
SUPER_X1	22549583	22552939	IR	385	.	22551228	0.385	0.969	141	3448	22549583	22550196	22552343	22552939	101203860	22379635	22629635	146	2860	596	2147	spaced
SUPER_X1	68762619	68883468	IR	383	.	68822821	0.383	0.382	41	61411	68762619	68823069	68823057	68883468	101203860	68650212	68900212	78	2880	60411	-12	overlap
SUPER_X1	91988562	92005101	IR	383	.	91996654	0.383	0.816	37	42162	91988562	91988822	92004880	92005101	101203860	91949161	92199161	134	794	221	16058	spaced
SUPER_X1	13640823	13641408	IR	380	.	13641116	0.380	0.984	39	46441	13640823	13641009	13641223	13641408	101203860	13536358	13786358	39	1745	185	214	immediate
SUPER_X1	57273740	57278782	IR	378	.	57276271	0.378	0.908	111	6233	57273740	57274837	57277685	57278823	101203860	57052959	57302959	111	3721	1097	2848	spaced
SUPER_X1	13200952	13203845	IR	377	.	13202415	0.377	0.941	119	2978	13200952	13201544	13203286	13203845	101203860	13036358	13286358	120	2767	559	1742	immediate
SUPER_X1	11384492	11397303	IR	377	.	11391267	0.377	0.906	109	12785	11384492	11385699	11396164	11397303	101203860	11159751	11409751	0	3852	1139	10465	spaced
SUPER_X1	99567907	99570251	IR	376	.	99569102	0.376	0.984	39	2349	99567907	99568159	99570000	99570251	101203860	99479963	99729963	40	1485	251	1841	immediate
SUPER_X1	47355176	47358519	IR	375	.	47356858	0.375	0.947	130	3533	47355176	47356105	47357590	47358539	101203860	47273415	47523415	134	1390	929	1485	immediate
SUPER_X1	47552982	47568671	IR	374	.	47561106	0.374	0.983	112	15663	47552982	47553817	47567836	47568673	101203860	47523415	47773415	0	623	835	14019	spaced
SUPER_X1	11286299	11356292	IR	374	.	11321772	0.374	0.421	41	69951	11286299	11316095	11326496	11356369	101203860	11159751	11409751	0	2692	29796	10401	spaced
SUPER_X1	55775912	55778383	IR	373	.	55777147	0.373	0.958	166	2744	55775912	55776760	55777567	55778383	101203860	55731865	55981865	179	754	816	807	immediate
SUPER_X1	94370881	94373674	IR	373	.	94372277	0.373	0.996	141	2898	94370881	94371559	94372997	94373674	101203860	94159560	94409560	143	3545	677	1438	immediate
SUPER_X1	66121402	66127518	IR	373	.	66124415	0.373	0.971	95	6202	66121402	66122230	66126690	66127518	101203860	65963311	66175663	95	2685	828	4460	spaced
SUPER_X1	12216382	12222388	IR	373	.	12219340	0.373	0.951	78	6088	12216382	12217214	12221556	12222389	101203860	12009751	12236158	78	3493	832	4342	spaced
SUPER_X1	4259101	4297162	IR	372	.	4277846	0.372	0.429	53	38043	4259101	4266507	4289826	4297162	101203860	4136403	4386403	0	2362	7336	23319	spaced
SUPER_X1	9492264	9494220	IR	371	.	9493237	0.371	0.731	26	83443	9492264	9492503	9494036	9494220	101203860	9380763	9630763	26	1874	184	1533	immediate
SUPER_X1	9144207	9146514	IR	370	.	9145328	0.370	0.973	80	2381	9144207	9144719	9146008	9146514	101203860	8902219	9146911	81	4052	506	1289	immediate
SUPER_X1	33508543	33514704	IR	369	.	33511415	0.369	0.729	36	6523	33508543	33509567	33513731	33514704	101203860	33318353	33568353	36	3220	973	4164	spaced
SUPER_X1	92056205	92163335	IR	368	.	92109415	0.368	0.406	27	85403	92056205	92078385	92141219	92163335	101203860	92049161	92299161	0	1010	22116	62834	spaced
SUPER_X1	95111608	95112893	IR	366	.	95112251	0.366	0.980	32	9384	95111608	95111810	95112691	95112893	101203860	94876420	95126420	32	3930	202	881	immediate
SUPER_X1	52151401	52157724	IR	365	.	52154777	0.365	0.995	329	6888	52151401	52153051	52156075	52157724	101203860	52056653	52160608	333	1631	1649	3024	spaced
SUPER_X1	93073321	93244205	IR	365	.	93158363	0.365	0.416	56	170865	93073321	93094759	93222842	93244205	101203860	93059560	93309560	0	1653	21363	128083	wide
SUPER_X1	50766737	50769012	IR	365	.	50767915	0.365	0.977	44	2493	50766737	50767045	50768704	50769012	101203860	50720413	50970413	44	790	308	1659	immediate
SUPER_X1	97513267	97661986	IR	365	.	97588008	0.365	0.382	21	80890	97513267	97581323	97593930	97662036	101203860	97417851	97667851	0	2829	68056	12607	spaced
SUPER_X1	35956400	35960316	IR	364	.	35958358	0.364	0.448	30	4092	35956400	35957610	35959106	35960339	101203860	35781020	36031020	30	2955	1210	1496	immediate
SUPER_X1	94825815	94876354	IR	363	.	94851114	0.363	0.478	41	77027	94825815	94828557	94873612	94876438	101203860	94776420	95026420	92	1244	2742	45055	spaced
SUPER_X1	6911202	6937946	IR	363	.	6924798	0.363	0.754	27	27027	6911202	6911591	6937557	6938013	101203860	6745583	6995583	47	2983	389	25966	spaced
SUPER_X1	49464914	49672655	IR	363	.	49568300	0.363	0.910	23	207717	49464914	49465320	49672249	49672658	101203860	49435871	49685871	0	2215	406	206929	wide
SUPER_X1	100238270	100252950	IR	362	.	100245682	0.362	0.854	43	14701	100238270	100238974	100252290	100252950	101203860	100227169	100477169	46	307	660	13316	spaced
SUPER_X1	46720658	46870003	IR	359	.	46795782	0.359	0.924	65	149335	46720658	46721915	46868746	46870010	101203860	46682641	46932641	0	1878	1257	146831	wide
SUPER_X1	31161065	31191548	IR	357	.	31175969	0.357	0.987	909	30462	31161065	31167339	31185274	31191550	101203860	30946969	31196969	0	3822	6274	17935	spaced
SUPER_X1	65613228	65617148	IR	357	.	65615188	0.357	0.918	98	4015	65613228	65614333	65616043	65617154	101203860	65413311	65663311	98	3364	1105	1710	immediate
SUPER_X1	91466161	91565201	IR	357	.	91516164	0.357	0.421	44	64400	91466161	91511056	91520327	91565201	101203860	91329661	91579661	0	3100	44874	9271	spaced
SUPER_X1	22337599	22339777	IR	356	.	22338690	0.356	0.879	20	2173	22337599	22337739	22339641	22339777	101203860	22242827	22379435	20	1597	136	1902	immediate
SUPER_X1	56176195	56179077	IR	355	.	56177707	0.355	0.951	66	3051	56176195	56176737	56178535	56179079	101203860	56158326	56384476	66	321	542	1798	immediate
SUPER_X1	41809156	41811630	IR	354	.	41810403	0.354	0.908	106	2552	41809156	41809822	41811020	41811630	101203860	41738792	41895346	115	1193	610	1198	immediate
SUPER_X1	54835145	54917450	IR	354	.	54875913	0.354	0.846	61	82159	54835145	54836333	54916262	54917534	101203860	54817413	55067413	0	981	1188	79929	spaced
SUPER_X1	87004774	87019361	IR	354	.	87012330	0.354	0.930	31	14557	87004774	87005333	87018809	87019361	101203860	86800578	87050578	0	3524	552	13476	spaced
SUPER_X1	40001277	40244722	IR	353	.	40123081	0.353	0.849	52	243366	40001277	40001380	40244619	40244738	101203860	40001219	40251219	770	2029	103	243239	wide
SUPER_X1	53449594	53570070	IR	350	.	53509852	0.350	0.924	177	121045	53449594	53451847	53567859	53570070	101203860	53409290	53659290	177	1675	2211	116012	wide
SUPER_X1	49074199	49076929	IR	350	.	49075224	0.350	0.995	109	2707	49074199	49074932	49076197	49076929	101203860	48851512	49101512	0	3734	732	1265	immediate
SUPER_X1	36223580	36242717	IR	350	.	36232839	0.350	0.915	50	19119	36223580	36224337	36241987	36242717	101203860	36177562	36427562	0	926	730	17650	spaced
SUPER_X1	88347786	88489400	IR	350	.	88418934	0.350	0.385	21	141637	88347786	88413765	88423421	88489476	101203860	88250578	88500578	0	2800	65979	9656	spaced
SUPER_X1	51047545	51171902	IR	349	.	51109884	0.349	0.914	86	157061	51047545	51048527	51170920	51171937	101203860	50986907	51229580	86	2046	982	122393	wide
SUPER_X1	40905067	40908890	IR	349	.	40906745	0.349	0.929	47	4001	40905067	40905727	40908230	40908890	101203860	40679713	40929713	47	3787	660	2503	spaced
SUPER_X1	97683601	97712692	IR	349	.	97697830	0.349	0.820	36	29043	97683601	97684348	97712008	97712692	101203860	97467851	97717851	0	3838	684	27660	spaced
SUPER_X1	39681917	39895367	IR	349	.	39788714	0.349	0.933	35	213505	39681917	39682289	39895002	39895367	101203860	39672707	39914891	39	1932	365	212713	wide
SUPER_X1	39528233	39530586	IR	349	.	39529411	0.349	0.951	23	2375	39528233	39528459	39530363	39530586	101203860	39317472	39567472	23	3532	223	1904	immediate
SUPER_X1	38083133	38097036	IR	348	.	38090112	0.348	0.942	74	14000	38083133	38083565	38096626	38097036	101203860	37852818	38102818	74	3954	410	13061	spaced
SUPER_X1	33215720	33218112	IR	348	.	33216856	0.348	0.914	31	2383	33215720	33215953	33217893	33218112	101203860	33201355	33318153	31	259	219	1940	immediate
SUPER_X1	75920897	75940361	IR	347	.	75931095	0.347	0.966	66	19445	75920897	75921432	75939829	75940361	101203860	75719227	75969227	0	3523	532	18397	spaced
SUPER_X1	31661869	31666259	IR	347	.	31664082	0.347	0.997	62	4611	31661869	31662192	31665936	31666259	101203860	31446969	31696969	62	3618	323	3744	spaced
SUPER_X1	75250543	75350649	IR	347	.	75300476	0.347	0.708	22	100364	75250543	75250897	75350295	75350735	101203860	75219227	75469227	32	1356	354	99398	spaced
SUPER_X1	93807005	93990735	IR	346	.	93899101	0.346	0.907	161	187559	93807005	93807746	93989994	93990751	101203860	93759560	94009560	33	2321	741	182248	wide
SUPER_X1	39924030	39936690	IR	346	.	39930226	0.346	0.998	122	12749	39924030	39924558	39936162	39936690	101203860	39915091	40001019	122	254	528	11604	spaced
SUPER_X1	83361630	83405121	IR	346	.	83383391	0.346	0.395	31	43508	83361630	83383323	83383460	83405121	101203860	83269880	83519880	33	1891	21661	137	immediate
SUPER_X1	30878663	30880995	IR	346	.	30879829	0.346	0.982	28	2369	30878663	30878886	30880772	30880995	101203860	30719588	30946769	28	2670	223	1886	immediate
SUPER_X1	37251607	37414165	IR	345	.	37332428	0.345	0.848	110	162540	37251607	37257473	37408348	37414165	101203860	37175469	37425469	0	2623	5817	150875	wide
SUPER_X1	89446744	89449101	IR	345	.	89447896	0.345	0.967	35	2356	89446744	89446986	89448859	89449101	101203860	89382011	89632011	35	1098	242	1873	immediate
SUPER_X1	89282092	89285115	IR	345	.	89284060	0.345	0.991	33	2992	89282092	89282321	89284886	89285115	101203860	89046870	89296870	0	3945	229	2565	spaced
SUPER_X1	87777621	88000471	IR	345	.	87889081	0.345	0.425	22	222897	87777621	87784468	87993624	88000501	101203860	87750578	88000578	22	2307	6847	209156	wide
SUPER_X1	100765386	100774423	IR	344	.	100769829	0.344	0.911	74	9751	100765386	100766573	100773236	100774441	101203860	100763860	101013860	74	100	1187	6663	spaced
SUPER_X1	25253156	25255223	IR	344	.	25254671	0.344	0.984	57	2048	25253156	25253543	25254836	25255223	101203860	25025980	25275980	0	3803	387	1293	immediate
SUPER_X1	91660533	91669329	IR	344	.	91664619	0.344	0.926	44	8594	91660533	91661099	91668767	91669329	101203860	91529661	91779661	0	2254	562	7668	spaced
SUPER_X1	38159782	38399440	IR	344	.	38280059	0.344	0.938	31	239636	38159782	38160187	38399041	38399440	101203860	38152818	38402818	0	2113	399	238854	wide
SUPER_X1	98559818	98584421	IR	344	.	98572122	0.344	0.402	21	24596	98559818	98572023	98572221	98584421	101203860	98367851	98617851	21	3404	12200	198	immediate
SUPER_X1	35726247	35729331	IR	343	.	35727719	0.343	0.944	108	3352	35726247	35726798	35728780	35729352	101203860	35524646	35730037	133	3385	551	1982	immediate
SUPER_X1	84496945	84579371	IR	343	.	84538599	0.343	0.765	26	82374	84496945	84496997	84579319	84579387	101203860	84369880	84597212	0	2804	52	82322	spaced
SUPER_X1	51250985	51341335	IR	343	.	51296370	0.343	0.756	22	90861	51250985	51251530	51340878	51341335	101203860	51229780	51454560	34	1106	457	89348	spaced
SUPER_X1	92787139	92937793	IR	343	.	92862286	0.343	0.431	22	150605	92787139	92796946	92927989	92937793	101203860	92749161	92959360	43	1888	9804	131043	wide
SUPER_X1	2032266	2036562	IR	342	.	2033989	0.342	0.961	162	4297	2032266	2033479	2035349	2036592	101203860	2018605	2136021	0	263	1213	1870	immediate
SUPER_X1	86187164	86191579	IR	342	.	86189145	0.342	0.806	133	27908	86187164	86187230	86191521	86191579	101203860	86129887	86293471	8	991	58	4291	spaced
SUPER_X1	97313448	97327664	IR	342	.	97320901	0.342	0.867	79	14278	97313448	97315104	97326008	97327749	101203860	97117851	97367851	0	3378	1656	10904	spaced
SUPER_X1	19605966	19770973	IR	342	.	19688197	0.342	0.976	35	164983	19605966	19606303	19770636	19770973	101203860	19556231	19806231	0	2203	337	164333	wide
SUPER_X1	85308667	85380621	IR	342	.	85344177	0.342	0.402	30	71960	85308667	85311973	85377315	85380668	101203860	85274177	85524177	0	1174	3306	65342	spaced
SUPER_X1	34857221	34873720	IR	341	.	34865492	0.341	0.973	283	16800	34857221	34859229	34871713	34873720	101203860	34656742	34906742	283	3478	2007	12484	spaced
SUPER_X1	43579156	43667273	IR	341	.	43622739	0.341	0.955	171	88095	43579156	43581204	43665225	43667279	101203860	43489255	43735066	0	2232	2048	84021	spaced
SUPER_X1	38029227	38032280	IR	341	.	38030640	0.341	1.000	134	3216	38029227	38029819	38031688	38032280	101203860	37852818	38102818	134	2965	592	1869	immediate
SUPER_X1	38561378	38683694	IR	341	.	38622296	0.341	0.959	73	122458	38561378	38561957	38683116	38683694	101203860	38452818	38702818	73	2828	578	121159	wide
SUPER_X1	97945025	98077980	IR	341	.	98010977	0.341	0.893	21	132902	97945025	97945444	98077567	98077980	101203860	97917851	98167851	0	1560	413	132123	wide
SUPER_X1	37041129	37067680	IR	340	.	37054115	0.340	0.990	1353	26588	37041129	37049131	37059678	37067738	101203860	36875469	37125469	0	2982	8002	10547	spaced
SUPER_X1	951018	956458	IR	340	.	953374	0.340	0.983	237	5396	951018	952780	954697	956458	101203860	750000	1000000	0	3395	1761	1917	immediate
SUPER_X1	49281040	49320756	IR	340	.	49300479	0.340	0.920	130	39766	49281040	49282541	49319255	49320826	101203860	49192584	49435671	0	1805	1501	36714	spaced
SUPER_X1	21631474	21646184	IR	340	.	21638657	0.340	1.000	113	14837	21631474	21631981	21645677	21646184	101203860	21439438	21689438	113	3323	507	13696	spaced
SUPER_X1	46048799	46054779	IR	340	.	46051345	0.340	0.985	96	5892	46048799	46049381	46054197	46054780	101203860	45862205	46068471	0	3159	582	4816	spaced
SUPER_X1	54095141	54097218	IR	340	.	54096655	0.340	1.000	73	2058	54095141	54095528	54096831	54097218	101203860	54093171	54214367	0	50	387	1303	immediate
SUPER_X1	32357179	32458663	IR	340	.	32407606	0.340	0.964	54	101461	32357179	32357789	32458053	32458665	101203860	32241405	32491405	0	2775	610	100264	wide
SUPER_X1	1397486	1415707	IR	340	.	1406379	0.340	0.902	37	18259	1397486	1398006	1415206	1415707	101203860	1223568	1473568	37	3050	501	17200	spaced
SUPER_X1	85178080	85225144	IR	340	.	85201264	0.340	0.401	22	47061	85178080	85182207	85221017	85225182	101203860	84997412	85247412	0	3403	4127	38810	spaced
SUPER_X1	62674074	62678295	IR	340	.	62675986	0.340	0.813	20	4211	62674074	62674224	62678172	62678295	101203860	62648961	62898961	20	453	123	3948	spaced
SUPER_X1	8421441	8437761	IR	339	.	8429295	0.339	0.978	117	16298	8421441	8422348	8436856	8437761	101203860	8198084	8438084	0	3858	905	14508	spaced
SUPER_X1	1955265	1958215	IR	339	.	1956624	0.339	0.975	86	3028	1955265	1955771	1957709	1958216	101203860	1717190	1967190	86	3992	506	1938	immediate
SUPER_X1	95877400	95888926	IR	339	.	95883270	0.339	0.907	42	11573	95877400	95877991	95888335	95888929	101203860	95833511	96083511	42	827	591	10344	spaced
SUPER_X1	96084378	96114434	IR	339	.	96099816	0.339	0.871	32	30014	96084378	96085588	96113224	96114452	101203860	95883511	96133511	0	3598	1210	27636	spaced
SUPER_X1	97770014	97896514	IR	339	.	97832760	0.339	0.396	27	83982	97770014	97815172	97851389	97896514	101203860	97767851	98017851	0	1090	45125	36217	spaced
SUPER_X1	93730640	93782316	IR	339	.	93755996	0.339	0.406	20	51495	93730640	93745376	93767600	93782316	101203860	93709560	93959560	0	781	14716	22224	spaced
SUPER_X1	53009006	53036563	IR	338	.	53022908	0.338	0.948	106	27640	53009006	53009681	53035888	53036574	101203860	52985477	53126793	106	621	675	26207	spaced
SUPER_X1	49234106	49237114	IR	338	.	49235595	0.338	1.000	94	3101	49234106	49234557	49236663	49237114	101203860	49192584	49435671	94	716	451	2106	spaced
SUPER_X1	67409582	67421217	IR	338	.	67415627	0.338	1.000	49	11658	67409582	67409835	67420964	67421217	101203860	67352675	67602675	49	1045	253	11129	spaced
SUPER_X1	95288726	95384297	IR	338	.	95336053	0.338	0.778	38	95551	95288726	95293680	95379390	95384297	101203860	95276420	95526420	0	1001	4907	85710	spaced
SUPER_X1	46064717	46067217	IR	338	.	46065967	0.338	0.989	31	3004	46064717	46064902	46067032	46067217	101203860	45862205	46068471	31	3395	185	2130	spaced
SUPER_X1	93463039	93604710	IR	338	.	93533593	0.338	0.808	31	141652	93463039	93463450	93604333	93604710	101203860	93359560	93609560	0	2905	377	140883	wide
SUPER_X1	42233829	42236567	IR	338	.	42234722	0.338	0.953	28	2717	42233829	42234147	42236250	42236567	101203860	42191836	42441836	0	722	317	2103	spaced
SUPER_X1	83699129	83758033	IR	338	.	83728364	0.338	0.794	27	59045	83699129	83699350	83757812	83758056	101203860	83669880	83919880	42	978	221	58462	spaced
SUPER_X1	94189255	94238495	IR	338	.	94214127	0.338	0.949	25	49202	94189255	94189589	94238162	94238495	101203860	94009560	94259560	0	3405	333	48573	spaced
SUPER_X1	34417255	34429282	IR	337	.	34423549	0.337	0.954	106	11964	34417255	34418329	34428208	34429283	101203860	34199094	34449094	0	3736	1074	9879	spaced
SUPER_X1	17570486	17571275	IR	337	.	17570982	0.337	0.967	20	52989	17570486	17570695	17571066	17571275	101203860	17381236	17631236	20	3160	209	371	immediate
SUPER_X1	43892160	43921563	IR	336	.	43906711	0.336	0.948	436	30045	43892160	43894441	43919282	43921657	101203860	43879186	44129186	436	461	2281	24841	spaced
SUPER_X1	32196409	32243224	IR	336	.	32219811	0.336	0.984	88	46953	32196409	32196899	32242734	32243224	101203860	32191405	32441405	88	473	490	45835	spaced
SUPER_X1	92180949	92353396	IR	336	.	92266943	0.336	0.735	76	174495	92180949	92183148	92351197	92353717	101203860	92149161	92399161	76	1966	2199	168049	wide
SUPER_X1	32690602	32796937	IR	336	.	32743949	0.336	0.939	44	106341	32690602	32691254	32796285	32796939	101203860	32591405	32841405	44	2539	652	105031	wide
SUPER_X1	97065937	97097622	IR	336	.	97082257	0.336	0.969	43	31635	97065937	97066322	97097240	97097622	101203860	96917851	97167851	0	2732	382	30918	spaced
SUPER_X1	34652272	34669107	IR	336	.	34660743	0.336	0.890	41	17087	34652272	34653247	34668151	34669107	101203860	34556742	34806742	41	1732	956	14904	spaced
SUPER_X1	86795651	86824858	IR	336	.	86810081	0.336	0.959	36	29222	86795651	86795889	86824621	86824858	101203860	86750578	87000578	36	994	237	28732	spaced
SUPER_X1	32947001	32957741	IR	336	.	32952051	0.336	0.974	26	10717	32947001	32947274	32957468	32957741	101203860	32741405	32991405	0	3515	273	10194	spaced
SUPER_X1	52410365	52627545	IR	336	.	52518468	0.336	0.000	25	217160	52410365	52410488	52627509	52627545	101203860	52396486	52646486	0	2041	36	217021	wide
SUPER_X1	91370372	91397391	IR	335	.	91383483	0.335	0.938	67	26994	91370372	91371406	91396358	91397391	101203860	91179661	91429661	0	3403	1033	24952	spaced
SUPER_X1	5109989	5138638	IR	335	.	5123867	0.335	0.864	44	28629	5109989	5111459	5137168	5138656	101203860	5051980	5301980	0	1205	1470	25709	spaced
SUPER_X1	54809199	54823032	IR	335	.	54816455	0.335	0.735	44	13766	54809199	54812834	54819467	54823032	101203860	54667413	54917413	0	2478	3565	6633	spaced
SUPER_X1	44515612	44562880	IR	335	.	44539078	0.335	0.860	40	47504	44515612	44517147	44561354	44562880	101203860	44422990	44672990	40	1937	1526	44207	spaced
SUPER_X1	1610659	1794124	IR	335	.	1702446	0.335	0.802	28	183448	1610659	1611309	1793475	1794124	101203860	1567190	1817190	31	2253	649	182166	wide
SUPER_X1	10735608	10830846	IR	335	.	10783699	0.335	0.855	23	95187	10735608	10736017	10830437	10830879	101203860	10609751	10859751	0	2891	409	94420	spaced
SUPER_X1	31945680	32010919	IR	334	.	31978066	0.334	0.974	190	65930	31945680	31947104	32009495	32010919	101203860	31796969	32046969	184	3022	1424	62391	spaced
SUPER_X1	61723440	61732849	IR	334	.	61728225	0.334	0.991	141	9547	61723440	61724105	61732184	61732853	101203860	61551134	61801134	142	2950	665	8079	spaced
SUPER_X1	98928638	98932455	IR	334	.	98930430	0.334	0.954	123	3911	98928638	98929298	98931807	98932455	101203860	98786109	99036109	138	2407	648	2509	spaced
SUPER_X1	5577612	5581730	IR	334	.	5579316	0.334	0.998	116	4092	5577612	5578276	5581067	5581730	101203860	5539093	5611123	0	676	663	2791	spaced
SUPER_X1	27751316	27849367	IR	334	.	27800711	0.334	0.385	58	58322	27751316	27791462	27809276	27849367	101203860	27695139	27945139	0	1753	40091	17814	spaced
SUPER_X1	53650393	53714717	IR	334	.	53682891	0.334	0.859	43	64330	53650393	53651335	53713775	53714742	101203860	53509290	53759290	0	2887	942	62440	spaced
SUPER_X1	30767838	30793691	IR	334	.	30781089	0.334	0.953	39	25835	30767838	30768281	30793251	30793691	101203860	30719588	30946769	0	1019	440	24970	spaced
SUPER_X1	40396363	40410883	IR	333	.	40403740	0.333	0.966	295	14950	40396363	40398523	40408723	40410885	101203860	40329713	40579713	295	1231	2160	10200	spaced
SUPER_X1	92719150	92741057	IR	333	.	92730155	0.333	0.930	39	74668	92719150	92719729	92740488	92741057	101203860	92549161	92799161	40	3015	569	20759	spaced
SUPER_X1	68498714	68578013	IR	333	.	68538574	0.333	0.864	25	79347	68498714	68498998	68577729	68578046	101203860	68450212	68700212	43	1469	284	78731	spaced
SUPER_X1	47848146	47904351	IR	333	.	47876012	0.333	0.909	24	56488	47848146	47848432	47904073	47904351	101203860	47673415	47923415	14	3380	278	55641	spaced
SUPER_X1	84994176	85150237	IR	333	.	85072663	0.333	0.390	24	156051	84994176	85034516	85109897	85150245	101203860	84947412	85197412	0	2079	40340	75381	spaced
SUPER_X1	14994553	14996942	IR	333	.	14995709	0.333	0.816	23	2392	14994553	14994925	14996593	14996942	101203860	14866823	15116823	25	2148	349	1668	immediate
SUPER_X1	100819875	100876999	IR	332	.	100848044	0.332	0.936	745	57149	100819875	100827854	100869020	100877042	101203860	100763860	101013860	0	1409	7979	41166	spaced
SUPER_X1	53974586	53993040	IR	332	.	53983753	0.332	0.987	226	18682	53974586	53975660	53991966	53993050	101203860	53859290	54092971	240	2075	1074	16306	spaced
SUPER_X1	4494884	4528687	IR	332	.	4511313	0.332	0.561	47	33728	4494884	4496683	4526888	4528687	101203860	4286403	4536403	0	3756	1799	30205	spaced
SUPER_X1	53306979	53315822	IR	332	.	53311022	0.332	0.444	44	8772	53306979	53311328	53311473	53315874	101203860	53259290	53509290	0	868	4349	145	immediate
SUPER_X1	88947252	89188572	IR	332	.	89067687	0.332	0.964	43	241342	88947252	88947697	89188128	89188572	101203860	88946870	89196870	43	2017	444	240431	wide
SUPER_X1	31458601	31631396	IR	332	.	31545013	0.332	0.989	34	172867	31458601	31458865	31631132	31631396	101203860	31396969	31646969	34	2467	264	172267	wide
SUPER_X1	53928973	53930274	IR	332	.	53929600	0.332	0.930	27	23724	53928973	53929172	53930083	53930274	101203860	53759290	54009290	27	2838	191	911	immediate
SUPER_X1	17780718	17847397	IR	331	.	17813664	0.331	0.984	3167	66658	17780718	17799973	17828207	17847397	101203860	17696672	17896672	0	1956	19190	28234	spaced
SUPER_X1	42817816	42891095	IR	331	.	42854801	0.331	0.880	87	73253	42817816	42819359	42889654	42891095	101203860	42764622	42985935	0	1497	1441	70295	spaced
SUPER_X1	33108422	33126674	IR	331	.	33117724	0.331	0.980	76	18444	33108422	33109024	33126072	33126674	101203860	32891405	33141405	80	3768	602	17048	spaced
SUPER_X1	87214175	87229194	IR	331	.	87221323	0.331	0.858	57	15046	87214175	87214976	87228393	87229246	101203860	87100578	87350578	0	2018	801	13417	spaced
SUPER_X1	4715890	4729571	IR	331	.	4722723	0.331	0.997	54	13713	4715890	4716180	4729281	4729571	101203860	4651980	4901980	54	1179	290	13101	spaced
SUPER_X1	34358378	34366909	IR	331	.	34363089	0.331	0.933	53	8518	34358378	34358932	34366355	34366914	101203860	34149094	34399094	0	3559	554	7423	spaced
SUPER_X1	48270240	48272767	IR	331	.	48271534	0.331	0.988	53	2599	48270240	48270566	48272441	48272768	101203860	48257091	48312517	53	240	326	1875	immediate
SUPER_X1	101043118	101045727	IR	331	.	101044666	0.331	1.000	51	2591	101043118	101043419	101045426	101045727	101203860	100813860	101063860	0	3842	301	2007	spaced
SUPER_X1	31283877	31316886	IR	331	.	31299933	0.331	0.905	42	32996	31283877	31284692	31316071	31316894	101203860	31096969	31346969	0	3390	815	31379	spaced
SUPER_X1	33564769	33567846	IR	331	.	33565907	0.331	0.839	37	3075	33564769	33565143	33567472	33567867	101203860	33318353	33568353	0	4132	374	2329	spaced
SUPER_X1	86363232	86546849	IR	331	.	86454711	0.331	0.942	34	183597	86363232	86363768	86546313	86546850	101203860	86343671	86593671	0	1856	536	182545	wide
SUPER_X1	2410876	2520348	IR	331	.	2465668	0.331	0.976	27	109482	2410876	2411131	2520093	2520348	101203860	2286221	2536221	27	2989	255	108962	wide
SUPER_X1	73977941	73978520	IR	331	.	73978230	0.331	0.920	22	65771	73977941	73978192	73978269	73978520	101203860	73811207	74061207	22	2783	251	77	immediate
SUPER_X1	93434027	93449201	IR	331	.	93442078	0.331	0.837	21	15107	93434027	93434507	93448721	93449209	101203860	93209560	93459560	0	3867	480	14214	spaced
SUPER_X1	20624287	20649992	IR	331	.	20637118	0.331	1.000	20	25698	20624287	20624333	20649946	20649992	101203860	20421077	20671077	144	3600	46	25613	spaced
SUPER_X1	53719481	53733057	IR	331	.	53725838	0.331	0.811	20	13637	53719481	53720080	53732458	53733136	101203860	53659290	53909290	0	1116	599	12378	spaced
SUPER_X1	98969563	98989358	IR	330	.	98979000	0.330	0.971	460	19760	98969563	98972251	98986742	98989358	101203860	98786109	99036109	0	3222	2616	14491	spaced
SUPER_X1	42369227	42453487	IR	330	.	42410871	0.330	0.900	268	84262	42369227	42376774	42445940	42453509	101203860	42241836	42491836	0	2825	7547	69166	spaced
SUPER_X1	50173368	50187091	IR	330	.	50180560	0.330	0.965	119	13698	50173368	50174337	50186123	50187091	101203860	50172460	50365347	0	129	968	11786	spaced
SUPER_X1	97275379	97293781	IR	330	.	97284615	0.330	0.844	115	18597	97275379	97277194	97291966	97293842	101203860	97067851	97317851	115	3612	1815	14772	spaced
SUPER_X1	44246235	44250139	IR	330	.	44248513	0.330	0.960	93	3886	44246235	44247004	44249386	44250139	101203860	44079186	44329186	0	2816	753	2382	spaced
SUPER_X1	54346437	54349978	IR	330	.	54347849	0.330	0.994	93	3520	54346437	54346976	54349441	54349978	101203860	54214567	54464567	0	2227	537	2465	spaced
SUPER_X1	46429266	46600814	IR	330	.	46515533	0.330	0.953	74	171493	46429266	46429941	46600150	46600814	101203860	46362871	46612871	0	2536	664	170209	wide
SUPER_X1	98362437	98426786	IR	330	.	98394371	0.330	0.979	62	67557	98362437	98362676	98426547	98426786	101203860	98317851	98567851	32	1279	239	63871	spaced
SUPER_X1	2944994	2957175	IR	330	.	2951255	0.330	0.966	59	12256	2944994	2945335	2956834	2957186	101203860	2751687	3001687	59	3323	341	11499	spaced
SUPER_X1	51764343	51900440	IR	330	.	51832221	0.330	0.936	55	136497	51764343	51764984	51899808	51900440	101203860	51654760	51904760	55	2960	632	134824	wide
SUPER_X1	36514567	36533832	IR	330	.	36524023	0.330	0.948	45	19324	36514567	36515026	36533379	36533832	101203860	36327562	36577562	45	3277	453	18353	spaced
SUPER_X1	2266399	2308719	IR	330	.	2287173	0.330	0.882	41	42135	2266399	2268446	2306678	2308719	101203860	2136221	2386221	0	2522	2041	38232	spaced
SUPER_X1	41992041	42014438	IR	330	.	42003639	0.330	0.904	41	21996	41992041	41993077	42013403	42014438	101203860	41937052	42141636	0	1102	1035	20326	spaced
SUPER_X1	34754343	34775904	IR	330	.	34765444	0.330	0.895	36	21538	34754343	34755671	34774588	34775904	101203860	34556742	34806742	0	3472	1316	18917	spaced
SUPER_X1	95453791	95473543	IR	330	.	95463981	0.330	0.832	29	19733	95453791	95455310	95472030	95473543	101203860	95326420	95576420	0	2287	1513	16720	spaced
SUPER_X1	99554451	99558302	IR	330	.	99556673	0.330	0.953	23	3829	99554451	99554773	99557980	99558302	101203860	99479963	99729963	0	1273	322	3207	spaced
SUPER_X1	37819671	37836592	IR	329	.	37828566	0.329	0.969	228	16901	37819671	37821219	37835049	37836592	101203860	37652818	37902818	0	2921	1543	13830	spaced
SUPER_X1	86566651	86587473	IR	329	.	86576677	0.329	0.990	63	20798	86566651	86567045	86587079	86587473	101203860	86443671	86693671	0	2223	394	20034	spaced
SUPER_X1	49956312	50012328	IR	329	.	49984753	0.329	0.925	44	55972	49956312	49956819	50011824	50012328	101203860	49956243	50037631	0	467	504	55005	spaced
SUPER_X1	78365610	78374303	IR	329	.	78370385	0.329	0.921	26	8675	78365610	78365893	78374021	78374303	101203860	78221803	78471803	0	2469	282	8128	spaced
SUPER_X1	64652527	64737947	IR	329	.	64695684	0.329	0.781	21	85402	64652527	64653039	64737504	64737947	101203860	64511982	64761982	0	3054	443	84465	spaced
SUPER_X1	100663428	100676555	IR	328	.	100669994	0.328	0.880	405	16029	100663428	100669003	100670980	100676625	101203860	100527169	100763660	405	2380	5575	1977	immediate
SUPER_X1	97152318	97179485	IR	328	.	97165400	0.328	0.989	160	27146	97152318	97153450	97178353	97179487	101203860	97067851	97317851	0	1634	1132	24903	spaced
SUPER_X1	2921168	2937917	IR	328	.	2930016	0.328	0.950	67	16732	2921168	2921881	2937216	2937917	101203860	2701687	2951687	0	3797	701	15335	spaced
SUPER_X1	53219160	53228593	IR	328	.	53224005	0.328	0.890	63	9559	53219160	53221027	53226738	53228593	101203860	53126993	53259090	63	1614	1855	5711	spaced
SUPER_X1	3721610	3731023	IR	328	.	3726084	0.328	0.983	59	9442	3721610	3721903	3730733	3731023	101203860	3499664	3749664	67	3777	290	8830	spaced
SUPER_X1	96817416	96962032	IR	328	.	96889507	0.328	0.914	53	144655	96817416	96817813	96961635	96962054	101203860	96767851	97017851	53	2031	397	143822	wide
SUPER_X1	30347627	30350397	IR	328	.	30348904	0.328	1.000	41	2783	30347627	30347785	30350239	30350397	101203860	30322467	30519388	41	442	158	2454	spaced
SUPER_X1	55732482	55735595	IR	328	.	55733762	0.328	0.982	41	3100	55732482	55732705	55735372	55735599	101203860	55731865	55981865	0	36	223	2667	spaced
SUPER_X1	50829225	50884966	IR	328	.	50857565	0.328	0.926	38	55719	50829225	50829788	50884422	50884966	101203860	50770413	50986707	0	1444	544	54634	spaced
SUPER_X1	39311390	39344166	IR	328	.	39327842	0.328	0.911	31	32898	39311390	39311822	39343734	39344182	101203860	39217472	39467472	31	1838	432	31912	spaced
SUPER_X1	18974399	18993635	IR	328	.	18984294	0.328	1.000	27	19211	18974399	18974565	18993469	18993635	101203860	18756231	19006231	0	3796	166	18904	spaced
SUPER_X1	65253968	65289225	IR	328	.	65271574	0.328	1.000	27	35277	65253968	65254089	65289104	65289225	101203860	65061982	65311982	27	3493	121	35015	spaced
SUPER_X1	64870680	64971778	IR	328	.	64921696	0.328	0.838	23	100856	64870680	64871886	64970597	64971778	101203860	64861982	65111982	0	987	1181	98711	spaced
SUPER_X1	24066166	24074766	IR	328	.	24070439	0.328	0.868	22	8601	24066166	24066909	24074031	24074766	101203860	23908201	24158201	22	2704	735	7122	spaced
SUPER_X1	33770337	33898695	IR	328	.	33834069	0.328	0.912	21	128323	33770337	33770857	33898175	33898700	101203860	33670261	33902040	0	2737	520	127318	wide
SUPER_X1	48454727	48505140	IR	328	.	48480041	0.328	0.870	21	50515	48454727	48455419	48504448	48505148	101203860	48443921	48621052	27	600	692	49029	spaced
SUPER_X1	44932969	45044720	IR	327	.	44988757	0.327	0.991	781	117807	44932969	44936664	45041043	45044720	101203860	44922990	45172990	781	1097	3677	104379	wide
SUPER_X1	86872175	86877515	IR	327	.	86874355	0.327	0.953	186	5329	86872175	86873529	86876161	86877527	101203860	86800578	87050578	0	1237	1354	2632	spaced
SUPER_X1	36001838	36010390	IR	327	.	36006114	0.327	0.928	97	9028	36001838	36003119	36009109	36010402	101203860	35781020	36031020	97	3751	1281	5990	spaced
SUPER_X1	48058226	48189129	IR	327	.	48123977	0.327	0.933	67	130846	48058226	48059455	48187900	48189132	101203860	48019424	48256891	0	1737	1229	128445	wide
SUPER_X1	42028824	42078459	IR	327	.	42053388	0.327	0.843	65	49706	42028824	42029784	42077499	42078557	101203860	41937052	42141636	0	1943	960	47715	spaced
SUPER_X1	5199868	5345789	IR	327	.	5272716	0.327	0.834	61	146145	5199868	5200577	5345080	5345881	101203860	5151980	5401980	61	2014	709	144503	wide
SUPER_X1	30425334	30448427	IR	327	.	30437366	0.327	0.966	54	23078	30425334	30425683	30448078	30448432	101203860	30322467	30519388	0	1906	349	22395	spaced
SUPER_X1	33246360	33313697	IR	327	.	33279993	0.327	0.991	35	67339	33246360	33246575	33313482	33313697	101203860	33201355	33318153	35	1311	215	66907	spaced
SUPER_X1	28233655	28352331	IR	327	.	28293050	0.327	1.000	34	118687	28233655	28233859	28352127	28352331	101203860	28196640	28427524	34	1605	204	118268	wide
SUPER_X1	49950375	49954316	IR	327	.	49952529	0.327	0.857	31	4189	49950375	49951059	49953652	49954316	101203860	49896099	49956043	31	937	664	2593	spaced
SUPER_X1	4863450	5040339	IR	327	.	4952053	0.327	0.824	28	177070	4863450	4865105	5038711	5040339	101203860	4801980	5051980	28	2498	1628	173606	wide
SUPER_X1	69708983	69728221	IR	327	.	69718928	0.327	0.994	28	19215	69708983	69709149	69728055	69728221	101203860	69536605	69786605	0	3033	166	18906	spaced
SUPER_X1	48965908	49008101	IR	327	.	48986583	0.327	0.805	24	42101	48965908	48967381	49006628	49008128	101203860	48851512	49101512	0	2258	1473	39247	spaced
SUPER_X1	77643367	77655637	IR	327	.	77649484	0.327	0.885	23	12224	77643367	77643419	77655591	77655637	101203860	77415445	77665445	277	3900	46	12172	spaced
SUPER_X1	50390369	50499636	IR	327	.	50445417	0.327	0.905	22	109250	50390369	50390724	50499286	50499636	101203860	50365547	50615547	0	1324	350	108562	wide
SUPER_X1	92603455	92605743	IR	327	.	92604682	0.327	1.000	21	2303	92603455	92603543	92605655	92605743	101203860	92399161	92649161	21	3423	88	2112	spaced
SUPER_X1	3055058	3074093	IR	326	.	3064440	0.326	0.987	458	20037	3055058	3057184	3071986	3074093	101203860	2851687	3101687	459	3548	2107	14802	spaced
SUPER_X1	57111028	57125423	IR	326	.	57118355	0.326	0.992	204	14686	57111028	57111951	57124500	57125427	101203860	56902959	57152959	204	3587	923	12549	spaced
SUPER_X1	96333505	96340638	IR	326	.	96336955	0.326	0.941	149	7687	96333505	96334483	96339660	96340677	101203860	96267851	96517851	149	1153	978	5177	spaced
SUPER_X1	86690376	86699338	IR	326	.	86695037	0.326	0.957	131	9092	86690376	86691040	86698674	86699365	101203860	86543671	86750378	141	2519	664	7634	spaced
SUPER_X1	48410094	48412393	IR	326	.	48411183	0.326	0.956	66	2354	48410094	48410401	48412086	48412395	101203860	48407305	48443721	66	65	307	1685	immediate
SUPER_X1	54734370	54804363	IR	326	.	54769582	0.326	0.951	66	70131	54734370	54734785	54803948	54804375	101203860	54667413	54917413	66	1699	415	69163	spaced
SUPER_X1	88568574	88581975	IR	326	.	88575341	0.326	0.901	63	13461	88568574	88568829	88581720	88582003	101203860	88450578	88700578	85	2078	255	12891	spaced
SUPER_X1	14842663	14856157	IR	326	.	14849137	0.326	0.994	60	13475	14842663	14843012	14855808	14856157	101203860	14616823	14866823	0	3876	349	12796	spaced
SUPER_X1	95719329	95727764	IR	326	.	95723712	0.326	0.994	60	8467	95719329	95719657	95727436	95727764	101203860	95526420	95776420	60	3285	328	7779	spaced
SUPER_X1	42143215	42149173	IR	326	.	42145739	0.326	0.951	58	5914	42143215	42143975	42148413	42149173	101203860	42141836	42391836	0	72	760	4438	spaced
SUPER_X1	39363288	39414239	IR	326	.	39388872	0.326	0.840	44	51114	39363288	39364518	39413009	39414254	101203860	39217472	39467472	44	2854	1230	48491	spaced
SUPER_X1	3493546	3570057	IR	326	.	3532237	0.326	0.781	43	76365	3493546	3499343	3564318	3570057	101203860	3399664	3649664	0	2202	5739	64975	spaced
SUPER_X1	17693710	17695971	IR	326	.	17694927	0.326	0.995	41	2288	17693710	17693896	17695785	17695971	101203860	17481236	17696472	41	3559	186	1889	immediate
SUPER_X1	97142253	97151687	IR	326	.	97146577	0.326	0.959	39	9416	97142253	97142746	97151194	97151687	101203860	96917851	97167851	0	3818	493	8448	spaced
SUPER_X1	16437666	16441304	IR	326	.	16439623	0.326	0.772	30	3944	16437666	16437826	16441144	16441325	101203860	16391447	16641447	49	800	160	3318	spaced
SUPER_X1	98498371	98513827	IR	326	.	98505870	0.326	0.624	25	15508	98498371	98498734	98513508	98513827	101203860	98417851	98667851	26	1470	319	14774	spaced
SUPER_X1	73516221	73623501	IR	326	.	73570189	0.326	0.427	21	107262	73516221	73520633	73619155	73623501	101203860	73411207	73661207	0	2644	4346	98522	spaced
SUPER_X1	35285454	35299417	IR	325	.	35292174	0.325	0.988	272	13936	35285454	35287225	35297646	35299417	101203860	35285446	35374446	0	116	1771	10421	spaced
SUPER_X1	9447238	9465339	IR	325	.	9455958	0.325	0.949	209	18079	9447238	9448683	9463957	9465339	101203860	9430763	9680763	0	425	1382	15274	spaced
SUPER_X1	23326304	23359046	IR	325	.	23342973	0.325	0.892	128	32722	23326304	23327433	23357970	23359046	101203860	23243051	23493051	0	1660	1076	30537	spaced
SUPER_X1	21524142	21533513	IR	325	.	21529200	0.325	1.000	116	9352	21524142	21524785	21532870	21533513	101203860	21289438	21539438	0	3989	643	8085	spaced
SUPER_X1	41530568	41548382	IR	325	.	41539081	0.325	0.966	78	17793	41530568	41531250	41547709	41548382	101203860	41327856	41577856	0	3526	673	16459	spaced
SUPER_X1	35005611	35063554	IR	325	.	35034911	0.325	0.527	51	57864	35005611	35005740	35063425	35063670	101203860	34907074	35063895	0	2125	129	57685	spaced
SUPER_X1	87315747	87453313	IR	325	.	87384161	0.325	0.943	42	137545	87315747	87316366	87452694	87453313	101203860	87300578	87550578	0	1399	619	136328	wide
SUPER_X1	38475890	38529681	IR	325	.	38502992	0.325	0.962	40	53822	38475890	38476209	38529362	38529681	101203860	38302818	38552818	40	3332	319	53153	spaced
SUPER_X1	728322	899346	IR	325	.	814132	0.325	0.795	25	171089	728322	729506	898162	899431	101203860	700000	950000	0	1897	1184	168656	wide
SUPER_X1	50975902	50979367	IR	325	.	50977228	0.325	0.958	24	3448	50975902	50976115	50979155	50979367	101203860	50770413	50986707	0	3453	212	3040	spaced
SUPER_X1	58537369	58637191	IR	325	.	58587469	0.325	0.320	22	99805	58537369	58537424	58637166	58637191	101203860	58420100	58670100	40	2786	25	99742	spaced
SUPER_X1	6855382	6905321	IR	325	.	6879911	0.325	0.392	20	28825	6855382	6876783	6883920	6905348	101203860	6695583	6945583	0	3079	21401	7137	spaced
SUPER_X1	39450004	39470944	IR	325	.	39460082	0.325	0.927	20	20878	39450004	39450293	39470666	39470944	101203860	39267472	39517472	0	3216	278	20373	spaced
SUPER_X1	3326048	3344969	IR	324	.	3335403	0.324	0.868	240	19167	3326048	3327672	3343372	3344969	101203860	3299664	3549664	245	597	1597	15700	spaced
SUPER_X1	99813482	99833169	IR	324	.	99823049	0.324	0.815	151	19634	99813482	99815067	99831585	99833169	101203860	99679963	99929963	0	2389	1584	16518	spaced
SUPER_X1	81529920	81533345	IR	324	.	81531634	0.324	1.000	148	3598	81529920	81530595	81532670	81533345	101203860	81469880	81719880	148	1029	675	2075	spaced
SUPER_X1	3667016	3677404	IR	324	.	3672238	0.324	0.995	120	10497	3667016	3667624	3676796	3677404	101203860	3449664	3699664	120	3708	608	9172	spaced
SUPER_X1	99226757	99268531	IR	324	.	99247982	0.324	0.685	113	41754	99226757	99228581	99266744	99268531	101203860	99099058	99320337	0	2476	1787	38163	spaced
SUPER_X1	88104755	88205062	IR	324	.	88155135	0.324	0.994	91	100538	88104755	88105283	88204534	88205062	101203860	88000578	88250578	91	2572	528	99251	spaced
SUPER_X1	37016865	37025834	IR	324	.	37021192	0.324	0.995	72	9150	37016865	37017251	37025448	37025834	101203860	36975469	37225469	72	764	386	8197	spaced
SUPER_X1	32976938	33001924	IR	324	.	32989552	0.324	0.966	68	25065	32976938	32977498	33001365	33001924	101203860	32791405	33041405	68	3300	559	23867	spaced
SUPER_X1	68652948	68737638	IR	324	.	68694907	0.324	0.399	64	84666	68652948	68695152	68695515	68737638	101203860	68500212	68750212	0	3251	42123	363	immediate
SUPER_X1	4799228	4812512	IR	324	.	4805384	0.324	0.836	54	13365	4799228	4799890	4811850	4812617	101203860	4751980	5001980	0	898	662	11960	spaced
SUPER_X1	2000775	2017323	IR	324	.	2008883	0.324	1.000	50	16571	2000775	2001016	2017082	2017323	101203860	1817190	2018405	50	3197	241	16066	spaced
SUPER_X1	100398806	100406344	IR	324	.	100403065	0.324	0.919	47	7517	100398806	100399276	100405874	100406344	101203860	100177169	100427169	0	3756	470	6598	spaced
SUPER_X1	39175976	39245385	IR	324	.	39210821	0.324	0.935	34	69672	39175976	39176405	39244960	39245385	101203860	39117472	39367472	34	1553	425	68555	spaced
SUPER_X1	39026536	39035191	IR	324	.	39031027	0.324	0.943	31	8790	39026536	39026851	39034876	39035194	101203860	38809149	39059149	31	3695	315	8025	spaced
SUPER_X1	52861005	52875970	IR	324	.	52868846	0.324	0.910	31	14946	52861005	52861602	52875385	52875970	101203860	52857568	52985277	0	181	585	13783	spaced
SUPER_X1	98320957	98325108	IR	324	.	98323508	0.324	0.574	30	4147	98320957	98321455	98324610	98325125	101203860	98167851	98417851	0	2586	498	3155	spaced
SUPER_X1	14637821	14641096	IR	324	.	14639022	0.324	0.977	23	3235	14637821	14638041	14640876	14641096	101203860	14416823	14666823	0	3710	220	2835	spaced
SUPER_X1	45104865	45119117	IR	323	.	45111942	0.323	0.999	285	14451	45104865	45106159	45117823	45119117	101203860	44872990	45122990	285	3983	1294	11664	spaced
SUPER_X1	88064218	88083677	IR	323	.	88073569	0.323	0.950	243	19471	88064218	88066204	88081691	88083708	101203860	87850578	88100578	0	3722	1986	15487	spaced
SUPER_X1	100153982	100157854	IR	323	.	100156141	0.323	0.945	108	4157	100153982	100154739	100157127	100157854	101203860	100127169	100377169	110	479	727	2388	spaced
SUPER_X1	35488433	35497022	IR	323	.	35492647	0.323	0.899	100	8730	35488433	35489094	35496361	35497082	101203860	35474646	35724646	107	301	661	7267	spaced
SUPER_X1	47064551	47116567	IR	323	.	47090968	0.323	0.977	98	51997	47064551	47065379	47115739	47116570	101203860	46882641	47126234	0	3465	828	50360	spaced
SUPER_X1	52249003	52260928	IR	323	.	52254701	0.323	0.873	82	11931	52249003	52249770	52260161	52260957	101203860	52196486	52446486	0	974	767	10391	spaced
SUPER_X1	52784940	52798661	IR	323	.	52792222	0.323	0.943	79	13686	52784940	52785498	52798103	52798684	101203860	52649034	52857368	0	2379	558	12605	spaced
SUPER_X1	6463609	6468013	IR	323	.	6465724	0.323	0.900	78	4456	6463609	6464111	6467525	6468013	101203860	6378488	6606671	86	1455	488	3414	spaced
SUPER_X1	98783942	98790309	IR	323	.	98787247	0.323	0.987	54	6395	98783942	98784245	98790006	98790309	101203860	98686109	98936109	54	1683	303	5761	spaced
SUPER_X1	70688381	70703405	IR	323	.	70695420	0.323	0.984	50	14972	70688381	70688808	70702978	70703405	101203860	70536605	70786605	0	2654	427	14170	spaced
SUPER_X1	42515412	42605341	IR	323	.	42559993	0.323	0.850	48	89951	42515412	42518023	42602730	42605381	101203860	42514622	42764622	0	762	2611	84707	spaced
SUPER_X1	57425109	57439884	IR	323	.	57432933	0.323	0.872	44	14756	57425109	57425775	57439228	57439884	101203860	57320100	57570100	0	1873	656	13453	spaced
SUPER_X1	77199852	77240475	IR	323	.	77219849	0.323	0.711	43	40625	77199852	77200985	77239342	77240544	101203860	77115445	77365445	0	1745	1133	38357	spaced
SUPER_X1	36551552	36555718	IR	323	.	36553690	0.323	0.972	38	4213	36551552	36551875	36555395	36555718	101203860	36327562	36577562	38	3767	323	3520	spaced
SUPER_X1	22790695	22791264	IR	323	.	22791033	0.323	0.990	37	47569	22790695	22790905	22791054	22791264	101203860	22629635	22879635	37	2688	210	149	immediate
SUPER_X1	46078383	46117625	IR	323	.	46098314	0.323	0.980	32	39224	46078383	46078682	46117326	46117625	101203860	46068671	46162671	0	488	299	38644	spaced
SUPER_X1	61343212	61345693	IR	323	.	61344796	0.323	0.753	27	2463	61343212	61343475	61345494	61345693	101203860	61101134	61351134	0	4055	199	2019	spaced
SUPER_X1	85728453	85934663	IR	323	.	85831747	0.323	0.415	27	206327	85728453	85743538	85919578	85934727	101203860	85724177	85974177	56	1789	15085	176040	wide
SUPER_X1	42287567	42293527	IR	323	.	42290670	0.323	0.903	24	6002	42287567	42287965	42293134	42293527	101203860	42191836	42441836	24	1645	393	5169	spaced
SUPER_X1	59438604	59668538	IR	323	.	59553493	0.323	0.882	23	229892	59438604	59438655	59668493	59668538	101203860	59420212	59670212	187	2222	45	229838	wide
SUPER_X1	75868540	75870059	IR	323	.	75869379	0.323	0.790	23	2128	75868540	75868892	75869707	75870097	101203860	75669227	75919227	29	3334	352	815	immediate
SUPER_X1	77418343	77433773	IR	323	.	77425644	0.323	0.982	22	15405	77418343	77418509	77433607	77433773	101203860	77215445	77465445	0	3510	166	15098	spaced
SUPER_X1	11219295	11286343	IR	323	.	11253047	0.323	0.804	21	67031	11219295	11219638	11286000	11286376	101203860	11059751	11309751	15	3217	343	66362	spaced
SUPER_X1	2311750	2408734	IR	322	.	2360581	0.322	0.983	226	96967	2311750	2313590	2406894	2408734	101203860	2186221	2436221	0	2900	1840	93304	spaced
SUPER_X1	47203113	47259739	IR	322	.	47231545	0.322	0.995	131	56742	47203113	47203776	47259076	47259739	101203860	47126434	47273215	131	1749	663	55300	spaced
SUPER_X1	96965649	96983128	IR	322	.	96974156	0.322	0.990	100	17565	96965649	96966175	96982602	96983128	101203860	96767851	97017851	100	3442	526	16427	spaced
SUPER_X1	44032624	44160138	IR	322	.	44096173	0.322	0.996	93	127613	44032624	44033134	44159628	44160138	101203860	43929186	44179186	93	2786	510	126494	wide
SUPER_X1	80158664	80200003	IR	322	.	80179513	0.322	0.893	92	41605	80158664	80159875	80198813	80200003	101203860	79971803	80221803	92	3458	1190	38938	spaced
SUPER_X1	29580536	29587004	IR	322	.	29584135	0.322	0.998	74	6437	29580536	29580963	29586577	29587004	101203860	29341981	29591981	0	4029	427	5614	spaced
SUPER_X1	47367613	47484626	IR	322	.	47425985	0.322	0.978	72	117059	47367613	47368153	47484086	47484626	101203860	47273415	47523415	72	2544	540	115933	wide
SUPER_X1	23672077	23757392	IR	322	.	23714628	0.322	0.792	61	92264	23672077	23677766	23751703	23757394	101203860	23543051	23793051	61	2861	5689	73937	spaced
SUPER_X1	7858465	7861168	IR	322	.	7859869	0.322	0.992	53	2761	7858465	7858832	7860801	7861168	101203860	7834953	8084953	53	414	367	1969	immediate
SUPER_X1	99807871	99813038	IR	322	.	99809995	0.322	0.764	33	5070	99807871	99808376	99812623	99813038	101203860	99629963	99879963	0	3008	415	4247	spaced
SUPER_X1	97114304	97121193	IR	322	.	97117314	0.322	0.756	21	6840	97114304	97114852	97120742	97121193	101203860	96967851	97217851	0	2498	451	5890	spaced
SUPER_X1	30624434	30651059	IR	321	.	30637333	0.321	0.997	406	26609	30624434	30626825	30648668	30651064	101203860	30519588	30769588	0	1969	2391	21843	spaced
SUPER_X1	35908956	35917759	IR	321	.	35913144	0.321	0.992	306	9230	35908956	35910353	35916362	35917760	101203860	35781020	36031020	306	2205	1397	6009	spaced
SUPER_X1	24121929	24126728	IR	321	.	24124275	0.321	1.000	194	5096	24121929	24122764	24125893	24126728	101203860	23958201	24175780	194	2768	835	3129	spaced
SUPER_X1	45508941	45536640	IR	321	.	45522698	0.321	1.000	175	27893	45508941	45509720	45535861	45536640	101203860	45467005	45717005	179	929	779	26141	spaced
SUPER_X1	96273136	96279932	IR	321	.	96276975	0.321	0.918	75	6819	96273136	96274283	96278785	96279976	101203860	96267851	96517851	0	144	1147	4502	spaced
SUPER_X1	46380508	46391212	IR	321	.	46385624	0.321	0.899	61	11111	46380508	46380926	46390794	46391227	101203860	46212871	46462871	51	2883	418	9868	spaced
SUPER_X1	72399588	72427622	IR	321	.	72414074	0.321	0.997	53	28009	72399588	72399947	72427263	72427622	101203860	72292608	72466139	0	2016	359	27316	spaced
SUPER_X1	81729937	81875926	IR	321	.	81803067	0.321	0.069	39	145976	81729937	81730016	81875897	81875926	101203860	81669880	81919880	76	2217	29	145881	wide
SUPER_X1	29656585	29722606	IR	321	.	29689370	0.321	1.000	31	66047	29656585	29656721	29722470	29722606	101203860	29541981	29791981	31	2460	136	65749	spaced
SUPER_X1	3086234	3105496	IR	321	.	3095365	0.321	1.000	29	19232	3086234	3086411	3105319	3105496	101203860	2951687	3201687	0	2402	177	18908	spaced
SUPER_X1	66844554	66869590	IR	321	.	66857270	0.321	0.947	27	25024	66844554	66844801	66869345	66869590	101203860	66682936	66932936	27	2902	245	24544	spaced
SUPER_X1	21375557	21380751	IR	321	.	21377770	0.321	1.000	24	5175	21375557	21375716	21380592	21380751	101203860	21189438	21439438	0	3145	159	4876	spaced
SUPER_X1	38422522	38443740	IR	321	.	38433518	0.321	0.420	23	21191	38422522	38433118	38433175	38443740	101203860	38202818	38452818	0	3838	10565	57	immediate
SUPER_X1	29912677	29918826	IR	320	.	29915886	0.320	0.995	200	6455	29912677	29913734	29917769	29918826	101203860	29854656	30104656	200	1018	1057	4035	spaced
SUPER_X1	98706742	98722657	IR	320	.	98714206	0.320	0.961	142	15859	98706742	98707883	98721525	98722657	101203860	98686109	98936109	0	476	1132	13642	spaced
SUPER_X1	2117422	2121312	IR	320	.	2119352	0.320	0.998	125	3999	2117422	2118065	2120669	2121312	101203860	2018605	2136021	125	1679	643	2604	spaced
SUPER_X1	20325857	20330268	IR	320	.	20327921	0.320	1.000	111	4516	20325857	20326411	20329714	20330268	101203860	20121077	20371077	111	3449	554	3303	spaced
SUPER_X1	46133637	46143328	IR	320	.	46138553	0.320	0.956	78	9768	46133637	46134043	46142922	46143328	101203860	46068671	46162671	110	1163	406	8879	spaced
SUPER_X1	96519613	96565733	IR	320	.	96542576	0.320	0.607	72	46307	96519613	96520739	96564607	96565733	101203860	96317851	96567851	72	3746	1126	43868	spaced
SUPER_X1	23057227	23068253	IR	320	.	23062615	0.320	0.886	62	11067	23057227	23057702	23067821	23068253	101203860	23043051	23293051	64	328	432	10119	spaced
SUPER_X1	74569696	74572395	IR	320	.	74570612	0.320	0.810	32	2679	74569696	74570308	74571851	74572395	101203860	74539889	74789889	0	519	544	1543	immediate
SUPER_X1	15213159	15309145	IR	320	.	15261171	0.320	0.379	25	95978	15213159	15260838	15261489	15309145	101203860	15066823	15316823	25	3238	47656	651	immediate
SUPER_X1	87483176	87501879	IR	320	.	87492733	0.320	1.000	25	18712	87483176	87483299	87501756	87501879	101203860	87350578	87600578	25	2365	123	18457	spaced
SUPER_X1	44268730	44273359	IR	320	.	44270541	0.320	0.908	22	4612	44268730	44268999	44273097	44273359	101203860	44129186	44372790	0	2364	262	4098	spaced
SUPER_X1	38804614	38854142	IR	320	.	38829831	0.320	0.811	20	49540	38804614	38806157	38852599	38854174	101203860	38759149	39009149	0	1170	1543	46442	spaced
SUPER_X1	2762880	2788230	IR	319	.	2775892	0.319	0.723	269	25330	2762880	2767478	2783685	2788230	101203860	2651687	2901687	0	2064	4545	16207	spaced
SUPER_X1	95857704	95876374	IR	319	.	95867037	0.319	0.972	232	18854	95857704	95859007	95875096	95876374	101203860	95833511	96083511	232	558	1278	16089	spaced
SUPER_X1	86830950	86849818	IR	319	.	86840779	0.319	0.977	178	18837	86830950	86832321	86848453	86849818	101203860	86800578	87050578	0	663	1365	16132	spaced
SUPER_X1	61378228	61384634	IR	319	.	61381545	0.319	0.960	70	6508	61378228	61378903	61383960	61384634	101203860	61151134	61401134	70	3838	674	5057	spaced
SUPER_X1	3126802	3222215	IR	319	.	3174832	0.319	0.621	55	95451	3126802	3128445	3220572	3222271	101203860	3001687	3249464	0	2880	1643	92127	spaced
SUPER_X1	69781137	69921247	IR	319	.	69851652	0.319	0.978	49	140093	69781137	69781547	69920837	69921250	101203860	69736605	69986605	0	1909	410	139290	wide
SUPER_X1	74901674	75001616	IR	319	.	74951505	0.319	0.793	37	99957	74901674	74901720	75001570	75001628	101203860	74789889	75039889	362	2695	46	99850	spaced
SUPER_X1	3586098	3610227	IR	319	.	3598190	0.319	0.731	33	24891	3586098	3595193	3601206	3610227	101203860	3399664	3649664	33	3308	9021	6013	spaced
SUPER_X1	90940491	91034446	IR	319	.	90987425	0.319	0.826	30	139444	90940491	90940919	91034024	91034446	101203860	90879661	91129661	51	1796	422	93105	spaced
SUPER_X1	96734335	96784159	IR	319	.	96759296	0.319	0.772	28	49941	96734335	96734892	96783665	96784159	101203860	96667851	96917851	59	1523	494	48773	spaced
SUPER_X1	28516109	28605031	IR	319	.	28560110	0.319	0.392	26	51692	28516109	28554279	28566908	28605031	101203860	28491981	28741981	0	1143	38123	12629	spaced
SUPER_X1	59971159	60110189	IR	319	.	60040520	0.319	0.733	26	138993	59971159	59971192	60110156	60110201	101203860	59920212	60170212	164	2007	33	138964	wide
SUPER_X1	80365138	80366085	IR	319	.	80365609	0.319	0.981	25	78856	80365138	80365347	80365876	80366085	101203860	80221803	80453103	25	2396	209	529	immediate
SUPER_X1	36945736	37010543	IR	319	.	36977821	0.319	0.835	24	64788	36945736	36946945	37009334	37010550	101203860	36775469	37025469	0	3377	1209	62389	spaced
SUPER_X1	35076030	35156314	IR	319	.	35116574	0.319	0.642	23	80257	35076030	35077987	35154357	35156325	101203860	35064095	35285246	0	867	1957	76370	spaced
SUPER_X1	78459390	78629513	IR	319	.	78544849	0.319	0.612	22	170143	78459390	78459599	78629304	78629625	101203860	78421803	78671803	0	2044	209	169705	wide
SUPER_X1	51504783	51544146	IR	319	.	51524446	0.319	0.462	20	39383	51504783	51517759	51531170	51544147	101203860	51454760	51704760	20	1161	12976	13411	spaced
SUPER_X1	47490163	47494869	IR	318	.	47492360	0.318	0.968	119	4815	47490163	47490785	47494263	47494869	101203860	47473415	47723415	127	318	606	3478	spaced
SUPER_X1	86145116	86149756	IR	318	.	86147759	0.318	0.990	97	4589	86145116	86145790	86149082	86149756	101203860	86129887	86293471	0	292	674	3292	spaced
SUPER_X1	44718323	44720258	IR	318	.	44719312	0.318	0.998	85	2007	44718323	44718737	44719844	44720258	101203860	44472990	44722990	85	4104	414	1107	immediate
SUPER_X1	81678515	81682184	IR	318	.	81680305	0.318	0.997	80	3758	81678515	81678895	81681804	81682184	101203860	81469880	81719880	80	3507	380	2909	spaced
SUPER_X1	84342081	84347396	IR	318	.	84344548	0.318	0.989	74	5387	84342081	84342442	84347035	84347396	101203860	84169880	84419880	74	2914	361	4593	spaced
SUPER_X1	86891058	86905956	IR	318	.	86898043	0.318	0.937	69	14860	86891058	86891674	86905340	86905972	101203860	86750578	87000578	0	2465	616	13666	spaced
SUPER_X1	54639512	54641623	IR	318	.	54640568	0.318	1.000	55	2203	54639512	54639773	54641362	54641623	101203860	54414567	54664567	55	3766	261	1589	immediate
SUPER_X1	27518429	27638534	IR	318	.	27577984	0.318	0.835	49	120084	27518429	27518897	27638114	27638534	101203860	27395139	27645139	0	3055	420	119217	wide
SUPER_X1	65480562	65483523	IR	318	.	65482073	0.318	0.983	45	2983	65480562	65480854	65483231	65483523	101203860	65413311	65663311	45	1145	292	2377	spaced
SUPER_X1	48292015	48294082	IR	318	.	48293003	0.318	0.988	44	2084	48292015	48292256	48293841	48294082	101203860	48257091	48312517	44	599	241	1585	immediate
SUPER_X1	43086479	43091694	IR	318	.	43088996	0.318	0.991	41	5232	43086479	43086693	43091480	43091694	101203860	42986135	43236135	41	1715	214	4787	spaced
SUPER_X1	72025857	72111386	IR	318	.	72068517	0.318	0.850	39	85634	72025857	72026623	72110623	72111386	101203860	71986605	72236605	39	1366	763	84000	spaced
SUPER_X1	83464299	83550504	IR	318	.	83507300	0.318	0.469	23	86281	83464299	83465987	83548816	83550580	101203860	83319880	83569880	24	3125	1688	82829	spaced
SUPER_X1	64040933	64043303	IR	318	.	64041651	0.318	0.470	22	2417	64040933	64042031	64042205	64043371	101203860	63861982	64111982	0	3002	1098	174	immediate
SUPER_X1	57517658	57522824	IR	318	.	57519952	0.318	0.989	21	5133	57517658	57517834	57522648	57522824	101203860	57470100	57720100	0	835	176	4814	spaced
SUPER_X1	17298883	17364977	IR	318	.	17331757	0.318	0.875	20	66050	17298883	17298925	17364935	17364983	101203860	17281236	17531236	196	844	42	66010	spaced
SUPER_X1	65735496	65737574	IR	318	.	65736035	0.318	0.931	20	2055	65735496	65735817	65737258	65737574	101203860	65513311	65763311	0	3720	316	1441	immediate
SUPER_X1	79985051	79989848	IR	318	.	79987223	0.318	1.000	20	4792	79985051	79985158	79989741	79989848	101203860	79771803	80021803	20	3593	107	4583	spaced
SUPER_X1	29951019	30120047	IR	317	.	30035054	0.317	0.937	813	169003	29951019	29960636	30110438	30120047	101203860	29904656	30154656	0	2181	9609	149802	wide
SUPER_X1	31789771	31805036	IR	317	.	31797431	0.317	0.998	231	15577	31789771	31790845	31803962	31805036	101203860	31596969	31846969	231	3340	1074	13117	spaced
SUPER_X1	6359015	6378537	IR	317	.	6368430	0.317	0.504	161	19502	6359015	6365175	6372396	6378537	101203860	6328488	6578488	0	671	6141	7221	spaced
SUPER_X1	79121864	79125187	IR	317	.	79123353	0.317	1.000	121	3432	79121864	79122401	79124650	79125187	101203860	78921803	79171803	121	3361	537	2249	spaced
SUPER_X1	29515031	29520998	IR	317	.	29518305	0.317	0.888	57	5939	29515031	29515948	29520081	29520998	101203860	29291981	29541981	0	3767	917	4133	spaced
SUPER_X1	52709661	52748619	IR	317	.	52729626	0.317	0.990	55	38935	52709661	52710046	52748235	52748619	101203860	52649034	52857368	0	1334	384	38189	spaced
SUPER_X1	32540196	32542365	IR	317	.	32541523	0.317	0.985	51	2131	32540196	32540527	32542034	32542367	101203860	32341405	32591405	0	3331	331	1507	immediate
SUPER_X1	42708	63625	IR	317	.	53071	0.317	0.933	42	21064	42708	43293	63040	63626	101203860	0	250000	43	885	585	19747	spaced
SUPER_X1	101091985	101101680	IR	317	.	101096586	0.317	1.000	31	9675	101091985	101092005	101101660	101101680	101203860	100963860	101203860	2	2216	20	9655	spaced
SUPER_X1	24116257	24119323	IR	317	.	24117304	0.317	0.940	30	3042	24116257	24116468	24119112	24119324	101203860	23958201	24175780	0	2659	211	2644	spaced
SUPER_X1	92628736	92708168	IR	317	.	92668236	0.317	0.395	24	79433	92628736	92645828	92691121	92708168	101203860	92499161	92749161	23	2821	17047	45293	spaced
SUPER_X1	24405447	24516715	IR	317	.	24461007	0.317	0.843	21	111387	24405447	24405934	24516228	24516737	101203860	24325980	24575980	21	2251	487	110294	wide
SUPER_X1	32668391	32685716	IR	317	.	32676655	0.317	0.869	21	17299	32668391	32668967	32685140	32685718	101203860	32541405	32791405	0	2260	576	16173	spaced
SUPER_X1	65821516	65939992	IR	317	.	65880406	0.317	0.823	21	118421	65821516	65821939	65939569	65940029	101203860	65763311	66013311	0	1957	423	117630	wide
SUPER_X1	66909996	66958894	IR	317	.	66934319	0.317	0.822	20	48859	66909996	66910033	66958857	66958902	101203860	66732936	66982936	150	3358	37	48824	spaced
SUPER_X1	5613854	5703831	IR	316	.	5659169	0.316	0.946	163	89924	5613854	5615549	5702136	5703839	101203860	5611323	5861323	0	791	1695	86587	spaced
SUPER_X1	99485237	99489262	IR	316	.	99486866	0.316	0.928	129	3977	99485237	99486211	99488349	99489262	101203860	99479963	99729963	0	121	913	2138	spaced
SUPER_X1	13624199	13627510	IR	316	.	13626276	0.316	1.000	115	3293	13624199	13624802	13626907	13627510	101203860	13386358	13636358	0	3991	603	2105	spaced
SUPER_X1	78838059	78843166	IR	316	.	78840489	0.316	0.909	92	5178	78838059	78838628	78842644	78843166	101203860	78721803	78971803	92	1980	522	4016	spaced
SUPER_X1	44819592	44830092	IR	316	.	44824520	0.316	0.943	88	10469	44819592	44820376	44829333	44830092	101203860	44622990	44872990	0	3364	759	8957	spaced
SUPER_X1	3926559	3992215	IR	316	.	3959266	0.316	0.891	49	65982	3926559	3927804	3990970	3992229	101203860	3836403	4086403	49	2049	1245	63166	spaced
SUPER_X1	34335069	34354426	IR	316	.	34344270	0.316	0.988	43	19334	34335069	34335392	34354103	34354426	101203860	34149094	34399094	0	3260	323	18711	spaced
SUPER_X1	49744013	49853287	IR	316	.	49798816	0.316	0.889	30	109508	49744013	49744580	49852724	49853287	101203860	49685871	49895899	30	1879	563	108144	wide
SUPER_X1	30190901	30195110	IR	316	.	30193180	0.316	0.986	29	4299	30190901	30191038	30194973	30195111	101203860	30004656	30254656	29	3139	137	3935	spaced
SUPER_X1	5749696	5763839	IR	316	.	5757071	0.316	0.858	24	14087	5749696	5750188	5763380	5763839	101203860	5711323	5961323	0	757	459	13192	spaced
SUPER_X1	11434610	11490430	IR	316	.	11462736	0.316	0.894	24	55811	11434610	11434831	11490209	11490430	101203860	11409751	11659751	44	879	221	55378	spaced
SUPER_X1	51980190	52055594	IR	316	.	52017451	0.316	0.133	21	75397	51980190	51980235	52055549	52055666	101203860	51970640	52056453	0	787	45	75314	spaced
SUPER_X1	87300473	87303756	IR	316	.	87301614	0.316	0.696	21	3254	87300473	87300734	87303495	87303842	101203860	87200578	87450578	0	1692	261	2761	spaced
SUPER_X1	76069359	76313366	IR	315	.	76190944	0.315	0.889	398	243999	76069359	76079521	76303204	76313377	101203860	76069227	76319227	0	2035	10162	223683	wide
SUPER_X1	37533827	37556942	IR	315	.	37544883	0.315	0.979	384	23025	37533827	37536326	37554443	37556945	101203860	37492761	37583583	0	876	2499	18117	spaced
SUPER_X1	8166162	8178779	IR	315	.	8172667	0.315	0.995	229	12803	8166162	8167273	8177668	8178779	101203860	8148084	8398084	229	406	1111	10395	spaced
SUPER_X1	42246979	42270033	IR	315	.	42258980	0.315	0.969	144	23031	42246979	42248224	42268788	42270033	101203860	42141836	42391836	0	1944	1245	20564	spaced
SUPER_X1	48783116	48788824	IR	315	.	48785956	0.315	0.994	130	5893	48783116	48783771	48788169	48788825	101203860	48778360	48851312	130	126	655	4398	spaced
SUPER_X1	77546300	77548277	IR	315	.	77547058	0.315	0.958	110	72181	77546300	77547114	77547463	77548287	101203860	77365445	77615445	110	3030	814	349	immediate
SUPER_X1	41108124	41112343	IR	315	.	41110617	0.315	0.932	94	4160	41108124	41109088	41111379	41112381	101203860	40979713	41228456	0	2175	964	2291	spaced
SUPER_X1	86346127	86355445	IR	315	.	86350381	0.315	1.000	83	9296	86346127	86346610	86354962	86355445	101203860	86343671	86593671	0	118	483	8352	spaced
SUPER_X1	53392098	53413568	IR	315	.	53402668	0.315	0.842	76	22100	53392098	53393228	53412438	53413650	101203860	53259290	53509290	102	2392	1130	19210	spaced
SUPER_X1	58355178	58437777	IR	315	.	58396272	0.315	0.352	39	86271	58355178	58359642	58433313	58439169	101203860	58270100	58520100	36	2106	4464	73671	spaced
SUPER_X1	29118325	29135598	IR	315	.	29126568	0.315	0.811	32	17252	29118325	29118700	29135257	29135598	101203860	28891981	29141981	0	3916	341	16557	spaced
SUPER_X1	73640408	73640985	IR	315	.	73640696	0.315	0.990	32	19647	73640408	73640603	73640790	73640985	101203860	73411207	73661207	32	3824	195	187	immediate
SUPER_X1	4059472	4225409	IR	315	.	4142434	0.315	0.941	23	165943	4059472	4059725	4225159	4225409	101203860	3986403	4236403	23	2600	250	165434	wide
SUPER_X1	56832462	56992699	IR	315	.	56912108	0.315	0.710	20	160219	56832462	56832524	56992655	56992699	101203860	56752959	57002959	0	2660	44	160131	wide
SUPER_X1	100565463	100603941	IR	314	.	100584457	0.314	0.917	705	38793	100565463	100578792	100590612	100603942	101203860	100427169	100677169	153	2625	13329	11820	spaced
SUPER_X1	52964527	52982477	IR	314	.	52973282	0.314	0.986	374	23179	52964527	52964670	52982334	52982477	101203860	52857568	52985277	23	1932	143	17664	spaced
SUPER_X1	59795842	59801860	IR	314	.	59798670	0.314	0.999	363	6402	59795842	59797459	59800243	59801860	101203860	59570212	59820212	363	3810	1617	2784	spaced
SUPER_X1	446686	470258	IR	314	.	458906	0.314	0.954	331	23555	446686	449807	467155	470258	101203860	250000	500000	0	3474	3103	17348	spaced
SUPER_X1	56107499	56109958	IR	314	.	56108728	0.314	0.939	89	2536	56107499	56107963	56109494	56109986	101203860	55931865	56158126	91	2947	464	1531	immediate
SUPER_X1	2717610	2739329	IR	314	.	2728166	0.314	0.901	80	21530	2717610	2719196	2737780	2739329	101203860	2651687	2901687	0	1279	1549	18584	spaced
SUPER_X1	29078098	29082464	IR	314	.	29080619	0.314	0.998	79	4314	29078098	29078545	29082018	29082464	101203860	28841981	29091981	0	3971	446	3473	spaced
SUPER_X1	98664127	98669061	IR	314	.	98666165	0.314	1.000	64	4910	98664127	98664460	98668728	98669061	101203860	98467851	98685909	0	3312	333	4268	spaced
SUPER_X1	56746403	56784494	IR	314	.	56765005	0.314	0.929	59	38078	56746403	56747015	56783882	56784506	101203860	56702959	56952959	0	1041	612	36867	spaced
SUPER_X1	69425886	69494671	IR	314	.	69459929	0.314	0.994	56	68758	69425886	69426245	69494312	69494672	101203860	69328098	69536405	0	2202	359	68067	spaced
SUPER_X1	63536367	63540101	IR	314	.	63538444	0.314	1.000	50	3767	63536367	63536611	63539857	63540101	101203860	63497351	63747351	50	681	244	3246	spaced
SUPER_X1	30283479	30304578	IR	314	.	30293547	0.314	0.856	43	21128	30283479	30285484	30302573	30304625	101203860	30054656	30304656	0	3989	2005	17089	spaced
SUPER_X1	62917259	62917808	IR	314	.	62917354	0.314	0.963	29	16116	62917259	62917469	62917598	62917812	101203860	62748961	62998961	29	2809	210	129	immediate
SUPER_X1	79391863	79500435	IR	314	.	79445722	0.314	0.876	25	108549	79391863	79392889	79499414	79500435	101203860	79271803	79521803	0	2905	1021	106525	wide
SUPER_X1	26934063	26938764	IR	314	.	26936399	0.314	0.861	22	4853	26934063	26934759	26938069	26938764	101203860	26742516	26992516	22	3231	695	3310	spaced
SUPER_X1	31319706	31410163	IR	314	.	31365225	0.314	0.965	21	90436	31319706	31319937	31409932	31410163	101203860	31246969	31496969	0	1965	231	89995	spaced
SUPER_X1	11727887	11731303	IR	313	.	11729405	0.313	1.000	113	3523	11727887	11728389	11730801	11731303	101203860	11509751	11759751	113	3663	502	2412	spaced
SUPER_X1	53179206	53181872	IR	313	.	53180192	0.313	0.905	84	2645	53179206	53180330	53180775	53181872	101203860	53126993	53259090	0	892	1097	445	immediate
SUPER_X1	20951976	20954317	IR	313	.	20953115	0.313	1.000	83	2426	20951976	20952375	20953918	20954317	101203860	20740403	20990403	83	3545	399	1543	immediate
SUPER_X1	44589048	44640003	IR	313	.	44614140	0.313	0.886	44	50908	44589048	44589617	44639477	44640003	101203860	44422990	44672990	0	3192	526	49860	spaced
SUPER_X1	59128199	59135170	IR	313	.	59131502	0.313	0.760	24	6933	59128199	59128249	59135132	59135170	101203860	58920100	59170100	280	3526	38	6883	spaced
SUPER_X1	62106818	62126868	IR	313	.	62117199	0.313	1.000	20	19990	62106818	62106878	62126808	62126868	101203860	61880317	62130317	0	3941	60	19930	spaced
SUPER_X1	79068456	79079246	IR	313	.	79074228	0.313	0.715	20	10829	79068456	79069015	79078687	79079303	101203860	79021803	79271803	0	867	559	9672	spaced
SUPER_X1	45392123	45414600	IR	312	.	45403261	0.312	0.937	273	23232	45392123	45394104	45412619	45414625	101203860	45256766	45466805	273	2443	1981	18515	spaced
SUPER_X1	12084094	12183255	IR	312	.	12133458	0.312	0.915	131	99485	12084094	12085171	12182178	12183313	101203860	12009751	12236158	130	2065	1077	97007	spaced
SUPER_X1	57138754	57145036	IR	312	.	57141529	0.312	0.963	76	6201	57138754	57139540	57144250	57145036	101203860	56902959	57152959	0	3982	786	4710	spaced
SUPER_X1	59825447	59829969	IR	312	.	59827518	0.312	0.815	45	4539	59825447	59825772	59829694	59829969	101203860	59620212	59870212	45	3458	275	3922	spaced
SUPER_X1	63451245	63453608	IR	312	.	63452051	0.312	0.996	44	2346	63451245	63451510	63453343	63453608	101203860	63205841	63455841	0	4109	265	1833	immediate
SUPER_X1	79768491	79783204	IR	312	.	79776123	0.312	1.000	42	14693	79768491	79768731	79782964	79783204	101203860	79571803	79821803	0	3400	240	14233	spaced
SUPER_X1	8047839	8086501	IR	312	.	8067159	0.312	0.956	26	38617	8047839	8047882	8086458	8086503	101203860	7884953	8134953	240	3036	43	38576	spaced
SUPER_X1	100921038	100942528	IR	311	.	100931946	0.311	0.999	200	21676	100921038	100921942	100941624	100942528	101203860	100763860	101013860	204	2798	904	19682	spaced
SUPER_X1	43565135	43568514	IR	311	.	43566469	0.311	0.999	110	3350	43565135	43565843	43567806	43568514	101203860	43489255	43735066	0	1292	708	1963	immediate
SUPER_X1	44785389	44788826	IR	311	.	44786787	0.311	0.864	90	3500	44785389	44785912	44788303	44788908	101203860	44622990	44872990	0	2735	523	2391	spaced
SUPER_X1	68928969	69052867	IR	311	.	68990851	0.311	0.778	37	123853	68928969	68929032	69052818	69052867	101203860	68900212	69150212	588	1511	49	123786	wide
SUPER_X1	34699432	34724545	IR	311	.	34711502	0.311	0.793	33	25092	34699432	34699789	34724190	34724545	101203860	34556742	34806742	0	2587	355	24401	spaced
SUPER_X1	15538005	15762731	IR	311	.	15650764	0.311	0.963	29	224683	15538005	15538411	15762325	15762731	101203860	15516823	15766823	0	2225	406	223914	wide
SUPER_X1	11510333	11519626	IR	311	.	11514866	0.311	0.767	26	40168	11510333	11510523	11519436	11519676	101203860	11459751	11709751	57	920	190	8913	spaced
SUPER_X1	32834853	32848380	IR	311	.	32841254	0.311	0.909	24	13506	32834853	32835541	32847692	32848382	101203860	32691405	32941405	0	2503	688	12151	spaced
SUPER_X1	90114195	90215953	IR	311	.	90164907	0.311	0.902	24	101710	90114195	90114510	90215647	90215953	101203860	89982011	90232011	24	3050	306	101137	wide
SUPER_X1	45266727	45301732	IR	311	.	45283728	0.311	0.842	23	34987	45266727	45267172	45301295	45301732	101203860	45256766	45466805	0	457	437	34123	spaced
SUPER_X1	12463153	12495086	IR	310	.	12479480	0.310	0.927	917	31971	12463153	12477516	12480723	12495143	101203860	12336358	12586358	0	2379	14363	3207	spaced
SUPER_X1	32849143	32912799	IR	310	.	32881424	0.310	0.996	382	63636	32849143	32851439	32910504	32912799	101203860	32691405	32941405	0	3159	2295	59065	spaced
SUPER_X1	100311972	100327077	IR	310	.	100319287	0.310	0.918	128	15495	100311972	100312338	100326711	100327089	101203860	100177169	100427169	35	2372	366	14373	spaced
SUPER_X1	50380434	50383747	IR	310	.	50381662	0.310	1.000	113	3295	50380434	50381037	50383144	50383747	101203860	50365547	50615547	0	275	603	2107	spaced
SUPER_X1	513192	546888	IR	310	.	529578	0.310	0.876	94	33696	513192	516970	543110	546909	101203860	350000	600000	0	3000	3778	26140	spaced
SUPER_X1	77181937	77194496	IR	310	.	77188029	0.310	0.645	30	12571	77181937	77182330	77194113	77194496	101203860	76965445	77215445	30	3712	383	11783	spaced
SUPER_X1	70148570	70211010	IR	310	.	70179494	0.310	0.389	22	62418	70148570	70171627	70187987	70211010	101203860	69986605	70236605	0	3219	23023	16360	spaced
SUPER_X1	60110152	60248355	IR	309	.	60178874	0.309	0.966	34	138146	60110152	60110209	60248298	60248357	101203860	60020212	60270212	0	2650	57	138089	wide
SUPER_X1	11539052	11595810	IR	309	.	11567658	0.309	0.874	22	56792	11539052	11539297	11595570	11595810	101203860	11459751	11709751	31	1794	240	56273	spaced
SUPER_X1	45808602	45817603	IR	308	.	45812890	0.308	0.973	280	9491	45808602	45810198	45816007	45817618	101203860	45617005	45862005	280	3268	1596	5809	spaced
SUPER_X1	326283	345820	IR	308	.	335904	0.308	0.967	43	19563	326283	326582	345521	345820	101203860	100000	350000	43	3934	299	18939	spaced
SUPER_X1	2591745	2612077	IR	308	.	2601804	0.308	1.000	31	20349	2591745	2591913	2611909	2612077	101203860	2386221	2636221	31	3594	168	19996	spaced
SUPER_X1	76837437	76978143	IR	308	.	76908089	0.308	0.902	28	140675	76837437	76838009	76977573	76978143	101203860	76765445	77015445	0	2372	570	139564	wide
SUPER_X1	16456108	16472729	IR	308	.	16463930	0.308	1.000	27	16596	16456108	16456274	16472563	16472729	101203860	16341447	16591447	0	2049	166	16289	spaced
SUPER_X1	70591372	70659994	IR	308	.	70625275	0.308	0.393	26	62900	70591372	70617644	70633773	70659994	101203860	70536605	70786605	0	1484	26221	16129	spaced
SUPER_X1	77988194	77996688	IR	308	.	77992077	0.308	0.729	22	8576	77988194	77988531	77996351	77996788	101203860	77894923	78144923	0	1625	337	7820	spaced
SUPER_X1	95509973	95532098	IR	308	.	95521377	0.308	0.885	21	22094	95509973	95510323	95531749	95532098	101203860	95326420	95576420	0	3243	349	21426	spaced
SUPER_X1	35687283	35710036	IR	307	.	35698500	0.307	0.988	404	23201	35687283	35689374	35707945	35710036	101203860	35474646	35724646	404	3733	2091	18571	spaced
SUPER_X1	43969396	43991891	IR	307	.	43980433	0.307	0.942	258	23197	43969396	43971520	43989767	43991893	101203860	43879186	44129186	258	1690	2124	18247	spaced
SUPER_X1	88624415	88644530	IR	307	.	88634118	0.307	0.965	157	20089	88624415	88626066	88642879	88644530	101203860	88400578	88650578	0	3898	1651	16813	spaced
SUPER_X1	44416080	44420351	IR	307	.	44418671	0.307	1.000	63	4252	44416080	44416438	44419993	44420351	101203860	44372990	44622990	0	753	358	3555	spaced
SUPER_X1	100956731	100958756	IR	307	.	100957242	0.307	0.954	29	2004	100956731	100957098	100958395	100958756	101203860	100813860	101063860	0	2397	361	1297	immediate
SUPER_X1	83983496	84002778	IR	307	.	83993116	0.307	1.000	24	19231	83983496	83983547	84002727	84002778	101203860	83769880	84019880	264	3720	51	19180	spaced
SUPER_X1	72136580	72141248	IR	307	.	72139066	0.307	0.964	21	4795	72136580	72136914	72140914	72141248	101203860	71936605	72186605	21	3371	334	4000	spaced
SUPER_X1	89205953	89214695	IR	307	.	89210681	0.307	1.000	20	8725	89205953	89206060	89214588	89214695	101203860	88996870	89246870	0	3557	107	8528	spaced
SUPER_X1	32100061	32126592	IR	306	.	32113753	0.306	0.992	209	26507	32100061	32101342	32125311	32126592	101203860	31896969	32146969	0	3605	1281	23969	spaced
SUPER_X1	47263874	47266255	IR	306	.	47264992	0.306	1.000	84	2454	47263874	47264263	47265866	47266255	101203860	47126434	47273215	84	2310	389	1603	immediate
SUPER_X1	50265265	50268248	IR	306	.	50266787	0.306	0.970	70	3103	50265265	50265726	50267787	50268248	101203860	50172460	50365347	70	1571	461	2061	spaced
SUPER_X1	45701558	45725917	IR	306	.	45713641	0.306	0.913	44	24443	45701558	45702107	45725368	45725922	101203860	45517005	45767005	44	3278	549	23261	spaced
SUPER_X1	29314406	29322826	IR	306	.	29318509	0.306	0.989	31	8516	29314406	29314595	29322637	29322826	101203860	29091981	29341981	31	3777	189	8042	spaced
SUPER_X1	40955176	41069434	IR	306	.	41011817	0.306	0.000	28	114235	40955176	40955206	41069404	41069520	101203860	40829713	41079713	0	3043	30	114198	wide
SUPER_X1	54259134	54261187	IR	306	.	54259843	0.306	0.995	27	2028	54259134	54259333	54260988	54261187	101203860	54214567	54464567	0	759	199	1655	immediate
SUPER_X1	25107476	25142843	IR	306	.	25124668	0.306	0.859	20	35350	25107476	25108086	25142233	25142844	101203860	24925980	25175980	0	3319	610	34147	spaced
SUPER_X1	100034310	100042587	IR	306	.	100038402	0.306	0.698	20	8257	100034310	100034568	100042394	100042587	101203860	99879963	100126969	50	2641	193	7826	spaced
SUPER_X1	24564023	24567137	IR	305	.	24565700	0.305	0.997	83	3193	24564023	24564420	24566740	24567138	101203860	24325980	24575980	83	3993	397	2320	spaced
SUPER_X1	2109277	2112446	IR	305	.	2111063	0.305	0.976	69	3240	2109277	2109689	2112038	2112446	101203860	2018605	2136021	69	1537	408	2349	spaced
SUPER_X1	35638120	35643104	IR	305	.	35640280	0.305	0.864	52	4135	35638120	35639487	35641737	35643106	101203860	35524646	35730037	0	1932	1367	2250	spaced
SUPER_X1	72748815	72887508	IR	305	.	72817718	0.305	0.698	21	138677	72748815	72749055	72887268	72887579	101203860	72666339	72916339	0	2530	240	138213	wide
SUPER_X1	95915159	95959892	IR	304	.	95937483	0.304	0.985	103	44898	95915159	95915761	95959290	95959892	101203860	95783511	96033511	103	2566	602	43529	spaced
SUPER_X1	2143039	2195535	IR	304	.	2169154	0.304	0.960	58	52612	2143039	2143533	2195042	2195535	101203860	2136221	2386221	58	550	493	51509	spaced
SUPER_X1	61206154	61225297	IR	304	.	61215924	0.304	1.000	43	19163	61206154	61206363	61225088	61225297	101203860	61051134	61301134	43	2743	209	18725	spaced
SUPER_X1	59218533	59233418	IR	304	.	59226107	0.304	1.000	40	14911	59218533	59218709	59233242	59233418	101203860	59020100	59270100	40	3431	176	14533	spaced
SUPER_X1	78194382	78198848	IR	304	.	78196480	0.304	1.000	39	4494	78194382	78194559	78198671	78198848	101203860	77994923	78221603	39	3361	177	4112	spaced
SUPER_X1	46263385	46275807	IR	304	.	46269252	0.304	0.924	38	12406	46263385	46263945	46275247	46275811	101203860	46162871	46412871	0	1778	560	11302	spaced
SUPER_X1	21909932	21918220	IR	304	.	21913718	0.304	0.797	21	8302	21909932	21910233	21917919	21918254	101203860	21822308	21991812	0	1529	301	7686	spaced
SUPER_X1	6336937	6346489	IR	303	.	6341889	0.303	0.995	122	9636	6336937	6337525	6345901	6346489	101203860	6328488	6578488	122	220	588	8376	spaced
SUPER_X1	96480943	96497037	IR	303	.	96489380	0.303	0.695	69	16071	96480943	96482279	96495701	96497037	101203860	96267851	96517851	0	3685	1336	13422	spaced
SUPER_X1	55133307	55136432	IR	303	.	55134406	0.303	0.951	36	3113	55133307	55133564	55136175	55136441	101203860	54917413	55141852	0	3624	257	2611	spaced
SUPER_X1	60933487	60945646	IR	303	.	60940035	0.303	0.835	35	12135	60933487	60933821	60945363	60945646	101203860	60770212	61020212	0	2822	283	11542	spaced
SUPER_X1	101104407	101123390	IR	303	.	101113495	0.303	0.983	28	18966	101104407	101104580	101123217	101123392	101203860	100913860	101163860	0	3333	173	18637	spaced
SUPER_X1	61257209	61262069	IR	303	.	61259658	0.303	1.000	24	4861	61257209	61257310	61261968	61262069	101203860	61051134	61301134	24	3474	101	4658	spaced
SUPER_X1	15803848	15855733	IR	302	.	15830211	0.302	0.993	841	51866	15803848	15808960	15850625	15855733	101203860	15616823	15866823	0	3549	5108	41665	spaced
SUPER_X1	41159814	41190804	IR	302	.	41174847	0.302	0.958	44	30968	41159814	41160198	41190430	41190804	101203860	40979713	41228456	0	3259	374	30232	spaced
SUPER_X1	28362946	28382139	IR	302	.	28372222	0.302	0.964	35	19167	28362946	28363254	28381833	28382139	101203860	28146640	28396640	0	3764	306	18579	spaced
SUPER_X1	100505154	100525867	IR	302	.	100515373	0.302	0.984	22	20719	100505154	100505280	100525741	100525867	101203860	100327169	100577169	22	3138	126	20461	spaced
SUPER_X1	99509520	99512694	IR	301	.	99511189	0.301	0.993	84	3229	99509520	99509969	99512245	99512694	101203860	99429963	99679963	84	1352	449	2276	spaced
SUPER_X1	12437	24404	IR	301	.	18583	0.301	0.986	79	16320	12437	12944	23897	24404	101203860	0	250000	79	306	507	10953	spaced
SUPER_X1	45569867	45573984	IR	301	.	45571588	0.301	0.998	70	4076	45569867	45570296	45573555	45573984	101203860	45467005	45717005	0	1748	429	3259	spaced
SUPER_X1	43300697	43303681	IR	301	.	43302117	0.301	0.975	44	3155	43300697	43301060	43303318	43303681	101203860	43086135	43310438	44	3600	363	2258	spaced
SUPER_X1	1120266	1166055	IR	301	.	1142947	0.301	0.875	38	46323	1120266	1121918	1164409	1166055	101203860	950000	1200000	38	3219	1646	42491	spaced
SUPER_X1	17100068	17104939	IR	301	.	17102403	0.301	1.000	25	4872	17100068	17100179	17104828	17104939	101203860	16897906	17147906	25	3409	111	4649	spaced
SUPER_X1	53037292	53040233	IR	301	.	53039181	0.301	0.974	24	2927	53037292	53037481	53040044	53040236	101203860	52985477	53126793	0	887	189	2563	spaced
SUPER_X1	47652943	47797170	IR	301	.	47724854	0.301	0.823	22	144307	47652943	47654803	47795310	47797213	101203860	47573415	47823415	22	2527	1860	140507	wide
SUPER_X1	50827692	50827989	IR	301	.	50827783	0.301	1.000	22	22835	50827692	50827815	50827866	50827989	101203860	50720413	50970413	22	1790	123	51	immediate
SUPER_X1	46036250	46039775	IR	300	.	46038064	0.300	0.998	97	3627	46036250	46036699	46039326	46039775	101203860	45862205	46068471	97	2929	449	2627	spaced
SUPER_X1	7772815	7776745	IR	300	.	7774556	0.300	1.000	25	3937	7772815	7772925	7776635	7776745	101203860	7571994	7821994	25	3379	110	3710	spaced
SUPER_X1	94481849	94533238	IR	300	.	94507769	0.300	0.616	24	51437	94481849	94483875	94531212	94533285	101203860	94359560	94576220	24	2466	2026	47337	spaced
SUPER_X1	55544767	55548562	IR	299	.	55546374	0.299	0.998	90	3778	55544767	55545331	55547998	55548562	101203860	55395382	55645382	0	2521	564	2667	spaced
SUPER_X1	28014882	28084478	IR	299	.	28050124	0.299	0.739	60	69536	28014882	28023727	28075633	28084481	101203860	28006746	28146440	0	715	8845	51906	spaced
SUPER_X1	56739468	56742117	IR	299	.	56741038	0.299	0.905	48	2637	56739468	56740311	56741274	56742125	101203860	56702959	56952959	0	630	843	963	immediate
SUPER_X1	68243292	68254614	IR	299	.	68248977	0.299	0.989	30	11373	68243292	68243472	68254434	68254614	101203860	68050212	68300212	30	3312	180	10962	spaced
SUPER_X1	94312969	94339773	IR	299	.	94326041	0.299	1.000	25	26776	94312969	94313113	94339629	94339773	101203860	94309560	94559560	0	280	144	26516	spaced
SUPER_X1	96260501	96266394	IR	298	.	96263838	0.298	0.975	119	5824	96260501	96261331	96265564	96266397	101203860	96217851	96467851	0	759	830	4233	spaced
SUPER_X1	43154873	43232014	IR	298	.	43193036	0.298	0.983	23	77115	43154873	43155047	43231840	43232014	101203860	42986135	43236135	0	3455	174	76793	spaced
SUPER_X1	25208962	25213353	IR	297	.	25210878	0.297	1.000	131	4372	25208962	25209660	25212655	25213353	101203860	24975980	25225980	0	3919	698	2995	spaced
SUPER_X1	80399885	80403596	IR	297	.	80402148	0.297	0.987	36	3686	80399885	80400122	80403359	80403596	101203860	80171803	80421803	0	3832	237	3237	spaced
SUPER_X1	95091904	95102457	IR	297	.	95097112	0.297	0.988	23	10548	95091904	95092076	95102285	95102457	101203860	94926420	95176420	23	2845	172	10209	spaced
SUPER_X1	22071900	22076537	IR	297	.	22074160	0.297	1.000	21	4625	22071900	22071996	22076441	22076537	101203860	21992012	22198401	21	1369	96	4445	spaced
SUPER_X1	80471749	80698442	IR	296	.	80585570	0.296	0.989	48	226671	80471749	80472112	80698079	80698442	101203860	80453303	80703303	0	2196	363	225967	wide
SUPER_X1	3295794	3300794	IR	296	.	3297990	0.296	0.995	26	4982	3295794	3295989	3300599	3300794	101203860	3249664	3499664	0	810	195	4610	spaced
SUPER_X1	1297479	1369172	IR	296	.	1333697	0.296	0.872	21	71663	1297479	1298440	1368211	1369174	101203860	1223568	1473568	0	1829	961	69771	spaced
SUPER_X1	90753349	90776925	IR	296	.	90764683	0.296	0.745	21	23537	90753349	90753803	90776471	90777010	101203860	90677275	90879461	0	1464	454	22668	spaced
SUPER_X1	17602245	17666024	IR	295	.	17634622	0.295	0.881	90	63749	17602245	17603893	17664433	17666024	101203860	17431236	17681236	0	3381	1591	60540	spaced
SUPER_X1	5907613	5979558	IR	295	.	5943295	0.295	0.957	63	71928	5907613	5908205	5978966	5979567	101203860	5761323	6011323	0	3037	592	70761	spaced
SUPER_X1	29541856	29544437	IR	295	.	29542992	0.295	1.000	39	2618	29541856	29542039	29544254	29544437	101203860	29341981	29591981	39	3352	183	2215	spaced
SUPER_X1	82144729	82150062	IR	295	.	82147302	0.295	0.979	33	5382	82144729	82144924	82149870	82150062	101203860	81919880	82169880	33	3791	192	4946	spaced
SUPER_X1	22509838	22512592	IR	295	.	22510995	0.295	0.983	29	2801	22509838	22510014	22512416	22512593	101203860	22429635	22679635	29	1359	176	2402	spaced
SUPER_X1	47939872	47951593	IR	294	.	47945893	0.294	0.977	28	11718	47939872	47940049	47951419	47951593	101203860	47723415	47973415	28	3705	174	11370	spaced
SUPER_X1	47518837	47531435	IR	293	.	47525307	0.293	1.000	117	12721	47518837	47519396	47530876	47531435	101203860	47423415	47673415	117	1695	559	11480	spaced
SUPER_X1	94405269	94425673	IR	291	.	94415796	0.291	0.976	50	20382	94405269	94405639	94425309	94425673	101203860	94209560	94459560	0	3431	364	19670	spaced
SUPER_X1	8963401	9030815	IR	290	.	8996977	0.290	0.863	20	67430	8963401	8963962	9030273	9030815	101203860	8852219	9102219	20	2414	542	66311	spaced
SUPER_X1	4228564	4257748	IR	289	.	4243072	0.289	0.964	64	29255	4228564	4229092	4257220	4257753	101203860	4036403	4286403	64	3445	528	28128	spaced
SUPER_X1	79622449	79625958	IR	287	.	79623770	0.287	0.991	31	3486	79622449	79622682	79625725	79625958	101203860	79421803	79671803	0	3373	233	3043	spaced
SUPER_X1	44397466	44413589	IR	284	.	44405089	0.284	0.900	87	16130	44397466	44398220	44412835	44413637	101203860	44372990	44622990	0	542	754	14615	spaced
SUPER_X1	16158957	16340439	IR	277	.	16249776	0.277	0.730	58	181879	16158957	16166329	16333068	16340439	101203860	16116823	16341247	59	2214	7371	166739	wide
SUPER_2	85096752	85104977	IR	746	.	85100865	0.746	0.943	360	8689	85096752	85099863	85101866	85105027	89754956	84933969	85183969	360	2781	3111	2003	spaced
SUPER_2	85183242	85191467	IR	744	.	85187355	0.744	0.941	358	8686	85183242	85186263	85188446	85191514	89754956	85033969	85283969	358	2556	3021	2183	spaced
SUPER_2	19895472	19897813	IR	670	.	19896643	0.670	0.991	123	2522	19895472	19896144	19897142	19897813	89754956	19697301	19947301	123	3322	671	998	immediate
SUPER_2	80506911	80509411	IR	665	.	80508161	0.665	0.975	101	2782	80506911	80507559	80508763	80509412	89754956	80264120	80514120	101	4067	648	1204	immediate
SUPER_2	74695793	74697381	IR	623	.	74696587	0.623	0.997	58	26418	74695793	74696094	74697080	74697381	89754956	74547356	74797356	60	2487	301	986	immediate
SUPER_2	24505836	24508244	IR	596	.	24506949	0.596	0.956	44	2453	24505836	24506311	24507771	24508244	89754956	24394555	24644555	44	1874	473	1460	immediate
SUPER_2	62550682	62553038	IR	573	.	62551860	0.573	0.996	107	2438	62550682	62551196	62552524	62553038	89754956	62500338	62750338	108	858	514	1328	immediate
SUPER_2	50290635	50292716	IR	571	.	50291674	0.571	0.984	86	2144	50290635	50291014	50292337	50292716	89754956	50209778	50351674	86	1364	379	1323	immediate
SUPER_2	831370	836297	IR	571	.	833708	0.571	0.962	81	5196	831370	832076	835591	836297	89754956	603201	853201	81	3843	706	3515	spaced
SUPER_2	283029	284059	IR	563	.	283544	0.563	0.989	70	110864	283029	283470	283619	284059	89754956	153201	403201	71	2172	440	149	immediate
SUPER_2	5158062	5159202	IR	554	.	5158632	0.554	0.991	57	20375	5158062	5158383	5158881	5159202	89754956	4965292	5193934	57	3222	321	498	immediate
SUPER_2	76984743	76985967	IR	550	.	76985355	0.550	0.983	60	18293	76984743	76985153	76985558	76985967	89754956	76770707	77012346	60	3577	409	405	immediate
SUPER_2	78471552	78474022	IR	547	.	78472787	0.547	0.993	120	2589	78471552	78472099	78473475	78474022	89754956	78244037	78494037	120	3812	547	1376	immediate
SUPER_2	48403701	48405220	IR	545	.	48404472	0.545	0.941	75	101025	48403701	48404089	48404855	48405220	89754956	48284972	48534972	81	1991	365	766	immediate
SUPER_2	1575750	1577825	IR	544	.	1576869	0.544	0.918	47	2176	1575750	1576235	1577340	1577825	89754956	1525383	1775383	47	856	485	1105	immediate
SUPER_2	75011212	75013186	IR	523	.	75012215	0.523	0.648	56	2108	75011212	75012036	75012398	75013186	89754956	74797356	75047356	56	3580	788	362	immediate
SUPER_2	27643207	27645219	IR	515	.	27644213	0.515	0.974	50	2104	27643207	27643513	27644913	27645219	89754956	27410174	27660174	50	3900	306	1400	immediate
SUPER_2	8699469	8700593	IR	510	.	8700030	0.510	0.925	56	27639	8699469	8699853	8700229	8700593	89754956	8464551	8714551	56	3924	364	376	immediate
SUPER_2	71809802	71810644	IR	501	.	71810223	0.501	0.990	48	71705	71809802	71810096	71810350	71810644	89754956	71707985	71957985	49	1703	294	254	immediate
SUPER_2	84773153	84775167	IR	494	.	84774160	0.494	0.936	72	2119	84773153	84773581	84774739	84775193	89754956	84619761	84783769	72	2573	428	1158	immediate
SUPER_2	27993495	28002320	IR	491	.	27997663	0.491	0.388	72	9837	27993495	27997134	27998687	28002320	89754956	27760174	28010174	3	3962	3633	1553	immediate
SUPER_2	13407074	13407688	IR	490	.	13407381	0.490	0.987	31	2852	13407074	13407302	13407460	13407688	89754956	13198046	13448046	32	3488	228	158	immediate
SUPER_2	35759679	35764216	IR	481	.	35762277	0.481	0.936	21	4511	35759679	35760084	35763816	35764216	89754956	35536568	35786568	0	3756	400	3732	spaced
SUPER_2	16530041	16530593	IR	480	.	16530317	0.480	1.000	43	66154	16530041	16530243	16530391	16530593	89754956	16397237	16647237	67	2217	202	148	immediate
SUPER_2	51118474	51121047	IR	474	.	51119715	0.474	0.779	35	2666	51118474	51118831	51120690	51121105	89754956	50979574	51229574	58	2336	357	1859	immediate
SUPER_2	49566005	49569340	IR	471	.	49567669	0.471	0.917	109	3427	49566005	49567255	49568090	49569366	89754956	49362125	49612125	109	3425	1250	835	immediate
SUPER_2	38145258	38147268	IR	471	.	38146163	0.471	0.908	48	9549	38145258	38145746	38146803	38147268	89754956	37998448	38248448	50	2463	465	1057	immediate
SUPER_2	71804033	71804597	IR	471	.	71804315	0.471	0.986	41	58470	71804033	71804254	71804376	71804597	89754956	71707985	71957985	41	1605	221	122	immediate
SUPER_2	42133145	42134889	IR	461	.	42134017	0.461	0.980	68	66470	42133145	42133496	42134538	42134894	89754956	42029451	42279451	68	1742	351	1042	immediate
SUPER_2	25342444	25345827	IR	458	.	25343954	0.458	0.939	96	3445	25342444	25343085	25345216	25345827	89754956	25141434	25391434	109	3378	611	2131	spaced
SUPER_2	4948133	4949619	IR	458	.	4948875	0.458	0.959	46	37726	4948133	4948421	4949334	4949619	89754956	4765292	5015292	46	3059	285	913	immediate
SUPER_2	61629512	61630573	IR	449	.	61630042	0.449	0.957	26	171024	61629512	61629699	61630390	61630573	89754956	61543756	61793756	26	1437	183	691	immediate
SUPER_2	24839984	24842284	IR	446	.	24841134	0.446	0.997	72	2402	24839984	24840324	24841944	24842284	89754956	24741434	24991434	72	1661	340	1620	immediate
SUPER_2	56352345	56352944	IR	444	.	56352645	0.444	0.991	42	104324	56352345	56352569	56352721	56352944	89754956	56226812	56476812	42	2097	223	152	immediate
SUPER_2	52073492	52075803	IR	442	.	52074715	0.442	0.785	27	2319	52073492	52073711	52075621	52075803	89754956	51829574	52079574	63	4084	182	1910	immediate
SUPER_2	27278607	27280607	IR	441	.	27279607	0.441	0.977	31	2015	27278607	27278827	27280387	27280607	89754956	27160174	27410174	31	1990	220	1560	immediate
SUPER_2	451447	454695	IR	440	.	453071	0.440	0.914	148	3413	451447	452185	453957	454760	89754956	253201	503201	148	3331	738	1772	immediate
SUPER_2	45273081	45275433	IR	440	.	45274257	0.440	1.000	73	2475	45273081	45273453	45275061	45275433	89754956	45038133	45288133	73	3935	372	1608	immediate
SUPER_2	74923956	74924370	IR	439	.	74924163	0.439	0.988	32	102592	74923956	74924126	74924200	74924370	89754956	74797356	75047356	32	2113	170	74	immediate
SUPER_2	79484383	79485497	IR	438	.	79484940	0.438	0.968	47	141923	79484383	79484754	79485127	79485497	89754956	79346857	79596857	47	2301	370	373	immediate
SUPER_2	73805871	73808560	IR	437	.	73807216	0.437	0.998	131	2774	73805871	73806461	73807970	73808561	89754956	73597356	73847356	133	3497	590	1509	immediate
SUPER_2	74397813	74459054	IR	435	.	74428626	0.435	0.404	34	128288	74397813	74421486	74435427	74459054	89754956	74347356	74597356	54	1351	23627	13941	spaced
SUPER_2	87329633	87349552	IR	434	.	87339090	0.434	0.704	62	19713	87329633	87333423	87345796	87349552	89754956	87172865	87422865	0	2778	3756	12373	spaced
SUPER_2	70333789	70334539	IR	433	.	70334165	0.433	0.983	41	7009	70333789	70334023	70334307	70334539	89754956	70307985	70557985	41	436	232	284	immediate
SUPER_2	72910397	72911032	IR	433	.	72910724	0.433	0.806	21	15908	72910397	72910546	72910883	72911034	89754956	72893569	73143569	59	285	149	337	immediate
SUPER_2	26322272	26325163	IR	432	.	26323749	0.432	0.843	47	2916	26322272	26322850	26324648	26325163	89754956	26130617	26380617	49	3218	515	1798	immediate
SUPER_2	78865609	78867639	IR	420	.	78866624	0.420	1.000	39	2052	78865609	78865785	78867463	78867639	89754956	78742797	78972109	39	2063	176	1678	immediate
SUPER_2	70764768	70900056	IR	419	.	70832079	0.419	0.773	335	126019	70764768	70779894	70884930	70900127	89754956	70757985	71007985	0	1240	15126	105036	wide
SUPER_2	8169930	8172693	IR	415	.	8171387	0.415	0.883	61	2969	8169930	8170430	8172215	8172693	89754956	8064551	8314551	61	1779	478	1785	immediate
SUPER_2	6118896	6273541	IR	413	.	6196553	0.413	0.908	26	154546	6118896	6119474	6272963	6273541	89754956	6036592	6286592	0	2660	578	153489	wide
SUPER_2	58988866	58991070	IR	410	.	58989968	0.410	0.857	83	2286	58988866	58989454	58990558	58991070	89754956	58843918	59093918	99	2434	512	1104	immediate
SUPER_2	88028099	88031080	IR	408	.	88029631	0.408	0.893	71	3075	88028099	88028608	88030587	88031080	89754956	88008065	88207751	80	358	493	1979	immediate
SUPER_2	47144847	47147202	IR	408	.	47146055	0.408	0.820	51	2423	47144847	47145316	47146794	47147202	89754956	46962641	47212641	55	3056	408	1478	immediate
SUPER_2	63189530	63192585	IR	407	.	63191058	0.407	0.998	122	3130	63189530	63190144	63191972	63192585	89754956	62979711	63229711	134	3522	613	1828	immediate
SUPER_2	72652340	72653767	IR	404	.	72653142	0.404	0.937	23	161098	72652340	72652558	72653549	72653767	89754956	72557985	72807985	23	1584	218	991	immediate
SUPER_2	68504264	68507523	IR	403	.	68505871	0.403	1.000	136	4396	68504264	68504980	68506807	68507523	89754956	68460189	68710189	178	761	716	1827	immediate
SUPER_2	86083191	86086638	IR	403	.	86085119	0.403	0.887	89	3517	86083191	86083858	86086031	86086638	89754956	85955659	86201951	113	2154	607	2173	spaced
SUPER_2	73908390	73910730	IR	403	.	73909560	0.403	0.994	63	2363	73908390	73908726	73910394	73910730	89754956	73697356	73947356	63	3536	336	1668	immediate
SUPER_2	11119050	11119665	IR	402	.	11119359	0.402	0.978	34	2428	11119050	11119319	11119399	11119665	89754956	10922207	11172207	34	3285	266	80	immediate
SUPER_2	76055147	76066258	IR	401	.	76061178	0.401	0.944	113	11118	76055147	76056454	76064951	76066286	89754956	76005220	76170507	0	924	1307	8497	spaced
SUPER_2	77388252	77406882	IR	399	.	77397560	0.399	0.435	21	18619	77388252	77397521	77397618	77406882	89754956	77262546	77473278	21	2250	9264	97	immediate
SUPER_2	63895000	63901927	IR	396	.	63898487	0.396	0.825	60	7010	63895000	63898209	63898774	63901927	89754956	63746451	63996451	60	2533	3153	565	immediate
SUPER_2	9751284	9963852	IR	396	.	9857502	0.396	0.870	47	212664	9751284	9752396	9962753	9963852	89754956	9751137	10001137	47	1773	1099	210357	wide
SUPER_2	4600160	4604570	IR	394	.	4602365	0.394	0.982	246	4647	4600160	4601392	4603340	4604570	89754956	4365292	4615292	256	3951	1230	1948	immediate
SUPER_2	14510231	14512351	IR	391	.	14511291	0.391	0.843	45	2187	14510231	14510638	14511999	14512351	89754956	14347237	14597237	55	2734	352	1361	immediate
SUPER_2	76449038	76660546	IR	389	.	76555082	0.389	0.395	45	206486	76449038	76554139	76555445	76660569	89754956	76420707	76670707	0	2234	105101	1306	immediate
SUPER_2	79149746	79176750	IR	389	.	79163346	0.389	0.707	21	27219	79149746	79150004	79176492	79176815	89754956	78972309	79196657	41	3182	258	26488	spaced
SUPER_2	48766092	48768880	IR	386	.	48767486	0.386	0.992	95	2878	48766092	48766611	48768361	48768880	89754956	48712125	48962125	95	922	519	1750	immediate
SUPER_2	68621160	68624213	IR	385	.	68622696	0.385	0.938	48	3099	68621160	68621523	68623853	68624213	89754956	68410189	68660189	48	3541	360	2330	spaced
SUPER_2	86739288	86766003	IR	381	.	86753070	0.381	0.445	38	26637	86739288	86744281	86761053	86766003	89754956	86672865	86922865	0	1329	4950	16772	spaced
SUPER_2	54917477	54919549	IR	378	.	54918513	0.378	0.989	31	2089	54917477	54917656	54919370	54919549	89754956	54681403	54931403	31	3951	179	1714	immediate
SUPER_2	13001837	13072742	IR	378	.	13036765	0.378	0.389	30	70820	13001837	13034994	13039585	13072774	89754956	12898046	13148046	0	2320	33157	4591	spaced
SUPER_2	62427737	62429994	IR	377	.	62428864	0.377	0.946	46	2264	62427737	62427991	62429745	62429994	89754956	62186776	62436776	46	4034	249	1754	immediate
SUPER_2	62082348	62083384	IR	377	.	62082866	0.377	0.972	43	145028	62082348	62082670	62083063	62083384	89754956	61943756	62186576	43	2318	321	393	immediate
SUPER_2	27135199	27155999	IR	375	.	27145941	0.375	0.962	124	20783	27135199	27136330	27154876	27155999	89754956	27110174	27360174	0	590	1123	18546	spaced
SUPER_2	2466896	2477014	IR	375	.	2471886	0.375	0.942	97	10297	2466896	2468012	2475898	2477015	89754956	2463806	2667352	97	135	1116	7886	spaced
SUPER_2	86338406	86385591	IR	374	.	86361865	0.374	0.496	55	47866	86338406	86342305	86381749	86385591	89754956	86272865	86522865	55	1485	3842	39444	spaced
SUPER_2	82782242	82892987	IR	374	.	82837426	0.374	0.841	25	110816	82782242	82783097	82892132	82893050	89754956	82704925	82954925	30	2211	855	109035	wide
SUPER_2	68138005	68142538	IR	373	.	68140058	0.373	0.916	28	4595	68138005	68138477	68142075	68142538	89754956	67934270	68184270	28	3433	463	3598	spaced
SUPER_2	69241101	69277335	IR	373	.	69258735	0.373	0.416	22	23035	69241101	69254982	69263463	69277335	89754956	69049038	69299038	0	3502	13872	8481	spaced
SUPER_2	26685022	26809946	IR	372	.	26747766	0.372	0.384	29	124808	26685022	26747517	26747521	26809946	89754956	26680617	26930617	0	1114	62425	4	immediate
SUPER_2	29590870	29594878	IR	369	.	29593236	0.369	0.986	108	3988	29590870	29591650	29594098	29594878	89754956	29433054	29683054	0	2663	780	2448	spaced
SUPER_2	73535753	73537784	IR	368	.	73536868	0.368	0.841	71	2150	73535753	73536170	73537367	73537847	89754956	73389448	73597156	87	2455	417	1197	immediate
SUPER_2	22498414	22689014	IR	368	.	22594027	0.368	0.912	41	190571	22498414	22499162	22688266	22689014	89754956	22471803	22721124	0	2031	748	189104	wide
SUPER_2	53212192	53214749	IR	367	.	53213487	0.367	1.000	119	2695	53212192	53212758	53214183	53214749	89754956	53041530	53291530	119	2865	566	1425	immediate
SUPER_2	49844495	49847306	IR	366	.	49845896	0.366	0.950	74	2866	49844495	49844984	49846818	49847306	89754956	49612125	49862125	78	3896	488	1834	immediate
SUPER_2	74713842	74716045	IR	366	.	74714941	0.366	0.895	71	2360	74713842	74714519	74715393	74716045	89754956	74497356	74747356	71	3626	652	874	immediate
SUPER_2	83617246	83619479	IR	362	.	83618099	0.362	0.975	57	2215	83617246	83617801	83618924	83619479	89754956	83410125	83623123	0	3470	555	1123	immediate
SUPER_2	83661515	83680120	IR	361	.	83670982	0.361	0.976	291	19230	83661515	83663559	83678079	83680120	89754956	83623323	83749605	291	791	2041	14520	spaced
SUPER_2	28883136	28893445	IR	361	.	28888291	0.361	0.418	28	10472	28883136	28887671	28888911	28893445	89754956	28660174	28910174	28	3801	4534	1240	immediate
SUPER_2	82383533	82445045	IR	361	.	82414049	0.361	1.000	24	61495	82383533	82383550	82445028	82445045	89754956	82235498	82485498	2	2979	17	61478	spaced
SUPER_2	46122038	46125837	IR	360	.	46124091	0.360	0.986	21	3810	46122038	46122177	46125698	46125837	89754956	45887164	46137164	21	3946	139	3521	spaced
SUPER_2	79947290	80017614	IR	358	.	79982015	0.358	0.968	67	70211	79947290	79947782	80017127	80017614	89754956	79796857	80046857	0	3093	487	69345	spaced
SUPER_2	63284994	63439888	IR	358	.	63362567	0.358	0.727	26	154956	63284994	63285347	63439535	63439959	89754956	63229711	63479711	38	2212	353	154188	wide
SUPER_2	8050894	8053952	IR	356	.	8052436	0.356	0.888	59	3679	8050894	8051420	8053426	8053980	89754956	7814551	8064551	114	3964	526	2006	spaced
SUPER_2	74142647	74259897	IR	356	.	74200781	0.356	0.398	30	116913	74142647	74183862	74218700	74259897	89754956	74047356	74297356	0	2565	41197	34838	spaced
SUPER_2	393856	415183	IR	355	.	404206	0.355	0.731	25	21309	393856	394237	414802	415281	89754956	203201	453201	0	3355	381	20565	spaced
SUPER_2	33891053	33893889	IR	353	.	33892529	0.353	1.000	71	2961	33891053	33891357	33893585	33893889	89754956	33875532	34125532	71	282	304	2228	spaced
SUPER_2	48880492	49074641	IR	353	.	48977284	0.353	0.894	23	194061	48880492	48881137	49073999	49074641	89754956	48862125	49112125	0	1923	642	192862	wide
SUPER_2	70240513	70243370	IR	352	.	70241942	0.352	0.938	43	11474	70240513	70241141	70242742	70243371	89754956	70107985	70357985	44	2232	628	1601	immediate
SUPER_2	7437421	7450602	IR	352	.	7443710	0.352	0.903	29	13159	7437421	7438245	7449778	7450604	89754956	7255502	7505502	0	3141	824	11533	spaced
SUPER_2	7109454	7122480	IR	351	.	7115736	0.351	0.916	70	13159	7109454	7109833	7122103	7122480	89754956	6955502	7205502	129	2674	377	12270	spaced
SUPER_2	84538188	84540427	IR	351	.	84539308	0.351	0.989	54	2266	84538188	84538469	84540147	84540427	89754956	84474774	84619561	54	1075	280	1678	immediate
SUPER_2	87323441	87325806	IR	350	.	87324705	0.350	0.994	31	2359	87323441	87323617	87325630	87325806	89754956	87122865	87372865	31	3362	176	2013	spaced
SUPER_2	7638334	7644697	IR	349	.	7641079	0.349	0.704	27	5583	7638334	7639534	7643497	7644717	89754956	7405502	7655502	0	3933	1200	3963	spaced
SUPER_2	12529622	12662827	IR	349	.	12596589	0.349	0.748	22	133155	12529622	12530233	12662307	12662827	89754956	12498046	12748046	0	1636	520	132074	wide
SUPER_2	76240307	76396904	IR	348	.	76318571	0.348	0.395	34	156602	76240307	76311608	76325603	76396922	89754956	76170707	76420707	35	2464	71301	13995	spaced
SUPER_2	51508151	51668420	IR	347	.	51588698	0.347	0.879	254	160223	51508151	51517003	51659596	51668420	89754956	51429574	51679574	0	2645	8824	142593	wide
SUPER_2	57018016	57101200	IR	347	.	57059303	0.347	0.398	34	83109	57018016	57059398	57059818	57101209	89754956	56993918	57243918	0	1094	41382	420	immediate
SUPER_2	4221976	4246719	IR	347	.	4234304	0.347	0.990	32	24837	4221976	4222174	4246521	4246719	89754956	4215292	4465292	32	317	198	24347	spaced
SUPER_2	11070467	11075573	IR	346	.	11072666	0.346	0.996	85	5089	11070467	11071010	11075031	11075573	89754956	10872207	11122207	0	3346	542	4021	spaced
SUPER_2	84564547	84569240	IR	345	.	84566459	0.345	0.999	167	4668	84564547	84565472	84568315	84569240	89754956	84474774	84619561	0	1535	925	2843	spaced
SUPER_2	81374633	81405376	IR	345	.	81390091	0.345	0.971	89	33791	81374633	81375120	81404897	81405376	89754956	81335498	81585498	89	908	479	29777	spaced
SUPER_2	5593897	5597020	IR	345	.	5595902	0.345	0.721	24	3155	5593897	5594373	5596544	5597074	89754956	5486592	5736592	0	1814	476	2171	spaced
SUPER_2	77223514	77257967	IR	344	.	77241222	0.344	0.882	115	34429	77223514	77224562	77257005	77257967	89754956	77012546	77262546	0	3803	962	32443	spaced
SUPER_2	64786473	64797027	IR	344	.	64792049	0.344	1.000	92	10536	64786473	64786967	64796533	64797027	89754956	64754654	65004654	0	618	494	9566	spaced
SUPER_2	86944309	87020847	IR	344	.	86982448	0.344	0.911	54	76615	86944309	86944821	87020350	87020847	89754956	86772865	87022865	54	3495	497	75529	spaced
SUPER_2	10644556	10645103	IR	344	.	10644829	0.344	0.973	30	34405	10644556	10644740	10644919	10645103	89754956	10451137	10701137	30	3228	184	179	immediate
SUPER_2	25061133	25152633	IR	343	.	25106844	0.343	0.968	172	91771	25061133	25062326	25151447	25152633	89754956	24941434	25191434	172	2757	1186	89121	spaced
SUPER_2	83437640	83472247	IR	342	.	83454822	0.342	0.984	227	34852	83437640	83439002	83470885	83472247	89754956	83260125	83510125	227	3246	1362	31883	spaced
SUPER_2	65436872	65501083	IR	342	.	65469187	0.342	0.883	164	64363	65436872	65438227	65499742	65501083	89754956	65304654	65554654	105	2738	1341	61515	spaced
SUPER_2	5407349	5411622	IR	342	.	5409494	0.342	0.897	48	4464	5407349	5408462	5410511	5411622	89754956	5271230	5486392	48	2304	1111	2049	spaced
SUPER_2	4302080	4487449	IR	342	.	4394564	0.342	0.922	21	185479	4302080	4302260	4487269	4487449	89754956	4265292	4515292	21	2157	180	185009	wide
SUPER_2	22905581	22908519	IR	341	.	22907146	0.341	0.961	45	2978	22905581	22905835	22908273	22908519	89754956	22721324	22971324	45	3095	246	2438	spaced
SUPER_2	31417760	31445622	IR	341	.	31432047	0.341	0.985	37	27844	31417760	31418030	31445352	31445622	89754956	31233054	31483054	0	3310	270	27322	spaced
SUPER_2	73373799	73436006	IR	341	.	73405107	0.341	0.404	21	97792	73373799	73391785	73418068	73436006	89754956	73289448	73539448	30	1924	17938	26283	spaced
SUPER_2	25169779	25278609	IR	340	.	25224246	0.340	0.998	359	109513	25169779	25171420	25276968	25278609	89754956	25141434	25391434	360	1379	1641	105548	wide
SUPER_2	83285728	83324181	IR	340	.	83305084	0.340	0.788	64	38479	83285728	83286448	83323574	83324181	89754956	83110125	83360125	64	3247	607	37126	spaced
SUPER_2	71881653	72041714	IR	340	.	71961406	0.340	0.409	22	159988	71881653	71921612	72001755	72041758	89754956	71807985	72057985	0	2561	39959	80143	spaced
SUPER_2	32732224	32753526	IR	339	.	32742527	0.339	1.000	37	21284	32732224	32732414	32753336	32753526	89754956	32544677	32794677	0	3303	190	20922	spaced
SUPER_2	12032021	12047396	IR	338	.	12039478	0.338	0.966	364	16779	12032021	12034644	12044773	12047398	89754956	11872207	12122207	304	2791	2623	10129	spaced
SUPER_2	85365322	85383269	IR	338	.	85374092	0.338	0.998	258	18177	85365322	85366541	85382050	85383269	89754956	85133969	85383969	279	4005	1219	15509	spaced
SUPER_2	4105106	4112337	IR	338	.	4108701	0.338	0.991	212	7379	4105106	4106167	4111276	4112337	89754956	3965292	4215292	215	2390	1061	5109	spaced
SUPER_2	19922586	19938134	IR	338	.	19930781	0.338	0.997	48	15525	19922586	19922888	19937832	19938134	89754956	19697301	19947301	0	3884	302	14944	spaced
SUPER_2	42785831	42786960	IR	338	.	42786400	0.338	0.940	42	145800	42785831	42786262	42786537	42786960	89754956	42629451	42879451	42	2615	423	275	immediate
SUPER_2	78270735	78275566	IR	338	.	78273224	0.338	1.000	32	4835	78270735	78270904	78275397	78275566	89754956	78144037	78394037	32	2151	169	4493	spaced
SUPER_2	9513477	9520157	IR	337	.	9517118	0.337	0.894	108	6662	9513477	9515418	9518229	9520157	89754956	9296834	9546834	0	3666	1928	2811	spaced
SUPER_2	74643513	74649300	IR	337	.	74646566	0.337	0.461	52	5807	74643513	74646286	74646527	74649303	89754956	74547356	74797356	55	1650	2773	241	immediate
SUPER_2	37149782	37339119	IR	337	.	37244484	0.337	0.967	32	189353	37149782	37150056	37338845	37339119	89754956	37127163	37377163	32	1954	274	188789	wide
SUPER_2	21030621	21037506	IR	337	.	21034081	0.337	0.442	30	6894	21030621	21033280	21034916	21037506	89754956	20897301	21147301	58	2279	2590	1636	immediate
SUPER_2	46761578	46783888	IR	337	.	46773206	0.337	0.851	22	22260	46761578	46762051	46783415	46783893	89754956	46612641	46862641	0	2668	473	21364	spaced
SUPER_2	85125288	85144702	IR	336	.	85135362	0.336	0.997	259	19395	85125288	85126842	85143148	85144702	89754956	84933969	85183969	0	3350	1554	16306	spaced
SUPER_2	88457291	88543578	IR	336	.	88500907	0.336	0.871	44	86267	88457291	88457938	88542943	88543578	89754956	88357951	88607951	0	2374	635	85005	spaced
SUPER_2	39250448	39294996	IR	336	.	39273129	0.336	0.782	21	44530	39250448	39250836	39294659	39294996	89754956	39106071	39356071	0	2777	337	43823	spaced
SUPER_2	89583104	89638786	IR	335	.	89610482	0.335	0.930	864	55599	89583104	89596859	89625062	89638786	89754956	89488505	89738505	0	2040	13724	28203	spaced
SUPER_2	75984472	76000238	IR	335	.	75992078	0.335	0.929	719	15745	75984472	75990641	75994088	76000238	89754956	75754072	76004072	0	3971	6150	3447	spaced
SUPER_2	34325669	34345354	IR	335	.	34335942	0.335	0.994	369	19666	34325669	34327772	34343251	34345362	89754956	34178474	34428474	0	2617	2103	15479	spaced
SUPER_2	85211775	85231197	IR	335	.	85221857	0.335	0.997	261	19403	85211775	85213329	85229643	85231197	89754956	85183969	85433969	0	625	1554	16314	spaced
SUPER_2	57250366	57259365	IR	335	.	57254614	0.335	0.959	130	9011	57250366	57251118	57258613	57259397	89754956	57043918	57293918	0	3515	752	7495	spaced
SUPER_2	5042912	5060849	IR	335	.	5052255	0.335	0.737	71	17925	5042912	5043777	5059984	5060866	89754956	4815292	5065292	0	3943	865	16207	spaced
SUPER_2	16711711	16734809	IR	335	.	16722780	0.335	0.895	59	23076	16711711	16712199	16734352	16734809	89754956	16547237	16797237	0	2933	457	22153	spaced
SUPER_2	74036931	74066973	IR	335	.	74052034	0.335	0.489	36	30314	74036931	74039186	74064718	74067011	89754956	73947356	74197356	78	1743	2255	25532	spaced
SUPER_2	7789577	7792367	IR	335	.	7791327	0.335	0.953	26	2766	7789577	7789895	7792050	7792367	89754956	7764551	8014551	0	440	317	2155	spaced
SUPER_2	88640878	88837252	IR	334	.	88739527	0.334	0.881	237	196444	88640878	88644061	88834069	88837343	89754956	88607951	88838305	0	2185	3183	190008	wide
SUPER_2	80599560	80632232	IR	334	.	80616079	0.334	0.968	112	32744	80599560	80600405	80631387	80632232	89754956	80414120	80664120	112	3362	845	30982	spaced
SUPER_2	3610041	3664889	IR	334	.	3637622	0.334	0.926	72	54974	3610041	3610541	3664395	3664889	89754956	3539878	3789878	81	1626	494	53854	spaced
SUPER_2	32045554	32048004	IR	334	.	32046755	0.334	0.873	29	2463	32045554	32045722	32047847	32048004	89754956	31994677	32244677	60	868	157	2125	spaced
SUPER_2	76674123	76768176	IR	334	.	76721492	0.334	0.419	26	93963	76674123	76693309	76749021	76768176	89754956	76520707	76770707	0	3340	19155	55712	spaced
SUPER_2	35009381	35022483	IR	333	.	35015638	0.333	0.998	335	13083	35009381	35011282	35020584	35022483	89754956	34986568	35236568	0	489	1899	9302	spaced
SUPER_2	27211855	27235233	IR	332	.	27223940	0.332	0.880	27	23253	27211855	27212684	27234423	27235233	89754956	27210174	27460174	0	222	810	21739	spaced
SUPER_2	80766454	80870789	IR	332	.	80819074	0.332	0.870	23	104319	80766454	80767816	80869427	80870798	89754956	80764120	81014120	0	908	1362	101611	wide
SUPER_2	75483674	75549090	IR	332	.	75516592	0.332	0.903	21	65466	75483674	75483950	75548814	75549093	89754956	75364091	75580091	21	2538	276	64864	spaced
SUPER_2	28034167	28073162	IR	332	.	28053280	0.332	0.868	20	38971	28034167	28035485	28071844	28073166	89754956	27960174	28210174	0	1558	1318	36359	spaced
SUPER_2	52753676	52911517	IR	331	.	52832867	0.331	0.986	139	157818	52753676	52754557	52910636	52911517	89754956	52691530	52941530	0	2350	881	156079	wide
SUPER_2	25588908	25721858	IR	331	.	25655620	0.331	0.973	85	132917	25588908	25589557	25721209	25721865	89754956	25480617	25730617	0	2912	649	131652	wide
SUPER_2	59234466	59438221	IR	331	.	59336168	0.331	1.000	69	203804	59234466	59234800	59437887	59438221	89754956	59193918	59443918	69	2373	334	203087	wide
SUPER_2	85404292	85406408	IR	331	.	85405350	0.331	0.977	68	2225	85404292	85404633	85406072	85406408	89754956	85183969	85433969	68	3689	336	1439	immediate
SUPER_2	7630204	7636531	IR	331	.	7633108	0.331	0.919	58	6221	7630204	7630959	7635776	7636540	89754956	7405502	7655502	0	3797	755	4817	spaced
SUPER_2	3486943	3571109	IR	331	.	3528737	0.331	0.443	52	84145	3486943	3490619	3567437	3571109	89754956	3439878	3689878	0	1485	3672	76818	spaced
SUPER_2	78016444	78131398	IR	331	.	78074403	0.331	0.923	51	114949	78016444	78017092	78130750	78131414	89754956	77948311	78143837	0	2093	648	113658	wide
SUPER_2	44075310	44088424	IR	331	.	44082351	0.331	1.000	50	13091	44075310	44075612	44088122	44088424	89754956	43938133	44188133	0	2395	302	12510	spaced
SUPER_2	65342192	65352652	IR	331	.	65347637	0.331	0.955	34	10489	65342192	65342481	65352363	65352653	89754956	65154654	65404654	34	3212	289	9882	spaced
SUPER_2	40215282	40324121	IR	331	.	40269787	0.331	0.738	21	108832	40215282	40215516	40323887	40324164	89754956	40149193	40399193	61	2008	234	108371	wide
SUPER_2	24119329	24148001	IR	330	.	24133179	0.330	0.925	883	28680	24119329	24131036	24136294	24148035	89754956	24094555	24344555	0	651	11707	5258	spaced
SUPER_2	5759306	5778500	IR	330	.	5769234	0.330	0.959	230	19194	5759306	5760795	5777011	5778528	89754956	5636592	5886592	0	2205	1489	16216	spaced
SUPER_2	38970231	39165218	IR	330	.	39067255	0.330	0.938	65	194959	38970231	38971100	39164349	39165220	89754956	38956071	39206071	0	1860	869	193249	wide
SUPER_2	66672576	66750980	IR	330	.	66711443	0.330	0.862	61	78384	66672576	66674111	66749466	66750980	89754956	66554654	66804654	0	2618	1514	75355	spaced
SUPER_2	17097315	17100646	IR	330	.	17098840	0.330	0.533	34	3431	17097315	17098350	17099611	17100727	89754956	16897237	17147237	34	3362	1035	1261	immediate
SUPER_2	1094385	1095236	IR	330	.	1094639	0.330	0.705	28	90604	1094385	1094714	1094907	1095246	89754956	1003201	1253201	44	1526	329	193	immediate
SUPER_2	5637671	5656057	IR	329	.	5647243	0.329	0.941	194	18367	5637671	5639595	5654152	5656057	89754956	5486592	5736592	0	2671	1905	14557	spaced
SUPER_2	80298365	80333748	IR	329	.	80316323	0.329	0.987	180	35376	80298365	80299380	80332733	80333760	89754956	80264120	80514120	0	865	1015	33353	spaced
SUPER_2	27758248	27782299	IR	329	.	27770660	0.329	0.936	141	24029	27758248	27759429	27781151	27782299	89754956	27560174	27810174	0	3501	1148	21722	spaced
SUPER_2	86093788	86111888	IR	329	.	86103179	0.329	0.939	108	18115	86093788	86094517	86111159	86111926	89754956	85905659	86155659	0	3286	729	16642	spaced
SUPER_2	43981175	43986033	IR	329	.	43984065	0.329	0.979	104	4833	43981175	43981879	43985329	43986034	89754956	43938133	44188133	0	757	704	3450	spaced
SUPER_2	23840549	24003280	IR	329	.	23922278	0.329	0.958	64	162724	23840549	23840914	24002915	24003295	89754956	23771324	24021324	0	2509	365	162001	wide
SUPER_2	7268731	7271053	IR	329	.	7269892	0.329	0.941	44	2403	7268731	7269345	7270439	7271061	89754956	7205502	7455502	44	1073	614	1094	immediate
SUPER_2	23083447	23125110	IR	329	.	23103896	0.329	0.419	31	41694	23083447	23090615	23117942	23125167	89754956	23021324	23271324	0	1382	7168	27327	spaced
SUPER_2	7549195	7556806	IR	329	.	7553471	0.329	1.000	22	7590	7549195	7549313	7556688	7556806	89754956	7355502	7605502	0	3291	118	7375	spaced
SUPER_2	20316458	20474636	IR	329	.	20395475	0.329	0.720	21	158202	20316458	20317584	20473537	20474636	89754956	20247301	20497301	34	2470	1099	155953	wide
SUPER_2	23426426	23441918	IR	328	.	23434657	0.328	0.982	789	15472	23426426	23432266	23436094	23441918	89754956	23221324	23471324	0	3547	5824	3828	spaced
SUPER_2	6406894	6429343	IR	328	.	6417839	0.328	0.984	518	22450	6406894	6409890	6426347	6429366	89754956	6370492	6467690	0	793	2996	16457	spaced
SUPER_2	85939657	85958696	IR	328	.	85949076	0.328	0.996	97	19144	85939657	85940126	85958227	85958696	89754956	85855659	86105659	97	1558	469	18101	spaced
SUPER_2	68821026	68835899	IR	328	.	68828421	0.328	0.410	55	15328	68821026	68828375	68828550	68835901	89754956	68799038	69049038	57	490	7349	175	immediate
SUPER_2	71689785	71690310	IR	328	.	71689833	0.328	0.958	30	49113	71689785	71689999	71690102	71690310	89754956	71607985	71857985	30	1367	208	103	immediate
SUPER_2	31560456	31562695	IR	328	.	31562067	0.328	0.717	27	2218	31560456	31560633	31562518	31562755	89754956	31383054	31633054	0	2975	177	1885	immediate
SUPER_2	41089541	41096452	IR	327	.	41093246	0.327	0.968	224	6880	41089541	41091230	41094772	41096452	89754956	40969174	41129083	0	2063	1680	3542	spaced
SUPER_2	29696216	29717224	IR	327	.	29706479	0.327	0.970	198	21475	29696216	29697055	29716400	29717224	89754956	29483054	29733054	128	3727	824	19345	spaced
SUPER_2	63937087	63952699	IR	327	.	63945190	0.327	0.997	103	15590	63937087	63937705	63952081	63952699	89754956	63746451	63996451	0	3307	618	14376	spaced
SUPER_2	27700225	27702476	IR	327	.	27701724	0.327	0.992	58	2232	27700225	27700609	27702092	27702476	89754956	27460174	27710174	0	4019	384	1483	immediate
SUPER_2	67024968	67038237	IR	327	.	67031374	0.327	1.000	50	13300	67024968	67025228	67037977	67038237	89754956	66854654	67104654	54	2949	260	12749	spaced
SUPER_2	35150568	35152777	IR	327	.	35151564	0.327	0.967	48	2244	35150568	35150932	35152413	35152777	89754956	34936568	35186568	48	3584	364	1481	immediate
SUPER_2	51236137	51238497	IR	327	.	51237317	0.327	0.987	48	2370	51236137	51236371	51238263	51238497	89754956	51129574	51379574	48	1795	234	1892	immediate
SUPER_2	68228606	68297469	IR	327	.	68263206	0.327	0.927	30	69009	68228606	68228936	68297146	68297469	89754956	68084270	68334270	30	2979	323	68210	spaced
SUPER_2	57271254	57290553	IR	327	.	57281203	0.327	1.000	29	19276	57271254	57271424	57290383	57290553	89754956	57043918	57293918	0	3949	170	18959	spaced
SUPER_2	7401365	7403296	IR	327	.	7402331	0.327	0.905	27	2214	7401365	7401886	7402775	7403296	89754956	7305502	7555502	27	1613	521	889	immediate
SUPER_2	9982115	10023625	IR	327	.	10003306	0.327	0.724	27	41489	9982115	9982825	10022915	10023625	89754956	9901137	10151137	0	1695	710	40090	spaced
SUPER_2	4731812	4903847	IR	327	.	4817809	0.327	0.420	24	25669	4731812	4750934	4884807	4903847	89754956	4665292	4915292	45	2542	19040	133873	wide
SUPER_2	57644861	57742024	IR	326	.	57693683	0.326	0.996	978	97136	57644861	57650354	57736537	57742024	89754956	57493918	57743918	0	3325	5487	86183	spaced
SUPER_2	32249178	32257645	IR	326	.	32252914	0.326	1.000	445	8435	32249178	32251709	32255114	32257645	89754956	32044677	32294677	0	3478	2531	3405	spaced
SUPER_2	75177178	75189567	IR	326	.	75183402	0.326	1.000	113	12520	75177178	75177686	75189059	75189567	89754956	74947356	75197356	113	3933	508	11373	spaced
SUPER_2	24347703	24379867	IR	326	.	24363791	0.326	0.988	79	32241	24347703	24348200	24379370	24379867	89754956	24244555	24494555	79	1987	497	31170	spaced
SUPER_2	70548882	70549501	IR	326	.	70549190	0.326	0.980	54	11953	70548882	70549132	70549251	70549501	89754956	70307985	70557985	56	4019	250	119	immediate
SUPER_2	5246484	5259912	IR	326	.	5252967	0.326	0.942	53	13421	5246484	5246758	5259654	5259912	89754956	5194134	5271030	74	984	258	12896	spaced
SUPER_2	74589890	74607844	IR	326	.	74598693	0.326	0.822	46	28352	74589890	74590694	74607040	74607857	89754956	74397356	74647356	46	3358	804	16346	spaced
SUPER_2	68079792	68109410	IR	326	.	68094821	0.326	0.862	43	29686	68079792	68080255	68108947	68109465	89754956	67884270	68134270	43	3505	463	28692	spaced
SUPER_2	84620380	84641268	IR	326	.	84630974	0.326	0.806	33	20939	84620380	84620981	84640668	84641268	89754956	84619761	84783769	33	184	600	19687	spaced
SUPER_2	87174996	87209841	IR	326	.	87191910	0.326	0.401	26	34838	87174996	87192217	87192620	87209852	89754956	87022865	87272865	0	2825	17221	403	immediate
SUPER_2	11128569	11266374	IR	326	.	11197109	0.326	0.386	25	70443	11128569	11196102	11198841	11266377	89754956	11122207	11372207	0	1254	67533	2739	spaced
SUPER_2	867400	889517	IR	326	.	878676	0.326	0.814	24	180761	867400	867741	889176	889544	89754956	753201	1003201	32	2087	341	21435	spaced
SUPER_2	87667462	87872568	IR	326	.	87770450	0.326	0.847	20	205088	87667462	87668140	87871899	87872568	89754956	87622865	87872865	0	2452	669	203759	wide
SUPER_2	17625531	17696305	IR	325	.	17660452	0.325	0.962	1914	70753	17625531	17641790	17680048	17696305	89754956	17483437	17697101	0	2957	16257	38258	spaced
SUPER_2	41118347	41129069	IR	325	.	41123385	0.325	0.994	138	10699	41118347	41119301	41128115	41129069	89754956	40969174	41129083	0	2575	954	8814	spaced
SUPER_2	86295050	86298634	IR	325	.	86296766	0.325	0.957	75	3773	86295050	86295653	86298040	86298634	89754956	86272865	86522865	75	399	594	2387	spaced
SUPER_2	44613322	44792183	IR	325	.	44702260	0.325	0.936	67	178791	44613322	44614213	44791297	44792183	89754956	44588133	44838133	0	1910	886	177084	wide
SUPER_2	79316863	79319440	IR	325	.	79318469	0.325	0.851	51	2562	79316863	79317586	79318717	79319506	89754956	79196857	79446857	0	2021	723	1131	immediate
SUPER_2	1811823	1874722	IR	325	.	1843476	0.325	0.887	37	70174	1811823	1812594	1873960	1874722	89754956	1775383	2025383	37	1131	762	61366	spaced
SUPER_2	53481234	53502121	IR	325	.	53491528	0.325	0.804	33	20939	53481234	53481834	53501521	53502122	89754956	53291530	53513457	33	3335	600	19687	spaced
SUPER_2	12881203	12905617	IR	325	.	12893021	0.325	0.893	32	24392	12881203	12881550	12905276	12905617	89754956	12798046	13048046	0	1589	341	23726	spaced
SUPER_2	39739183	39758430	IR	325	.	39748567	0.325	0.752	28	20095	39739183	39739600	39758013	39758440	89754956	39649193	39899193	4	1660	417	18413	spaced
SUPER_2	55391429	55432414	IR	325	.	55411458	0.325	0.400	26	31466	55391429	55411866	55411977	55432462	89754956	55326812	55576812	0	1418	20437	111	immediate
SUPER_2	30698270	30925122	IR	325	.	30812064	0.325	0.930	25	226782	30698270	30698825	30924567	30925122	89754956	30683054	30933054	0	2143	555	225742	wide
SUPER_2	16124083	16311504	IR	325	.	16218182	0.325	0.867	22	187384	16124083	16124122	16311465	16311510	89754956	16097237	16347237	0	2009	39	187343	wide
SUPER_2	49271243	49371947	IR	325	.	49321328	0.325	0.512	22	100683	49271243	49273982	49369232	49371947	89754956	49212125	49462125	0	1824	2715	95250	spaced
SUPER_2	35915644	35988040	IR	325	.	35952317	0.325	0.934	21	72379	35915644	35915931	35987753	35988043	89754956	35786568	36036568	0	2754	287	71822	spaced
SUPER_2	59064125	59178570	IR	325	.	59121463	0.325	0.852	21	114491	59064125	59064613	59178083	59178570	89754956	58943918	59193918	21	2957	487	113470	wide
SUPER_2	1595276	1606232	IR	324	.	1600825	0.324	0.966	615	11828	1595276	1598160	1603348	1606325	89754956	1525383	1775383	652	1256	2884	5188	spaced
SUPER_2	85763540	85784864	IR	324	.	85774598	0.324	0.964	418	21298	85763540	85766476	85781963	85784864	89754956	85714776	85855459	0	990	2901	15487	spaced
SUPER_2	6811163	6829393	IR	324	.	6820041	0.324	0.985	245	18482	6811163	6812379	6828178	6829393	89754956	6763799	6905302	245	941	1215	15799	spaced
SUPER_2	84906036	84911904	IR	324	.	84909464	0.324	0.889	146	5848	84906036	84907426	84910569	84911904	89754956	84783969	85033969	0	2083	1335	3143	spaced
SUPER_2	79633097	79755863	IR	324	.	79694032	0.324	0.916	91	122740	79633097	79634190	79754772	79755863	89754956	79546857	79796857	0	2460	1091	120582	wide
SUPER_2	70578084	70642255	IR	324	.	70609729	0.324	0.402	63	34106	70578084	70609041	70611298	70642301	89754956	70457985	70707985	0	2536	30957	2257	spaced
SUPER_2	26591508	26593655	IR	324	.	26592683	0.324	0.993	49	2188	26591508	26591784	26593379	26593655	89754956	26380617	26630617	49	3532	276	1595	immediate
SUPER_2	77195509	77212269	IR	324	.	77203575	0.324	0.849	44	16741	77195509	77196348	77211460	77212269	89754956	77112546	77362546	0	1522	809	15112	spaced
SUPER_2	76046958	76051638	IR	324	.	76049683	0.324	0.996	41	4663	76046958	76047223	76051373	76051638	89754956	76005220	76170507	0	734	265	4150	spaced
SUPER_2	62962192	62971163	IR	324	.	62966701	0.324	0.766	23	9073	62962192	62962314	62971041	62971199	89754956	62879711	63129711	57	1449	122	8727	spaced
SUPER_2	26528234	26560793	IR	324	.	26544702	0.324	1.000	21	32853	26528234	26528251	26560776	26560793	89754956	26330617	26580617	1	3564	17	32525	spaced
SUPER_2	2254907	2297258	IR	323	.	2276168	0.323	0.901	125	42627	2254907	2256033	2296185	2297258	89754956	2053100	2298618	125	3716	1073	40152	spaced
SUPER_2	84003616	84020103	IR	323	.	84011937	0.323	0.952	84	16742	84003616	84004386	84019333	84020109	89754956	83859072	84109072	86	2546	770	14947	spaced
SUPER_2	75421308	75431668	IR	323	.	75426769	0.323	0.926	83	10346	75421308	75422055	75430921	75431672	89754956	75264091	75514091	0	2706	747	8866	spaced
SUPER_2	9256142	9356503	IR	323	.	9305961	0.323	0.706	75	100405	9256142	9257354	9355291	9356568	89754956	9246834	9496834	0	991	1212	97937	spaced
SUPER_2	1651016	1669685	IR	323	.	1659971	0.323	0.996	41	18643	1651016	1651261	1669440	1669685	89754956	1525383	1775383	0	2249	245	18179	spaced
SUPER_2	66170365	66389125	IR	323	.	66279734	0.323	0.981	40	218780	66170365	66170686	66388804	66389125	89754956	66154654	66404654	40	2084	321	218118	wide
SUPER_2	77694540	77717855	IR	323	.	77705861	0.323	0.917	33	23219	77694540	77695225	77717171	77717855	89754956	77573478	77823478	0	2211	684	21946	spaced
SUPER_2	714684	718307	IR	323	.	716383	0.323	0.967	23	3612	714684	714898	718093	718307	89754956	553201	803201	23	2721	214	3195	spaced
SUPER_2	65836553	66003699	IR	323	.	65920314	0.323	0.855	20	167200	65836553	65836819	66003436	66003699	89754956	65754654	66004654	32	2757	263	166617	wide
SUPER_2	50363844	50382773	IR	322	.	50373069	0.322	0.990	1181	20677	50363844	50369805	50376812	50382777	89754956	50351874	50579374	1156	357	5961	7007	spaced
SUPER_2	23490636	23517025	IR	322	.	23503882	0.322	0.989	274	26619	23490636	23492194	23515467	23517025	89754956	23271324	23521324	274	3874	1558	23273	spaced
SUPER_2	71767351	71774818	IR	322	.	71771164	0.322	0.984	155	200786	71767351	71768100	71774069	71774824	89754956	71657985	71907985	156	1884	749	5969	spaced
SUPER_2	24196757	24235691	IR	322	.	24215727	0.322	0.414	93	26427	24196757	24209999	24222467	24235691	89754956	24044555	24294555	0	2861	13224	12468	spaced
SUPER_2	80270662	80279769	IR	322	.	80275430	0.322	0.981	73	9738	80270662	80271083	80279348	80279769	89754956	80264120	80514120	64	184	421	8265	spaced
SUPER_2	25859684	26029479	IR	322	.	25944091	0.322	0.995	61	169775	25859684	25860071	26029092	26029479	89754956	25780617	26030617	0	2732	387	169021	wide
SUPER_2	85742060	85753695	IR	322	.	85747902	0.322	0.969	58	11676	85742060	85742486	85753272	85753695	89754956	85714776	85855459	63	551	423	10786	spaced
SUPER_2	46851259	46890682	IR	322	.	46871154	0.322	1.000	57	39471	46851259	46851547	46890394	46890682	89754956	46662641	46912641	57	3472	288	38847	spaced
SUPER_2	84925103	84934509	IR	322	.	84929521	0.322	0.951	51	9378	84925103	84925710	84933902	84934509	89754956	84783969	85033969	0	2430	607	8192	spaced
SUPER_2	39781795	39785181	IR	322	.	39783251	0.322	0.978	41	3415	39781795	39781981	39784999	39785181	89754956	39549193	39799193	41	3904	182	3018	spaced
SUPER_2	77780642	77796721	IR	322	.	77788582	0.322	0.817	39	16167	77780642	77781237	77796126	77796799	89754956	77623478	77873478	39	2753	595	14889	spaced
SUPER_2	6441791	6467669	IR	322	.	6454927	0.322	0.972	34	25890	6441791	6442075	6467385	6467670	89754956	6370492	6467690	34	1403	284	25310	spaced
SUPER_2	27784936	27929461	IR	322	.	27857668	0.322	0.915	30	144379	27784936	27785585	27928812	27929464	89754956	27710174	27960174	0	2450	649	143227	wide
SUPER_2	26038331	26167399	IR	322	.	26102871	0.322	0.949	29	129117	26038331	26038687	26167044	26167399	89754956	25930617	26180617	29	2870	355	128357	wide
SUPER_2	13824150	13892457	IR	322	.	13858740	0.322	0.401	23	68360	13824150	13843388	13873219	13892528	89754956	13697237	13947237	0	2684	19238	29831	spaced
SUPER_2	30509819	30697120	IR	322	.	30603265	0.322	0.830	21	187260	30509819	30509858	30697081	30697128	89754956	30483054	30733054	154	2006	39	187223	wide
SUPER_2	42945181	42963171	IR	321	.	42954460	0.321	0.988	278	17964	42945181	42946884	42961479	42963171	89754956	42729451	42979451	0	3745	1692	14595	spaced
SUPER_2	85788342	85797193	IR	321	.	85793153	0.321	0.966	185	8828	85788342	85789964	85795590	85797193	89754956	85714776	85855459	0	1299	1603	5626	spaced
SUPER_2	35778534	35781751	IR	321	.	35779759	0.321	1.000	97	3194	35778534	35779082	35781203	35781751	89754956	35536568	35786568	0	4059	548	2121	spaced
SUPER_2	3076089	3144976	IR	321	.	3110486	0.321	0.505	55	68929	3076089	3079941	3141127	3144976	89754956	2917552	3167552	55	3216	3849	61186	spaced
SUPER_2	12749351	12855683	IR	321	.	12802254	0.321	0.967	44	106310	12749351	12749744	12855290	12855683	89754956	12648046	12898046	0	2574	393	105546	wide
SUPER_2	22732740	22835054	IR	321	.	22784132	0.321	0.966	44	102222	22732740	22733214	22834580	22835054	89754956	22721324	22971324	0	1042	474	101366	wide
SUPER_2	12323441	12327557	IR	321	.	12325396	0.321	0.859	31	4138	12323441	12323952	12327046	12327566	89754956	12222207	12447846	39	1721	511	3094	spaced
SUPER_2	23200649	23255466	IR	321	.	23228079	0.321	0.976	30	54925	23200649	23200904	23255212	23255466	89754956	23021324	23271324	30	3445	254	54308	spaced
SUPER_2	43224649	43230760	IR	321	.	43227867	0.321	0.844	21	6121	43224649	43224956	43230454	43230760	89754956	43029451	43279451	21	3304	306	5498	spaced
SUPER_2	53409529	53418412	IR	320	.	53413520	0.320	1.000	511	8865	53409529	53412389	53415552	53418412	89754956	53191530	53441530	0	3707	2860	3163	spaced
SUPER_2	84308687	84315127	IR	320	.	84312021	0.320	1.000	135	6540	84308687	84309330	84314484	84315127	89754956	84187309	84361533	135	2076	643	5154	spaced
SUPER_2	24524454	24542991	IR	320	.	24534174	0.320	0.859	115	18540	24524454	24525939	24541506	24543015	89754956	24494555	24741234	0	652	1485	15567	spaced
SUPER_2	87989556	88001034	IR	320	.	87994825	0.320	0.761	64	11455	87989556	87991380	87999210	88001126	89754956	87772865	88007865	0	3707	1824	7830	spaced
SUPER_2	54651225	54653408	IR	320	.	54652238	0.320	0.985	61	2239	54651225	54651555	54653078	54653410	89754956	54431403	54681403	61	3681	330	1523	immediate
SUPER_2	55322139	55337030	IR	320	.	55329798	0.320	0.636	51	14978	55322139	55324764	55334466	55337030	89754956	55276812	55526812	51	879	2564	9702	spaced
SUPER_2	545543	653066	IR	320	.	598837	0.320	0.639	42	107372	545543	547234	651432	653066	89754956	403201	653201	0	3268	1634	104198	wide
SUPER_2	78766194	78768867	IR	320	.	78767529	0.320	0.833	26	2672	78766194	78766605	78768484	78768867	89754956	78742797	78972109	26	412	383	1879	immediate
SUPER_2	25732612	25761960	IR	320	.	25746937	0.320	0.973	25	29327	25732612	25732875	25761697	25761960	89754956	25680617	25930617	0	1111	263	28822	spaced
SUPER_2	22977757	22991726	IR	320	.	22984678	0.320	0.802	21	13813	22977757	22978053	22991430	22991752	89754956	22821324	23071324	24	2723	296	13377	spaced
SUPER_2	54039690	54132790	IR	320	.	54085919	0.320	0.992	20	93078	54039690	54039822	54132658	54132790	89754956	53989474	54239474	0	1612	132	92836	spaced
SUPER_2	366406	378093	IR	319	.	371853	0.319	0.976	85	11664	366406	367126	377373	378093	89754956	153201	403201	0	3650	720	10247	spaced
SUPER_2	67155483	67219212	IR	319	.	67186892	0.319	0.621	72	58792	67155483	67161350	67213345	67219218	89754956	67004654	67254654	0	3044	5867	51995	spaced
SUPER_2	41702339	41905015	IR	319	.	41803674	0.319	0.989	44	202696	41702339	41702624	41904730	41905015	89754956	41679451	41929451	44	2070	285	202106	wide
SUPER_2	56329662	56330249	IR	319	.	56330102	0.319	1.000	43	162970	56329662	56329856	56330055	56330249	89754956	56176812	56426812	43	2552	194	199	immediate
SUPER_2	24783062	24796395	IR	319	.	24789299	0.319	0.974	40	13315	24783062	24783478	24795979	24796395	89754956	24741434	24991434	0	804	416	12501	spaced
SUPER_2	8295942	8334449	IR	319	.	8315645	0.319	0.862	34	38489	8295942	8297820	8332627	8334449	89754956	8214551	8464551	0	1677	1822	34807	spaced
SUPER_2	83131877	83262657	IR	319	.	83197263	0.319	0.799	26	162870	83131877	83132015	83262519	83262678	89754956	83060125	83310125	63	2285	138	130504	wide
SUPER_2	22181003	22303144	IR	319	.	22242512	0.319	0.365	21	122119	22181003	22181040	22303107	22303187	89754956	22171803	22421803	0	1171	37	122067	wide
SUPER_2	57856427	57861224	IR	319	.	57859052	0.319	1.000	20	4792	57856427	57856534	57861117	57861224	89754956	57693918	57943918	20	2748	107	4583	spaced
SUPER_2	7682340	7686779	IR	318	.	7684553	0.318	0.990	118	4537	7682340	7682919	7686200	7686779	89754956	7455502	7705502	118	3817	579	3281	spaced
SUPER_2	85978734	85998513	IR	318	.	85988772	0.318	0.994	94	19878	85978734	85979207	85998040	85998513	89754956	85855659	86105659	94	2215	473	18833	spaced
SUPER_2	1732024	1807641	IR	318	.	1769851	0.318	0.984	87	75694	1732024	1732535	1807130	1807641	89754956	1575383	1825383	87	3240	511	74595	spaced
SUPER_2	15334463	15337014	IR	318	.	15335730	0.318	0.990	58	2581	15334463	15334749	15336728	15337014	89754956	15097237	15347237	58	3974	286	1979	immediate
SUPER_2	9357470	9360241	IR	318	.	9359287	0.318	0.950	41	2746	9357470	9357830	9359891	9360241	89754956	9146834	9396834	0	3533	350	2061	spaced
SUPER_2	69609219	69665740	IR	318	.	69637257	0.318	0.787	38	56746	69609219	69610095	69664897	69665740	89754956	69499038	69749038	21	2307	843	54802	spaced
SUPER_2	72365414	72582013	IR	318	.	72473277	0.318	0.978	38	216579	72365414	72365771	72581657	72582013	89754956	72357985	72607985	0	1928	356	215886	wide
SUPER_2	65504324	65524647	IR	318	.	65514906	0.318	0.691	37	20394	65504324	65506012	65522959	65524738	89754956	65454654	65704654	0	997	1688	16947	spaced
SUPER_2	22312725	22407745	IR	318	.	22359833	0.318	0.809	34	95109	22312725	22313768	22406702	22407852	89754956	22221803	22471803	0	2307	1043	92934	spaced
SUPER_2	24581446	24682370	IR	318	.	24632170	0.318	0.945	28	100907	24581446	24581736	24682080	24682373	89754956	24444555	24694555	0	3122	290	100344	wide
SUPER_2	89136200	89156708	IR	318	.	89146411	0.318	0.874	28	20516	89136200	89136373	89156537	89156708	89754956	88988505	89238505	28	2632	171	20164	spaced
SUPER_2	21780140	21847288	IR	318	.	21814178	0.318	0.856	26	67047	21780140	21780790	21846656	21847288	89754956	21613951	21858329	0	3329	632	65866	spaced
SUPER_2	14693006	14737815	IR	318	.	14714997	0.318	0.889	24	44746	14693006	14693425	14737396	14737837	89754956	14497237	14747237	0	3636	419	43971	spaced
SUPER_2	29390092	29397281	IR	318	.	29393637	0.318	0.881	24	7300	29390092	29390387	29396986	29397314	89754956	29197023	29432854	24	3277	295	6599	spaced
SUPER_2	75765309	75783817	IR	317	.	75774843	0.317	0.822	148	18477	75765309	75766998	75782138	75783817	89754956	75754072	76004072	0	341	1679	15140	spaced
SUPER_2	8006816	8027084	IR	317	.	8017038	0.317	1.000	74	20323	8006816	8007131	8026769	8027084	89754956	7864551	8114551	74	2539	315	19638	spaced
SUPER_2	78637958	78657989	IR	317	.	78648234	0.317	0.906	44	20007	78637958	78638364	78657619	78657989	89754956	78545693	78742597	0	1704	370	19255	spaced
SUPER_2	11971883	11979680	IR	317	.	11976008	0.317	0.991	40	7804	11971883	11972096	11979467	11979680	89754956	11772207	12022207	40	3392	213	7371	spaced
SUPER_2	43337564	43359086	IR	317	.	43348487	0.317	0.977	34	21532	43337564	43337735	43358915	43359090	89754956	43129451	43379451	34	3647	171	21180	spaced
SUPER_2	66910377	66942711	IR	317	.	66927018	0.317	0.782	31	32141	66910377	66912015	66941073	66942781	89754956	66704654	66954654	0	3698	1638	29058	spaced
SUPER_2	52170835	52217230	IR	317	.	52194063	0.317	0.846	22	46351	52170835	52170879	52217186	52217238	89754956	52125437	52357279	206	1143	44	46307	spaced
SUPER_2	64078071	64177722	IR	317	.	64127536	0.317	0.965	20	99611	64078071	64078272	64177521	64177722	89754956	63946451	64196451	0	3023	201	99249	spaced
SUPER_2	56191130	56219185	IR	316	.	56204714	0.316	0.997	257	28035	56191130	56192625	56217690	56219185	89754956	55976812	56226812	0	3805	1495	25065	spaced
SUPER_2	79279692	79298437	IR	316	.	79288609	0.316	0.846	217	18735	79279692	79281357	79296772	79298449	89754956	79246857	79496857	0	703	1665	15415	spaced
SUPER_2	78994414	78998996	IR	316	.	78996437	0.316	0.999	155	4556	78994414	78995235	78998175	78998996	89754956	78972309	79196657	0	406	821	2940	spaced
SUPER_2	138866	142472	IR	316	.	140493	0.316	0.981	64	3763	138866	139332	142006	142472	89754956	0	153001	73	2344	466	2674	spaced
SUPER_2	59958844	59962046	IR	316	.	59959979	0.316	0.991	54	3185	59958844	59959186	59961704	59962046	89754956	59744556	59994556	0	3598	342	2518	spaced
SUPER_2	28147621	28239248	IR	316	.	28193486	0.316	0.996	41	91650	28147621	28147855	28239014	28239248	89754956	28010174	28260174	41	3054	234	91159	spaced
SUPER_2	2056672	2064715	IR	316	.	2060218	0.316	0.974	36	8024	2056672	2056975	2064412	2064715	89754956	2053100	2298618	0	126	303	7437	spaced
SUPER_2	81569570	81740553	IR	316	.	81655298	0.316	0.983	35	170963	81569570	81569862	81740261	81740553	89754956	81535498	81785498	0	1992	292	170399	wide
SUPER_2	23285414	23334948	IR	316	.	23310469	0.316	0.940	34	49507	23285414	23285830	23334532	23334950	89754956	23121324	23371324	0	3147	416	48702	spaced
SUPER_2	38461247	38513520	IR	316	.	38487900	0.316	0.723	25	52255	38461247	38461550	38513251	38513520	89754956	38356071	38606071	0	2188	269	51701	spaced
SUPER_2	84329765	84338972	IR	316	.	84334554	0.316	0.978	25	9254	84329765	84329995	84338745	84338972	89754956	84187309	84361533	43	2450	227	8750	spaced
SUPER_2	88922815	88932038	IR	315	.	88927642	0.315	0.973	83	9272	88922815	88923218	88931644	88932038	89754956	88838505	89088505	86	1481	394	8426	spaced
SUPER_2	6045096	6052114	IR	315	.	6048309	0.315	0.951	33	6930	6045096	6045461	6051753	6052114	89754956	5836592	6086592	0	3533	361	6292	spaced
SUPER_2	84569608	84601530	IR	315	.	84585679	0.315	0.883	27	32364	84569608	84570026	84601136	84601530	89754956	84474774	84619561	27	1846	394	31110	spaced
SUPER_2	39898230	40059948	IR	315	.	39978611	0.315	0.921	22	161706	39898230	39898488	40059690	40059957	89754956	39849193	40099193	0	2164	258	161202	wide
SUPER_2	77527841	77571888	IR	315	.	77549696	0.315	0.901	22	46975	77527841	77528188	77571541	77571893	89754956	77523478	77773478	42	439	347	43353	spaced
SUPER_2	31359878	31362653	IR	314	.	31361082	0.314	0.997	149	2888	31359878	31360607	31361924	31362653	89754956	31133054	31383054	149	3803	729	1317	immediate
SUPER_2	3889817	3909816	IR	314	.	3900204	0.314	0.984	147	19976	3889817	3890959	3908674	3909819	89754956	3865292	4115292	0	575	1142	17715	spaced
SUPER_2	71318405	71335013	IR	314	.	71327090	0.314	0.965	108	16586	71318405	71319032	71334407	71335013	89754956	71107985	71357985	0	3645	606	15375	spaced
SUPER_2	23649695	23685627	IR	314	.	23667844	0.314	0.929	106	36181	23649695	23650407	23684915	23685630	89754956	23471324	23721324	138	3272	712	34508	spaced
SUPER_2	24714208	24740268	IR	314	.	24726846	0.314	0.998	102	26029	24714208	24714803	24739673	24740268	89754956	24494555	24741234	0	3877	595	24870	spaced
SUPER_2	87373690	87478491	IR	314	.	87425819	0.314	0.943	51	104783	87373690	87374287	87477894	87478492	89754956	87272865	87522865	0	2553	597	103607	wide
SUPER_2	77912291	77937705	IR	314	.	77924914	0.314	0.809	34	25513	77912291	77912833	77937163	77937705	89754956	77723478	77948111	34	3358	542	24330	spaced
SUPER_2	15456958	15468321	IR	314	.	15462638	0.314	0.831	32	11443	15456958	15457452	15467827	15468370	89754956	15297237	15547237	32	2756	494	10375	spaced
SUPER_2	1147178	1315892	IR	314	.	1231230	0.314	0.964	30	168693	1147178	1147516	1315554	1315892	89754956	1103201	1353201	0	2138	338	168038	wide
SUPER_2	9527219	9530442	IR	314	.	9528479	0.314	1.000	23	3200	9527219	9527350	9530311	9530442	89754956	9296834	9546834	0	3866	131	2961	spaced
SUPER_2	42216718	42368790	IR	314	.	42293184	0.314	0.836	21	152047	42216718	42217091	42368451	42368790	89754956	42129451	42379451	0	2721	339	151360	wide
SUPER_2	60421281	60459534	IR	314	.	60440415	0.314	0.389	21	38242	60421281	60440117	60440736	60459534	89754956	60244556	60494556	22	3264	18798	619	immediate
SUPER_2	48810308	48814309	IR	313	.	48812331	0.313	0.999	187	4209	48810308	48811059	48813558	48814310	89754956	48762125	49012125	204	836	751	2499	spaced
SUPER_2	9220987	9225226	IR	313	.	9223582	0.313	0.980	125	4219	9220987	9221951	9224264	9225226	89754956	9046834	9296834	0	2937	962	2313	spaced
SUPER_2	15293766	15301446	IR	313	.	15297201	0.313	1.000	105	7650	15293766	15294298	15300914	15301446	89754956	15147237	15397237	0	2506	532	6616	spaced
SUPER_2	25843826	25847057	IR	313	.	25845901	0.313	1.000	83	3212	25843826	25844292	25846591	25847057	89754956	25630617	25880617	0	3580	466	2299	spaced
SUPER_2	85539528	85544581	IR	313	.	85542282	0.313	0.990	59	5096	85539528	85539843	85544266	85544581	89754956	85473070	85714576	59	1149	315	4423	spaced
SUPER_2	53335222	53343078	IR	313	.	53339382	0.313	0.988	47	7839	53335222	53335563	53342737	53343078	89754956	53141530	53391530	0	3293	341	7174	spaced
SUPER_2	31722024	31728150	IR	313	.	31724807	0.313	0.990	28	6109	31722024	31722221	31727953	31728150	89754956	31483054	31733054	0	4033	197	5732	spaced
SUPER_2	78304539	78327148	IR	313	.	78315376	0.313	0.984	27	22581	78304539	78304787	78326900	78327148	89754956	78144037	78394037	0	2863	248	22113	spaced
SUPER_2	14520836	14602872	IR	313	.	14561857	0.313	0.716	25	82038	14520836	14521908	14601857	14602872	89754956	14447237	14697237	30	1910	1015	79949	spaced
SUPER_2	87058877	87080871	IR	313	.	87069663	0.313	0.983	23	22095	87058877	87059050	87080698	87080871	89754956	86922865	87172865	23	2450	173	21648	spaced
SUPER_2	51364824	51398369	IR	313	.	51381932	0.313	0.942	20	33524	51364824	51365012	51398181	51398370	89754956	51179574	51429574	0	3366	188	33169	spaced
SUPER_2	31091553	31105885	IR	312	.	31099083	0.312	0.993	738	14314	31091553	31095846	31101606	31105885	89754956	30883054	31133054	0	3594	4279	5760	spaced
SUPER_2	24857284	24866248	IR	312	.	24861843	0.312	0.996	177	9449	24857284	24858092	24865440	24866248	89754956	24741434	24991434	177	2005	808	7348	spaced
SUPER_2	63130412	63136670	IR	312	.	63133757	0.312	1.000	59	53383	63130412	63130712	63136370	63136670	89754956	62929711	63179711	59	3397	300	5658	spaced
SUPER_2	49196201	49220069	IR	312	.	49208018	0.312	0.735	45	23895	49196201	49196251	49220019	49220087	89754956	49012125	49262125	656	3266	50	23768	spaced
SUPER_2	64751459	64753721	IR	312	.	64752591	0.312	0.995	41	2289	64751459	64751645	64753535	64753721	89754956	64518365	64754454	41	3903	186	1890	immediate
SUPER_2	6481851	6506929	IR	312	.	6494348	0.312	0.991	38	25115	6481851	6482073	6506708	6506929	89754956	6467890	6717890	38	441	221	24635	spaced
SUPER_2	34028	55845	IR	312	.	44860	0.312	1.000	31	21820	34028	34145	55728	55845	89754956	0	153001	31	748	117	21583	spaced
SUPER_2	26874364	26912442	IR	312	.	26893393	0.312	0.885	22	38073	26874364	26874617	26912189	26912442	89754956	26730617	26980617	22	2712	253	37572	spaced
SUPER_2	64485589	64490615	IR	312	.	64488229	0.312	1.000	21	5034	64485589	64485688	64490516	64490615	89754956	64418365	64668365	21	1162	99	4828	spaced
SUPER_2	50016147	50147270	IR	311	.	50081874	0.311	0.966	172	131320	50016147	50017188	50146248	50147270	89754956	49912125	50162125	193	2826	1022	129060	wide
SUPER_2	64325839	64411212	IR	311	.	64368655	0.311	1.000	92	85460	64325839	64326247	64410804	64411212	89754956	64295201	64418165	92	1221	408	84557	spaced
SUPER_2	52064151	52068930	IR	311	.	52066453	0.311	0.960	87	5264	52064151	52064709	52068372	52068940	89754956	51829574	52079574	87	3949	558	3663	spaced
SUPER_2	19312677	19419216	IR	311	.	19365993	0.311	0.766	59	106711	19312677	19313611	19418291	19419216	89754956	19197301	19447301	61	2810	925	104680	wide
SUPER_2	58241256	58349363	IR	311	.	58294828	0.311	0.959	33	108015	58241256	58241613	58349006	58349370	89754956	58143918	58393918	0	2523	357	107393	wide
SUPER_2	36385652	36389601	IR	311	.	36388029	0.311	0.834	28	3895	36385652	36386111	36389193	36389601	89754956	36236568	36486568	0	2517	408	3082	spaced
SUPER_2	78498385	78504326	IR	311	.	78501553	0.311	0.992	22	5934	78498385	78498507	78504204	78504326	89754956	78344037	78545493	22	2621	122	5697	spaced
SUPER_2	49614474	49737573	IR	310	.	49675685	0.310	0.387	101	123081	49614474	49674370	49677683	49737573	89754956	49562125	49812125	0	1898	59890	3313	spaced
SUPER_2	86577297	86581818	IR	310	.	86579754	0.310	0.897	42	154443	86577297	86577704	86581438	86581818	89754956	86422865	86672865	126	2611	380	3734	spaced
SUPER_2	19625218	19838095	IR	310	.	19731815	0.310	0.972	34	212895	19625218	19625540	19837773	19838095	89754956	19597301	19847301	34	2239	322	212233	wide
SUPER_2	26465710	26514762	IR	310	.	26490251	0.310	0.969	27	49061	26465710	26465967	26514505	26514762	89754956	26280617	26530617	27	3493	257	48538	spaced
SUPER_2	73355648	73371242	IR	310	.	73363770	0.310	0.938	23	15563	73355648	73355905	73370985	73371243	89754956	73339448	73589448	0	399	257	15080	spaced
SUPER_2	40656895	40659497	IR	310	.	40658378	0.310	0.932	22	2671	40656895	40657182	40659210	40659500	89754956	40449193	40699193	22	3483	287	2028	spaced
SUPER_2	27338983	27489572	IR	310	.	27414441	0.310	0.941	21	150582	27338983	27339222	27489333	27489572	89754956	27260174	27510174	21	2568	239	150111	wide
SUPER_2	89245904	89268952	IR	309	.	89257018	0.309	0.953	101	23013	89245904	89246631	89268225	89268975	89754956	89038505	89288505	0	3648	727	21594	spaced
SUPER_2	21519638	21553845	IR	309	.	21537102	0.309	0.995	92	34166	21519638	21520236	21553247	21553845	89754956	21463951	21713951	0	1213	598	33011	spaced
SUPER_2	89387379	89396469	IR	309	.	89391707	0.309	0.986	88	9238	89387379	89387937	89395911	89396469	89754956	89188505	89438505	88	3390	558	7974	spaced
SUPER_2	80137870	80138753	IR	309	.	80138066	0.309	0.997	69	74343	80137870	80138178	80138445	80138753	89754956	79996857	80246857	68	2357	308	267	immediate
SUPER_2	88097990	88119465	IR	309	.	88109206	0.309	0.902	32	21444	88097990	88098255	88119223	88119465	89754956	88008065	88207751	0	1677	242	20968	spaced
SUPER_2	21611877	21648433	IR	309	.	21629657	0.309	0.839	21	36495	21611877	21612188	21648156	21648433	89754956	21563951	21813951	0	1103	277	35968	spaced
SUPER_2	85621236	85643838	IR	308	.	85632424	0.308	0.983	472	23278	85621236	85623558	85641516	85643856	89754956	85473070	85714576	472	2657	2322	17958	spaced
SUPER_2	5798086	5820334	IR	308	.	5809327	0.308	0.951	368	23243	5798086	5800283	5818137	5820351	89754956	5586592	5836592	368	3710	2197	17854	spaced
SUPER_2	60199684	60212633	IR	308	.	60206211	0.308	0.819	99	12936	60199684	60201309	60211013	60212633	89754956	59994556	60244556	158	3526	1620	9704	spaced
SUPER_2	9210455	9218471	IR	308	.	9214376	0.308	0.947	66	8055	9210455	9210769	9218160	9218471	89754956	9046834	9296834	66	2793	311	7391	spaced
SUPER_2	26624222	26629483	IR	308	.	26627052	0.308	0.892	43	5600	26624222	26624566	26629167	26629483	89754956	26430617	26680617	43	3270	316	4601	spaced
SUPER_2	53476550	53479487	IR	308	.	53477783	0.308	0.955	34	3012	53476550	53476903	53479134	53479487	89754956	53241530	53491530	34	3941	353	2231	spaced
SUPER_2	88133558	88135714	IR	308	.	88134804	0.308	0.955	33	68406	88133558	88133868	88135405	88135714	89754956	88008065	88207751	33	2109	309	1537	immediate
SUPER_2	75098332	75118664	IR	308	.	75108260	0.308	0.994	28	20353	75098332	75098491	75118505	75118664	89754956	75047356	75263891	28	1018	159	20014	spaced
SUPER_2	43611743	43616604	IR	308	.	43614258	0.308	1.000	21	4869	43611743	43611830	43616517	43616604	89754956	43379451	43629451	21	3911	87	4687	spaced
SUPER_2	88068364	88076358	IR	307	.	88072358	0.307	0.987	126	8145	88068364	88069030	88075692	88076364	89754956	88008065	88207751	126	1071	666	6662	spaced
SUPER_2	80212738	80215777	IR	307	.	80213851	0.307	1.000	81	3015	80212738	80213195	80215320	80215777	89754956	79996857	80246857	0	3623	457	2125	spaced
SUPER_2	26946853	26981436	IR	307	.	26963897	0.307	0.955	39	35427	26946853	26946984	26981307	26981436	89754956	26780617	27030617	2	3058	129	34323	spaced
SUPER_2	15853796	15916713	IR	307	.	15884793	0.307	0.381	36	62878	15853796	15885233	15885276	15916751	89754956	15747237	15997237	0	2300	31437	43	immediate
SUPER_2	52978651	52983452	IR	307	.	52981156	0.307	1.000	23	4804	52978651	52978750	52983353	52983452	89754956	52791530	53041530	23	3158	99	4603	spaced
SUPER_2	6275292	6301709	IR	306	.	6288856	0.306	0.968	792	26396	6275292	6280296	6296811	6301709	89754956	6086592	6325861	0	3365	4898	16515	spaced
SUPER_2	8264386	8268184	IR	306	.	8266700	0.306	0.985	87	3779	8264386	8265125	8267445	8268184	89754956	8064551	8314551	0	3362	739	2320	spaced
SUPER_2	23137375	23156749	IR	306	.	23146700	0.306	0.950	39	19368	23137375	23137643	23156481	23156762	89754956	22921324	23171324	0	3762	268	18838	spaced
SUPER_2	50712861	50761091	IR	306	.	50737291	0.306	0.833	28	48205	50712861	50713142	50760843	50761091	89754956	50579574	50829574	0	2623	248	47701	spaced
SUPER_2	37950907	37953652	IR	306	.	37952335	0.306	1.000	25	2736	37950907	37951025	37953534	37953652	89754956	37727163	37977163	25	3751	118	2509	spaced
SUPER_2	8661252	8664102	IR	306	.	8662563	0.306	0.758	23	2916	8661252	8661699	8663738	8664102	89754956	8414551	8664551	24	4135	364	2039	spaced
SUPER_2	71019620	71156329	IR	306	.	71087474	0.306	0.406	20	136243	71019620	71059303	71116654	71156329	89754956	70907985	71157985	0	2999	39675	57351	spaced
SUPER_2	79618653	79626557	IR	305	.	79622492	0.305	0.839	22	7889	79618653	79619851	79625359	79626572	89754956	79396857	79646857	22	3762	1198	5508	spaced
SUPER_2	10422224	10541477	IR	305	.	10481666	0.305	0.791	20	119204	10422224	10422505	10541196	10541501	89754956	10351137	10601137	51	2178	281	118691	wide
SUPER_2	88278925	88304165	IR	304	.	88291277	0.304	0.980	408	25222	88278925	88281826	88301264	88304170	89754956	88207951	88457951	0	1393	2901	19438	spaced
SUPER_2	40714109	40725771	IR	304	.	40719702	0.304	0.997	134	11773	40714109	40714763	40725118	40725771	89754956	40499193	40749193	134	3678	653	10355	spaced
SUPER_2	1529782	1534232	IR	304	.	1531665	0.304	0.982	91	4425	1529782	1530495	1533519	1534232	89754956	1475383	1725383	0	943	713	3024	spaced
SUPER_2	88845595	88859944	IR	304	.	88852833	0.304	0.987	42	14424	88845595	88845823	88859716	88859944	89754956	88838505	89088505	42	237	228	13893	spaced
SUPER_2	67787223	67790546	IR	304	.	67788404	0.304	0.782	39	3358	67787223	67787453	67790316	67790609	89754956	67734270	67984270	0	910	230	2863	spaced
SUPER_2	3413049	3427599	IR	304	.	3420793	0.304	0.994	24	14528	3413049	3413204	3427444	3427599	89754956	3238860	3439678	0	3024	155	14240	spaced
SUPER_2	80736240	80753821	IR	303	.	80744910	0.303	0.954	122	17670	80736240	80736807	80753280	80753821	89754956	80564120	80814120	128	3015	541	16473	spaced
SUPER_2	6884209	6890337	IR	303	.	6887423	0.303	0.970	110	6258	6884209	6885132	6889415	6890337	89754956	6763799	6905302	110	2057	922	4283	spaced
SUPER_2	16547012	16710514	IR	303	.	16628978	0.303	1.000	25	163492	16547012	16547120	16710406	16710514	89754956	16497237	16747237	25	2191	108	163286	wide
SUPER_2	9443760	9447382	IR	303	.	9445757	0.303	0.975	22	3631	9443760	9443919	9447223	9447383	89754956	9246834	9496834	22	3312	159	3304	spaced
SUPER_2	62111612	62124621	IR	303	.	62117807	0.303	0.972	20	12992	62111612	62111829	62124404	62124621	89754956	61893756	62143756	0	3739	217	12575	spaced
SUPER_2	20540878	20545437	IR	302	.	20543095	0.302	0.968	160	4822	20540878	20541983	20544332	20545437	89754956	20297301	20547301	160	4097	1105	2349	spaced
SUPER_2	87937142	87940635	IR	302	.	87938732	0.302	0.996	94	3675	87937142	87937617	87940160	87940635	89754956	87722865	87972865	94	3600	475	2543	spaced
SUPER_2	45357338	45360516	IR	302	.	45359033	0.302	0.990	86	3221	45357338	45357753	45360103	45360516	89754956	45138133	45388133	86	3679	413	2350	spaced
SUPER_2	16936313	16977343	IR	302	.	16956665	0.302	1.000	68	41102	16936313	16936649	16977007	16977343	89754956	16747237	16997237	68	3493	336	40358	spaced
SUPER_2	52305112	52324335	IR	302	.	52314420	0.302	0.981	47	19204	52305112	52305422	52324027	52324335	89754956	52125437	52357279	0	3154	308	18605	spaced
SUPER_2	50331371	50350792	IR	302	.	50341292	0.302	0.947	27	19409	50331371	50331618	50350547	50350792	89754956	50209778	50351674	27	2188	245	18929	spaced
SUPER_2	86396995	86530761	IR	302	.	86464198	0.302	0.393	26	79319	86396995	86451752	86476069	86530761	89754956	86322865	86572865	0	2350	54692	24317	spaced
SUPER_2	80054754	80127027	IR	302	.	80091306	0.302	0.804	25	72255	80054754	80056301	80125486	80127027	89754956	79946857	80196857	0	2400	1541	69185	spaced
SUPER_2	7340486	7345242	IR	301	.	7343133	0.301	0.991	44	4733	7340486	7340809	7344919	7345242	89754956	7205502	7455502	0	2289	323	4110	spaced
SUPER_2	70905942	70932369	IR	300	.	70918892	0.300	0.942	197	26415	70905942	70908060	70930251	70932379	89754956	70807985	71057985	0	1852	2118	22191	spaced
SUPER_2	20593358	20596620	IR	300	.	20594703	0.300	0.983	61	3245	20593358	20593826	20596152	20596623	89754956	20547301	20797301	0	794	468	2326	spaced
SUPER_2	47433619	47442493	IR	300	.	47437899	0.300	0.994	58	8906	47433619	47433932	47442180	47442494	89754956	47212641	47462641	58	3756	313	8248	spaced
SUPER_2	83825213	83845004	IR	300	.	83835472	0.300	0.910	21	19762	83825213	83825427	83844790	83845010	89754956	83749805	83858872	0	1421	214	19363	spaced
SUPER_2	48487615	48493752	IR	299	.	48490325	0.299	0.835	22	6105	48487615	48487767	48493600	48493771	89754956	48284972	48534972	0	3428	152	5833	spaced
SUPER_2	70221066	70229170	IR	298	.	70224841	0.298	0.974	119	8085	70221066	70221876	70228374	70229170	89754956	70107985	70357985	0	1952	796	6498	spaced
SUPER_2	7858154	8001298	IR	298	.	7930156	0.298	0.869	55	143125	7858154	7859495	7999966	8001298	89754956	7764551	8014551	0	2752	1332	140471	wide
SUPER_2	80708552	80720099	IR	297	.	80714679	0.297	0.991	73	11529	80708552	80709022	80719630	80720099	89754956	80614120	80864120	0	1669	469	10608	spaced
SUPER_2	64710930	64732627	IR	297	.	64722170	0.297	0.879	48	21707	64710930	64711251	64732306	64732669	89754956	64518365	64754454	0	3390	321	21055	spaced
SUPER_2	58505201	58507764	IR	297	.	58506095	0.297	0.978	30	2538	58505201	58505470	58507495	58507764	89754956	58293918	58543918	0	3542	269	2025	spaced
SUPER_2	68677413	68708347	IR	296	.	68692512	0.296	0.988	122	30915	68677413	68678082	68707678	68708354	89754956	68460189	68710189	0	3878	669	29596	spaced
SUPER_2	19603625	19621354	IR	295	.	19612032	0.295	1.000	98	17712	19603625	19604172	19620807	19621354	89754956	19397301	19647301	0	3586	547	16635	spaced
SUPER_2	27160929	27182220	IR	295	.	27171718	0.295	0.871	46	21353	27160929	27161244	27181905	27182252	89754956	27110174	27360174	46	1023	315	20661	spaced
SUPER_2	5160351	5162793	IR	295	.	5161836	0.295	1.000	44	2414	5160351	5160590	5162554	5162793	89754956	4965292	5193934	0	3271	239	1964	immediate
SUPER_2	86922062	86940730	IR	294	.	86931448	0.294	0.942	59	18709	86922062	86922629	86940163	86940730	89754956	86722865	86972865	59	3475	567	17534	spaced
SUPER_2	45462745	45543998	IR	293	.	45503431	0.293	0.972	133	81491	45462745	45463809	45542934	45543999	89754956	45338133	45586964	133	2753	1064	79125	spaced
SUPER_2	31728022	31767287	IR	293	.	31747739	0.293	0.997	84	39380	31728022	31728409	31766900	31767287	89754956	31533054	31783054	84	3576	387	38491	spaced
SUPER_2	24092355	24105462	IR	293	.	24098959	0.293	0.881	46	13170	24092355	24092591	24105226	24105466	89754956	24044555	24294555	46	905	236	12635	spaced
SUPER_2	87576841	87588093	IR	290	.	87582045	0.290	0.988	60	11232	87576841	87577263	87587673	87588093	89754956	87372865	87622865	0	3493	420	10410	spaced
SUPER_2	33899022	33912995	IR	287	.	33906096	0.287	0.970	20	13987	33899022	33899157	33912860	33912995	89754956	33875532	34125532	29	507	135	13703	spaced
SUPER_2	55797003	55837932	IR	286	.	55817560	0.286	0.991	20	40890	55797003	55797117	55837818	55837932	89754956	55626812	55876812	28	3177	114	40701	spaced
SUPER_2	10342466	10358090	IR	285	.	10350065	0.285	0.996	42	15637	10342466	10342696	10357860	10358090	89754956	10151137	10401137	42	3318	230	15164	spaced
SUPER_2	68904766	68916833	IR	285	.	68910869	0.285	0.985	31	12103	68904766	68904966	68916633	68916833	89754956	68749038	68999038	31	2695	200	11667	spaced
SUPER_2	84038734	84047212	IR	283	.	84043255	0.283	0.898	78	8456	84038734	84039675	84046271	84047213	89754956	83859072	84109072	0	3064	941	6596	spaced
SUPER_3	56515354	56516488	IR	647	.	56515921	0.647	0.969	47	36946	56515354	56515804	56516038	56516488	74518397	56365258	56615258	47	2510	450	234	immediate
SUPER_3	44966787	44967705	IR	626	.	44967246	0.626	0.989	54	6646	44966787	44967156	44967336	44967705	74518397	44755591	45005591	54	3527	369	180	immediate
SUPER_3	31876919	31882082	IR	608	.	31879982	0.608	0.997	51	5140	31876919	31877256	31881745	31882083	74518397	31715077	31965077	0	2740	337	4489	spaced
SUPER_3	23911375	23913741	IR	585	.	23912558	0.585	0.992	106	2448	23911375	23911878	23913238	23913741	74518397	23688421	23938421	108	3735	503	1360	immediate
SUPER_3	3179161	3181655	IR	582	.	3180408	0.582	0.995	107	2597	3179161	3179723	3181093	3181655	74518397	3111300	3361300	107	1151	562	1370	immediate
SUPER_3	27095703	27098055	IR	564	.	27096879	0.564	0.994	104	2429	27095703	27096223	27097535	27098055	74518397	26912199	27162199	104	3077	520	1312	immediate
SUPER_3	71447092	71449502	IR	543	.	71448298	0.543	0.983	98	2597	71447092	71447665	71448930	71449502	74518397	71220316	71470316	98	3799	572	1265	immediate
SUPER_3	44702903	44703861	IR	542	.	44703382	0.542	0.969	41	24710	44702903	44703255	44703513	44703861	74518397	44505591	44755591	41	3296	348	258	immediate
SUPER_3	7792471	7794719	IR	540	.	7793595	0.540	0.898	72	26122	7792471	7792899	7794291	7794760	74518397	7647357	7897357	104	2437	428	1392	immediate
SUPER_3	1819871	1822246	IR	525	.	1821057	0.525	0.764	56	2955	1819871	1820651	1821466	1822377	74518397	1788898	2038898	56	535	780	815	immediate
SUPER_3	16763367	16764455	IR	522	.	16763911	0.522	0.994	66	63892	16763367	16763701	16764122	16764455	74518397	16583227	16833227	68	3011	333	421	immediate
SUPER_3	39897161	39899242	IR	504	.	39898084	0.504	0.875	91	2223	39897161	39897749	39898682	39899242	74518397	39706944	39956944	107	3187	560	933	immediate
SUPER_3	11083794	11085822	IR	495	.	11084808	0.495	0.945	65	65961	11083794	11084228	11085397	11085822	74518397	10906570	11156570	65	2970	425	1169	immediate
SUPER_3	29146507	29318065	IR	484	.	29232293	0.484	0.385	87	86418	29146507	29232033	29232555	29318065	74518397	29119037	29369037	90	1887	85510	522	immediate
SUPER_3	7634684	7635266	IR	479	.	7634975	0.479	0.984	29	104682	7634684	7634876	7635074	7635266	74518397	7497357	7747357	29	2293	192	198	immediate
SUPER_3	21557731	21558439	IR	472	.	21558085	0.472	0.970	37	63322	21557731	21557999	21558172	21558439	74518397	21376489	21626489	37	3026	267	173	immediate
SUPER_3	4870581	4871896	IR	471	.	4871242	0.471	0.958	99	156360	4870581	4871081	4871402	4871896	74518397	4781075	5031075	144	1502	494	321	immediate
SUPER_3	52465879	52576067	IR	470	.	52520973	0.470	0.393	33	110206	52465879	52520752	52521194	52576092	74518397	52408919	52658919	35	1867	54873	442	immediate
SUPER_3	74368995	74371215	IR	467	.	74370105	0.467	0.988	54	2306	74368995	74369335	74370875	74371215	74518397	74166925	74416925	54	3386	340	1540	immediate
SUPER_3	24456741	24458725	IR	466	.	24457733	0.466	0.960	63	2012	24456741	24457336	24458131	24458725	74518397	24237974	24487974	67	3662	594	795	immediate
SUPER_3	33753827	33762808	IR	465	.	33758317	0.465	0.796	88	11868	33753827	33757965	33758670	33762811	74518397	33542357	33792357	88	3599	4138	705	immediate
SUPER_3	14259976	14261044	IR	464	.	14260510	0.464	0.993	27	10046	14259976	14260125	14260895	14261044	74518397	14075825	14325825	27	3077	149	770	immediate
SUPER_3	40561791	40564133	IR	461	.	40562988	0.461	0.901	27	2396	40561791	40562058	40563866	40564139	74518397	40474131	40724131	60	1480	267	1808	immediate
SUPER_3	10293567	10294139	IR	460	.	10293853	0.460	0.952	29	23273	10293567	10293809	10293897	10294145	74518397	10156570	10406570	29	2287	242	88	immediate
SUPER_3	3442343	3442829	IR	458	.	3442586	0.458	0.970	46	51541	3442343	3442544	3442634	3442829	74518397	3261300	3511300	46	3021	195	90	immediate
SUPER_3	42090001	42090589	IR	455	.	42090295	0.455	0.980	24	18260	42090001	42090201	42090389	42090589	74518397	41969181	42219181	24	2018	200	188	immediate
SUPER_3	43824251	43836837	IR	454	.	43830403	0.454	0.479	31	12610	43824251	43830198	43830944	43836837	74518397	43596635	43846635	33	3898	5893	746	immediate
SUPER_3	17260738	17262155	IR	451	.	17261445	0.451	0.940	56	6822	17260738	17261208	17261685	17262161	74518397	17083227	17333227	56	2970	470	477	immediate
SUPER_3	43866004	43868154	IR	449	.	43867079	0.449	0.979	50	2263	43866004	43866295	43867863	43868155	74518397	43646635	43896635	50	3673	291	1568	immediate
SUPER_3	15381923	15499071	IR	443	.	15440513	0.443	0.399	39	146039	15381923	15440389	15440606	15499071	74518397	15279723	15529723	54	2679	58465	217	immediate
SUPER_3	16968350	17109850	IR	440	.	17039100	0.440	0.392	33	141529	16968350	17039073	17039127	17109864	74518397	16883227	17133227	35	2597	70723	54	immediate
SUPER_3	6699555	6702252	IR	439	.	6700887	0.439	1.000	151	2859	6699555	6700214	6701593	6702252	74518397	6555781	6797157	151	2418	659	1379	immediate
SUPER_3	41242218	41244634	IR	435	.	41243389	0.435	0.893	82	2472	41242218	41242687	41244169	41244634	74518397	41169181	41419181	94	1237	465	1482	immediate
SUPER_3	43228913	43229583	IR	432	.	43229248	0.432	0.967	34	28086	43228913	43229122	43229374	43229586	74518397	43096635	43346635	34	2210	209	252	immediate
SUPER_3	12174169	12176792	IR	431	.	12175193	0.431	0.727	22	2526	12174169	12174491	12176470	12176895	74518397	12123567	12325625	0	865	322	1979	immediate
SUPER_3	73311896	73312426	IR	430	.	73312161	0.430	1.000	42	21268	73311896	73312078	73312244	73312426	74518397	73276262	73526262	42	598	182	166	immediate
SUPER_3	67581373	67584318	IR	428	.	67582992	0.428	0.895	58	3020	67581373	67581862	67583829	67584340	74518397	67344530	67594530	87	3971	489	1967	immediate
SUPER_3	3790258	3833547	IR	428	.	3811902	0.428	0.393	24	43349	3790258	3811646	3812159	3833591	74518397	3611300	3861300	36	3343	21388	513	immediate
SUPER_3	7491386	7494404	IR	424	.	7493327	0.424	0.981	46	2992	7491386	7491709	7494081	7494404	74518397	7247357	7497357	0	4092	323	2372	spaced
SUPER_3	66283829	66456910	IR	423	.	66370572	0.423	0.386	60	173281	66283829	66369747	66370992	66456955	74518397	66250389	66500389	54	1999	85918	1245	immediate
SUPER_3	819621	821534	IR	422	.	820637	0.422	0.837	65	2329	819621	820092	821115	821534	74518397	712802	962802	122	1796	419	1023	immediate
SUPER_3	6800748	6808788	IR	422	.	6804508	0.422	0.870	25	8022	6800748	6801357	6808196	6808788	74518397	6797357	7047357	0	123	592	6839	spaced
SUPER_3	52701941	52705898	IR	420	.	52704325	0.420	0.995	64	3939	52701941	52702322	52705517	52705898	74518397	52458919	52708919	0	4083	381	3195	spaced
SUPER_3	30103198	30108738	IR	416	.	30105965	0.416	0.835	96	7131	30103198	30105471	30106465	30108896	74518397	29868203	30118203	96	3962	2273	994	immediate
SUPER_3	1714726	1750854	IR	415	.	1732886	0.415	0.892	27	36209	1714726	1715041	1750563	1750854	74518397	1538898	1788898	78	3231	291	35522	spaced
SUPER_3	45105271	45106097	IR	414	.	45105684	0.414	0.994	31	19559	45105271	45105441	45105927	45106097	74518397	44905591	45155591	31	3334	170	486	immediate
SUPER_3	27698213	27700984	IR	412	.	27699122	0.412	0.875	52	2710	27698213	27698771	27700451	27700984	74518397	27512199	27762199	0	3123	533	1680	immediate
SUPER_3	3435837	3436467	IR	412	.	3436152	0.412	1.000	20	2052	3435837	3435931	3436373	3436467	74518397	3411300	3661300	20	414	94	442	immediate
SUPER_3	3693537	3705658	IR	411	.	3700064	0.411	0.975	22	12092	3693537	3693697	3705498	3705658	74518397	3461300	3711300	0	3971	160	11801	spaced
SUPER_3	32119998	32262747	IR	410	.	32191209	0.410	0.967	69	142874	32119998	32120639	32262106	32262747	74518397	32015077	32265077	69	2938	641	141467	wide
SUPER_3	66964806	66966345	IR	409	.	66965559	0.409	0.954	43	30669	66964806	66965132	66966025	66966345	74518397	66871099	67121099	46	1574	320	893	immediate
SUPER_3	41422129	41424430	IR	407	.	41423058	0.407	1.000	62	2345	41422129	41422420	41424139	41424430	74518397	41319181	41569181	62	1734	291	1719	immediate
SUPER_3	9047604	9130619	IR	405	.	9088788	0.405	0.822	31	82928	9047604	9048279	9130004	9130619	74518397	8993086	9243086	0	1600	615	81725	spaced
SUPER_3	60483671	60485894	IR	404	.	60484785	0.404	0.985	68	2265	60483671	60483998	60485572	60485894	74518397	60457781	60584433	68	449	322	1574	immediate
SUPER_3	32924203	32944410	IR	403	.	32934690	0.403	0.913	20	20182	32924203	32924661	32943952	32944411	74518397	32842357	33092357	0	1532	458	19291	spaced
SUPER_3	73851229	73853587	IR	402	.	73852408	0.402	0.996	50	2384	73851229	73851495	73853321	73853587	74518397	73816925	74066925	50	591	266	1826	immediate
SUPER_3	52088640	52089926	IR	401	.	52089283	0.401	0.982	32	86876	52088640	52088863	52089703	52089927	74518397	51958919	52208919	32	2172	223	840	immediate
SUPER_3	584826	585898	IR	400	.	585362	0.400	0.940	49	191701	584826	585207	585530	585898	74518397	462802	712802	49	2042	368	323	immediate
SUPER_3	33112946	33122459	IR	400	.	33117600	0.400	0.914	22	9600	33112946	33113341	33122064	33122460	74518397	32892357	33142357	22	3755	395	8723	spaced
SUPER_3	62902166	62909642	IR	397	.	62905836	0.397	0.776	40	80270	62902166	62902638	62909234	62909642	74518397	62732728	62982728	93	2886	408	6596	spaced
SUPER_3	54204935	54336086	IR	396	.	54270506	0.396	0.392	26	66220	54204935	54270198	54270823	54336110	74518397	54190842	54440842	28	1327	65263	625	immediate
SUPER_3	61526138	61712714	IR	395	.	61619517	0.395	0.393	25	186581	61526138	61618894	61620006	61712714	74518397	61484633	61734633	29	2246	92708	1112	immediate
SUPER_3	60822023	60825651	IR	393	.	60823472	0.393	1.000	42	3611	60822023	60822259	60825415	60825651	74518397	60584633	60834633	0	3986	236	3156	spaced
SUPER_3	13107166	13210074	IR	393	.	13158846	0.393	0.577	33	188357	13107166	13107277	13209963	13210154	74518397	13025825	13275825	55	2213	111	102686	wide
SUPER_3	49706177	49760736	IR	393	.	49733035	0.393	0.407	23	53728	49706177	49716029	49750904	49760736	74518397	49533087	49783087	0	3339	9832	34875	spaced
SUPER_3	20013311	20127036	IR	392	.	20069768	0.392	0.400	27	113703	20013311	20065592	20074787	20127036	74518397	19926489	20176489	0	2394	52249	9195	spaced
SUPER_3	5980410	6140259	IR	391	.	6060643	0.391	0.797	23	159836	5980410	5981935	6138734	6140312	74518397	5969047	6219047	0	1521	1525	156799	wide
SUPER_3	18400103	18461148	IR	387	.	18430614	0.387	0.702	21	183959	18400103	18400249	18461002	18461200	74518397	18301245	18551245	47	2156	146	60753	spaced
SUPER_3	29768207	29772768	IR	386	.	29770745	0.386	0.984	175	4536	29768207	29769358	29771617	29772768	74518397	29768203	30018203	0	37	1151	2259	spaced
SUPER_3	3919855	3922687	IR	386	.	3921271	0.386	1.000	129	37102	3919855	3920374	3922168	3922687	74518397	3711300	3961300	130	3499	519	1794	immediate
SUPER_3	26543648	26545600	IR	386	.	26544774	0.386	0.914	93	2017	26543648	26544159	26545118	26545600	74518397	26362199	26612199	99	3040	482	959	immediate
SUPER_3	13244453	13389296	IR	384	.	13317103	0.384	0.537	28	213857	13244453	13244494	13389255	13389330	74518397	13175825	13425825	58	2350	41	144761	wide
SUPER_3	69207849	69362032	IR	384	.	69284421	0.384	0.396	24	103352	69207849	69279851	69290030	69362044	74518397	69136395	69378273	0	2475	72002	10179	spaced
SUPER_3	15566568	15667139	IR	383	.	15616997	0.383	0.845	51	100630	15566568	15566787	15666952	15667139	74518397	15479723	15729723	159	2285	187	100165	wide
SUPER_3	74018599	74030122	IR	383	.	74023890	0.383	0.000	22	11492	74018599	74018735	74030091	74030122	74518397	73816925	74066925	0	3457	31	11356	spaced
SUPER_3	45610514	45683386	IR	383	.	45646451	0.383	0.500	21	72834	45610514	45610586	45683348	45683386	74518397	45455591	45705591	0	3189	38	72762	spaced
SUPER_3	49897044	49899131	IR	382	.	49898089	0.382	0.976	47	2119	49897044	49897341	49898837	49899131	74518397	49683087	49933087	47	3583	294	1496	immediate
SUPER_3	9384491	9484780	IR	381	.	9434463	0.381	0.410	29	100482	9384491	9422051	9447220	9484793	74518397	9243086	9493086	58	3192	37560	25169	spaced
SUPER_3	1245101	1283694	IR	380	.	1264373	0.380	0.868	58	38687	1245101	1245858	1282981	1283694	74518397	1038898	1288898	65	3758	713	37123	spaced
SUPER_3	56824487	56886967	IR	380	.	56855935	0.380	0.796	21	62495	56824487	56824864	56886617	56886967	74518397	56815258	57065258	38	674	350	61753	spaced
SUPER_3	70792222	70829243	IR	379	.	70810640	0.379	0.963	55	55077	70792222	70792731	70828734	70829244	74518397	70770316	71020316	55	673	509	36003	spaced
SUPER_3	69414532	69429213	IR	378	.	69422293	0.378	0.520	67	12878	69414532	69420075	69423744	69429213	74518397	69378473	69628473	0	723	5469	3669	spaced
SUPER_3	66795447	66809318	IR	378	.	66802811	0.378	0.852	24	13803	66795447	66796125	66808644	66809318	74518397	66597466	66820899	0	3415	674	12519	spaced
SUPER_3	55836714	55837889	IR	377	.	55837306	0.377	0.937	33	7913	55836714	55837083	55837520	55837898	74518397	55645326	55895326	33	3199	369	437	immediate
SUPER_3	268648	383950	IR	376	.	326763	0.376	0.976	107	115286	268648	269521	383077	383952	74518397	212802	462802	0	1891	873	113556	wide
SUPER_3	4668700	4675442	IR	374	.	4671917	0.374	0.842	35	7827	4668700	4669396	4674746	4675457	74518397	4461300	4680875	66	3512	696	5350	spaced
SUPER_3	7671741	7672193	IR	374	.	7671975	0.374	0.906	29	42369	7671741	7671922	7672028	7672193	74518397	7547357	7797357	29	2076	165	106	immediate
SUPER_3	59829054	59830923	IR	373	.	59829975	0.373	0.974	119	19050	59829054	59829756	59830227	59830923	74518397	59635713	59856478	127	3237	696	471	immediate
SUPER_3	41659409	41669117	IR	372	.	41663770	0.372	0.947	162	9688	41659409	41660813	41667765	41669117	74518397	41419181	41669181	0	4084	1352	6952	spaced
SUPER_3	59692976	59802495	IR	372	.	59748158	0.372	0.965	146	109500	59692976	59694381	59801095	59802495	74518397	59585713	59835713	0	2700	1400	106714	wide
SUPER_3	50393594	50394582	IR	372	.	50394088	0.372	0.922	21	15540	50393594	50393800	50394383	50394582	74518397	50216810	50466810	21	2954	199	583	immediate
SUPER_3	69569927	69746957	IR	371	.	69658899	0.371	0.399	176	176907	69569927	69654767	69662123	69746957	74518397	69528473	69778473	0	2166	84834	7356	spaced
SUPER_3	7046669	7087329	IR	370	.	7066774	0.370	1.000	46	21890	7046669	7046686	7087312	7087329	74518397	6897357	7147357	1	2827	17	40626	spaced
SUPER_3	55386841	55388346	IR	370	.	55387599	0.370	0.854	27	33794	55386841	55387286	55387911	55388346	74518397	55190842	55440842	27	3279	435	625	immediate
SUPER_3	3720293	3776965	IR	370	.	3748134	0.370	0.881	26	56327	3720293	3721494	3775764	3776966	74518397	3561300	3811300	0	3122	1201	54270	spaced
SUPER_3	38709213	38711309	IR	368	.	38710261	0.368	0.989	31	2115	38709213	38709396	38711126	38711309	74518397	38707976	38957976	31	37	183	1730	immediate
SUPER_3	19403806	19407264	IR	368	.	19405538	0.368	0.819	21	3564	19403806	19405233	19405837	19407301	74518397	19248413	19498413	21	2618	1427	604	immediate
SUPER_3	46532289	46534539	IR	367	.	46533414	0.367	0.995	47	2290	46532289	46532498	46534330	46534539	74518397	46305591	46555591	47	3796	209	1832	immediate
SUPER_3	71380696	71395541	IR	367	.	71388372	0.367	0.815	29	14761	71380696	71381275	71394962	71395574	74518397	71370316	71620316	0	296	579	13687	spaced
SUPER_3	63264808	63333851	IR	367	.	63299724	0.367	0.403	27	68982	63264808	63289404	63309258	63333851	74518397	63232728	63482728	0	1109	24593	19854	spaced
SUPER_3	17352928	17502367	IR	364	.	17427297	0.364	0.401	42	117701	17352928	17396373	17458922	17502406	74518397	17333227	17583227	0	1573	43445	62549	spaced
SUPER_3	61373022	61453247	IR	363	.	61413124	0.363	0.442	27	83232	61373022	61376264	61450005	61453249	74518397	61284633	61534633	27	2141	3242	73741	spaced
SUPER_3	64646343	64856516	IR	363	.	64751404	0.363	0.400	23	210191	64646343	64747261	64755657	64856516	74518397	64632728	64882728	47	1978	100859	8396	spaced
SUPER_3	64364384	64553468	IR	360	.	64458632	0.360	0.407	57	158726	64364384	64427650	64490271	64553468	74518397	64332728	64582728	0	2103	63197	62621	spaced
SUPER_3	61809640	61862885	IR	360	.	61836683	0.360	0.415	21	53240	61809640	61828663	61843862	61862999	74518397	61684633	61934633	0	2527	19023	15199	spaced
SUPER_3	71148820	71274340	IR	359	.	71211103	0.359	0.763	25	125479	71148820	71149167	71273993	71274420	74518397	71070316	71320316	0	2354	347	124826	wide
SUPER_3	13569548	13624165	IR	358	.	13596971	0.358	0.889	54	97971	13569548	13569812	13623901	13624198	74518397	13475825	13725825	60	2017	264	54089	spaced
SUPER_3	516312	536413	IR	357	.	526356	0.357	0.493	78	20292	516312	525887	526887	536413	74518397	312802	562802	78	3559	9526	1000	immediate
SUPER_3	55060801	55124986	IR	356	.	55092893	0.356	0.391	25	64265	55060801	55092481	55093306	55125047	74518397	54940842	55190842	25	2534	31680	825	immediate
SUPER_3	57654111	57697619	IR	355	.	57675416	0.355	0.956	50	43488	57654111	57654727	57697004	57697619	74518397	57465258	57715258	0	3509	615	42277	spaced
SUPER_3	68138051	68202678	IR	355	.	68170235	0.355	0.400	49	64697	68138051	68168148	68172590	68202678	74518397	68134576	68311583	49	596	30088	4442	spaced
SUPER_3	51847132	52034512	IR	355	.	51940709	0.355	0.393	22	187561	51847132	51940021	51941623	52034546	74518397	51808919	52058919	29	2198	92889	1602	immediate
SUPER_3	58851298	58889247	IR	353	.	58870246	0.353	0.877	84	38157	58851298	58852318	58888227	58889251	74518397	58665258	58915258	84	3416	1020	35909	spaced
SUPER_3	10830089	10834058	IR	353	.	10832119	0.353	0.882	31	4131	10830089	10830599	10833548	10834058	74518397	10756570	11006570	31	1258	510	2949	spaced
SUPER_3	56578328	56727439	IR	353	.	56652770	0.353	0.409	22	149074	56578328	56628805	56677001	56727439	74518397	56515258	56765258	48	2293	50438	48196	spaced
SUPER_3	67912890	68080187	IR	352	.	67996151	0.352	0.900	168	167276	67912890	67917466	68075612	68080187	74518397	67838370	68088370	0	2636	4575	158146	wide
SUPER_3	56901425	56917662	IR	352	.	56909756	0.352	0.845	38	19216	56901425	56901553	56917534	56917663	74518397	56865258	57115258	5	737	128	15981	spaced
SUPER_3	65784030	65808994	IR	352	.	65796947	0.352	0.808	37	24930	65784030	65786541	65806544	65808994	74518397	65573938	65823938	0	3709	2450	20003	spaced
SUPER_3	64294684	64331167	IR	352	.	64313239	0.352	0.402	27	36436	64294684	64309126	64316779	64331167	74518397	64082728	64332728	0	3836	14388	7653	spaced
SUPER_3	8865068	8893845	IR	351	.	8879494	0.351	0.926	90	28993	8865068	8866083	8892830	8893849	74518397	8815272	8942886	90	1069	1015	26747	spaced
SUPER_3	9529951	9719568	IR	351	.	9624670	0.351	0.994	34	189633	9529951	9530127	9719392	9719568	74518397	9493086	9743086	34	2194	176	189265	wide
SUPER_3	52791350	52791950	IR	351	.	52791650	0.351	0.961	31	59712	52791350	52791529	52791774	52791950	74518397	52727704	52977704	31	1065	176	245	immediate
SUPER_3	23264821	23354798	IR	351	.	23309648	0.351	0.406	23	89926	23264821	23305261	23314377	23354798	74518397	23238421	23488421	41	1189	40421	9116	spaced
SUPER_3	17545975	17547434	IR	350	.	17546737	0.350	0.987	53	5454	17545975	17546281	17547128	17547434	74518397	17383227	17633227	60	2724	306	847	immediate
SUPER_3	10305247	10452099	IR	350	.	10378314	0.350	0.405	28	146888	10305247	10376234	10381112	10452154	74518397	10206570	10456570	0	2868	70987	4878	spaced
SUPER_3	62528800	62531526	IR	349	.	62530163	0.349	0.715	72	2811	62528800	62529470	62530856	62531560	74518397	62285833	62535833	72	4072	670	1386	immediate
SUPER_3	53451752	53577913	IR	349	.	53514443	0.349	0.398	35	126208	53451752	53506528	53523137	53577978	74518397	53417192	53667192	0	1627	54776	16609	spaced
SUPER_3	65004859	65015023	IR	348	.	65010345	0.348	0.738	38	9896	65004859	65007105	65012846	65015023	74518397	64982728	65232728	0	453	2177	5741	spaced
SUPER_3	15230160	15366823	IR	348	.	15298010	0.348	0.725	35	136511	15230160	15231586	15365428	15366823	74518397	15129723	15379723	0	2812	1395	133842	wide
SUPER_3	29888095	30012922	IR	347	.	29950142	0.347	0.976	558	124834	29888095	29892591	30008426	30012950	74518397	29768203	30018203	0	3038	4496	115835	wide
SUPER_3	29527586	29560871	IR	347	.	29543847	0.347	0.990	123	33261	29527586	29528476	29559981	29560871	74518397	29319037	29569037	0	3753	890	31505	spaced
SUPER_3	22101015	22103275	IR	347	.	22102145	0.347	0.989	38	2287	22101015	22101203	22103087	22103275	74518397	21876489	22126489	38	3760	188	1884	immediate
SUPER_3	57302470	57322903	IR	346	.	57312445	0.346	0.866	45	93308	57302470	57302893	57322480	57322909	74518397	57165258	57415258	14	2457	423	19587	spaced
SUPER_3	53598956	53687214	IR	346	.	53643194	0.346	0.883	24	133015	53598956	53599213	53686965	53687214	74518397	53467192	53717192	47	2931	249	87752	spaced
SUPER_3	67283063	67408751	IR	346	.	67345886	0.346	0.861	21	125644	67283063	67283440	67408374	67408754	74518397	67244530	67494530	50	1689	377	124934	wide
SUPER_3	19585639	19604620	IR	345	.	19594826	0.345	0.919	143	19011	19585639	19586549	19603710	19604671	74518397	19398413	19626289	0	3278	910	17161	spaced
SUPER_3	31186090	31189655	IR	345	.	31187885	0.345	0.812	76	3785	31186090	31186957	31188788	31189750	74518397	31086277	31336277	76	1693	867	1831	immediate
SUPER_3	55294708	55297878	IR	345	.	55295859	0.345	0.954	52	3147	55294708	55295163	55297432	55297878	74518397	55140842	55390842	0	2590	446	2269	spaced
SUPER_3	41372166	41372830	IR	344	.	41372382	0.344	0.918	46	117628	41372166	41372408	41372588	41372842	74518397	41219181	41469181	46	2555	242	180	immediate
SUPER_3	63083366	63131950	IR	344	.	63107267	0.344	0.421	28	48553	63083366	63099138	63116178	63131964	74518397	63082728	63332728	0	415	15772	17040	spaced
SUPER_3	12109738	12119021	IR	344	.	12113930	0.344	0.791	26	9233	12109738	12110261	12118525	12119021	74518397	11906570	12123367	0	3463	496	8264	spaced
SUPER_3	11840479	11842169	IR	344	.	11841349	0.344	0.911	23	50031	11840479	11840619	11842029	11842169	74518397	11706570	11956570	46	2245	140	1410	immediate
SUPER_3	7028010	7029245	IR	344	.	7028626	0.344	0.770	20	56619	7028010	7028276	7029031	7029245	74518397	6847357	7097357	24	3021	214	755	immediate
SUPER_3	50547357	50710485	IR	344	.	50628450	0.344	0.387	20	163105	50547357	50607489	50650418	50710485	74518397	50516810	50766810	0	1868	60067	42929	spaced
SUPER_3	6264700	6330586	IR	343	.	6297412	0.343	0.950	1876	69990	6264700	6278681	6316628	6330586	74518397	6119047	6369047	1919	2976	13958	37947	spaced
SUPER_3	175235	211322	IR	343	.	192989	0.343	0.364	40	35984	175235	175338	211219	211431	74518397	151625	212602	0	694	103	35881	spaced
SUPER_3	68445092	68571490	IR	343	.	68508758	0.343	0.435	38	112599	68445092	68460625	68555989	68571490	74518397	68361783	68611783	0	2441	15501	95364	spaced
SUPER_3	10963361	11083025	IR	343	.	11023418	0.343	0.924	26	126225	10963361	10963558	11082831	11083025	74518397	10906570	11156570	37	1943	194	119273	wide
SUPER_3	51690498	51844157	IR	343	.	51767068	0.343	0.681	22	153602	51690498	51690889	51843859	51844157	74518397	51608919	51858919	0	2640	298	152970	wide
SUPER_3	70319737	70389624	IR	342	.	70354978	0.342	0.826	45	69869	70319737	70320393	70389036	70389624	74518397	70257707	70507707	0	1616	588	68643	spaced
SUPER_3	68638722	68748442	IR	342	.	68693455	0.342	0.633	36	111080	68638722	68639848	68747316	68748551	74518397	68511783	68761783	36	3028	1126	107468	wide
SUPER_3	62203769	62376151	IR	342	.	62289467	0.342	0.399	23	124935	62203769	62285789	62294202	62376151	74518397	62185833	62435833	0	1735	81949	8413	spaced
SUPER_3	5348498	5350833	IR	341	.	5349812	0.341	0.961	35	2374	5348498	5348777	5350554	5350833	74518397	5131075	5381075	35	3643	279	1777	immediate
SUPER_3	49008878	49195058	IR	341	.	49101502	0.341	0.940	34	186163	49008878	49009478	49194459	49195058	74518397	48983087	49233087	0	1981	599	184981	wide
SUPER_3	5077583	5104059	IR	341	.	5090838	0.341	0.406	23	48155	5077583	5090559	5091116	5104059	74518397	5031075	5281075	23	995	12943	557	immediate
SUPER_3	10584490	10621833	IR	340	.	10602863	0.340	0.483	285	36995	10584490	10594984	10611345	10621833	74518397	10456570	10706570	0	2443	10488	16361	spaced
SUPER_3	57783370	57899571	IR	340	.	57841179	0.340	0.901	184	116180	57783370	57786880	57896113	57899571	74518397	57715258	57965258	0	2103	3458	109233	wide
SUPER_3	68838638	69043515	IR	340	.	68941344	0.340	0.419	56	198679	68838638	68880636	69001553	69043515	74518397	68836395	69086395	0	1744	41962	120917	wide
SUPER_3	16341618	16342473	IR	340	.	16342071	0.340	0.794	20	43474	16341618	16341798	16342293	16342502	74518397	16195510	16445510	21	2442	180	495	immediate
SUPER_3	26547678	26578570	IR	339	.	26563572	0.339	0.431	40	24059	26547678	26555091	26571157	26578637	74518397	26412199	26662199	0	2515	7413	16066	spaced
SUPER_3	13681917	13777352	IR	339	.	13729736	0.339	0.393	31	95352	13681917	13729137	13730155	13777352	74518397	13675825	13925825	46	896	47197	1018	immediate
SUPER_3	28478883	28481043	IR	339	.	28479963	0.339	0.986	29	2203	28478883	28479031	28480895	28481043	74518397	28262199	28512199	29	3629	148	1864	immediate
SUPER_3	32753113	32881964	IR	338	.	32817649	0.338	0.877	79	129782	32753113	32755314	32879763	32881997	74518397	32692357	32942357	79	2086	2201	124449	wide
SUPER_3	26206047	26397153	IR	338	.	26302076	0.338	0.996	41	191088	26206047	26206295	26396905	26397153	74518397	26162199	26412199	0	2323	248	190610	wide
SUPER_3	21382183	21396645	IR	338	.	21389355	0.338	0.799	40	14546	21382183	21382793	21396035	21396678	74518397	21376489	21626489	40	215	610	13242	spaced
SUPER_3	17965031	17965532	IR	338	.	17965282	0.338	0.982	31	41115	17965031	17965201	17965362	17965532	74518397	17833227	18083227	31	2200	170	161	immediate
SUPER_3	31346505	31349378	IR	337	.	31347942	0.337	0.998	104	2945	31346505	31346991	31348893	31349378	74518397	31136277	31386277	104	3527	485	1902	immediate
SUPER_3	33647292	33716432	IR	337	.	33681996	0.337	0.979	39	69159	33647292	33647529	33716195	33716432	74518397	33492357	33742357	39	3158	237	68666	spaced
SUPER_3	66123176	66224226	IR	337	.	66173752	0.337	0.819	29	105858	66123176	66123489	66223930	66224226	74518397	66000389	66250389	98	2888	296	100441	wide
SUPER_3	56387766	56484779	IR	337	.	56436745	0.337	0.389	26	97062	56387766	56431472	56441073	56484846	74518397	56265258	56515258	0	2850	43706	9601	spaced
SUPER_3	3482861	3521880	IR	337	.	3502852	0.337	0.821	21	38933	3482861	3483409	3521332	3521880	74518397	3361300	3611300	0	2351	548	37923	spaced
SUPER_3	104095	111402	IR	336	.	107559	0.336	1.000	144	7457	104095	104702	110795	111402	74518397	0	151425	144	1795	607	6093	spaced
SUPER_3	46275450	46352830	IR	336	.	46313759	0.336	0.900	31	77316	46275450	46276048	46352232	46352831	74518397	46105591	46355591	0	3475	598	76184	spaced
SUPER_3	37533331	37619823	IR	335	.	37576926	0.335	0.933	974	86450	37533331	37543106	37610063	37619823	74518397	37512292	37762292	0	1071	9760	66957	spaced
SUPER_3	25199087	25208118	IR	335	.	25203206	0.335	0.984	471	9039	25199087	25202017	25205188	25208147	74518397	24965324	25215324	0	3971	2930	3171	spaced
SUPER_3	1450111	1637971	IR	335	.	1543939	0.335	0.868	38	187951	1450111	1450846	1637288	1637971	74518397	1438898	1688898	38	1752	683	186442	wide
SUPER_3	3291442	3416588	IR	335	.	3354107	0.335	0.883	22	63153	3291442	3291888	3416142	3416588	74518397	3211300	3461300	48	2378	446	124254	wide
SUPER_3	51470852	51532506	IR	335	.	51501725	0.335	0.951	22	151022	51470852	51470891	51532467	51532508	74518397	51358919	51608919	127	2379	39	61576	spaced
SUPER_3	2888408	2976078	IR	334	.	2932682	0.334	0.972	210	87640	2888408	2890061	2974426	2976078	74518397	2856722	3106722	0	1258	1652	84365	spaced
SUPER_3	26756604	26781388	IR	334	.	26768543	0.334	0.991	74	24767	26756604	26757071	26780921	26781390	74518397	26562199	26812199	0	3446	467	23850	spaced
SUPER_3	51644655	51647110	IR	334	.	51645608	0.334	0.782	46	2447	51644655	51645606	51646159	51647156	74518397	51408919	51658919	0	3949	951	553	immediate
SUPER_3	4772542	4784802	IR	334	.	4779069	0.334	0.850	30	12224	4772542	4773204	4784159	4784802	74518397	4681075	4931075	0	1626	643	10955	spaced
SUPER_3	15667018	15708704	IR	334	.	15687961	0.334	0.836	24	59624	15667018	15667146	15708595	15708704	74518397	15579723	15829723	64	1802	109	41449	spaced
SUPER_3	44741814	44840837	IR	334	.	44790880	0.334	0.903	22	99005	44741814	44742112	44840541	44840837	74518397	44705591	44955591	0	1428	296	98429	spaced
SUPER_3	64950668	64964360	IR	333	.	64957986	0.333	0.825	281	13685	64950668	64954033	64960995	64964371	74518397	64832728	65082728	0	2079	3365	6962	spaced
SUPER_3	6366744	6385295	IR	333	.	6375989	0.333	0.867	185	31017	6366744	6369140	6382899	6385334	74518397	6169047	6419047	185	3449	2396	13759	spaced
SUPER_3	14524045	14572446	IR	333	.	14548141	0.333	0.956	104	48602	14524045	14525092	14571399	14572446	74518397	14325825	14575825	104	3706	1047	46307	spaced
SUPER_3	34272860	34326318	IR	333	.	34299258	0.333	0.935	90	53418	34272860	34273884	34325321	34326318	74518397	34102927	34352927	0	3277	997	51437	spaced
SUPER_3	1343335	1358505	IR	333	.	1351324	0.333	0.992	39	15141	1343335	1343598	1358242	1358505	74518397	1138898	1388898	0	3533	263	14644	spaced
SUPER_3	34651306	34806828	IR	333	.	34728594	0.333	0.849	38	155230	34651306	34652706	34805430	34806828	74518397	34602927	34824040	0	2102	1398	152724	wide
SUPER_3	19107429	19124122	IR	333	.	19115429	0.333	0.850	32	16598	19107429	19108499	19123052	19124132	74518397	18901245	19148213	0	3575	1070	14553	spaced
SUPER_3	73144799	73149448	IR	332	.	73146888	0.332	0.973	105	5087	73144799	73145435	73148812	73149448	74518397	73126262	73376262	107	347	636	3377	spaced
SUPER_3	2571518	2576156	IR	332	.	2573862	0.332	0.981	100	4813	2571518	2572202	2575472	2576156	74518397	2338898	2588898	103	3915	684	3270	spaced
SUPER_3	21874001	21923476	IR	332	.	21898319	0.332	0.934	55	49450	21874001	21874710	21922769	21923476	74518397	21676489	21926489	0	3704	707	48059	spaced
SUPER_3	48421135	48555348	IR	332	.	48488087	0.332	0.894	54	134578	48421135	48421871	48554612	48555370	74518397	48311624	48561624	54	2943	736	132741	wide
SUPER_3	26155025	26162567	IR	332	.	26158587	0.332	0.992	40	7608	26155025	26155270	26162322	26162567	74518397	25962199	26212199	40	3276	245	7052	spaced
SUPER_3	7295812	7345902	IR	332	.	7320462	0.332	0.915	34	50065	7295812	7296367	7345352	7345902	74518397	7097357	7347357	0	3724	550	48985	spaced
SUPER_3	54562119	54649546	IR	332	.	54606042	0.332	0.597	34	87487	54562119	54564029	54647636	54649561	74518397	54540842	54790842	26	1082	1910	83607	spaced
SUPER_3	14104762	14136055	IR	332	.	14119975	0.332	0.558	27	31286	14104762	14106512	14134305	14136072	74518397	13975825	14225825	0	2409	1750	27793	spaced
SUPER_3	51330665	51436952	IR	332	.	51381557	0.332	0.000	24	209982	51330665	51379969	51387648	51486719	74518397	51258919	51508919	36	2046	49304	7679	spaced
SUPER_3	11928234	11930445	IR	331	.	11929145	0.331	0.973	74	93647	11928234	11928638	11930041	11930449	74518397	11806570	12056570	76	2046	404	1403	immediate
SUPER_3	61873164	62003167	IR	331	.	61938558	0.331	0.895	57	129990	61873164	61874648	62001683	62003174	74518397	61784633	62034633	0	2558	1484	127035	wide
SUPER_3	54687924	54880608	IR	331	.	54784686	0.331	0.401	47	192466	54687924	54734310	54834305	54880608	74518397	54640842	54890842	0	2390	46303	99995	spaced
SUPER_3	28121542	28126003	IR	331	.	28123559	0.331	0.949	39	4465	28121542	28121831	28125721	28126003	74518397	27912199	28162199	39	3526	282	3890	spaced
SUPER_3	28371332	28373357	IR	331	.	28372298	0.331	0.975	38	2256	28371332	28371570	28373119	28373357	74518397	28162199	28412199	38	3502	238	1549	immediate
SUPER_3	3968737	4032644	IR	331	.	4000210	0.331	0.850	20	63904	3968737	3969100	4032281	4032661	74518397	3961300	4211300	0	656	363	63181	spaced
SUPER_3	25774507	25780569	IR	330	.	25777212	0.330	0.946	58	6036	25774507	25774857	25780238	25780569	74518397	25593102	25811999	0	3073	331	5381	spaced
SUPER_3	64117830	64125372	IR	330	.	64121392	0.330	0.992	40	7608	64117830	64118075	64125127	64125372	74518397	63882728	64132728	40	3981	245	7052	spaced
SUPER_3	72036370	72068570	IR	330	.	72052084	0.330	0.973	39	32186	72036370	72036591	72068349	72068574	74518397	71820316	72070316	0	3869	221	31758	spaced
SUPER_3	3861450	3885369	IR	330	.	3873089	0.330	0.431	30	23794	3861450	3870676	3876143	3885374	74518397	3711300	3961300	0	2701	9226	5467	spaced
SUPER_3	13779732	13792469	IR	330	.	13785858	0.330	0.902	23	18937	13779732	13779976	13792226	13792469	74518397	13775825	14025825	8	171	243	12250	spaced
SUPER_3	42409446	42439457	IR	330	.	42424203	0.330	0.645	21	30543	42409446	42409650	42439253	42439542	74518397	42396635	42646635	16	463	204	29603	spaced
SUPER_3	19712638	19922842	IR	329	.	19817328	0.329	0.917	193	210190	19712638	19717411	19918069	19922845	74518397	19676489	19926489	0	2354	4773	200658	wide
SUPER_3	388500	478127	IR	329	.	433711	0.329	0.718	155	89602	388500	392725	473936	478127	74518397	312802	562802	0	2008	4191	81211	spaced
SUPER_3	31502464	31522043	IR	329	.	31511940	0.329	0.955	146	19546	31502464	31503990	31520520	31522043	74518397	31286277	31536277	0	3766	1523	16530	spaced
SUPER_3	15060507	15074174	IR	329	.	15066974	0.329	0.846	121	13404	15060507	15062474	15072207	15074226	74518397	14825825	15075825	0	4025	1967	9733	spaced
SUPER_3	66762953	66781811	IR	329	.	66772004	0.329	0.993	118	18800	66762953	66763666	66781098	66781811	74518397	66597466	66820899	0	2915	713	17432	spaced
SUPER_3	39321238	39325421	IR	329	.	39322851	0.329	0.990	112	4164	39321238	39321920	39324739	39325421	74518397	39256944	39506944	0	1106	682	2819	spaced
SUPER_3	5932788	5936079	IR	329	.	5934585	0.329	0.998	111	3417	5932788	5933287	5935580	5936079	74518397	5819047	6069047	111	1922	499	2293	spaced
SUPER_3	12492245	12542749	IR	329	.	12517364	0.329	0.845	95	50671	12492245	12494941	12540145	12542749	74518397	12375825	12625825	95	2361	2604	45204	spaced
SUPER_3	35944250	35958307	IR	329	.	35951615	0.329	1.000	48	14034	35944250	35944538	35958019	35958307	74518397	35712292	35962292	0	3982	288	13481	spaced
SUPER_3	16527204	16527789	IR	329	.	16527497	0.329	1.000	45	26433	16527204	16527418	16527575	16527789	74518397	16345510	16583027	45	3032	214	157	immediate
SUPER_3	14063133	14063748	IR	329	.	14063332	0.329	0.983	40	41825	14063133	14063362	14063521	14063748	74518397	13875825	14125825	40	3126	227	159	immediate
SUPER_3	11960917	11971859	IR	329	.	11966269	0.329	0.936	32	10948	11960917	11961338	11971438	11971859	74518397	11756570	12006570	32	3496	421	10100	spaced
SUPER_3	33133304	33321625	IR	329	.	33227944	0.329	0.382	24	188211	33133304	33209536	33245393	33321632	74518397	33092357	33342357	0	2251	76232	35857	spaced
SUPER_3	34382784	34530725	IR	329	.	34456748	0.329	0.967	24	148112	34382784	34383024	34530485	34530727	74518397	34302927	34552927	24	2563	240	147461	wide
SUPER_3	62056034	62161306	IR	329	.	62108936	0.329	0.390	24	105184	62056034	62073160	62144192	62161306	74518397	61934633	62184633	0	2900	17114	71032	spaced
SUPER_3	12737034	12790902	IR	329	.	12764357	0.329	0.276	23	53839	12737034	12737063	12790873	12790940	74518397	12575825	12825825	0	3135	29	53810	spaced
SUPER_3	11558731	11565943	IR	329	.	11562038	0.329	0.725	22	7193	11558731	11559026	11565712	11565943	74518397	11356570	11606570	0	3429	231	6686	spaced
SUPER_3	13423817	13489224	IR	329	.	13456635	0.329	0.698	20	177108	13423817	13424072	13489037	13489224	74518397	13325825	13575825	39	2178	187	64965	spaced
SUPER_3	30786286	30791132	IR	328	.	30788421	0.328	0.998	119	4819	30786286	30786943	30790475	30791132	74518397	30786277	31036277	0	40	657	3532	spaced
SUPER_3	5395861	5435001	IR	328	.	5415129	0.328	0.985	100	39118	5395861	5396571	5434291	5435003	74518397	5281075	5531075	0	2239	710	37720	spaced
SUPER_3	60054711	60069794	IR	328	.	60061959	0.328	0.835	57	14894	60054711	60056112	60068393	60069814	74518397	59856678	60106678	0	3426	1401	12281	spaced
SUPER_3	72156058	72195586	IR	328	.	72175744	0.328	0.905	27	39528	72156058	72156420	72195230	72195586	74518397	72020316	72270316	27	2591	356	38810	spaced
SUPER_3	35624979	35644977	IR	328	.	35635310	0.328	0.909	21	19949	35624979	35625553	35644403	35644977	74518397	35512292	35762292	0	2044	574	18850	spaced
SUPER_3	29637479	29708052	IR	327	.	29672640	0.327	0.987	274	70848	29637479	29639007	29706524	29708052	74518397	29631374	29768003	274	689	1528	67517	spaced
SUPER_3	7939091	7943418	IR	327	.	7941428	0.327	0.986	60	4375	7939091	7939459	7943050	7943418	74518397	7697357	7947357	60	4064	368	3591	spaced
SUPER_3	43168383	43171898	IR	327	.	43170460	0.327	0.987	57	3494	43168383	43168770	43171511	43171898	74518397	42946635	43196635	0	3724	387	2741	spaced
SUPER_3	73243229	73305332	IR	327	.	73274143	0.327	0.511	35	62120	73243229	73245603	73303009	73305332	74518397	73226262	73476262	82	800	2323	57406	spaced
SUPER_3	61316761	61367750	IR	327	.	61342313	0.327	0.409	24	74146	61316761	61339264	61345247	61367833	74518397	61134633	61384633	34	3460	22503	5983	spaced
SUPER_3	73633408	73634005	IR	327	.	73633762	0.327	0.968	22	21244	73633408	73633625	73633788	73634005	74518397	73426262	73676262	22	3457	217	163	immediate
SUPER_3	34972203	35034825	IR	327	.	35003870	0.327	0.787	21	62677	34972203	34973423	35033605	35034898	74518397	34924240	35174240	0	1321	1220	60182	spaced
SUPER_3	58549859	58553188	IR	327	.	58551479	0.327	0.950	21	3337	58549859	58550040	58553007	58553188	74518397	58315258	58565258	21	3937	181	2967	spaced
SUPER_3	25652286	25673385	IR	326	.	25662880	0.326	1.000	280	21362	25652286	25653481	25672190	25673385	74518397	25593102	25811999	280	1162	1195	18709	spaced
SUPER_3	15132837	15140611	IR	326	.	15136698	0.326	1.000	264	8139	15132837	15133954	15139494	15140611	74518397	15129723	15379723	264	116	1117	5540	spaced
SUPER_3	22534769	22552718	IR	326	.	22543889	0.326	0.957	237	18226	22534769	22536455	22551033	22552718	74518397	22326489	22576489	237	3620	1685	14578	spaced
SUPER_3	57933343	57936778	IR	326	.	57934592	0.326	0.998	111	3413	57933343	57933990	57936131	57936778	74518397	57715258	57965258	0	3663	647	2141	spaced
SUPER_3	8574059	8586449	IR	326	.	8580284	0.326	0.998	109	12521	8574059	8574567	8585941	8586449	74518397	8347357	8597357	109	3881	508	11374	spaced
SUPER_3	46589649	46593727	IR	326	.	46591778	0.326	0.961	101	4170	46589649	46590299	46593077	46593731	74518397	46355591	46605591	101	3934	650	2778	spaced
SUPER_3	4310689	4330150	IR	326	.	4320157	0.326	0.718	80	19438	4310689	4312177	4328738	4330150	74518397	4111300	4361300	0	3485	1412	16561	spaced
SUPER_3	66463113	66554499	IR	326	.	66509098	0.326	0.975	76	91368	66463113	66463763	66553856	66554499	74518397	66350389	66568389	0	2640	643	90093	spaced
SUPER_3	36767399	36968403	IR	326	.	36868265	0.326	0.960	58	200986	36767399	36768005	36967797	36968403	74518397	36762292	37012292	0	1760	606	199792	wide
SUPER_3	6739874	6783697	IR	326	.	6761620	0.326	0.875	47	44341	6739874	6741128	6782443	6783707	74518397	6555781	6797157	47	3433	1254	41315	spaced
SUPER_3	66829867	66892812	IR	326	.	66860897	0.326	0.983	44	62924	66829867	66830213	66892466	66892812	74518397	66821099	67071099	0	670	346	62253	spaced
SUPER_3	57536664	57610724	IR	326	.	57573724	0.326	0.392	34	75543	57536664	57573582	57573867	57610724	74518397	57465258	57715258	40	1807	36857	285	immediate
SUPER_3	25029388	25033080	IR	326	.	25030873	0.326	0.694	24	3645	25029388	25030486	25031984	25033080	74518397	24965324	25215324	0	1098	1096	1498	immediate
SUPER_3	16837012	16932606	IR	326	.	16885221	0.326	0.404	23	95521	16837012	16848152	16921466	16932617	74518397	16683227	16933227	0	3359	11140	73314	spaced
SUPER_3	21138027	21161576	IR	326	.	21150193	0.326	0.445	20	23496	21138027	21142202	21157401	21161642	74518397	20976489	21226489	0	2888	4175	15199	spaced
SUPER_3	24249462	24427413	IR	325	.	24338096	0.325	0.764	224	177928	24249462	24256063	24420854	24427413	74518397	24187974	24437974	0	2507	6559	164791	wide
SUPER_3	60112623	60132288	IR	325	.	60122436	0.325	0.989	137	116924	60112623	60113326	60131585	60132288	74518397	60006678	60256678	137	1929	703	18259	spaced
SUPER_3	7359076	7394360	IR	325	.	7376497	0.325	0.585	117	35316	7359076	7364519	7388971	7394360	74518397	7197357	7447357	48	2989	5389	24452	spaced
SUPER_3	9154972	9237057	IR	325	.	9195832	0.325	0.952	106	82241	9154972	9155699	9236333	9237057	74518397	9043086	9293086	106	2548	724	80634	spaced
SUPER_3	43839570	43865751	IR	325	.	43852184	0.325	0.898	96	26131	43839570	43841055	43864279	43865751	74518397	43646635	43896635	0	3433	1472	23224	spaced
SUPER_3	22941425	23156474	IR	325	.	23048575	0.325	0.944	83	215017	22941425	22942784	23155117	23156474	74518397	22926489	23176489	0	2040	1357	212333	wide
SUPER_3	30458270	30483552	IR	325	.	30470608	0.325	0.886	70	25286	30458270	30459343	30482479	30483613	74518397	30397318	30647318	0	1226	1073	23136	spaced
SUPER_3	20669714	20725723	IR	325	.	20697933	0.325	0.878	39	58406	20669714	20669961	20725476	20725730	74518397	20526489	20776489	25	2853	247	55515	spaced
SUPER_3	11295642	11336957	IR	325	.	11316188	0.325	0.780	25	41538	11295642	11296129	11336534	11336957	74518397	11106570	11356570	35	3495	423	40405	spaced
SUPER_3	6562236	6603542	IR	324	.	6582752	0.324	0.977	365	42154	6562236	6564790	6600988	6603542	74518397	6455781	6705781	365	2118	2554	36198	spaced
SUPER_3	32263914	32272182	IR	324	.	32267577	0.324	0.945	138	8258	32263914	32265520	32270576	32272197	74518397	32065077	32315077	0	3382	1606	5056	spaced
SUPER_3	55183171	55241614	IR	324	.	55212093	0.324	0.906	127	58331	55183171	55184339	55240458	55241614	74518397	55090842	55340842	0	2025	1156	56119	spaced
SUPER_3	25403619	25412920	IR	324	.	25408059	0.324	1.000	118	9403	25403619	25404153	25412386	25412920	74518397	25165324	25415324	118	4048	534	8233	spaced
SUPER_3	8755885	8763693	IR	324	.	8759951	0.324	0.914	83	8057	8755885	8757000	8762578	8763722	74518397	8547357	8797357	83	3540	1115	5578	spaced
SUPER_3	52951794	52974122	IR	324	.	52962468	0.324	0.591	60	22303	52951794	52955994	52969928	52974122	74518397	52727704	52977704	0	3920	4194	13934	spaced
SUPER_3	8648026	8666703	IR	324	.	8656974	0.324	1.000	51	18660	8648026	8648314	8666415	8666703	74518397	8447357	8697357	0	3499	288	18101	spaced
SUPER_3	44119342	44226548	IR	324	.	44173398	0.324	0.387	32	107188	44119342	44172022	44173905	44226548	74518397	43996635	44246635	0	2938	52643	1883	immediate
SUPER_3	72110549	72128546	IR	324	.	72119259	0.324	0.857	28	17980	72110549	72110956	72128177	72128546	74518397	71920316	72170316	0	3320	369	17221	spaced
SUPER_3	63981327	64117333	IR	324	.	64049794	0.324	0.401	24	135827	63981327	64011715	64086945	64117392	74518397	63932728	64182728	0	1943	30388	75230	spaced
SUPER_3	60181535	60332277	IR	324	.	60256492	0.324	0.396	21	147524	60181535	60245434	60268378	60332284	74518397	60156678	60363678	0	1670	63899	22944	spaced
SUPER_3	66647864	66669477	IR	324	.	66658189	0.324	0.915	21	21528	66647864	66648312	66669035	66669477	74518397	66597466	66820899	0	1019	442	20723	spaced
SUPER_3	27468025	27558549	IR	323	.	27513600	0.323	0.975	105	90516	27468025	27468779	27557795	27558559	74518397	27312199	27562199	0	3351	754	89016	spaced
SUPER_3	31080315	31085691	IR	323	.	31082777	0.323	0.993	87	5443	31080315	31080760	31085246	31085691	74518397	30836277	31086277	87	4111	445	4486	spaced
SUPER_3	57199634	57215878	IR	323	.	57207590	0.323	0.973	61	61639	57199634	57200001	57215511	57215884	74518397	57065258	57315258	61	2374	367	15510	spaced
SUPER_3	34913784	34920226	IR	323	.	34917173	0.323	1.000	55	6491	34913784	34914046	34919964	34920226	74518397	34824240	35074240	55	1545	262	5918	spaced
SUPER_3	21461392	21490637	IR	323	.	21475530	0.323	0.991	33	29228	21461392	21461610	21490419	21490638	74518397	21426489	21676489	0	825	218	28809	spaced
SUPER_3	66973159	67191546	IR	323	.	67082767	0.323	0.425	32	218366	66973159	67004848	67159913	67191546	74518397	66971099	67221099	0	1854	31633	155065	wide
SUPER_3	60594536	60620517	IR	323	.	60608013	0.323	0.872	22	25854	60594536	60594843	60620210	60620520	74518397	60584633	60834633	0	381	307	25367	spaced
SUPER_3	2395347	2432619	IR	323	.	2414410	0.323	0.793	20	37253	2395347	2397247	2430741	2432619	74518397	2288898	2538898	0	2084	1878	33494	spaced
SUPER_3	37740910	37755326	IR	323	.	37747719	0.323	0.929	20	14312	37740910	37741375	37754861	37755326	74518397	37562292	37812292	0	3096	465	13486	spaced
SUPER_3	14967592	15031142	IR	322	.	14999314	0.322	0.964	105	63879	14967592	14968454	15030283	15031142	74518397	14825825	15075825	105	2892	859	61829	spaced
SUPER_3	24118700	24122029	IR	322	.	24119896	0.322	0.991	70	3303	24118700	24119167	24121562	24122031	74518397	23888421	24138421	0	3865	467	2395	spaced
SUPER_3	49307651	49349830	IR	322	.	49328375	0.322	0.969	55	42159	49307651	49308163	49349318	49349831	74518397	49133087	49383087	0	3260	512	41155	spaced
SUPER_3	38787713	38792551	IR	322	.	38789787	0.322	0.982	41	4822	38787713	38788052	38792212	38792552	74518397	38707976	38957976	0	1369	339	4160	spaced
SUPER_3	47293697	47389178	IR	322	.	47341737	0.322	0.783	31	95455	47293697	47294208	47388711	47389178	74518397	47155591	47405591	0	3097	467	94503	spaced
SUPER_3	44499935	44577505	IR	322	.	44538623	0.322	0.918	28	99043	44499935	44499984	44577460	44577505	74518397	44455591	44705591	238	1385	45	77476	spaced
SUPER_3	13961009	14040777	IR	322	.	14000481	0.322	0.391	26	79751	13961009	14000905	14000897	14040777	74518397	13825825	14075825	0	2917	39880	-8	overlap
SUPER_3	8737472	8755469	IR	322	.	8746356	0.322	0.968	25	17999	8737472	8737688	8755253	8755471	74518397	8597357	8815072	25	2485	216	17565	spaced
SUPER_3	38332882	38395612	IR	322	.	38364447	0.322	0.863	23	62747	38332882	38333193	38395307	38395612	74518397	38212292	38462292	44	2532	305	62114	spaced
SUPER_3	22733015	22819360	IR	322	.	22776274	0.322	0.381	20	86685	22733015	22775806	22776569	22819395	74518397	22576489	22826489	24	3328	42791	763	immediate
SUPER_3	7142426	7160201	IR	321	.	7151218	0.321	0.994	190	17971	7142426	7143416	7159211	7160201	74518397	6947357	7197357	190	3399	990	15795	spaced
SUPER_3	6999681	7004187	IR	321	.	7002406	0.321	0.954	157	4484	6999681	7000800	7003100	7004187	74518397	6847357	7097357	0	2576	1087	2300	spaced
SUPER_3	54968463	54982923	IR	321	.	54975265	0.321	0.870	111	14434	54968463	54970788	54980667	54982923	74518397	54740842	54990842	0	3914	2256	9879	spaced
SUPER_3	49867341	49871110	IR	321	.	49869346	0.321	0.983	96	3856	49867341	49867816	49870635	49871115	74518397	49633087	49883087	97	3935	475	2819	spaced
SUPER_3	23593278	23595471	IR	321	.	23594374	0.321	1.000	74	2240	23593278	23593571	23595178	23595471	74518397	23388421	23638421	74	3432	293	1607	immediate
SUPER_3	71100616	71105028	IR	321	.	71103103	0.321	0.916	57	4401	71100616	71101318	71104326	71105038	74518397	70920316	71170316	0	3041	702	3008	spaced
SUPER_3	71535721	71704136	IR	321	.	71619619	0.321	0.966	38	168400	71535721	71535977	71703880	71704142	74518397	71470316	71720316	0	2493	256	167903	wide
SUPER_3	57257594	57260703	IR	321	.	57259348	0.321	0.983	37	3798	57257594	57257823	57260475	57260703	74518397	57015258	57265258	37	4064	228	2652	spaced
SUPER_3	62434036	62485734	IR	321	.	62459913	0.321	0.848	32	51780	62434036	62434818	62484952	62485735	74518397	62335833	62585833	32	2067	782	50134	spaced
SUPER_3	41965540	42063679	IR	321	.	42014947	0.321	0.397	24	98121	41965540	41989034	42040263	42063679	74518397	41819181	42069181	0	3257	23416	51229	spaced
SUPER_3	57749	61324	IR	321	.	59095	0.321	0.914	21	3565	57749	57981	61092	61336	74518397	0	151425	0	992	232	3111	spaced
SUPER_3	71023144	71041290	IR	320	.	71032204	0.320	0.992	188	18324	71023144	71024023	71040411	71041290	74518397	70920316	71170316	192	1864	879	16388	spaced
SUPER_3	27639031	27643033	IR	320	.	27640777	0.320	1.000	171	3983	27639031	27639905	27642159	27643033	74518397	27412199	27662199	0	3813	874	2254	spaced
SUPER_3	12041352	12045299	IR	320	.	12043217	0.320	0.999	164	4263	12041352	12042081	12044570	12045299	74518397	11856570	12106570	174	3112	729	2489	spaced
SUPER_3	16687991	16697444	IR	320	.	16692979	0.320	0.959	96	9434	16687991	16688686	16696749	16697445	74518397	16583227	16833227	0	1824	695	8063	spaced
SUPER_3	40231818	40261584	IR	320	.	40246562	0.320	0.764	46	30082	40231818	40232652	40260750	40261715	74518397	40168422	40418422	46	1304	834	28098	spaced
SUPER_3	8103847	8119389	IR	320	.	8111355	0.320	0.776	35	15520	8103847	8104265	8119046	8119389	74518397	7997357	8247357	0	1904	343	14781	spaced
SUPER_3	32348195	32350394	IR	320	.	32349310	0.320	0.993	30	2190	32348195	32348335	32350254	32350394	74518397	32315077	32556360	30	570	140	1919	immediate
SUPER_3	73503171	73567373	IR	320	.	73535070	0.320	0.939	25	64374	73503171	73503480	73567064	73567378	74518397	73326262	73576262	25	3483	309	63584	spaced
SUPER_3	5029932	5064403	IR	320	.	5047522	0.320	0.734	21	34422	5029932	5030267	5064068	5064471	74518397	4831075	5081075	0	3601	335	33801	spaced
SUPER_3	4521423	4540659	IR	319	.	4530576	0.319	0.947	308	19216	4521423	4523359	4538768	4540659	74518397	4311300	4561300	0	3662	1891	15409	spaced
SUPER_3	4604786	4623819	IR	319	.	4614060	0.319	0.997	265	19335	4604786	4605948	4622658	4623819	74518397	4411300	4661300	272	3383	1161	16710	spaced
SUPER_3	67903216	67906017	IR	319	.	67904530	0.319	0.996	111	2933	67903216	67903709	67905524	67906017	74518397	67688370	67938370	111	3603	493	1815	immediate
SUPER_3	59561635	59568165	IR	319	.	59565115	0.319	1.000	81	6598	59561635	59562010	59567790	59568165	74518397	59335713	59585713	80	3819	375	5780	spaced
SUPER_3	35855529	35860334	IR	319	.	35857566	0.319	1.000	65	4779	35855529	35855882	35859981	35860334	74518397	35612292	35862292	0	4093	353	4099	spaced
SUPER_3	42177664	42187710	IR	319	.	42182352	0.319	0.880	59	9921	42177664	42179085	42186290	42187710	74518397	41969181	42219181	0	3558	1420	7205	spaced
SUPER_3	813955	817635	IR	319	.	815967	0.319	0.852	57	3942	813955	814307	817319	817635	74518397	612802	862802	84	3383	316	3012	spaced
SUPER_3	33457361	33613427	IR	319	.	33535869	0.319	0.989	44	156012	33457361	33457718	33613070	33613427	74518397	33392357	33642357	0	2383	357	155352	wide
SUPER_3	37772437	37819660	IR	319	.	37796537	0.319	0.996	40	47201	37772437	37772714	37819383	37819660	74518397	37612292	37862292	0	3062	277	46669	spaced
SUPER_3	18211890	18355943	IR	319	.	18283801	0.319	0.878	36	144087	18211890	18212315	18355545	18355943	74518397	18151245	18401245	37	2211	398	143230	wide
SUPER_3	34849525	34872576	IR	319	.	34861132	0.319	0.876	34	23210	34849525	34850098	34872026	34872576	74518397	34824240	35074240	34	613	550	21928	spaced
SUPER_3	70454521	70529469	IR	319	.	70492161	0.319	0.395	23	75015	70454521	70481771	70502219	70529476	74518397	70407707	70657707	24	1404	27250	20448	spaced
SUPER_3	62488219	62515136	IR	319	.	62502064	0.319	0.918	20	26784	62488219	62488497	62514858	62515136	74518397	62435833	62685833	0	1097	278	26361	spaced
SUPER_3	21337760	21380471	IR	318	.	21358777	0.318	0.938	1751	42692	21337760	21353764	21364520	21380471	74518397	21226489	21476489	0	2210	15951	10756	spaced
SUPER_3	5574585	5593691	IR	318	.	5583692	0.318	0.930	182	19083	5574585	5576085	5592242	5593691	74518397	5381075	5626653	0	3384	1449	16157	spaced
SUPER_3	32508461	32519403	IR	318	.	32513754	0.318	0.967	91	78566	32508461	32509090	32518774	32519404	74518397	32315077	32556360	91	3314	629	9684	spaced
SUPER_3	18372893	18379609	IR	318	.	18376614	0.318	0.941	86	6695	18372893	18374065	18378437	18379609	74518397	18151245	18401245	0	3749	1172	4372	spaced
SUPER_3	24153057	24186578	IR	318	.	24169810	0.318	0.891	70	34480	24153057	24153637	24186017	24186578	74518397	23938421	24187774	70	3856	561	32380	spaced
SUPER_3	46113949	46116241	IR	318	.	46115179	0.318	0.974	61	2447	46113949	46114255	46115942	46116241	74518397	45905591	46155591	61	3491	299	1687	immediate
SUPER_3	58399296	58405905	IR	318	.	58402281	0.318	0.818	60	6580	58399296	58400324	58404942	58405905	74518397	58215258	58465258	0	3122	963	4618	spaced
SUPER_3	18500131	18671151	IR	318	.	18585870	0.318	0.419	57	147296	18500131	18524874	18646408	18671167	74518397	18451245	18701245	4	2239	24743	121534	wide
SUPER_3	23690255	23792331	IR	318	.	23741345	0.318	0.921	46	102096	23690255	23690535	23792051	23792336	74518397	23588421	23838421	46	2547	280	101516	wide
SUPER_3	40933515	41052867	IR	318	.	40993402	0.318	0.924	38	119414	40933515	40933734	41052648	41052873	74518397	40824131	41068981	20	2817	219	118914	wide
SUPER_3	4296739	4302175	IR	318	.	4299368	0.318	0.987	25	5432	4296739	4296898	4302016	4302175	74518397	4061300	4311300	25	3969	159	5118	spaced
SUPER_3	33918448	34017814	IR	318	.	33967696	0.318	0.932	24	99291	33918448	33918815	34017447	34017814	74518397	33792357	34042357	0	2929	367	98632	spaced
SUPER_3	65208955	65258558	IR	318	.	65233420	0.318	0.423	21	49565	65208955	65214793	65252720	65258606	74518397	65032728	65282728	0	3350	5838	37927	spaced
SUPER_3	2142264	2216315	IR	317	.	2179790	0.317	0.412	252	46914	2142264	2171226	2187358	2216315	74518397	1988898	2238898	0	3173	28957	16132	spaced
SUPER_3	21648559	21871873	IR	317	.	21760309	0.317	0.943	60	223349	21648559	21648925	21871519	21871873	74518397	21626489	21876489	60	2228	354	222594	wide
SUPER_3	46855085	46969568	IR	317	.	46912323	0.317	0.754	31	114440	46855085	46855128	46969525	46969582	74518397	46755591	47005591	326	2612	43	114397	wide
SUPER_3	20169699	20172338	IR	317	.	20170991	0.317	0.977	25	2658	20169699	20169870	20172167	20172338	74518397	20076489	20326489	25	1575	171	2297	spaced
SUPER_3	61132919	61137886	IR	317	.	61135871	0.317	0.682	23	4946	61132919	61133350	61137532	61137886	74518397	60934633	61184633	0	3346	354	4182	spaced
SUPER_3	18774728	18997353	IR	317	.	18886037	0.317	0.393	20	222830	18774728	18868207	18903874	18997410	74518397	18751245	19001245	24	2246	93479	35667	spaced
SUPER_3	47493274	47650788	IR	317	.	47571679	0.317	0.780	20	157494	47493274	47494035	47650062	47650788	74518397	47453492	47703492	0	1975	726	156027	wide
SUPER_3	8624158	8628472	IR	316	.	8626714	0.316	0.999	156	4289	8624158	8625030	8627600	8628472	74518397	8397357	8647357	0	3815	872	2570	spaced
SUPER_3	12558794	12565780	IR	316	.	12561932	0.316	0.992	139	6961	12558794	12559679	12564898	12565780	74518397	12325825	12575825	0	3940	882	5219	spaced
SUPER_3	26696882	26710899	IR	316	.	26704113	0.316	0.993	133	14210	26696882	26697560	26710221	26710899	74518397	26462199	26712199	133	4028	678	12661	spaced
SUPER_3	57140123	57143181	IR	316	.	57141756	0.316	0.997	80	24139	57140123	57140487	57142817	57143181	74518397	56915258	57165258	83	3773	364	2330	spaced
SUPER_3	3046356	3071282	IR	316	.	3058865	0.316	0.993	57	24960	3046356	3046630	3071008	3071282	74518397	2856722	3106722	59	3368	274	24378	spaced
SUPER_3	30862833	30867106	IR	316	.	30864662	0.316	0.953	42	4220	30862833	30863388	30866551	30867107	74518397	30786277	31036277	0	1311	555	3163	spaced
SUPER_3	7514942	7517943	IR	316	.	7516664	0.316	0.971	41	3010	7514942	7515254	7517631	7517943	74518397	7397357	7647357	41	1984	312	2377	spaced
SUPER_3	74402867	74409074	IR	316	.	74406229	0.316	0.962	37	6187	74402867	74403310	74408631	74409074	74518397	74166925	74416925	0	3983	443	5321	spaced
SUPER_3	33345861	33349040	IR	316	.	33347104	0.316	0.987	26	3154	33345861	33346087	33348814	33349040	74518397	33142357	33392357	0	3418	226	2727	spaced
SUPER_3	54900382	54909046	IR	316	.	54904585	0.316	0.915	23	8674	54900382	54900609	54908819	54909054	74518397	54690842	54940842	23	3564	227	8210	spaced
SUPER_3	24910832	25009811	IR	316	.	24959898	0.316	0.953	20	98953	24910832	24911004	25009643	25009811	74518397	24865324	25115324	0	1583	168	98639	spaced
SUPER_3	6847181	6982486	IR	315	.	6914796	0.315	0.847	36	231720	6847181	6847433	6982262	6982486	74518397	6797357	7047357	36	1957	224	134829	wide
SUPER_3	4162137	4165765	IR	315	.	4163475	0.315	0.984	31	3600	4162137	4162388	4165514	4165765	74518397	4011300	4261300	0	2544	251	3126	spaced
SUPER_3	16463862	16499222	IR	315	.	16481938	0.315	0.405	26	35340	16463862	16479165	16483919	16499257	74518397	16295510	16545510	0	3100	15303	4754	spaced
SUPER_3	50726910	50791333	IR	315	.	50759147	0.315	0.756	20	88328	50726910	50727215	50791058	50791333	74518397	50566810	50816810	32	3205	275	63843	spaced
SUPER_3	60144259	60152644	IR	314	.	60148401	0.314	0.904	407	9151	60144259	60147037	60149866	60152678	74518397	59906678	60156678	407	4029	2778	2829	spaced
SUPER_3	68311822	68315885	IR	314	.	68314342	0.314	0.951	76	4017	68311822	68312501	68315221	68315885	74518397	68311783	68561783	0	34	664	2720	spaced
SUPER_3	27327892	27328509	IR	314	.	27328201	0.314	1.000	50	58830	27327892	27328109	27328292	27328509	74518397	27112199	27362199	50	3599	217	183	immediate
SUPER_3	58413470	58509297	IR	314	.	58461500	0.314	0.990	50	95859	58413470	58413777	58508990	58509297	74518397	58265258	58515258	50	3268	307	95213	spaced
SUPER_3	894843	898071	IR	314	.	895965	0.314	0.993	47	3210	894843	895148	897766	898071	74518397	662802	912802	0	3894	305	2618	spaced
SUPER_3	8197772	8203300	IR	314	.	8200509	0.314	0.971	36	5637	8197772	8198077	8202995	8203300	74518397	7997357	8247357	36	3386	305	4918	spaced
SUPER_3	27673526	27676476	IR	314	.	27675498	0.314	0.913	31	2923	27673526	27673814	27676204	27676476	74518397	27662199	27912199	0	213	272	2390	spaced
SUPER_3	70119948	70212631	IR	314	.	70166657	0.314	0.433	27	83146	70119948	70130039	70202547	70212631	74518397	70107707	70357707	0	976	10084	72508	spaced
SUPER_3	46667951	46683981	IR	314	.	46675884	0.314	0.617	21	16046	46667951	46668426	46683563	46683981	74518397	46555591	46805591	32	2006	418	15137	spaced
SUPER_3	54522340	54548809	IR	313	.	54535833	0.313	0.970	660	26451	54522340	54528488	54542661	54548809	74518397	54340842	54590842	0	3245	6148	14173	spaced
SUPER_3	31905299	31958371	IR	313	.	31931367	0.313	0.991	200	53053	31905299	31906594	31957076	31958373	74518397	31715077	31965077	0	3612	1295	50482	spaced
SUPER_3	10538864	10545515	IR	313	.	10542248	0.313	0.860	120	6834	10538864	10539546	10544923	10545515	74518397	10406570	10656570	120	2260	592	5377	spaced
SUPER_3	16015178	16242373	IR	313	.	16128381	0.313	0.946	68	227177	16015178	16015912	16241642	16242373	74518397	15995510	16245510	0	2220	731	225730	wide
SUPER_3	70988485	71011552	IR	312	.	71000132	0.312	0.996	510	23563	70988485	70990920	71009117	71011552	74518397	70770316	71020316	510	3828	2435	18197	spaced
SUPER_3	2012546	2034193	IR	312	.	2023479	0.312	0.999	412	22159	2012546	2014430	2032310	2034193	74518397	1788898	2038898	412	3907	1883	17880	spaced
SUPER_3	69809046	69831728	IR	312	.	69820275	0.312	0.971	390	23242	69809046	69811419	69829355	69831728	74518397	69678473	69928473	390	2365	2373	17936	spaced
SUPER_3	1836407	1844176	IR	312	.	1840007	0.312	0.996	212	7747	1836407	1837692	1842891	1844176	74518397	1638898	1888898	0	3356	1285	5199	spaced
SUPER_3	65903196	65924124	IR	312	.	65913238	0.312	0.978	178	20902	65903196	65904496	65922824	65924124	74518397	65900389	66150389	0	221	1300	18328	spaced
SUPER_3	73187524	73190960	IR	312	.	73189691	0.312	0.991	105	3417	73187524	73188163	73190321	73190960	74518397	73126262	73376262	0	1049	639	2158	spaced
SUPER_3	1979147	1981135	IR	312	.	1980143	0.312	0.951	51	2049	1979147	1979535	1980752	1981135	74518397	1738898	1988898	51	4020	383	1217	immediate
SUPER_3	32415750	32498349	IR	312	.	32457416	0.312	0.928	45	82582	32415750	32416721	32497378	32498354	74518397	32315077	32556360	0	2366	971	80657	spaced
SUPER_3	56097473	56111375	IR	312	.	56104191	0.312	0.978	43	13930	56097473	56097741	56111107	56111375	74518397	55895326	56142326	43	3484	268	13366	spaced
SUPER_3	9870660	9891358	IR	312	.	9881185	0.312	0.973	30	20712	9870660	9870915	9891103	9891360	74518397	9826906	10006370	30	901	255	20188	spaced
SUPER_3	30945253	30952878	IR	312	.	30949507	0.312	0.926	29	7553	30945253	30945681	30952451	30952878	74518397	30786277	31036277	0	2713	427	6770	spaced
SUPER_3	20583193	20623720	IR	312	.	20603260	0.312	0.393	22	40571	20583193	20603349	20603564	20623770	74518397	20426489	20676489	22	2949	20156	215	immediate
SUPER_3	46821325	46855128	IR	312	.	46838153	0.312	0.956	22	51132	46821325	46821370	46855085	46855128	74518397	46705591	46955591	182	2210	43	33715	spaced
SUPER_3	4732661	4755408	IR	311	.	4744156	0.311	0.953	391	59086	4732661	4735065	4753021	4755408	74518397	4681075	4931075	391	1049	2387	17956	spaced
SUPER_3	31303762	31326580	IR	311	.	31315586	0.311	0.996	79	22799	31303762	31304226	31326116	31326580	74518397	31086277	31336277	0	3814	464	21890	spaced
SUPER_3	754345	758312	IR	311	.	756255	0.311	0.789	37	3973	754345	754818	757902	758312	74518397	562802	812802	74	3225	410	3084	spaced
SUPER_3	51117418	51278521	IR	311	.	51198388	0.311	0.395	26	120444	51117418	51174790	51221149	51278557	74518397	51108919	51358919	0	1484	57372	46359	spaced
SUPER_3	53866002	53889647	IR	311	.	53878294	0.311	0.411	25	23662	53866002	53876919	53878730	53889688	74518397	53667192	53895546	0	3510	10917	1811	immediate
SUPER_3	18070606	18075431	IR	311	.	18072914	0.311	1.000	24	69118	18070606	18070717	18075320	18075431	74518397	17933227	18151045	25	2329	111	4603	spaced
SUPER_3	63366214	63553348	IR	311	.	63459936	0.311	0.397	22	187390	63366214	63386267	63533295	63553405	74518397	63332728	63582728	35	2117	20053	147028	wide
SUPER_3	1067092	1078411	IR	310	.	1072749	0.310	0.907	276	13114	1067092	1071599	1073923	1078411	74518397	1038898	1288898	276	564	4488	2324	spaced
SUPER_3	12445921	12450291	IR	310	.	12448443	0.310	1.000	68	4344	12445921	12446291	12449921	12450291	74518397	12425825	12675825	0	371	370	3630	spaced
SUPER_3	2268599	2325525	IR	310	.	2297258	0.310	0.914	46	57063	2268599	2269157	2324967	2325540	74518397	2088898	2338898	46	3469	558	55810	spaced
SUPER_3	21252731	21256875	IR	309	.	21254352	0.309	0.980	37	4123	21252731	21253031	21256575	21256876	74518397	21026489	21276489	0	3805	300	3544	spaced
SUPER_3	58998995	59019958	IR	309	.	59009465	0.309	0.849	31	20995	58998995	58999198	59019755	59019993	74518397	58971763	59221763	31	628	203	20557	spaced
SUPER_3	28813196	28829795	IR	309	.	28821496	0.309	0.923	28	16652	28813196	28813429	28829574	28829795	74518397	28612199	28862199	28	3488	221	16145	spaced
SUPER_3	53777939	53835947	IR	309	.	53807252	0.309	0.398	22	58046	53777939	53795356	53818530	53836002	74518397	53617192	53867192	0	3162	17417	23174	spaced
SUPER_3	47204619	47212120	IR	308	.	47208148	0.308	0.891	56	8411	47204619	47205565	47211191	47212120	74518397	47055591	47305591	55	2546	929	5626	spaced
SUPER_3	10721109	10727041	IR	308	.	10723855	0.308	0.810	51	5957	10721109	10721602	10726548	10727049	74518397	10606570	10856570	34	1958	493	4946	spaced
SUPER_3	65279310	65283179	IR	308	.	65281709	0.308	0.939	31	3847	65279310	65279554	65282947	65283179	74518397	65232728	65482728	0	808	232	3393	spaced
SUPER_3	36575652	36756999	IR	308	.	36666274	0.308	0.852	27	181407	36575652	36576162	36756489	36757000	74518397	36512292	36762292	27	2567	510	180327	wide
SUPER_3	19412537	19493905	IR	307	.	19452966	0.307	0.992	587	81366	19412537	19415946	19490496	19493923	74518397	19248413	19498413	0	3413	3409	74550	spaced
SUPER_3	35383630	35386609	IR	307	.	35384712	0.307	0.980	89	2960	35383630	35384331	35385908	35386609	74518397	35174240	35424240	0	3514	701	1577	immediate
SUPER_3	31367940	31474103	IR	307	.	31421513	0.307	0.980	43	106144	31367940	31368236	31473807	31474104	74518397	31236277	31486277	0	3078	296	105571	wide
SUPER_3	2058448	2086811	IR	307	.	2072246	0.307	0.942	40	28344	2058448	2059170	2086089	2086811	74518397	1838898	2088898	0	3895	722	26919	spaced
SUPER_3	5949114	5968280	IR	306	.	5958345	0.306	0.971	81	19146	5949114	5949883	5967514	5968280	74518397	5819047	6069047	0	2327	766	17631	spaced
SUPER_3	74426197	74436186	IR	306	.	74430683	0.306	0.938	66	9834	74426197	74427541	74434842	74436188	74518397	74266925	74516925	0	2737	1344	7301	spaced
SUPER_3	24498315	24502059	IR	306	.	24500555	0.306	0.932	26	3719	24498315	24498492	24501893	24502059	74518397	24337974	24587974	0	2703	166	3401	spaced
SUPER_3	58175720	58194959	IR	305	.	58185079	0.305	0.981	46	19217	58175720	58176030	58194651	58194959	74518397	57965258	58215258	0	3667	308	18621	spaced
SUPER_3	69965659	70100682	IR	305	.	70033335	0.305	0.388	26	135069	69965659	70009911	70056448	70100682	74518397	69878473	70107507	29	2578	44234	46537	spaced
SUPER_3	48001715	48004681	IR	304	.	48002860	0.304	0.996	142	2941	48001715	48002549	48003850	48004681	74518397	47803492	48053492	0	3328	831	1301	immediate
SUPER_3	65318309	65390260	IR	304	.	65353960	0.304	0.904	115	71929	65318309	65320710	65387859	65390260	74518397	65182728	65432728	0	2859	2401	67149	spaced
SUPER_3	31964718	32068353	IR	304	.	32016778	0.304	0.944	53	103609	31964718	31965328	32067753	32068353	74518397	31865077	32115077	0	2524	600	102425	wide
SUPER_3	40294449	40297461	IR	304	.	40295652	0.304	0.799	40	3060	40294449	40294762	40297148	40297527	74518397	40168422	40418422	0	2125	313	2386	spaced
SUPER_3	69832880	69940300	IR	304	.	69886789	0.304	0.775	23	107575	69832880	69833497	69939774	69940300	74518397	69728473	69978473	51	2635	526	106277	wide
SUPER_3	29816202	29839953	IR	303	.	29828515	0.303	0.981	130	23732	29816202	29816990	29839180	29839953	74518397	29768203	30018203	0	997	773	22190	spaced
SUPER_3	21264274	21267932	IR	303	.	21266444	0.303	0.588	83	3641	21264274	21265954	21266279	21267932	74518397	21026489	21276489	0	3993	1653	325	immediate
SUPER_3	49871042	49880191	IR	303	.	49875916	0.303	0.970	42	9126	49871042	49871312	49879928	49880191	74518397	49633087	49883087	0	4042	263	8616	spaced
SUPER_3	4081077	4151224	IR	303	.	4116144	0.303	0.952	29	70181	4081077	4081325	4150976	4151225	74518397	4011300	4261300	29	1747	248	69651	spaced
SUPER_3	59802513	59819445	IR	303	.	59811347	0.303	0.842	29	16914	59802513	59802824	59819175	59819445	74518397	59585713	59835713	0	3754	270	16351	spaced
SUPER_3	18018324	18018661	IR	303	.	18018479	0.303	1.000	22	94157	18018324	18018451	18018534	18018661	74518397	17883227	18133227	22	2254	127	83	immediate
SUPER_3	5176828	5186428	IR	302	.	5181711	0.302	0.538	35	9748	5176828	5180020	5183240	5186428	74518397	5031075	5281075	35	2509	3188	3220	spaced
SUPER_3	72985302	72996375	IR	302	.	72990626	0.302	0.975	27	11091	72985302	72985460	72996217	72996375	74518397	72772129	73004129	27	3645	158	10757	spaced
SUPER_3	42482929	42486406	IR	301	.	42484402	0.301	0.942	85	3480	42482929	42483451	42485884	42486435	74518397	42396635	42646635	0	1467	522	2433	spaced
SUPER_3	58841860	58849470	IR	301	.	58845918	0.301	1.000	75	7593	58841860	58842307	58849023	58849470	74518397	58615258	58865258	0	3839	447	6716	spaced
SUPER_3	30953380	30977655	IR	301	.	30965706	0.301	1.000	52	24346	30953380	30953650	30977385	30977655	74518397	30786277	31036277	52	2987	270	23735	spaced
SUPER_3	1110853	1113887	IR	301	.	1111897	0.301	0.940	28	2905	1110853	1111337	1113404	1113887	74518397	1038898	1288898	0	1224	483	2067	spaced
SUPER_3	25730226	25747542	IR	300	.	25738646	0.300	0.849	39	17277	25730226	25730321	25747447	25747550	74518397	25593102	25811999	16	2429	95	17126	spaced
SUPER_3	72674712	72714926	IR	300	.	72694586	0.300	0.909	33	40360	72674712	72675507	72714131	72714931	74518397	72484609	72734609	33	3503	795	38624	spaced
SUPER_3	7350468	7353485	IR	299	.	7352398	0.299	0.974	63	2997	7350468	7351017	7352936	7353485	74518397	7147357	7397357	0	3410	549	1919	immediate
SUPER_3	2697337	2826895	IR	299	.	2761708	0.299	0.991	44	129530	2697337	2697674	2826558	2826895	74518397	2588898	2838898	0	2886	337	128884	wide
SUPER_3	33881460	33884444	IR	298	.	33882501	0.298	0.997	67	2963	33881460	33881837	33884067	33884444	74518397	33642357	33892357	0	4009	377	2230	spaced
SUPER_3	67449216	67468518	IR	298	.	67459250	0.298	0.942	23	19285	67449216	67449362	67468372	67468527	74518397	67294530	67544530	0	2738	146	19010	spaced
SUPER_3	10211840	10224146	IR	297	.	10217905	0.297	0.854	44	117895	10211840	10212095	10223905	10224146	74518397	10056570	10306570	85	2690	241	11810	spaced
SUPER_3	52601207	52617234	IR	295	.	52609698	0.295	0.986	22	16006	52601207	52601418	52617023	52617234	74518397	52408919	52658919	0	3338	211	15605	spaced
SUPER_3	7978432	7998054	IR	293	.	7987932	0.293	1.000	29	19602	7978432	7978573	7997913	7998054	74518397	7797357	8047357	0	3181	141	19340	spaced
SUPER_3	37756	57002	IR	293	.	47145	0.293	1.000	21	19260	37756	37855	56903	57002	74518397	0	151425	21	789	99	19048	spaced
SUPER_3	45892877	45898181	IR	292	.	45895934	0.292	0.869	77	5330	45892877	45894106	45896952	45898237	74518397	45755591	46005591	0	2332	1229	2846	spaced
SUPER_3	30237744	30254606	IR	288	.	30246519	0.288	0.784	30	16840	30237744	30239596	30252820	30254606	74518397	30182612	30347118	0	1059	1786	13224	spaced
SUPER_3	55564140	55567927	IR	288	.	55565699	0.288	1.000	27	3758	55564140	55564308	55567759	55567927	74518397	55545326	55795326	0	344	168	3451	spaced
SUPER_3	41867391	41886485	IR	287	.	41876886	0.287	0.979	106	19198	41867391	41867916	41885960	41886492	74518397	41669181	41919181	106	3462	525	18044	spaced
SUPER_3	249270	265257	IR	286	.	256760	0.286	0.967	190	15944	249270	250886	263643	265257	74518397	212802	462802	0	740	1614	12757	spaced
SUPER_3	55979011	55981135	IR	284	.	55980079	0.284	0.986	40	171509	55979011	55979220	55980929	55981135	74518397	55845326	56095326	40	2245	206	1709	immediate
SUPER_3	70925721	70946516	IR	283	.	70935920	0.283	0.996	40	20795	70925721	70925963	70946274	70946516	74518397	70820316	71070316	40	1929	242	20311	spaced
SUPER_3	21040232	21055142	IR	281	.	21048136	0.281	0.906	128	14886	21040232	21041206	21054243	21055142	74518397	20876489	21126489	0	2853	899	13037	spaced
SUPER_3	25456661	25502543	IR	280	.	25479300	0.280	1.000	168	45864	25456661	25457584	25501620	25502543	74518397	25265324	25515324	0	3571	923	44036	spaced
SUPER_3	65097457	65100220	IR	280	.	65098439	0.280	0.993	43	2743	65097457	65097741	65099936	65100220	74518397	64982728	65232728	0	1935	284	2195	spaced
SUPER_3	4213694	4217234	IR	261	.	4215703	0.261	1.000	44	3517	4213694	4213929	4216999	4217234	74518397	4011300	4261300	0	3402	235	3070	spaced
SUPER_X2	8190012	8191230	IR	660	.	8190621	0.660	0.995	80	7966	8190012	8190418	8190824	8191230	69854706	7964760	8214760	80	3764	406	406	immediate
SUPER_X2	18780834	18785646	IR	645	.	18783240	0.645	0.867	97	5384	18780834	18782658	18783822	18785676	69854706	18612265	18862265	97	2849	1824	1164	immediate
SUPER_X2	2163365	2165361	IR	636	.	2164363	0.636	0.983	82	2069	2163365	2163768	2164964	2165361	69854706	2151429	2345009	91	215	397	1196	immediate
SUPER_X2	52651654	52652592	IR	636	.	52652123	0.636	0.989	57	25536	52651654	52652006	52652240	52652592	69854706	52470377	52720377	57	3028	352	234	immediate
SUPER_X2	68891767	68893585	IR	604	.	68892676	0.604	0.986	89	214815	68891767	68892351	68893002	68893585	69854706	68780706	69030706	91	1866	583	651	immediate
SUPER_X2	63103690	63190663	IR	576	.	63147193	0.576	0.395	77	173349	63103690	63146831	63147555	63190663	69854706	63033026	63283026	88	1902	43108	724	immediate
SUPER_X2	27867624	27870065	IR	567	.	27868843	0.567	0.908	46	2964	27867624	27868240	27869452	27870065	69854706	27632040	27882040	46	3946	613	1212	immediate
SUPER_X2	2893420	2895707	IR	545	.	2894586	0.545	0.859	51	2367	2893420	2894047	2895080	2895725	69854706	2695209	2945209	64	3322	627	1033	immediate
SUPER_X2	36868185	36869509	IR	533	.	36868842	0.533	0.000	70	48684	36868185	36868647	36869047	36916856	69854706	36724735	36974735	76	2401	462	400	immediate
SUPER_X2	1677929	1681101	IR	527	.	1679944	0.527	0.739	34	3152	1677929	1678543	1680586	1681101	69854706	1453300	1703300	0	3770	515	2043	spaced
SUPER_X2	9306472	9307487	IR	523	.	9306963	0.523	0.997	78	73816	9306472	9306851	9307108	9307487	69854706	9173190	9423190	180	2229	379	257	immediate
SUPER_X2	4265515	4267685	IR	514	.	4266600	0.514	1.000	85	2239	4265515	4265860	4267340	4267685	69854706	4040516	4290516	85	3767	345	1480	immediate
SUPER_X2	19912731	19914626	IR	507	.	19913679	0.507	0.970	112	2069	19912731	19913492	19913867	19914626	69854706	19699359	19949359	112	3571	759	375	immediate
SUPER_X2	55676414	55678040	IR	497	.	55677227	0.497	0.987	47	152552	55676414	55676643	55677811	55678040	69854706	55599146	55849146	57	1301	229	1168	immediate
SUPER_X2	44939499	44964116	IR	490	.	44952133	0.490	0.913	268	24503	44939499	44946327	44957288	44964119	69854706	44875434	45125434	0	1272	6828	10961	spaced
SUPER_X2	68782625	68839087	IR	490	.	68810475	0.490	0.378	26	40782	68782625	68798685	68823027	68839150	69854706	68780706	69030706	0	502	16060	24342	spaced
SUPER_X2	1811044	1848837	IR	484	.	1829963	0.484	0.393	56	37842	1811044	1829734	1830192	1848837	69854706	1703300	1925780	60	2110	18645	458	immediate
SUPER_X2	6302448	6304697	IR	481	.	6303506	0.481	0.923	40	63019	6302448	6302709	6304442	6304697	69854706	6190329	6440329	67	1887	255	1733	immediate
SUPER_X2	14375963	14378032	IR	480	.	14376996	0.480	0.972	56	2110	14375963	14376248	14377747	14378033	69854706	14177003	14427003	56	3333	285	1499	immediate
SUPER_X2	56743110	56744178	IR	478	.	56743644	0.478	0.936	51	184613	56743110	56743569	56743719	56744186	69854706	56627834	56877834	51	1930	459	150	immediate
SUPER_X2	62991987	63063270	IR	475	.	63027784	0.475	0.408	54	71486	62991987	63015560	63039697	63063278	69854706	62883026	63133026	94	2409	23573	24137	spaced
SUPER_X2	3666410	3669263	IR	462	.	3667855	0.462	0.936	116	2983	3666410	3667106	3668567	3669301	69854706	3440516	3690516	142	3788	696	1461	immediate
SUPER_X2	61082887	61111883	IR	462	.	61097841	0.462	0.902	20	28934	61082887	61083235	61111545	61111883	69854706	61066214	61316214	0	519	338	28310	spaced
SUPER_X2	57791372	57991818	IR	456	.	57891595	0.456	0.390	42	219223	57791372	57891517	57891673	57991855	69854706	57752976	58002976	42	2310	100145	156	immediate
SUPER_X2	24319328	24321792	IR	453	.	24320627	0.453	0.937	31	2502	24319328	24319614	24321512	24321792	69854706	24298135	24436576	86	373	280	1898	immediate
SUPER_X2	53269830	53276602	IR	452	.	53273590	0.452	0.937	22	6718	53269830	53270239	53276193	53276605	69854706	53176896	53379774	0	1605	409	5954	spaced
SUPER_X2	49278391	49281003	IR	450	.	49279714	0.450	0.882	94	2748	49278391	49278958	49280436	49281006	69854706	49257753	49507753	94	365	567	1478	immediate
SUPER_X2	26033459	26033941	IR	450	.	26033700	0.450	0.990	35	61409	26033459	26033657	26033743	26033941	69854706	25927606	26161265	35	1768	198	86	immediate
SUPER_X2	14010527	14025369	IR	448	.	14018015	0.448	0.418	87	14933	14010527	14017804	14018096	14025369	69854706	13827003	14077003	99	3182	7273	292	immediate
SUPER_X2	41240401	41251316	IR	447	.	41245855	0.447	0.402	26	10981	41240401	41245293	41246424	41251344	69854706	41006076	41256076	26	3996	4892	1131	immediate
SUPER_X2	67185855	67235001	IR	444	.	67210422	0.444	0.400	66	171593	67185855	67209570	67211310	67235001	69854706	67092633	67342633	132	1963	23691	1740	immediate
SUPER_X2	8767679	8770189	IR	441	.	8768934	0.441	1.000	111	2613	8767679	8768159	8769709	8770189	69854706	8523190	8773190	111	4095	480	1550	immediate
SUPER_X2	1544530	1546413	IR	440	.	1545472	0.440	0.994	63	60737	1544530	1544846	1546097	1546414	69854706	1353300	1603300	63	3202	316	1251	immediate
SUPER_X2	32185568	32187739	IR	435	.	32186649	0.435	0.810	39	2287	32185568	32185995	32187360	32187739	69854706	32067897	32317897	69	1979	379	1365	immediate
SUPER_X2	22092564	22095304	IR	430	.	22093917	0.430	0.945	137	2874	22092564	22093252	22094649	22095304	69854706	21959326	22104758	167	2243	655	1397	immediate
SUPER_X2	6091863	6138779	IR	430	.	6115637	0.430	0.427	54	46872	6091863	6114642	6116059	6138779	69854706	5940329	6190329	0	2916	22720	1417	immediate
SUPER_X2	22403038	22405098	IR	413	.	22404068	0.413	0.883	27	2046	22403038	22403524	22404614	22405098	69854706	22204958	22454958	27	3318	484	1090	immediate
SUPER_X2	6873224	6960858	IR	410	.	6917434	0.410	0.391	20	74241	6873224	6910817	6923265	6960915	69854706	6740329	6990329	0	2945	37593	12448	spaced
SUPER_X2	7910936	7913318	IR	410	.	7912325	0.410	0.723	20	6564	7910936	7911320	7912991	7913318	69854706	7864760	8114760	27	789	327	1671	immediate
SUPER_X2	15800316	15828026	IR	408	.	15814132	0.408	0.819	28	27795	15800316	15800978	15827364	15828065	69854706	15599806	15849806	29	3572	662	26386	spaced
SUPER_X2	57417492	57419558	IR	405	.	57418536	0.405	0.886	92	2122	57417492	57418170	57418933	57419558	69854706	57202976	57452976	99	3592	625	763	immediate
SUPER_X2	19730151	19732893	IR	397	.	19731166	0.397	0.864	28	2716	19730151	19730891	19732155	19732893	69854706	19499359	19749359	0	3869	738	1264	immediate
SUPER_X2	15711918	15750468	IR	391	.	15731383	0.391	0.956	20	38544	15711918	15712147	15750242	15750468	69854706	15599806	15849806	24	2189	226	38095	spaced
SUPER_X2	68092092	68094846	IR	389	.	68093469	0.389	0.536	36	3058	68092092	68093338	68093600	68094879	69854706	67914173	68164173	41	2988	1246	262	immediate
SUPER_X2	60086594	60091257	IR	389	.	60088731	0.389	0.752	21	4670	60086594	60086715	60091136	60091289	69854706	60066214	60316214	69	378	121	4421	spaced
SUPER_X2	35795973	35798657	IR	385	.	35797308	0.385	0.965	110	2776	35795973	35796610	35798020	35798675	69854706	35637006	35837850	124	2671	637	1410	immediate
SUPER_X2	66425087	66500421	IR	385	.	66462640	0.385	0.387	66	182378	66425087	66452956	66472605	66500421	69854706	66357654	66607654	83	1751	27816	19649	spaced
SUPER_X2	9470344	9470784	IR	385	.	9470566	0.385	0.980	40	88965	9470344	9470540	9470588	9470788	69854706	9323190	9573190	40	2456	196	48	immediate
SUPER_X2	58550048	58570348	IR	385	.	58560240	0.385	0.455	22	20319	58550048	58553571	58566903	58570348	69854706	58485831	58735831	39	1239	3445	13332	spaced
SUPER_X2	21412227	21414496	IR	383	.	21413362	0.383	0.965	40	2285	21412227	21412514	21414210	21414496	69854706	21170301	21420301	40	4050	286	1696	immediate
SUPER_X2	10168316	10169232	IR	382	.	10168812	0.382	0.605	23	74645	10168316	10168511	10169113	10169232	69854706	10023190	10273190	28	2426	119	602	immediate
SUPER_X2	9275262	9277417	IR	382	.	9276241	0.382	0.839	21	2147	9275262	9275399	9277302	9277417	69854706	9073190	9323190	23	3385	115	1903	immediate
SUPER_X2	16846548	16853751	IR	381	.	16850178	0.381	0.472	53	7287	16846548	16849932	16850367	16853808	69854706	16666099	16916099	54	3067	3384	435	immediate
SUPER_X2	6433106	6483110	IR	381	.	6457624	0.381	0.408	35	50055	6433106	6456954	6459262	6483179	69854706	6290329	6540329	0	2796	23848	2308	spaced
SUPER_X2	66806230	66990549	IR	381	.	66898874	0.381	0.415	35	180711	66806230	66826513	66970266	66990588	69854706	66765346	67015346	0	2217	20283	143753	wide
SUPER_X2	57257363	57275238	IR	381	.	57266695	0.381	0.959	23	17850	57257363	57257604	57274997	57275239	69854706	57152976	57402976	0	1888	241	17393	spaced
SUPER_X2	61688012	61742373	IR	380	.	61715531	0.380	0.431	69	54303	61688012	61709464	61720921	61742402	69854706	61637141	61887141	0	1300	21452	11457	spaced
SUPER_X2	22984896	22987465	IR	379	.	22986172	0.379	0.941	102	2738	22984896	22985399	22986962	22987488	69854706	22804958	23054958	139	3020	503	1563	immediate
SUPER_X2	63684764	63718064	IR	379	.	63701414	0.379	0.395	33	37958	63684764	63701312	63701516	63718128	69854706	63509273	63759273	33	3202	16548	204	immediate
SUPER_X2	10673672	10738640	IR	379	.	10706027	0.379	0.798	22	65000	10673672	10673992	10738320	10738661	69854706	10523190	10773190	39	3049	320	64328	spaced
SUPER_X2	64902099	64903635	IR	378	.	64902867	0.378	0.985	58	2994	64902099	64902428	64903306	64903636	69854706	64862879	65112879	58	666	329	878	immediate
SUPER_X2	60940159	60942746	IR	376	.	60941311	0.376	0.770	31	58746	60940159	60940641	60942311	60942746	69854706	60816214	61066214	69	2087	435	1670	immediate
SUPER_X2	9528828	9699988	IR	376	.	9613922	0.376	0.395	24	171180	9528828	9581456	9647360	9700025	69854706	9473190	9723190	0	2353	52628	65904	spaced
SUPER_X2	51588635	51733739	IR	375	.	51661187	0.375	0.384	20	145271	51588635	51661144	51661230	51733834	69854706	51586597	51836597	20	1243	72509	86	immediate
SUPER_X2	61021615	61080112	IR	372	.	61051229	0.372	0.432	38	45145	61021615	61044052	61057713	61080112	69854706	60866214	61116214	0	3077	22399	13661	spaced
SUPER_X2	55565614	55632113	IR	372	.	55599294	0.372	0.401	22	66478	55565614	55592270	55605459	55632113	69854706	55499146	55749146	0	1661	26654	13189	spaced
SUPER_X2	47298060	47299372	IR	371	.	47298727	0.371	0.769	22	34779	47298060	47298170	47299262	47299405	69854706	47091208	47341208	48	3458	110	1092	immediate
SUPER_X2	220861	294791	IR	370	.	258026	0.370	0.958	57	77113	220861	220957	294695	294791	69854706	150000	398483	8	1796	96	73738	spaced
SUPER_X2	65642411	65701338	IR	370	.	65671522	0.370	0.401	21	58920	65642411	65668831	65674918	65701362	69854706	65612879	65862879	0	983	26420	6087	spaced
SUPER_X2	61626597	61636597	IR	365	.	61631584	0.365	0.919	166	10374	61626597	61629122	61634111	61636597	69854706	61387141	61637141	166	4074	2486	4989	spaced
SUPER_X2	34108427	34110480	IR	365	.	34109452	0.365	1.000	33	2076	34108427	34108587	34110320	34110480	69854706	33903334	34153334	33	3435	160	1733	immediate
SUPER_X2	66559490	66577714	IR	361	.	66569048	0.361	0.481	20	16508	66559490	66561618	66575586	66577771	69854706	66557654	66765146	0	182	2128	13968	spaced
SUPER_X2	14106866	14113004	IR	360	.	14109435	0.360	0.926	168	6129	14106866	14108005	14111865	14113018	69854706	13877003	14127003	0	3882	1139	3860	spaced
SUPER_X2	10969047	10969648	IR	360	.	10969348	0.360	0.945	28	11075	10969047	10969300	10969396	10969648	69854706	10873190	11123190	28	1602	252	96	immediate
SUPER_X2	29841972	29847389	IR	359	.	29844198	0.359	0.983	107	5399	29841972	29842758	29846603	29847389	69854706	29775709	30025709	0	1149	786	3845	spaced
SUPER_X2	67237597	67321718	IR	359	.	67279424	0.359	0.403	54	163875	67237597	67256956	67302378	67321718	69854706	67192633	67413973	64	1450	19340	45422	spaced
SUPER_X2	47400607	47403309	IR	359	.	47401958	0.359	0.941	38	2737	47400607	47401150	47402767	47403309	69854706	47241208	47491208	38	2679	542	1617	immediate
SUPER_X2	16408430	16415892	IR	358	.	16411851	0.358	0.531	132	7446	16408430	16412169	16412153	16415896	69854706	16312281	16415899	0	1664	3739	-16	overlap
SUPER_X2	25883431	25896881	IR	357	.	25889726	0.357	1.000	89	13432	25883431	25883917	25896395	25896881	69854706	25877606	26127606	0	209	486	12478	spaced
SUPER_X2	13630457	13840240	IR	357	.	13734866	0.357	0.752	38	209747	13630457	13631635	13839077	13840240	69854706	13627003	13877003	0	1805	1163	207442	wide
SUPER_X2	61857558	61863880	IR	357	.	61860483	0.357	1.000	22	41287	61857558	61857598	61863840	61863880	69854706	61787141	62037141	11	1226	40	6242	spaced
SUPER_X2	38191300	38195619	IR	354	.	38193430	0.354	0.997	71	4371	38191300	38191664	38195255	38195619	69854706	38105853	38355853	71	1459	364	3591	spaced
SUPER_X2	26921867	26994308	IR	353	.	26957930	0.353	0.866	46	78525	26921867	26922189	26993986	26994336	69854706	26754240	27004240	85	3397	322	71797	spaced
SUPER_X2	44546929	44549557	IR	352	.	44548342	0.352	0.972	76	2686	44546929	44547279	44549207	44549563	69854706	44324006	44574006	76	3737	350	1928	immediate
SUPER_X2	47150651	47153275	IR	351	.	47151963	0.351	0.991	60	2676	47150651	47150985	47152941	47153275	69854706	46941208	47191208	61	3512	334	1956	immediate
SUPER_X2	64555370	64782602	IR	350	.	64668501	0.350	0.410	59	227266	64555370	64664626	64673346	64782653	69854706	64532888	64782888	0	2268	109256	8720	spaced
SUPER_X2	68989394	69006222	IR	350	.	68997747	0.350	0.393	27	17136	68989394	68996767	68998849	69006282	69854706	68780706	69030706	55	3618	7373	2082	spaced
SUPER_X2	2137895	2139935	IR	350	.	2138850	0.350	0.829	23	2059	2137895	2138194	2139670	2139935	69854706	2077567	2151229	47	1022	265	1476	immediate
SUPER_X2	7273875	7484021	IR	350	.	7379404	0.350	0.823	21	210122	7273875	7274284	7483612	7484049	69854706	7240329	7490329	0	2310	409	209328	wide
SUPER_X2	53093493	53155738	IR	349	.	53124365	0.349	0.392	61	62322	53093493	53124342	53124889	53155833	69854706	53076896	53326896	0	795	30849	547	immediate
SUPER_X2	69379695	69506778	IR	349	.	69443261	0.349	0.384	46	127123	69379695	69443157	69443369	69506778	69854706	69330706	69580706	46	1875	63409	212	immediate
SUPER_X2	55203844	55328939	IR	349	.	55266007	0.349	0.797	36	125077	55203844	55204267	55328585	55328939	69854706	55099146	55349146	0	2787	354	124318	wide
SUPER_X2	20050230	20127857	IR	348	.	20088958	0.348	0.934	65	77666	20050230	20051233	20126857	20127857	69854706	19899359	20149359	65	3161	1000	75624	spaced
SUPER_X2	36082240	36112059	IR	347	.	36097408	0.347	0.897	29	29796	36082240	36082673	36111633	36112059	69854706	36074735	36324735	0	373	426	28960	spaced
SUPER_X2	33542356	33558643	IR	347	.	33550479	0.347	0.420	22	16234	33542356	33550072	33551020	33558643	69854706	33325960	33575960	25	3742	7623	948	immediate
SUPER_X2	18555745	18558181	IR	346	.	18556962	0.346	0.978	56	2467	18555745	18556018	18557909	18558181	69854706	18412265	18662265	56	2411	272	1891	immediate
SUPER_X2	68517728	68528762	IR	346	.	68523383	0.346	0.983	30	11047	68517728	68517907	68528583	68528762	69854706	68314173	68548832	30	3484	179	10676	spaced
SUPER_X2	2620517	2625134	IR	344	.	2623116	0.344	0.996	73	4598	2620517	2620971	2624680	2625134	69854706	2395209	2645209	0	3793	454	3709	spaced
SUPER_X2	34806980	34815082	IR	344	.	34810597	0.344	0.800	60	8002	34806980	34808061	34814001	34815082	69854706	34681544	34931544	0	2157	1081	5940	spaced
SUPER_X2	61247038	61249307	IR	344	.	61248171	0.344	0.963	46	74278	61247038	61247252	61249093	61249309	69854706	61116214	61366214	46	2199	214	1841	immediate
SUPER_X2	7644416	7677526	IR	344	.	7661408	0.344	0.412	34	21549	7644416	7656283	7665659	7677594	69854706	7590329	7814560	0	1177	11867	9376	spaced
SUPER_X2	14767461	14891338	IR	344	.	14829243	0.344	0.786	30	124277	14767461	14768250	14890549	14891414	69854706	14729723	14979723	30	1661	789	122299	wide
SUPER_X2	43264350	43408936	IR	344	.	43336390	0.344	0.386	28	80064	43264350	43329164	43344177	43408936	69854706	43239779	43489779	0	1614	64759	15013	spaced
SUPER_X2	20899245	20915461	IR	344	.	20907081	0.344	0.950	25	16189	20899245	20899548	20915158	20915461	69854706	20820301	21070301	0	1450	303	15610	spaced
SUPER_X2	23740424	23754810	IR	343	.	23747399	0.343	0.964	499	15941	23740424	23743290	23751953	23754810	69854706	23513380	23758938	499	3903	2857	8663	spaced
SUPER_X2	17030730	17063002	IR	343	.	17046814	0.343	0.961	36	32273	17030730	17030960	17062772	17063002	69854706	16816099	17066099	36	3845	230	31812	spaced
SUPER_X2	2356406	2420466	IR	343	.	2388544	0.343	0.402	32	64074	2356406	2383660	2393241	2420466	69854706	2345209	2595209	68	720	27225	9581	spaced
SUPER_X2	61128550	61131512	IR	343	.	61129534	0.343	0.859	22	2936	61128550	61128954	61131137	61131512	69854706	61116214	61366214	0	230	375	2183	spaced
SUPER_X2	15837540	15900838	IR	341	.	15868700	0.341	0.967	166	63184	15837540	15839336	15899042	15900839	69854706	15699806	15949806	0	2822	1796	59706	spaced
SUPER_X2	25587770	25591898	IR	341	.	25589887	0.341	0.963	96	4184	25587770	25588224	25591444	25591900	69854706	25375406	25625406	96	3573	454	3220	spaced
SUPER_X2	3474542	3495042	IR	341	.	3485060	0.341	0.930	55	20480	3474542	3475362	3494229	3495042	69854706	3390516	3640516	0	1571	813	18867	spaced
SUPER_X2	41594684	41607265	IR	340	.	41601403	0.340	0.860	89	12556	41594684	41595639	41606347	41607265	69854706	41506076	41756076	0	1581	918	10708	spaced
SUPER_X2	6737089	6739763	IR	340	.	6738829	0.340	0.929	77	2653	6737089	6737792	6739094	6739763	69854706	6590329	6840329	0	2468	669	1302	immediate
SUPER_X2	67563482	67617387	IR	340	.	67589932	0.340	0.490	55	53882	67563482	67567645	67613224	67617431	69854706	67414173	67664173	0	2937	4163	45579	spaced
SUPER_X2	26123356	26125127	IR	340	.	26124181	0.340	0.983	47	50189	26123356	26123658	26124825	26125127	69854706	25927606	26161265	47	3277	302	1167	immediate
SUPER_X2	26365069	26394425	IR	340	.	26380103	0.340	0.781	22	29204	26365069	26365503	26394038	26394425	69854706	26304240	26554240	0	1258	387	28535	spaced
SUPER_X2	5328367	5423801	IR	339	.	5375611	0.339	0.389	55	95358	5328367	5369165	5383003	5423841	69854706	5270080	5496219	0	1766	40798	13838	spaced
SUPER_X2	959977	1068854	IR	339	.	1013898	0.339	0.866	23	108799	959977	960421	1068423	1068854	69854706	959943	1209943	0	907	431	108002	wide
SUPER_X2	60741687	60752866	IR	339	.	60747152	0.339	0.863	20	11186	60741687	60742041	60752512	60752876	69854706	60516214	60766214	21	3850	354	10471	spaced
SUPER_X2	8421179	8470129	IR	338	.	8445381	0.338	0.735	397	48874	8421179	8431964	8459360	8470129	69854706	8373190	8623190	0	1207	10769	27396	spaced
SUPER_X2	15559591	15659321	IR	338	.	15609261	0.338	0.988	127	99931	15559591	15560283	15658629	15659321	69854706	15449806	15699806	127	2660	692	98346	spaced
SUPER_X2	6750123	6752730	IR	338	.	6751676	0.338	0.995	119	2588	6750123	6750860	6751993	6752730	69854706	6540329	6790329	0	3518	737	1133	immediate
SUPER_X2	69192263	69208809	IR	338	.	69200374	0.338	0.559	44	26504	69192263	69194263	69206809	69208850	69854706	69180706	69430706	77	330	2000	12546	spaced
SUPER_X2	15461962	15462485	IR	338	.	15462223	0.338	0.989	38	208771	15461962	15462145	15462302	15462485	69854706	15349806	15599806	38	1873	183	157	immediate
SUPER_X2	35986622	36000991	IR	338	.	35994238	0.338	0.947	30	14344	35986622	35987002	36000611	36000991	69854706	35984540	36074535	0	154	380	13609	spaced
SUPER_X2	29602404	29723840	IR	338	.	29663510	0.338	0.931	29	121420	29602404	29602875	29723369	29723848	69854706	29513062	29763062	0	2500	471	120494	wide
SUPER_X2	18217530	18266721	IR	338	.	18241753	0.338	0.750	27	49169	18217530	18220905	18263346	18266772	69854706	18098045	18348045	0	2401	3375	42441	spaced
SUPER_X2	1707803	1810939	IR	338	.	1759533	0.338	0.790	22	103282	1707803	1708215	1810527	1811001	69854706	1703300	1925780	48	934	412	102312	wide
SUPER_X2	48719252	48855134	IR	337	.	48787589	0.337	0.384	37	82420	48719252	48773059	48801398	48855134	69854706	48615755	48865755	0	2857	53736	28339	spaced
SUPER_X2	9095724	9106348	IR	336	.	9101338	0.336	0.778	132	10599	9095724	9097614	9104527	9106348	69854706	8873190	9123190	0	3797	1821	6913	spaced
SUPER_X2	739840	742256	IR	336	.	741048	0.336	0.900	102	2497	739840	740300	741841	742256	69854706	498683	748683	102	4039	415	1541	immediate
SUPER_X2	18932833	18935398	IR	336	.	18934461	0.336	0.997	60	2513	18932833	18933215	18935016	18935398	69854706	18762265	19012265	0	2864	382	1801	immediate
SUPER_X2	26470040	26473440	IR	336	.	26471765	0.336	0.550	36	3427	26470040	26471200	26472333	26473440	69854706	26354240	26604240	38	1958	1107	1133	immediate
SUPER_X2	53167821	53173068	IR	336	.	53170206	0.336	1.000	26	5475	53167821	53167843	53173046	53173068	69854706	53076896	53326896	3	1559	22	5203	spaced
SUPER_X2	26100641	26104644	IR	335	.	26103066	0.335	0.796	38	4038	26100641	26101478	26103807	26104701	69854706	25927606	26161265	0	2917	837	2329	spaced
SUPER_X2	55748336	55861755	IR	335	.	55804642	0.335	0.387	20	113484	55748336	55779960	55830131	55861840	69854706	55649146	55882503	0	2598	31624	50171	spaced
SUPER_X2	59177055	59194293	IR	334	.	59185866	0.334	0.971	69	17304	59177055	59177578	59193770	59194293	69854706	58985831	59235831	69	3330	523	16192	spaced
SUPER_X2	52644941	52648027	IR	334	.	52646539	0.334	0.943	58	3184	52644941	52645271	52647697	52648046	69854706	52420377	52670377	58	3768	330	2426	spaced
SUPER_X2	58392056	58407404	IR	334	.	58399304	0.334	0.972	52	15327	58392056	58392523	58406937	58407405	69854706	58198425	58435631	0	3354	467	14414	spaced
SUPER_X2	6653073	6673017	IR	334	.	6663342	0.334	0.832	41	19920	6653073	6653621	6672540	6673017	69854706	6540329	6790329	0	2045	477	18919	spaced
SUPER_X2	51949528	51952068	IR	334	.	51950760	0.334	0.913	26	2546	51949528	51949735	51951876	51952068	69854706	51786597	52036597	29	2736	192	2141	spaced
SUPER_X2	59833242	59894378	IR	334	.	59863614	0.334	0.491	24	61144	59833242	59835509	59892111	59894380	69854706	59785831	60016014	30	1299	2267	56602	spaced
SUPER_X2	3975688	3980353	IR	333	.	3978082	0.333	0.995	70	4739	3975688	3976058	3979983	3980354	69854706	3740516	3990516	70	3958	370	3925	spaced
SUPER_X2	69630201	69663914	IR	333	.	69647517	0.333	0.973	65	33693	69630201	69630761	69663356	69663914	69854706	69430706	69680706	0	3605	558	32595	spaced
SUPER_X2	22709483	22715803	IR	333	.	22713117	0.333	0.982	52	6238	22709483	22709924	22715362	22715803	69854706	22504958	22754958	0	3461	441	5438	spaced
SUPER_X2	51453978	51531694	IR	333	.	51492582	0.333	0.359	30	77677	51453978	51454017	51531655	51531740	69854706	51286597	51536597	0	3437	39	77638	spaced
SUPER_X2	42475499	42478213	IR	333	.	42476809	0.333	0.808	20	8313	42475499	42475884	42477868	42478213	69854706	42456076	42706076	31	346	345	1984	immediate
SUPER_X2	20306200	20334312	IR	332	.	20320525	0.332	0.921	308	28038	20306200	20309746	20330797	20334312	69854706	20099359	20334314	0	3681	3515	21051	spaced
SUPER_X2	6041604	6050708	IR	332	.	6046560	0.332	0.996	76	9085	6041604	6042079	6050234	6050708	69854706	5840329	6090329	0	3430	474	8155	spaced
SUPER_X2	47623733	47633806	IR	332	.	47628841	0.332	0.997	68	10146	47623733	47624035	47633504	47633806	69854706	47391208	47641208	68	3959	302	9469	spaced
SUPER_X2	19368493	19381021	IR	332	.	19374680	0.332	0.971	47	12576	19368493	19368807	19380707	19381021	69854706	19271952	19399159	47	1713	314	11900	spaced
SUPER_X2	47398015	47400628	IR	332	.	47399372	0.332	0.947	43	2911	47398015	47398373	47400270	47400628	69854706	47191208	47441208	43	3468	358	1897	immediate
SUPER_X2	39776624	39780507	IR	332	.	39778283	0.332	0.877	20	3810	39776624	39777016	39780123	39780507	69854706	39744100	39994100	0	574	384	3107	spaced
SUPER_X2	56878271	56906109	IR	331	.	56892311	0.331	0.966	266	28087	56878271	56879506	56904874	56906143	69854706	56677834	56927834	266	3572	1235	25368	spaced
SUPER_X2	31044618	31054044	IR	331	.	31048956	0.331	0.924	130	9464	31044618	31045397	31053265	31054102	69854706	30818136	31060745	0	3853	779	7868	spaced
SUPER_X2	14713067	14743328	IR	331	.	14728128	0.331	0.962	52	30330	14713067	14713406	14742999	14743328	69854706	14629723	14879723	52	1641	329	29593	spaced
SUPER_X2	62685571	62729224	IR	331	.	62707371	0.331	0.957	40	43731	62685571	62685842	62728953	62729233	69854706	62483026	62733026	40	3739	271	43111	spaced
SUPER_X2	30246614	30250188	IR	330	.	30247896	0.330	0.909	49	3553	30246614	30247068	30249756	30250188	69854706	30113743	30363743	0	2244	432	2688	spaced
SUPER_X2	28071712	28079706	IR	330	.	28075406	0.330	0.849	47	8002	28071712	28073400	28078018	28079757	69854706	27932040	28182040	0	2394	1688	4618	spaced
SUPER_X2	42392510	42461989	IR	330	.	42426774	0.330	0.392	33	69505	42392510	42420662	42433837	42462039	69854706	42356076	42606076	0	1186	28152	13175	spaced
SUPER_X2	18685197	18723052	IR	330	.	18704009	0.330	0.871	24	38023	18685197	18685743	18722506	18723052	69854706	18512265	18762265	31	3197	546	36763	spaced
SUPER_X2	16569376	16581485	IR	329	.	16575002	0.329	0.994	154	12080	16569376	16570333	16580528	16581485	69854706	16416099	16666099	0	2655	957	10195	spaced
SUPER_X2	1956542	1959199	IR	329	.	1957404	0.329	1.000	74	2622	1956542	1956967	1958774	1959199	69854706	1925980	1977133	0	531	425	1807	immediate
SUPER_X2	31683348	31686053	IR	329	.	31685017	0.329	0.995	65	2669	31683348	31683774	31685627	31686053	69854706	31467897	31717897	0	3613	426	1853	immediate
SUPER_X2	32995811	32998599	IR	329	.	32997405	0.329	0.947	62	2838	32995811	32996185	32998225	32998618	69854706	32855368	33075760	62	2363	374	2040	spaced
SUPER_X2	8555969	8556600	IR	329	.	8556509	0.329	1.000	39	133126	8555969	8556175	8556394	8556600	69854706	8373190	8623190	39	3051	206	219	immediate
SUPER_X2	19458914	19513611	IR	329	.	19485994	0.329	0.868	28	54450	19458914	19460744	19511781	19513611	69854706	19399359	19649359	0	1448	1830	51037	spaced
SUPER_X2	60152421	60324827	IR	329	.	60239000	0.329	0.402	20	141181	60152421	60184312	60292936	60324940	69854706	60116214	60366214	0	2040	31891	108624	wide
SUPER_X2	55873698	55882491	IR	328	.	55877808	0.328	1.000	480	8761	55873698	55876381	55879808	55882491	69854706	55649146	55882503	0	3815	2683	3427	spaced
SUPER_X2	34838828	34850198	IR	328	.	34844312	0.328	0.997	170	11634	34838828	34839623	34849403	34850198	69854706	34631544	34881544	170	3549	795	9780	spaced
SUPER_X2	63949150	63958492	IR	328	.	63953345	0.328	0.956	159	9310	63949150	63950135	63957549	63958492	69854706	63759273	64002703	0	3242	943	7414	spaced
SUPER_X2	637146	645538	IR	328	.	641040	0.328	0.736	42	8429	637146	638122	644562	645600	69854706	548683	798683	0	1544	976	6440	spaced
SUPER_X2	27749345	27856317	IR	328	.	27802677	0.328	0.613	35	106958	27749345	27750407	27855301	27856317	69854706	27632040	27882040	35	2846	1016	104894	wide
SUPER_X2	9235896	9240810	IR	327	.	9238433	0.327	0.998	93	5055	9235896	9236322	9240384	9240810	69854706	9073190	9323190	93	2752	426	4062	spaced
SUPER_X2	41651880	41802225	IR	327	.	41726814	0.327	1.000	52	150327	41651880	41651898	41802207	41802225	69854706	41606076	41856076	2	2016	18	150309	wide
SUPER_X2	25574779	25577907	IR	327	.	25575961	0.327	0.996	47	3104	25574779	25575060	25577626	25577907	69854706	25375406	25625406	0	3348	281	2566	spaced
SUPER_X2	31142800	31247447	IR	327	.	31195614	0.327	0.404	39	87038	31142800	31188042	31202205	31247450	69854706	31060945	31267697	0	2236	45242	14163	spaced
SUPER_X2	14420099	14435974	IR	327	.	14428086	0.327	0.960	35	15914	14420099	14420368	14435705	14435981	69854706	14377003	14599568	35	850	269	15337	spaced
SUPER_X2	67844598	68037965	IR	327	.	67940942	0.327	0.514	20	193330	67844598	67844635	68037928	68037997	69854706	67814173	68064173	0	2118	37	193293	wide
SUPER_X2	3348522	3356288	IR	326	.	3352066	0.326	1.000	180	7744	3348522	3349494	3355316	3356288	69854706	3301372	3390316	0	850	972	5822	spaced
SUPER_X2	14151541	14155504	IR	326	.	14153650	0.326	0.822	83	4184	14151541	14152280	14154765	14155600	69854706	14077003	14327003	84	1275	739	2485	spaced
SUPER_X2	4090903	4265110	IR	326	.	4177913	0.326	0.951	70	174265	4090903	4091713	4264300	4265111	69854706	4040516	4290516	70	2291	810	172587	wide
SUPER_X2	17658481	17775191	IR	326	.	17716912	0.326	0.813	69	116929	17658481	17659354	17774318	17775256	69854706	17548045	17798045	69	2813	873	114964	wide
SUPER_X2	68192118	68321525	IR	326	.	68256349	0.326	0.385	42	91912	68192118	68229980	68283663	68321595	69854706	68164173	68414173	0	1544	37862	53683	spaced
SUPER_X2	63342905	63384170	IR	326	.	63363104	0.326	0.419	39	41317	63342905	63360200	63366875	63384241	69854706	63233026	63459073	0	2175	17295	6675	spaced
SUPER_X2	29068263	29086149	IR	326	.	29077548	0.326	0.677	27	17858	29068263	29068852	29085633	29086149	69854706	28963062	29213062	0	1902	516	16781	spaced
SUPER_X2	58274681	58361896	IR	326	.	58318112	0.326	0.379	27	87253	58274681	58298010	58338605	58361896	69854706	58198425	58435631	32	1997	23291	40595	spaced
SUPER_X2	4833520	4920819	IR	326	.	4877130	0.326	0.000	22	87290	4833520	4833602	4920795	4920819	69854706	4740516	4957933	84	2277	24	87193	spaced
SUPER_X2	56667535	56700739	IR	326	.	56683890	0.326	0.822	21	95052	56667535	56667954	56700320	56700742	69854706	56627834	56877834	7	938	419	32366	spaced
SUPER_X2	4637016	4657712	IR	325	.	4647367	0.325	0.985	1132	22385	4637016	4642836	4651901	4657712	69854706	4440516	4690516	1132	3447	5811	9065	spaced
SUPER_X2	26269658	26277282	IR	325	.	26273362	0.325	0.992	149	7745	26269658	26270407	26276533	26277282	69854706	26161465	26304040	149	1866	749	6126	spaced
SUPER_X2	34640981	34654766	IR	325	.	34648236	0.325	0.968	62	13767	34640981	34641506	34654249	34654766	69854706	34631544	34881544	0	272	517	12743	spaced
SUPER_X2	17072279	17078491	IR	325	.	17075113	0.325	0.902	55	6194	17072279	17073200	17077590	17078491	69854706	16966099	17176789	0	1821	901	4390	spaced
SUPER_X2	58037749	58056262	IR	325	.	58046738	0.325	0.410	44	18491	58037749	58046986	58047025	58056267	69854706	57852976	58102976	0	3233	9237	39	immediate
SUPER_X2	10224735	10238915	IR	325	.	10231500	0.325	0.892	40	14150	10224735	10225178	10238508	10238915	69854706	10023190	10273190	0	3477	407	13330	spaced
SUPER_X2	47861071	48058696	IR	325	.	47959849	0.325	0.863	38	197739	47861071	47861890	48057882	48058696	69854706	47841208	48091208	38	1977	814	195992	wide
SUPER_X2	3580347	3656061	IR	325	.	3618299	0.325	0.843	36	76016	3580347	3580859	3655549	3656110	69854706	3440516	3690516	58	2961	512	74690	spaced
SUPER_X2	52505751	52568828	IR	325	.	52537505	0.325	0.413	26	63125	52505751	52514599	52559980	52568828	69854706	52320377	52570377	6	3614	8848	45381	spaced
SUPER_X2	4002547	4060166	IR	325	.	4031249	0.325	0.841	25	57636	4002547	4003628	4059085	4060187	69854706	3990516	4240516	25	680	1081	55457	spaced
SUPER_X2	30822775	30838298	IR	325	.	30830757	0.325	0.848	24	15512	30822775	30823031	30838064	30838298	69854706	30668136	30918136	22	2706	234	15033	spaced
SUPER_X2	18498157	18520653	IR	325	.	18509034	0.325	1.000	22	22472	18498157	18498309	18520501	18520653	69854706	18412265	18662265	0	1618	152	22192	spaced
SUPER_X2	41923914	41928236	IR	324	.	41926027	0.324	1.000	173	4461	41923914	41924659	41927491	41928236	69854706	41706076	41956076	173	3666	745	2832	spaced
SUPER_X2	66013492	66074217	IR	324	.	66043888	0.324	0.986	154	60913	66013492	66014329	66073386	66074217	69854706	65957654	66207654	154	1436	831	59057	spaced
SUPER_X2	68388363	68408375	IR	324	.	68398317	0.324	0.954	142	219685	68388363	68389154	68407584	68408391	69854706	68264173	68514173	146	2236	791	18430	spaced
SUPER_X2	59452474	59455225	IR	324	.	59453491	0.324	0.998	68	2730	59452474	59452887	59454812	59455225	69854706	59235831	59485831	0	3633	413	1925	immediate
SUPER_X2	18991271	19139760	IR	324	.	19065980	0.324	0.753	49	147998	18991271	18992484	19138547	19139870	69854706	18912265	19162265	0	2554	1213	146063	wide
SUPER_X2	48895765	48938565	IR	324	.	48917117	0.324	0.958	42	42894	48895765	48896171	48938159	48938566	69854706	48865755	49115755	42	856	406	41988	spaced
SUPER_X2	48990084	49127893	IR	324	.	49058753	0.324	0.976	28	137820	48990084	48990374	49127603	49127893	69854706	48915755	49130174	28	2387	290	137229	wide
SUPER_X2	10741077	10744911	IR	324	.	10743050	0.324	0.839	20	3899	10741077	10741583	10744420	10744911	69854706	10523190	10773190	35	3663	491	2837	spaced
SUPER_X2	28316508	28321029	IR	323	.	28319073	0.323	0.993	167	4504	28316508	28317448	28320089	28321030	69854706	28082040	28332040	0	3945	940	2641	spaced
SUPER_X2	15962602	15969950	IR	323	.	15965843	0.323	0.960	126	7352	15962602	15963571	15968981	15969972	69854706	15749806	15999806	0	3607	969	5410	spaced
SUPER_X2	13938039	13940232	IR	323	.	13939538	0.323	1.000	59	2175	13938039	13938375	13939896	13940232	69854706	13727003	13977003	0	3535	336	1521	immediate
SUPER_X2	2760096	2763075	IR	323	.	2761089	0.323	0.979	53	2955	2760096	2760437	2762739	2763075	69854706	2645209	2895209	0	1939	336	2302	spaced
SUPER_X2	21643638	21655517	IR	323	.	21649996	0.323	0.931	42	11833	21643638	21643982	21655173	21655537	69854706	21517022	21767022	0	2209	344	11191	spaced
SUPER_X2	56399189	56455323	IR	323	.	56427279	0.323	0.847	32	56176	56399189	56399886	56454626	56455334	69854706	56327834	56577834	32	1656	697	54740	spaced
SUPER_X2	52696083	52869072	IR	323	.	52782546	0.323	0.384	24	173040	52696083	52764021	52801134	52869074	69854706	52670377	52920377	47	1869	67938	37113	spaced
SUPER_X2	34005442	34035278	IR	323	.	34019873	0.323	0.974	23	29791	34005442	34005634	34035086	34035278	69854706	33803334	34053334	0	3616	192	29452	spaced
SUPER_X2	54970117	54975962	IR	323	.	54972918	0.323	0.934	21	5882	54970117	54970300	54975787	54975962	69854706	54738277	54988277	21	3912	175	5487	spaced
SUPER_X2	3730491	3833003	IR	322	.	3781771	0.322	0.895	81	102844	3730491	3731734	3831760	3833071	69854706	3590516	3840516	81	3187	1243	100026	wide
SUPER_X2	16172765	16205207	IR	322	.	16189211	0.322	0.878	55	32462	16172765	16174172	16203800	16205216	69854706	16035290	16285290	55	2561	1407	29628	spaced
SUPER_X2	39358710	39367245	IR	322	.	39363084	0.322	0.801	55	8585	39358710	39359388	39366603	39367245	69854706	39316342	39566342	57	777	642	7215	spaced
SUPER_X2	57700401	57703758	IR	322	.	57701846	0.322	0.940	55	3414	57700401	57700851	57703308	57703775	69854706	57502976	57752976	55	3318	450	2457	spaced
SUPER_X2	36595069	36801354	IR	322	.	36697775	0.322	0.686	25	206237	36595069	36595117	36801306	36801376	69854706	36574735	36824735	0	2057	48	206189	wide
SUPER_X2	55927476	55931676	IR	322	.	55929856	0.322	0.950	24	4158	55927476	55927775	55931379	55931676	69854706	55882703	56132703	0	781	297	3604	spaced
SUPER_X2	59753053	59755361	IR	322	.	59754548	0.322	0.892	23	2305	59753053	59753196	59755218	59755376	69854706	59535831	59785831	0	3639	143	2022	spaced
SUPER_X2	486227	612897	IR	322	.	549425	0.322	0.656	20	126658	486227	486288	612857	612897	69854706	398683	648683	165	2514	40	126569	wide
SUPER_X2	56007704	56211057	IR	322	.	56109562	0.322	0.500	20	203313	56007704	56007737	56211024	56211086	69854706	55982703	56211180	51	2111	33	203287	wide
SUPER_X2	15252961	15262122	IR	321	.	15257148	0.321	0.906	76	9124	15252961	15253527	15261556	15262122	69854706	15149806	15399806	0	1795	566	8029	spaced
SUPER_X2	3227161	3230126	IR	321	.	3228277	0.321	0.964	27	2946	3227161	3227442	3229845	3230126	69854706	2995209	3245209	0	3890	281	2403	spaced
SUPER_X2	16962757	16981042	IR	321	.	16971515	0.321	0.917	23	18267	16962757	16963033	16980779	16981042	69854706	16766099	17016099	0	3429	263	17746	spaced
SUPER_X2	55522963	55547927	IR	321	.	55534943	0.321	0.557	23	24975	55522963	55524307	55546583	55547957	69854706	55299146	55549146	0	3938	1344	22276	spaced
SUPER_X2	17832333	17844047	IR	320	.	17837951	0.320	0.931	199	13035	17832333	17834980	17841405	17844047	69854706	17598045	17848045	199	4002	2642	6425	spaced
SUPER_X2	40402058	40408595	IR	320	.	40405153	0.320	0.993	187	7098	40402058	40403007	40407646	40408595	69854706	40194100	40444100	187	3520	949	4639	spaced
SUPER_X2	4526848	4536135	IR	320	.	4531488	0.320	0.998	135	9402	4526848	4527494	4535489	4536135	69854706	4290516	4540516	135	4016	646	7995	spaced
SUPER_X2	21848202	21871106	IR	320	.	21859934	0.320	0.982	85	22885	21848202	21848701	21870616	21871106	69854706	21667022	21917022	0	3210	490	21915	spaced
SUPER_X2	46123825	46136103	IR	320	.	46129971	0.320	0.954	74	12348	46123825	46124435	46135493	46136103	69854706	45900558	46150558	74	3823	610	11058	spaced
SUPER_X2	3017222	3033824	IR	320	.	3025317	0.320	0.929	70	17076	3017222	3018102	3032944	3033844	69854706	2845209	3095209	72	3005	880	14842	spaced
SUPER_X2	21035580	21138233	IR	320	.	21086826	0.320	0.741	56	102882	21035580	21046350	21127528	21138233	69854706	20920301	21170301	56	2776	10705	81178	spaced
SUPER_X2	10385797	10395142	IR	320	.	10390265	0.320	0.996	48	92838	10385797	10386050	10394889	10395142	69854706	10273190	10523190	48	1954	253	8839	spaced
SUPER_X2	14355440	14372980	IR	320	.	14364450	0.320	0.938	47	17433	14355440	14355981	14372444	14372980	69854706	14127003	14377003	0	3953	536	16463	spaced
SUPER_X2	55501020	55510209	IR	320	.	55505314	0.320	0.431	44	9163	55501020	55505547	55505744	55510209	69854706	55299146	55549146	0	3441	4465	197	immediate
SUPER_X2	2012577	2034490	IR	320	.	2023031	0.320	0.975	39	21872	2012577	2012940	2034127	2034490	69854706	1977333	2077367	0	769	363	21187	spaced
SUPER_X2	18007271	18011250	IR	320	.	18008843	0.320	0.971	35	3952	18007271	18007682	18010839	18011250	69854706	17848045	18098045	0	2686	411	3157	spaced
SUPER_X2	38587325	38593067	IR	320	.	38589955	0.320	0.954	34	5897	38587325	38587562	38592837	38593067	69854706	38355853	38605853	34	3905	230	5275	spaced
SUPER_X2	38639641	38739031	IR	320	.	38689615	0.320	0.864	29	99393	38639641	38640749	38737923	38739059	69854706	38555853	38805853	0	2224	1108	97174	spaced
SUPER_X2	17363965	17540982	IR	320	.	17452791	0.320	0.935	22	177002	17363965	17364299	17540648	17540984	69854706	17348045	17598045	0	1740	334	176349	wide
SUPER_X2	30438110	30566187	IR	320	.	30502060	0.320	0.878	22	128038	30438110	30438159	30566144	30566187	69854706	30396158	30646158	244	1766	43	127985	wide
SUPER_X2	36901464	36926180	IR	320	.	36914196	0.320	0.788	21	24660	36901464	36901902	36925742	36926246	69854706	36724735	36974735	0	3151	438	23840	spaced
SUPER_X2	3927055	3961908	IR	319	.	3944099	0.319	0.687	116	34847	3927055	3936460	3952503	3961922	69854706	3840516	4090516	0	1732	9405	16043	spaced
SUPER_X2	59238485	59245230	IR	319	.	59242042	0.319	1.000	54	6774	59238485	59238746	59244969	59245230	69854706	59035831	59285831	54	3433	261	6223	spaced
SUPER_X2	10131353	10143241	IR	319	.	10137016	0.319	0.940	47	11862	10131353	10132185	10142420	10143241	69854706	9923190	10173190	0	3568	821	10235	spaced
SUPER_X2	20595961	20599719	IR	319	.	20597622	0.319	1.000	41	3783	20595961	20596123	20599557	20599719	69854706	20538235	20788235	41	993	162	3434	spaced
SUPER_X2	51910986	51929697	IR	319	.	51920449	0.319	0.987	38	86781	51910986	51911222	51929461	51929697	69854706	51786597	52036597	38	2228	236	18239	spaced
SUPER_X2	13411902	13536919	IR	319	.	13474140	0.319	0.915	33	124995	13411902	13412561	13536272	13536919	69854706	13327003	13577003	0	2456	647	123711	wide
SUPER_X2	56923536	56939906	IR	319	.	56932129	0.319	0.956	30	16354	56923536	56923921	56939521	56939910	69854706	56777834	57027834	0	2564	385	15600	spaced
SUPER_X2	22705750	22709093	IR	319	.	22707526	0.319	0.913	26	3419	22705750	22706006	22708837	22709096	69854706	22504958	22754958	26	3374	256	2831	spaced
SUPER_X2	64982762	65178806	IR	319	.	65080772	0.319	1.000	20	196003	64982762	64982803	65178765	65178806	69854706	64962879	65212879	108	1964	41	195962	wide
SUPER_X2	22314450	22326422	IR	318	.	22320713	0.318	0.950	157	11975	22314450	22315376	22325496	22326468	69854706	22104958	22354958	0	3591	926	10120	spaced
SUPER_X2	17612425	17620711	IR	318	.	17616074	0.318	0.937	104	8289	17612425	17613088	17620048	17620731	69854706	17498045	17748045	0	1975	663	6960	spaced
SUPER_X2	10479455	10504876	IR	318	.	10492578	0.318	0.926	54	25400	10479455	10480023	10504311	10504876	69854706	10273190	10523190	0	3649	565	24288	spaced
SUPER_X2	25898841	25918309	IR	318	.	25908878	0.318	0.834	47	19434	25898841	25900230	25916984	25918309	69854706	25877606	26127606	0	516	1325	16754	spaced
SUPER_X2	4998754	5202896	IR	318	.	5100679	0.318	0.644	20	204228	4998754	4998917	5202790	5202896	69854706	4958133	5208133	53	2378	106	203873	wide
SUPER_X2	2649207	2688653	IR	317	.	2668611	0.317	0.981	829	39427	2649207	2655276	2682584	2688659	69854706	2445209	2695209	0	3728	6069	27308	spaced
SUPER_X2	16622473	16653318	IR	317	.	16637506	0.317	0.965	129	30781	16622473	16623708	16652083	16653327	69854706	16416099	16666099	0	3696	1235	28375	spaced
SUPER_X2	25428666	25439607	IR	317	.	25434386	0.317	1.000	121	10916	25428666	25429339	25438934	25439607	69854706	25375406	25625406	0	978	673	9595	spaced
SUPER_X2	21799703	21803294	IR	317	.	21801944	0.317	0.929	99	3608	21799703	21800370	21802627	21803330	69854706	21617022	21867022	0	3074	667	2257	spaced
SUPER_X2	62751571	62847068	IR	317	.	62799715	0.317	0.392	37	95503	62751571	62784945	62813694	62847095	69854706	62633026	62883026	0	2771	33374	28749	spaced
SUPER_X2	5656046	5660634	IR	317	.	5658647	0.317	0.773	27	4526	5656046	5656598	5660082	5660669	69854706	5496419	5690129	0	2698	552	3484	spaced
SUPER_X2	52147600	52280665	IR	317	.	52214347	0.317	0.392	25	124495	52147600	52156281	52271984	52280670	69854706	52120377	52370377	28	1562	8681	115703	wide
SUPER_X2	61975244	62068969	IR	317	.	62022571	0.317	0.452	25	93704	61975244	61978355	62065860	62068969	69854706	61887141	62137141	0	2249	3109	87505	spaced
SUPER_X2	22934875	22938475	IR	317	.	22936402	0.317	0.951	22	3579	22934875	22935119	22938233	22938475	69854706	22704958	22954958	0	3861	242	3114	spaced
SUPER_X2	14168377	14221466	IR	316	.	14194851	0.316	0.974	218	53887	14168377	14169786	14220057	14221466	69854706	13977003	14227003	218	3631	1409	50271	spaced
SUPER_X2	2848260	2893382	IR	316	.	2871282	0.316	0.883	49	45081	2848260	2849634	2892066	2893382	69854706	2645209	2895209	0	3760	1316	42432	spaced
SUPER_X2	34122169	34125416	IR	316	.	34124126	0.316	0.983	30	3223	34122169	34122398	34125187	34125416	69854706	33903334	34153334	0	3674	229	2789	spaced
SUPER_X2	55072925	55151264	IR	316	.	55112253	0.316	0.401	29	118222	55072925	55080326	55143876	55151264	69854706	54999146	55249146	59	1882	7388	63550	spaced
SUPER_X2	3236665	3251299	IR	316	.	3244402	0.316	0.933	23	14615	3236665	3236920	3251053	3251299	69854706	3095209	3301172	0	2479	246	14133	spaced
SUPER_X2	41049415	41061609	IR	315	.	41055336	0.315	0.990	284	12526	41049415	41050665	41060364	41061609	69854706	40956076	41206076	286	1657	1245	9699	spaced
SUPER_X2	48707488	48716710	IR	315	.	48712315	0.315	1.000	83	9272	48707488	48707881	48716317	48716710	69854706	48515755	48765755	87	3272	393	8436	spaced
SUPER_X2	9878108	9886399	IR	315	.	9882064	0.315	0.943	24	8361	9878108	9878294	9886213	9886407	69854706	9673190	9923190	24	3484	186	7919	spaced
SUPER_X2	62612917	62635498	IR	315	.	62624437	0.315	0.525	22	22571	62612917	62613063	62635418	62635498	69854706	62433026	62683026	33	3186	80	22355	spaced
SUPER_X2	17889734	18004576	IR	315	.	17947614	0.315	0.969	20	114819	17889734	17889993	18004317	18004576	69854706	17848045	18098045	0	1651	259	114324	wide
SUPER_X2	51307432	51375691	IR	315	.	51341996	0.315	0.392	20	68237	51307432	51328800	51354323	51375723	69854706	51236597	51486597	0	1749	21368	25523	spaced
SUPER_X2	13954770	13969257	IR	314	.	13962306	0.314	0.995	638	14464	13954770	13958431	13965596	13969257	69854706	13727003	13977003	0	3916	3661	7165	spaced
SUPER_X2	4412995	4425501	IR	314	.	4419113	0.314	0.993	273	12801	4412995	4414223	4424276	4425501	69854706	4190516	4440516	277	3812	1225	10053	spaced
SUPER_X2	27889513	27892662	IR	314	.	27890993	0.314	0.981	146	3264	27889513	27890210	27891969	27892662	69854706	27682040	27932040	146	3483	693	1759	immediate
SUPER_X2	15245324	15249347	IR	314	.	15247824	0.314	0.956	139	4029	15245324	15246161	15248510	15249379	69854706	15199806	15449806	0	792	837	2349	spaced
SUPER_X2	47568426	47581407	IR	314	.	47575375	0.314	0.968	101	12963	47568426	47569055	47580780	47581407	69854706	47341208	47591208	0	3895	627	11725	spaced
SUPER_X2	18394942	18398813	IR	314	.	18396860	0.314	0.918	64	3994	18394942	18395601	18398154	18398831	69854706	18198045	18412065	68	3313	659	2553	spaced
SUPER_X2	69340704	69346321	IR	314	.	69343485	0.314	0.977	41	5639	69340704	69341052	69345973	69346321	69854706	69230706	69480706	41	1879	348	4921	spaced
SUPER_X2	4733494	4756795	IR	314	.	4745423	0.314	0.981	38	23274	4733494	4733759	4756530	4756795	69854706	4640516	4890516	0	1743	265	22771	spaced
SUPER_X2	6644544	6652036	IR	314	.	6648052	0.314	0.920	36	7521	6644544	6644989	6651597	6652036	69854706	6490329	6740329	36	2632	439	6608	spaced
SUPER_X2	66684400	66696185	IR	314	.	66690500	0.314	0.440	36	29338	66684400	66688569	66692065	66696185	69854706	66557654	66765146	51	2210	4120	3496	spaced
SUPER_X2	12974337	13008963	IR	314	.	12991843	0.314	0.872	22	34589	12974337	12974384	13008922	13008963	69854706	12927003	13177003	217	1077	41	34538	spaced
SUPER_X2	40050016	40109368	IR	314	.	40080126	0.314	0.378	21	59374	40050016	40068279	40091105	40109452	69854706	39894100	40144100	0	3093	18263	22826	spaced
SUPER_X2	48505020	48505907	IR	314	.	48505475	0.314	0.729	21	14585	48505020	48505173	48505754	48505961	69854706	48365755	48615755	24	2328	153	581	immediate
SUPER_X2	32932330	32936808	IR	313	.	32934310	0.313	0.999	112	4459	32932330	32933015	32936123	32936808	69854706	32855368	33075760	0	1319	685	3108	spaced
SUPER_X2	22431572	22445099	IR	313	.	22438139	0.313	1.000	52	13585	22431572	22431808	22444863	22445099	69854706	22204958	22454958	53	3889	236	13055	spaced
SUPER_X2	15518749	15523003	IR	313	.	15520381	0.313	0.981	37	4231	15518749	15519057	15522695	15523003	69854706	15299806	15549806	0	3684	308	3638	spaced
SUPER_X2	35848257	35850636	IR	313	.	35849535	0.313	0.993	25	2370	35848257	35848393	35850500	35850636	69854706	35838050	35858179	25	189	136	2107	spaced
SUPER_X2	44855823	44864213	IR	312	.	44860271	0.312	0.987	462	8381	44855823	44858499	44861537	44864231	69854706	44624006	44874006	0	3933	2676	3038	spaced
SUPER_X2	22660400	22704581	IR	312	.	22682128	0.312	0.942	198	44212	22660400	22661840	22703141	22704642	69854706	22454958	22704958	0	3792	1440	41301	spaced
SUPER_X2	28032049	28040549	IR	312	.	28036562	0.312	0.996	67	8477	28032049	28032497	28040101	28040549	69854706	28032040	28282040	0	70	448	7604	spaced
SUPER_X2	2089736	2105909	IR	312	.	2097836	0.312	0.400	57	16343	2089736	2097768	2097913	2105909	69854706	2077567	2151229	57	337	7996	145	immediate
SUPER_X2	44043969	44054953	IR	312	.	44048939	0.312	0.815	52	10957	44043969	44045259	44053678	44054953	69854706	43908420	44158420	0	2350	1275	8419	spaced
SUPER_X2	18880713	18904424	IR	312	.	18892901	0.312	0.897	44	23618	18880713	18881697	18903454	18904424	69854706	18662265	18912265	0	3838	970	21757	spaced
SUPER_X2	22007934	22055746	IR	312	.	22032188	0.312	0.846	39	47819	22007934	22008790	22054890	22055773	69854706	21959326	22104758	0	1208	856	46100	spaced
SUPER_X2	15202406	15224176	IR	311	.	15213180	0.311	0.999	273	22158	15202406	15203668	15222915	15224176	69854706	15099806	15349806	273	1891	1261	19247	spaced
SUPER_X2	35252992	35276112	IR	311	.	35264231	0.311	0.999	154	23090	35252992	35253871	35275233	35276112	69854706	35093806	35343806	0	2845	879	21362	spaced
SUPER_X2	29175404	29283904	IR	311	.	29229316	0.311	0.991	80	108479	29175404	29175934	29283374	29283905	69854706	29063062	29313062	0	2776	530	107440	wide
SUPER_X2	4774057	4786241	IR	311	.	4779791	0.311	0.452	67	12189	4774057	4780154	4780144	4786267	69854706	4740516	4957933	0	660	6097	-10	overlap
SUPER_X2	16217964	16276565	IR	311	.	16247535	0.311	0.893	25	58583	16217964	16219067	16275463	16276565	69854706	16085290	16312081	0	2699	1102	56396	spaced
SUPER_X2	19954319	19977112	IR	310	.	19965828	0.310	0.997	520	23309	19954319	19956723	19974710	19977112	69854706	19749359	19999359	520	3605	2402	17987	spaced
SUPER_X2	14509535	14531817	IR	310	.	14520789	0.310	0.984	342	23228	14509535	14511418	14529934	14531817	69854706	14377003	14599568	342	2394	1883	18516	spaced
SUPER_X2	28085499	28107466	IR	310	.	28096859	0.310	0.945	224	21947	28085499	28087239	28105774	28107466	69854706	27982040	28232040	0	1907	1692	18535	spaced
SUPER_X2	41062004	41066081	IR	310	.	41063698	0.310	0.986	145	4059	41062004	41062982	41065103	41066082	69854706	40956076	41206076	0	1799	978	2121	spaced
SUPER_X2	4427130	4435643	IR	310	.	4430967	0.310	0.987	132	8432	4427130	4428159	4434614	4435643	69854706	4190516	4440516	0	4014	1029	6455	spaced
SUPER_X2	44273020	44276199	IR	310	.	44274673	0.310	0.992	79	3271	44273020	44273498	44275721	44276199	69854706	44174006	44424006	79	1676	478	2223	spaced
SUPER_X2	35422550	35456150	IR	310	.	35438916	0.310	0.991	36	33579	35422550	35422774	35455927	35456150	69854706	35243806	35493806	0	3258	223	33153	spaced
SUPER_X2	38886553	39099986	IR	310	.	38992954	0.310	0.966	31	213407	38886553	38886902	39099637	39099990	69854706	38860528	39110528	0	2212	349	212735	wide
SUPER_X2	66307302	66312051	IR	310	.	66309710	0.310	0.834	31	153338	66307302	66307700	66311697	66312051	69854706	66207654	66457654	68	1700	354	3997	spaced
SUPER_X2	37874982	37880204	IR	310	.	37877531	0.310	1.000	22	5215	37874982	37875104	37880082	37880204	69854706	37632467	37882467	22	4085	122	4978	spaced
SUPER_X2	22180130	22202846	IR	309	.	22191609	0.309	1.000	500	23222	22180130	22182406	22200570	22202846	69854706	22104958	22354958	500	1442	2276	18164	spaced
SUPER_X2	49811608	49814575	IR	309	.	49813358	0.309	0.996	138	2942	49811608	49812442	49813741	49814575	69854706	49607753	49815476	0	3422	834	1299	immediate
SUPER_X2	69753336	69757360	IR	309	.	69755180	0.309	0.988	124	3967	69753336	69753829	69756867	69757365	69854706	69580706	69830706	334	2910	493	3038	spaced
SUPER_X2	13100578	13105278	IR	309	.	13102995	0.309	0.986	77	4806	13100578	13101002	13104854	13105278	69854706	12927003	13177003	77	2931	424	3852	spaced
SUPER_X2	16939895	16949881	IR	309	.	16945328	0.309	0.799	46	9961	16939895	16940854	16949010	16949881	69854706	16716099	16966099	0	3813	871	8156	spaced
SUPER_X2	25061888	25118675	IR	309	.	25090350	0.309	0.781	28	56905	25061888	25062109	25118454	25118719	69854706	24936776	25186776	45	2558	221	56345	spaced
SUPER_X2	37133262	37139585	IR	309	.	37135962	0.309	1.000	26	6300	37133262	37133409	37139438	37139585	69854706	36924735	37174735	0	3528	147	6029	spaced
SUPER_X2	49693396	49758717	IR	309	.	49726063	0.309	0.879	22	65258	49693396	49693593	49758520	49758727	69854706	49607753	49815476	51	1971	197	64927	spaced
SUPER_X2	66376	219492	IR	309	.	142941	0.309	0.000	21	76459	66376	66457	219475	219492	69854706	0	250000	21	2382	17	153018	wide
SUPER_X2	11905614	11914138	IR	308	.	11909510	0.308	1.000	45	8506	11905614	11905884	11913868	11914138	69854706	11889473	12139473	0	339	270	7984	spaced
SUPER_X2	2232116	2293174	IR	308	.	2262555	0.308	0.864	39	83022	2232116	2232776	2292523	2293174	69854706	2151429	2345009	78	1853	651	59747	spaced
SUPER_X2	26760021	26892647	IR	308	.	26825872	0.308	0.381	26	132608	26760021	26823933	26828792	26892647	69854706	26654240	26904240	0	2868	63855	4859	spaced
SUPER_X2	21741477	21756149	IR	307	.	21748425	0.307	0.925	55	14648	21741477	21742146	21755481	21756149	69854706	21517022	21767022	0	3863	668	13335	spaced
SUPER_X2	15348279	15429293	IR	307	.	15388800	0.307	0.970	50	81060	15348279	15348806	15428766	15429294	69854706	15249806	15499806	50	2316	527	79960	spaced
SUPER_X2	18581434	18582508	IR	307	.	18581807	0.307	0.810	36	140498	18581434	18581735	18582207	18582547	69854706	18412265	18662265	36	2828	301	472	immediate
SUPER_X2	63723886	63738386	IR	307	.	63731043	0.307	0.851	35	14527	63723886	63724269	63738040	63738386	69854706	63509273	63759273	42	3697	346	13771	spaced
SUPER_X2	3898372	3908914	IR	307	.	3903843	0.307	0.951	28	10547	3898372	3898554	3908732	3908914	69854706	3690516	3940516	28	3551	182	10178	spaced
SUPER_X2	54393423	54393980	IR	307	.	54393820	0.307	0.989	28	12817	54393423	54393597	54393806	54393980	69854706	54288277	54538277	28	1756	174	209	immediate
SUPER_X2	23240941	23245812	IR	307	.	23243462	0.307	1.000	22	4879	23240941	23241033	23245720	23245812	69854706	23213380	23463380	22	499	92	4687	spaced
SUPER_X2	41402719	41405718	IR	306	.	41404121	0.306	0.998	91	3094	41402719	41403163	41405274	41405718	69854706	41156076	41406076	91	4135	444	2111	spaced
SUPER_X2	58437208	58544950	IR	306	.	58490620	0.306	0.495	28	107593	58437208	58439071	58543087	58544974	69854706	58435831	58685831	0	920	1863	104016	wide
SUPER_X2	22488358	22505991	IR	306	.	22496733	0.306	1.000	27	17608	22488358	22488524	22505825	22505991	69854706	22304958	22554958	0	3203	166	17301	spaced
SUPER_X2	28152806	28171329	IR	306	.	28162111	0.306	0.973	25	18529	28152806	28153025	28171110	28171329	69854706	27982040	28232040	25	3000	219	18085	spaced
SUPER_X2	52365346	52382709	IR	305	.	52374256	0.305	0.989	122	17503	52365346	52366043	52382012	52382710	69854706	52170377	52420377	122	3394	697	15969	spaced
SUPER_X2	48064932	48109933	IR	305	.	48087045	0.305	0.806	119	44983	48064932	48073741	48101134	48109933	69854706	47891208	48115555	0	3270	8799	27393	spaced
SUPER_X2	19292430	19294629	IR	305	.	19293372	0.305	1.000	87	2260	19292430	19292810	19294249	19294629	69854706	19271952	19399159	87	359	380	1439	immediate
SUPER_X2	16084637	16157847	IR	305	.	16120856	0.305	0.838	58	73072	16084637	16089181	16153360	16157847	69854706	16035290	16285290	0	1432	4487	64179	spaced
SUPER_X2	59059809	59062048	IR	305	.	59060765	0.305	1.000	42	2261	59059809	59060013	59061844	59062048	69854706	58835831	59085831	42	3751	204	1831	immediate
SUPER_X2	16326265	16396261	IR	305	.	16360919	0.305	0.596	24	69972	16326265	16327325	16395275	16396261	69854706	16312281	16415899	0	816	986	67950	spaced
SUPER_X2	65255392	65323091	IR	305	.	65289692	0.305	0.467	23	67736	65255392	65257273	65321210	65323151	69854706	65112879	65362879	0	2939	1881	63937	spaced
SUPER_X2	59024450	59042915	IR	305	.	59033577	0.305	0.575	20	18521	59024450	59025670	59041695	59042979	69854706	58835831	59085831	25	3297	1220	16025	spaced
SUPER_X2	6020265	6037893	IR	304	.	6029160	0.304	0.891	54	17731	6020265	6021208	6036950	6037898	69854706	5840329	6090329	54	3145	943	15742	spaced
SUPER_X2	67620369	67694762	IR	304	.	67657989	0.304	0.730	30	74384	67620369	67621005	67694126	67694870	69854706	67614173	67864173	0	723	636	73121	spaced
SUPER_X2	24197329	24216719	IR	304	.	24206657	0.304	0.929	24	19373	24197329	24197636	24216412	24216722	69854706	24009138	24216735	0	3297	307	18776	spaced
SUPER_X2	57504646	57627133	IR	304	.	57566004	0.304	0.532	22	122492	57504646	57506173	57625614	57627133	69854706	57452976	57702976	22	1881	1519	119441	wide
SUPER_X2	63637894	63666982	IR	304	.	63652654	0.304	0.406	22	29093	63637894	63643746	63661130	63666988	69854706	63559273	63809273	27	1552	5852	17384	spaced
SUPER_X2	3995275	4000826	IR	303	.	3997854	0.303	0.984	42	72182	3995275	3995582	4000519	4000826	69854706	3940516	4190516	42	958	307	4937	spaced
SUPER_X2	16662262	16691496	IR	303	.	16676383	0.303	0.954	40	29215	16662262	16662824	16690935	16691496	69854706	16466099	16716099	0	3512	561	28111	spaced
SUPER_X2	39122353	39131552	IR	302	.	39127102	0.302	0.994	156	9309	39122353	39123035	39130870	39131556	69854706	38910528	39160528	156	3606	682	7835	spaced
SUPER_X2	2176575	2231846	IR	302	.	2204583	0.302	0.455	31	55191	2176575	2185416	2223005	2231893	69854706	2151429	2345009	0	879	8841	37589	spaced
SUPER_X2	17182540	17282639	IR	302	.	17232463	0.302	0.386	29	100570	17182540	17229539	17235656	17282639	69854706	17176989	17347845	29	926	46983	6117	spaced
SUPER_X2	46145817	46150640	IR	302	.	46148189	0.302	1.000	21	4811	46145817	46145913	46150544	46150640	69854706	45950558	46200558	21	3294	96	4631	spaced
SUPER_X2	1962126	1969543	IR	301	.	1965622	0.301	0.986	290	8033	1962126	1963923	1967746	1969543	69854706	1925980	1977133	290	664	1797	3823	spaced
SUPER_X2	42017741	42079901	IR	301	.	42048923	0.301	0.867	24	62119	42017741	42017786	42079862	42079901	69854706	41856076	42106076	248	3212	39	62076	spaced
SUPER_X2	819277	844100	IR	300	.	831353	0.300	0.860	51	24737	819277	820136	843281	844100	69854706	698683	948683	0	2216	819	23145	spaced
SUPER_X2	39597618	39600414	IR	299	.	39598847	0.299	0.974	40	2962	39597618	39597883	39600149	39600414	69854706	39366342	39616342	40	3877	265	2266	spaced
SUPER_X2	50529804	50716455	IR	299	.	50622871	0.299	0.478	35	186605	50529804	50529894	50716409	50716455	69854706	50514734	50764734	0	1806	46	186515	wide
SUPER_X2	18660577	18680749	IR	299	.	18670803	0.299	0.994	33	20199	18660577	18660741	18680585	18680749	69854706	18462265	18712265	33	3473	164	19844	spaced
SUPER_X2	64173761	64178663	IR	299	.	64176233	0.299	1.000	24	26950	64173761	64173878	64178546	64178663	69854706	64002903	64252903	24	2888	117	4668	spaced
SUPER_X2	23951930	23959384	IR	299	.	23955295	0.299	0.977	21	7433	23951930	23952105	23959209	23959384	69854706	23759138	24009138	0	3275	175	7104	spaced
SUPER_X2	6995139	6996116	IR	298	.	6995784	0.298	0.880	47	141517	6995139	6995445	6995810	6996152	69854706	6840329	7090329	47	2588	306	365	immediate
SUPER_X2	15010936	15017283	IR	297	.	15013705	0.297	0.930	67	6334	15010936	15011690	15016529	15017318	69854706	14879723	15099606	0	2239	754	4839	spaced
SUPER_X2	44981354	45041753	IR	297	.	45012022	0.297	0.850	64	59261	44981354	44986466	45036643	45041753	69854706	44975434	45225434	0	601	5110	50177	spaced
SUPER_X2	23580628	23589506	IR	295	.	23584603	0.295	0.989	21	8849	23580628	23580802	23589332	23589506	69854706	23363380	23613380	0	3694	174	8530	spaced
SUPER_X2	1213192	1218937	IR	293	.	1216253	0.293	0.993	84	5904	1213192	1213631	1218498	1218937	69854706	1009943	1253100	84	3435	439	4867	spaced
SUPER_X2	27544642	27549959	IR	292	.	27547705	0.292	0.872	77	5338	27544642	27545878	27548723	27550015	69854706	27382040	27632040	0	2754	1236	2845	spaced
SUPER_X2	32683660	32846473	IR	292	.	32765199	0.292	0.969	66	162937	32683660	32684179	32845954	32846475	69854706	32617897	32855168	67	2452	519	161775	wide
SUPER_X2	21353633	21356554	IR	288	.	21354596	0.288	0.998	72	2901	21353633	21354056	21356131	21356554	69854706	21120301	21370301	0	3913	423	2075	spaced
SUPER_X2	28221080	28234915	IR	285	.	28227869	0.285	1.000	81	13915	28221080	28221471	28234524	28234915	69854706	28032040	28282040	81	3265	391	13053	spaced
SUPER_X2	52126799	52130612	IR	264	.	52128338	0.264	0.992	42	3793	52126799	52127038	52130375	52130612	69854706	52120377	52370377	0	138	237	3337	spaced
scaffold_26	352800	459402	IR	351	.	405736	0.351	0.924	226	106583	352800	356360	455913	459402	819005	300000	550000	0	1768	3489	99553	spaced
scaffold_26	43581	66512	IR	342	.	55237	0.342	0.966	79	23006	43581	44052	66052	66512	819005	0	250000	79	917	460	22000	spaced
scaffold_26	552195	570701	IR	326	.	561679	0.326	0.956	138	18609	552195	553078	569818	570702	819005	400000	650000	107	2690	883	16740	spaced
scaffold_26	107478	244453	IR	325	.	176396	0.325	0.389	59	136804	107478	175992	175976	244453	819005	0	250000	0	2932	68477	-16	overlap
scaffold_26	712192	744835	IR	284	.	728885	0.284	0.919	63	32626	712192	713289	743738	744839	819005	500000	750000	0	3808	1097	30449	spaced
scaffold_289	3386	21508	IR	296	.	12407	0.296	0.997	82	18307	3386	3748	21146	21508	62827	0	62827	82	207	362	17398	spaced
scaffold_211	6	55754	IR	332	.	27532	0.332	1.000	1124	55724	6	6225	49535	55754	97090	0	97090	0	464	6219	43310	spaced
scaffold_322	1873	27971	IR	375	.	14478	0.375	0.878	31	26069	1873	3376	26475	27971	53606	0	53606	0	248	1496	23099	spaced
scaffold_59	263354	393128	IR	343	.	327968	0.343	0.960	71	129758	263354	264262	392220	393129	427830	150000	400000	0	2970	908	127958	wide
scaffold_59	205717	219756	IR	334	.	212764	0.334	0.994	968	15513	205717	210319	215157	219756	427830	0	250000	968	3545	4599	4838	spaced
scaffold_59	162039	165273	IR	334	.	163298	0.334	0.959	25	3216	162039	162306	165006	165274	427830	0	250000	0	2727	267	2700	spaced
scaffold_109	105038	109095	IR	335	.	106790	0.335	0.975	74	4041	105038	105644	108489	109099	221000	0	221000	0	1784	606	2845	spaced
scaffold_109	114847	120101	IR	301	.	117318	0.301	0.994	121	5427	114847	115474	119474	120101	221000	0	221000	121	1957	627	4000	spaced
scaffold_154	116111	134678	IR	314	.	125789	0.314	0.950	223	18545	116111	117758	133032	134678	145685	0	145685	0	2089	1646	15274	spaced
scaffold_154	17483	40099	IR	306	.	29009	0.306	0.999	528	23186	17483	19770	37812	40099	145685	0	145685	528	479	2287	18042	spaced
scaffold_88	209093	211942	IR	367	.	210522	0.367	0.861	29	2888	209093	209560	211475	211963	277366	50000	277366	33	2675	467	1915	immediate
scaffold_88	228512	247586	IR	323	.	237814	0.323	0.966	207	19240	228512	229591	246507	247587	277366	0	250000	214	3967	1079	16916	spaced
scaffold_88	45003	64157	IR	321	.	55072	0.321	1.000	50	19136	45003	45261	63899	64157	277366	0	250000	0	909	258	18638	spaced
scaffold_88	176524	184128	IR	316	.	179967	0.316	1.000	63	7584	176524	176873	183779	184128	277366	0	250000	0	3005	349	6906	spaced
scaffold_406	7289	12887	IR	298	.	10536	0.298	0.964	22	5576	7289	7566	12610	12887	28247	0	28247	0	167	277	5044	spaced
scaffold_390	4527	26066	IR	310	.	15457	0.310	0.865	23	21545	4527	4824	25769	26069	32256	0	32256	23	254	297	20945	spaced
scaffold_102	114545	118374	IR	357	.	116012	0.357	0.977	72	3807	114545	115166	117754	118374	240789	0	240789	0	1940	620	2588	spaced
scaffold_102	135409	142649	IR	316	.	138996	0.316	0.684	81	7280	135409	136768	141290	142654	240789	0	240789	81	2317	1359	4522	spaced
scaffold_102	158373	182733	IR	302	.	170784	0.302	0.878	21	24384	158373	158593	182513	182758	240789	0	240789	21	2842	220	23920	spaced
scaffold_65	136831	189486	IR	338	.	163509	0.338	0.992	3208	52641	136831	157292	169025	189506	365787	0	250000	0	2719	20461	11733	spaced
scaffold_65	243601	259529	IR	324	.	251931	0.324	0.945	29	15903	243601	244110	259020	259529	365787	150000	365787	0	1692	509	14910	spaced
scaffold_213	22884	64259	IR	360	.	43933	0.360	0.987	29	41352	22884	23115	64028	64260	96595	0	96595	0	726	231	40913	spaced
scaffold_200	27501	76042	IR	323	.	51700	0.323	0.890	23	48538	27501	27814	75729	76046	102079	0	102079	27	862	313	47915	spaced
scaffold_282	25086	30677	IR	309	.	27687	0.309	0.985	21	5584	25086	25221	30542	30677	65200	0	65200	21	464	135	5321	spaced
scaffold_282	34993	54220	IR	298	.	44819	0.298	1.000	29	19222	34993	35124	54089	54220	65200	0	65200	29	743	131	18965	spaced
scaffold_90	111820	115378	IR	392	.	113600	0.392	0.984	142	3979	111820	112639	114561	115378	274000	0	250000	142	1893	817	1922	immediate
scaffold_90	156563	220848	IR	336	.	188715	0.336	0.846	50	64934	156563	157726	219703	220848	274000	50000	274000	50	2311	1145	61977	spaced
scaffold_90	235899	239967	IR	326	.	238151	0.326	1.000	81	4133	235899	236291	239575	239967	274000	50000	274000	82	3132	392	3284	spaced
scaffold_34	572400	661553	IR	328	.	617410	0.328	0.943	540	89031	572400	579003	654967	661553	676093	450000	676093	0	2782	6586	75964	spaced
scaffold_34	123242	189185	IR	291	.	156423	0.291	0.940	40	65979	123242	123889	188538	189189	676093	0	250000	40	2603	647	64649	spaced
scaffold_171	36939	113833	IR	329	.	75063	0.329	0.916	153	76743	36939	39728	111052	113833	130310	0	130310	0	1256	2781	71324	spaced
scaffold_120	55222	63178	IR	342	.	58975	0.342	0.980	82	8054	55222	55857	62543	63178	192498	0	192498	82	986	635	6686	spaced
scaffold_82	98070	149780	IR	342	.	123941	0.342	0.973	248	51898	98070	99578	148272	149799	304891	0	250000	291	2065	1508	48694	spaced
scaffold_199	17298	20727	IR	323	.	19202	0.323	0.842	26	3444	17298	18385	19676	20727	103404	0	103404	26	316	1051	1291	immediate
scaffold_199	30068	55387	IR	323	.	42730	0.323	1.000	25	25323	30068	30187	55268	55387	103404	0	103404	25	711	119	25081	spaced
scaffold_311	4963	31192	IR	307	.	17703	0.307	0.416	63	26200	4963	16879	19349	31192	56112	0	56112	0	301	11843	2470	spaced
scaffold_50	199707	203524	IR	309	.	201135	0.309	0.831	46	3869	199707	200158	203073	203599	482179	0	250000	0	3360	451	2915	spaced
scaffold_50	298265	300955	IR	283	.	299393	0.283	0.995	32	2737	298265	298448	300772	300955	482179	100000	350000	32	3326	183	2324	spaced
scaffold_36	200640	327788	IR	355	.	264360	0.355	0.800	24	127337	200640	203056	325399	327788	638709	100000	350000	24	2736	2389	122343	wide
scaffold_36	513705	528264	IR	334	.	520755	0.334	0.971	122	14710	513705	514537	527432	528264	638709	300000	550000	131	3682	832	12895	spaced
scaffold_36	3873	197147	IR	323	.	100290	0.323	0.955	34	194858	3873	4183	196837	197147	638709	0	250000	25	1675	310	192654	wide
scaffold_36	582475	626323	IR	311	.	604591	0.311	0.974	220	44589	582475	583894	624904	626324	638709	400000	638709	222	3406	1419	41010	spaced
scaffold_36	335500	338461	IR	307	.	336583	0.307	0.992	124	2937	335500	336326	337635	338462	638709	100000	350000	0	3949	826	1309	immediate
scaffold_404	15065	17680	IR	313	.	16444	0.313	0.777	36	2677	15065	15349	17438	17680	29000	0	29000	36	272	242	2089	spaced
scaffold_268	27550	47048	IR	325	.	37691	0.325	0.951	203	19481	27550	29112	45504	47048	71000	0	71000	0	621	1544	16392	spaced
scaffold_268	4537	22945	IR	321	.	13684	0.321	1.000	34	18408	4537	4722	22760	22945	71000	0	71000	34	228	185	18038	spaced
scaffold_268	54890	69345	IR	314	.	61618	0.314	0.996	41	14427	54890	55145	69090	69345	71000	0	71000	0	1035	255	13945	spaced
scaffold_192	26753	31999	IR	317	.	29401	0.317	0.959	201	5541	26753	27758	30994	32037	105692	0	105692	219	489	1005	3236	spaced
scaffold_382	17222	22682	IR	338	.	19958	0.338	0.961	208	5751	17222	18314	21626	22682	35000	0	35000	219	332	1056	3312	spaced
scaffold_155	55111	74152	IR	330	.	64554	0.330	0.967	196	21855	55111	56355	72908	74153	144000	0	144000	196	1077	1244	16553	spaced
scaffold_73	90072	91960	IR	687	.	91016	0.687	0.992	90	2052	90072	90559	91473	91960	338000	0	250000	90	1516	487	914	immediate
scaffold_73	121651	127265	IR	336	.	124145	0.336	0.825	27	5457	121651	122858	126072	127265	338000	0	250000	0	2074	1193	3214	spaced
scaffold_73	114289	119610	IR	330	.	117067	0.330	1.000	216	5574	114289	115214	118685	119610	338000	0	250000	217	1949	925	3471	spaced
scaffold_173	67665	90573	IR	318	.	78991	0.318	0.990	114	23011	67665	68257	89981	90573	127491	0	127491	114	1318	592	21724	spaced
scaffold_156	130173	142710	IR	348	.	136901	0.348	0.915	43	12523	130173	131416	141467	142718	142742	0	142742	0	2273	1243	10051	spaced
scaffold_156	93821	113716	IR	308	.	103301	0.308	0.993	23	19874	93821	93967	113571	113716	142742	0	142742	0	1729	145	19604	spaced
scaffold_77	144052	149229	IR	341	.	146275	0.341	0.998	143	5152	144052	144858	148423	149229	331204	0	153227	0	2443	806	3565	spaced
scaffold_77	182734	302395	IR	334	.	242202	0.334	0.980	187	119636	182734	184318	300811	302395	331204	180634	331204	0	1032	1584	116493	wide
scaffold_77	21696	41201	IR	299	.	31906	0.299	0.994	22	19477	21696	21851	41046	41201	331204	0	153227	0	524	155	19195	spaced
scaffold_357	793	5699	IR	350	.	2912	0.350	1.000	95	4889	793	1316	5176	5699	43534	0	43534	0	53	523	3860	spaced
scaffold_133	53680	57520	IR	324	.	55710	0.324	1.000	61	3881	53680	53981	57219	57520	173170	0	173170	61	926	301	3238	spaced
scaffold_133	107492	144775	IR	300	.	125861	0.300	0.835	20	37295	107492	108243	144024	144805	173170	0	173170	0	2102	751	35781	spaced
scaffold_99	101654	156047	IR	376	.	128473	0.376	0.995	319	54369	101654	103492	154212	156047	246163	0	246163	0	2147	1835	50720	spaced
scaffold_313	15510	17713	IR	338	.	16611	0.338	0.986	53	2238	15510	15864	17359	17713	55954	0	55954	53	276	354	1495	immediate
scaffold_313	42247	55885	IR	289	.	49128	0.289	0.998	107	13740	42247	42738	55395	55885	55954	0	55954	107	817	490	12657	spaced
scaffold_72	196431	226439	IR	334	.	211859	0.334	0.970	109	29985	196431	197167	225721	226439	346681	0	250000	0	3523	718	28554	spaced
scaffold_239	77162	79361	IR	557	.	78262	0.557	0.935	88	2318	77162	77867	78688	79361	83460	0	83460	102	1304	673	821	immediate
scaffold_366	17536	39130	IR	338	.	28025	0.338	0.963	52	21515	17536	18106	38560	39130	39774	0	39774	0	472	570	20454	spaced
scaffold_147	57080	74652	IR	320	.	66163	0.320	0.979	138	17527	57080	57929	73813	74652	154195	0	154195	0	1097	839	15884	spaced
scaffold_147	123281	144662	IR	312	.	134077	0.312	0.996	369	21825	123281	125002	142943	144662	154195	0	154195	369	2232	1719	17941	spaced
scaffold_291	36343	37072	IR	374	.	36709	0.374	0.974	41	10276	36343	36615	36803	37072	62117	0	62117	41	611	269	188	immediate
scaffold_346	17002	34573	IR	348	.	26132	0.348	0.996	791	17554	17002	21590	29985	34575	45851	0	45851	0	429	4588	8395	spaced
scaffold_51	287866	291233	IR	373	.	289745	0.373	0.997	163	3561	287866	288657	290442	291233	479485	50000	300000	163	3992	791	1785	immediate
scaffold_51	182244	186596	IR	323	.	184803	0.323	0.964	67	4329	182244	182973	185867	186596	479485	0	250000	0	3073	729	2894	spaced
scaffold_51	82214	149788	IR	322	.	116434	0.322	0.900	37	67515	82214	83725	148277	149798	479485	0	250000	0	1933	1511	64552	spaced
scaffold_51	396886	408960	IR	320	.	403295	0.320	0.995	483	12046	396886	399808	406038	408960	479485	250000	479485	0	2548	2922	6230	spaced
scaffold_167	72904	110438	IR	324	.	91842	0.324	0.995	467	38109	72904	75287	108055	110438	134000	0	134000	467	1527	2383	32768	spaced
scaffold_167	48747	70083	IR	311	.	59529	0.311	0.999	371	21826	48747	50457	68373	70083	134000	0	134000	371	990	1710	17916	spaced
scaffold_123	34281	148534	IR	336	.	91243	0.336	0.850	64	114514	34281	36868	145989	148534	187223	0	187223	64	1523	2545	109121	wide
scaffold_310	28816	48537	IR	348	.	38454	0.348	0.958	59	19872	28816	29331	48022	48544	56580	0	56580	59	644	515	18691	spaced
scaffold_83	4979	7409	IR	336	.	5945	0.336	0.963	59	2411	4979	5442	6956	7409	303326	0	250000	0	103	453	1514	immediate
scaffold_83	282851	301010	IR	326	.	291992	0.326	0.958	23	18148	282851	283116	300745	301010	303326	100000	303326	23	3198	265	17629	spaced
scaffold_83	148586	152759	IR	319	.	150350	0.319	0.885	23	4161	148586	149058	152287	152765	303326	0	250000	0	2511	472	3229	spaced
scaffold_83	236738	249025	IR	312	.	242433	0.312	0.901	20	12268	236738	236924	248839	249025	303326	0	250000	0	4047	186	11915	spaced
scaffold_83	195135	203682	IR	284	.	199285	0.284	0.966	29	8575	195135	195398	203419	203682	303326	0	250000	29	3323	263	8021	spaced
scaffold_121	27680	179650	IR	310	.	103164	0.310	0.874	20	151951	27680	28010	179320	179661	190831	0	190831	0	1727	330	151310	wide
scaffold_170	75684	85669	IR	323	.	81086	0.323	0.952	31	9954	75684	76061	85292	85670	132020	0	132020	0	1344	377	9231	spaced
scaffold_170	100000	114102	IR	301	.	107391	0.301	0.872	31	14057	100000	100436	113704	114102	132020	0	132020	0	1784	398	13268	spaced
scaffold_49	240774	243860	IR	432	.	242281	0.432	0.865	72	3125	240774	241337	243360	243860	497888	50000	300000	75	3205	500	2023	spaced
scaffold_49	243896	249094	IR	371	.	246897	0.371	0.982	62	5174	243896	244350	248644	249094	497888	0	250000	0	4108	450	4294	spaced
scaffold_49	414882	447536	IR	339	.	431059	0.339	0.896	25	32658	414882	415216	447202	447546	497888	200000	450000	25	3853	334	31986	spaced
scaffold_49	105869	108401	IR	337	.	107135	0.337	0.990	52	97124	105869	106183	108087	108401	497888	0	250000	53	1785	314	1904	immediate
scaffold_49	194923	200966	IR	320	.	198342	0.320	0.956	79	6025	194923	195777	200112	200966	497888	0	250000	0	3298	854	4335	spaced
scaffold_87	164797	174429	IR	340	.	169778	0.340	0.925	20	9646	164797	165104	174129	174429	277693	50000	277693	24	1993	300	9025	spaced
scaffold_246	58197	77227	IR	323	.	68036	0.323	0.960	158	19009	58197	59404	76020	77236	80180	0	80180	0	1128	1207	16616	spaced
scaffold_266	31373	38060	IR	305	.	34331	0.305	0.860	21	6663	31373	31673	37792	38060	71272	0	71272	0	578	268	6119	spaced
scaffold_339	14427	26416	IR	296	.	20556	0.296	0.966	22	11994	14427	14717	26126	26417	47859	0	47859	22	340	290	11409	spaced
scaffold_265	15415	19115	IR	323	.	17185	0.323	0.997	70	3771	15415	15711	18819	19115	71502	0	71502	70	287	296	3108	spaced
scaffold_265	47139	62221	IR	316	.	55017	0.316	0.991	350	15047	47139	49397	59963	62223	71502	0	71502	0	911	2258	10566	spaced
scaffold_158	97478	116139	IR	311	.	107119	0.311	0.957	308	18635	97478	99351	114344	116139	141515	0	141515	0	1780	1795	14993	spaced
scaffold_119	33053	194851	IR	375	.	114278	0.375	0.424	78	90801	33053	104722	123182	194958	195000	0	195000	0	1899	71669	18460	spaced
scaffold_416	37	18906	IR	321	.	9167	0.321	0.988	21	18839	37	198	18745	18906	26580	0	26580	0	157	161	18547	spaced
scaffold_332	31223	49555	IR	332	.	40142	0.332	0.991	93	18361	31223	31333	49445	49555	50816	0	50816	21	673	110	18112	spaced
scaffold_332	26303	29840	IR	325	.	28295	0.325	0.979	61	3934	26303	26632	29511	29840	50816	0	50816	54	467	329	2879	spaced
scaffold_332	11	8538	IR	324	.	3824	0.324	1.000	496	8502	11	2711	5838	8538	50816	0	50816	0	71	2700	3127	spaced
scaffold_78	212890	252760	IR	331	.	232854	0.331	0.873	39	39892	212890	213979	251709	252760	330163	100000	330163	39	2213	1051	37730	spaced
scaffold_183	28320	38640	IR	334	.	33489	0.334	0.921	48	10447	28320	28973	37987	38643	114000	0	114000	48	557	653	9014	spaced
scaffold_183	46411	63610	IR	322	.	54637	0.322	0.999	850	17174	46411	51131	58890	63610	114000	0	114000	0	916	4720	7759	spaced
scaffold_40	91853	105237	IR	349	.	98175	0.349	0.889	321	13364	91853	95407	101686	105237	588673	0	250000	0	1642	3551	6279	spaced
scaffold_40	160867	333057	IR	339	.	246930	0.339	0.856	24	172196	160867	161318	332606	333062	588673	100000	350000	24	2449	451	171288	wide
scaffold_40	356716	378728	IR	312	.	368160	0.312	0.990	26	21976	356716	356924	378520	378728	588673	150000	400000	0	3628	208	21596	spaced
scaffold_40	129369	148594	IR	312	.	139461	0.312	0.916	22	19216	129369	129561	148402	148605	588673	100000	350000	0	649	192	18841	spaced
scaffold_210	29531	32329	IR	332	.	30930	0.332	0.940	37	2792	29531	29928	31932	32329	97175	0	97175	37	515	397	2004	spaced
scaffold_210	48773	61298	IR	325	.	55520	0.325	0.971	109	12506	48773	49470	60601	61315	97175	0	97175	0	917	697	11131	spaced
scaffold_372	6639	9008	IR	324	.	7734	0.324	0.923	20	2382	6639	6978	8669	9008	37761	0	37761	20	130	339	1691	immediate
scaffold_127	71143	88404	IR	324	.	79945	0.324	0.856	32	17399	71143	71697	87850	88449	180835	0	180835	32	1329	554	16153	spaced
scaffold_127	174673	180823	IR	314	.	177289	0.314	0.990	48	6127	174673	174982	180514	180823	180835	0	180835	0	2962	309	5532	spaced
scaffold_127	26460	49173	IR	313	.	37939	0.313	0.994	377	23139	26460	28276	47357	49174	180835	0	180835	377	630	1816	19081	spaced
scaffold_454	15505	17708	IR	345	.	16592	0.345	0.950	63	2332	15505	16009	17215	17708	18448	0	18448	65	276	493	1206	immediate
scaffold_163	63928	72942	IR	316	.	67989	0.316	0.797	45	8988	63928	65228	71698	72942	138194	0	138194	0	1140	1244	6470	spaced
scaffold_55	226829	230437	IR	420	.	228336	0.420	0.818	23	3464	226829	227524	229742	230437	447893	150000	400000	0	1310	695	2218	spaced
scaffold_55	55941	65224	IR	328	.	61050	0.328	0.995	98	9264	55941	56550	64615	65224	447893	0	250000	0	1009	609	8065	spaced
scaffold_55	235856	255299	IR	319	.	245349	0.319	0.936	33	19817	235856	236006	255149	255306	447893	100000	350000	17	2426	150	19143	spaced
scaffold_55	119137	139136	IR	312	.	128700	0.312	0.994	25	19970	119137	119295	138978	139136	447893	0	250000	0	2152	158	19683	spaced
scaffold_384	880	33839	IR	306	.	17427	0.306	0.538	28	33229	880	951	33800	33839	34707	0	34707	106	289	39	32849	spaced
scaffold_194	24479	34050	IR	330	.	29016	0.330	0.931	76	9690	24479	24965	33567	34050	105000	0	105000	76	487	483	8602	spaced
scaffold_74	258126	318899	IR	333	.	288767	0.333	1.000	79	60745	258126	258592	318433	318899	337229	100000	337229	0	3141	466	59841	spaced
scaffold_74	57802	68504	IR	318	.	63639	0.318	0.919	272	10677	57802	61205	65101	68505	337229	0	250000	0	1052	3403	3896	spaced
scaffold_238	51110	55231	IR	306	.	53593	0.306	0.978	105	4101	51110	51848	54501	55231	84394	0	84394	0	886	730	2653	spaced
scaffold_325	29597	32132	IR	317	.	30507	0.317	0.996	119	2516	29597	30336	31393	32132	53000	0	53000	0	514	739	1057	immediate
scaffold_143	86337	105645	IR	325	.	95693	0.325	0.999	207	19288	86337	87595	104387	105645	157194	0	157194	0	1599	1258	16792	spaced
scaffold_143	53778	71217	IR	321	.	62389	0.321	1.000	76	17521	53778	54145	70850	71217	157194	0	157194	81	1041	367	16705	spaced
scaffold_143	113380	156460	IR	320	.	135237	0.320	0.979	36	43060	113380	113661	156179	156460	157194	0	157194	0	2248	281	42518	spaced
scaffold_76	110428	220395	IR	345	.	165471	0.345	0.971	63	110102	110428	110912	219911	220395	335458	0	250000	63	2756	484	108999	wide
scaffold_76	236832	272308	IR	335	.	254105	0.335	0.895	33	35457	236832	237645	271500	272308	335458	50000	300000	0	3409	808	33855	spaced
scaffold_76	89164	104556	IR	318	.	96625	0.318	0.989	28	15391	89164	89341	104379	104556	335458	0	250000	28	1614	177	15038	spaced
scaffold_76	38058	44232	IR	309	.	41133	0.309	0.957	106	6283	38058	38619	43671	44244	335458	0	250000	106	685	561	5052	spaced
scaffold_307	35864	53463	IR	323	.	45008	0.323	0.941	195	17582	35864	37166	52233	53463	57096	0	57096	0	744	1230	15067	spaced
scaffold_161	67427	91747	IR	300	.	79782	0.300	0.956	56	24366	67427	67710	91464	91754	140003	0	140003	56	1326	283	23754	spaced
scaffold_69	335452	355906	IR	334	.	345293	0.334	0.823	28	20431	335452	336175	355183	355906	357392	150000	357392	0	3261	723	19008	spaced
scaffold_69	8853	41526	IR	319	.	24722	0.319	0.924	91	32649	8853	10729	39650	41527	357392	0	250000	0	419	1876	28921	spaced
scaffold_69	42053	62389	IR	307	.	52314	0.307	0.984	35	20382	42053	42296	62146	62389	357392	0	250000	35	870	243	19850	spaced
scaffold_69	77463	166087	IR	301	.	121363	0.301	0.812	24	88411	77463	79915	163713	166087	357392	50000	300000	0	1196	2374	83798	spaced
scaffold_105	91211	173081	IR	443	.	132551	0.443	0.465	75	81852	91211	106230	158081	173081	236267	0	236267	0	2202	15000	51851	spaced
scaffold_224	9364	52370	IR	330	.	30674	0.330	0.947	95	43505	9364	10204	51530	52376	90594	0	90594	95	514	840	41326	spaced
scaffold_106	176412	192128	IR	329	.	184222	0.329	0.967	20	15706	176412	176658	191883	192128	235000	0	235000	20	3071	245	15225	spaced
scaffold_106	97763	116298	IR	318	.	107047	0.318	0.916	78	18633	97763	98885	115189	116298	235000	0	235000	80	1783	1109	16304	spaced
scaffold_225	9093	88406	IR	330	.	48347	0.330	0.990	821	79284	9093	14258	83252	88406	90349	0	90349	0	812	5154	68994	spaced
scaffold_118	35616	37500	IR	508	.	36558	0.508	0.976	41	11622	35616	35907	37209	37500	196000	0	196000	41	609	291	1302	immediate
scaffold_118	70755	75107	IR	323	.	73314	0.323	0.964	67	4329	70755	71484	74378	75107	196000	0	196000	0	1215	729	2894	spaced
scaffold_118	80284	144261	IR	317	.	111902	0.317	0.862	109	63965	80284	84308	140237	144270	196000	0	196000	0	1871	4024	55929	spaced
scaffold_226	79173	85649	IR	294	.	82719	0.294	0.983	21	6457	79173	79351	85471	85649	90285	43256	90285	0	652	178	6120	spaced
scaffold_104	104947	109087	IR	326	.	107312	0.326	0.929	77	4121	104947	105625	108442	109087	238993	0	238993	0	1783	645	2817	spaced
scaffold_284	39524	57727	IR	316	.	48956	0.316	0.811	34	18122	39524	40290	56970	57727	65000	0	65000	0	810	757	16680	spaced
scaffold_27	111329	181474	IR	519	.	146316	0.519	0.929	97	70227	111329	111892	180911	181493	801000	50000	300000	98	1606	563	69019	spaced
scaffold_27	384027	593554	IR	401	.	488974	0.401	0.949	110	221869	384027	471080	506501	593588	801000	350000	600000	110	2313	87053	35421	spaced
scaffold_27	206464	244156	IR	350	.	225093	0.350	0.883	116	37729	206464	207192	243448	244156	801000	0	250000	18	3755	708	36256	spaced
scaffold_27	715721	740070	IR	319	.	727901	0.319	0.931	59	24426	715721	716258	739533	740070	801000	500000	750000	59	3798	537	23275	spaced
scaffold_27	183086	204044	IR	297	.	193605	0.297	0.977	40	21015	183086	183390	203741	204044	801000	50000	300000	40	2392	303	20351	spaced
scaffold_95	110375	129019	IR	363	.	120173	0.363	0.889	26	18626	110375	111470	127939	129019	264000	0	250000	0	1994	1080	16469	spaced
scaffold_187	18713	40579	IR	331	.	29718	0.331	0.946	94	22190	18713	19716	39576	40580	109000	0	109000	99	493	1003	19860	spaced
scaffold_196	21121	91874	IR	319	.	56990	0.319	0.918	607	70733	21121	32679	80316	91924	104496	0	104496	0	941	11558	47637	spaced
scaffold_207	21395	41143	IR	318	.	31662	0.318	0.954	28	19731	21395	21655	40883	41145	98000	0	98000	0	521	260	19228	spaced
scaffold_60	272372	355138	IR	361	.	313985	0.361	0.813	67	83269	272372	275547	351963	355210	389399	150000	389399	67	2729	3175	76416	spaced
scaffold_60	104771	108679	IR	329	.	106228	0.329	0.980	94	3886	104771	105416	108038	108679	389399	0	250000	0	1778	641	2622	spaced
scaffold_60	65747	68439	IR	326	.	66677	0.326	0.981	40	2673	65747	66120	68068	68439	389399	0	250000	0	1118	371	1948	immediate
scaffold_152	90126	101326	IR	317	.	96178	0.317	0.864	33	11200	90126	91204	100248	101344	147000	0	147000	0	1595	1078	9044	spaced
scaffold_114	123610	130644	IR	342	.	127400	0.342	0.924	27	7013	123610	124081	130178	130644	210529	0	210529	0	2118	466	6097	spaced
scaffold_114	1426	14715	IR	337	.	8495	0.337	0.818	66	13272	1426	5308	10905	14715	210529	0	210529	0	134	3810	5597	spaced
scaffold_114	182939	190359	IR	319	.	186945	0.319	0.973	36	7402	182939	183240	190058	190359	210529	0	210529	0	3110	301	6818	spaced
scaffold_108	60211	204275	IR	339	.	132433	0.339	0.899	25	144081	60211	60439	204056	204275	226583	0	226583	25	2203	219	143617	wide
scaffold_108	21560	50805	IR	297	.	36458	0.297	0.980	39	29223	21560	21906	50459	50805	226583	0	226583	0	602	346	28553	spaced
scaffold_251	72302	75496	IR	328	.	73531	0.328	0.993	23	3143	72302	72451	75347	75496	75507	0	75507	0	1231	149	2896	spaced
scaffold_288	39681	47484	IR	311	.	43406	0.311	0.956	49	7960	39681	40241	46924	47486	63000	0	63000	49	726	560	6683	spaced
scaffold_22	765711	767725	IR	522	.	766718	0.522	0.989	49	2060	765711	765987	767449	767725	1076682	550000	800000	49	3611	276	1462	immediate
scaffold_22	29899	58056	IR	394	.	44110	0.394	0.872	69	29056	29899	32955	55000	58063	1076682	0	250000	69	732	3056	22045	spaced
scaffold_22	499296	648359	IR	380	.	573384	0.380	0.988	552	149018	499296	503078	644577	648360	1076682	400000	650000	0	2896	3782	141499	wide
scaffold_22	878253	1009845	IR	339	.	944444	0.339	0.838	103	131574	878253	881313	1006829	1009845	1076682	850000	1076682	0	1567	3016	125516	wide
scaffold_22	420192	429607	IR	334	.	425012	0.334	0.702	22	9498	420192	420323	429476	429643	1076682	200000	450000	38	3748	131	9153	spaced
scaffold_22	260914	405015	IR	332	.	333150	0.332	0.647	32	144171	260914	260965	404964	405047	1076682	250000	500000	75	1382	51	143999	wide
scaffold_22	452307	471722	IR	323	.	462159	0.323	1.000	524	20083	452307	454580	469449	471722	1076682	250000	500000	524	3533	2273	14869	spaced
scaffold_22	718024	735852	IR	316	.	727109	0.316	0.913	31	18112	718024	718381	735495	735853	1076682	550000	800000	31	2948	357	17114	spaced
scaffold_22	775095	796757	IR	313	.	785654	0.313	0.990	42	21622	775095	775400	796452	796757	1076682	550000	800000	0	3931	305	21052	spaced
scaffold_22	679264	708080	IR	309	.	693457	0.309	0.988	73	28902	679264	679674	707670	708080	1076682	500000	750000	73	3227	410	27996	spaced
scaffold_22	814166	855141	IR	304	.	834645	0.304	0.883	49	41936	814166	814954	854391	855141	1076682	700000	950000	49	2244	750	39437	spaced
scaffold_45	140555	165159	IR	571	.	153300	0.571	0.895	129	24585	140555	143391	162326	165159	536808	50000	300000	0	1714	2833	18935	spaced
scaffold_45	267091	345391	IR	336	.	306484	0.336	0.902	39	78242	267091	268601	343881	345402	536808	200000	450000	0	1770	1510	75280	spaced
scaffold_45	204842	220464	IR	336	.	213097	0.336	0.899	35	15603	204842	205775	219531	220465	536808	200000	450000	0	210	933	13756	spaced
scaffold_45	44014	87652	IR	329	.	65799	0.329	0.974	313	44196	44014	46292	85374	87652	536808	0	250000	313	1097	2278	39082	spaced
scaffold_19	1286407	1289398	IR	437	.	1287908	0.437	0.953	90	3079	1286407	1287012	1288796	1289398	1302000	1100000	1302000	100	3131	602	1784	immediate
scaffold_19	90874	292592	IR	329	.	191514	0.329	0.850	20	201753	90874	91401	292065	292601	1302000	50000	300000	20	2362	527	200664	wide
scaffold_19	771373	773538	IR	326	.	772224	0.326	0.781	25	2212	771373	771580	773331	773570	1302000	550000	800000	25	3707	207	1751	immediate
scaffold_19	15576	64194	IR	322	.	39927	0.322	0.901	64	48843	15576	17537	62244	64194	1302000	0	250000	64	664	1950	44707	spaced
scaffold_19	1055751	1061417	IR	321	.	1058499	0.321	0.940	150	5925	1055751	1056591	1060577	1061458	1302000	850000	1100000	160	3476	840	3986	spaced
scaffold_19	294183	311311	IR	314	.	302562	0.314	0.866	34	17166	294183	294654	310885	311311	1302000	200000	450000	34	1712	426	16231	spaced
scaffold_19	1209058	1212413	IR	294	.	1210484	0.294	0.991	31	3333	1209058	1209285	1212186	1212413	1302000	1000000	1250000	0	3512	227	2901	spaced
scaffold_19	819849	842804	IR	289	.	831339	0.289	0.931	24	22955	819849	820177	842476	842810	1302000	600000	850000	24	3855	328	22299	spaced
scaffold_328	30961	34371	IR	328	.	32977	0.328	0.995	90	3391	30961	31520	33812	34371	52277	0	52277	0	544	559	2292	spaced
scaffold_253	41034	47497	IR	331	.	44148	0.331	0.949	75	6574	41034	41717	46814	47506	75000	0	75000	75	737	683	5097	spaced
scaffold_276	42279	44423	IR	451	.	43353	0.451	0.986	94	2223	42279	42777	43925	44427	67000	0	67000	94	722	498	1148	immediate
scaffold_351	3575	16824	IR	326	.	10318	0.326	0.947	57	13392	3575	4326	16076	16824	44753	0	44753	57	169	748	11750	spaced
scaffold_198	3498	9829	IR	346	.	7074	0.346	0.889	44	6194	3498	4724	8605	9829	103851	0	103851	0	110	1224	3881	spaced
scaffold_32	443037	446417	IR	517	.	445059	0.517	0.993	75	3347	443037	443573	445881	446418	716295	200000	450000	0	4078	536	2308	spaced
scaffold_32	586711	609121	IR	379	.	598034	0.379	0.993	52	22431	586711	586997	608835	609121	716295	400000	650000	52	3298	286	21838	spaced
scaffold_32	338811	364591	IR	352	.	351301	0.352	0.911	72	25792	338811	339884	363518	364622	716295	200000	450000	0	2528	1073	23634	spaced
scaffold_32	190765	203559	IR	326	.	197160	0.326	1.000	74	12862	190765	191098	203226	203559	716295	0	250000	74	3285	333	12128	spaced
scaffold_32	12695	29213	IR	323	.	21036	0.323	0.816	82	17000	12695	14244	27664	29226	716295	0	250000	90	349	1549	13420	spaced
scaffold_32	689737	692244	IR	313	.	690981	0.313	0.961	33	2573	689737	690021	691960	692244	716295	450000	700000	35	4016	284	1939	immediate
scaffold_32	163926	170223	IR	311	.	166591	0.311	0.957	225	6272	163926	165425	168772	170223	716295	0	250000	0	2784	1451	3347	spaced
scaffold_32	556223	580822	IR	302	.	568468	0.302	0.992	105	24762	556223	556754	580291	580822	716295	350000	600000	105	3641	531	23537	spaced
scaffold_86	71640	91111	IR	321	.	81642	0.321	0.989	220	19449	71640	73101	89658	91111	294690	0	250000	0	1356	1453	16557	spaced
scaffold_86	112567	132768	IR	313	.	122856	0.313	0.933	95	20319	112567	113067	132268	132786	294690	0	250000	95	2044	500	19201	spaced
scaffold_160	90344	97265	IR	331	.	94072	0.331	0.984	285	6888	90344	92106	95515	97265	140665	0	140665	0	1563	1750	3409	spaced
scaffold_137	49616	60881	IR	343	.	55533	0.343	0.987	44	11246	49616	49918	60579	60881	165657	0	165657	0	920	302	10661	spaced
scaffold_137	96715	109006	IR	336	.	103337	0.336	0.976	63	12240	96715	97258	108463	109007	165657	0	165657	0	1714	543	11205	spaced
scaffold_137	118370	161020	IR	333	.	139655	0.333	0.862	25	42473	118370	118703	160715	161020	165657	0	165657	36	2328	305	42012	spaced
scaffold_28	714485	719884	IR	528	.	717197	0.528	0.918	217	5511	714485	716412	717982	719884	773000	500000	750000	233	3619	1902	1570	immediate
scaffold_28	267178	269338	IR	520	.	268258	0.520	0.925	88	2316	267178	267534	268982	269367	773000	50000	300000	88	3637	356	1448	immediate
scaffold_28	137204	139378	IR	460	.	138291	0.460	0.920	79	2317	137204	137575	139007	139406	773000	0	250000	79	2304	371	1432	immediate
scaffold_28	486009	495188	IR	336	.	490908	0.336	0.872	85	9159	486009	486834	494427	495188	773000	350000	600000	0	2343	761	7593	spaced
scaffold_28	311056	314602	IR	326	.	313249	0.326	0.998	111	3527	311056	311694	313964	314602	773000	100000	350000	0	3547	638	2270	spaced
scaffold_28	691748	711011	IR	308	.	701120	0.308	0.955	29	19246	691748	691991	710768	711013	773000	500000	750000	0	3356	243	18777	spaced
scaffold_28	70156	93488	IR	305	.	81413	0.305	0.966	21	23306	70156	70360	93289	93488	773000	0	250000	0	1363	199	22929	spaced
scaffold_394	3815	8035	IR	335	.	5929	0.335	0.990	78	4266	3815	4221	7629	8035	31384	0	31384	78	98	406	3408	spaced
scaffold_259	37019	56384	IR	326	.	47087	0.326	0.999	191	19336	37019	38055	55348	56384	73000	0	73000	0	778	1036	17293	spaced
scaffold_204	89855	97670	IR	436	.	93863	0.436	0.978	75	7908	89855	90353	97172	97670	99000	0	99000	75	1562	498	6819	spaced
scaffold_125	31569	98975	IR	345	.	65513	0.345	0.956	64	67383	31569	32322	98222	98977	184273	0	184273	0	1087	753	65900	spaced
scaffold_125	110207	135492	IR	323	.	122902	0.323	0.921	28	25326	110207	110649	135058	135492	184273	0	184273	28	2047	434	24409	spaced
scaffold_125	137503	159833	IR	308	.	148572	0.308	0.954	220	22872	137503	139253	158083	159837	184273	0	184273	220	2477	1750	18830	spaced
scaffold_252	32152	50045	IR	286	.	41262	0.286	0.971	276	18705	32152	33779	48436	50045	75249	0	75249	276	684	1609	14657	spaced
scaffold_31	144641	153722	IR	395	.	149121	0.395	0.932	139	9282	144641	145325	153038	153770	720423	0	235000	141	2486	684	7713	spaced
scaffold_31	420227	447592	IR	336	.	433418	0.336	0.803	39	27341	420227	421575	446303	447592	720423	379642	629642	0	904	1289	24728	spaced
scaffold_31	550910	569778	IR	325	.	560627	0.325	0.962	261	18836	550910	553049	567655	569778	720423	429642	679642	0	2178	2123	14606	spaced
scaffold_31	590972	660283	IR	322	.	625377	0.322	0.945	127	69306	590972	592675	658580	660298	720423	429642	679642	0	3266	1703	65905	spaced
scaffold_31	58481	77635	IR	321	.	67566	0.321	0.992	43	19136	58481	58739	77377	77635	720423	0	235000	0	1134	258	18638	spaced
scaffold_31	661635	683905	IR	312	.	672866	0.312	0.985	388	23056	661635	663609	681940	683905	720423	479642	720423	388	3218	1965	18331	spaced
scaffold_31	482751	489027	IR	312	.	486397	0.312	0.863	63	6302	482751	483940	487838	489070	720423	429642	679642	0	937	1189	3898	spaced
scaffold_31	295811	313433	IR	281	.	304756	0.281	0.955	21	17656	295811	296080	313165	313433	720423	235200	379442	21	1156	268	17085	spaced
scaffold_13	21180	25554	IR	546	.	23367	0.546	0.936	105	4840	21180	22586	24148	25556	1938000	0	250000	105	389	1406	1562	immediate
scaffold_13	1358062	1362677	IR	377	.	1360369	0.377	0.918	104	4795	1358062	1359899	1360840	1362677	1938000	1200000	1450000	104	2672	1837	941	immediate
scaffold_13	487041	657208	IR	344	.	571657	0.344	0.932	181	170174	487041	489292	654957	657261	1938000	450000	700000	0	2035	2251	165665	wide
scaffold_13	220861	302780	IR	342	.	261788	0.342	0.973	31	82045	220861	221049	302592	302780	1938000	150000	400000	31	1863	188	81543	spaced
scaffold_13	1097038	1296583	IR	335	.	1196892	0.335	0.974	99	199762	1097038	1097724	1295897	1296583	1938000	1050000	1300000	99	2446	686	198173	wide
scaffold_13	1654914	1670636	IR	332	.	1663042	0.332	0.938	54	15710	1654914	1655533	1670017	1670641	1938000	1450000	1700000	0	3546	619	14484	spaced
scaffold_13	933014	947057	IR	332	.	939597	0.332	0.933	22	14036	933014	933315	946756	947068	1938000	700000	950000	0	4000	301	13441	spaced
scaffold_13	1502037	1528480	IR	328	.	1514813	0.328	0.939	221	26424	1502037	1503548	1526992	1528480	1938000	1350000	1600000	0	2754	1488	23444	spaced
scaffold_13	815580	837371	IR	326	.	826776	0.326	0.966	45	21779	815580	815950	837001	837378	1938000	600000	850000	0	3774	370	21051	spaced
scaffold_13	851382	857474	IR	323	.	854897	0.323	0.982	265	6072	851382	853210	855647	857474	1938000	700000	950000	0	2573	1827	2437	spaced
scaffold_13	1365992	1371517	IR	322	.	1369114	0.322	0.932	80	5506	1365992	1367760	1369751	1371517	1938000	1150000	1400000	0	3645	1766	1991	immediate
scaffold_13	1585117	1607918	IR	312	.	1596065	0.312	0.943	24	22781	1585117	1585378	1607659	1607918	1938000	1450000	1700000	0	2441	259	22281	spaced
scaffold_13	85239	110407	IR	311	.	97990	0.311	0.998	87	25229	85239	85645	110001	110407	1938000	50000	300000	87	796	406	24356	spaced
scaffold_13	1007621	1028986	IR	310	.	1018778	0.310	0.867	24	21196	1007621	1008988	1027619	1028988	1938000	850000	1100000	0	2804	1367	18631	spaced
scaffold_13	1687625	1730738	IR	309	.	1709157	0.309	0.900	91	43329	1687625	1688868	1729495	1730739	1938000	1500000	1750000	91	3486	1243	40627	spaced
scaffold_13	1297069	1317681	IR	302	.	1306988	0.302	0.918	25	20592	1297069	1297309	1317450	1317681	1938000	1250000	1500000	0	956	231	20141	spaced
scaffold_13	1797296	1884141	IR	301	.	1840695	0.301	0.885	84	87995	1797296	1799057	1882380	1884149	1938000	1700000	1938000	84	2345	1761	83323	spaced
scaffold_296	46462	51058	IR	338	.	48331	0.338	0.958	55	4580	46462	47071	50449	51064	59671	0	59671	0	812	609	3378	spaced
scaffold_85	56616	175197	IR	491	.	116049	0.491	0.893	24	118588	56616	57027	174786	175197	296121	0	250000	24	1931	411	117759	wide
scaffold_85	16541	18758	IR	314	.	17814	0.314	0.996	51	2261	16541	16792	18507	18758	296121	0	250000	51	294	251	1715	immediate
scaffold_305	1275	16367	IR	288	.	8901	0.288	0.855	27	15143	1275	1679	15963	16370	57568	0	57568	27	146	404	14284	spaced
scaffold_304	37665	40455	IR	318	.	38754	0.318	0.978	37	2763	37665	37986	40134	40455	57797	0	57797	0	650	321	2148	spaced
scaffold_46	157979	177428	IR	335	.	168178	0.335	0.994	24	19424	157979	158145	177262	177428	519165	92152	342152	0	1259	166	19117	spaced
scaffold_46	237546	309715	IR	321	.	273366	0.321	0.739	69	72160	237546	244160	303101	309724	519165	142152	392152	0	2191	6614	58941	spaced
scaffold_46	388951	411596	IR	309	.	400155	0.309	0.993	415	23041	388951	390976	409571	411597	519165	192152	442152	415	3468	2025	18595	spaced
scaffold_46	319731	342266	IR	309	.	330884	0.309	0.944	230	23268	319731	321935	340080	342266	519165	142152	392152	230	3147	2186	18145	spaced
scaffold_489	9054	12787	IR	318	.	10695	0.318	0.976	69	3887	9054	9515	12326	12787	13265	0	13265	69	181	461	2811	spaced
scaffold_138	145003	160788	IR	339	.	152434	0.339	0.983	41	15762	145003	145305	160488	160788	165224	0	165224	0	2548	300	15183	spaced
scaffold_138	122993	142549	IR	328	.	132599	0.328	0.962	350	20084	122993	125381	140177	142549	165224	0	165224	350	2212	2372	14796	spaced
scaffold_138	41704	58240	IR	318	.	49569	0.318	0.985	20	16518	41704	41904	58040	58240	165224	0	165224	0	832	200	16136	spaced
scaffold_62	264939	268272	IR	354	.	266842	0.354	0.944	23	3282	264939	265227	267984	268272	386108	50000	300000	0	3609	288	2757	spaced
scaffold_62	88754	100733	IR	326	.	94755	0.326	0.898	36	12009	88754	89228	100259	100741	386108	50000	300000	36	745	474	11031	spaced
scaffold_44	132039	189594	IR	346	.	160888	0.346	0.969	32	57572	132039	132325	189308	189594	546281	100000	350000	32	1013	286	56983	spaced
scaffold_44	246455	342898	IR	333	.	294856	0.333	0.865	28	96515	246455	247243	342110	342909	546281	200000	450000	28	1577	788	94867	spaced
scaffold_44	487638	501044	IR	318	.	494191	0.318	0.974	73	13694	487638	488252	500430	501044	546281	300000	546281	87	3238	614	12178	spaced
scaffold_44	2836	24544	IR	313	.	13596	0.313	0.840	49	22418	2836	5031	22349	24563	546281	0	250000	49	228	2195	17318	spaced
scaffold_294	7432	12912	IR	325	.	9747	0.325	0.968	101	5461	7432	8327	12017	12912	61099	0	61099	0	169	895	3690	spaced
scaffold_263	13006	38020	IR	310	.	25050	0.310	0.793	25	25011	13006	13353	37673	38036	71952	0	71952	0	425	347	24320	spaced
scaffold_227	55533	74242	IR	332	.	65106	0.332	0.946	431	20295	55533	60754	69029	74242	89956	0	89956	431	1081	5213	8275	spaced
scaffold_227	28178	52680	IR	306	.	40405	0.306	0.987	40	24520	28178	28416	52442	52680	89956	0	89956	41	673	238	24026	spaced
scaffold_197	25007	27467	IR	416	.	26281	0.416	0.753	21	2555	25007	25380	27094	27554	104000	0	104000	21	437	373	1714	immediate
scaffold_197	4171	22963	IR	322	.	14029	0.322	0.978	67	18718	4171	4817	22317	22963	104000	0	104000	0	225	646	17500	spaced
scaffold_241	3410	23828	IR	317	.	13715	0.317	1.000	50	20525	3410	3650	23588	23828	82115	0	82115	50	226	240	19938	spaced
scaffold_124	149437	167638	IR	321	.	158136	0.321	0.994	288	18179	149437	151137	165947	167638	186475	0	186475	0	2642	1691	14810	spaced
scaffold_124	42201	60966	IR	318	.	51257	0.318	0.979	32	18742	42201	42444	60723	60966	186475	0	186475	0	859	243	18279	spaced
scaffold_206	36509	38596	IR	470	.	37408	0.470	0.944	23	2143	36509	36814	38291	38596	98183	0	98183	23	625	305	1477	immediate
scaffold_206	47602	49785	IR	315	.	48802	0.315	1.000	22	2187	47602	47702	49685	49785	98183	0	98183	22	811	100	1983	immediate
scaffold_206	49678	57271	IR	310	.	53879	0.310	1.000	23	7576	49678	49809	57140	57271	98183	0	98183	0	891	131	7331	spaced
scaffold_21	95847	98041	IR	476	.	96944	0.476	0.940	41	2230	95847	96169	97719	98053	1121546	0	250000	41	1615	322	1550	immediate
scaffold_21	746738	747346	IR	461	.	747042	0.461	0.987	38	86198	746738	746967	747117	747346	1121546	600000	850000	39	2450	229	150	immediate
scaffold_21	516940	599502	IR	340	.	558313	0.340	0.976	22	82563	516940	517104	599338	599502	1121546	350000	600000	22	3470	164	82234	spaced
scaffold_21	38399	56789	IR	319	.	47182	0.319	0.872	217	18457	38399	40092	55096	56878	1121546	0	250000	0	793	1693	15004	spaced
scaffold_21	875158	897956	IR	318	.	886761	0.318	0.993	155	23009	875158	875982	897132	897956	1121546	650000	900000	155	3942	824	21150	spaced
scaffold_21	805891	813582	IR	316	.	809836	0.316	1.000	37	7813	805891	806057	813416	813582	1121546	600000	850000	37	3495	166	7359	spaced
scaffold_21	989312	1007763	IR	313	.	998254	0.313	0.971	63	18426	989312	989864	1007211	1007763	1121546	900000	1121546	0	1642	552	17347	spaced
scaffold_21	468169	489503	IR	312	.	478786	0.312	0.999	227	21653	468169	469232	488440	489503	1121546	250000	500000	227	3813	1063	19208	spaced
scaffold_21	691185	699368	IR	309	.	695639	0.309	0.973	32	8165	691185	691524	699029	699368	1121546	500000	750000	0	3254	339	7505	spaced
scaffold_21	822798	833735	IR	307	.	828717	0.307	0.858	31	10918	822798	823675	832903	833735	1121546	600000	850000	0	3804	832	9228	spaced
scaffold_21	624642	655903	IR	287	.	639789	0.287	0.957	189	31243	624642	626148	654435	655903	1121546	450000	700000	0	3171	1468	28287	spaced
scaffold_261	36632	41139	IR	323	.	38584	0.323	0.998	168	4489	36632	37569	40202	41139	72050	0	72050	0	647	937	2633	spaced
scaffold_186	47540	104685	IR	314	.	75662	0.314	0.957	29	57098	47540	47937	104288	104685	111482	0	111482	0	1268	397	56351	spaced
scaffold_314	465	19726	IR	323	.	10001	0.323	1.000	875	20147	465	4286	15905	19726	55333	0	55333	875	168	3821	11619	spaced
scaffold_446	477	10632	IR	337	.	5595	0.337	0.967	255	11061	477	2344	8765	10633	19510	0	19510	255	92	1867	6421	spaced
scaffold_142	34726	53544	IR	329	.	43897	0.329	0.986	21	18814	34726	34872	53398	53544	159000	0	159000	21	735	146	18526	spaced
scaffold_142	56915	63089	IR	303	.	59892	0.303	0.948	27	6311	56915	57239	62765	63089	159000	0	159000	27	999	324	5526	spaced
scaffold_96	15671	37770	IR	334	.	26617	0.334	0.965	234	22720	15671	17764	35677	37771	255908	0	250000	237	445	2093	17913	spaced
scaffold_96	109813	165704	IR	323	.	137510	0.323	0.993	70	55976	109813	110224	165293	165704	255908	0	250000	70	2295	411	55069	spaced
scaffold_96	102901	106608	IR	312	.	104816	0.312	0.921	41	3815	102901	103695	105814	106609	255908	50000	255908	41	912	794	2119	spaced
scaffold_96	183356	192716	IR	286	.	188044	0.286	0.972	198	9581	183356	184433	191639	192735	255908	0	250000	198	3133	1077	7206	spaced
scaffold_240	55511	81029	IR	318	.	68517	0.318	0.992	144	25499	55511	56454	80086	81029	83252	0	83252	0	1137	943	23632	spaced
scaffold_174	254	39018	IR	321	.	19137	0.321	0.815	123	38756	254	1147	38125	39088	127457	0	127457	0	327	893	36978	spaced
scaffold_298	55770	57898	IR	395	.	56834	0.395	0.909	23	2127	55770	55978	57690	57898	59154	0	59154	23	947	208	1712	immediate
scaffold_298	33669	41918	IR	348	.	37316	0.348	0.989	310	8168	33669	35860	39727	41918	59154	0	59154	0	629	2191	3867	spaced
scaffold_162	386	26216	IR	310	.	13287	0.310	0.997	52	25848	386	679	25923	26216	139545	0	139545	52	221	293	25244	spaced
scaffold_94	100849	162737	IR	335	.	132040	0.335	0.827	25	61868	100849	101946	161655	162737	265000	0	250000	0	2196	1082	59709	spaced
scaffold_94	213643	219342	IR	332	.	216915	0.332	0.927	76	5639	213643	215107	217878	219354	265000	0	250000	0	3608	1464	2771	spaced
scaffold_94	226116	240014	IR	322	.	232870	0.322	0.993	257	14224	226116	227376	238755	240014	265000	0	250000	257	3884	1259	11379	spaced
scaffold_216	14738	36146	IR	341	.	25639	0.341	0.983	62	21547	14738	15157	35727	36146	94483	0	94483	62	423	419	20570	spaced
scaffold_67	7412	24891	IR	328	.	15793	0.328	0.900	39	17454	7412	8028	24276	24891	360920	0	250000	0	269	615	16248	spaced
scaffold_67	81886	296433	IR	324	.	189141	0.324	0.929	31	214548	81886	82238	296081	296433	360920	50000	300000	31	2319	352	213843	wide
scaffold_67	66076	81961	IR	313	.	73811	0.313	0.991	113	16288	66076	66630	81407	81961	360920	0	250000	113	1233	554	14777	spaced
scaffold_128	43462	67944	IR	316	.	55613	0.316	0.732	21	24481	43462	43846	67629	67944	179558	0	179558	35	928	315	23783	spaced
scaffold_128	110983	146354	IR	292	.	128531	0.292	0.999	208	35611	110983	111908	145429	146354	179558	0	179558	208	2144	925	33521	spaced
scaffold_18	74	5082	IR	370	.	2588	0.370	1.000	109	5109	74	574	4582	5082	1392650	0	250000	109	42	500	4008	spaced
scaffold_18	240479	243034	IR	370	.	241960	0.370	0.776	36	2714	240479	240707	242806	243076	1392650	50000	300000	36	3195	228	2099	spaced
scaffold_18	111205	113652	IR	348	.	112550	0.348	0.957	25	2453	111205	111440	113417	113652	1392650	50000	300000	25	1040	235	1977	immediate
scaffold_18	481934	487202	IR	347	.	484568	0.347	0.957	32	5303	481934	482303	486833	487202	1392650	300000	550000	32	3075	369	4530	spaced
scaffold_18	1044718	1060076	IR	346	.	1052678	0.346	0.986	35	15339	1044718	1044998	1059796	1060077	1392650	950000	1200000	0	1706	280	14798	spaced
scaffold_18	44831	58295	IR	339	.	51508	0.339	0.979	107	13814	44831	45394	57732	58297	1392650	0	250000	113	859	563	12338	spaced
scaffold_18	743931	776346	IR	330	.	760435	0.330	0.920	43	32335	743931	744507	775770	776353	1392650	550000	800000	0	3502	576	31263	spaced
scaffold_18	276706	310983	IR	328	.	294335	0.328	0.981	113	34251	276706	277347	310354	310983	1392650	100000	350000	0	3230	629	33007	spaced
scaffold_18	216743	239941	IR	324	.	228833	0.324	0.882	45	23220	216743	217052	239632	239980	1392650	50000	300000	0	2972	309	22580	spaced
scaffold_18	1224150	1351802	IR	322	.	1287629	0.322	0.951	697	127411	1224150	1232392	1343595	1351802	1392650	1150000	1392650	0	2299	8207	111203	wide
scaffold_18	422880	441571	IR	321	.	432579	0.321	0.709	38	18675	422880	424315	440136	441577	1392650	200000	450000	0	3870	1435	15821	spaced
scaffold_18	322015	385354	IR	320	.	353301	0.320	0.850	46	63310	322015	324140	383229	385381	1392650	150000	400000	0	3394	2125	59089	spaced
scaffold_18	614478	683574	IR	315	.	648660	0.315	0.844	23	69032	614478	614555	683509	683574	1392650	500000	750000	0	2483	65	68954	spaced
scaffold_18	999404	1022002	IR	305	.	1010590	0.305	0.997	479	23204	999404	1001693	1019713	1022002	1392650	800000	1050000	479	3511	2289	18020	spaced
scaffold_18	880676	912737	IR	293	.	896345	0.293	0.974	52	32041	880676	881208	912205	912739	1392650	700000	950000	0	3278	532	30997	spaced
scaffold_39	156539	348022	IR	332	.	252635	0.332	0.968	591	191395	156539	162266	342298	348022	594254	100000	350000	0	2537	5724	180032	wide
scaffold_39	124636	137604	IR	326	.	131031	0.326	0.973	150	13519	124636	125727	136513	137606	594254	0	250000	150	2185	1091	10786	spaced
scaffold_39	419073	436214	IR	311	.	427391	0.311	0.898	37	17083	419073	419853	435434	436215	594254	250000	500000	0	2960	780	15581	spaced
scaffold_215	46615	64217	IR	325	.	54990	0.325	0.986	21	17585	46615	46763	64069	64217	96033	0	96033	0	923	148	17306	spaced
scaffold_149	11475	43513	IR	323	.	27209	0.323	0.939	96	32020	11475	12688	42332	43513	153898	0	153898	0	458	1181	29644	spaced
scaffold_63	282726	285139	IR	429	.	283934	0.429	0.897	46	3047	282726	283720	284155	285139	378456	100000	350000	46	3065	984	435	immediate
scaffold_63	366845	370991	IR	328	.	369394	0.328	0.799	20	4047	366845	367321	370538	370991	378456	150000	378456	0	3648	453	3217	spaced
scaffold_188	76202	80756	IR	323	.	78651	0.323	0.997	215	4729	76202	77246	79712	80756	108480	0	108480	215	1307	1044	2466	spaced
scaffold_188	62239	67505	IR	319	.	64386	0.319	0.814	40	5247	62239	62925	66856	67505	108480	0	108480	0	1081	649	3931	spaced
scaffold_188	15985	26006	IR	316	.	21057	0.316	0.976	33	10025	15985	16230	25761	26006	108480	0	108480	33	349	245	9531	spaced
scaffold_151	44084	54860	IR	337	.	49279	0.337	0.940	138	11056	44084	45142	53809	54860	147460	0	147460	138	824	1051	8667	spaced
scaffold_151	116776	147127	IR	307	.	132330	0.307	0.717	44	30122	116776	122071	141864	147127	147460	0	147460	0	2199	5263	19793	spaced
scaffold_360	17491	21404	IR	309	.	19799	0.309	0.947	76	3878	17491	18355	20540	21404	42666	0	42666	0	323	864	2185	spaced
scaffold_214	2903	9879	IR	329	.	6711	0.329	0.919	51	6976	2903	3381	9401	9910	96095	0	96095	0	106	478	6020	spaced
scaffold_30	596873	600623	IR	355	.	598694	0.355	0.978	21	3739	596873	597058	600438	600623	741004	400000	650000	21	3312	185	3380	spaced
scaffold_30	82775	267591	IR	339	.	174809	0.339	0.908	68	184790	82775	83374	267025	267591	741004	50000	300000	0	2086	566	183651	wide
scaffold_30	603845	613970	IR	328	.	609259	0.328	0.906	168	10053	603845	605639	612248	613970	741004	450000	700000	0	2648	1722	6609	spaced
scaffold_30	439242	483718	IR	327	.	461524	0.327	0.868	205	45573	439242	444387	478573	483765	741004	250000	500000	205	3524	5145	34186	spaced
scaffold_30	623197	640174	IR	327	.	631651	0.327	0.996	49	17096	623197	623463	639908	640174	741004	400000	650000	49	3861	266	16445	spaced
scaffold_30	765	5520	IR	311	.	2671	0.311	0.785	37	4737	765	1758	4611	5520	741004	0	250000	0	52	909	2853	spaced
scaffold_56	205339	208278	IR	354	.	206898	0.354	0.843	33	2946	205339	205747	207919	208278	443108	100000	350000	34	1780	359	2172	spaced
scaffold_56	185804	198009	IR	353	.	192170	0.353	0.968	37	12180	185804	186150	197665	198009	443108	50000	300000	0	2364	344	11515	spaced
scaffold_56	217928	235705	IR	318	.	227156	0.318	0.868	212	17769	217928	219582	234051	235719	443108	100000	350000	0	2113	1654	14469	spaced
scaffold_56	133502	154247	IR	316	.	143705	0.316	1.000	30	20750	133502	133654	154095	154247	443108	100000	350000	30	731	152	20441	spaced
scaffold_56	95554	126168	IR	314	.	110495	0.314	0.985	101	30605	95554	96222	125500	126176	443108	50000	300000	0	1014	668	29278	spaced
scaffold_56	350117	396121	IR	314	.	373452	0.314	0.737	26	45987	350117	351345	394893	396121	443108	200000	443108	0	2885	1228	43548	spaced
scaffold_176	17401	40274	IR	311	.	28418	0.311	0.998	503	22842	17401	20166	37510	40274	124709	0	124709	0	480	2764	17344	spaced
scaffold_337	41998	45247	IR	330	.	43597	0.330	0.971	66	3780	41998	42476	44769	45248	48109	0	48109	66	726	478	2293	spaced
scaffold_175	98611	115921	IR	319	.	107021	0.319	1.000	193	18312	98611	98632	115900	115921	124964	0	124964	2	1787	21	17268	spaced
scaffold_54	54593	220905	IR	351	.	137473	0.351	0.708	172	166304	54593	69892	205606	220923	460068	0	250000	0	2295	15299	135714	wide
scaffold_54	449294	456360	IR	312	.	452477	0.312	0.998	202	7048	449294	450517	455137	456360	460068	250000	460068	0	3380	1223	4620	spaced
scaffold_135	93467	97616	IR	344	.	95512	0.344	0.956	109	4729	93467	94421	96662	97617	172000	0	172000	109	1592	954	2241	spaced
scaffold_135	141113	160381	IR	312	.	151211	0.312	0.825	70	19180	141113	143902	157592	160407	172000	0	172000	0	2512	2789	13690	spaced
scaffold_315	9438	16931	IR	334	.	13253	0.334	0.977	287	7835	9438	11360	15009	16931	55187	0	55187	287	219	1922	3649	spaced
scaffold_75	50782	84427	IR	325	.	67266	0.325	0.992	1676	33623	50782	60130	75143	84427	336018	50000	300000	0	293	9284	15013	spaced
scaffold_75	101237	240708	IR	322	.	171163	0.322	0.816	138	145960	101237	109368	232617	240708	336018	50000	300000	138	2016	8091	123249	wide
scaffold_122	107972	189695	IR	348	.	149315	0.348	0.885	49	81664	107972	109776	187900	189695	190745	0	190745	0	2480	1795	78124	spaced
scaffold_122	13268	55829	IR	312	.	34890	0.312	0.949	91	42548	13268	14316	54781	55845	190745	0	190745	0	575	1048	40465	spaced
scaffold_122	71288	81247	IR	310	.	76627	0.310	0.985	364	9937	71288	73953	78582	81248	190745	0	190745	0	1270	2665	4629	spaced
scaffold_231	23536	85446	IR	306	.	54959	0.306	0.907	233	61897	23536	30053	78929	85452	88178	0	88178	0	908	6517	48876	spaced
scaffold_299	22509	44608	IR	318	.	33550	0.318	1.000	40	22131	22509	22696	44421	44608	59081	0	59081	40	559	187	21725	spaced
scaffold_58	256332	287778	IR	325	.	272546	0.325	0.961	642	31529	256332	261078	283032	287881	436000	150000	400000	0	2034	4746	21954	spaced
scaffold_58	15279	83620	IR	308	.	49971	0.308	0.734	24	68324	15279	17411	81563	83620	436000	0	250000	0	824	2057	64152	spaced
scaffold_58	138257	164760	IR	305	.	151146	0.305	0.887	22	26444	138257	138994	164023	164768	436000	0	250000	0	2525	737	25029	spaced
scaffold_92	233611	270867	IR	349	.	252739	0.349	0.850	70	37089	233611	237598	266880	270902	272000	50000	272000	0	3370	3987	29282	spaced
scaffold_92	88678	106018	IR	329	.	96868	0.329	0.966	48	17323	88678	89184	105512	106019	272000	0	250000	0	1622	506	16328	spaced
scaffold_92	200199	209855	IR	318	.	205152	0.318	0.981	386	10257	200199	202559	207502	209855	272000	50000	272000	390	2583	2353	4943	spaced
scaffold_309	42195	56789	IR	305	.	49460	0.305	0.994	187	14806	42195	43100	55884	56789	57000	0	57000	187	824	905	12784	spaced
scaffold_220	33178	35399	IR	558	.	34181	0.558	0.991	50	2214	33178	33497	35080	35400	92726	0	92726	55	571	319	1583	immediate
scaffold_271	23	3093	IR	312	.	1764	0.312	0.930	26	3079	23	164	2960	3093	69489	0	69489	26	25	133	2796	spaced
scaffold_47	347894	380843	IR	332	.	364195	0.332	0.773	36	32976	347894	348734	380108	380843	517539	250000	500000	37	1906	735	31374	spaced
scaffold_47	385898	410274	IR	320	.	398356	0.320	0.987	90	24359	385898	386570	409602	410274	517539	200000	450000	0	3301	672	23032	spaced
scaffold_47	111189	115943	IR	316	.	113700	0.316	0.996	155	4939	111189	111890	115245	115943	517539	0	250000	155	1892	698	3355	spaced
scaffold_47	85589	90346	IR	315	.	87986	0.315	0.962	156	4950	85589	86287	89648	90361	517539	0	250000	156	1465	698	3361	spaced
scaffold_47	155035	180464	IR	314	.	167841	0.314	0.811	34	25528	155035	155577	179922	180464	517539	0	250000	34	2795	542	24345	spaced
scaffold_47	257867	260594	IR	311	.	259593	0.311	0.987	71	2708	257867	258335	260126	260594	517539	50000	300000	0	3487	468	1791	immediate
scaffold_129	6227	28875	IR	300	.	17295	0.300	0.862	24	22531	6227	6612	28490	28907	179000	0	179000	0	292	385	21878	spaced
scaffold_43	308113	317789	IR	387	.	312589	0.387	0.828	41	9674	308113	309679	316223	317806	565396	100000	350000	0	3549	1566	6544	spaced
scaffold_43	545875	547900	IR	377	.	547092	0.377	0.965	31	2022	545875	546074	547701	547900	565396	350000	565396	31	3281	199	1627	immediate
scaffold_43	479062	496738	IR	326	.	488154	0.326	0.978	77	17653	479062	479744	496057	496738	565396	250000	500000	0	3964	681	16313	spaced
scaffold_43	412609	452974	IR	326	.	433023	0.326	0.973	35	40374	412609	412904	452679	452974	565396	250000	500000	35	3046	295	39775	spaced
scaffold_43	54524	85965	IR	322	.	70141	0.322	0.574	37	31394	54524	54571	85918	86001	565396	50000	300000	476	337	47	31347	spaced
scaffold_43	238164	247928	IR	313	.	242734	0.313	0.912	58	9737	238164	239493	246637	247928	565396	150000	400000	0	1550	1291	7144	spaced
scaffold_255	53514	72709	IR	331	.	63442	0.331	0.958	222	19195	53514	55003	71220	72737	74000	0	74000	0	1051	1489	16217	spaced
scaffold_8	2012424	2015338	IR	421	.	2013765	0.421	0.936	57	3078	2012424	2012857	2014911	2015338	2540141	1850000	2100000	61	2731	427	2054	spaced
scaffold_8	2148414	2276081	IR	397	.	2211741	0.397	0.985	103	127640	2148414	2149147	2275352	2276081	2540141	2100000	2350000	0	1870	729	126205	wide
scaffold_8	2309115	2436831	IR	356	.	2372572	0.356	0.839	50	127167	2309115	2312315	2433631	2436888	2540141	2250000	2500000	0	2049	3200	121316	wide
scaffold_8	501793	546842	IR	352	.	524010	0.352	0.419	30	45003	501793	520569	528066	546852	2540141	300000	550000	0	3738	18776	7497	spaced
scaffold_8	748937	811810	IR	350	.	780757	0.350	0.811	62	62855	748937	749568	811286	811810	2540141	600000	850000	0	3006	524	61718	spaced
scaffold_8	343301	472961	IR	346	.	408314	0.346	0.929	40	129695	343301	343845	472417	472964	2540141	250000	500000	40	2635	544	128572	wide
scaffold_8	2040774	2058410	IR	344	.	2049754	0.344	0.925	23	17636	2040774	2041158	2058026	2058410	2540141	1850000	2100000	23	3326	384	16868	spaced
scaffold_8	1331289	1379235	IR	343	.	1355142	0.343	0.998	433	48432	1331289	1333298	1377226	1379235	2540141	1150000	1400000	433	3420	2009	43928	spaced
scaffold_8	1792623	1862338	IR	342	.	1827699	0.342	0.846	25	69694	1792623	1792831	1862130	1862338	2540141	1650000	1900000	4	2957	208	69299	spaced
scaffold_8	973942	1189637	IR	339	.	1082253	0.339	0.857	35	215640	973942	975290	1188289	1189641	2540141	950000	1200000	0	2196	1348	212999	wide
scaffold_8	1571646	1581009	IR	324	.	1575902	0.324	0.992	29	9340	1571646	1571906	1580749	1581009	2540141	1350000	1600000	0	3771	260	8843	spaced
scaffold_8	1545337	1570974	IR	318	.	1558105	0.318	0.940	20	25661	1545337	1545603	1570708	1570974	2540141	1400000	1650000	20	2635	266	25105	spaced
scaffold_8	69682	99454	IR	315	.	84988	0.315	0.966	198	29734	69682	71152	97984	99464	2540141	0	250000	0	1409	1470	26832	spaced
scaffold_8	1594293	1653273	IR	313	.	1623627	0.313	0.782	30	59037	1594293	1595180	1652458	1653273	2540141	1450000	1700000	37	2896	815	57278	spaced
scaffold_168	93529	103748	IR	331	.	98613	0.331	1.000	110	10315	93529	94027	103250	103748	132279	0	132279	110	1643	498	9223	spaced
scaffold_254	59940	62310	IR	395	.	61144	0.395	0.866	32	2441	59940	60320	61930	62349	74000	0	74000	34	1018	380	1610	immediate
scaffold_209	383	97625	IR	422	.	49034	0.422	1.000	99	97334	383	808	97200	97625	97688	0	97688	99	816	425	96392	spaced
scaffold_111	26077	47389	IR	324	.	37122	0.324	0.949	298	21286	26077	29001	44487	47389	212821	0	212821	0	612	2902	15486	spaced
scaffold_111	90158	114233	IR	324	.	102669	0.324	0.947	47	23987	90158	90741	113652	114233	212821	0	212821	0	1703	581	22911	spaced
scaffold_111	125811	135529	IR	309	.	130886	0.309	0.953	57	9741	125811	126415	134925	135538	212821	0	212821	57	2177	604	8510	spaced
scaffold_189	64888	71020	IR	479	.	67482	0.479	0.977	28	6106	64888	65108	70800	71020	106000	0	106000	0	1132	220	5692	spaced
scaffold_356	6191	17672	IR	332	.	11758	0.332	0.982	124	13194	6191	6858	17005	17677	43576	0	43576	124	198	667	10147	spaced
scaffold_80	12907	15877	IR	440	.	14394	0.440	0.988	110	3064	12907	13514	15274	15877	330321	0	166992	110	239	603	1760	immediate
scaffold_80	225592	236449	IR	338	.	231167	0.338	0.832	25	10839	225592	226746	235295	236452	330321	167192	254498	25	1063	1154	8549	spaced
scaffold_80	263533	267393	IR	328	.	265559	0.328	0.894	30	3921	263533	263900	267049	267393	330321	254698	330321	30	179	344	3149	spaced
scaffold_355	12319	34673	IR	359	.	23410	0.359	0.969	174	22634	12319	13311	33681	34694	43935	0	43935	174	391	992	20370	spaced
scaffold_355	37231	42351	IR	318	.	39515	0.318	0.938	155	5109	37231	38464	41118	42367	43935	0	43935	0	663	1233	2654	spaced
scaffold_100	100053	119139	IR	324	.	109693	0.324	0.998	248	19298	100053	101153	118039	119139	245570	0	245570	261	1826	1100	16886	spaced
scaffold_71	72254	156149	IR	346	.	114513	0.346	0.948	1247	83926	72254	86462	141941	156201	350000	0	250000	0	1903	14208	55479	spaced
scaffold_71	227128	329277	IR	332	.	278405	0.332	0.851	23	102638	227128	227845	328560	329284	350000	100000	350000	22	2969	717	100715	wide
scaffold_71	22396	40269	IR	313	.	31632	0.313	0.997	60	17852	22396	22730	39935	40269	350000	0	250000	0	522	334	17205	spaced
scaffold_71	45360	68644	IR	306	.	56888	0.306	0.992	249	24174	45360	46667	67337	68645	350000	0	250000	249	949	1307	20670	spaced
scaffold_113	182414	185239	IR	335	.	184285	0.335	0.918	68	2805	182414	183001	184690	185239	212213	0	212213	0	3063	549	1689	immediate
scaffold_202	72306	91525	IR	325	.	81560	0.325	0.957	222	19191	72306	73823	90036	91525	101311	0	101311	0	1365	1489	16213	spaced
scaffold_202	66177	72231	IR	325	.	69113	0.325	0.979	86	6165	66177	66704	71708	72231	101311	0	101311	88	1153	523	5004	spaced
scaffold_52	301367	303770	IR	431	.	302571	0.431	0.901	48	3047	301367	302350	302787	303779	471084	150000	400000	48	2542	983	437	immediate
scaffold_52	98531	194715	IR	368	.	146552	0.368	0.998	124	96318	98531	99142	194104	194715	471084	0	250000	128	2443	611	94962	spaced
scaffold_333	26296	47662	IR	314	.	36496	0.314	1.000	31	21335	26296	26489	47469	47662	50060	0	50060	0	616	193	20980	spaced
scaffold_98	64788	93284	IR	333	.	79222	0.333	0.913	150	29586	64788	67164	90908	93298	246928	0	246928	150	1317	2376	23744	spaced
scaffold_157	31409	95066	IR	322	.	62789	0.322	0.973	85	63628	31409	32224	94251	95066	142433	0	142433	0	1053	815	62027	spaced
scaffold_157	382	22811	IR	313	.	11704	0.313	0.943	277	23048	382	2541	20652	22825	142433	0	142433	277	193	2159	18111	spaced
scaffold_219	69198	71622	IR	528	.	70410	0.528	0.988	83	2477	69198	69711	71109	71622	93360	0	93360	83	1173	513	1398	immediate
scaffold_219	17021	30324	IR	334	.	23822	0.334	1.000	46	13393	17021	17251	30094	30324	93360	0	93360	65	394	230	12843	spaced
scaffold_281	28828	47971	IR	351	.	38640	0.351	0.929	33	19124	28828	29319	47494	47971	65450	0	65450	0	639	477	18175	spaced
scaffold_347	5897	8140	IR	321	.	6940	0.321	0.914	21	2242	5897	6113	7924	8145	45504	0	45504	21	116	216	1811	immediate
scaffold_165	107501	113961	IR	325	.	110596	0.325	0.765	24	6454	107501	107714	113781	113961	136235	0	136235	24	1845	180	6067	spaced
scaffold_165	4822	14856	IR	296	.	9943	0.296	0.998	489	10552	4822	7014	12664	14856	136235	0	136235	501	163	2192	5650	spaced
scaffold_57	131655	137508	IR	454	.	134204	0.454	0.800	21	5793	131655	132205	136958	137508	441016	0	250000	0	2242	550	4753	spaced
scaffold_57	373618	393717	IR	342	.	383848	0.342	0.988	65	20339	373618	374019	393316	393717	441016	150000	400000	65	3894	401	19297	spaced
scaffold_57	313628	314911	IR	336	.	314351	0.336	0.995	79	4841	313628	314014	314525	314911	441016	150000	400000	79	2737	386	511	immediate
scaffold_57	315006	358856	IR	322	.	337417	0.322	0.845	27	43731	315006	316003	357859	358856	441016	150000	400000	0	3115	997	41856	spaced
scaffold_323	13825	34948	IR	312	.	24710	0.312	0.992	20	21099	13825	13953	34820	34948	53000	0	53000	0	406	128	20867	spaced
scaffold_53	357163	380364	IR	380	.	368351	0.380	0.905	41	23179	357163	357845	379682	380364	469919	150000	400000	0	3645	682	21837	spaced
scaffold_145	117210	122467	IR	318	.	120005	0.318	0.983	23	5254	117210	117385	122292	122467	154954	0	154954	23	1997	175	4907	spaced
scaffold_145	87381	107544	IR	311	.	97497	0.311	1.000	50	20270	87381	87621	107304	107544	154954	0	154954	50	1624	240	19683	spaced
scaffold_145	39201	61639	IR	305	.	50644	0.305	0.915	102	22948	39201	40165	60675	61667	154954	0	154954	102	840	964	20510	spaced
scaffold_442	7708	9718	IR	400	.	8713	0.400	0.967	37	2040	7708	8045	9381	9719	19990	0	19990	37	145	337	1336	immediate
scaffold_330	22945	40188	IR	333	.	31574	0.333	0.986	64	17294	22945	23312	39821	40188	51000	0	51000	64	525	367	16509	spaced
scaffold_110	90613	210372	IR	329	.	150879	0.329	0.893	380	119705	90613	98304	202700	210372	219000	0	219000	0	2508	7672	104396	wide
scaffold_70	62827	65064	IR	443	.	63873	0.443	0.735	24	2297	62827	63017	64896	65064	354325	0	250000	47	1065	168	1879	immediate
scaffold_70	136054	138846	IR	355	.	137169	0.355	0.903	44	2772	136054	136760	138148	138846	354325	0	250000	0	2290	698	1388	immediate
scaffold_70	294683	317523	IR	319	.	306277	0.319	0.997	372	23219	294683	296419	315787	317523	354325	100000	350000	372	3434	1736	19368	spaced
scaffold_70	215517	253926	IR	316	.	234903	0.316	0.926	40	38722	215517	216055	253388	253926	354325	100000	350000	40	2245	538	37333	spaced
scaffold_70	326740	351115	IR	309	.	339096	0.309	0.910	47	24556	326740	327467	350388	351118	354325	150000	354325	47	3148	727	22921	spaced
scaffold_103	18936	29111	IR	340	.	24187	0.340	0.956	92	10408	18936	19808	28240	29111	240000	0	240000	92	400	871	8432	spaced
scaffold_103	209787	232875	IR	314	.	221795	0.314	0.969	136	23016	209787	211027	231635	232875	240000	0	240000	0	3688	1240	20608	spaced
scaffold_428	1561	5360	IR	314	.	3750	0.314	0.930	114	3781	1561	2387	4584	5360	23909	0	23909	0	57	776	2197	spaced
scaffold_370	31331	35561	IR	316	.	33310	0.316	0.995	49	4278	31331	31550	35342	35561	38579	0	38579	49	557	219	3792	spaced
scaffold_321	23579	45764	IR	328	.	34872	0.328	0.913	24	22224	23579	23893	45450	45772	53691	0	53691	24	577	314	21557	spaced
scaffold_179	19446	72581	IR	296	.	46202	0.296	0.996	251	53440	19446	20805	71222	72581	118899	0	118899	273	766	1359	50417	spaced
scaffold_267	849	17202	IR	323	.	8584	0.323	0.789	35	16263	849	1532	16519	17203	71000	0	71000	0	150	683	14987	spaced
scaffold_66	284979	305710	IR	412	.	295251	0.412	0.853	201	21020	284979	287803	302888	305710	363898	100000	333697	201	3255	2822	15085	spaced
scaffold_66	336312	361422	IR	290	.	349292	0.290	0.786	36	25067	336312	337378	360357	361422	363898	333897	363898	0	249	1065	22979	spaced
scaffold_319	25394	29621	IR	326	.	27709	0.326	0.877	35	4280	25394	25993	29038	29621	54471	0	54471	35	458	583	3045	spaced
scaffold_42	167793	261005	IR	374	.	214859	0.374	0.746	85	92606	167793	196206	232673	261005	567463	150000	400000	0	1073	28332	36467	spaced
scaffold_42	378440	399281	IR	315	.	388725	0.315	0.739	25	20896	378440	378647	399074	399331	567463	200000	450000	25	3147	207	20427	spaced
scaffold_64	11471	13428	IR	537	.	12467	0.537	0.884	53	2071	11471	11824	13114	13428	369000	0	250000	61	207	314	1290	immediate
scaffold_64	162592	165942	IR	392	.	164267	0.392	0.518	40	3498	162592	163908	164626	165972	369000	50000	300000	40	1904	1316	718	immediate
scaffold_64	343737	364823	IR	311	.	353890	0.311	0.995	216	21065	343737	344977	363583	364823	369000	150000	369000	0	3404	1240	18606	spaced
scaffold_64	111198	114209	IR	309	.	112827	0.309	0.984	127	10366	111198	111928	113479	114209	369000	0	250000	127	1878	730	1551	immediate
scaffold_139	140852	143300	IR	598	.	142079	0.598	0.947	64	2489	140852	141452	142706	143300	164317	0	164317	64	2367	594	1254	immediate
scaffold_139	160879	164268	IR	319	.	162482	0.319	0.954	22	3383	160879	161032	164119	164268	164317	0	164317	22	2709	149	3087	spaced
scaffold_79	51588	76185	IR	337	.	63819	0.337	0.971	31	24845	51588	51900	75874	76185	329960	0	250000	31	1064	311	23974	spaced
scaffold_79	289493	316310	IR	336	.	303049	0.336	0.904	20	26811	289493	289941	315863	316310	329960	100000	329960	20	3381	447	25922	spaced
scaffold_312	1736	10285	IR	338	.	5724	0.338	0.825	51	8547	1736	3674	8347	10300	56000	0	56000	0	100	1938	4673	spaced
scaffold_97	198647	201215	IR	347	.	199637	0.347	0.951	40	2543	198647	199058	200805	201215	249000	0	249000	0	3332	410	1747	immediate
scaffold_97	71311	164203	IR	325	.	117317	0.325	0.810	39	92811	71311	72970	162544	164226	249000	0	249000	0	1962	1659	89574	spaced
scaffold_270	12547	52524	IR	321	.	32889	0.321	0.964	22	39956	12547	12742	52329	52525	70184	0	70184	0	542	195	39587	spaced
scaffold_230	7675	83369	IR	347	.	45070	0.347	0.952	53	75671	7675	8277	82771	83369	88363	0	88363	0	758	598	74494	spaced
