102642
1384715
362089
410258
878967
38527
1007343
190335
938171
254365
281872
241154
483950
934820
8957
211598
1666818
66205
2886814
493638
753485
2922911
103409
758705
758706
758707
1594215
572802
1869394
758709
1100899
758711
758712
758717
758718
1100900
1100902
1857951
210248
82558
987859
987860
987862
987863
987865
753146
869165
346686
877764
1594217
7084
115343
699887
287208
206943
73327
1511221
43364
197113
753148
1594218
1594219
1594220
1660574
1100904
989733
1271715
5341
131577
3112311
3373421
1869417
1594222
1073575
1594224
1666440
1430472
1857958
1553040
1553041
795042
1762823
324823
1586972
934821
190331
292458
1660579
1100907
572809
1594226
987869
987870
987871
987872
71668
39848
1622308
997525
215162
1857961
1857962
195168
2768810
49984
38596
174269
758720
144253
573768
1844523
144254
422171
271774
135881
880429
39272
1384742
2881519
988056
2870495
2998517
2591979
109058
3517
3516
55944
114195
30382
104486
1448893
346691
753150
881521
71933
585988
1553052
1553055
346692
336583
2867249
1905387
231887
655806
48026
1088609
941989
1220549
61544
96799
2219844
360071
987875
987876
987877
689058
1594228
4337
877856
1107567
1100908
1100909
1594229
1344699
214030
2566270
1869460
987454
28680
8839
433021
295995
346699
264780
264786
76990
1869464
1391524
1183223
2779764
1183228
64624
50745
1190793
586954
1190795
1542580
1411665
1190796
1411666
473392
1411667
444401
1126402
1190801
1542598
1190802
1126404
1190803
2878414
1431430
1666820
185876
271030
877859
200692
253516
103414
1518534
1667466
988060
50365
8843
132585
132586
132587
290518
72669
347271
227532
346704
191314
500284
478167
2725500
118891
934824
100465
988062
2979194
997526
753153
987880
987881
875885
689061
987887
689062
1667470
934915
2795564
753154
1594235
1501862
207148
207157
207213
688398
295201
1441497
2980188
2771288
934917
942218
350097
722657
287200
10129
201766
1666458
55311
129397
2560978
1337163
988065
302032
332519
1547606
1100915
989741
1100916
2566309
8962
223781
3451
3702
78191
00113
1452771
2881568
1112382
279270
104468
1857967
2655036
1100919
143172
1954227
254029
6344
988067
1384776
1384777
94029
377538
1492915
2979185
572725
256647
45985
91739
91738
274019
47428
3704
1265417
1655869
1047088
60803
38561
201961
1298853
92525
877730
1594445
7604
1777
195879
1273101
988069
20403
83862
55651
988071
362093
1170485
37344
126797
2025112
1101086
446526
987889
3046827
33113
41096
3037401
2968928
67247
200527
388837
254363
987893
219593
219594
189534
1643962
2922058
226178
753158
1521163
189839
9767
9768
9770
249498
194200
50459
135647
40830
3402469
2680170
397350
1126214
172462
347710
306421
13808
753282
2881606
2795671
46056
41492
301037
203270
258209
2719050
931494
1545285
1545287
3505
382944
189979
110368
2866284
6526
197003
2930579
82595
722658
2722873
346746
1869501
2561016
3228856
195075
226147
1933241

608661
405023
191398
207624
85660
30191
85663
30192
30193
103936
203813
65598
30194
30201
30195
30202
2741128
240869
2881620
473354
1280453
226501
988081
2849643
224232
2234001
2065413
446425
442081
53005
7740
8853
184711
3710
1588651
55777
1649775
256828
256915
1988022
644227
1660595
1857973
1280429
981515
1419289
1100929
107022
28540
8384
90071
383678
10212
192920
30397
857007
4002
934826
722659
287198
1094320
1371681
127480
127479
41496
228568
671105
938182
1824993
1824995
7373
27454
875926
1155256
13385
1553381
1323832
214073
1678910
419956
136204
934813
2691756
2922060
934908
96529
98324
264050
9612
1587122
877885
877752
877886
1553174
877887
350087
195172
111811
49290
49291
987895
987896
217509
116121
50462
50463
324586
92906
140783
234466
502401
234461
241205
240680
234467
241206
241207
15193
372271
234464
312760
312765
241230
240682
241234
41500
687316
12990
379215
685404
218720
1587142
2561066
21020
10185
1594245
934923
986953
423510
423320
1734906
753163
346753
1100938
1100941
753286
203782
1594247
1030481
2566676
172057
97200
28835
1001278
334382
446427
988087
980960
997530
988089
55710
94722
3225
2922061
2494881
1167272
638464
987900
9860
290679
57982
307131
346761
1118640
226170
13055
987475
987901
273438
273442
226154
273439
273407
273429
368781
173985
273447
423616
426094
2576622
48171
3559
934925
722671
7153
934828

343672
190013
2887108
1008849
1209621
1830358
2998523
2823186
116142
1192867
913277
75506
111401
75519
75521
111402
1587174
154003
1587176
189513
1822507
1547359
798133
1594250
323313
3685856
2714347
1692350
36150
934927
348443
506608
97058
127875
43466
1155260
688286
675739
577748
1918221
174074
197941
264083
159417
439819
89077
2902216
1100947
2561093
70131
494138
71936
795047
197152
85120
987902
2026310
1107588
576317
1869588
1116892
115345
185877
41139
538890
1869591
1594254
2881741
2922063
169498
169500
290652
1219321
1150031
687026
1100951
72248
420711
979939
987903
30423
1869728
934931
104470
8934
295817
57932
986958
3127293
82655
987905
706635
41839
491269
2823188
4123
1323535
71717
71694
1118052
126173
114497
59291
431183
2980201
1226616
6535
164435
13451
101193
51773
987907
987909
116126
934934
753294
1100958
989760
938226
298643
140997
452744
99398
200911
346762
1425550
13465
131627
3686468
1637456
934829
481118
1830362
2494894
29786
879036
987910
204949
1587206
877924
1553241
201897
558755
494149
273764
1132042
332058
596548
197013
186058
988025
156563
987918
505405
934830
310442
190339
8103
1078807
1869771
1458189
1100963
1100964
110926
219595
8869
61981
2881813
4166
1225627
529431
1545302
2881815
1553258
7955
285223
987919
414801
1244581
2742875
283834
644661
30064
9728
1870621
1918230
183177
151304
333879
89411
1918232
179674
1789172
433215
987922
987923
1804828
987924
987925
2930585
1226583
1869806
2561218
2203729
94686
96532
98486
948872
1510177
226469
1858094
1385863
1387116
260776
260780
121769
2561220
987926
52734
1086758
129286
144245
441509
1890997
1717392
468723
2715158
73625
65311
210029
433040
168635
286194
183561
98464
572840
753308
1594279
2881873
327083
310628
2998528
881891
85443
85444
257759
1858012
1594281
41107
248357
311941
161951
104428
527648
295522
346772
7221
77129
198718
7250
42028
7282
7283
7241
135868
57948
988176
988178
2964684
988106
169445
257627
1473635
987927
468725
1045598
1594282
753175
1178261
2014018
94984
39298
7648
104457
1518028
1126389
2495015
406638
1070333
264052
572747
997535
987929
987420
987421
5801
5804
51316
5802
320977
206093
934936
347340
102876
1101167
110299
46325
186982
753177
467774
191066
178772
2715216
2484550
1446181
3433878
130446
136194
295833
1101095
119269
1888416
934814
722662
875883
251531
418785

205924
1100976
1178097
2886949
364141
1869848
65333
1869849
1869850
1100979
569040
30326
33132
210355
1594293
2566568
1666554
1594294
989769
1594296
1660628
934834
190347
934838
247947
1124511
1352479
414814
286459
494601
3371016
104474
1698855
447833
242257
111903
1870628
2998532
643570
270432
9365
2890553
100292
76438
2017640
2725509
1859540
1572519
198635
37610
337391
337392
39305
520884
2870497
2803874
574927
1660634
326953
938167
2566676
1643974
1100989
1100991
1100992
1594301
1660724
753179
988114
1586587
3020554
934839
326959
2867251
123417
290404
1124558
1124559
212925
216479
38846
475003
475394
104503
934840
934841
934844
934845
934847
934850
986977
934853
873508
1869911
986980
216862
986984
934860
934866
987932
987933
987934
987935
987425
1594449
2881975
624169
1936067
1385253
426098
1366396
2884240
405009
2589387
28930
505411
8954
100819
76029
1594305
1325891
226145
702235
261772
57917
98470
98471
127171
2779708
52983
987458
38945
1301332
98466
2779711
1525512
258706
64940
57918
106677
38873
37598
29583
987943
348057
4670
1155252
1000418
2017130
131645
227477
29788
35896
715724
7137
9123
934938
34465
2589376
69293
1473642
2718756
2922068
878018
154015
260772
2163653
238501
137095
722665
500269
295525
326028
581251
487788
379955
1918084
108914
148897
57919
1907000
703304
1869947
687094
56853
203781
110753
28509
1471999
1660644
9731
1291413
1869957
1100998
1271742
261773
702247
27704
85417
85418
78609
1545138
700380
988118
1126390
753336
351486
83653
688406
1978377
2566637
1230139
1920322
296912
296914
254105
296916
115594
40816
6999
1553333
126867
631317
934940
569046

721137
987945
987947
987949
31908
8969
9711
295970
347359
346781
46595
247284
247297
247442
516509
988124
988125
4052
1183236
572853
1594309
1869985
212591
632760
29058
542982
1660649
987953
1132043
934942
572857
380077
40919
1055714
284514
100756
91752
1335492
2795678
347362
987440
291688
2793148
271739
2867252
494771
2862204
2867966
2592077
111912
39321
1262473
572861
376124
290657
2561392
169223
2979187
875924
987956
938192
4513
986989
934869
175037
3486
1262239
304249
68759
82091
559647
1816463
1692389
1073096
378274
104224
566093
557324
140392
225476
722673
1190792
1542591
28469
324239
753189
346786
140968
673927
673928
65561
626748
48744
53011
2876618
439567
2884228
987961
1101110
249532
2795680
104447
104448
572776
1101010
190354
104449
1441566
4298
1226587
253017

191132
171585
101737
1032817
2822767
181886
1169566
119177
56531
55985
585813
1081820
197161
904094
552050
186693
3238343
2776046
252537
98722
96851
239452
223656
13579
318445
223678
1421129
93151
71948
2906288
501664
146840
56723
508554
49828
79499
987426
446446
152933
326039
152943
152947
75948
5630
3371109
27610
296003
53160
53164
7748
485574
934945
522836
268080
753357
336591
202009
35669
28681
8915
119606
119637
8912
119627
126713
88504
88508
88531
88532
88512
88514
88516
88523
111917
202013
231984
67763
231986
488582
938238
374711
346787
1594361
3854
313096
1918261
35712
2948972
1343502
1342033
346789
346790
878056
161101
58660
39932
37710
2742169
398450
256056
707887
1210411
402117
50586
123925
468750
189913
1271726
468752
2268375
881489
1143061
346794
290674
2578561
987968
58325
94688
941274
688415
2588525
3127294
1649312
323312
143735
48042
279758
478074
70136
174425
157483
934875
13597
71319
27771
120439
270466
687102
1271728
1218281
1271730
692089
2719073
1690341
1588201
299782
43171
88925
77623
1776468
1776471
347648
94031
202024
107794
56720
170903
2882235
172425
433179
60158
1870035
987973
997537
997538
987974
475907
31216
31218
31220
368684
1053365
2561470
934876
227480
1143063
209941
94452
702255
393326
934877
92596
346795
878065
347394
347994
181285
1101015
65466
1870047
2723838
35632
6398
56931
882792
988174
1858096
9657
457845
630110
59018
282391
326963
1262309
1825006
987975
260603
13123
78897
753195
1776473
138070
268709
174664
22511
685373
934879
688445
2794001
1717430
1980407
2870502
997513
2882282
524428
1384894
1384895
253715
29159
878129
1143066
3698974
295700
7098
195224
1588223
346798
878135
3750
3752
1184610
183277
145754
55057
191418
2795565
1594453
3197
2729092
75861
209795
29065
7609
133487
255976
98504
883867
500837
471059
127245
1502335
70936
47085
1542539
1542540
481575
1545161
3037404
987977
878194
86092
111923
987979
1822530
2884232
2173294
1606788
653684
92598
346801
934947
1335495
1262360
3037405
27393
1971315
431829
414834
113334
465489
457147
113330
7061
1660658
190902
3986
107026
8879
511117
2795681
988129
52113
2866285
1926196
1101017
94026
433052
2021473
6116
1150108
27328
90074
931518
2767528
500459
81636
13151
2964682
1042620
445480
106175
987980
50417
522848
2495085
1824969
9433
2561510
102599
169227
446450
1101020
1594371
265994
1342213
691988
700104
878149
988133
1910964
105697
87757
9886
10090
39082
559660
753371
36723
36239
112232
2714349
71905
433053
1501876
2882405
397147
1870673
447135
286487
2829445
2867102
98922
109480
109479
109481
29739
434553
34708
703265
40880
1920014
446513
699848
987983
987984
997540
987985
987427
987986
987987
987991
6550
29158
7769
347974
878157
878205
2794005
443705
114204
65948
2025560
110024
878211
860203
202049
1660662
3003482
1104514
753375
45351
1594367
292387
343700
2867254
3037407
2014036
143722
2867103
2769477
877844
468767
1331087
295196
452646
566305
2741127
2719080
2881093
880888
1851132
2803881
3458737
2922079
2884248
494743
30387
240896
414950
1504853
987992
753202
987995
987996
214277
22000473
601510
601518
601523
481570
544954
601583
601640
601768
601849
601850
1209556
391172
1504855
346812
1594315
753204
988002
948063
1553591
613196
988003
31919
59465
988004

171585
171594
111881
49614
1594316
2495127
2495129
3126489
721156
1870131
320037
662956
1940097
2803876
446452
2882481
3037408
875882
1553597
127538
347754
1870138
988008
988009
201549
161078
36933
798030
875675
104452
55617
2884233
495356
1539394
2884234
1539395
65147
2979155
65146
2979161
247415
1445684
934882
446505
1298491
48709
48711
351518
878341
9733
335469
198700
591002
170916
352856
352855
181291
79235
333459
3093584
2867105
875886
988010
43337
997542
988011
1594318
142610
61562
61563
520846
9986
169492
29151
1437190
1437191
37623
29057
347424
703598
2998541
2867256
284366
1588336
495374
857166
1870146
878345
8173
2849646
1870148
1101027
1101028
1660671
2561577
1858054
1717602
2872697
753214
1101029
192191
2878346
5636
50603
1511241
1918131
988015
76193
1104519
1888008
221790
2776077
1594321
116150
938205
2844366
1871986
988145
1594322
934885
33127
2882571
934886
572874
87960
88005
334708
6465
39353
6579
878348
2882575
559701
45623
988016
74467
1870686
2495172
203760
1825016
190356
988017
1425412
2998544
934816
934818
326946
934819
254780
457184
452460
56941
904458
278673
875879
80249
2709074
37045
9209
96050
753216
1470699
59560
670618
1511665
2882598
2882611
1918144
203779
988018
988019
1086773
1096077
280486
1858058
873512
934888
336569
1155754
468783
346820
878362
202117
472889
222052
15957
875884
9742
56726
1620919
414934
988148
58324
753407
214311
29695
153785
1176461
1101143
2882644
346824
202125
878368
2486090
199064
199086
362106
9755
1219160
1262321
938207
7116
78633
64459
881727
1045619
2184727
1101145
59473
59474
246814
226158
1155755
60958
173237
154017
90295
934889
688490
170843
257867
140101
8260
78070
414846
1352472
126231
1553674
1660718
298138
1586622
197009
1870246
242267
61862
934957
8262
5323
5322
280637
254382
721895
51655
269367
2867115
1553677
1425595
369887
270614
201550
1143099
707266
573575
140635
576385
988024
2866287
559703
185739
670595
1266490
1720740
1266491
1266492
2170621
115622
202137
1342089
1342090
202138
1342093
544475
137693
512629
1870251
1870252
265386
988154
997515
345913
2979191
752065
3213
41836
129213
201562
129214
928741
3691
113636

88708
1398758
226160
306638
55318
397064
189327
189328
99363
55320
246702
397083
660070
57926
13044
644184
137456
572880
133892
175095
170927
175104
1747324
1569171
347445
1592913
662491
558720
2562035
226133
92607
708063
2884235
34676
39358
42229
97307
1545233
442094
1586585
3238342
2666068
295998
249563
59425
2758353
55410
1101040
80891
1870704
186706
2882760
1870269
987030
271520
360359
767470
106386
878440
987447
139839
988028
988179
116133
480560
1902997
1572538
200806
200810
48688
56535
134920
41880
878397
687122
1594338
1281420
1660681
1101044
218760
346838
753223
197171
23211
878401
39468
58334
38865
38942
374220
139838
223862
7781
27588
54496
56482
749444
1093211
8407
35930
147635
115595
1822558
295679
41101
195289
1553715
2867109
1403681
51622
572890
2922074
254782
226161
2721518
202166
77218
988156
57485
1971888
71918
49628
1870710
1385029
2495209
572892
1101045
2922075
1101047
170457
184666
568243
28468
2849648
1889767
78511
175228

122635
122646
230827
494379
753225
267229
74635
74645
74630
99387
75065
32247
129788
41241

111140
1033783
176794
152964
152966
152972
48668
878968
1601829
721158
51650
267548
1149847
470278
77064
218388
75715
467613
75717
40686
8032
577144
59985
596942
226135
1206372
236850
1162344
236851
27697
931498
332931
102714
219539
290405
1045623
402640
264776
264777
215256
295644
58319
102987
102989
2998547
29653
254110
2589381
495577
351686

753421
76502
316508
316510
76506
411963
687129
377571
434052
30640
55149
13677
1594341
1594343
52904
104445
1926223
987009
326962
1858070
2561724
53169
1053395
7830
1073593
753227
394696
23028
1155756
115100
410286
934894
121554
121557
85882
2021494
6610
465155
1676147
249369
662004
287197
987469
29803
1230162
279420
1219204
2725526
39862
295940
2997259
93593
3411907
248243
279440
1560625
1720755
878987
202195
3112358
45834
4112
59297
638529
746470
3016916
361423
767568
75838
325515
1053398
191669
290649
98288
428710
2735243
128191
128204
231112
13805
231131
128231
128247
128249
1126396
1190790
594017
470732
987436
875880
988039
3562
31201
31202
61572
8284
694383
988158
1553746
753230
2249760
9737
452760
274346
1342239
863834

1660692
877990
1202164
455281
1210413
879004
2979192
1606781
35570
1465182
249548
511597
177147
177155
1255758
55444
569090
7725
2793623
1870728
295815
105906
2882903
2719097
1230148
662494
27933
1552766
1124894
197176
6969
171736
1108569
301036
1108570
301680
1660703
1101060
161584
2591987
1286807
34270
34682
224256
631328
141258
631329
1588496
346861
2561799
202217
753433
9375
125585
127999
128002
105251
61643
82525
1101163
1594352
128161
1545261
7067
520940
1385102
520905
222778
362091
520932
594022
594026
1131437
2126142
320960
320963
997289
721173
500645
166959
32264
100830
67441
256650
1209845
53178
395328
476039
987451
499230
1918310
1219171
1918187
987013
326957
689108
934896
1774267
2867258
89055
1218166
988041
1411927
94606
67428
997290
721163
876078
218773
272628
336685
172266
988162
988163
295696
190366
41014
1101063
1594354
330862
2829464
2881124
2719107
2886541
2867262
2025111
52757
2736688
2867263
2741129
683971
2884231
49576
93848
116138
311328
2725530
36212
13731
41653
1667565
699847
2878352
1448927
988167
58853
1824988
989957
176009
1779456
76328
76515
505408
1271749
2909329
6319
335759
361894
97021
97023
74524
3899
97043
3900
55501
403040
426095
2725545
1870735
74787
753441
27722
1170862
1545368
2776060
1889570
1124896
96551
118778
179666
347477
1002954
1002971
346868

183318
172265
262084
140636
67002
87276
91168
503482
3501
473050

59166
100859
42275
171605
32260
572911
90364
39388
79772

46032
138560
195138
164258
195143
195145
7445
202808
59485
30212
7454
1053407
3908
2753613
2867260
2883019
97441
462882
502524
214053
31155
2998550
1352473
226151
226149
226150
511121
908347
2998551
9627
2589382
721165
721166
1918189
414871
987434
997532
414876
346870
934901
934903
934904
887762
391817
988043
988044

988045
987439
997545
988049
879067
871386
988050
1870430
1689122
374263
374264
381397
187487
2567736
2567737
33466
1594356
263933
1870435
1870436
1858087
1104517
1101070
1080930
1080924
1594360
64108
1101072
8524
1304667
287375
146584
