#contig	start	end	name	score	strand	break_pos	identity_est	tir_ident	matches	span	la0	la1	ra0	ra1	contig_len	win_start	win_end	kept_pts	bin	arm_len	spacer	ir_class
SUPER_Z	16641976	16647864	IR	966	.	16644920	0.966	1.000	578	6580	16641976	16644556	16645284	16647864	20521448	16505470	16755470	604	2324	2580	728	immediate
SUPER_Z	4421500	4425884	IR	941	.	4423692	0.941	0.999	419	4983	4421500	4423391	4423993	4425884	20521448	4219212	4469212	419	3407	1891	602	immediate
SUPER_Z	8921697	8924197	IR	841	.	8922947	0.841	0.999	198	2722	8921697	8922610	8923284	8924198	20521448	8708792	8958792	198	3569	913	674	immediate
SUPER_Z	6556418	6558340	IR	762	.	6557379	0.762	1.000	122	2034	6556418	6556986	6557772	6558340	20521448	6319212	6569212	122	3969	568	786	immediate
SUPER_Z	15461386	15463677	IR	759	.	15462466	0.759	0.970	82	2358	15461386	15462095	15462968	15463677	20521448	15255470	15505470	82	3450	709	873	immediate
SUPER_Z	4026174	4028748	IR	699	.	4027461	0.699	0.996	163	103073	4026174	4026943	4027979	4028748	20521448	3869212	4119212	163	2637	769	1036	immediate
SUPER_Z	6574403	6577040	IR	529	.	6575733	0.529	0.930	91	2865	6574403	6575057	6576409	6577040	20521448	6369212	6619212	91	3441	631	1352	immediate
SUPER_Z	10029724	10032413	IR	494	.	10031083	0.494	0.933	121	3029	10029724	10030771	10031392	10032413	20521448	9808792	10058792	121	3704	1021	621	immediate
SUPER_Z	16943168	16945814	IR	493	.	16944491	0.493	0.989	89	2724	16943168	16943722	16945260	16945814	20521448	16705470	16955470	89	3983	554	1538	immediate
SUPER_Z	17697065	17882123	IR	480	.	17789911	0.480	0.376	30	184991	17697065	17788970	17790248	17882123	20521448	17655470	17905470	0	2235	91875	1278	immediate
SUPER_Z	700668	701891	IR	456	.	701339	0.456	0.969	34	68063	700668	700986	701573	701891	20521448	600000	850000	34	1687	318	587	immediate
SUPER_Z	234672	239727	IR	444	.	237113	0.444	0.901	147	5192	234672	235837	238643	239727	20521448	0	250000	147	3953	1084	2806	spaced
SUPER_Z	14660583	14662919	IR	442	.	14661751	0.442	0.972	43	2359	14660583	14660939	14662563	14662919	20521448	14455470	14705470	43	3437	356	1624	immediate
SUPER_Z	16937630	16940836	IR	432	.	16939233	0.432	0.942	81	3592	16937630	16938481	16939985	16940846	20521448	16705470	16955470	81	3895	851	1504	immediate
SUPER_Z	11104468	11108196	IR	427	.	11106332	0.427	0.902	168	4538	11104468	11105909	11106755	11108277	20521448	10908792	11158792	168	3292	1441	846	immediate
SUPER_Z	13770692	13849307	IR	427	.	13809659	0.427	0.975	20	78590	13770692	13770892	13849108	13849307	20521448	13605470	13855470	0	3408	199	78216	spaced
SUPER_Z	19276748	19278366	IR	408	.	19277557	0.408	1.000	53	85487	19276748	19276925	19278189	19278366	20521448	19205470	19455470	62	1201	177	1264	immediate
SUPER_Z	18701862	18702516	IR	408	.	18702189	0.408	1.000	41	96567	18701862	18702031	18702347	18702516	20521448	18505470	18755470	41	3278	169	316	immediate
SUPER_Z	5086179	5284352	IR	402	.	5184972	0.402	0.387	34	198144	5086179	5151857	5218752	5284352	20521448	5069212	5319212	0	1934	65600	66895	spaced
SUPER_Z	1179418	1287442	IR	401	.	1233451	0.401	0.380	34	119213	1179418	1232847	1234055	1287442	20521448	1150000	1400000	34	1390	53387	1208	immediate
SUPER_Z	11186055	11195169	IR	400	.	11190612	0.400	0.485	102	9409	11186055	11190430	11190794	11195213	20521448	10958792	11208792	102	3863	4375	364	immediate
SUPER_Z	19826816	19912735	IR	388	.	19869812	0.388	0.384	30	85925	19826816	19869703	19869921	19912735	20521448	19705470	19955470	30	2738	42814	218	immediate
SUPER_Z	18347699	18472173	IR	387	.	18410427	0.387	0.968	27	124434	18347699	18347949	18471923	18472175	20521448	18305470	18555470	0	1740	250	123974	wide
SUPER_Z	12553899	12561509	IR	383	.	12557445	0.383	0.992	22	7584	12553899	12554019	12561389	12561510	20521448	12405470	12655470	0	2537	120	7370	spaced
SUPER_Z	1046025	1085379	IR	376	.	1065702	0.376	0.402	113	209363	1046025	1064757	1066647	1085448	20521448	950000	1200000	113	1928	18732	1890	immediate
SUPER_Z	5420417	5432622	IR	358	.	5426908	0.358	0.410	35	12221	5420417	5426321	5426718	5432665	20521448	5319212	5569212	0	1788	5904	397	immediate
SUPER_Z	15794312	15797578	IR	351	.	15795946	0.351	0.886	45	3290	15794312	15794968	15796924	15797578	20521448	15755470	16005470	45	674	654	1956	immediate
SUPER_Z	15538114	15575190	IR	347	.	15556956	0.347	0.972	44	37007	15538114	15538501	15574804	15575190	20521448	15505470	15755470	0	852	386	36303	spaced
SUPER_Z	18179889	18182102	IR	344	.	18181412	0.344	0.964	61	2197	18179889	18180441	18181550	18182104	20521448	17955470	18205470	0	3758	552	1109	immediate
SUPER_Z	19408381	19599519	IR	344	.	19503856	0.344	0.903	53	191336	19408381	19409098	19598802	19599547	20521448	19355470	19605470	54	2474	717	189704	wide
SUPER_Z	10516015	10708576	IR	343	.	10612719	0.343	0.396	28	192549	10516015	10533341	10691250	10708620	20521448	10458792	10708792	0	2558	17326	157909	wide
SUPER_Z	14110736	14157907	IR	343	.	14134540	0.343	0.880	22	47196	14110736	14110889	14157754	14157920	20521448	14005470	14255470	22	2147	153	46865	spaced
SUPER_Z	18902424	18923929	IR	342	.	18912882	0.342	0.897	21	21499	18902424	18902630	18923723	18923947	20521448	18705470	18955470	0	3461	206	21093	spaced
SUPER_Z	5816340	5962817	IR	342	.	5889869	0.342	0.902	20	146421	5816340	5816828	5962332	5962817	20521448	5719212	5969212	0	2839	485	145504	wide
SUPER_Z	783816	994855	IR	341	.	889686	0.341	0.986	86	211024	783816	784439	994232	994858	20521448	750000	1000000	0	2322	623	209793	wide
SUPER_Z	1301034	1543844	IR	341	.	1422444	0.341	0.386	25	242825	1301034	1343275	1501639	1543844	20521448	1300000	1550000	25	2040	42205	158364	wide
SUPER_Z	11547169	11709904	IR	340	.	11628767	0.340	0.944	20	162736	11547169	11547348	11709725	11709905	20521448	11508792	11758792	20	1995	179	162377	wide
SUPER_Z	15972920	16175050	IR	339	.	16074315	0.339	0.383	27	202178	15972920	16015301	16132669	16175115	20521448	15955470	16205470	0	1975	42381	117368	wide
SUPER_Z	2359962	2458594	IR	338	.	2409027	0.338	0.802	36	98605	2359962	2360393	2458214	2458594	20521448	2300000	2550000	0	1821	380	97821	spaced
SUPER_Z	17147153	17233657	IR	337	.	17190431	0.337	0.858	83	86856	17147153	17147727	17233083	17233738	20521448	17005470	17255470	83	3082	574	85356	spaced
SUPER_Z	9216774	9353727	IR	337	.	9284882	0.337	0.930	21	136881	9216774	9217130	9353374	9353727	20521448	9108792	9358792	0	2940	353	136244	wide
SUPER_Z	2700604	2936598	IR	336	.	2819098	0.336	0.391	63	235256	2700604	2744617	2892624	2936598	20521448	2700000	2950000	0	1976	43974	148007	wide
SUPER_Z	8337675	8474149	IR	336	.	8405578	0.336	0.992	36	136450	8337675	8337927	8473897	8474149	20521448	8258792	8508792	0	2451	252	135970	wide
SUPER_Z	13222931	13365814	IR	335	.	13294443	0.335	1.000	31	142899	13222931	13223073	13365672	13365814	20521448	13155470	13405470	31	2314	142	142599	wide
SUPER_Z	1817744	1907002	IR	334	.	1862302	0.334	0.922	47	89410	1817744	1818192	1906570	1907002	20521448	1700000	1950000	47	2706	432	88378	spaced
SUPER_Z	8654184	8699030	IR	334	.	8676401	0.334	0.898	26	44863	8654184	8654419	8698808	8699030	20521448	8458792	8708792	26	3630	222	44389	spaced
SUPER_Z	12880761	13054395	IR	333	.	12967882	0.333	0.980	27	173610	12880761	12880963	13054193	13054395	20521448	12805470	13055470	0	2701	202	173230	wide
SUPER_Z	17251327	17452821	IR	333	.	17351721	0.333	0.876	27	201467	17251327	17251697	17452483	17452821	20521448	17205470	17455470	0	2443	338	200786	wide
SUPER_Z	13487486	13505194	IR	333	.	13496519	0.333	0.987	24	59239	13487486	13487642	13505038	13505194	20521448	13355470	13605470	24	2347	156	17396	spaced
SUPER_Z	15712205	15782533	IR	332	.	15747251	0.332	0.970	176	70556	15712205	15713364	15781374	15782535	20521448	15555470	15805470	176	3198	1159	68010	spaced
SUPER_Z	13993112	14072841	IR	332	.	14033231	0.332	0.968	57	79694	13993112	13993549	14072404	14072844	20521448	13905470	14155470	0	2124	437	78855	spaced
SUPER_Z	8607161	8637254	IR	332	.	8622699	0.332	0.893	40	30074	8607161	8607714	8636739	8637254	20521448	8458792	8708792	0	2723	515	29025	spaced
SUPER_Z	10344049	10374842	IR	332	.	10359517	0.332	0.993	24	30802	10344049	10344184	10374707	10374842	20521448	10158792	10408792	24	3344	135	30523	spaced
SUPER_Z	17534848	17543796	IR	331	.	17539449	0.331	0.852	113	9178	17534848	17535504	17543140	17543884	20521448	17355470	17605470	113	3064	656	7636	spaced
SUPER_Z	16666231	16677129	IR	331	.	16671902	0.331	0.973	33	57987	16666231	16666413	16676947	16677131	20521448	16455470	16705470	19	3603	182	10534	spaced
SUPER_Z	14430216	14643809	IR	331	.	14536672	0.331	0.384	32	213562	14430216	14465768	14608330	14643809	20521448	14405470	14655470	0	2192	35479	142562	wide
SUPER_Z	11761160	11783918	IR	330	.	11772923	0.330	0.909	39	22742	11761160	11761653	11783425	11783925	20521448	11558792	11808792	0	3562	493	21772	spaced
SUPER_Z	6799743	6897415	IR	330	.	6849051	0.330	0.968	24	97655	6799743	6799993	6897165	6897417	20521448	6669212	6919212	0	2989	250	97172	spaced
SUPER_Z	12671481	12801580	IR	330	.	12737014	0.330	0.387	23	130078	12671481	12736324	12736775	12801580	20521448	12555470	12805470	0	3017	64805	451	immediate
SUPER_Z	7689285	7747601	IR	330	.	7718397	0.330	1.000	22	58310	7689285	7689401	7747485	7747601	20521448	7558792	7808792	22	2660	116	58084	spaced
SUPER_Z	4073575	4145212	IR	329	.	4109055	0.329	0.952	115	71609	4073575	4074862	4143925	4145215	20521448	3919212	4169212	0	3169	1287	69063	spaced
SUPER_Z	4765536	4917285	IR	329	.	4840934	0.329	0.383	32	151714	4765536	4830595	4852226	4917288	20521448	4669212	4919212	0	2869	65059	21631	spaced
SUPER_Z	16213256	16215567	IR	328	.	16214461	0.328	1.000	119	129155	16213256	16213827	16214996	16215567	20521448	16055470	16305470	119	2648	571	1169	immediate
SUPER_Z	11262205	11363297	IR	328	.	11312876	0.328	0.949	73	101146	11262205	11262790	11362716	11363297	20521448	11158792	11408792	73	2565	581	99926	spaced
SUPER_Z	1553254	1734301	IR	328	.	1644001	0.328	0.413	33	181306	1553254	1568517	1719052	1734301	20521448	1550000	1800000	22	1562	15249	150535	wide
SUPER_Z	17882002	18091825	IR	328	.	17986846	0.328	0.379	33	209858	17882002	17951435	18022411	18091825	20521448	17855470	18105470	33	2190	69414	70976	spaced
SUPER_Z	10112152	10316474	IR	328	.	10214536	0.328	0.863	30	204390	10112152	10112517	10316109	10316511	20521448	10108792	10358792	30	1758	365	203592	wide
SUPER_Z	10864125	10931659	IR	328	.	10898002	0.328	0.389	24	67546	10864125	10894807	10900977	10931678	20521448	10708792	10958792	24	3151	30682	6170	spaced
SUPER_Z	611878	659909	IR	328	.	636385	0.328	0.701	22	48000	611878	612375	659498	659909	20521448	450000	700000	0	3098	411	47123	spaced
SUPER_Z	19599649	19780968	IR	327	.	19689819	0.327	0.943	107	181305	19599649	19600837	19779780	19780978	20521448	19555470	19805470	0	2247	1188	178943	wide
SUPER_Z	15797967	15856170	IR	327	.	15827145	0.327	0.923	51	58260	15797967	15798436	15855701	15856195	20521448	15705470	15955470	51	2026	469	57265	spaced
SUPER_Z	2098054	2281694	IR	327	.	2190031	0.327	0.383	35	183650	2098054	2127176	2252641	2281694	20521448	2050000	2300000	35	2331	29053	125465	wide
SUPER_Z	6235163	6376716	IR	327	.	6306361	0.327	0.923	24	141522	6235163	6235486	6376395	6376716	20521448	6169212	6419212	0	2278	321	140909	wide
SUPER_Z	8699887	8851569	IR	326	.	8776133	0.326	0.886	49	151661	8699887	8700791	8850679	8851569	20521448	8658792	8908792	0	1948	890	149888	wide
SUPER_Z	4571756	4633263	IR	326	.	4602701	0.326	0.431	32	61530	4571756	4574721	4630333	4633263	20521448	4469212	4719212	32	2221	2930	55612	spaced
SUPER_Z	3403699	3472406	IR	326	.	3437906	0.326	0.385	31	68727	3403699	3437807	3438298	3472408	20521448	3269212	3519212	31	2813	34108	491	immediate
SUPER_Z	5512672	5554086	IR	326	.	5533608	0.326	1.000	31	41399	5512672	5512754	5554004	5554086	20521448	5319212	5569212	14	3569	82	41250	spaced
SUPER_Z	17454814	17484961	IR	326	.	17469614	0.326	0.399	29	30130	17454814	17469205	17470620	17484961	20521448	17255470	17505470	0	3573	14341	1415	immediate
SUPER_Z	5716721	5733667	IR	326	.	5725294	0.326	0.960	27	16958	5716721	5716896	5733492	5733669	20521448	5519212	5769212	27	3432	175	16596	spaced
SUPER_Z	19113014	19212881	IR	326	.	19162904	0.326	0.665	26	100045	19113014	19113271	19212624	19212966	20521448	19005470	19255470	26	2624	257	99353	spaced
SUPER_Z	13590577	13601896	IR	326	.	13595956	0.326	0.995	25	11302	13590577	13590766	13601707	13601896	20521448	13355470	13605470	0	4012	189	10941	spaced
SUPER_Z	8505412	8569627	IR	326	.	8537348	0.326	0.377	24	64250	8505412	8535158	8539881	8569673	20521448	8408792	8658792	24	2145	29746	4723	spaced
SUPER_Z	6701773	6781434	IR	326	.	6741731	0.326	0.393	22	79668	6701773	6719275	6763944	6781434	20521448	6569212	6819212	22	2873	17490	44669	spaced
SUPER_Z	14990008	15064715	IR	326	.	15027715	0.326	0.375	22	74727	14990008	14994454	15060269	15064752	20521448	14905470	15155470	0	2031	4446	65815	spaced
SUPER_Z	1041157	1043400	IR	325	.	1042229	0.325	1.000	110	2340	1041157	1041715	1042842	1043400	20521448	800000	1050000	110	4037	558	1127	immediate
SUPER_Z	12271287	12336912	IR	325	.	12304444	0.325	0.953	31	65604	12271287	12271604	12336595	12336913	20521448	12108792	12355270	0	3254	317	64991	spaced
SUPER_Z	461143	515557	IR	325	.	488519	0.325	0.959	28	54441	461143	461432	515268	515561	20521448	300000	550000	28	3139	289	53836	spaced
SUPER_Z	9530427	9639037	IR	325	.	9584919	0.325	0.929	26	108632	9530427	9530585	9638879	9639046	20521448	9508792	9758792	26	1265	158	108294	wide
SUPER_Z	9670447	9858340	IR	325	.	9764438	0.325	0.758	26	187913	9670447	9671356	9857544	9858340	20521448	9608792	9858792	26	2593	796	186188	wide
SUPER_Z	13082703	13111141	IR	325	.	13096731	0.325	0.994	25	28454	13082703	13082869	13110975	13111141	20521448	12905470	13155470	25	3190	166	28106	spaced
SUPER_Z	10412699	10427060	IR	325	.	10420331	0.325	0.976	24	14344	10412699	10412910	10426850	10427060	20521448	10358792	10608792	0	1017	210	13940	spaced
SUPER_Z	11456656	11526700	IR	325	.	11491680	0.325	0.386	23	70027	11456656	11491580	11491780	11526700	20521448	11308792	11558792	23	3047	34920	200	immediate
SUPER_Z	20300916	20449287	IR	325	.	20374857	0.325	0.972	22	148373	20300916	20301096	20449107	20449287	20521448	20205470	20455470	22	2827	180	148011	wide
SUPER_Z	12411162	12428199	IR	324	.	12420155	0.324	0.901	190	17021	12411162	12413709	12425652	12428212	20521448	12405470	12655470	0	236	2547	11943	spaced
SUPER_Z	15512354	15515089	IR	324	.	15513415	0.324	0.993	94	2709	15512354	15513034	15514409	15515089	20521448	15305470	15555470	0	3470	680	1375	immediate
SUPER_Z	12179810	12182711	IR	324	.	12181091	0.324	0.992	41	3043	12179810	12180059	12182462	12182711	20521448	12108792	12355270	41	1207	249	2403	spaced
SUPER_Z	195790	206570	IR	324	.	201350	0.324	0.805	39	10936	195790	196625	205735	206656	20521448	100000	350000	39	1686	835	9110	spaced
SUPER_Z	3550758	3625687	IR	324	.	3588750	0.324	0.383	31	74904	3550758	3571893	3604654	3625687	20521448	3519212	3769212	0	1150	21033	32761	spaced
SUPER_Z	11975528	12120023	IR	323	.	12048275	0.323	0.935	100	144448	11975528	11976469	12119123	12120023	20521448	11908792	12158792	0	2316	900	142654	wide
SUPER_Z	13862269	13954268	IR	323	.	13908115	0.323	0.971	91	92197	13862269	13862957	13953580	13954268	20521448	13705470	13955470	91	3379	688	90623	spaced
SUPER_Z	1032138	1039494	IR	323	.	1035942	0.323	0.996	59	57434	1032138	1032420	1039212	1039494	20521448	900000	1150000	59	2263	282	6792	spaced
SUPER_Z	2691929	2694687	IR	323	.	2692896	0.323	0.956	39	2725	2691929	2692356	2694270	2694687	20521448	2500000	2750000	0	3221	417	1914	immediate
SUPER_Z	2338384	2348160	IR	323	.	2343259	0.323	0.975	31	9916	2338384	2338585	2347959	2348160	20521448	2100000	2350000	31	4054	201	9374	spaced
SUPER_Z	3772082	3938931	IR	323	.	3855023	0.323	0.389	27	166858	3772082	3800807	3910206	3938959	20521448	3719212	3969212	0	2271	28725	109399	wide
SUPER_Z	7222344	7360106	IR	323	.	7291182	0.323	0.855	26	137776	7222344	7222504	7359960	7360106	20521448	7219212	7458592	26	1200	146	137456	wide
SUPER_Z	8097217	8125943	IR	323	.	8111156	0.323	0.843	23	28706	8097217	8097396	8125764	8125974	20521448	7908792	8158792	0	3379	179	28368	spaced
SUPER_Z	4434843	4543851	IR	323	.	4489464	0.323	0.938	20	109000	4434843	4434987	4543713	4543851	20521448	4369212	4619212	20	2002	138	108726	wide
SUPER_Z	7182388	7192348	IR	322	.	7187122	0.322	0.938	90	106787	7182388	7182902	7191835	7192348	20521448	7119212	7369212	65	1135	513	8933	spaced
SUPER_Z	4179920	4297062	IR	322	.	4238746	0.322	0.940	26	117121	4179920	4180302	4296685	4297062	20521448	4069212	4319212	0	2821	377	116383	wide
SUPER_Z	8995138	9002993	IR	322	.	8998616	0.322	0.959	24	7835	8995138	8995359	9002778	9002993	20521448	8908792	9158792	0	1504	215	7419	spaced
SUPER_Z	18483580	18516829	IR	322	.	18500664	0.322	0.994	24	33221	18483580	18483742	18516667	18516829	20521448	18355470	18605470	0	2412	162	32925	spaced
SUPER_Z	6959458	7001918	IR	322	.	6980607	0.322	0.388	23	42495	6959458	6980674	6980702	7001959	20521448	6919212	7169212	25	1024	21216	28	immediate
SUPER_Z	11889283	11893382	IR	321	.	11891164	0.321	0.949	51	4268	11889283	11889830	11892835	11893382	20521448	11658792	11908792	51	3875	547	3005	spaced
SUPER_Z	14685938	14728326	IR	321	.	14706938	0.321	0.795	43	42482	14685938	14686584	14727736	14728326	20521448	14605470	14855470	43	1694	590	41152	spaced
SUPER_Z	2511184	2525306	IR	321	.	2518058	0.321	0.878	35	14133	2511184	2511480	2525022	2525306	20521448	2300000	2550000	35	3637	284	13542	spaced
SUPER_Z	2970640	2976594	IR	321	.	2973643	0.321	0.965	28	5955	2970640	2970838	2976396	2976595	20521448	2950000	3200000	28	393	198	5558	spaced
SUPER_Z	14182415	14304702	IR	321	.	14243991	0.321	0.982	22	122260	14182415	14182634	14304483	14304702	20521448	14055470	14305470	0	3134	219	121849	wide
SUPER_Z	17069747	17071840	IR	320	.	17070823	0.320	0.983	176	2218	17069747	17070556	17071032	17071840	20521448	16855470	17105470	176	3588	808	476	immediate
SUPER_Z	3117339	3186574	IR	320	.	3152271	0.320	0.884	45	69210	3117339	3117950	3186006	3186574	20521448	3000000	3250000	0	2532	568	68056	spaced
SUPER_Z	19288467	19301561	IR	320	.	19295110	0.320	0.974	29	13171	19288467	19288659	19301371	19301561	20521448	19055470	19305470	29	3992	190	12712	spaced
SUPER_Z	18706309	18769641	IR	320	.	18737709	0.320	0.388	21	63265	18706309	18725538	18750438	18769641	20521448	18705470	18955470	0	541	19203	24900	spaced
SUPER_Z	11025936	11030282	IR	319	.	11027796	0.319	0.947	42	4327	11025936	11026311	11029909	11030282	20521448	10808792	11058792	0	3655	373	3598	spaced
SUPER_Z	3493360	3540617	IR	319	.	3517197	0.319	0.925	33	47302	3493360	3493521	3540456	3540629	20521448	3319212	3569212	48	3296	161	46935	spaced
SUPER_Z	16466108	16575394	IR	319	.	16520643	0.319	0.984	28	109341	16466108	16466292	16575210	16575394	20521448	16355470	16605470	28	2754	184	108918	wide
SUPER_Z	6019858	6023938	IR	319	.	6021719	0.319	0.979	20	4127	6019858	6019999	6023797	6023938	20521448	5919212	6169212	20	1711	141	3798	spaced
SUPER_Z	13684287	13767723	IR	318	.	13726308	0.318	0.879	28	83439	13684287	13684752	13767258	13767746	20521448	13555470	13805470	0	2842	465	82506	spaced
SUPER_Z	16739580	16772871	IR	318	.	16755752	0.318	0.396	26	28430	16739580	16756160	16756343	16772871	20521448	16655470	16905470	0	1679	16528	183	immediate
SUPER_Z	13145565	13195598	IR	318	.	13170458	0.318	0.965	24	133485	13145565	13145764	13195401	13195598	20521448	13055470	13305470	24	1918	197	49637	spaced
SUPER_Z	7838787	7912848	IR	318	.	7875318	0.318	0.956	22	73976	7838787	7839037	7912598	7912848	20521448	7758792	8008792	0	1950	250	73561	spaced
SUPER_Z	20034216	20074989	IR	317	.	20054474	0.317	0.967	21	40759	20034216	20034428	20074777	20074989	20521448	19905470	20155470	21	2485	212	40349	spaced
SUPER_Z	8135501	8155531	IR	316	.	8145284	0.316	0.921	70	20156	8135501	8136332	8154719	8155531	20521448	7908792	8158792	70	3945	812	18387	spaced
SUPER_Z	17051041	17056875	IR	316	.	17054411	0.316	0.967	68	5811	17051041	17051675	17056241	17056878	20521448	16905470	17155470	0	2474	634	4566	spaced
SUPER_Z	19919333	19945873	IR	316	.	19932584	0.316	0.770	42	26538	19919333	19919843	19945444	19945873	20521448	19905470	20155470	42	452	429	25601	spaced
SUPER_Z	11365082	11456771	IR	316	.	11410555	0.316	0.962	21	91675	11365082	11365209	11456644	11456775	20521448	11308792	11558792	0	1702	127	91435	spaced
SUPER_Z	7139463	7179574	IR	315	.	7159769	0.315	0.923	95	40058	7139463	7140591	7178450	7179574	20521448	6969212	7219212	0	3171	1124	37859	spaced
SUPER_Z	14732952	14808282	IR	315	.	14770340	0.315	0.984	31	75311	14732952	14733199	14808035	14808282	20521448	14605470	14855470	0	2752	247	74836	spaced
SUPER_Z	6625689	6639478	IR	315	.	6632769	0.315	0.877	30	13819	6625689	6626210	6638957	6639500	20521448	6569212	6819212	30	1056	521	12747	spaced
SUPER_Z	17561061	17683177	IR	314	.	17621974	0.314	0.973	329	150159	17561061	17563250	17680988	17683199	20521448	17455470	17705470	329	2777	2189	117738	wide
SUPER_Z	16223785	16327500	IR	314	.	16275226	0.314	0.386	45	103688	16223785	16273704	16277672	16327500	20521448	16105470	16355470	0	2836	49828	3968	spaced
SUPER_Z	7486905	7624078	IR	313	.	7555619	0.313	0.977	27	137183	7486905	7487079	7623904	7624079	20521448	7458792	7708792	27	1611	174	136825	wide
SUPER_Z	6930332	6954661	IR	313	.	6942660	0.313	0.988	25	24324	6930332	6930502	6954491	6954661	20521448	6719212	6969212	25	3721	170	23989	spaced
SUPER_Z	16849430	16897408	IR	313	.	16873266	0.313	0.969	22	47985	16849430	16849590	16897248	16897408	20521448	16655470	16905470	22	3632	160	47658	spaced
SUPER_Z	16371937	16393725	IR	313	.	16382539	0.313	0.796	21	21771	16371937	16372162	16393543	16393725	20521448	16305470	16555470	0	1289	182	21381	spaced
SUPER_Z	2589776	2593642	IR	312	.	2591673	0.312	1.000	93	3988	2589776	2590189	2593229	2593642	20521448	2350000	2600000	93	4028	413	3040	spaced
SUPER_Z	725741	776612	IR	312	.	750836	0.312	0.423	29	50847	725741	731293	771060	776620	20521448	550000	800000	0	3352	5552	39767	spaced
SUPER_Z	6414692	6470832	IR	312	.	6442448	0.312	0.982	23	56110	6414692	6414916	6470608	6470832	20521448	6269212	6519212	0	2892	224	55692	spaced
SUPER_Z	18223630	18279354	IR	312	.	18251694	0.312	0.988	23	55712	18223630	18223798	18279186	18279354	20521448	18205470	18455470	23	766	168	55388	spaced
SUPER_Z	3204107	3253792	IR	311	.	3228914	0.311	0.905	48	49788	3204107	3204757	3253174	3253792	20521448	3050000	3269012	48	2982	618	48417	spaced
SUPER_Z	19982174	20022000	IR	310	.	20002437	0.310	0.775	54	39807	19982174	19983596	20020580	20022000	20521448	19805470	20055470	0	3276	1420	36984	spaced
SUPER_Z	2004991	2087260	IR	310	.	2045747	0.310	0.387	46	82248	2004991	2039089	2053163	2087260	20521448	2000000	2250000	0	768	34097	14074	spaced
SUPER_Z	9877552	9883852	IR	310	.	9880610	0.310	0.885	39	6606	9877552	9878076	9883352	9883852	20521448	9658792	9908792	42	3698	500	5276	spaced
SUPER_Z	348871	409516	IR	310	.	378892	0.310	0.938	25	60637	348871	349120	409267	409525	20521448	200000	450000	0	2986	249	60147	spaced
SUPER_Z	7980280	8075142	IR	310	.	8027839	0.310	1.000	21	94929	7980280	7980384	8075038	8075142	20521448	7908792	8158792	21	1981	104	94654	spaced
SUPER_Z	3651991	3724307	IR	309	.	3688644	0.309	0.928	24	72309	3651991	3652216	3724082	3724317	20521448	3569212	3819212	0	1982	225	71866	spaced
SUPER_Z	9467778	9478985	IR	309	.	9472909	0.309	0.978	22	11190	9467778	9468002	9478761	9478985	20521448	9308792	9558792	0	2743	224	10759	spaced
SUPER_Z	11897871	11904169	IR	308	.	11901015	0.308	0.978	152	6446	11897871	11898848	11903193	11904169	20521448	11708792	11958792	152	3203	976	4345	spaced
SUPER_Z	20170841	20183708	IR	308	.	20176775	0.308	0.958	49	12845	20170841	20171226	20183331	20183708	20521448	19955470	20205470	0	3696	377	12105	spaced
SUPER_Z	18534286	18625194	IR	307	.	18579480	0.307	0.419	50	90962	18534286	18540821	18618659	18625269	20521448	18455470	18705470	0	2071	6535	77838	spaced
SUPER_Z	6068381	6172745	IR	306	.	6120553	0.306	0.966	264	104700	6068381	6069869	6171299	6172745	20521448	5969212	6219212	264	2522	1446	101430	wide
SUPER_Z	15068419	15283144	IR	305	.	15175843	0.305	0.834	42	214829	15068419	15068724	15282839	15283179	20521448	15055470	15305470	42	2005	305	214115	wide
SUPER_Z	2288918	2319214	IR	305	.	2303864	0.305	1.000	30	30294	2288918	2289086	2319046	2319214	20521448	2100000	2350000	30	3400	168	29960	spaced
SUPER_Z	19025986	19104430	IR	304	.	19065541	0.304	0.989	23	78392	19025986	19026169	19104247	19104430	20521448	18855470	19105470	0	3495	183	78078	spaced
SUPER_Z	3966336	3993299	IR	302	.	3979660	0.302	0.912	82	27106	3966336	3966988	3992681	3993299	20521448	3819212	4069212	82	2676	618	25693	spaced
SUPER_Z	10033890	10063975	IR	302	.	10048579	0.302	0.728	32	30068	10033890	10034735	10063130	10063978	20521448	9908792	10158792	0	2335	845	28395	spaced
SUPER_Z	9002833	9160395	IR	302	.	9081852	0.302	0.381	28	157544	9002833	9081386	9081850	9160395	20521448	8958792	9208792	0	2046	78545	464	immediate
SUPER_Z	8201700	8323809	IR	301	.	8262640	0.301	0.952	26	122113	8201700	8201841	8323668	8323813	20521448	8108792	8358792	26	2565	141	121827	wide
SUPER_Z	13987262	13991876	IR	299	.	13989684	0.299	0.792	60	4657	13987262	13987718	13991506	13991876	20521448	13955470	14205470	60	568	370	3788	spaced
SUPER_Z	146551	170182	IR	298	.	158202	0.298	0.979	40	23704	146551	146837	169896	170182	20521448	0	250000	40	2639	286	23059	spaced
SUPER_Z	16426045	16431052	IR	293	.	16428185	0.293	1.000	26	4982	16426045	16426204	16430893	16431052	20521448	16205470	16455470	0	3717	159	4689	spaced
SUPER_Z	10708744	10814149	IR	292	.	10761761	0.292	0.386	30	105457	10708744	10759172	10763721	10814246	20521448	10608792	10858792	0	2544	50428	4549	spaced
SUPER_W	4052539	4062755	IR	963	.	4057647	0.963	1.000	1034	11270	4052539	4057048	4058246	4062755	19866531	3824319	4074319	1034	3888	4509	1198	immediate
SUPER_W	2658465	2662053	IR	947	.	2660259	0.947	1.000	355	3976	2658465	2659954	2660564	2662053	19866531	2450000	2700000	355	3504	1489	610	immediate
SUPER_W	14209957	14214689	IR	925	.	14212323	0.925	1.000	420	5137	14209957	14211972	14212674	14214689	19866531	13978445	14228445	420	3897	2015	702	immediate
SUPER_W	10201931	10205644	IR	910	.	10204246	0.910	0.926	66	3667	10201931	10203288	10204287	10205645	19866531	10124319	10374319	0	1324	1357	999	immediate
SUPER_W	13061809	13064565	IR	849	.	13063187	0.849	1.000	233	3031	13061809	13062871	13063503	13064565	19866531	12978445	13228445	233	1412	1062	632	immediate
SUPER_W	9762903	9768203	IR	846	.	9765553	0.846	0.999	489	5841	9762903	9765130	9765976	9768204	19866531	9524319	9774319	489	4020	2227	846	immediate
SUPER_W	12759381	12764279	IR	837	.	12761830	0.837	0.991	402	5502	12759381	12761342	12762318	12764284	19866531	12524319	12774319	402	3958	1961	976	immediate
SUPER_W	12815617	12820515	IR	837	.	12818066	0.837	0.991	402	5502	12815617	12817578	12818554	12820520	19866531	12574319	12824319	402	4062	1961	976	immediate
SUPER_W	10603072	10605584	IR	812	.	10604328	0.812	0.991	184	2716	10603072	10603999	10604659	10605584	19866531	10574319	10824319	219	500	925	660	immediate
SUPER_W	13641313	13646815	IR	783	.	13644392	0.783	0.969	318	5470	13641313	13643991	13644137	13646831	19866531	13628445	13878445	0	260	2678	146	immediate
SUPER_W	7078546	7082358	IR	775	.	7080452	0.775	1.000	339	4144	7078546	7079970	7080934	7082358	19866531	6874319	7124319	339	3435	1424	964	immediate
SUPER_W	8360778	8363547	IR	765	.	8362245	0.765	0.936	101	2997	8360778	8361860	8362468	8363547	19866531	8124319	8374319	101	3963	1079	608	immediate
SUPER_W	11718823	11723129	IR	755	.	11721369	0.755	0.930	98	4285	11718823	11720284	11721668	11723130	19866531	11524319	11774319	0	3277	1461	1384	immediate
SUPER_W	18055517	18059342	IR	749	.	18057430	0.749	0.988	309	4159	18055517	18057189	18057679	18059342	19866531	17821240	18071240	309	3936	1663	490	immediate
SUPER_W	610900	613966	IR	746	.	612433	0.746	0.998	271	3452	610900	612114	612753	613966	19866531	400000	650000	271	3540	1213	639	immediate
SUPER_W	3102017	3108770	IR	739	.	3105391	0.739	0.936	408	7720	3102017	3104854	3105933	3108802	19866531	2950000	3200000	456	2589	2837	1079	immediate
SUPER_W	7195272	7197336	IR	728	.	7196302	0.728	0.962	136	2420	7195272	7196184	7196429	7197336	19866531	7024319	7274319	136	2866	907	245	immediate
SUPER_W	12942522	12947222	IR	721	.	12944872	0.721	0.995	369	5139	12942522	12944254	12945490	12947222	19866531	12928445	13178445	369	273	1732	1236	immediate
SUPER_W	13242491	13249281	IR	703	.	13245886	0.703	1.000	632	7431	13242491	13245180	13246592	13249281	19866531	13028445	13278445	632	3623	2689	1412	immediate
SUPER_W	18216340	18219312	IR	703	.	18217826	0.703	0.990	164	3200	18216340	18217338	18218314	18219312	19866531	18071240	18321240	164	2442	998	976	immediate
SUPER_W	14422106	14425973	IR	686	.	14424236	0.686	0.905	98	3978	14422106	14423245	14424834	14425982	19866531	14228445	14478445	98	3259	1139	1589	immediate
SUPER_W	12314707	12327644	IR	658	.	12321256	0.658	0.781	478	13594	12314707	12320643	12321708	12327693	19866531	12174319	12424319	478	2447	5936	1065	immediate
SUPER_W	13064895	13068525	IR	641	.	13066710	0.641	1.000	268	3931	13064895	13066059	13067361	13068525	19866531	12978445	13228445	268	1470	1164	1302	immediate
SUPER_W	369929	373516	IR	634	.	372116	0.634	0.889	77	3548	369929	371621	371824	373529	19866531	150000	400000	0	3695	1692	203	immediate
SUPER_W	530748	535531	IR	603	.	532978	0.603	0.962	199	4992	530748	532218	534061	535538	19866531	300000	550000	199	3885	1470	1843	immediate
SUPER_W	5239892	5243562	IR	598	.	5241733	0.598	0.933	135	6211	5239892	5241452	5242014	5243562	19866531	5124319	5374319	135	1956	1548	562	immediate
SUPER_W	16388682	16390642	IR	590	.	16389662	0.590	0.986	63	2027	16388682	16389050	16390274	16390642	19866531	16171240	16421240	63	3640	368	1224	immediate
SUPER_W	7440238	7446721	IR	589	.	7443075	0.589	0.940	210	6471	7440238	7442680	7444279	7446727	19866531	7224319	7474319	0	3652	2442	1599	immediate
SUPER_W	7652718	7654775	IR	583	.	7653748	0.583	0.993	151	2218	7652718	7653402	7654091	7654778	19866531	7624319	7874319	151	490	684	689	immediate
SUPER_W	18458184	18460468	IR	553	.	18459326	0.553	1.000	94	2351	18458184	18458628	18460024	18460468	19866531	18421240	18671240	94	634	444	1396	immediate
SUPER_W	9584762	9592568	IR	547	.	9588665	0.547	0.865	261	8389	9584762	9587884	9589446	9592627	19866531	9374319	9624319	261	3572	3122	1562	immediate
SUPER_W	9260531	9262873	IR	545	.	9261702	0.545	0.996	98	2411	9260531	9261029	9262375	9262873	19866531	9124319	9374319	98	2289	498	1346	immediate
SUPER_W	18983236	18998533	IR	527	.	18990439	0.527	0.615	225	15248	18983236	18990224	18991623	18998533	19866531	18821240	19071240	0	2827	6910	1399	immediate
SUPER_W	12714333	12720150	IR	515	.	12717242	0.515	0.999	523	6390	12714333	12716703	12717780	12720151	19866531	12474319	12724319	523	4048	2370	1077	immediate
SUPER_W	16526823	16531967	IR	501	.	16529888	0.501	0.913	146	4999	16526823	16529338	16529483	16531967	19866531	16321240	16571240	0	3469	2484	145	immediate
SUPER_W	13843149	13845947	IR	493	.	13844062	0.493	0.901	43	2726	13843149	13843878	13845218	13845966	19866531	13828445	14078445	0	268	729	1340	immediate
SUPER_W	11234483	11237179	IR	487	.	11235831	0.487	0.981	83	2782	11234483	11235068	11236594	11237181	19866531	11024319	11274319	83	3525	585	1526	immediate
SUPER_W	16319108	16324631	IR	474	.	16322269	0.474	0.991	330	5502	16319108	16321021	16322732	16324631	19866531	16121240	16371240	0	3343	1899	1711	immediate
SUPER_W	19238730	19241245	IR	458	.	19239984	0.458	0.928	114	2651	19238730	19239834	19240161	19241245	19866531	19021240	19271240	114	3645	1084	327	immediate
SUPER_W	11505077	11602341	IR	449	.	11553464	0.449	0.983	95	97350	11505077	11505736	11601686	11602341	19866531	11374319	11624319	95	2989	655	95950	spaced
SUPER_W	5668101	5668963	IR	436	.	5668756	0.436	1.000	64	10816	5668101	5668153	5668911	5668963	19866531	5624319	5874319	9	736	52	758	immediate
SUPER_W	8589056	8592198	IR	426	.	8590627	0.426	0.999	158	3476	8589056	8589748	8591506	8592198	19866531	8424319	8674319	158	2771	692	1758	immediate
SUPER_W	1891922	1896616	IR	413	.	1894349	0.413	0.955	184	5008	1891922	1893300	1895238	1896620	19866531	1700000	1950000	184	3237	1378	1938	immediate
SUPER_W	6246851	6257587	IR	404	.	6251775	0.404	0.966	140	10711	6246851	6248207	6256237	6257587	19866531	6024319	6274319	0	3798	1350	8030	spaced
SUPER_W	4257519	4260983	IR	398	.	4259251	0.398	0.866	87	3742	4257519	4258489	4260013	4261020	19866531	4174319	4424319	87	1415	970	1524	immediate
SUPER_W	15543892	15546361	IR	395	.	15545128	0.395	0.961	77	2581	15543892	15544492	15545761	15546369	19866531	15378445	15628445	77	2777	600	1269	immediate
SUPER_W	17572688	17574701	IR	388	.	17573696	0.388	0.984	134	2241	17572688	17573483	17573909	17574701	19866531	17371240	17621240	134	3374	792	426	immediate
SUPER_W	14820780	14827092	IR	387	.	14824103	0.387	0.913	119	6429	14820780	14822482	14825390	14827094	19866531	14578445	14828445	119	4091	1702	2908	spaced
SUPER_W	4927439	4929667	IR	382	.	4928552	0.382	0.982	56	2249	4927439	4927710	4929397	4929667	19866531	4774319	5024319	56	2570	270	1687	immediate
SUPER_W	6028127	6030151	IR	378	.	6029139	0.378	0.964	22	2089	6028127	6028292	6029986	6030152	19866531	5824319	6074319	22	3413	165	1694	immediate
SUPER_W	16820082	16823645	IR	377	.	16821864	0.377	0.993	162	3758	16820082	16820924	16822804	16823645	19866531	16621240	16871240	162	3343	841	1880	immediate
SUPER_W	18613525	18809230	IR	372	.	18711041	0.372	0.996	141	195676	18613525	18614354	18808401	18809230	19866531	18571240	18821240	0	2335	829	194047	wide
SUPER_W	10847180	10862556	IR	367	.	10854390	0.367	0.943	97	15347	10847180	10848311	10861456	10862556	19866531	10624319	10874319	0	3842	1100	13145	spaced
SUPER_W	17271664	17278448	IR	354	.	17274682	0.354	0.866	198	6715	17271664	17273954	17276198	17278448	19866531	17121240	17371240	0	2563	2250	2244	spaced
SUPER_W	7823739	7948147	IR	352	.	7886314	0.352	0.958	118	124408	7823739	7824911	7946975	7948165	19866531	7724319	7974319	0	2693	1172	122064	wide
SUPER_W	15168052	15375389	IR	351	.	15272173	0.351	0.946	40	207326	15168052	15168452	15374989	15375400	19866531	15128445	15378445	0	2387	400	206537	wide
SUPER_W	4956322	5169939	IR	347	.	5063344	0.347	0.416	547	214923	4956322	5058929	5067332	5169993	19866531	4924319	5174319	547	2313	102607	8403	spaced
SUPER_W	2491685	2642623	IR	347	.	2566689	0.347	0.994	197	150919	2491685	2492886	2641422	2642623	19866531	2400000	2650000	0	2785	1201	148536	wide
SUPER_W	5321134	5441688	IR	343	.	5381499	0.343	0.993	459	120991	5321134	5323518	5439304	5441688	19866531	5224319	5474319	459	2618	2384	115786	wide
SUPER_W	12334935	12555606	IR	343	.	12445079	0.343	0.972	232	220927	12334935	12336419	12554132	12555606	19866531	12324319	12574319	232	2015	1474	217713	wide
SUPER_W	6161207	6183025	IR	342	.	6172332	0.342	0.933	87	21981	6161207	6161803	6182463	6183025	19866531	5974319	6224319	87	3296	562	20660	spaced
SUPER_W	8160650	8296880	IR	342	.	8228959	0.342	0.987	28	136237	8160650	8160806	8296724	8296880	19866531	8074319	8324319	28	2573	156	135918	wide
SUPER_W	17891654	17906499	IR	341	.	17899201	0.341	0.932	221	15420	17891654	17893653	17904500	17906513	19866531	17671240	17921240	221	3797	1999	10847	spaced
SUPER_W	10773573	10827724	IR	340	.	10800244	0.340	0.941	82	54121	10773573	10774813	10826487	10827724	19866531	10624319	10874319	0	2938	1237	51674	spaced
SUPER_W	13798517	13840270	IR	338	.	13819028	0.338	0.532	188	41755	13798517	13810421	13828366	13840294	19866531	13778445	14028445	0	682	11904	17945	spaced
SUPER_W	18928113	18964479	IR	337	.	18946236	0.337	1.000	887	84687	18928113	18931986	18960606	18964479	19866531	18771240	19021240	887	2917	3873	28620	spaced
SUPER_W	1881934	1884093	IR	337	.	1883046	0.337	1.000	200	2413	1881934	1882838	1883189	1884093	19866531	1650000	1900000	200	3883	904	351	immediate
SUPER_W	1054410	1241152	IR	335	.	1147400	0.335	0.973	156	186639	1054410	1055691	1239871	1241153	19866531	1000000	1250000	0	2462	1281	184180	wide
SUPER_W	12112668	12207697	IR	334	.	12160606	0.334	0.913	316	95016	12112668	12116268	12204097	12207709	19866531	11974319	12224319	0	3097	3600	87829	spaced
SUPER_W	19250904	19342923	IR	334	.	19297259	0.334	0.988	158	91996	19250904	19251980	19341847	19342923	19866531	19121240	19371240	0	2927	1076	89867	spaced
SUPER_W	4291504	4298618	IR	334	.	4294661	0.334	0.958	31	7090	4291504	4291808	4298314	4298621	19866531	4274319	4524319	0	345	304	6506	spaced
SUPER_W	13031478	13037285	IR	333	.	13034632	0.333	0.980	276	5787	13031478	13033680	13035083	13037285	19866531	12978445	13228445	0	932	2202	1403	immediate
SUPER_W	19501909	19540927	IR	332	.	19521204	0.332	0.938	431	39219	19501909	19505236	19537600	19540942	19866531	19421240	19671240	494	1669	3327	32364	spaced
SUPER_W	4418811	4467901	IR	332	.	4443229	0.332	0.966	355	98934	4418811	4420620	4466141	4467901	19866531	4274319	4524319	355	2817	1760	45521	spaced
SUPER_W	17748598	17877417	IR	332	.	17812970	0.332	0.962	214	130626	17748598	17750523	17875502	17877417	19866531	17671240	17921240	214	2362	1915	124979	wide
SUPER_W	16136817	16143812	IR	332	.	16140609	0.332	0.998	83	6978	16136817	16137284	16143345	16143812	19866531	15921240	16171240	0	3651	467	6061	spaced
SUPER_W	1673286	1686306	IR	331	.	1679429	0.331	1.000	269	12989	1673286	1674789	1684803	1686306	19866531	1450000	1700000	0	3829	1503	10014	spaced
SUPER_W	91672	175023	IR	331	.	133434	0.331	0.952	111	83385	91672	92387	174315	175023	19866531	0	250000	146	2222	708	81928	spaced
SUPER_W	14033091	14115432	IR	331	.	14074711	0.331	0.974	51	82316	14033091	14033481	14115045	14115432	19866531	13878445	14128445	0	3263	387	81564	spaced
SUPER_W	5575085	5620223	IR	331	.	5598123	0.331	0.787	45	45191	5575085	5575651	5619657	5620304	19866531	5374319	5624319	0	3722	566	44006	spaced
SUPER_W	10566606	10572535	IR	330	.	10569218	0.330	0.942	236	5912	10566606	10568913	10570228	10572596	19866531	10324319	10574319	0	4087	2307	1315	immediate
SUPER_W	18830307	18923140	IR	329	.	18876615	0.329	0.942	246	93247	18830307	18833463	18919992	18923140	19866531	18771240	19021240	247	1757	3148	86529	spaced
SUPER_W	2919030	3018919	IR	329	.	2968833	0.329	0.939	194	100423	2919030	2920373	3017577	3018919	19866531	2800000	3050000	194	2816	1342	97204	spaced
SUPER_W	9945889	10031459	IR	329	.	9988365	0.329	0.934	157	85519	9945889	9947546	10029808	10031459	19866531	9874319	10124319	0	1905	1651	82262	spaced
SUPER_W	14974536	14992974	IR	329	.	14983887	0.329	0.968	117	18564	14974536	14975138	14992388	14992974	19866531	14878445	15128445	117	1755	586	17250	spaced
SUPER_W	19615773	19753569	IR	328	.	19684878	0.328	0.994	426	155412	19615773	19617737	19751605	19753569	19866531	19521240	19771240	419	2723	1964	133868	wide
SUPER_W	3552505	3728780	IR	328	.	3640189	0.328	0.982	230	176178	3552505	3554097	3727190	3728780	19866531	3500000	3750000	0	2343	1590	173093	wide
SUPER_W	13512742	13547871	IR	328	.	13530243	0.328	0.985	91	35243	13512742	13513285	13547328	13547871	19866531	13328445	13578445	91	3364	543	34043	spaced
SUPER_W	16069487	16130550	IR	328	.	16099606	0.328	0.891	33	61017	16069487	16070024	16130026	16130550	19866531	15921240	16171240	0	2979	524	60002	spaced
SUPER_W	7509757	7520463	IR	327	.	7515570	0.327	0.953	358	10449	7509757	7512548	7517672	7520496	19866531	7274319	7524319	0	4013	2791	5124	spaced
SUPER_W	6610095	6821346	IR	327	.	6715371	0.327	0.964	199	211248	6610095	6611893	6819548	6821364	19866531	6574319	6824319	0	2356	1798	207655	wide
SUPER_W	11463653	11481290	IR	327	.	11472964	0.327	0.994	50	17616	11463653	11463993	11480950	11481291	19866531	11324319	11574319	0	2469	340	16957	spaced
SUPER_W	5784987	5843563	IR	327	.	5814099	0.327	0.956	32	58592	5784987	5785276	5843274	5843568	19866531	5674319	5924319	32	2332	289	57998	spaced
SUPER_W	8845944	9048232	IR	326	.	8946960	0.326	0.388	223	202596	8845944	8909107	8985173	9048232	19866531	8824319	9074319	223	2046	63059	76066	spaced
SUPER_W	7710416	7781748	IR	326	.	7746006	0.326	0.974	104	71507	7710416	7711153	7781015	7781748	19866531	7674319	7924319	104	1195	733	69862	spaced
SUPER_W	14441360	14470278	IR	325	.	14455704	0.325	0.974	79	29146	14441360	14441864	14469776	14470278	19866531	14428445	14678445	79	456	502	27912	spaced
SUPER_W	11968460	12097164	IR	324	.	12032628	0.324	0.407	314	129216	11968460	12007518	12058106	12097249	19866531	11924319	12174319	314	1808	39058	50588	spaced
SUPER_W	11029899	11074354	IR	324	.	11051913	0.324	0.961	193	44767	11029899	11031305	11072948	11074358	19866531	10874319	11124319	193	2963	1406	41643	spaced
SUPER_W	11485254	11496299	IR	324	.	11490801	0.324	0.993	119	16882	11485254	11485825	11495728	11496299	19866531	11374319	11624319	119	1940	571	9903	spaced
SUPER_W	15658325	15743679	IR	324	.	15701408	0.324	0.940	101	85326	15658325	15658978	15743040	15743679	19866531	15528445	15771040	0	2875	639	84062	spaced
SUPER_W	16281933	16285011	IR	324	.	16283745	0.324	0.966	43	3052	16281933	16282249	16284695	16285014	19866531	16171240	16421240	0	1870	316	2446	spaced
SUPER_W	10129256	10139242	IR	323	.	10134102	0.323	0.995	778	10749	10129256	10132714	10135784	10139258	19866531	9924319	10174319	784	3498	3458	3070	spaced
SUPER_W	10310263	10519073	IR	323	.	10414723	0.323	0.969	312	209114	10310263	10312606	10516742	10519073	19866531	10274319	10524319	312	2339	2331	204136	wide
SUPER_W	16604858	16806685	IR	323	.	16705559	0.323	0.948	304	202191	16604858	16606728	16804815	16806727	19866531	16571240	16821240	304	2242	1870	198087	wide
SUPER_W	14371159	14387007	IR	323	.	14379508	0.323	0.937	119	15821	14371159	14372618	14385565	14387007	19866531	14228445	14478445	0	2510	1442	12947	spaced
SUPER_W	19054312	19101911	IR	323	.	19078003	0.323	0.965	100	47739	19054312	19054968	19101255	19101911	19866531	19021240	19271240	100	947	656	46287	spaced
SUPER_W	3410106	3420196	IR	323	.	3415633	0.323	1.000	50	10070	3410106	3410398	3419904	3420196	19866531	3250000	3500000	0	2752	292	9506	spaced
SUPER_W	9592716	9698454	IR	322	.	9645807	0.322	0.919	236	115089	9592716	9593798	9697372	9698478	19866531	9574319	9824319	114	1187	1082	103574	wide
SUPER_W	9379143	9472634	IR	322	.	9425746	0.322	0.946	96	93676	9379143	9380009	9471772	9472634	19866531	9224319	9474319	99	3359	862	91763	spaced
SUPER_W	720931	814663	IR	322	.	768173	0.322	0.927	72	93729	720931	721695	813899	814681	19866531	700000	950000	0	1129	764	92204	spaced
SUPER_W	19021736	19029786	IR	321	.	19025761	0.321	0.998	605	8724	19021736	19024561	19026961	19029786	19866531	18821240	19071240	605	3408	2825	2400	spaced
SUPER_W	3946389	4017861	IR	320	.	3982301	0.320	0.992	213	71761	3946389	3947475	4016777	4017861	19866531	3774319	4024319	213	3463	1084	69302	spaced
SUPER_W	18408312	18433472	IR	320	.	18420412	0.320	0.952	211	25169	18408312	18410190	18431594	18433503	19866531	18271240	18521240	0	2494	1878	21404	spaced
SUPER_W	17616341	17667523	IR	320	.	17641516	0.320	0.958	113	51155	17616341	17617582	17666285	17667523	19866531	17471240	17721240	0	2844	1238	48703	spaced
SUPER_W	11296007	11324078	IR	319	.	11310205	0.319	0.865	129	28230	11296007	11297621	11322464	11324117	19866531	11124319	11374319	129	3095	1614	24843	spaced
SUPER_W	9490688	9492693	IR	319	.	9491687	0.319	0.991	119	2129	9490688	9491275	9492106	9492693	19866531	9274319	9524319	119	3622	587	831	immediate
SUPER_W	7031944	7034726	IR	318	.	7033565	0.318	1.000	220	65405	7031944	7031961	7034709	7034726	19866531	6824319	7074319	1	3483	17	2748	spaced
SUPER_W	13403448	13414900	IR	318	.	13409313	0.318	0.959	75	11600	13403448	13404086	13414265	13414900	19866531	13378445	13628445	75	512	635	10179	spaced
SUPER_W	2067752	2131309	IR	318	.	2099599	0.318	0.822	24	64161	2067752	2069623	2129438	2131316	19866531	2050000	2300000	24	825	1871	59815	spaced
SUPER_W	11770541	11900904	IR	317	.	11836112	0.317	1.000	413	130339	11770541	11772901	11898544	11900904	19866531	11674319	11924319	0	2689	2360	125643	wide
SUPER_W	8629038	8689821	IR	317	.	8659614	0.317	0.994	197	61408	8629038	8629997	8688862	8689821	19866531	8524319	8774319	197	2251	959	58865	spaced
SUPER_W	14857726	14868933	IR	317	.	14863358	0.317	0.954	189	11396	14857726	14858841	14867818	14868959	19866531	14828445	15078445	189	581	1115	8977	spaced
SUPER_W	4692407	4708446	IR	317	.	4700337	0.317	0.997	135	16166	4692407	4693043	4707811	4708446	19866531	4574319	4824319	135	2101	635	14768	spaced
SUPER_W	9111387	9259291	IR	317	.	9185823	0.317	0.992	103	147885	9111387	9112015	9258663	9259291	19866531	9024319	9274319	0	2683	628	146648	wide
SUPER_W	18471558	18529730	IR	317	.	18500209	0.317	0.978	63	58145	18471558	18472103	18529185	18529730	19866531	18471240	18721240	0	489	545	57082	spaced
SUPER_W	2202133	2329166	IR	317	.	2265892	0.317	0.992	52	126998	2202133	2202522	2328777	2329166	19866531	2100000	2350000	0	2760	389	126255	wide
SUPER_W	4093818	4242473	IR	316	.	4168377	0.316	0.991	663	148694	4093818	4094030	4242261	4242473	19866531	4024319	4274319	40	2396	212	148231	wide
SUPER_W	17459955	17474967	IR	315	.	17467000	0.315	0.966	229	15023	17459955	17461500	17473422	17474996	19866531	17271240	17521240	0	3270	1545	11922	spaced
SUPER_W	3317243	3327703	IR	315	.	3322915	0.315	0.876	50	10435	3317243	3317688	3327295	3327703	19866531	3300000	3550000	0	374	408	9607	spaced
SUPER_W	9843541	9861659	IR	315	.	9852958	0.315	0.855	40	18100	9843541	9844173	9861078	9861659	19866531	9774319	10024319	0	1304	581	16905	spaced
SUPER_W	16893352	16990911	IR	314	.	16941700	0.314	0.964	215	97541	16893352	16895505	16988759	16990911	19866531	16821240	17071240	0	2014	2152	93254	spaced
SUPER_W	3215091	3234007	IR	314	.	3224172	0.314	0.898	68	18948	3215091	3215866	3233232	3234056	19866531	3150000	3400000	0	1242	775	17366	spaced
SUPER_W	18254259	18356171	IR	313	.	18304725	0.313	0.975	179	101886	18254259	18255713	18354717	18356177	19866531	18121240	18371240	0	3066	1454	99004	spaced
SUPER_W	14695904	14722905	IR	313	.	14709340	0.313	0.989	152	27237	14695904	14696807	14722002	14722905	19866531	14478445	14728445	152	3849	903	25195	spaced
SUPER_W	13314414	13324265	IR	313	.	13318979	0.313	0.996	150	9816	13314414	13315270	13323409	13324266	19866531	13278445	13528445	0	681	856	8139	spaced
SUPER_W	1551672	1620773	IR	312	.	1586522	0.312	0.979	350	69107	1551672	1554016	1618429	1620800	19866531	1400000	1650000	0	3103	2344	64413	spaced
SUPER_W	18460716	18464433	IR	312	.	18462687	0.312	0.998	288	4079	18460716	18461990	18463159	18464433	19866531	18221240	18471240	288	4022	1274	1169	immediate
SUPER_W	8375597	8394476	IR	312	.	8384984	0.312	0.988	222	19431	8375597	8376783	8393290	8394476	19866531	8224319	8474319	254	2678	1186	16507	spaced
SUPER_W	5198334	5232769	IR	312	.	5215329	0.312	0.939	192	34908	5198334	5200675	5230428	5232776	19866531	5074319	5324319	192	2353	2341	29753	spaced
SUPER_W	8614399	8619199	IR	312	.	8616386	0.312	0.951	134	4775	8614399	8615757	8617841	8619206	19866531	8574319	8824319	0	707	1358	2084	spaced
SUPER_W	4757678	4769114	IR	312	.	4763176	0.312	0.921	54	11553	4757678	4758153	4768639	4769132	19866531	4724319	4974319	68	651	475	10486	spaced
SUPER_W	10681078	10756671	IR	311	.	10718516	0.311	0.986	764	75595	10681078	10686039	10751710	10756694	19866531	10524319	10774319	0	3242	4961	65671	spaced
SUPER_W	1800789	1842997	IR	311	.	1821486	0.311	0.968	351	42190	1800789	1803841	1839981	1842997	19866531	1600000	1850000	0	3698	3016	36140	spaced
SUPER_W	17022891	17227256	IR	311	.	17125393	0.311	0.952	163	204338	17022891	17024673	17225474	17227273	19866531	17021240	17271240	0	1730	1782	200801	wide
SUPER_W	6337168	6341101	IR	311	.	6338649	0.311	0.882	49	3949	6337168	6337656	6340613	6341147	19866531	6274319	6524319	0	1080	488	2957	spaced
SUPER_W	8150287	8160772	IR	311	.	8155740	0.311	0.534	32	10531	8150287	8151272	8159798	8160772	19866531	8024319	8274319	32	2186	974	8526	spaced
SUPER_W	6544417	6557601	IR	310	.	6550756	0.310	0.912	199	13164	6544417	6548122	6554007	6557601	19866531	6324319	6574319	0	3778	3594	5885	spaced
SUPER_W	16813878	16816201	IR	310	.	16815123	0.310	0.996	120	2529	16813878	16814420	16815659	16816201	19866531	16621240	16871240	120	3229	542	1239	immediate
SUPER_W	9300007	9313902	IR	310	.	9307146	0.310	0.991	101	13956	9300007	9300548	9313361	9313904	19866531	9074319	9324319	101	3877	541	12813	spaced
SUPER_W	15395147	15425157	IR	310	.	15409983	0.310	0.949	82	30081	15395147	15395756	15424562	15425157	19866531	15228445	15478445	82	3028	595	28806	spaced
SUPER_W	17321312	17387399	IR	310	.	17354366	0.310	0.959	68	66173	17321312	17321966	17386745	17387399	19866531	17321240	17571240	68	551	654	64779	spaced
SUPER_W	15439053	15462606	IR	310	.	15450575	0.310	0.936	66	23536	15439053	15439990	15461669	15462607	19866531	15278445	15528445	0	2872	937	21679	spaced
SUPER_W	3802283	3827852	IR	309	.	3814586	0.309	1.000	2236	25546	3802283	3814532	3815603	3827852	19866531	3774319	4024319	0	679	12249	1071	immediate
SUPER_W	16314686	16318877	IR	309	.	16316540	0.309	0.999	432	4602	16314686	16316519	16317044	16318877	19866531	16071240	16321240	432	4092	1833	525	immediate
SUPER_W	14791474	14809553	IR	309	.	14800043	0.309	0.971	395	18094	14791474	14794521	14806506	14809586	19866531	14628445	14878445	0	2867	3047	11985	spaced
SUPER_W	7308749	7352024	IR	309	.	7330770	0.309	0.986	313	43255	7308749	7311005	7349768	7352025	19866531	7124319	7374319	0	3434	2256	38763	spaced
SUPER_W	7609984	7638464	IR	309	.	7623942	0.309	0.982	237	28463	7609984	7611445	7637011	7638464	19866531	7574319	7824319	0	831	1453	25566	spaced
SUPER_W	5284035	5317863	IR	309	.	5300981	0.309	0.957	142	34017	5284035	5285147	5316751	5317880	19866531	5074319	5324319	142	3777	1112	31604	spaced
SUPER_W	7976352	8137498	IR	309	.	8057179	0.309	0.966	78	161124	7976352	7977005	8136852	8137498	19866531	7974319	8224319	0	1376	646	159847	wide
SUPER_W	13998998	14003372	IR	309	.	14001396	0.309	0.992	48	4493	13998998	13999255	14003116	14003372	19866531	13828445	14078445	48	2878	256	3861	spaced
SUPER_W	1443433	1455805	IR	308	.	1449505	0.308	1.000	732	13128	1443433	1446595	1452644	1455805	19866531	1250000	1500000	732	3326	3161	6049	spaced
SUPER_W	4543362	4590512	IR	308	.	4567063	0.308	0.992	623	47877	4543362	4546335	4587552	4590512	19866531	4374319	4624319	623	3210	2960	41217	spaced
SUPER_W	8552490	8555483	IR	308	.	8554243	0.308	0.987	207	2975	8552490	8553741	8554232	8555483	19866531	8324319	8574319	0	3827	1251	491	immediate
SUPER_W	1266043	1407264	IR	308	.	1337084	0.308	0.903	49	141200	1266043	1266588	1406760	1407264	19866531	1200000	1450000	0	2277	504	140172	wide
SUPER_W	15005353	15099726	IR	308	.	15052350	0.308	0.978	49	94526	15005353	15005721	15099358	15099726	19866531	14878445	15128445	49	2901	368	93637	spaced
SUPER_W	11689021	11705285	IR	307	.	11697306	0.307	0.997	926	17379	11689021	11693129	11701177	11705287	19866531	11474319	11724319	926	3713	4108	8048	spaced
SUPER_W	9062757	9070442	IR	307	.	9066680	0.307	0.909	192	8320	9062757	9063860	9069339	9070524	19866531	8924319	9174319	192	2371	1103	5479	spaced
SUPER_W	6432671	6451686	IR	307	.	6442199	0.307	0.955	122	19157	6432671	6433888	6450469	6451700	19866531	6224319	6474319	122	3630	1217	16581	spaced
SUPER_W	10104815	10127973	IR	306	.	10116580	0.306	0.966	155	23320	10104815	10105607	10127206	10127973	19866531	9974319	10224319	164	2367	767	21599	spaced
SUPER_W	978892	980881	IR	306	.	979890	0.306	1.000	145	2151	978892	979517	980256	980881	19866531	750000	1000000	145	3831	625	739	immediate
SUPER_W	5770143	5781611	IR	306	.	5776003	0.306	1.000	115	11546	5770143	5770681	5781073	5781611	19866531	5574319	5824319	115	3359	538	10392	spaced
SUPER_W	15617953	15630946	IR	306	.	15624328	0.306	1.000	81	13041	15617953	15618325	15630574	15630946	19866531	15428445	15678445	81	3266	372	12249	spaced
SUPER_W	384006	522492	IR	305	.	452882	0.305	0.966	1261	138429	384006	392090	514408	522492	19866531	300000	550000	0	2554	8084	122318	wide
SUPER_W	8455408	8535871	IR	305	.	8495696	0.305	0.949	183	80852	8455408	8456579	8534726	8535871	19866531	8324319	8574319	183	2855	1145	78147	spaced
SUPER_W	15904445	16069392	IR	305	.	15986616	0.305	0.936	52	164927	15904445	15905174	16068672	16069392	19866531	15821240	16071240	0	2761	720	163498	wide
SUPER_W	2783853	2834644	IR	304	.	2809146	0.304	0.910	147	51165	2783853	2784818	2833679	2834721	19866531	2650000	2900000	209	2654	965	48861	spaced
SUPER_W	2411726	2438206	IR	303	.	2424730	0.303	0.997	582	27051	2411726	2414453	2435481	2438206	19866531	2200000	2450000	582	3749	2725	21028	spaced
SUPER_W	14494253	14571917	IR	303	.	14533466	0.303	0.978	126	77645	14494253	14495112	14571059	14571917	19866531	14328445	14578445	0	3410	858	75947	spaced
SUPER_W	3234068	3308029	IR	303	.	3270668	0.303	0.982	56	73931	3234068	3234452	3307645	3308034	19866531	3100000	3350000	0	2850	384	73193	spaced
SUPER_W	4929725	4937011	IR	302	.	4933108	0.302	0.998	172	7262	4929725	4930732	4936004	4937011	19866531	4724319	4974319	0	3484	1007	5272	spaced
SUPER_W	6897967	6901597	IR	302	.	6899679	0.302	0.994	68	3689	6897967	6898322	6901242	6901597	19866531	6824319	7074319	68	1257	355	2920	spaced
SUPER_W	12284280	12289297	IR	301	.	12286853	0.301	0.990	318	5511	12284280	12285947	12287630	12289301	19866531	12074319	12324319	318	3541	1667	1683	immediate
SUPER_W	14912726	14919917	IR	299	.	14916066	0.299	0.997	100	7170	14912726	14913315	14919328	14919917	19866531	14878445	15128445	0	631	589	6013	spaced
SUPER_W	14829047	14842895	IR	297	.	14835492	0.297	0.974	468	13857	14829047	14832121	14839821	14842928	19866531	14628445	14878445	0	3458	3074	7700	spaced
SUPER_W	858450	866762	IR	296	.	862214	0.296	0.975	88	8250	858450	859243	865973	866762	19866531	650000	900000	0	3543	789	6730	spaced
SUPER_W	6097852	6106898	IR	295	.	6101966	0.295	0.901	103	8875	6097852	6099758	6105087	6106898	19866531	5974319	6224319	0	2134	1811	5329	spaced
SUPER_W	13350084	13361221	IR	295	.	13355906	0.295	0.977	99	11108	13350084	13350807	13360499	13361221	19866531	13278445	13528445	0	1286	722	9692	spaced
SUPER_W	6018639	6027357	IR	295	.	6023489	0.295	0.929	83	8684	6018639	6019614	6026403	6027357	19866531	5824319	6074319	0	3311	954	6789	spaced
SUPER_W	12621478	12635902	IR	294	.	12628762	0.294	0.940	223	14694	12621478	12624119	12633266	12635902	19866531	12424319	12674319	223	3406	2636	9147	spaced
SUPER_W	13660785	13693552	IR	293	.	13676949	0.293	0.985	273	33411	13660785	13662333	13692006	13693552	19866531	13578445	13828445	307	1645	1546	29673	spaced
SUPER_W	19810776	19846813	IR	292	.	19829094	0.292	0.912	39	35990	19810776	19810828	19846761	19846818	19866531	19621240	19866531	0	3459	52	35933	spaced
SUPER_W	11083663	11138394	IR	289	.	11111383	0.289	0.872	36	54697	11083663	11084564	11137493	11138429	19866531	10924319	11174319	0	3111	901	52929	spaced
SUPER_1	1701943	1704345	IR	855	.	1703144	0.855	0.980	149	11225	1701943	1702884	1703404	1704345	19381498	1550000	1800000	149	2552	941	520	immediate
SUPER_1	432011	559496	IR	634	.	495975	0.634	0.410	162	127474	432011	495557	495960	559496	19381498	400000	650000	7	1595	63536	403	immediate
SUPER_1	1189173	1194350	IR	634	.	1191374	0.634	0.920	110	5125	1189173	1191248	1192276	1194350	19381498	950000	1200000	0	4029	2074	1028	immediate
SUPER_1	16406833	16408751	IR	630	.	16407792	0.630	0.988	71	154531	16406833	16407247	16408337	16408751	19381498	16238143	16488143	71	2827	414	1090	immediate
SUPER_1	11985979	12138512	IR	542	.	12061824	0.542	0.959	117	152511	11985979	11986901	12137619	12138512	19381498	11950000	12200000	0	1870	893	150718	wide
SUPER_1	18997162	19112186	IR	542	.	19054470	0.542	0.978	26	115021	18997162	18997344	19112004	19112186	19381498	18888143	19138143	26	2775	182	114660	wide
SUPER_1	6689355	6690717	IR	511	.	6690036	0.511	1.000	55	68177	6689355	6689608	6690464	6690717	19381498	6550000	6800000	55	2333	253	856	immediate
SUPER_1	9923884	9928644	IR	504	.	9926264	0.504	0.999	351	5092	9923884	9925531	9926997	9928644	19381498	9700000	9950000	351	3770	1647	1466	immediate
SUPER_1	8558206	8559140	IR	503	.	8558673	0.503	1.000	55	177644	8558206	8558486	8558860	8559140	19381498	8450000	8700000	55	1811	280	374	immediate
SUPER_1	917693	950905	IR	493	.	934758	0.493	0.991	30	33186	917693	917913	950685	950905	19381498	750000	1000000	0	3071	220	32772	spaced
SUPER_1	17089113	17090955	IR	478	.	17090031	0.478	0.876	76	164424	17089113	17089592	17090476	17091001	19381498	16938143	17188143	76	2531	479	884	immediate
SUPER_1	12428761	12630293	IR	466	.	12529527	0.466	0.387	30	201665	12428761	12528724	12530330	12630362	19381498	12388143	12638143	30	2356	99963	1606	immediate
SUPER_1	17869416	18021123	IR	448	.	17945742	0.448	0.384	27	151688	17869416	17917405	17973198	18021123	19381498	17838143	18088143	0	1785	47925	55793	spaced
SUPER_1	1198949	1287776	IR	445	.	1243626	0.445	0.412	181	88770	1198949	1242579	1244168	1287776	19381498	1050000	1300000	0	3222	43608	1589	immediate
SUPER_1	3546578	3558633	IR	421	.	3552245	0.421	0.973	353	12039	3546578	3549058	3556153	3558661	19381498	3350000	3600000	0	3376	2480	7095	spaced
SUPER_1	4615662	4617994	IR	410	.	4616827	0.410	0.968	76	66865	4615662	4615999	4617657	4618001	19381498	4500000	4750000	76	1946	337	1658	immediate
SUPER_1	6663871	6666506	IR	381	.	6665188	0.381	0.900	95	2996	6663871	6664854	6665525	6666506	19381498	6450000	6700000	95	3586	981	671	immediate
SUPER_1	7163644	7340282	IR	373	.	7252463	0.373	0.386	27	176575	7163644	7213457	7290499	7340282	19381498	7100000	7350000	0	2532	49783	77042	spaced
SUPER_1	8698360	8698782	IR	365	.	8698571	0.365	1.000	30	151639	8698360	8698509	8698633	8698782	19381498	8600000	8850000	30	1642	149	124	immediate
SUPER_1	12788666	13016015	IR	359	.	12902679	0.359	0.390	34	227327	12788666	12861749	12942941	13016015	19381498	12788143	13038143	0	1903	73074	81192	spaced
SUPER_1	14544797	14598969	IR	358	.	14571749	0.358	0.924	229	54541	14544797	14547058	14596747	14598969	19381498	14388143	14638143	230	3062	2222	49689	spaced
SUPER_1	10539990	10586818	IR	352	.	10563840	0.352	0.984	26	46811	10539990	10540237	10586571	10586818	19381498	10350000	10600000	0	3556	247	46334	spaced
SUPER_1	19277821	19282550	IR	347	.	19279870	0.347	0.959	40	4672	19277821	19278256	19282119	19282550	19381498	19038143	19288143	0	4033	431	3863	spaced
SUPER_1	19185647	19241572	IR	345	.	19213876	0.345	0.851	41	55902	19185647	19186440	19240779	19241572	19381498	19038143	19288143	0	2924	793	54339	spaced
SUPER_1	8344305	8386750	IR	343	.	8365106	0.343	0.930	61	42426	8344305	8344880	8386204	8386750	19381498	8200000	8450000	0	2758	546	41324	spaced
SUPER_1	11740735	11879146	IR	343	.	11809552	0.343	0.916	38	138396	11740735	11741046	11878835	11879151	19381498	11650000	11900000	0	2665	311	137789	wide
SUPER_1	9063440	9200348	IR	343	.	9132342	0.343	0.995	28	136881	9063440	9063650	9200138	9200348	19381498	9000000	9250000	0	2198	210	136488	wide
SUPER_1	11665041	11739779	IR	343	.	11701928	0.343	0.967	20	74716	11665041	11665223	11739598	11739779	19381498	11500000	11750000	0	3373	181	74375	spaced
SUPER_1	3864427	4012655	IR	342	.	3938897	0.342	0.387	32	148217	3864427	3908190	3968892	4012684	19381498	3850000	4100000	0	1475	43763	60702	spaced
SUPER_1	11009943	11144717	IR	342	.	11076862	0.342	0.987	25	134757	11009943	11010167	11144493	11144717	19381498	11000000	11250000	0	1288	224	134326	wide
SUPER_1	10916719	10935194	IR	341	.	10925506	0.341	0.446	145	18418	10916719	10925941	10925972	10935222	19381498	10750000	11000000	0	2932	9222	31	immediate
SUPER_1	14652113	14790973	IR	340	.	14721357	0.340	0.940	26	138895	14652113	14652305	14790781	14790978	19381498	14588143	14838143	26	2223	192	138476	wide
SUPER_1	9420212	9588933	IR	339	.	9504562	0.339	0.954	119	168933	9420212	9420807	9588338	9588947	19381498	9350000	9600000	119	2576	595	167531	wide
SUPER_1	14998252	15183716	IR	339	.	15091335	0.339	0.384	45	185499	14998252	15084983	15096985	15183771	19381498	14938143	15188143	0	2547	86731	12002	spaced
SUPER_1	597345	783149	IR	339	.	690744	0.339	0.381	43	185826	597345	681233	699261	783201	19381498	550000	800000	0	2337	83888	18028	spaced
SUPER_1	16855808	16907640	IR	339	.	16881292	0.339	0.427	21	51815	16855808	16861308	16902164	16907640	19381498	16788143	17038143	0	1559	5476	40856	spaced
SUPER_1	6405654	6421735	IR	338	.	6414158	0.338	0.968	23	16036	6405654	6405907	6421483	6421735	19381498	6250000	6500000	0	2728	252	15576	spaced
SUPER_1	9973959	10060037	IR	337	.	10017449	0.337	0.892	28	86059	9973959	9974668	10059340	10060037	19381498	9900000	10150000	0	1949	697	84672	spaced
SUPER_1	13562131	13589822	IR	337	.	13575535	0.337	0.985	22	27659	13562131	13562328	13589625	13589822	19381498	13438143	13688143	0	2297	197	27297	spaced
SUPER_1	18043440	18273344	IR	336	.	18158494	0.336	0.379	33	229904	18043440	18151501	18165305	18273344	19381498	18038143	18288143	33	2004	108039	13804	spaced
SUPER_1	16455164	16615881	IR	336	.	16535044	0.336	0.381	27	160782	16455164	16513923	16557122	16615968	19381498	16388143	16638143	0	2456	58759	43199	spaced
SUPER_1	2113635	2253079	IR	335	.	2183158	0.335	0.939	41	139476	2113635	2113908	2252806	2253079	19381498	2100000	2350000	95	1389	273	138898	wide
SUPER_1	17185178	17342210	IR	335	.	17264089	0.335	0.384	29	157015	17185178	17260043	17267416	17342210	19381498	17138143	17388143	0	2092	74794	7373	spaced
SUPER_1	16097890	16324801	IR	335	.	16211509	0.335	0.972	22	226898	16097890	16098032	16324659	16324802	19381498	16088143	16338143	22	2053	142	226627	wide
SUPER_1	12311110	12388449	IR	334	.	12349468	0.334	0.984	39	77320	12311110	12311360	12388199	12388449	19381498	12238143	12488143	0	1860	250	76839	spaced
SUPER_1	6518129	6607266	IR	333	.	6562227	0.333	0.934	97	89119	6518129	6519208	6606218	6607266	19381498	6400000	6650000	0	2711	1048	87010	spaced
SUPER_1	8250753	8324227	IR	333	.	8287675	0.333	0.540	26	73520	8250753	8251004	8323976	8324234	19381498	8100000	8350000	26	3124	251	72972	spaced
SUPER_1	17633975	17646595	IR	332	.	17639880	0.332	0.931	138	12602	17633975	17635160	17645413	17646595	19381498	17438143	17688143	0	3368	1182	10253	spaced
SUPER_1	1742472	1906993	IR	332	.	1825201	0.332	0.924	100	164495	1742472	1743593	1905896	1906993	19381498	1700000	1950000	0	2078	1097	162303	wide
SUPER_1	3094494	3168814	IR	332	.	3131334	0.332	0.393	31	74300	3094494	3109333	3153975	3168814	19381498	2950000	3200000	0	3027	14839	44642	spaced
SUPER_1	5622109	5670031	IR	332	.	5646528	0.332	0.984	30	47903	5622109	5622361	5669779	5670031	19381498	5450000	5700000	0	3267	252	47418	spaced
SUPER_1	378946	428306	IR	331	.	403122	0.331	0.974	234	49312	378946	381114	426138	428307	19381498	200000	450000	0	3393	2168	45024	spaced
SUPER_1	9702314	9788627	IR	331	.	9745854	0.331	0.959	135	86307	9702314	9703475	9787466	9788641	19381498	9600000	9850000	0	2424	1161	83991	spaced
SUPER_1	15884646	16058332	IR	331	.	15971060	0.331	0.970	26	173669	15884646	15884873	16058105	16058332	19381498	15838143	16088143	0	2222	227	173232	wide
SUPER_1	6911744	6923843	IR	330	.	6917626	0.330	0.903	114	12315	6911744	6912612	6922975	6923898	19381498	6750000	7000000	119	2796	868	10363	spaced
SUPER_1	16623930	16726436	IR	330	.	16674854	0.330	0.988	38	102476	16623930	16624185	16726181	16726436	19381498	16488143	16738143	0	3117	255	101996	wide
SUPER_1	2464488	2656277	IR	330	.	2560149	0.330	0.381	23	191908	2464488	2552724	2568041	2656290	19381498	2450000	2700000	14	1839	88236	15317	spaced
SUPER_1	5829304	5920779	IR	330	.	5874890	0.330	0.891	21	91509	5829304	5829482	5920601	5920790	19381498	5700000	5950000	21	2917	178	91119	spaced
SUPER_1	15599155	15765459	IR	330	.	15681920	0.330	0.384	20	166287	15599155	15643467	15721191	15765459	19381498	15588143	15838143	0	1569	44268	77724	spaced
SUPER_1	2895734	2950902	IR	329	.	2923024	0.329	0.507	806	55149	2895734	2917728	2928917	2950902	19381498	2750000	3000000	0	2888	21985	11189	spaced
SUPER_1	17743281	17747219	IR	329	.	17745336	0.329	0.998	100	4017	17743281	17743763	17746737	17747219	19381498	17538143	17788143	100	3451	482	2974	spaced
SUPER_1	4923037	4934832	IR	329	.	4929407	0.329	0.860	36	11786	4923037	4923401	4934468	4934848	19381498	4700000	4950000	0	3815	364	11067	spaced
SUPER_1	2864899	2884416	IR	329	.	2875006	0.329	0.952	32	19496	2864899	2865222	2884093	2884421	19381498	2650000	2900000	0	3744	323	18871	spaced
SUPER_1	9589209	9620113	IR	327	.	9604680	0.327	0.933	259	31170	9589209	9591451	9617871	9620139	19381498	9450000	9700000	259	2577	2242	26420	spaced
SUPER_1	5069409	5110558	IR	327	.	5090207	0.327	0.838	69	41296	5069409	5070445	5109522	5110621	19381498	4900000	5150000	46	3166	1036	39077	spaced
SUPER_1	17004483	17067330	IR	327	.	17035996	0.327	0.431	36	62974	17004483	17009354	17062459	17067426	19381498	16938143	17188143	36	1629	4871	53105	spaced
SUPER_1	18840615	18879622	IR	327	.	18860462	0.327	0.968	24	38984	18840615	18840867	18879370	18879623	19381498	18738143	18988143	0	2032	252	38503	spaced
SUPER_1	11343810	11500096	IR	327	.	11421651	0.327	0.962	22	156265	11343810	11344046	11499860	11500098	19381498	11300000	11550000	0	2032	236	155814	wide
SUPER_1	7597408	7699077	IR	326	.	7648375	0.326	1.000	281	101990	7597408	7598683	7697802	7699077	19381498	7450000	7700000	281	3303	1275	99119	spaced
SUPER_1	3667572	3737870	IR	326	.	3703181	0.326	0.411	25	70280	3667572	3673265	3732177	3737878	19381498	3500000	3750000	0	3378	5693	58912	spaced
SUPER_1	15322055	15489767	IR	326	.	15405829	0.326	0.935	21	167707	15322055	15322225	15489601	15489767	19381498	15288143	15538143	24	1962	166	167376	wide
SUPER_1	13939829	14159228	IR	325	.	14049643	0.325	0.384	37	219500	13939829	14009976	14089094	14159228	19381498	13938143	14188143	37	1856	70134	79118	spaced
SUPER_1	12752515	12785304	IR	325	.	12769385	0.325	0.984	33	32767	12752515	12752765	12785054	12785306	19381498	12538143	12788143	0	3845	250	32289	spaced
SUPER_1	7393256	7405849	IR	324	.	7399224	0.324	0.863	67	12493	7393256	7394425	7404766	7405849	19381498	7300000	7550000	0	1659	1083	10341	spaced
SUPER_1	13174376	13176655	IR	324	.	13175720	0.324	0.973	39	2279	13174376	13174706	13176325	13176655	19381498	12938143	13188143	39	3956	330	1619	immediate
SUPER_1	10959538	10968135	IR	324	.	10963895	0.324	0.985	29	8617	10959538	10959735	10967938	10968135	19381498	10750000	11000000	29	3563	197	8203	spaced
SUPER_1	17830348	17865114	IR	324	.	17847486	0.324	0.953	29	34773	17830348	17830553	17864909	17865121	19381498	17738143	17988143	29	1826	205	34356	spaced
SUPER_1	3243862	3376968	IR	324	.	3309970	0.324	0.982	23	133082	3243862	3244079	3376751	3376970	19381498	3150000	3400000	0	2673	217	132672	wide
SUPER_1	10091051	10269005	IR	324	.	10179991	0.324	1.000	22	178015	10091051	10091167	10268889	10269005	19381498	10050000	10300000	22	2166	116	177722	wide
SUPER_1	16442790	16451591	IR	323	.	16446908	0.323	0.998	126	8771	16442790	16443596	16450785	16451591	19381498	16238143	16488143	0	3483	806	7189	spaced
SUPER_1	5410863	5413546	IR	323	.	5412208	0.323	0.973	91	2751	5410863	5411418	5412991	5413553	19381498	5200000	5450000	91	3536	555	1573	immediate
SUPER_1	7920909	8135462	IR	323	.	8028514	0.323	0.386	43	214586	7920909	7975677	8080694	8135512	19381498	7900000	8150000	0	2136	54768	105017	wide
SUPER_1	4476537	4593840	IR	322	.	4535325	0.322	0.963	30	117332	4476537	4476722	4593655	4593846	19381498	4350000	4600000	30	3086	185	116933	wide
SUPER_1	6109198	6195888	IR	321	.	6152710	0.321	0.977	25	86680	6109198	6109415	6195671	6195888	19381498	5950000	6200000	25	3375	217	86256	spaced
SUPER_1	69156	163138	IR	320	.	116569	0.320	0.885	94	93953	69156	69778	162516	163189	19381498	50000	300000	0	1102	622	92738	spaced
SUPER_1	5291284	5371108	IR	320	.	5331201	0.320	1.000	40	141150	5291284	5291468	5370924	5371108	19381498	5200000	5450000	40	2186	184	79456	spaced
SUPER_1	1906893	2113711	IR	320	.	2010090	0.320	0.826	26	207999	1906893	1906969	2113635	2113727	19381498	1900000	2150000	53	1838	76	206666	wide
SUPER_1	5426569	5578952	IR	320	.	5503059	0.320	0.972	23	152331	5426569	5426822	5578700	5578952	19381498	5350000	5600000	0	2545	252	151878	wide
SUPER_1	10670235	10740425	IR	320	.	10705805	0.320	0.982	23	70173	10670235	10670459	10740202	10740425	19381498	10550000	10800000	0	2588	223	69743	spaced
SUPER_1	5009317	5067469	IR	319	.	5038140	0.319	0.695	46	58113	5009317	5010730	5066068	5067469	19381498	4950000	5200000	0	1473	1401	55338	spaced
SUPER_1	6957427	7090072	IR	319	.	7024069	0.319	0.383	30	132624	6957427	7011162	7036403	7090072	19381498	6950000	7200000	0	1229	53669	25241	spaced
SUPER_1	18561219	18718518	IR	319	.	18639565	0.319	0.429	26	157277	18561219	18564677	18715105	18718518	19381498	18488143	18738143	0	2528	3413	150428	wide
SUPER_1	1333037	1481312	IR	318	.	1407080	0.318	0.394	42	148383	1333037	1358972	1455380	1481312	19381498	1250000	1500000	42	2619	25932	96408	spaced
SUPER_1	9341019	9362163	IR	318	.	9351095	0.318	0.945	35	21125	9341019	9341551	9361632	9362163	19381498	9150000	9400000	0	3359	531	20081	spaced
SUPER_1	13430233	13529134	IR	318	.	13480171	0.318	0.941	34	98881	13430233	13430574	13528808	13529134	19381498	13288143	13538143	0	3192	326	98234	spaced
SUPER_1	1568716	1637406	IR	318	.	1603015	0.318	0.394	32	68734	1568716	1591184	1614938	1637413	19381498	1450000	1700000	32	2550	22468	23754	spaced
SUPER_1	5949821	6107164	IR	318	.	6028792	0.318	0.912	32	157333	5949821	5950146	6106839	6107174	19381498	5900000	6150000	0	2141	325	156693	wide
SUPER_1	17542016	17577613	IR	318	.	17559383	0.318	0.946	26	35573	17542016	17542238	17577395	17577613	19381498	17338143	17588143	0	3694	218	35157	spaced
SUPER_1	14340223	14408208	IR	318	.	14373796	0.318	0.977	23	67967	14340223	14340436	14407995	14408208	19381498	14338143	14588143	0	601	213	67559	spaced
SUPER_1	8518753	8521456	IR	317	.	8519688	0.317	0.924	67	2633	8518753	8519403	8520806	8521459	19381498	8300000	8550000	0	3668	650	1403	immediate
SUPER_1	5170318	5186089	IR	317	.	5178577	0.317	0.982	28	15740	5170318	5170542	5185865	5186090	19381498	5050000	5300000	0	2136	224	15323	spaced
SUPER_1	4693820	4778073	IR	317	.	4735689	0.317	0.888	26	84227	4693820	4694191	4777711	4778073	19381498	4650000	4900000	0	1432	362	83520	spaced
SUPER_1	18726900	18802651	IR	317	.	18764271	0.317	0.991	25	75734	18726900	18727124	18802427	18802651	19381498	18588143	18838143	0	2943	224	75303	spaced
SUPER_1	7409659	7449034	IR	316	.	7429058	0.316	0.914	22	39352	7409659	7410064	7448643	7449034	19381498	7300000	7550000	0	2155	391	38579	spaced
SUPER_1	9624597	9693313	IR	315	.	9658453	0.315	0.988	231	68691	9624597	9626155	9691755	9693314	19381498	9550000	9800000	0	1815	1558	65600	spaced
SUPER_1	1041375	1137262	IR	315	.	1089074	0.315	0.220	36	103560	1041375	1041416	1137221	1137309	19381498	900000	1150000	6	3155	41	95805	spaced
SUPER_1	13318716	13414063	IR	315	.	13366153	0.315	0.976	21	95414	13318716	13318884	13413895	13414063	19381498	13188143	13438143	21	2970	168	95011	spaced
SUPER_1	4629085	4691107	IR	314	.	4660400	0.314	0.745	30	62003	4629085	4629686	4690574	4691107	19381498	4500000	4750000	0	2668	533	60888	spaced
SUPER_1	5936180	5941310	IR	314	.	5938730	0.314	0.944	27	5150	5936180	5936532	5940958	5941311	19381498	5700000	5950000	27	3978	352	4426	spaced
SUPER_1	8802692	8929699	IR	314	.	8866238	0.314	0.863	26	127062	8802692	8802852	8929539	8929720	19381498	8700000	8950000	26	2769	160	126687	wide
SUPER_1	2291991	2432936	IR	313	.	2362036	0.313	0.976	28	140927	2291991	2292282	2432645	2432937	19381498	2250000	2500000	0	1874	291	140363	wide
SUPER_1	14456725	14490983	IR	313	.	14473642	0.313	0.970	27	34272	14456725	14456957	14490751	14490984	19381498	14288143	14538143	27	3095	232	33794	spaced
SUPER_1	3466660	3505278	IR	313	.	3485556	0.313	0.920	22	38564	3466660	3467017	3504927	3505278	19381498	3450000	3700000	0	599	351	37910	spaced
SUPER_1	13924684	13931086	IR	313	.	13927475	0.313	0.979	21	6368	13924684	13924877	13930893	13931086	19381498	13688143	13938143	0	3995	193	6016	spaced
SUPER_1	16743251	16848799	IR	312	.	16796228	0.312	0.953	344	105893	16743251	16745787	16846281	16848799	19381498	16638143	16888143	344	2631	2518	100494	wide
SUPER_1	956169	1016139	IR	312	.	986012	0.312	0.899	39	60027	956169	956557	1015759	1016139	19381498	800000	1050000	39	3102	380	59202	spaced
SUPER_1	18412224	18523832	IR	312	.	18468153	0.312	0.956	25	111642	18412224	18412426	18523630	18523835	19381498	18288143	18538143	25	2997	202	111204	wide
SUPER_1	10326967	10357674	IR	312	.	10342744	0.312	0.978	24	30678	10326967	10327191	10357450	10357674	19381498	10150000	10400000	0	3205	224	30259	spaced
SUPER_1	6705044	6855524	IR	312	.	6780397	0.312	0.917	22	150470	6705044	6705188	6855390	6855524	19381498	6650000	6900000	22	2171	134	150202	wide
SUPER_1	7754945	7828312	IR	312	.	7791520	0.312	0.989	22	73368	7754945	7755125	7828132	7828312	19381498	7600000	7850000	22	3193	180	73007	spaced
SUPER_1	6929057	6935175	IR	311	.	6932447	0.311	0.959	122	6092	6929057	6930153	6934100	6935175	19381498	6700000	6950000	0	3868	1075	3947	spaced
SUPER_1	4293052	4453391	IR	311	.	4373340	0.311	0.856	50	160449	4293052	4293834	4452649	4453391	19381498	4250000	4500000	50	2053	742	158815	wide
SUPER_1	4074191	4121319	IR	311	.	4097806	0.311	0.992	28	47145	4074191	4074324	4121186	4121319	19381498	3900000	4150000	28	3295	133	46862	spaced
SUPER_1	14915029	14972813	IR	310	.	14943616	0.310	0.555	22	57745	14915029	14916120	14971770	14972813	19381498	14738143	14988143	0	3429	1043	55650	spaced
SUPER_1	17075474	17087528	IR	309	.	17081402	0.309	0.980	38	12106	17075474	17075674	17087331	17087528	19381498	16838143	17088143	38	4055	197	11657	spaced
SUPER_1	15269913	15298415	IR	309	.	15283820	0.309	0.991	31	28483	15269913	15270132	15298196	15298415	19381498	15088143	15338143	0	3266	219	28064	spaced
SUPER_1	2713556	2859812	IR	309	.	2786981	0.309	0.969	23	146236	2713556	2713752	2859619	2859812	19381498	2650000	2900000	0	2277	193	145867	wide
SUPER_1	13214426	13247568	IR	309	.	13231479	0.309	0.995	23	33090	13214426	13214609	13247385	13247568	19381498	13038143	13288143	0	3214	183	32776	spaced
SUPER_1	17714339	17727214	IR	308	.	17720705	0.308	0.986	49	12894	17714339	17714634	17726919	17727214	19381498	17688143	17938143	49	543	295	12285	spaced
SUPER_1	11176125	11275967	IR	308	.	11226250	0.308	0.898	24	99836	11176125	11176592	11275505	11275967	19381498	11150000	11400000	24	1267	462	98913	spaced
SUPER_1	1172927	1175618	IR	307	.	1174357	0.307	1.000	195	2885	1172927	1173734	1174811	1175618	19381498	950000	1200000	195	3737	807	1077	immediate
SUPER_1	14976402	14990507	IR	307	.	14983815	0.307	0.418	32	14076	14976402	14981308	14985601	14990507	19381498	14788143	15038143	0	3255	4906	4293	spaced
SUPER_1	7861476	7895436	IR	306	.	7878680	0.306	0.995	39	33979	7861476	7861672	7895240	7895436	19381498	7650000	7900000	39	3807	196	33568	spaced
SUPER_1	794150	823130	IR	306	.	808217	0.306	0.995	25	28955	794150	794336	822944	823130	19381498	600000	850000	0	3477	186	28608	spaced
SUPER_1	9822271	9847346	IR	305	.	9835131	0.305	0.928	100	25080	9822271	9823438	9846179	9847368	19381498	9650000	9900000	0	3080	1167	22741	spaced
SUPER_1	6249790	6375534	IR	305	.	6312405	0.305	0.919	67	125747	6249790	6250929	6374395	6375561	19381498	6200000	6450000	0	1877	1139	123466	wide
SUPER_1	14168265	14268933	IR	305	.	14218897	0.305	0.920	61	100637	14168265	14168869	14268330	14268933	19381498	14038143	14288143	0	3007	603	99461	spaced
SUPER_1	10589970	10601762	IR	305	.	10596192	0.305	0.723	21	11766	10589970	10590201	10601590	10601762	19381498	10400000	10650000	0	3264	172	11389	spaced
SUPER_1	10828491	10846122	IR	304	.	10837039	0.304	0.961	28	17605	10828491	10828742	10845871	10846126	19381498	10650000	10900000	0	3121	251	17129	spaced
SUPER_1	17384025	17459214	IR	304	.	17421121	0.304	0.949	23	75160	17384025	17384256	17458983	17459216	19381498	17238143	17488143	0	3057	231	74727	spaced
SUPER_1	8953668	9004353	IR	303	.	8978779	0.303	0.986	27	50675	8953668	8953813	9004208	9004353	19381498	8800000	9050000	24	2983	145	50395	spaced
SUPER_1	8603230	8667391	IR	303	.	8635281	0.303	0.983	25	64165	8603230	8603404	8667217	8667391	19381498	8500000	8750000	25	2255	174	63813	spaced
SUPER_1	18355347	18400212	IR	300	.	18377448	0.300	0.461	478	26655	18355347	18376163	18379400	18400212	19381498	18188143	18438143	0	3160	20812	3237	spaced
SUPER_1	19283442	19321649	IR	295	.	19302945	0.295	0.423	45	38190	19283442	19288064	19317044	19321649	19381498	19088143	19338143	0	3573	4605	28980	spaced
SUPER_1	4868548	4873338	IR	292	.	4870631	0.292	1.000	30	4770	4868548	4868689	4873197	4873338	19381498	4650000	4900000	0	3682	141	4508	spaced
SUPER_2	1579584	1583216	IR	989	.	1581400	0.989	1.000	351	118663	1579584	1581132	1581668	1583216	18998738	1400000	1650000	351	3023	1548	536	immediate
SUPER_2	11419291	11421417	IR	582	.	11420354	0.582	0.975	59	2234	11419291	11419731	11420977	11421417	18998738	11200000	11450000	59	3672	440	1246	immediate
SUPER_2	8767967	8772178	IR	575	.	8770134	0.575	0.865	136	4405	8767967	8769436	8770837	8772178	18998738	8650000	8900000	136	2001	1341	1401	immediate
SUPER_2	8377525	8380113	IR	549	.	8378819	0.549	1.000	119	2696	8377525	8378147	8379491	8380113	18998738	8150000	8400000	119	3813	622	1344	immediate
SUPER_2	18483540	18566331	IR	541	.	18524969	0.541	0.386	71	82953	18483540	18524799	18525139	18566331	18998738	18451412	18701412	71	1225	41192	340	immediate
SUPER_2	11810789	11813710	IR	512	.	11812249	0.512	0.953	99	80927	11810789	11811631	11812868	11813718	18998738	11700000	11950000	108	1870	842	1237	immediate
SUPER_2	18208200	18350907	IR	487	.	18279071	0.487	0.387	27	104142	18208200	18248408	18310740	18350907	18998738	18151412	18401412	0	2135	40167	62332	spaced
SUPER_2	9498727	9500734	IR	475	.	9499733	0.475	0.927	68	2187	9498727	9499331	9500147	9500734	18998738	9300000	9550000	68	3328	587	816	immediate
SUPER_2	15426939	15429920	IR	464	.	15428382	0.464	0.926	78	3050	15426939	15427564	15429296	15429920	18998738	15250000	15500000	78	2973	624	1732	immediate
SUPER_2	2366899	2367697	IR	435	.	2367298	0.435	0.997	68	52559	2366899	2367234	2367363	2367697	18998738	2200000	2450000	68	2788	334	129	immediate
SUPER_2	15792627	15799415	IR	431	.	15796155	0.431	0.846	28	6847	15792627	15793065	15798977	15799439	18998738	15550000	15800000	28	4100	438	5912	spaced
SUPER_2	5995405	5997588	IR	429	.	5996534	0.429	0.846	63	2300	5995405	5996055	5997013	5997588	18998738	5750000	6000000	63	4108	575	958	immediate
SUPER_2	13699780	13775958	IR	419	.	13737871	0.419	0.384	31	76194	13699780	13737764	13737978	13775958	18998738	13550000	13800000	31	3131	37980	214	immediate
SUPER_2	16904796	17060718	IR	398	.	16982524	0.398	0.384	42	155943	16904796	16981825	16983718	17060718	18998738	16901412	17151412	42	1355	77000	1893	immediate
SUPER_2	803882	916490	IR	390	.	860187	0.390	0.384	42	112670	803882	860147	860225	916495	18998738	750000	1000000	42	1836	56265	78	immediate
SUPER_2	7255838	7258480	IR	381	.	7257159	0.381	0.975	124	177420	7255838	7256579	7257739	7258491	18998738	7100000	7350000	124	2619	741	1160	immediate
SUPER_2	4887750	5078324	IR	381	.	4983454	0.381	0.986	28	190556	4887750	4887972	5078102	5078324	18998738	4850000	5100000	0	2217	222	190130	wide
SUPER_2	1277819	1394694	IR	373	.	1336531	0.373	0.386	24	116883	1277819	1313481	1359032	1394750	18998738	1250000	1500000	0	1437	35662	45551	spaced
SUPER_2	7278794	7283675	IR	371	.	7281250	0.371	0.924	188	5428	7278794	7280464	7282035	7283675	18998738	7100000	7350000	188	3020	1640	1571	immediate
SUPER_2	11393634	11399040	IR	365	.	11396337	0.365	0.949	220	5717	11393634	11395664	11397010	11399045	18998738	11150000	11400000	220	4105	2030	1346	immediate
SUPER_2	17887499	17889910	IR	365	.	17888230	0.365	0.991	33	2396	17887499	17887721	17889688	17889912	18998738	17651412	17901412	0	3954	222	1967	immediate
SUPER_2	12033551	12070370	IR	350	.	12051785	0.350	0.999	213	36980	12033551	12034520	12069401	12070370	18998738	11850000	12100000	213	3365	969	34881	spaced
SUPER_2	4353746	4528487	IR	350	.	4441503	0.350	0.392	41	174722	4353746	4393327	4488926	4528487	18998738	4300000	4550000	0	2351	39561	95599	spaced
SUPER_2	14164626	14217591	IR	349	.	14191387	0.349	0.977	27	52948	14164626	14164845	14217374	14217591	18998738	14000000	14250000	0	3185	217	52529	spaced
SUPER_2	6907091	7021320	IR	349	.	6963797	0.349	0.386	25	114233	6907091	6950828	6977583	7021342	18998738	6800000	7050000	0	2736	43737	26755	spaced
SUPER_2	17677614	17711414	IR	349	.	17694133	0.349	0.970	21	33772	17677614	17677808	17711220	17711418	18998738	17551412	17801412	0	2384	194	33412	spaced
SUPER_2	10536636	10546527	IR	348	.	10542023	0.348	0.899	65	9914	10536636	10537138	10546025	10546572	18998738	10300000	10550000	0	4026	502	8887	spaced
SUPER_2	9139429	9144043	IR	347	.	9141732	0.347	0.940	95	4712	9139429	9140153	9143319	9144065	18998738	8950000	9200000	95	3195	724	3166	spaced
SUPER_2	6394702	6436308	IR	346	.	6415590	0.346	0.938	28	48467	6394702	6394990	6436028	6436308	18998738	6200000	6450000	28	3591	280	41038	spaced
SUPER_2	2810102	2990103	IR	344	.	2900499	0.344	0.404	35	179983	2810102	2821262	2978966	2990103	18998738	2750000	3000000	0	2501	11137	157704	wide
SUPER_2	7347253	7353866	IR	343	.	7350318	0.343	0.985	334	11280	7347253	7347459	7353660	7353866	18998738	7150000	7400000	40	3342	206	6201	spaced
SUPER_2	6017096	6023030	IR	343	.	6020543	0.343	0.986	219	5913	6017096	6018563	6021564	6023030	18998738	5800000	6050000	0	3667	1466	3001	spaced
SUPER_2	13135779	13285614	IR	343	.	13210435	0.343	0.917	64	149763	13135779	13136456	13284943	13285614	18998738	13100000	13350000	0	1844	671	148487	wide
SUPER_2	6109049	6111490	IR	339	.	6110084	0.339	0.897	65	2474	6109049	6109766	6110793	6111490	18998738	6050000	6300000	65	1004	697	1027	immediate
SUPER_2	7493368	7499159	IR	338	.	7496624	0.338	0.986	75	5772	7493368	7493929	7498598	7499159	18998738	7450000	7700000	0	770	561	4669	spaced
SUPER_2	1565139	1567032	IR	338	.	1566087	0.338	0.982	37	44809	1565139	1565360	1566814	1567032	18998738	1400000	1650000	37	2767	218	1454	immediate
SUPER_2	16361993	16366899	IR	337	.	16364018	0.337	0.979	22	4877	16361993	16362229	16366663	16366899	18998738	16201412	16451412	0	2717	236	4434	spaced
SUPER_2	14289400	14371458	IR	335	.	14329948	0.335	0.975	167	82041	14289400	14290731	14370127	14371459	18998738	14200000	14450000	0	2173	1331	79396	spaced
SUPER_2	9654541	9675910	IR	334	.	9665226	0.334	0.404	35	21438	9654541	9665115	9665336	9675978	18998738	9550000	9800000	35	1920	10574	221	immediate
SUPER_2	1040331	1190549	IR	334	.	1115733	0.334	0.913	29	150223	1040331	1040769	1190111	1190571	18998738	950000	1200000	0	2757	438	149342	wide
SUPER_2	2084161	2204346	IR	333	.	2144607	0.333	1.000	30	120167	2084161	2084356	2204151	2204346	18998738	2000000	2250000	0	2404	195	119795	wide
SUPER_2	2381572	2423195	IR	333	.	2402331	0.333	0.955	26	41619	2381572	2381795	2422972	2423195	18998738	2350000	2600000	26	872	223	41177	spaced
SUPER_2	3218370	3382169	IR	333	.	3300242	0.333	0.379	26	163891	3218370	3281378	3319161	3382193	18998738	3150000	3400000	26	2504	63008	37783	spaced
SUPER_2	1865018	2080238	IR	333	.	1972636	0.333	0.382	25	215208	1865018	1972179	1973116	2080238	18998738	1850000	2100000	25	2043	107122	937	immediate
SUPER_2	12936869	13054848	IR	332	.	12996034	0.332	0.975	111	118121	12936869	12937589	13054128	13054849	18998738	12850000	13100000	111	2430	720	116539	wide
SUPER_2	12844669	12911225	IR	332	.	12877586	0.332	0.905	48	66532	12844669	12845110	12910784	12911250	18998738	12700000	12950000	0	2965	441	65674	spaced
SUPER_2	3607704	3667545	IR	332	.	3637956	0.332	0.777	45	59454	3607704	3608539	3666720	3667545	18998738	3500000	3750000	0	2293	825	58181	spaced
SUPER_2	15658453	15685974	IR	332	.	15672023	0.332	0.943	26	27517	15658453	15658644	15685789	15685974	18998738	15500000	15750000	26	2870	185	27145	spaced
SUPER_2	12507930	12525833	IR	332	.	12517033	0.332	0.936	20	17888	12507930	12508195	12525568	12525833	18998738	12450000	12700000	20	1114	265	17373	spaced
SUPER_2	16766357	16781712	IR	331	.	16774045	0.331	0.614	43	15448	16766357	16767382	16780696	16781712	18998738	16751412	17001412	43	376	1016	13314	spaced
SUPER_2	15251378	15281283	IR	331	.	15266035	0.331	0.991	29	29886	15251378	15251597	15281064	15281283	18998738	15050000	15300000	0	3605	219	29467	spaced
SUPER_2	17341047	17420397	IR	331	.	17380825	0.331	0.646	27	79347	17341047	17341688	17419780	17420397	18998738	17201412	17451412	27	2988	617	78092	spaced
SUPER_2	10241416	10398275	IR	331	.	10319644	0.331	0.941	25	156887	10241416	10241620	10398078	10398275	18998738	10150000	10400000	25	2830	197	156458	wide
SUPER_2	13341316	13378757	IR	331	.	13360456	0.331	0.980	20	37416	13341316	13341520	13378554	13378757	18998738	13300000	13550000	0	1000	203	37034	spaced
SUPER_2	15868038	15936895	IR	329	.	15902856	0.329	0.933	96	68828	15868038	15869337	15935596	15936909	18998738	15700000	15950000	0	3374	1299	66259	spaced
SUPER_2	13066556	13088470	IR	329	.	13077046	0.329	0.984	27	21890	13066556	13066806	13088220	13088470	18998738	12950000	13200000	0	2125	250	21414	spaced
SUPER_2	8919025	9107457	IR	329	.	9013673	0.329	0.994	26	188405	8919025	8919199	9107283	9107457	18998738	8900000	9150000	0	1887	174	188084	wide
SUPER_2	7554287	7556388	IR	328	.	7555491	0.328	0.960	52	2161	7554287	7554791	7555884	7556388	18998738	7500000	7750000	52	922	504	1093	immediate
SUPER_2	15341825	15369558	IR	328	.	15355351	0.328	0.983	35	27679	15341825	15342170	15369213	15369558	18998738	15150000	15400000	0	3428	345	27043	spaced
SUPER_2	4230688	4277891	IR	328	.	4254061	0.328	1.000	29	47208	4230688	4230825	4277754	4277891	18998738	4050000	4300000	29	3404	137	46929	spaced
SUPER_2	15312299	15312956	IR	327	.	15312619	0.327	0.977	37	15488	15312299	15312557	15312700	15312956	18998738	15100000	15350000	37	3543	256	143	immediate
SUPER_2	12409210	12480668	IR	327	.	12445190	0.327	0.983	28	71385	12409210	12409448	12480430	12480668	18998738	12250000	12500000	0	3248	238	70982	spaced
SUPER_2	2498061	2544143	IR	327	.	2521230	0.327	0.982	23	46072	2498061	2498226	2543978	2544143	18998738	2450000	2700000	23	1184	165	45752	spaced
SUPER_2	10005810	10069147	IR	327	.	10037135	0.327	0.966	21	63283	10005810	10006043	10068914	10069149	18998738	9850000	10100000	0	3124	233	62871	spaced
SUPER_2	16599154	16632117	IR	326	.	16615979	0.326	0.995	30	32939	16599154	16599369	16631902	16632117	18998738	16401412	16651412	0	3570	215	32533	spaced
SUPER_2	4005725	4035524	IR	326	.	4020191	0.326	0.944	26	29774	4005725	4005969	4035280	4035528	18998738	3850000	4100000	0	2843	244	29311	spaced
SUPER_2	10605687	10687378	IR	325	.	10646887	0.325	0.830	137	81642	10605687	10607183	10685899	10687378	18998738	10450000	10700000	0	3275	1479	78716	spaced
SUPER_2	3745139	3816314	IR	325	.	3780817	0.325	0.804	78	71258	3745139	3746062	3815454	3816314	18998738	3700000	3950000	78	1345	860	69392	spaced
SUPER_2	9711474	9881672	IR	325	.	9796776	0.325	0.885	72	170493	9711474	9712400	9880746	9881703	18998738	9700000	9950000	72	1609	926	168346	wide
SUPER_2	15014560	15248394	IR	325	.	15131963	0.325	0.384	33	233832	15014560	15124623	15138331	15248411	18998738	15000000	15250000	0	2191	110063	13708	spaced
SUPER_2	4065406	4104177	IR	325	.	4084420	0.325	0.967	22	38753	4065406	4065590	4103994	4104177	18998738	3900000	4150000	0	3079	183	38404	spaced
SUPER_2	14564887	14711935	IR	325	.	14638461	0.325	0.381	20	147065	14564887	14625854	14651019	14711935	18998738	14550000	14800000	20	1473	60916	25165	spaced
SUPER_2	6445455	6484860	IR	324	.	6465512	0.324	0.998	757	39385	6445455	6449682	6480636	6484860	18998738	6250000	6500000	0	3585	4224	30954	spaced
SUPER_2	16516870	16521663	IR	324	.	16519151	0.324	0.989	409	5277	16516870	16518825	16519708	16521671	18998738	16301412	16551412	409	3630	1955	883	immediate
SUPER_2	3476597	3527309	IR	324	.	3501724	0.324	0.928	56	51176	3476597	3477165	3526749	3527309	18998738	3300000	3550000	72	3365	560	49584	spaced
SUPER_2	15861877	15866108	IR	324	.	15864059	0.324	0.769	49	161121	15861877	15862437	15865548	15866122	18998738	15750000	16000000	49	1899	560	3111	spaced
SUPER_2	7533662	7553490	IR	324	.	7543280	0.324	0.875	39	19733	7533662	7534460	7552743	7553490	18998738	7500000	7750000	0	726	747	18283	spaced
SUPER_2	12309522	12368190	IR	324	.	12339266	0.324	0.883	26	58643	12309522	12310178	12367564	12368190	18998738	12300000	12550000	0	647	626	57386	spaced
SUPER_2	11552971	11638514	IR	323	.	11595451	0.323	0.990	297	85519	11552971	11554921	11636565	11638514	18998738	11400000	11650000	0	3262	1949	81644	spaced
SUPER_2	9267498	9471617	IR	323	.	9369753	0.323	0.969	271	204511	9267498	9269462	9469653	9471628	18998738	9250000	9500000	271	1992	1964	200191	wide
SUPER_2	15590350	15602700	IR	323	.	15596126	0.323	0.997	107	12328	15590350	15590974	15602076	15602700	18998738	15400000	15650000	0	3275	624	11102	spaced
SUPER_2	6590904	6596510	IR	323	.	6593872	0.323	0.993	44	5626	6590904	6591171	6596243	6596510	18998738	6350000	6600000	44	4061	267	5072	spaced
SUPER_2	7805184	7927701	IR	323	.	7866424	0.323	0.383	35	122656	7805184	7839343	7893597	7927701	18998738	7800000	8050000	35	1107	34104	54254	spaced
SUPER_2	4649996	4847077	IR	323	.	4748365	0.323	0.973	34	197085	4649996	4650251	4846822	4847080	18998738	4600000	4850000	34	2475	255	196571	wide
SUPER_2	17126685	17187290	IR	323	.	17156859	0.323	1.000	34	127532	17126685	17126836	17187139	17187290	18998738	17051412	17301412	34	1759	151	60303	spaced
SUPER_2	11865990	11985027	IR	323	.	11925699	0.323	0.934	21	119177	11865990	11866197	11984820	11985033	18998738	11850000	12100000	21	1258	207	118623	wide
SUPER_2	8304955	8349097	IR	322	.	8326884	0.322	0.849	73	44245	8304955	8305930	8348183	8349097	18998738	8150000	8400000	73	2950	914	42253	spaced
SUPER_2	8881643	8884333	IR	322	.	8882908	0.322	0.974	30	2713	8881643	8881837	8884142	8884333	18998738	8850000	9100000	30	549	191	2305	spaced
SUPER_2	17430796	17514826	IR	322	.	17472367	0.322	0.977	25	84011	17430796	17431009	17514616	17514826	18998738	17351412	17601412	0	2023	210	83607	spaced
SUPER_2	8075085	8287219	IR	322	.	8181339	0.322	0.965	22	212177	8075085	8075195	8287109	8287223	18998738	8050000	8300000	22	2185	110	211914	wide
SUPER_2	1683920	1864452	IR	321	.	1773892	0.321	0.877	38	180508	1683920	1684262	1864146	1864452	18998738	1650000	1900000	0	2069	306	179884	wide
SUPER_2	18701134	18756729	IR	321	.	18728614	0.321	1.000	29	55577	18701134	18701335	18756528	18756729	18998738	18551412	18801412	0	2958	201	55193	spaced
SUPER_2	491121	687475	IR	321	.	589706	0.321	0.373	26	196336	491121	553632	625004	687475	18998738	450000	700000	0	2321	62471	71372	spaced
SUPER_2	15435653	15536680	IR	321	.	15486482	0.321	0.393	26	101000	15435653	15457197	15515209	15536680	18998738	15350000	15600000	0	2269	21471	58012	spaced
SUPER_2	12741876	12759536	IR	321	.	12750198	0.321	0.942	23	17639	12741876	12742091	12759321	12759543	18998738	12600000	12850000	0	2511	215	17230	spaced
SUPER_2	7950379	8034793	IR	320	.	7992911	0.320	0.392	42	84434	7950379	7978620	8006552	8034850	18998738	7850000	8100000	0	2376	28241	27932	spaced
SUPER_2	14908598	14944770	IR	320	.	14926696	0.320	0.872	35	228301	14908598	14908924	14944459	14944770	18998738	14800000	15050000	35	2111	311	35535	spaced
SUPER_2	16004522	16156071	IR	320	.	16080147	0.320	0.952	29	151555	16004522	16004703	16155890	16156079	18998738	16001412	16251412	29	1314	181	151187	wide
SUPER_2	13799511	13948464	IR	320	.	13874131	0.320	0.983	28	149115	13799511	13799692	13948284	13948464	18998738	13700000	13950000	28	2899	180	148592	wide
SUPER_2	17196786	17324076	IR	320	.	17260744	0.320	0.989	26	127265	17196786	17196962	17323902	17324076	18998738	17151412	17401412	0	1816	174	126940	wide
SUPER_2	11150546	11277689	IR	320	.	11213791	0.320	0.382	24	74636	11150546	11203223	11225012	11277697	18998738	11050000	11300000	0	2735	52677	21789	spaced
SUPER_2	2578705	2750752	IR	320	.	2664447	0.320	0.983	20	172022	2578705	2578877	2750580	2750752	18998738	2550000	2800000	0	1912	172	171703	wide
SUPER_2	7191537	7197753	IR	319	.	7194600	0.319	0.921	70	6283	7191537	7192209	7197081	7197769	18998738	6950000	7200000	73	4077	672	4872	spaced
SUPER_2	172271	363815	IR	319	.	267993	0.319	0.381	28	191584	172271	227799	308328	363815	18998738	150000	400000	28	1967	55487	80529	spaced
SUPER_2	4540326	4588961	IR	318	.	4564401	0.318	0.966	39	48734	4540326	4540704	4588585	4588961	18998738	4350000	4600000	39	3577	376	47881	spaced
SUPER_2	13955859	14069088	IR	318	.	14012406	0.318	0.405	24	113333	13955859	13959753	14065194	14069097	18998738	13900000	14150000	24	1874	3894	105441	wide
SUPER_2	6487640	6553833	IR	318	.	6521158	0.318	0.979	23	66157	6487640	6487874	6553599	6553834	18998738	6400000	6650000	0	2012	234	65725	spaced
SUPER_2	8782410	8785983	IR	317	.	8784330	0.317	0.909	110	3729	8782410	8783378	8785015	8786006	18998738	8700000	8950000	112	1403	968	1637	immediate
SUPER_2	5667632	5836594	IR	317	.	5752021	0.317	0.951	78	169038	5667632	5668345	5835881	5836596	18998738	5650000	5900000	78	1701	713	167536	wide
SUPER_2	12570114	12716221	IR	317	.	12643000	0.317	0.978	27	146168	12570114	12570246	12716089	12716223	18998738	12550000	12800000	27	1552	132	145843	wide
SUPER_2	5562305	5612605	IR	317	.	5587344	0.317	0.982	24	50297	5562305	5562525	5612385	5612605	18998738	5400000	5650000	24	3124	220	49860	spaced
SUPER_2	10736745	10815714	IR	317	.	10775746	0.317	0.967	23	78951	10736745	10736958	10815504	10815714	18998738	10700000	10950000	0	1270	210	78546	spaced
SUPER_2	12778537	12832092	IR	317	.	12805538	0.317	0.981	22	53548	12778537	12778693	12831936	12832092	18998738	12600000	12850000	22	3421	156	53243	spaced
SUPER_2	11825296	11865441	IR	316	.	11845288	0.316	0.974	33	40335	11825296	11825528	11865209	11865441	18998738	11800000	12050000	33	756	232	39681	spaced
SUPER_2	3036694	3047357	IR	316	.	3042232	0.316	0.984	28	59041	3036694	3036881	3047170	3047357	18998738	2950000	3200000	28	1533	187	10289	spaced
SUPER_2	6659587	6761158	IR	316	.	6710335	0.316	0.976	22	101572	6659587	6659798	6760947	6761158	18998738	6600000	6850000	22	1839	211	101149	wide
SUPER_2	13395912	13483032	IR	315	.	13439533	0.315	0.984	190	87377	13395912	13396960	13481990	13483032	18998738	13250000	13500000	190	3157	1042	85030	spaced
SUPER_2	8486293	8615165	IR	315	.	8551189	0.315	0.405	77	128787	8486293	8505816	8595760	8615165	18998738	8400000	8650000	0	2512	19405	89944	spaced
SUPER_2	12918799	12935948	IR	315	.	12927060	0.315	0.979	44	17125	12918799	12919139	12935612	12935948	18998738	12700000	12950000	0	3789	336	16473	spaced
SUPER_2	18887779	18890987	IR	315	.	18889707	0.315	0.954	41	3135	18887779	18888097	18890669	18890992	18998738	18651412	18901412	0	3966	318	2572	spaced
SUPER_2	15944880	15971177	IR	315	.	15957549	0.315	0.992	32	26268	15944880	15945132	15970925	15971177	18998738	15800000	16001212	0	2633	252	25793	spaced
SUPER_2	17907420	18002638	IR	315	.	17955492	0.315	0.483	27	95270	17907420	17909220	18000838	18002707	18998738	17801412	18051412	0	2560	1800	91618	spaced
SUPER_2	18057043	18065171	IR	315	.	18060801	0.315	0.954	23	8110	18057043	18057284	18064936	18065171	18998738	17901412	18151412	0	2661	235	7652	spaced
SUPER_2	5512878	5560963	IR	314	.	5537273	0.314	0.425	26	48063	5512878	5517081	5556844	5560963	18998738	5350000	5600000	0	3115	4119	39763	spaced
SUPER_2	6150228	6270588	IR	314	.	6210826	0.314	0.971	26	120338	6150228	6150432	6270384	6270591	18998738	6150000	6400000	0	1006	204	119952	wide
SUPER_2	11288230	11347895	IR	313	.	11317738	0.313	0.795	57	59645	11288230	11288871	11347295	11347895	18998738	11100000	11350000	0	3634	600	58424	spaced
SUPER_2	16374293	16402414	IR	313	.	16388188	0.313	0.946	24	28130	16374293	16374494	16402216	16402414	18998738	16201412	16451412	24	3115	198	27722	spaced
SUPER_2	13585108	13630021	IR	311	.	13608038	0.311	0.980	93	44883	13585108	13585759	13629371	13630021	18998738	13400000	13650000	0	3459	650	43612	spaced
SUPER_2	9188695	9247073	IR	311	.	9218401	0.311	0.854	73	58357	9188695	9189422	9246432	9247073	18998738	9000000	9250000	0	3631	641	57010	spaced
SUPER_2	5206391	5338313	IR	311	.	5272418	0.311	0.399	42	132233	5206391	5224411	5320303	5338313	18998738	5150000	5400000	42	2039	18010	95892	spaced
SUPER_2	1474246	1503350	IR	311	.	1489060	0.311	1.000	28	29085	1474246	1474402	1503194	1503350	18998738	1300000	1550000	0	3146	156	28792	spaced
SUPER_2	3889272	3891521	IR	311	.	3890380	0.311	0.976	24	2250	3889272	3889480	3891313	3891521	18998738	3850000	4100000	24	673	208	1833	immediate
SUPER_2	10978268	11066672	IR	311	.	11022929	0.311	0.391	20	88381	10978268	10991725	11053322	11066672	18998738	10900000	11150000	0	2041	13350	61597	spaced
SUPER_2	3108005	3191181	IR	310	.	3149567	0.310	0.977	77	83217	3108005	3108391	3190795	3191189	18998738	2950000	3200000	77	3326	386	82404	spaced
SUPER_2	12110904	12224654	IR	310	.	12168120	0.310	0.851	28	113726	12110904	12111444	12224123	12224654	18998738	12000000	12250000	0	2796	531	112679	wide
SUPER_2	923157	998550	IR	309	.	961292	0.309	0.983	29	75376	923157	923395	998312	998550	18998738	900000	1150000	0	1014	238	74917	spaced
SUPER_2	11462901	11524757	IR	308	.	11494282	0.308	0.945	113	61839	11462901	11463903	11523755	11524764	18998738	11400000	11650000	0	1563	1002	59852	spaced
SUPER_2	7693675	7699048	IR	308	.	7696525	0.308	0.935	27	5405	7693675	7693909	7698814	7699059	18998738	7550000	7800000	27	2439	234	4905	spaced
SUPER_2	18606374	18645042	IR	308	.	18625639	0.308	0.974	25	38659	18606374	18606563	18644853	18645042	18998738	18501412	18751412	25	2071	189	38290	spaced
SUPER_2	16707995	16712090	IR	307	.	16709726	0.307	1.000	314	4077	16707995	16709615	16710470	16712090	18998738	16501412	16751412	0	3477	1620	855	immediate
SUPER_2	8668393	8735697	IR	307	.	8702506	0.307	0.945	298	67280	8668393	8670950	8733189	8735697	18998738	8500000	8750000	0	3367	2508	62239	spaced
SUPER_2	18920424	18928461	IR	305	.	18924823	0.305	0.649	24	8000	18920424	18920461	18928424	18928481	18998738	18701412	18951412	0	3717	37	7963	spaced
SUPER_2	40617	152329	IR	302	.	96180	0.302	0.379	24	111684	40617	89201	103765	152329	18998738	0	250000	0	1607	48564	14564	spaced
SUPER_2	12247784	12300559	IR	301	.	12273845	0.301	0.939	186	52752	12247784	12249702	12298663	12300559	18998738	12100000	12350000	0	2902	1896	48961	spaced
SUPER_2	8464133	8474661	IR	300	.	8469578	0.300	0.943	98	10726	8464133	8465020	8473792	8474661	18998738	8300000	8550000	98	2823	869	8772	spaced
SUPER_2	18129684	18181055	IR	300	.	18155487	0.300	0.949	42	51418	18129684	18130087	18180652	18181061	18998738	17951412	18201412	42	3399	403	50565	spaced
SUPER_2	6295743	6385732	IR	299	.	6340882	0.299	0.000	36	90023	6295743	6326655	6385516	6385732	18998738	6250000	6500000	36	1512	216	58861	spaced
SUPER_2	1201360	1208826	IR	299	.	1205205	0.299	1.000	30	7505	1201360	1201529	1208657	1208826	18998738	1000000	1250000	30	3418	169	7128	spaced
SUPER_2	14395889	14486598	IR	299	.	14440881	0.299	0.994	25	90681	14395889	14396063	14486424	14486598	18998738	14350000	14600000	0	1520	174	90361	spaced
SUPER_2	7445014	7487688	IR	298	.	7466723	0.298	0.889	117	42647	7445014	7446162	7486577	7487688	18998738	7350000	7600000	0	1939	1111	40415	spaced
SUPER_2	16242770	16257061	IR	298	.	16249513	0.298	0.973	23	14271	16242770	16242994	16256837	16257061	18998738	16201412	16451412	0	808	224	13843	spaced
SUPER_2	11536836	11539089	IR	297	.	11538395	0.297	0.954	91	2242	11536836	11537784	11538141	11539101	18998738	11500000	11750000	0	632	948	357	immediate
SUPER_2	7678851	7692937	IR	284	.	7685650	0.284	0.953	185	14103	7678851	7679234	7692554	7692940	18998738	7450000	7700000	43	3931	383	13320	spaced
SUPER_3	7913297	7916179	IR	813	.	7914738	0.813	0.975	195	169703	7913297	7914384	7915092	7916190	18543759	7800000	8050000	195	1912	1087	708	immediate
SUPER_3	7673007	7676419	IR	769	.	7674886	0.769	0.967	247	3684	7673007	7674444	7675022	7676419	18543759	7450000	7700000	247	3745	1397	578	immediate
SUPER_3	10744377	10747471	IR	647	.	10745924	0.647	0.985	173	3387	10744377	10745498	10746351	10747471	18543759	10507275	10757275	173	3977	1120	853	immediate
SUPER_3	1524032	1525113	IR	644	.	1524573	0.644	0.983	79	90890	1524032	1524506	1524640	1525113	18543759	1450000	1700000	79	1242	473	134	immediate
SUPER_3	15070984	15075407	IR	631	.	15073389	0.631	0.968	199	4652	15070984	15072183	15074224	15075407	18543759	14872418	15122418	199	3346	1183	2041	spaced
SUPER_3	17752289	17755909	IR	628	.	17754252	0.628	0.997	284	24623	17752289	17753661	17754537	17755911	18543759	17572418	17822418	284	3027	1372	876	immediate
SUPER_3	1908288	1945740	IR	577	.	1927014	0.577	0.401	75	37600	1908288	1926502	1927526	1945808	18543759	1750000	2000000	75	2950	18214	1024	immediate
SUPER_3	114369	118824	IR	517	.	116270	0.517	0.927	166	4425	114369	115446	117784	118824	18543759	0	250000	0	1943	1040	2338	spaced
SUPER_3	6633596	6634132	IR	493	.	6633864	0.493	1.000	55	67445	6633596	6633849	6633879	6634132	18543759	6500000	6750000	55	2230	253	30	immediate
SUPER_3	13668205	13671604	IR	484	.	13669718	0.484	0.925	77	3560	13668205	13668921	13670888	13671617	18543759	13422418	13672418	77	4124	716	1967	immediate
SUPER_3	11986464	11988239	IR	473	.	11987352	0.473	0.945	87	2171	11986464	11987186	11987539	11988239	18543759	11757275	12007275	87	3834	700	353	immediate
SUPER_3	5731467	5734307	IR	431	.	5732887	0.431	0.904	65	2930	5731467	5732150	5733624	5734342	18543759	5600000	5850000	65	2214	683	1474	immediate
SUPER_3	3666387	3840145	IR	430	.	3753332	0.430	0.909	42	174113	3666387	3667054	3839498	3840145	18543759	3600000	3850000	42	2554	647	172444	wide
SUPER_3	12448687	12496878	IR	399	.	12473008	0.399	0.879	20	48205	12448687	12448843	12496722	12496896	18543759	12407275	12657275	20	1091	156	47879	spaced
SUPER_3	11206210	11284214	IR	394	.	11245236	0.394	0.422	209	78444	11206210	11244641	11245825	11284214	18543759	11057275	11307275	209	3132	38389	1184	immediate
SUPER_3	18097878	18099212	IR	378	.	18098545	0.378	1.000	27	134472	18097878	18098004	18099086	18099212	18543759	18022418	18272418	27	1268	126	1082	immediate
SUPER_3	8389115	8438564	IR	371	.	8414134	0.371	0.949	29	49431	8389115	8389426	8438253	8438566	18543759	8350000	8600000	0	1063	311	48827	spaced
SUPER_3	9518545	9533552	IR	360	.	9525985	0.360	0.870	131	15364	9518545	9520329	9531852	9533552	18543759	9350000	9600000	131	2934	1700	11523	spaced
SUPER_3	6749017	6753904	IR	359	.	6751450	0.359	0.940	283	5312	6749017	6751181	6751740	6753915	18543759	6550000	6800000	283	3357	2164	559	immediate
SUPER_3	328433	331534	IR	358	.	329984	0.358	0.925	123	3247	328433	329556	330411	331556	18543759	150000	400000	123	2999	1123	855	immediate
SUPER_3	14406975	14595053	IR	358	.	14500584	0.358	0.388	31	188046	14406975	14484025	14518077	14595053	18543759	14372418	14622418	0	2143	76976	34052	spaced
SUPER_3	1279963	1399856	IR	352	.	1339834	0.352	0.382	30	119919	1279963	1333686	1346133	1399884	18543759	1150000	1400000	30	3165	53723	12447	spaced
SUPER_3	16503384	16657010	IR	350	.	16580052	0.350	0.390	32	153663	16503384	16540662	16619732	16657032	18543759	16422418	16672418	32	2629	37278	79070	spaced
SUPER_3	4761392	4859611	IR	341	.	4810047	0.341	0.385	28	98238	4761392	4785289	4835714	4859678	18543759	4750000	5000000	0	1008	23897	50425	spaced
SUPER_3	15750466	15795708	IR	339	.	15773594	0.339	0.421	123	45119	15750466	15768145	15778091	15795708	18543759	15572418	15822418	0	3344	17617	9946	spaced
SUPER_3	4122014	4284922	IR	339	.	4203334	0.339	0.385	27	162925	4122014	4163838	4243105	4284922	18543759	4100000	4350000	27	1724	41817	79267	spaced
SUPER_3	6268257	6270568	IR	338	.	6269475	0.338	0.996	98	2404	6268257	6268761	6270064	6270568	18543759	6050000	6300000	98	3656	504	1303	immediate
SUPER_3	5077333	5079938	IR	338	.	5078630	0.338	0.988	90	2723	5077333	5077896	5079375	5079938	18543759	4850000	5100000	90	3810	563	1479	immediate
SUPER_3	17511880	17615348	IR	337	.	17563519	0.337	0.400	38	103498	17511880	17521769	17605503	17615348	18543759	17372418	17622418	38	3186	9845	83734	spaced
SUPER_3	17023442	17250268	IR	337	.	17137039	0.337	0.408	35	226897	17023442	17038193	17235578	17250268	18543759	17022418	17272418	35	1907	14690	197385	wide
SUPER_3	8521619	8682421	IR	336	.	8601923	0.336	0.957	120	161268	8521619	8522549	8681496	8682421	18543759	8500000	8750000	122	1700	925	158947	wide
SUPER_3	12614552	12811943	IR	336	.	12713134	0.336	0.380	25	197385	12614552	12695336	12731266	12811943	18543759	12607275	12857275	25	1766	80677	35930	spaced
SUPER_3	11466203	11532085	IR	335	.	11499037	0.335	0.383	22	65894	11466203	11487514	11510774	11532089	18543759	11307275	11557275	22	3197	21311	23260	spaced
SUPER_3	4994312	4999295	IR	334	.	4997268	0.334	0.930	115	4977	4994312	4995375	4998232	4999318	18543759	4750000	5000000	0	4113	1063	2857	spaced
SUPER_3	731080	836563	IR	334	.	784055	0.334	0.984	30	105459	731080	731332	836311	836563	18543759	600000	850000	0	3063	252	104979	wide
SUPER_3	5161730	5278296	IR	334	.	5219527	0.334	0.985	23	116549	5161730	5161931	5278095	5278296	18543759	5100000	5350000	0	2000	201	116164	wide
SUPER_3	9886487	9939367	IR	334	.	9913301	0.334	0.395	21	52846	9886487	9900318	9925645	9939367	18543759	9757275	10007275	0	2594	13722	25327	spaced
SUPER_3	14085615	14265671	IR	333	.	14176134	0.333	0.408	44	180024	14085615	14094761	14256580	14265671	18543759	14072418	14322418	0	1720	9091	161819	wide
SUPER_3	7738558	7741434	IR	333	.	7740324	0.333	0.953	36	2759	7738558	7739092	7740901	7741434	18543759	7700000	7950000	0	666	533	1809	immediate
SUPER_3	1154421	1219613	IR	333	.	1187457	0.333	0.402	33	65171	1154421	1162214	1211873	1219613	18543759	1050000	1300000	0	2283	7740	49659	spaced
SUPER_3	16889018	16976098	IR	333	.	16932356	0.333	0.389	33	87103	16889018	16915536	16949601	16976098	18543759	16822418	17072418	33	1835	26497	34065	spaced
SUPER_3	9555586	9688257	IR	332	.	9622347	0.332	0.977	318	132643	9555586	9557887	9685980	9688257	18543759	9450000	9700000	0	2865	2277	128093	wide
SUPER_3	2860784	3013842	IR	331	.	2937112	0.331	0.383	31	153169	2860784	2910364	2964262	3013870	18543759	2850000	3100000	31	1455	49580	53898	spaced
SUPER_3	11368206	11441133	IR	331	.	11404161	0.331	0.977	29	72907	11368206	11368470	11440869	11441133	18543759	11257275	11507275	0	2456	264	72399	spaced
SUPER_3	13556836	13662280	IR	331	.	13609397	0.331	0.963	29	105606	13556836	13557050	13662069	13662280	18543759	13422418	13672418	29	3118	211	105019	wide
SUPER_3	946470	1116282	IR	331	.	1031030	0.331	0.388	25	169812	946470	977206	1085546	1116310	18543759	900000	1150000	0	2189	30736	108340	wide
SUPER_3	11733300	11741684	IR	331	.	11737443	0.331	0.754	23	8380	11733300	11733511	11741524	11741684	18543759	11557275	11807275	23	3003	160	8013	spaced
SUPER_3	16007266	16016402	IR	330	.	16012078	0.330	1.000	609	9117	16007266	16010749	16012919	16016402	18543759	15772418	16022418	0	3990	3483	2170	spaced
SUPER_3	8914575	8937350	IR	330	.	8925556	0.330	0.643	188	22756	8914575	8918869	8933077	8937350	18543759	8750000	9000000	0	2932	4273	14208	spaced
SUPER_3	10469106	10523367	IR	330	.	10496341	0.330	0.808	47	54492	10469106	10469671	10522802	10523442	18543759	10307275	10557275	49	3149	565	53131	spaced
SUPER_3	9334214	9492097	IR	329	.	9413151	0.329	0.969	83	157933	9334214	9335024	9491287	9492099	18543759	9250000	9500000	83	2719	810	156263	wide
SUPER_3	3872424	3999762	IR	329	.	3936455	0.329	0.387	38	127316	3872424	3904019	3968168	3999762	18543759	3850000	4100000	0	1434	31594	64149	spaced
SUPER_3	3456239	3531567	IR	329	.	3493662	0.329	0.896	33	75595	3456239	3456362	3531444	3531579	18543759	3350000	3600000	19	2398	123	75082	spaced
SUPER_3	6162413	6244132	IR	329	.	6203474	0.329	0.383	25	81716	6162413	6178440	6228118	6244132	18543759	6000000	6250000	22	3387	16014	49678	spaced
SUPER_3	2244200	2316707	IR	329	.	2280024	0.329	0.953	22	72489	2244200	2244392	2316516	2316707	18543759	2200000	2450000	0	1340	191	72124	spaced
SUPER_3	16108513	16304839	IR	328	.	16206336	0.328	0.388	40	196287	16108513	16159570	16253782	16304870	18543759	16072418	16322418	0	2237	51057	94212	spaced
SUPER_3	14732095	14795627	IR	328	.	14763685	0.328	0.393	37	63563	14732095	14751620	14776121	14795627	18543759	14572418	14822418	37	3190	19506	24501	spaced
SUPER_3	14980473	15057428	IR	328	.	15018966	0.328	0.383	36	77000	14980473	15000634	15037309	15057428	18543759	14822418	15072418	36	3275	20119	36675	spaced
SUPER_3	9847262	9854859	IR	328	.	9850826	0.328	0.994	31	7605	9847262	9847427	9854694	9854859	18543759	9707275	9957275	31	2396	165	7267	spaced
SUPER_3	10819454	10933402	IR	327	.	10876859	0.327	0.857	36	113981	10819454	10819851	10933005	10933453	18543759	10807275	11057275	0	1152	397	113154	wide
SUPER_3	13762666	13822370	IR	327	.	13792961	0.327	0.941	29	59639	13762666	13762998	13822038	13822378	18543759	13722418	13972418	0	1168	332	59040	spaced
SUPER_3	8698182	8882547	IR	327	.	8790253	0.327	0.816	27	184387	8698182	8698659	8882109	8882547	18543759	8650000	8900000	27	2339	438	183450	wide
SUPER_3	5680588	5683818	IR	326	.	5682295	0.326	0.986	89	94164	5680588	5681094	5683312	5683818	18543759	5500000	5750000	89	3036	506	2218	spaced
SUPER_3	8262196	8291645	IR	326	.	8276594	0.326	0.974	64	29429	8262196	8262730	8291114	8291645	18543759	8050000	8300000	0	3781	531	28384	spaced
SUPER_3	13851493	13911689	IR	326	.	13882076	0.326	0.988	32	60169	13851493	13851752	13911430	13911689	18543759	13722418	13972418	0	2652	259	59678	spaced
SUPER_3	4402598	4516961	IR	326	.	4460174	0.326	0.385	25	114354	4402598	4448183	4471376	4516970	18543759	4300000	4550000	0	2662	45585	23193	spaced
SUPER_3	18100103	18119065	IR	326	.	18109235	0.326	1.000	24	18943	18100103	18100267	18118901	18119065	18543759	18072418	18322418	0	619	164	18634	spaced
SUPER_3	7487849	7635754	IR	326	.	7561571	0.326	0.386	23	147911	7487849	7556158	7567445	7635767	18543759	7400000	7650000	23	2696	68309	11287	spaced
SUPER_3	7977766	8054527	IR	326	.	8015656	0.326	0.988	23	76735	7977766	7977938	8054356	8054527	18543759	7850000	8100000	0	2768	171	76418	spaced
SUPER_3	13012199	13090009	IR	326	.	13050624	0.326	0.679	22	77793	13012199	13012539	13089772	13090009	18543759	12907275	13157275	0	2397	237	77233	spaced
SUPER_3	5634902	5662946	IR	325	.	5649243	0.325	0.968	40	28023	5634902	5635336	5662512	5662948	18543759	5450000	5700000	0	3315	434	27176	spaced
SUPER_3	7034166	7145606	IR	325	.	7090380	0.325	0.393	38	111469	7034166	7057267	7122505	7145653	18543759	6950000	7200000	0	2331	23101	65238	spaced
SUPER_3	5753208	5892825	IR	325	.	5823495	0.325	0.809	32	139602	5753208	5754321	5891712	5892834	18543759	5750000	6000000	0	1216	1113	137391	wide
SUPER_3	1733168	1753179	IR	325	.	1743482	0.325	0.820	25	20003	1733168	1733522	1752825	1753193	18543759	1550000	1800000	0	3219	354	19303	spaced
SUPER_3	12172680	12209461	IR	325	.	12191008	0.325	0.931	25	36779	12172680	12172870	12209271	12209473	18543759	12007275	12257275	25	3063	190	36401	spaced
SUPER_3	516272	675476	IR	325	.	596020	0.325	0.374	24	159296	516272	537185	654622	675476	18543759	450000	700000	24	2431	20854	117437	wide
SUPER_3	6364372	6411030	IR	325	.	6387887	0.325	0.987	22	46654	6364372	6364521	6410881	6411030	18543759	6300000	6550000	22	1461	149	46360	spaced
SUPER_3	13708528	13756178	IR	324	.	13732665	0.324	0.921	146	47657	13708528	13710172	13754534	13756209	18543759	13622418	13872418	0	1832	1644	44362	spaced
SUPER_3	15811863	15958830	IR	324	.	15885271	0.324	0.385	40	147016	15811863	15874533	15896167	15958830	18543759	15772418	16022418	40	1882	62663	21634	spaced
SUPER_3	2384678	2458930	IR	324	.	2421618	0.324	0.978	24	74262	2384678	2384862	2458748	2458930	18543759	2250000	2500000	24	2863	182	73886	spaced
SUPER_3	5279245	5375006	IR	324	.	5327543	0.324	0.383	22	95801	5279245	5309944	5344307	5375080	18543759	5250000	5500000	0	1285	30699	34363	spaced
SUPER_3	16884915	16889142	IR	323	.	16886993	0.323	0.482	35	4295	16884915	16886422	16887635	16889210	18543759	16722418	16972418	35	2743	1507	1213	immediate
SUPER_3	3244690	3337432	IR	323	.	3291385	0.323	0.392	32	92800	3244690	3266661	3315461	3337510	18543759	3100000	3350000	0	3184	21971	48800	spaced
SUPER_3	17847177	18070207	IR	323	.	17958495	0.323	0.986	31	223053	17847177	17847391	18069993	18070207	18543759	17822418	18072418	31	2271	214	222602	wide
SUPER_3	8943372	9095416	IR	323	.	9019284	0.323	0.994	26	152037	8943372	8943541	9095247	9095416	18543759	8850000	9100000	26	2823	169	151706	wide
SUPER_3	7235563	7324534	IR	322	.	7279856	0.322	0.994	668	89794	7235563	7238961	7321136	7324534	18543759	7100000	7350000	668	3000	3398	82175	spaced
SUPER_3	9203005	9239978	IR	322	.	9221305	0.322	0.931	261	95840	9203005	9205383	9237612	9239978	18543759	9050000	9300000	262	2858	2366	32229	spaced
SUPER_3	2548185	2652873	IR	322	.	2600317	0.322	0.387	36	104693	2548185	2582196	2618885	2652873	18543759	2450000	2700000	36	2508	33988	36689	spaced
SUPER_3	12310781	12398366	IR	322	.	12355006	0.322	0.382	36	87521	12310781	12344965	12364269	12398366	18543759	12157275	12407275	0	3288	34097	19304	spaced
SUPER_3	2039202	2244390	IR	322	.	2142225	0.322	0.968	27	205171	2039202	2039447	2244145	2244392	18543759	2000000	2250000	0	2363	245	204698	wide
SUPER_3	6872691	6914916	IR	322	.	6894249	0.322	0.973	27	42198	6872691	6872910	6914697	6914921	18543759	6800000	7050000	0	1563	219	41787	spaced
SUPER_3	15465615	15564757	IR	322	.	15515268	0.322	0.386	25	99148	15465615	15490721	15539651	15564775	18543759	15322418	15572418	25	3212	25106	48930	spaced
SUPER_3	5405024	5498029	IR	322	.	5451677	0.322	1.000	22	93090	5405024	5405160	5497893	5498029	18543759	5300000	5550000	22	2525	136	92733	spaced
SUPER_3	10541610	10558921	IR	322	.	10550186	0.322	0.950	21	17311	10541610	10541725	10558806	10558925	18543759	10357275	10607275	21	3216	115	17081	spaced
SUPER_3	13913205	14047638	IR	321	.	13980501	0.321	0.390	32	134626	13913205	13950293	14010587	14047638	18543759	13822418	14072418	32	2633	37051	60294	spaced
SUPER_3	13375960	13421559	IR	321	.	13399235	0.321	0.906	30	45591	13375960	13376283	13421236	13421570	18543759	13372418	13622418	0	438	323	44953	spaced
SUPER_3	15666532	15673366	IR	321	.	15669783	0.321	0.994	25	6825	15666532	15666697	15673201	15673366	18543759	15472418	15722418	25	3292	165	6504	spaced
SUPER_3	18119029	18215878	IR	321	.	18167039	0.321	0.376	24	96829	18119029	18146839	18188084	18215878	18543759	17972418	18222418	0	3250	27794	41245	spaced
SUPER_3	184127	195499	IR	320	.	189572	0.320	0.886	88	11374	184127	184724	194954	195499	18543759	150000	400000	66	663	545	10230	spaced
SUPER_3	9149670	9181610	IR	319	.	9165207	0.319	0.974	150	31861	9149670	9150898	9180382	9181611	18543759	8950000	9200000	0	3593	1228	29484	spaced
SUPER_3	8309189	8314882	IR	319	.	8311912	0.319	1.000	119	5803	8309189	8309724	8314347	8314882	18543759	8100000	8350000	119	3533	535	4623	spaced
SUPER_3	14805415	14824162	IR	319	.	14814857	0.319	0.911	65	18913	14805415	14806113	14823486	14824162	18543759	14622418	14872418	65	3206	676	17373	spaced
SUPER_3	10974540	11128819	IR	319	.	11051352	0.319	0.959	32	154254	10974540	10974884	11128478	11128819	18543759	10957275	11207275	0	1573	341	153594	wide
SUPER_3	17314559	17478504	IR	319	.	17396987	0.319	0.385	30	163960	17314559	17388867	17404196	17478538	18543759	17272418	17522418	0	2068	74308	15329	spaced
SUPER_3	4708209	4731886	IR	318	.	4720537	0.318	0.943	332	23628	4708209	4711089	4729049	4731886	18543759	4500000	4750000	0	3667	2837	17960	spaced
SUPER_3	13109157	13149261	IR	318	.	13129209	0.318	0.383	30	40234	13109157	13128984	13129434	13149316	18543759	12957275	13172218	30	2865	19827	450	immediate
SUPER_3	6940948	7005517	IR	318	.	6973171	0.318	0.970	28	64608	6940948	6941174	7005291	7005521	18543759	6800000	7050000	28	2887	226	64117	spaced
SUPER_3	10656283	10704922	IR	318	.	10680674	0.318	0.973	22	106235	10656283	10656467	10704739	10704922	18543759	10507275	10757275	22	2888	183	48272	spaced
SUPER_3	1462251	1524009	IR	317	.	1493156	0.317	0.867	92	62333	1462251	1463275	1522985	1524086	18543759	1400000	1650000	92	1552	1024	59710	spaced
SUPER_3	15117604	15239530	IR	317	.	15178281	0.317	0.991	38	121909	15117604	15117839	15239295	15239530	18543759	15022418	15272418	0	2602	235	121456	wide
SUPER_3	14381756	14401056	IR	317	.	14391610	0.317	0.913	30	172513	14381756	14381966	14400846	14401063	18543759	14272418	14522418	16	1982	210	18880	spaced
SUPER_3	3038607	3142635	IR	317	.	3090922	0.317	0.399	26	104002	3038607	3054735	3126522	3142635	18543759	2950000	3200000	0	2343	16113	71787	spaced
SUPER_3	7818197	7843606	IR	317	.	7831195	0.317	0.398	24	25345	7818197	7826461	7835363	7843606	18543759	7700000	7950000	0	2181	8243	8902	spaced
SUPER_3	2505999	2510974	IR	317	.	2508493	0.317	0.820	22	5113	2505999	2506253	2510755	2510974	18543759	2300000	2550000	22	3474	219	4502	spaced
SUPER_3	449242	515803	IR	317	.	482842	0.317	0.933	20	66543	449242	449427	515618	515812	18543759	350000	600000	0	2208	185	66191	spaced
SUPER_3	11583387	11694776	IR	317	.	11639264	0.317	0.384	20	111460	11583387	11626898	11651265	11694853	18543759	11557275	11807275	20	1363	43511	24367	spaced
SUPER_3	4596407	4667483	IR	316	.	4632267	0.316	0.988	783	71059	4596407	4601283	4662619	4667483	18543759	4450000	4700000	0	3032	4864	61336	spaced
SUPER_3	15274228	15334845	IR	316	.	15305043	0.316	0.811	44	60633	15274228	15274812	15334261	15334887	18543759	15122418	15372418	0	3035	584	59449	spaced
SUPER_3	14670540	14700557	IR	315	.	14685215	0.315	0.398	33	30001	14670540	14684902	14686195	14700565	18543759	14472418	14722418	0	3552	14362	1293	immediate
SUPER_3	16772720	16858819	IR	315	.	16816028	0.315	0.393	30	86099	16772720	16801266	16830273	16858843	18543759	16622418	16872418	0	3222	28546	29007	spaced
SUPER_3	6473536	6481952	IR	315	.	6478064	0.315	0.948	21	8398	6473536	6473743	6481745	6481958	18543759	6300000	6550000	0	2962	207	8002	spaced
SUPER_3	9977010	10144799	IR	314	.	10061321	0.314	0.923	31	167779	9977010	9977346	10144463	10144813	18543759	9907275	10157275	0	2560	336	167117	wide
SUPER_3	4047207	4118793	IR	313	.	4083158	0.313	0.386	30	173173	4047207	4074780	4091237	4118793	18543759	3950000	4200000	30	2216	27556	16457	spaced
SUPER_3	8104726	8191412	IR	313	.	8147676	0.313	0.978	23	86654	8104726	8104957	8191181	8191412	18543759	8000000	8250000	0	2467	231	86224	spaced
SUPER_3	1967974	2007478	IR	312	.	1987865	0.312	0.962	27	126575	1967974	1968184	2007268	2007478	18543759	1850000	2100000	27	2295	210	39084	spaced
SUPER_3	11838269	11896011	IR	312	.	11867057	0.312	0.916	26	57738	11838269	11838471	11895819	11896011	18543759	11657275	11907275	26	3497	192	57348	spaced
SUPER_3	5585977	5601545	IR	312	.	5593719	0.312	0.436	24	15648	5585977	5588550	5599009	5601545	18543759	5400000	5650000	24	3229	2536	10459	spaced
SUPER_3	5375840	5390447	IR	312	.	5383597	0.312	0.972	22	14571	5375840	5376090	5390197	5390447	18543759	5350000	5600000	0	552	250	14107	spaced
SUPER_3	3372006	3422725	IR	311	.	3397586	0.311	0.586	52	182920	3372006	3372122	3422649	3422725	18543759	3250000	3500000	6	2455	76	50527	spaced
SUPER_3	12018025	12023386	IR	311	.	12020268	0.311	1.000	29	5344	12018025	12018174	12023237	12023386	18543759	12007275	12257275	0	223	149	5063	spaced
SUPER_3	10160043	10258158	IR	311	.	10209219	0.311	0.963	24	98105	10160043	10160232	10257969	10258158	18543759	10057275	10307275	24	2530	189	97737	spaced
SUPER_3	4018402	4041590	IR	310	.	4030226	0.310	0.837	74	23223	4018402	4019154	4040935	4041590	18543759	3800000	4050000	74	3833	655	21781	spaced
SUPER_3	3604315	3658782	IR	310	.	3631750	0.310	0.979	34	54467	3604315	3604509	3658589	3658782	18543759	3450000	3700000	34	3025	193	54080	spaced
SUPER_3	13285968	13361157	IR	310	.	13323433	0.310	0.995	34	75186	13285968	13286159	13360966	13361157	18543759	13172418	13422418	34	2518	191	74807	spaced
SUPER_3	13253083	13272216	IR	310	.	13262549	0.310	0.948	32	19217	13253083	13253480	13271822	13272216	18543759	13172418	13422418	32	1503	394	18342	spaced
SUPER_3	2711715	2811053	IR	310	.	2761004	0.310	0.994	26	99319	2711715	2711870	2810898	2811053	18543759	2600000	2850000	0	2689	155	99028	spaced
SUPER_3	16323399	16478176	IR	308	.	16400891	0.308	0.992	78	175857	16323399	16323797	16477778	16478176	18543759	16272418	16522418	78	2139	398	153981	wide
SUPER_3	5080031	5082270	IR	308	.	5080752	0.308	0.974	26	2217	5080031	5080264	5082037	5082270	18543759	5000000	5250000	0	1352	233	1773	immediate
SUPER_3	7338923	7460633	IR	308	.	7400187	0.308	0.967	25	121689	7338923	7339160	7460396	7460636	18543759	7250000	7500000	0	2496	237	121236	wide
SUPER_3	11786959	11831570	IR	308	.	11809249	0.308	0.970	24	44603	11786959	11787161	11831370	11831570	18543759	11607275	11857275	24	3366	200	44209	spaced
SUPER_3	1584534	1722527	IR	307	.	1653296	0.307	0.923	35	138073	1584534	1585037	1722024	1722543	18543759	1500000	1750000	35	2558	503	136987	wide
SUPER_3	18268408	18398451	IR	307	.	18333528	0.307	0.647	24	130037	18268408	18268646	18398287	18398451	18543759	18222418	18472418	25	1850	164	129641	wide
SUPER_3	10358321	10363341	IR	305	.	10360964	0.305	1.000	25	5007	10358321	10358446	10363216	10363341	18543759	10157275	10407275	25	3392	125	4770	spaced
SUPER_3	2322158	2334899	IR	305	.	2328579	0.305	1.000	22	82463	2322158	2322265	2334792	2334899	18543759	2250000	2500000	22	1308	107	12527	spaced
SUPER_3	12890619	12896008	IR	305	.	12893199	0.305	1.000	20	5434	12890619	12890725	12895902	12896008	18543759	12707275	12957275	20	3100	106	5177	spaced
SUPER_3	8359006	8373299	IR	304	.	8366255	0.304	0.866	37	14377	8359006	8359616	8372689	8373335	18543759	8350000	8600000	39	269	610	13073	spaced
SUPER_3	353364	415562	IR	303	.	384886	0.303	0.881	190	62149	353364	355921	413005	415569	18543759	200000	450000	0	3074	2557	57084	spaced
SUPER_3	248813	296875	IR	303	.	272817	0.303	0.879	80	48170	248813	249707	296043	296875	18543759	150000	400000	80	2047	832	46336	spaced
SUPER_3	12213740	12255437	IR	303	.	12235114	0.303	0.397	22	41754	12213740	12219546	12249631	12255521	18543759	12207275	12457275	0	455	5806	30085	spaced
SUPER_3	18451812	18455325	IR	302	.	18453887	0.302	1.000	36	3494	18451812	18452020	18455117	18455325	18543759	18222418	18472418	0	3852	208	3097	spaced
SUPER_3	11917222	11986193	IR	300	.	11952018	0.300	0.935	77	68986	11917222	11917760	11985655	11986226	18543759	11757275	12007275	0	3240	538	67895	spaced
SUPER_3	9261236	9266322	IR	300	.	9263709	0.300	0.845	63	5199	9261236	9262121	9265440	9266322	18543759	9250000	9500000	63	229	882	3319	spaced
SUPER_3	6634997	6709893	IR	300	.	6672801	0.300	0.965	21	74871	6634997	6635135	6709755	6709897	18543759	6500000	6750000	0	2873	138	74620	spaced
SUPER_3	14860587	14865727	IR	292	.	14862711	0.292	1.000	26	5115	14860587	14860746	14865568	14865727	18543759	14672418	14922418	0	3178	159	4822	spaced
SUPER_4	5485919	5488274	IR	623	.	5487097	0.623	0.990	118	2458	5485919	5486590	5487604	5488274	17999272	5257834	5507834	118	3820	670	1014	immediate
SUPER_4	13610029	13612159	IR	561	.	13611098	0.561	0.918	68	2300	13610029	13610593	13611603	13612159	17999272	13407834	13657834	68	3387	556	1010	immediate
SUPER_4	8742879	8745357	IR	521	.	8744118	0.521	0.991	90	2550	8742879	8743412	8744824	8745357	17999272	8507834	8757834	90	3937	533	1412	immediate
SUPER_4	3848904	3993923	IR	519	.	3921414	0.519	0.387	47	145067	3848904	3920782	3922046	3993923	17999272	3807834	4057834	47	1892	71877	1264	immediate
SUPER_4	7271116	7275691	IR	511	.	7273348	0.511	0.957	195	38260	7271116	7272443	7274369	7275691	17999272	7107834	7357834	195	2759	1322	1926	immediate
SUPER_4	8860877	8863329	IR	460	.	8862105	0.460	0.908	51	2503	8860877	8861820	8862386	8863349	17999272	8857834	9107834	51	71	943	566	immediate
SUPER_4	17132987	17274950	IR	448	.	17203598	0.448	0.970	22	141909	17132987	17133251	17274686	17274950	17999272	17057834	17307834	0	2435	264	141435	wide
SUPER_4	14072780	14199656	IR	425	.	14136218	0.425	0.381	35	126956	14072780	14135816	14136620	14199730	17999272	14057834	14307834	35	1306	63036	804	immediate
SUPER_4	7869223	7871652	IR	409	.	7870443	0.409	0.907	45	2459	7869223	7869683	7871192	7871656	17999272	7657834	7907834	45	3543	460	1509	immediate
SUPER_4	190168	376408	IR	408	.	283288	0.408	0.380	43	186307	190168	283218	283358	376441	17999272	150000	400000	43	2221	93050	140	immediate
SUPER_4	9281982	9408921	IR	405	.	9345809	0.405	0.965	67	126922	9281982	9282668	9408235	9408923	17999272	9207834	9457834	0	2293	686	125567	wide
SUPER_4	1556911	1714328	IR	395	.	1636090	0.395	0.383	28	157395	1556911	1574836	1696403	1714333	17999272	1507834	1757834	0	2129	17925	121567	wide
SUPER_4	7854420	7857401	IR	392	.	7855908	0.392	0.910	128	3397	7854420	7855657	7856164	7857403	17999272	7607834	7857834	128	4134	1237	507	immediate
SUPER_4	4363344	4439818	IR	391	.	4401621	0.391	0.386	33	76519	4363344	4401450	4401792	4439818	17999272	4307834	4557834	33	1562	38026	342	immediate
SUPER_4	4840630	4888502	IR	379	.	4864566	0.379	0.386	22	47957	4840630	4864513	4864619	4888600	17999272	4707834	4957834	22	2612	23883	106	immediate
SUPER_4	3134461	3136772	IR	363	.	3135625	0.363	0.877	52	2425	3134461	3134991	3136259	3136772	17999272	2907834	3157834	52	3796	513	1268	immediate
SUPER_4	2395644	2551934	IR	354	.	2474285	0.354	0.386	33	156331	2395644	2429650	2517928	2551992	17999272	2357834	2607834	0	1932	34006	88278	spaced
SUPER_4	16142924	16224569	IR	349	.	16183400	0.349	0.384	25	80771	16142924	16167776	16199717	16224577	17999272	16057834	16307834	0	2098	24852	31941	spaced
SUPER_4	17277577	17279825	IR	348	.	17278709	0.348	0.892	22	2286	17277577	17277762	17279656	17279825	17999272	17107834	17357834	22	2847	169	1894	immediate
SUPER_4	12025212	12212354	IR	344	.	12119109	0.344	0.889	28	187120	12025212	12025483	12212108	12212354	17999272	12007834	12257834	0	1849	246	186625	wide
SUPER_4	969404	1043130	IR	344	.	1006117	0.344	0.979	24	73719	969404	969639	1042895	1043130	17999272	850000	1057634	24	2604	235	73256	spaced
SUPER_4	1779094	1983094	IR	343	.	1880798	0.343	0.771	29	203976	1779094	1779984	1982221	1983094	17999272	1757834	2007834	0	2054	873	202237	wide
SUPER_4	9658972	9666197	IR	341	.	9662136	0.341	0.970	53	7208	9658972	9659468	9665701	9666197	17999272	9457834	9707834	0	3412	496	6233	spaced
SUPER_4	8754597	8769632	IR	339	.	8762212	0.339	0.966	127	15296	8754597	8755552	8768677	8769632	17999272	8557834	8807834	127	3404	955	13125	spaced
SUPER_4	13768218	13978152	IR	339	.	13872691	0.339	0.891	22	209885	13768218	13768519	13977851	13978164	17999272	13757834	14007834	0	1922	301	209332	wide
SUPER_4	7947322	7986505	IR	338	.	7967251	0.338	0.997	51	39166	7947322	7947633	7986194	7986505	17999272	7757834	8007834	0	3484	311	38561	spaced
SUPER_4	14733434	14806935	IR	338	.	14770390	0.338	0.960	29	73508	14733434	14733736	14806633	14806935	17999272	14657834	14907834	29	1872	302	72897	spaced
SUPER_4	17461126	17503868	IR	338	.	17482258	0.338	0.967	24	42733	17461126	17461310	17503684	17503868	17999272	17307834	17557834	24	2910	184	42374	spaced
SUPER_4	4954188	5155400	IR	338	.	5054709	0.338	0.976	21	201203	4954188	4954357	5155231	5155401	17999272	4907834	5157834	21	2449	169	200874	wide
SUPER_4	10295443	10328839	IR	337	.	10312016	0.337	0.899	73	172503	10295443	10296336	10327993	10328839	17999272	10207834	10457834	73	1738	846	31657	spaced
SUPER_4	11356531	11462545	IR	336	.	11409893	0.336	0.395	42	105990	11356531	11380465	11438615	11462545	17999272	11257834	11507834	0	2528	23930	58150	spaced
SUPER_4	5446724	5451356	IR	336	.	5449528	0.336	0.923	24	4606	5446724	5446964	5451116	5451363	17999272	5307834	5557834	0	2353	240	4152	spaced
SUPER_4	521887	611855	IR	336	.	566780	0.336	0.871	23	89991	521887	522278	611489	611855	17999272	500000	750000	23	1114	366	89211	spaced
SUPER_4	14568305	14701757	IR	335	.	14634577	0.335	0.390	32	133486	14568305	14624193	14645869	14701819	17999272	14457834	14707834	0	2953	55888	21676	spaced
SUPER_4	15922376	15955611	IR	335	.	15938956	0.335	0.977	21	33237	15922376	15922549	15955438	15955611	17999272	15707834	15957834	21	3852	173	32889	spaced
SUPER_4	8640034	8722920	IR	334	.	8681915	0.334	0.946	127	82869	8640034	8641042	8721912	8722921	17999272	8557834	8807834	0	2060	1008	80870	spaced
SUPER_4	16701746	16893942	IR	334	.	16798319	0.334	0.982	22	192172	16701746	16701970	16893718	16893942	17999272	16657834	16907834	0	2333	224	191748	wide
SUPER_4	9491266	9539549	IR	334	.	9515413	0.334	0.970	21	48278	9491266	9491469	9539346	9539549	17999272	9357834	9607834	21	2626	203	47877	spaced
SUPER_4	706411	921313	IR	333	.	814073	0.333	0.943	29	215495	706411	706496	921228	921315	17999272	700000	950000	10	1897	85	214732	wide
SUPER_4	13337269	13480163	IR	332	.	13408820	0.332	0.388	52	142898	13337269	13386531	13430981	13480163	17999272	13307834	13557834	52	1681	49182	44450	spaced
SUPER_4	7413361	7420249	IR	331	.	7416648	0.331	0.902	94	6971	7413361	7414150	7419502	7420249	17999272	7407834	7657834	94	149	747	5352	spaced
SUPER_4	7062842	7075637	IR	331	.	7069037	0.331	0.931	26	12791	7062842	7063001	7075486	7075637	17999272	6857834	7107834	26	3523	151	12485	spaced
SUPER_4	4185663	4339271	IR	331	.	4262352	0.331	0.385	25	153839	4185663	4262484	4262472	4339271	17999272	4107834	4357834	81	2577	76799	-12	overlap
SUPER_4	3157338	3200144	IR	330	.	3178447	0.330	0.925	44	42781	3157338	3157960	3199542	3200144	17999272	2957834	3207834	0	3681	602	41582	spaced
SUPER_4	7423887	7426169	IR	330	.	7425028	0.330	0.991	40	2305	7423887	7424102	7425954	7426170	17999272	7407834	7657834	40	286	215	1852	immediate
SUPER_4	11086127	11149694	IR	330	.	11118100	0.330	0.990	33	63593	11086127	11086335	11149486	11149694	17999272	10907834	11157834	33	3501	208	63151	spaced
SUPER_4	14468796	14549969	IR	330	.	14509772	0.330	0.403	33	81146	14468796	14475830	14543017	14549969	17999272	14457834	14707834	0	859	6952	67187	spaced
SUPER_4	2766145	2934820	IR	330	.	2850926	0.330	0.384	32	168655	2766145	2804865	2896116	2934820	17999272	2707834	2957834	0	2377	38704	91251	spaced
SUPER_4	12920245	13048388	IR	330	.	12984628	0.330	0.982	30	128120	12920245	12920469	13048164	13048389	17999272	12807834	13057834	0	2941	224	127695	wide
SUPER_4	10732399	10901941	IR	330	.	10817037	0.330	0.984	29	169537	10732399	10732588	10901752	10901941	17999272	10657834	10907834	29	2655	189	169164	wide
SUPER_4	8517337	8566721	IR	330	.	8541964	0.330	0.393	27	49479	8517337	8527626	8556432	8566781	17999272	8457834	8707834	27	1403	10289	28806	spaced
SUPER_4	4013949	4118146	IR	330	.	4065730	0.330	0.931	21	104169	4013949	4014137	4117968	4118146	17999272	4007834	4257834	0	970	178	103831	wide
SUPER_4	5962972	6076974	IR	329	.	6020041	0.329	0.402	58	114071	5962972	5976811	6063135	6077005	17999272	5857834	6107834	58	2702	13839	86324	spaced
SUPER_4	8338470	8452151	IR	329	.	8394868	0.329	0.775	37	113555	8338470	8339489	8451132	8452157	17999272	8207834	8457834	0	3124	1019	111643	wide
SUPER_4	4524213	4670848	IR	329	.	4597364	0.329	0.985	32	147096	4524213	4524419	4670642	4670848	17999272	4457834	4707834	32	2328	206	146223	wide
SUPER_4	11732376	11756216	IR	329	.	11744199	0.329	0.976	27	23899	11732376	11732541	11756051	11756216	17999272	11507834	11757834	27	3940	165	23510	spaced
SUPER_4	7587656	7589899	IR	329	.	7588777	0.329	0.978	26	2240	7587656	7587838	7589717	7589899	17999272	7457834	7707834	26	2182	182	1879	immediate
SUPER_4	7289228	7381769	IR	328	.	7335572	0.328	0.849	107	92691	7289228	7290102	7380955	7381769	17999272	7257834	7507834	107	1294	814	90853	spaced
SUPER_4	12325072	12511128	IR	328	.	12418463	0.328	0.384	35	186017	12325072	12401582	12434618	12511146	17999272	12307834	12557834	0	1837	76510	33036	spaced
SUPER_4	5248477	5254057	IR	328	.	5251277	0.328	0.440	27	5648	5248477	5251033	5251501	5254128	17999272	5007834	5257834	27	4057	2556	468	immediate
SUPER_4	3386297	3603535	IR	328	.	3494606	0.328	0.386	26	217218	3386297	3472347	3517514	3603535	17999272	3357834	3607834	0	2284	86021	45167	spaced
SUPER_4	17010663	17049996	IR	328	.	17030726	0.328	0.392	23	39311	17010663	17025762	17034897	17049996	17999272	16857834	17107834	0	2874	15099	9135	spaced
SUPER_4	6865031	7048760	IR	328	.	6957162	0.328	0.389	22	183736	6865031	6896089	7017702	7048800	17999272	6807834	7057834	0	2484	31058	121613	wide
SUPER_4	8994412	9093819	IR	327	.	9044067	0.327	0.847	40	99547	8994412	8995127	9093153	9093819	17999272	8907834	9157834	40	2271	666	98026	spaced
SUPER_4	13156162	13255787	IR	327	.	13206041	0.327	0.885	30	99648	13156162	13156367	13255582	13255809	17999272	13107834	13357834	30	1635	205	99215	spaced
SUPER_4	1264419	1402043	IR	327	.	1333626	0.327	0.381	29	137599	1264419	1295604	1370928	1402043	17999272	1157834	1407834	0	2923	31115	75324	spaced
SUPER_4	15141977	15334265	IR	327	.	15237831	0.327	0.984	28	192245	15141977	15142222	15334020	15334267	17999272	15107834	15357834	0	2171	245	191798	wide
SUPER_4	5651094	5745348	IR	327	.	5698217	0.327	0.932	26	94316	5651094	5651282	5745164	5745348	17999272	5507834	5757834	26	3172	184	93882	spaced
SUPER_4	9233824	9246613	IR	327	.	9240576	0.327	0.986	24	12765	9233824	9234043	9246394	9246613	17999272	9107834	9357834	0	2206	219	12351	spaced
SUPER_4	4443067	4484569	IR	327	.	4463379	0.327	0.933	23	41475	4443067	4443334	4484307	4484569	17999272	4407834	4657834	0	932	262	40973	spaced
SUPER_4	8817412	8837058	IR	326	.	8827089	0.326	0.920	138	20033	8817412	8818799	8835671	8837111	17999272	8607834	8857834	138	3656	1387	16872	spaced
SUPER_4	2033273	2062001	IR	326	.	2047140	0.326	0.996	33	28711	2033273	2033497	2061777	2062001	17999272	1857834	2107834	0	3163	224	28280	spaced
SUPER_4	3267749	3289838	IR	326	.	3279210	0.326	0.988	32	22072	3267749	3268001	3289586	3289838	17999272	3057834	3307834	0	3682	252	21585	spaced
SUPER_4	2621958	2687631	IR	325	.	2655012	0.325	0.390	57	65730	2621958	2646316	2663273	2687654	17999272	2457834	2707834	57	3282	24358	16957	spaced
SUPER_4	1122247	1198567	IR	325	.	1160794	0.325	0.398	25	76315	1122247	1130917	1189897	1198580	17999272	1057834	1307834	0	1709	8670	58980	spaced
SUPER_4	16047801	16109075	IR	325	.	16078178	0.325	0.960	24	61243	16047801	16048052	16108824	16109076	17999272	15957834	16207834	0	2009	251	60772	spaced
SUPER_4	17705039	17759822	IR	325	.	17732229	0.325	0.982	24	137925	17705039	17705095	17759766	17759822	17999272	17657834	17907834	7	1243	56	54671	spaced
SUPER_4	6655882	6807330	IR	325	.	6731724	0.325	0.964	23	151488	6655882	6656078	6807134	6807330	17999272	6557834	6807834	23	2896	196	151056	wide
SUPER_4	2233955	2273182	IR	324	.	2253872	0.324	1.000	40	39208	2233955	2234202	2272935	2273182	17999272	2057834	2307834	0	3262	247	38733	spaced
SUPER_4	13641255	13701847	IR	324	.	13671718	0.324	0.392	29	60616	13641255	13655805	13687297	13701864	17999272	13607834	13857834	30	1061	14550	31492	spaced
SUPER_4	5380066	5416920	IR	324	.	5398123	0.324	0.906	23	36831	5380066	5380287	5416710	5416920	17999272	5357834	5607834	0	677	210	36423	spaced
SUPER_4	4680870	4719409	IR	324	.	4700563	0.324	0.964	22	38522	4680870	4681115	4719164	4719411	17999272	4607834	4857834	0	1538	245	38049	spaced
SUPER_4	14219787	14400697	IR	323	.	14310532	0.323	0.394	35	180881	14219787	14231727	14388757	14400707	17999272	14207834	14457834	0	1706	11940	157030	wide
SUPER_4	16272492	16412639	IR	323	.	16342722	0.323	0.968	28	140170	16272492	16272708	16412423	16412639	17999272	16257834	16507834	28	1412	216	139715	wide
SUPER_4	9938058	10139992	IR	323	.	10038908	0.323	0.872	23	201934	9938058	9938480	10139601	10139992	17999272	9907834	10157834	23	2186	391	201121	wide
SUPER_4	12753633	12796217	IR	323	.	12775381	0.323	0.751	23	42565	12753633	12754074	12795776	12796217	17999272	12557834	12807834	0	3618	441	41702	spaced
SUPER_4	390639	411087	IR	322	.	400960	0.322	0.969	157	20634	390639	391588	410160	411087	17999272	200000	450000	180	3347	927	18572	spaced
SUPER_4	9782383	9921842	IR	322	.	9852359	0.322	0.978	84	139437	9782383	9783212	9921014	9921842	17999272	9707834	9957834	0	2404	828	137802	wide
SUPER_4	10416667	10561353	IR	322	.	10489199	0.322	0.390	39	144710	10416667	10463785	10514300	10561353	17999272	10357834	10607834	39	2186	47053	50515	spaced
SUPER_4	15620587	15807858	IR	321	.	15714435	0.321	0.964	30	187672	15620587	15620811	15807637	15807858	17999272	15607834	15857834	30	1773	221	186826	wide
SUPER_4	2127874	2139311	IR	320	.	2133191	0.320	0.975	55	11408	2127874	2128281	2138906	2139311	17999272	1907834	2157834	0	3762	405	10625	spaced
SUPER_4	12812437	12870194	IR	320	.	12841254	0.320	0.396	30	57919	12812437	12819698	12862933	12870223	17999272	12707834	12957834	30	2224	7261	43235	spaced
SUPER_4	5851004	5928497	IR	320	.	5889257	0.320	0.399	28	77461	5851004	5862963	5916608	5928497	17999272	5807834	6057834	0	1365	11889	53645	spaced
SUPER_4	16481120	16531028	IR	320	.	16505754	0.320	0.393	27	49880	16481120	16494461	16517694	16531028	17999272	16307834	16557834	0	3303	13334	23233	spaced
SUPER_4	11057778	11070972	IR	320	.	11063933	0.320	0.969	23	13169	11057778	11058006	11070746	11070972	17999272	10907834	11157834	0	2608	226	12740	spaced
SUPER_4	7825090	7831862	IR	319	.	7828344	0.319	0.910	31	6788	7825090	7825467	7831485	7831866	17999272	7607834	7857834	31	3677	377	6018	spaced
SUPER_4	9625641	9654890	IR	319	.	9639940	0.319	0.966	28	29228	9625641	9625872	9654659	9654893	17999272	9407834	9657834	0	3873	231	28787	spaced
SUPER_4	8061914	8191447	IR	319	.	8126402	0.319	0.978	22	129516	8061914	8062139	8191223	8191447	17999272	7957834	8207834	0	2813	224	129084	wide
SUPER_4	5266098	5342949	IR	318	.	5304206	0.318	0.427	29	76827	5266098	5270997	5338163	5342949	17999272	5107834	5357834	0	3278	4786	67166	spaced
SUPER_4	16973141	17006601	IR	318	.	16989837	0.318	0.966	24	33465	16973141	16973341	17006401	17006605	17999272	16757834	17007834	24	3867	200	33060	spaced
SUPER_4	7078301	7082179	IR	317	.	7079772	0.317	0.847	90	3860	7078301	7079511	7081037	7082179	17999272	6907834	7157834	0	2873	1142	1526	immediate
SUPER_4	2971309	3064323	IR	317	.	3017955	0.317	0.912	42	93077	2971309	2971581	3064069	3064323	17999272	2857834	3107834	55	2666	254	92488	spaced
SUPER_4	9124796	9215130	IR	317	.	9170444	0.317	0.984	29	90302	9124796	9125048	9214878	9215130	17999272	9007834	9257834	0	2702	252	89830	spaced
SUPER_4	10652917	10677446	IR	317	.	10664983	0.317	0.393	27	24558	10652917	10665085	10665278	10677446	17999272	10457834	10707834	27	3455	12168	193	immediate
SUPER_4	10155548	10223711	IR	317	.	10189612	0.317	0.858	24	68216	10155548	10155733	10223526	10223730	17999272	10007834	10257834	24	3029	185	67793	spaced
SUPER_4	10254577	10256960	IR	317	.	10255874	0.317	0.848	21	2559	10254577	10254821	10256746	10256960	17999272	10007834	10257834	21	4132	214	1925	immediate
SUPER_4	11468464	11592803	IR	316	.	11530743	0.316	0.992	24	124368	11468464	11468582	11592685	11592803	17999272	11457834	11707834	24	1213	118	124103	wide
SUPER_4	12625965	12654822	IR	316	.	12640027	0.316	0.960	23	28840	12625965	12626188	12654603	12654822	17999272	12507834	12757834	0	2209	219	28415	spaced
SUPER_4	10940441	11001081	IR	315	.	10970837	0.315	0.926	84	60676	10940441	10941391	11000149	11001081	17999272	10757834	11007834	88	3548	932	58758	spaced
SUPER_4	7174450	7257564	IR	315	.	7215611	0.315	0.789	82	83147	7174450	7175641	7256373	7257625	17999272	7007834	7257834	0	3469	1191	80732	spaced
SUPER_4	14863051	15038247	IR	315	.	14950190	0.315	0.853	48	175249	14863051	14864029	15037269	15038319	17999272	14807834	15057834	0	2380	978	173240	wide
SUPER_4	6394373	6471019	IR	315	.	6432351	0.315	0.991	33	76612	6394373	6394608	6470784	6471019	17999272	6257834	6507834	0	2914	235	76176	spaced
SUPER_4	7616037	7799589	IR	315	.	7707470	0.315	0.939	23	183538	7616037	7616194	7799432	7799597	17999272	7557834	7807834	0	2499	157	183238	wide
SUPER_4	17570376	17587683	IR	314	.	17579247	0.314	0.990	38	17339	17570376	17570576	17587483	17587683	17999272	17357834	17607834	38	3686	200	16907	spaced
SUPER_4	17869521	17908974	IR	314	.	17888893	0.314	0.912	20	39424	17869521	17869668	17908839	17908974	17999272	17757834	17999272	0	2190	135	39171	spaced
SUPER_4	2007823	2015105	IR	313	.	2011061	0.313	0.910	41	7256	2007823	2008268	2014669	2015105	17999272	1807834	2057834	0	3393	436	6401	spaced
SUPER_4	2284036	2324708	IR	313	.	2304624	0.313	0.396	37	40683	2284036	2298806	2309938	2324745	17999272	2107834	2357834	0	3275	14770	11132	spaced
SUPER_4	15568363	15570772	IR	313	.	15569960	0.313	0.727	28	2390	15568363	15568755	15570380	15570772	17999272	15357834	15607834	0	3528	392	1625	immediate
SUPER_4	7879969	7896735	IR	313	.	7888075	0.313	0.968	21	16743	7879969	7880189	7896517	7896735	17999272	7857834	8107834	0	508	218	16328	spaced
SUPER_4	8265149	8318137	IR	312	.	8291950	0.312	0.922	23	52964	8265149	8265459	8317827	8318142	17999272	8107834	8357834	0	3063	310	52368	spaced
SUPER_4	8783499	8817158	IR	311	.	8800814	0.311	0.961	107	33656	8783499	8784253	8816404	8817173	17999272	8757834	9007834	0	708	754	32151	spaced
SUPER_4	9761972	9775779	IR	311	.	9769172	0.311	0.915	47	13789	9761972	9762514	9775270	9775779	17999272	9557834	9807834	0	3517	509	12756	spaced
SUPER_4	3604354	3673896	IR	311	.	3638997	0.311	0.410	20	69525	3604354	3606843	3671409	3673896	17999272	3557834	3807834	20	1354	2487	64566	spaced
SUPER_4	5528998	5546945	IR	310	.	5538038	0.310	0.970	24	103019	5528998	5529195	5546748	5546945	17999272	5357834	5607834	24	3002	197	17553	spaced
SUPER_4	88735	117074	IR	310	.	103330	0.310	0.987	22	28315	88735	88886	116923	117074	17999272	0	250000	0	1714	151	28037	spaced
SUPER_4	9427934	9468132	IR	310	.	9447609	0.310	0.855	20	40178	9427934	9428230	9467860	9468132	17999272	9357834	9607834	0	1503	272	39630	spaced
SUPER_4	13524025	13556001	IR	309	.	13539625	0.309	0.940	28	31955	13524025	13524321	13555706	13556001	17999272	13307834	13557834	0	3869	295	31385	spaced
SUPER_4	3725960	3736351	IR	308	.	3731358	0.308	0.973	27	10386	3725960	3726142	3736171	3736351	17999272	3507834	3757834	27	3721	180	10029	spaced
SUPER_4	17317640	17345683	IR	308	.	17331473	0.308	0.960	23	28052	17317640	17317866	17345457	17345684	17999272	17107834	17357834	23	3730	226	27591	spaced
SUPER_4	17065653	17098384	IR	307	.	17082237	0.307	0.958	28	142572	17065653	17065795	17098242	17098384	17999272	16907834	17157834	13	2902	142	32447	spaced
SUPER_4	15064659	15081625	IR	307	.	15072967	0.307	0.922	20	16997	15064659	15064864	15081430	15081625	17999272	14857834	15107834	20	3588	195	16566	spaced
SUPER_4	11191845	11333188	IR	306	.	11262769	0.306	0.916	41	141323	11191845	11192283	11332774	11333188	17999272	11157834	11407834	0	1744	414	140491	wide
SUPER_4	17407982	17415041	IR	306	.	17411372	0.306	0.980	29	7082	17407982	17408182	17414841	17415041	17999272	17207834	17457834	29	3394	200	6659	spaced
SUPER_4	1468011	1484068	IR	306	.	1475640	0.306	0.956	23	16045	1468011	1468235	1483844	1484073	17999272	1407834	1657834	0	1136	224	15609	spaced
SUPER_4	12272504	12304540	IR	305	.	12288401	0.305	0.917	41	32052	12272504	12272778	12304266	12304555	17999272	12057834	12307834	64	3844	274	31488	spaced
SUPER_4	4161639	4167973	IR	305	.	4164305	0.305	0.884	28	6253	4161639	4162006	4167619	4167973	17999272	3957834	4207834	0	3449	354	5613	spaced
SUPER_4	2700197	2759012	IR	304	.	2729286	0.304	0.982	25	58797	2700197	2700416	2758793	2759013	17999272	2657834	2907834	0	1196	219	58377	spaced
SUPER_4	11775978	11892479	IR	302	.	11833859	0.302	0.979	30	116482	11775978	11776173	11892284	11892479	17999272	11657834	11907834	0	2939	195	116111	wide
SUPER_4	15472853	15504452	IR	302	.	15488605	0.302	0.992	22	31589	15472853	15472974	15504331	15504452	17999272	15257834	15507834	22	3846	121	31357	spaced
SUPER_4	7860750	7865740	IR	294	.	7863724	0.294	1.000	22	4973	7860750	7860901	7865589	7865740	17999272	7857834	8107834	0	90	151	4688	spaced
SUPER_5	8021705	8023717	IR	974	.	8022711	0.974	1.000	201	2194	8021705	8022546	8022876	8023717	17551789	7800000	8050000	201	3711	841	330	immediate
SUPER_5	776064	778028	IR	935	.	777046	0.935	1.000	172	2123	776064	776864	777228	778028	17551789	550000	800000	172	3783	800	364	immediate
SUPER_5	7405621	7414563	IR	879	.	7410092	0.879	0.997	812	9942	7405621	7409484	7410700	7414563	17551789	7200000	7450000	812	3501	3863	1216	immediate
SUPER_5	14254383	14256559	IR	772	.	14255471	0.772	0.983	103	2253	14254383	14255076	14255866	14256559	17551789	14050000	14300000	103	3424	693	790	immediate
SUPER_5	904142	948054	IR	748	.	926445	0.748	0.996	33	43883	904142	904373	947823	948054	17551789	800000	1050000	0	2101	231	43450	spaced
SUPER_5	16538816	16544106	IR	573	.	16541093	0.573	0.642	37	5165	16538816	16541015	16541907	16544181	17551789	16300000	16550000	0	4024	2199	892	immediate
SUPER_5	2715085	2716217	IR	566	.	2715651	0.566	0.978	76	32438	2715085	2715438	2715864	2716223	17551789	2550000	2800000	76	2760	353	426	immediate
SUPER_5	15286005	15288219	IR	505	.	15287112	0.505	0.918	119	2462	15286005	15286989	15287235	15288232	17551789	15100000	15350000	121	3118	984	246	immediate
SUPER_5	6496951	6499884	IR	479	.	6498465	0.479	0.739	52	3038	6496951	6497907	6499023	6499884	17551789	6250000	6500000	52	4140	861	1116	immediate
SUPER_5	10317318	10320697	IR	474	.	10319426	0.474	0.960	100	3348	10317318	10318145	10319887	10320697	17551789	10150000	10400000	0	2816	810	1742	immediate
SUPER_5	13397096	13503831	IR	457	.	13450309	0.457	0.379	31	106861	13397096	13450340	13450587	13503837	17551789	13300000	13550000	31	2507	53244	247	immediate
SUPER_5	5284572	5389919	IR	451	.	5337664	0.451	0.994	28	105330	5284572	5284744	5389747	5389920	17551789	5150000	5400000	0	3120	172	105003	wide
SUPER_5	10909248	10912242	IR	446	.	10910747	0.446	0.977	125	3109	10909248	10910146	10911348	10912242	17551789	10700000	10950000	125	3512	894	1202	immediate
SUPER_5	12703085	12704211	IR	429	.	12703649	0.429	0.974	55	180379	12703085	12703467	12703831	12704211	17551789	12550000	12800000	55	2560	380	364	immediate
SUPER_5	10711272	10713413	IR	426	.	10711983	0.426	1.000	56	2119	10711272	10711586	10713099	10713413	17551789	10500000	10750000	0	3538	314	1513	immediate
SUPER_5	1590704	1620200	IR	418	.	1605344	0.418	0.995	38	29514	1590704	1590921	1619983	1620200	17551789	1400000	1650000	38	3424	217	29062	spaced
SUPER_5	12238875	12311520	IR	414	.	12275204	0.414	0.394	55	72778	12238875	12274849	12275563	12311520	17551789	12150000	12400000	55	2086	35957	714	immediate
SUPER_5	3490717	3494553	IR	402	.	3492639	0.402	0.877	67	27315	3490717	3491623	3493664	3494553	17551789	3300000	3550000	67	3210	889	2041	spaced
SUPER_5	3701277	3893441	IR	401	.	3797359	0.401	0.384	40	192349	3701277	3796524	3798194	3893446	17551789	3650000	3900000	40	2455	95247	1670	immediate
SUPER_5	2804527	2843989	IR	377	.	2823772	0.377	0.898	21	39453	2804527	2804687	2843829	2844006	17551789	2750000	3000000	0	1237	160	39142	spaced
SUPER_5	13548147	13736705	IR	363	.	13642803	0.363	0.403	44	188540	13548147	13565873	13719012	13736705	17551789	13500000	13750000	0	2373	17693	153139	wide
SUPER_5	2104599	2196334	IR	361	.	2150301	0.361	0.985	32	131031	2104599	2104798	2196135	2196334	17551789	2000000	2250000	32	2507	199	91337	spaced
SUPER_5	15795168	15855969	IR	360	.	15825675	0.360	0.916	33	60823	15795168	15795582	15855555	15855981	17551789	15700000	15950000	33	2092	414	59973	spaced
SUPER_5	6168536	6169505	IR	351	.	6168874	0.351	0.977	48	11085	6168536	6168838	6169203	6169505	17551789	5950000	6200000	48	3650	302	365	immediate
SUPER_5	171763	189502	IR	351	.	180978	0.351	0.972	31	17717	171763	172121	189144	189502	17551789	100000	350000	0	1343	358	17023	spaced
SUPER_5	1270275	1482918	IR	348	.	1376088	0.348	0.384	31	212621	1270275	1318512	1434681	1482922	17551789	1250000	1500000	0	2109	48237	116169	wide
SUPER_5	14991515	15192996	IR	347	.	15092473	0.347	0.387	39	201504	14991515	15072240	15112292	15192996	17551789	14950000	15200000	29	2370	80704	40052	spaced
SUPER_5	12874960	13085024	IR	347	.	12979948	0.347	0.923	23	210057	12874960	12875182	13084815	13085024	17551789	12850000	13100000	23	2166	209	209633	wide
SUPER_5	8282537	8305487	IR	345	.	8293758	0.345	0.928	34	22930	8282537	8282816	8305208	8305494	17551789	8100000	8350000	0	3233	279	22392	spaced
SUPER_5	14411046	14574732	IR	345	.	14493078	0.345	0.986	21	163704	14411046	14411189	14574589	14574733	17551789	14350000	14600000	21	2381	143	163400	wide
SUPER_5	10568984	10639648	IR	340	.	10604627	0.340	0.945	224	70674	10568984	10571521	10637111	10639682	17551789	10400000	10650000	0	3405	2537	65590	spaced
SUPER_5	3604912	3633335	IR	340	.	3619266	0.340	0.984	29	28447	3604912	3605093	3633154	3633337	17551789	3400000	3650000	29	3651	181	28061	spaced
SUPER_5	4703089	4827055	IR	339	.	4765152	0.339	0.821	32	132754	4703089	4703379	4826810	4827055	17551789	4600000	4850000	32	2751	245	123431	wide
SUPER_5	7968010	7993678	IR	339	.	7981040	0.339	0.984	24	25669	7968010	7968194	7993494	7993678	17551789	7750000	8000000	24	3847	184	25300	spaced
SUPER_5	1652726	1894731	IR	338	.	1773875	0.338	0.921	63	242304	1652726	1653338	1894119	1894763	17551789	1650000	1900000	64	2062	612	240781	wide
SUPER_5	10419177	10421306	IR	338	.	10420173	0.338	0.929	28	2160	10419177	10419470	10421017	10421306	17551789	10300000	10550000	28	2003	289	1547	immediate
SUPER_5	14770321	14912203	IR	337	.	14840770	0.337	0.418	38	141902	14770321	14777215	14905309	14912248	17551789	14700000	14950000	0	2354	6894	128094	wide
SUPER_5	2564856	2709372	IR	337	.	2637474	0.337	0.388	35	144491	2564856	2613146	2661089	2709372	17551789	2500000	2750000	0	2285	48283	47943	spaced
SUPER_5	15400036	15592238	IR	337	.	15495654	0.337	0.387	35	192257	15400036	15473485	15518789	15592310	17551789	15400000	15650000	0	1602	73449	45304	spaced
SUPER_5	8417648	8436316	IR	337	.	8427026	0.337	0.702	23	18726	8417648	8417724	8436240	8436342	17551789	8250000	8500000	36	2949	76	18516	spaced
SUPER_5	9715261	9724361	IR	336	.	9720145	0.336	0.981	95	9067	9715261	9715998	9723626	9724361	17551789	9500000	9750000	0	3663	735	7628	spaced
SUPER_5	11752632	11759594	IR	336	.	11756045	0.336	0.842	26	6974	11752632	11752805	11759422	11759594	17551789	11600000	11850000	26	2601	172	6617	spaced
SUPER_5	492607	679518	IR	336	.	585588	0.336	0.390	20	186889	492607	566847	605305	679518	17551789	450000	700000	0	2267	74213	38458	spaced
SUPER_5	10959983	11129486	IR	335	.	11044849	0.335	0.982	25	169540	10959983	10960149	11129320	11129486	17551789	10900000	11150000	25	2412	166	169171	wide
SUPER_5	9237422	9334598	IR	334	.	9285926	0.334	0.930	88	97350	9237422	9238259	9333791	9334598	17551789	9100000	9350000	88	3100	807	95532	spaced
SUPER_5	15956010	16175128	IR	334	.	16065237	0.334	0.384	36	219181	15956010	16063606	16067532	16175238	17551789	15950000	16200000	0	1926	107596	3926	spaced
SUPER_5	10079729	10128708	IR	334	.	10104261	0.334	1.000	24	48982	10079729	10079850	10128587	10128708	17551789	10000000	10250000	24	1736	121	48737	spaced
SUPER_5	7527372	7715425	IR	333	.	7620978	0.333	0.897	153	188035	7527372	7529916	7712944	7715425	17551789	7500000	7750000	0	2023	2481	183028	wide
SUPER_5	327537	329762	IR	333	.	328665	0.333	0.882	38	2238	327537	327877	329453	329762	17551789	100000	350000	38	3810	309	1576	immediate
SUPER_5	2340289	2478679	IR	333	.	2409787	0.333	0.395	30	138368	2340289	2349207	2469780	2478679	17551789	2300000	2550000	0	1824	8899	120573	wide
SUPER_5	8534244	8707356	IR	332	.	8621013	0.332	0.960	83	173332	8534244	8534721	8706893	8707356	17551789	8500000	8750000	83	2013	463	172172	wide
SUPER_5	4935586	4981129	IR	332	.	4958115	0.332	1.000	29	90020	4935586	4935615	4981100	4981129	17551789	4800000	5050000	3	2639	29	45485	spaced
SUPER_5	16808355	16962585	IR	332	.	16885435	0.332	0.378	22	154277	16808355	16864748	16906214	16962585	17551789	16750000	17000000	22	2257	56371	41466	spaced
SUPER_5	2748918	2755867	IR	331	.	2752664	0.331	0.996	77	6928	2748918	2749385	2755400	2755867	17551789	2550000	2800000	0	3373	467	6015	spaced
SUPER_5	12532054	12670887	IR	331	.	12601225	0.331	0.810	56	138816	12532054	12532093	12670850	12670887	17551789	12500000	12750000	6	1691	37	138757	wide
SUPER_5	6965171	6987247	IR	331	.	6976281	0.331	0.913	26	22091	6965171	6965483	6986935	6987253	17551789	6800000	7050000	26	2936	312	21452	spaced
SUPER_5	4502010	4579196	IR	331	.	4540117	0.331	0.885	25	77172	4502010	4502354	4578852	4579199	17551789	4350000	4600000	0	3176	344	76498	spaced
SUPER_5	6207273	6328648	IR	330	.	6267664	0.330	0.399	33	107502	6207273	6221500	6314421	6328686	17551789	6100000	6350000	0	2799	14227	92921	spaced
SUPER_5	13837735	13978848	IR	330	.	13908084	0.330	0.408	29	141168	13837735	13845583	13971000	13978880	17551789	13750000	14000000	29	2638	7848	125417	wide
SUPER_5	11261068	11326862	IR	330	.	11293929	0.330	0.400	28	138133	11261068	11270877	11317078	11326862	17551789	11150000	11400000	28	2399	9784	46201	spaced
SUPER_5	12069314	12116518	IR	330	.	12092476	0.330	0.882	27	47156	12069314	12070003	12115829	12116520	17551789	11950000	12200000	0	2381	689	45826	spaced
SUPER_5	16270184	16360558	IR	330	.	16315547	0.330	0.935	22	90389	16270184	16270378	16360364	16360564	17551789	16250000	16500000	22	1089	194	89986	spaced
SUPER_5	11427358	11613278	IR	329	.	11520320	0.329	0.995	32	185918	11427358	11427540	11613097	11613278	17551789	11400000	11650000	32	2005	181	185557	wide
SUPER_5	16990542	17033679	IR	329	.	17012326	0.329	0.411	32	43162	16990542	16995402	17028838	17033679	17551789	16800000	17050000	32	3535	4841	33436	spaced
SUPER_5	12013669	12034132	IR	329	.	12024387	0.329	0.701	30	20533	12013669	12014471	12033330	12034219	17551789	12000000	12250000	0	398	802	18859	spaced
SUPER_5	4862318	4878339	IR	329	.	4870126	0.329	0.984	27	16114	4862318	4862501	4878156	4878339	17551789	4800000	5050000	27	1172	183	15655	spaced
SUPER_5	6596113	6673196	IR	328	.	6635140	0.328	0.924	222	77128	6596113	6598581	6670728	6673265	17551789	6500000	6750000	0	2244	2468	72147	spaced
SUPER_5	8894644	8919836	IR	328	.	8907299	0.328	0.904	51	25451	8894644	8895469	8919011	8919886	17551789	8750000	9000000	51	2620	825	23542	spaced
SUPER_5	952576	1068552	IR	328	.	1010406	0.328	0.380	45	116092	952576	1008665	1012463	1068583	17551789	900000	1150000	45	1842	56089	3798	spaced
SUPER_5	7038751	7119603	IR	327	.	7079512	0.327	0.410	23	80888	7038751	7045312	7113042	7119657	17551789	7000000	7250000	0	1319	6561	67730	spaced
SUPER_5	349114	392628	IR	327	.	370650	0.327	0.965	20	43490	349114	349316	392428	392628	17551789	200000	450000	20	2847	200	43112	spaced
SUPER_5	4152643	4162971	IR	326	.	4158062	0.326	1.000	728	10304	4152643	4156812	4158802	4162971	17551789	3950000	4200000	0	3463	4169	1990	immediate
SUPER_5	11650030	11652417	IR	326	.	11651670	0.326	1.000	186	2368	11650030	11651049	11651398	11652417	17551789	11450000	11700000	0	3353	1019	349	immediate
SUPER_5	6744575	6797807	IR	326	.	6770799	0.326	0.913	108	53215	6744575	6745821	6796564	6797807	17551789	6600000	6850000	0	2853	1243	50743	spaced
SUPER_5	1908423	1936854	IR	326	.	1922323	0.326	0.625	72	28473	1908423	1911094	1934183	1936917	17551789	1750000	2000000	0	2877	2671	23089	spaced
SUPER_5	17388363	17492893	IR	326	.	17440350	0.326	0.970	56	104512	17388363	17388832	17492424	17492896	17551789	17300000	17550000	0	2343	469	103592	wide
SUPER_5	4251907	4480776	IR	326	.	4366137	0.326	0.381	28	228883	4251907	4315003	4417680	4480780	17551789	4250000	4500000	28	1938	63096	102677	wide
SUPER_5	7128414	7219547	IR	326	.	7174267	0.326	0.417	25	91181	7128414	7132154	7215807	7219613	17551789	7050000	7300000	0	2066	3740	83653	spaced
SUPER_5	4147773	4150276	IR	325	.	4149101	0.325	0.848	91	2590	4147773	4148274	4149851	4150276	17551789	4050000	4300000	91	1650	425	1577	immediate
SUPER_5	9041599	9213712	IR	325	.	9127237	0.325	0.933	73	172041	9041599	9042532	9212779	9213719	17551789	9000000	9250000	0	2127	933	170247	wide
SUPER_5	3941215	4099828	IR	325	.	4020980	0.325	0.410	39	158604	3941215	3949376	4091667	4099837	17551789	3900000	4150000	0	2008	8161	142291	wide
SUPER_5	5640185	5764095	IR	325	.	5702370	0.325	1.000	25	172685	5640185	5640212	5764068	5764095	17551789	5550000	5800000	4	2535	27	123856	wide
SUPER_5	15687231	15687975	IR	324	.	15687558	0.324	0.000	56	119615	15687231	15687518	15687688	15691148	17551789	15500000	15750000	56	3126	287	170	immediate
SUPER_5	5178750	5269254	IR	324	.	5224171	0.324	0.995	35	90516	5178750	5178943	5269061	5269254	17551789	5050000	5300000	35	2899	193	90118	spaced
SUPER_5	14093066	14173557	IR	324	.	14133355	0.324	0.386	24	80528	14093066	14130071	14136656	14173557	17551789	13950000	14200000	24	3055	36901	6585	spaced
SUPER_5	16362641	16386413	IR	324	.	16374646	0.324	0.807	23	23777	16362641	16362896	16386158	16386425	17551789	16250000	16500000	23	2075	255	23262	spaced
SUPER_5	7320999	7327871	IR	323	.	7324026	0.323	0.833	79	6831	7320999	7322294	7326634	7327871	17551789	7100000	7350000	0	3740	1237	4340	spaced
SUPER_5	2210412	2269728	IR	323	.	2240036	0.323	0.391	31	95195	2210412	2223652	2256488	2269807	17551789	2150000	2400000	31	1501	13240	32836	spaced
SUPER_5	2732843	2740323	IR	323	.	2736886	0.323	0.991	29	7455	2732843	2733062	2740104	2740323	17551789	2500000	2750000	0	3942	219	7042	spaced
SUPER_5	3455851	3487946	IR	323	.	3471682	0.323	0.394	24	32123	3455851	3464405	3479392	3487982	17551789	3350000	3600000	24	2031	8554	14987	spaced
SUPER_5	59290	144717	IR	323	.	102290	0.323	0.736	23	85388	59290	59329	144678	144731	17551789	50000	300000	0	866	39	85349	spaced
SUPER_5	9964460	10050676	IR	322	.	10007602	0.322	0.585	30	86535	9964460	9965386	10049750	10050714	17551789	9900000	10150000	30	1792	926	84364	spaced
SUPER_5	5860314	5963029	IR	322	.	5911326	0.322	0.486	27	102720	5860314	5861559	5961784	5963051	17551789	5750000	6000000	0	2694	1245	100225	wide
SUPER_5	5395531	5559112	IR	322	.	5476843	0.322	0.932	20	163529	5395531	5395780	5558871	5559112	17551789	5350000	5600000	0	2121	241	163091	wide
SUPER_5	9471102	9633871	IR	322	.	9552582	0.322	0.985	20	162765	9471102	9471236	9633738	9633871	17551789	9450000	9700000	20	1707	133	162502	wide
SUPER_5	13197723	13306522	IR	321	.	13252142	0.321	0.969	33	108828	13197723	13197946	13306302	13306522	17551789	13100000	13350000	33	2535	220	108356	wide
SUPER_5	11372573	11382211	IR	321	.	11377225	0.321	0.933	26	9650	11372573	11372793	11381991	11382215	17551789	11350000	11600000	26	456	220	9198	spaced
SUPER_5	8141734	8172295	IR	321	.	8157414	0.321	0.975	22	30543	8141734	8141972	8172057	8172295	17551789	8050000	8300000	0	1783	238	30085	spaced
SUPER_5	16200156	16262947	IR	320	.	16231661	0.320	0.984	63	62833	16200156	16200469	16262634	16262950	17551789	16050000	16300000	63	3025	313	62165	spaced
SUPER_5	9795665	9934801	IR	320	.	9865078	0.320	0.989	23	139137	9795665	9795845	9934621	9934801	17551789	9750000	10000000	23	1920	180	138776	wide
SUPER_5	8803432	8813181	IR	319	.	8807947	0.319	0.943	189	9760	8803432	8805243	8811370	8813211	17551789	8600000	8850000	0	3471	1811	6127	spaced
SUPER_5	6179469	6183987	IR	319	.	6181779	0.319	0.994	23	4519	6179469	6179629	6183827	6183987	17551789	6150000	6400000	23	528	160	4198	spaced
SUPER_5	12393104	12446795	IR	319	.	12420082	0.319	0.438	22	53688	12393104	12395688	12444211	12446798	17551789	12250000	12500000	22	2832	2584	48523	spaced
SUPER_5	3220846	3228363	IR	318	.	3224816	0.318	0.972	28	97909	3220846	3221026	3228183	3228363	17551789	3100000	3350000	28	2076	180	7157	spaced
SUPER_5	6674180	6700749	IR	317	.	6687839	0.317	0.954	81	26487	6674180	6675075	6699854	6700753	17551789	6650000	6900000	0	624	895	24779	spaced
SUPER_5	9425430	9430460	IR	316	.	9427877	0.316	1.000	25	5024	9425430	9425560	9430330	9430460	17551789	9350000	9600000	25	1298	130	4770	spaced
SUPER_5	11910948	11923408	IR	316	.	11917051	0.316	0.909	24	12614	11910948	11911219	11923137	11923423	17551789	11700000	11950000	24	3619	271	11918	spaced
SUPER_5	2495106	2496077	IR	316	.	2495413	0.316	0.536	21	26697	2495106	2495231	2495952	2496183	17551789	2400000	2650000	30	1593	125	721	immediate
SUPER_5	1998686	2060643	IR	315	.	2029934	0.315	0.601	32	61938	1998686	1999566	2059794	2060643	17551789	1950000	2200000	0	1327	849	60228	spaced
SUPER_5	2304746	2323311	IR	315	.	2314083	0.315	0.993	29	42156	2304746	2304893	2323164	2323311	17551789	2200000	2450000	29	1900	147	18271	spaced
SUPER_5	5594045	5638533	IR	315	.	5616246	0.315	0.956	20	44546	5594045	5594205	5638374	5638533	17551789	5400000	5650000	20	3604	159	44169	spaced
SUPER_5	11209825	11259208	IR	314	.	11234103	0.314	0.920	255	49361	11209825	11212360	11256709	11259208	17551789	11050000	11300000	0	3075	2499	44349	spaced
SUPER_5	8118530	8125917	IR	314	.	8122438	0.314	0.925	23	39446	8118530	8118579	8125868	8125921	17551789	8050000	8300000	7	1203	49	7289	spaced
SUPER_5	6555842	6572782	IR	313	.	6564019	0.313	0.966	304	16917	6555842	6558384	6570264	6572782	17551789	6350000	6600000	0	3571	2518	11880	spaced
SUPER_5	17219693	17277256	IR	313	.	17248913	0.313	0.948	130	57557	17219693	17220606	17276343	17277268	17551789	17050000	17300000	0	3307	913	55737	spaced
SUPER_5	14600442	14738961	IR	313	.	14669840	0.313	0.766	44	138599	14600442	14600697	14738706	14739030	17551789	14500000	14750000	47	2828	255	138009	wide
SUPER_5	12322724	12383317	IR	313	.	12352591	0.313	0.390	24	60501	12322724	12348676	12357419	12383317	17551789	12150000	12400000	0	3383	25898	8743	spaced
SUPER_5	17378027	17386568	IR	313	.	17382313	0.313	0.993	20	8534	17378027	17378164	17386431	17386568	17551789	17350000	17551789	20	538	137	8267	spaced
SUPER_5	8052894	8071836	IR	312	.	8061922	0.312	0.458	58	18911	8052894	8057289	8067521	8071836	17551789	7850000	8100000	0	3539	4315	10232	spaced
SUPER_5	3061416	3155744	IR	312	.	3108106	0.312	0.395	37	94259	3061416	3077128	3140060	3155744	17551789	3050000	3300000	0	976	15684	62932	spaced
SUPER_5	14750638	14770052	IR	312	.	14760722	0.312	0.991	33	19396	14750638	14750849	14769841	14770052	17551789	14750000	15000000	0	172	211	18992	spaced
SUPER_5	4581802	4638810	IR	312	.	4610655	0.312	0.479	27	57027	4581802	4583807	4636805	4638848	17551789	4450000	4700000	0	2671	2005	52998	spaced
SUPER_5	9344005	9424123	IR	312	.	9384396	0.312	0.984	27	80066	9344005	9344257	9423871	9424123	17551789	9250000	9500000	0	2234	252	79614	spaced
SUPER_5	10507091	10543687	IR	312	.	10525537	0.312	0.968	27	36633	10507091	10507310	10543468	10543687	17551789	10400000	10650000	27	2089	219	36158	spaced
SUPER_5	2892999	3045122	IR	311	.	2969259	0.311	0.570	26	152285	2892999	2893646	3044475	3045195	17551789	2800000	3050000	26	2817	647	150829	wide
SUPER_5	6802401	6886778	IR	311	.	6844196	0.311	0.972	24	84351	6802401	6802648	6886531	6886779	17551789	6750000	7000000	0	1576	247	83883	spaced
SUPER_5	8337417	8349127	IR	310	.	8343014	0.310	0.881	35	11692	8337417	8338045	8348501	8349127	17551789	8100000	8350000	0	4054	626	10456	spaced
SUPER_5	8945269	8947911	IR	310	.	8946166	0.310	0.886	35	2611	8945269	8945638	8947562	8947911	17551789	8750000	9000000	0	3276	349	1924	immediate
SUPER_5	3656202	3677912	IR	310	.	3666764	0.310	0.421	30	21693	3656202	3661239	3672919	3677912	17551789	3500000	3750000	0	2784	4993	11680	spaced
SUPER_5	3242142	3297479	IR	309	.	3269445	0.309	0.698	44	55289	3242142	3243732	3295889	3297490	17551789	3050000	3300000	0	3663	1590	52157	spaced
SUPER_5	8951289	9003819	IR	307	.	8977534	0.307	0.411	32	52562	8951289	8956158	8998950	9003826	17551789	8850000	9100000	32	2125	4869	42792	spaced
SUPER_5	17312145	17321869	IR	306	.	17316672	0.306	1.000	24	9699	17312145	17312282	17321732	17321869	17551789	17300000	17550000	0	283	137	9450	spaced
SUPER_5	17053930	17085044	IR	305	.	17069967	0.305	0.961	395	31082	17053930	17056695	17082300	17085044	17551789	16900000	17150000	0	2824	2744	25605	spaced
SUPER_5	16606298	16716276	IR	305	.	16661664	0.305	0.889	101	109961	16606298	16607807	16714767	16716280	17551789	16600000	16850000	0	1021	1509	106960	wide
SUPER_5	9774236	9781068	IR	305	.	9777919	0.305	0.986	21	6808	9774236	9774446	9780858	9781068	17551789	9750000	10000000	0	460	210	6412	spaced
SUPER_5	17215953	17218196	IR	303	.	17217534	0.303	0.915	48	2115	17215953	17216549	17217614	17218196	17551789	17100000	17350000	0	1951	582	1065	immediate
SUPER_5	7360882	7364271	IR	302	.	7362604	0.302	0.926	33	3422	7360882	7361250	7363903	7364275	17551789	7150000	7400000	33	3542	368	2653	spaced
SUPER_5	1197901	1259694	IR	302	.	1229000	0.302	0.974	32	61788	1197901	1198092	1259504	1259694	17551789	1050000	1300000	32	2979	190	61412	spaced
SUPER_5	1114323	1166464	IR	301	.	1139886	0.301	0.982	39	52122	1114323	1114598	1166189	1166464	17551789	1000000	1250000	0	2339	275	51591	spaced
SUPER_5	15898474	15929894	IR	300	.	15914158	0.300	0.984	44	31449	15898474	15898723	15929645	15929894	17551789	15700000	15950000	44	3569	249	30922	spaced
SUPER_5	13758026	13837752	IR	278	.	13797955	0.278	0.389	25	79724	13758026	13779861	13815965	13837752	17551789	13750000	14000000	25	798	21787	36104	spaced
SUPER_6	4956613	4959309	IR	879	.	4957961	0.879	1.000	223	2939	4956613	4957637	4958285	4959309	17485102	4750000	5000000	223	3465	1024	648	immediate
SUPER_6	16222047	16225136	IR	656	.	16224045	0.656	0.999	221	3065	16222047	16223479	16223704	16225137	17485102	16018709	16268709	0	3414	1432	225	immediate
SUPER_6	9774033	9779669	IR	569	.	9777154	0.569	0.466	51	3329	9774033	9776751	9776951	9779741	17485102	9600000	9850000	0	2947	2718	200	immediate
SUPER_6	10489593	10491903	IR	497	.	10490748	0.497	0.993	103	2392	10489593	10490168	10491328	10491905	17485102	10250000	10500000	103	4012	575	1160	immediate
SUPER_6	16130646	16164471	IR	462	.	16147824	0.462	0.928	134	33834	16130646	16131852	16163265	16164502	17485102	15918709	16168709	0	3814	1206	31413	spaced
SUPER_6	2179777	2285151	IR	454	.	2232464	0.454	0.384	25	105550	2179777	2231867	2233061	2285208	17485102	2150000	2400000	25	1374	52090	1194	immediate
SUPER_6	7609455	7611488	IR	448	.	7610410	0.448	0.988	31	2033	7609455	7609700	7611243	7611488	17485102	7400000	7650000	31	3507	245	1543	immediate
SUPER_6	11303523	11317553	IR	445	.	11310538	0.445	0.410	38	98460	11303523	11309910	11311166	11317570	17485102	11200000	11450000	38	1842	6387	1256	immediate
SUPER_6	109733	330687	IR	436	.	220625	0.436	0.840	51	220954	109733	110827	329593	330709	17485102	100000	350000	0	2003	1094	218766	wide
SUPER_6	7993052	7994140	IR	426	.	7993596	0.426	0.979	68	4848	7993052	7993477	7993718	7994140	17485102	7750000	8000000	68	4059	422	241	immediate
SUPER_6	15376615	15485199	IR	422	.	15430907	0.422	0.389	28	108601	15376615	15430567	15431247	15485224	17485102	15268709	15518709	28	2703	53952	680	immediate
SUPER_6	6857801	6859999	IR	407	.	6858899	0.407	0.972	46	2223	6857801	6858044	6859756	6860001	17485102	6650000	6900000	46	3481	243	1712	immediate
SUPER_6	16044900	16051017	IR	406	.	16047986	0.406	0.525	77	6357	16044900	16047877	16048089	16051017	17485102	15868709	16118709	95	2987	2928	212	immediate
SUPER_6	16505322	16507388	IR	404	.	16506355	0.404	0.819	35	13122	16505322	16505709	16507001	16507445	17485102	16318709	16568709	35	3127	387	1292	immediate
SUPER_6	9369624	9571478	IR	398	.	9470551	0.398	0.381	22	201951	9369624	9470400	9470702	9571584	17485102	9350000	9600000	22	2009	100776	302	immediate
SUPER_6	14233804	14339998	IR	393	.	14286604	0.393	0.389	36	106233	14233804	14286002	14287800	14340066	17485102	14218709	14468709	0	1136	52198	1798	immediate
SUPER_6	16737917	16742999	IR	383	.	16740874	0.383	0.990	25	5051	16737917	16738118	16742798	16742999	17485102	16618709	16868709	0	2029	201	4680	spaced
SUPER_6	16530938	16536384	IR	380	.	16533661	0.380	0.444	27	5475	16530938	16533646	16533676	16536384	17485102	16368709	16618709	27	2749	2708	30	immediate
SUPER_6	10537935	10541451	IR	378	.	10539693	0.378	0.990	169	44553	10537935	10538756	10540630	10541453	17485102	10400000	10650000	169	2328	821	1874	immediate
SUPER_6	8822805	8825154	IR	374	.	8823984	0.374	0.613	38	2371	8822805	8823856	8824120	8825154	17485102	8800000	9050000	53	399	1034	264	immediate
SUPER_6	8384426	8387192	IR	363	.	8385835	0.363	0.817	43	2814	8384426	8385282	8386336	8387221	17485102	8250000	8500000	43	2263	856	1054	immediate
SUPER_6	4547220	4720289	IR	360	.	4633707	0.360	0.934	334	173752	4547220	4549554	4717955	4720393	17485102	4500000	4750000	334	2229	2334	168401	wide
SUPER_6	14084125	14139047	IR	358	.	14111215	0.358	0.432	31	54902	14084125	14088348	14134926	14139047	17485102	13968709	14218709	0	2381	4121	46578	spaced
SUPER_6	6229780	6232457	IR	357	.	6231119	0.357	0.965	77	2859	6229780	6230431	6231808	6232457	17485102	6000000	6250000	77	3851	649	1377	immediate
SUPER_6	8879290	9098484	IR	347	.	8989306	0.347	0.960	22	219141	8879290	8879541	9098233	9098484	17485102	8850000	9100000	0	2314	251	218692	wide
SUPER_6	1095434	1174743	IR	347	.	1135069	0.347	0.888	20	79343	1095434	1095579	1174598	1174759	17485102	1050000	1300000	20	1418	145	79019	spaced
SUPER_6	12558628	12559723	IR	346	.	12559175	0.346	0.972	71	38419	12558628	12559049	12559305	12559723	17485102	12468709	12718709	75	1507	418	256	immediate
SUPER_6	6100962	6148944	IR	346	.	6125096	0.346	0.890	42	47989	6100962	6101315	6148592	6148944	17485102	5900000	6150000	42	3749	352	47277	spaced
SUPER_6	3443980	3497011	IR	346	.	3470248	0.346	0.992	28	195884	3443980	3444108	3496883	3497011	17485102	3350000	3600000	20	2008	128	52775	spaced
SUPER_6	2029114	2031628	IR	344	.	2030421	0.344	0.985	32	2580	2029114	2029320	2031422	2031628	17485102	1800000	2050000	32	3839	206	2102	spaced
SUPER_6	10687358	10704779	IR	342	.	10696530	0.342	0.977	44	17402	10687358	10687703	10704438	10704779	17485102	10550000	10800000	0	2434	341	16735	spaced
SUPER_6	3582940	3661493	IR	342	.	3621922	0.342	0.979	30	78529	3582940	3583180	3661255	3661493	17485102	3450000	3700000	0	2870	238	78075	spaced
SUPER_6	16833630	17036372	IR	341	.	16934511	0.341	0.974	23	202718	16833630	16833863	17036139	17036372	17485102	16818709	17068709	0	1938	233	202276	wide
SUPER_6	12226914	12362232	IR	340	.	12294834	0.340	0.952	33	135287	12226914	12227347	12361799	12362232	17485102	12118709	12368709	0	2930	433	134452	wide
SUPER_6	1640140	1779756	IR	339	.	1710084	0.339	0.986	30	139613	1640140	1640351	1779545	1779756	17485102	1550000	1800000	30	2665	211	139194	wide
SUPER_6	14672882	14788425	IR	339	.	14730353	0.339	0.938	20	115523	14672882	14673092	14788222	14788425	17485102	14568709	14818709	0	2698	203	115130	wide
SUPER_6	832439	904560	IR	338	.	868195	0.338	0.390	36	72139	832439	866584	870415	904600	17485102	700000	950000	0	2808	34145	3831	spaced
SUPER_6	6252762	6276651	IR	338	.	6264803	0.338	0.990	32	23894	6252762	6252953	6276460	6276651	17485102	6200000	6450000	32	1078	191	23507	spaced
SUPER_6	4128305	4295377	IR	338	.	4212220	0.338	0.382	28	165295	4128305	4188484	4235200	4295377	17485102	4100000	4350000	0	1863	60177	46716	spaced
SUPER_6	8289863	8306456	IR	338	.	8298243	0.338	0.975	22	16589	8289863	8290064	8306255	8306456	17485102	8100000	8350000	22	3302	201	16191	spaced
SUPER_6	16319994	16448107	IR	337	.	16384409	0.337	0.984	27	128068	16319994	16320246	16447855	16448107	17485102	16268709	16518709	0	1922	252	127609	wide
SUPER_6	14379124	14555238	IR	337	.	14467533	0.337	0.382	24	176107	14379124	14446189	14488173	14555275	17485102	14368709	14618709	0	1641	67065	41984	spaced
SUPER_6	9190985	9311740	IR	336	.	9251297	0.336	0.957	57	120801	9190985	9191475	9311253	9311740	17485102	9100000	9350000	57	2522	487	119778	wide
SUPER_6	1298691	1331134	IR	336	.	1314849	0.336	0.876	47	32464	1298691	1299460	1330365	1331168	17485102	1200000	1450000	52	1915	769	30905	spaced
SUPER_6	2503998	2521973	IR	336	.	2512781	0.336	0.976	31	17983	2503998	2504252	2521721	2521973	17485102	2300000	2550000	31	3549	252	17469	spaced
SUPER_6	8693894	8741289	IR	335	.	8718032	0.335	1.000	447	47373	8693894	8696412	8738771	8741289	17485102	8500000	8750000	0	3626	2518	42359	spaced
SUPER_6	2597486	2689331	IR	335	.	2643790	0.335	0.943	24	91808	2597486	2597658	2689161	2689331	17485102	2550000	2800000	0	1556	170	91503	spaced
SUPER_6	2917319	3088974	IR	335	.	3003002	0.335	0.380	22	171712	2917319	3000813	3005544	3088974	17485102	2850000	3100000	22	2552	83430	4731	spaced
SUPER_6	5951835	6001582	IR	334	.	5976623	0.334	0.987	35	49767	5951835	5952059	6001358	6001582	17485102	5800000	6050000	35	2945	224	49299	spaced
SUPER_6	11692231	11748340	IR	334	.	11719921	0.334	0.987	30	56085	11692231	11692456	11748116	11748340	17485102	11500000	11750000	0	3671	224	55660	spaced
SUPER_6	15533107	15691549	IR	334	.	15611816	0.334	0.409	30	158425	15533107	15542081	15682601	15691549	17485102	15468709	15718709	0	2393	8948	140520	wide
SUPER_6	10591742	10646774	IR	333	.	10618878	0.333	0.865	45	55014	10591742	10592371	10646168	10646774	17485102	10550000	10800000	0	1154	606	53797	spaced
SUPER_6	10028190	10089792	IR	333	.	10059024	0.333	0.995	35	61602	10028190	10028376	10089606	10089792	17485102	9850000	10100000	35	3483	186	61230	spaced
SUPER_6	13100576	13167163	IR	332	.	13133536	0.332	0.965	329	66600	13100576	13102905	13164834	13167198	17485102	12968709	13218709	0	2752	2329	61929	spaced
SUPER_6	5758375	5939670	IR	332	.	5848838	0.332	0.984	28	181317	5758375	5758564	5939481	5939670	17485102	5700000	5950000	28	2483	189	180917	wide
SUPER_6	7652473	7667140	IR	331	.	7660142	0.331	0.883	42	14674	7652473	7652873	7666740	7667169	17485102	7450000	7700000	0	3496	400	13867	spaced
SUPER_6	7417955	7547071	IR	331	.	7482591	0.331	1.000	30	129138	7417955	7418118	7546908	7547071	17485102	7300000	7550000	30	3041	163	128790	wide
SUPER_6	3704838	3877829	IR	331	.	3790862	0.331	0.384	27	173038	3704838	3786320	3796347	3877902	17485102	3700000	3950000	0	1522	81482	10027	spaced
SUPER_6	4306489	4322604	IR	331	.	4315023	0.331	0.973	26	16098	4306489	4306713	4322380	4322604	17485102	4150000	4400000	0	2742	224	15667	spaced
SUPER_6	16742822	16833778	IR	331	.	16788524	0.331	0.993	25	91024	16742822	16742973	16833627	16833778	17485102	16618709	16868709	25	2826	151	90654	spaced
SUPER_6	446638	588995	IR	330	.	518153	0.330	0.409	28	142340	446638	455445	580208	588995	17485102	350000	600000	0	2796	8787	124763	wide
SUPER_6	4068685	4071523	IR	330	.	4070083	0.330	0.976	27	2837	4068685	4068893	4071315	4071524	17485102	3850000	4100000	27	3668	208	2422	spaced
SUPER_6	6819061	6838175	IR	330	.	6828348	0.330	0.949	25	19105	6819061	6819369	6837867	6838183	17485102	6800000	7050000	0	476	308	18498	spaced
SUPER_6	7720815	7740311	IR	329	.	7730791	0.329	0.905	65	21924	7720815	7721130	7739996	7740321	17485102	7600000	7850000	14	2175	315	18866	spaced
SUPER_6	6507860	6603543	IR	329	.	6556078	0.329	0.940	27	95663	6507860	6508208	6603199	6603543	17485102	6450000	6700000	0	1761	344	94991	spaced
SUPER_6	12620108	12737083	IR	329	.	12678903	0.329	0.957	20	116960	12620108	12620313	12736878	12737087	17485102	12568709	12818709	0	1831	205	116565	wide
SUPER_6	7138095	7151401	IR	328	.	7145038	0.328	0.919	94	13269	7138095	7139323	7150206	7151401	17485102	7000000	7250000	0	2412	1195	10883	spaced
SUPER_6	15100974	15222559	IR	328	.	15161727	0.328	0.851	47	122213	15100974	15101676	15221918	15222559	17485102	15018709	15268709	53	2384	641	120242	wide
SUPER_6	2298189	2413461	IR	328	.	2356145	0.328	0.471	32	115297	2298189	2300195	2411455	2413503	17485102	2250000	2500000	0	1763	2006	111260	wide
SUPER_6	14989093	15083369	IR	328	.	15036242	0.328	0.389	25	94470	14989093	15016841	15055621	15083452	17485102	14968709	15218709	25	1125	27748	38780	spaced
SUPER_6	2090525	2127559	IR	328	.	2109418	0.328	0.388	21	24361	2090525	2103377	2114716	2127559	17485102	2000000	2250000	0	1817	12843	11339	spaced
SUPER_6	7050882	7125959	IR	327	.	7088372	0.327	0.913	65	75659	7050882	7051544	7125297	7125982	17485102	6900000	7150000	75	3140	662	73753	spaced
SUPER_6	5486914	5633900	IR	327	.	5560531	0.327	0.729	49	147173	5486914	5487562	5633252	5633982	17485102	5400000	5650000	69	2673	648	145690	wide
SUPER_6	12810735	12905355	IR	327	.	12858076	0.327	0.917	40	94639	12810735	12811119	12904981	12905355	17485102	12668709	12918709	46	3155	374	93862	spaced
SUPER_6	14796503	14910303	IR	327	.	14853333	0.327	0.410	32	113901	14796503	14803247	14903620	14910303	17485102	14668709	14918709	32	3078	6683	100373	wide
SUPER_6	8346325	8379712	IR	327	.	8363475	0.327	0.973	31	33361	8346325	8346586	8379451	8379713	17485102	8150000	8400000	0	3550	261	32865	spaced
SUPER_6	10889013	10986559	IR	327	.	10937957	0.327	0.391	26	97554	10889013	10932724	10942854	10986559	17485102	10750000	11000000	27	3129	43705	10130	spaced
SUPER_6	9613044	9756418	IR	327	.	9685018	0.327	0.981	25	143358	9613044	9613253	9756209	9756419	17485102	9550000	9800000	0	2245	209	142956	wide
SUPER_6	11188514	11191929	IR	327	.	11190306	0.327	1.000	22	3432	11188514	11188639	11191804	11191929	17485102	11000000	11250000	22	3170	125	3165	spaced
SUPER_6	6338978	6441785	IR	327	.	6390603	0.327	0.898	21	102815	6338978	6339326	6441437	6441800	17485102	6250000	6500000	21	2339	348	102111	wide
SUPER_6	7207806	7406203	IR	326	.	7307444	0.326	0.389	42	198327	7207806	7264928	7349161	7406203	17485102	7200000	7450000	0	1783	57042	84233	spaced
SUPER_6	3120173	3197925	IR	326	.	3158975	0.326	0.469	37	77805	3120173	3122216	3195996	3197925	17485102	2950000	3200000	37	3484	1929	73780	spaced
SUPER_6	918027	1092908	IR	326	.	1004989	0.326	0.384	34	138790	918027	986550	1024385	1092917	17485102	900000	1150000	0	1757	68523	37835	spaced
SUPER_6	607055	635851	IR	326	.	621636	0.326	0.432	33	28921	607055	610439	632467	635884	17485102	450000	700000	33	2857	3384	22028	spaced
SUPER_6	11517382	11611447	IR	326	.	11564754	0.326	0.976	24	94037	11517382	11517592	11611237	11611447	17485102	11400000	11650000	0	2740	210	93645	spaced
SUPER_6	8808914	8820694	IR	325	.	8814995	0.325	0.993	197	12341	8808914	8809953	8819655	8820694	17485102	8600000	8850000	194	3579	1039	9702	spaced
SUPER_6	13217675	13281962	IR	325	.	13249439	0.325	0.996	42	64269	13217675	13217935	13281702	13281963	17485102	13068709	13318709	0	3018	260	63767	spaced
SUPER_6	13624945	13867876	IR	325	.	13746454	0.325	0.823	29	242923	13624945	13625215	13867646	13867876	17485102	13618709	13868709	29	2128	230	242431	wide
SUPER_6	15828750	15966698	IR	325	.	15898213	0.325	0.383	29	137976	15828750	15886621	15908827	15966755	17485102	15718709	15968709	0	2983	57871	22206	spaced
SUPER_6	8074552	8224395	IR	325	.	8149844	0.325	1.000	27	149822	8074552	8074702	8224245	8224395	17485102	8050000	8300000	0	1657	150	149543	wide
SUPER_6	17420803	17432268	IR	324	.	17426558	0.324	0.927	86	11788	17420803	17421428	17431643	17432276	17485102	17218709	17468709	86	3463	625	10215	spaced
SUPER_6	5002348	5039635	IR	324	.	5020824	0.324	0.976	25	37282	5002348	5002560	5039423	5039635	17485102	5000000	5250000	25	349	212	36863	spaced
SUPER_6	12910549	13086628	IR	324	.	12998214	0.324	0.385	25	176075	12910549	12937206	13059971	13086646	17485102	12868709	13118709	0	2164	26657	122765	wide
SUPER_6	6855528	6857759	IR	323	.	6856234	0.323	1.000	146	2207	6855528	6856300	6856987	6857759	17485102	6650000	6900000	0	3443	772	687	immediate
SUPER_6	6728683	6737525	IR	323	.	6732688	0.323	0.995	31	8823	6728683	6728893	6737315	6737525	17485102	6550000	6800000	0	3051	210	8422	spaced
SUPER_6	3979512	3999081	IR	323	.	3989014	0.323	0.556	28	19526	3979512	3981075	3997605	3999081	17485102	3750000	4000000	0	3988	1476	16530	spaced
SUPER_6	12748147	12802646	IR	323	.	12775081	0.323	0.427	22	54551	12748147	12750986	12799807	12802720	17485102	12618709	12868709	0	2611	2839	48821	spaced
SUPER_6	12375629	12401026	IR	321	.	12388771	0.321	0.966	326	25379	12375629	12378261	12398400	12401026	17485102	12168709	12418709	0	3660	2626	20139	spaced
SUPER_6	10290416	10480570	IR	321	.	10385426	0.321	0.915	121	190564	10290416	10291504	10479545	10480570	17485102	10250000	10500000	121	2258	1025	188041	wide
SUPER_6	3278948	3443800	IR	321	.	3361547	0.321	0.985	34	164863	3278948	3279152	3443596	3443801	17485102	3200000	3450000	34	2689	204	164444	wide
SUPER_6	4377030	4453774	IR	321	.	4415049	0.321	0.990	30	76720	4377030	4377234	4453570	4453775	17485102	4250000	4500000	0	2756	204	76336	spaced
SUPER_6	8440895	8604411	IR	321	.	8522170	0.321	0.976	30	163485	8440895	8441140	8604166	8604411	17485102	8400000	8650000	0	2044	245	163026	wide
SUPER_6	4968602	4995202	IR	321	.	4981890	0.321	0.989	29	26594	4968602	4968785	4995019	4995202	17485102	4950000	5200000	29	531	183	26234	spaced
SUPER_6	16598640	16687531	IR	321	.	16642715	0.321	0.384	25	88863	16598640	16636151	16650020	16687533	17485102	16468709	16718709	0	2906	37511	13869	spaced
SUPER_6	12422128	12521431	IR	321	.	12471302	0.321	0.967	24	99278	12422128	12422342	12521217	12521431	17485102	12418709	12668709	0	884	214	98875	spaced
SUPER_6	5308825	5349055	IR	321	.	5329222	0.321	0.819	20	40236	5308825	5309015	5348865	5349080	17485102	5100000	5350000	0	3815	190	39850	spaced
SUPER_6	9867899	9968982	IR	320	.	9918113	0.320	0.923	82	101097	9867899	9868739	9968142	9969014	17485102	9750000	10000000	0	2807	840	99403	spaced
SUPER_6	13959373	14005223	IR	320	.	13982194	0.320	1.000	29	45993	13959373	13959525	14005071	14005223	17485102	13818709	14068709	29	2726	152	45546	spaced
SUPER_6	10989009	11141411	IR	320	.	11065273	0.320	0.385	27	176919	10989009	11063485	11066941	11141411	17485102	10950000	11200000	27	1920	74470	3456	spaced
SUPER_6	5066519	5142880	IR	320	.	5104455	0.320	0.738	24	204715	5066519	5066699	5142700	5142893	17485102	5000000	5250000	6	1744	180	76001	spaced
SUPER_6	2135529	2151773	IR	320	.	2143365	0.320	0.968	22	16219	2135529	2135650	2151652	2151777	17485102	1950000	2200000	0	3227	121	16002	spaced
SUPER_6	17112206	17237513	IR	319	.	17175061	0.319	0.959	371	125843	17112206	17114822	17234897	17237535	17485102	17018709	17268709	371	2602	2616	120075	wide
SUPER_6	6864289	6943305	IR	319	.	6903587	0.319	0.982	25	79055	6864289	6864455	6943139	6943308	17485102	6800000	7050000	25	1729	166	78684	spaced
SUPER_6	1449978	1528295	IR	318	.	1489088	0.318	0.389	32	78421	1449978	1480757	1497516	1528301	17485102	1300000	1550000	32	3152	30779	16759	spaced
SUPER_6	13468691	13558592	IR	318	.	13514118	0.318	0.991	31	89880	13468691	13468903	13558380	13558592	17485102	13318709	13568709	0	3248	212	89477	spaced
SUPER_6	1784768	1871125	IR	318	.	1828229	0.318	0.980	26	86330	1784768	1785015	1870878	1871125	17485102	1650000	1900000	0	2965	247	85863	spaced
SUPER_6	11867551	11946649	IR	318	.	11907085	0.318	0.921	25	79106	11867551	11867741	11946459	11946662	17485102	11800000	12050000	25	1784	190	78718	spaced
SUPER_6	1202734	1285348	IR	318	.	1243790	0.318	0.983	22	82594	1202734	1202912	1285170	1285348	17485102	1050000	1300000	0	3233	178	82258	spaced
SUPER_6	11191804	11275550	IR	318	.	11233470	0.318	1.000	22	83754	11191804	11191929	11275425	11275550	17485102	11050000	11300000	22	3061	125	83496	spaced
SUPER_6	13381971	13407717	IR	316	.	13395165	0.316	0.987	32	25717	13381971	13382207	13407481	13407717	17485102	13268709	13518709	0	2102	236	25274	spaced
SUPER_6	17390279	17415620	IR	316	.	17402589	0.316	0.927	31	25313	17390279	17390797	17415112	17415620	17485102	17168709	17418709	0	3903	508	24315	spaced
SUPER_6	14018315	14035014	IR	316	.	14026214	0.316	0.985	27	16674	14018315	14018519	14034810	14035014	17485102	13818709	14068709	0	3465	204	16291	spaced
SUPER_6	657937	663692	IR	315	.	660786	0.315	0.988	38	5782	657937	658180	663449	663692	17485102	450000	700000	38	3513	243	5269	spaced
SUPER_6	4911157	4928761	IR	315	.	4919711	0.315	0.991	33	17602	4911157	4911378	4928540	4928761	17485102	4700000	4950000	33	3665	221	17162	spaced
SUPER_6	15809536	15825239	IR	315	.	15817550	0.315	0.988	21	15774	15809536	15809704	15825071	15825239	17485102	15718709	15968709	21	1644	168	15367	spaced
SUPER_6	4833639	4862742	IR	314	.	4848261	0.314	0.390	35	29302	4833639	4846613	4849768	4862818	17485102	4650000	4900000	35	3303	12974	3155	spaced
SUPER_6	15229665	15336050	IR	314	.	15283063	0.314	0.976	28	106443	15229665	15229831	15335885	15336050	17485102	15118709	15368709	28	2735	165	106054	wide
SUPER_6	6169235	6188983	IR	313	.	6179052	0.313	0.424	47	19920	6169235	6176634	6181584	6189093	17485102	6000000	6250000	47	2985	7399	4950	spaced
SUPER_6	7843062	7911320	IR	313	.	7876698	0.313	0.886	36	68159	7843062	7843888	7910494	7911348	17485102	7800000	8050000	0	1286	826	66606	spaced
SUPER_6	10742015	10802859	IR	313	.	10772864	0.313	0.938	21	60824	10742015	10742267	10802607	10802863	17485102	10700000	10950000	0	1207	252	60340	spaced
SUPER_6	10118011	10213639	IR	311	.	10165638	0.311	0.405	116	95740	10118011	10141692	10189958	10213645	17485102	10000000	10250000	116	2763	23681	48266	spaced
SUPER_6	5382109	5406330	IR	310	.	5393960	0.310	0.995	29	24204	5382109	5382319	5406120	5406330	17485102	5200000	5450000	0	3236	210	23801	spaced
SUPER_6	5247402	5256040	IR	306	.	5251531	0.306	1.000	24	8639	5247402	5247516	5255926	5256040	17485102	5050000	5300000	24	3361	114	8410	spaced
SUPER_6	13901131	13918474	IR	304	.	13909773	0.304	0.399	31	17353	13901131	13907527	13912078	13918474	17485102	13668709	13918709	31	4018	6396	4551	spaced
SUPER_6	2488069	2494913	IR	304	.	2491131	0.304	0.925	30	6843	2488069	2488561	2494421	2494930	17485102	2250000	2500000	0	4024	492	5860	spaced
SUPER_6	12096478	12201030	IR	304	.	12149027	0.304	0.983	29	104532	12096478	12096718	12200790	12201030	17485102	12068709	12318709	0	1333	240	104072	wide
SUPER_6	2759020	2791114	IR	300	.	2775199	0.300	0.890	38	32174	2759020	2759645	2790501	2791114	17485102	2600000	2850000	50	2917	613	30856	spaced
SUPER_6	2532733	2564670	IR	300	.	2548265	0.300	0.991	28	31916	2532733	2532950	2564453	2564670	17485102	2500000	2750000	0	811	217	31503	spaced
SUPER_6	7740963	7757756	IR	299	.	7749457	0.299	0.858	38	16849	7740963	7741521	7757198	7757790	17485102	7700000	7950000	38	822	558	15677	spaced
SUPER_7	9804991	9806837	IR	971	.	9805914	0.971	0.997	162	2006	9804991	9805765	9806063	9806837	17218825	9584160	9834160	162	3695	774	298	immediate
SUPER_7	4259010	4260990	IR	969	.	4260000	0.969	0.998	171	38982	4259010	4259824	4260176	4260990	17218825	4050000	4300000	172	3499	814	352	immediate
SUPER_7	2538699	2541506	IR	885	.	2540104	0.885	0.990	241	3049	2538699	2539941	2540267	2541506	17218825	2300000	2550000	241	4001	1239	326	immediate
SUPER_7	1480654	1484543	IR	882	.	1482447	0.882	0.999	408	4301	1480654	1482344	1482853	1484544	17218825	1250000	1500000	408	3876	1690	509	immediate
SUPER_7	8610452	8612000	IR	870	.	8611226	0.870	0.997	121	44440	8610452	8611088	8611364	8612000	17218825	8509318	8759318	121	1698	636	276	immediate
SUPER_7	11533928	11537853	IR	669	.	11535891	0.669	0.930	149	4662	11533928	11535614	11536169	11537853	17218825	11334160	11584160	149	3362	1684	555	immediate
SUPER_7	2552527	2555072	IR	604	.	2553799	0.604	0.929	64	2756	2552527	2553620	2553979	2555083	17218825	2350000	2600000	64	3396	1093	359	immediate
SUPER_7	7702683	7705676	IR	513	.	7704181	0.513	0.956	84	3122	7702683	7703461	7704901	7705676	17218825	7459318	7709318	84	4080	775	1440	immediate
SUPER_7	4612439	4614573	IR	472	.	4613508	0.472	0.924	64	63322	4612439	4613110	4613918	4614573	17218825	4500000	4750000	64	1891	655	808	immediate
SUPER_7	1289430	1292904	IR	430	.	1291167	0.430	0.996	197	23361	1289430	1290409	1291929	1292904	17218825	1200000	1450000	197	1519	975	1520	immediate
SUPER_7	8518033	8521020	IR	420	.	8520023	0.420	0.781	29	2968	8518033	8518270	8520835	8521020	17218825	8309318	8559318	0	3503	185	2565	spaced
SUPER_7	11081616	11186323	IR	397	.	11134073	0.397	0.410	31	104737	11081616	11088297	11179642	11186351	17218825	10984160	11234160	31	2496	6681	91345	spaced
SUPER_7	12194841	12355599	IR	397	.	12275220	0.397	0.383	24	160861	12194841	12275117	12275323	12355604	17218825	12184160	12434160	24	1517	80276	206	immediate
SUPER_7	3144501	3145683	IR	395	.	3145102	0.395	0.883	31	24953	3144501	3144934	3145250	3145703	17218825	3050000	3300000	31	1584	433	316	immediate
SUPER_7	10994654	10995894	IR	394	.	10995285	0.394	0.871	40	19759	10994654	10995107	10995463	10995894	17218825	10784160	11034160	40	3518	431	356	immediate
SUPER_7	739193	802237	IR	385	.	770284	0.385	0.982	26	63020	739193	739415	802017	802237	17218825	600000	850000	0	2845	220	62602	spaced
SUPER_7	290142	291258	IR	381	.	290853	0.381	0.959	20	145023	290142	290290	291114	291258	17218825	150000	400000	20	2344	144	824	immediate
SUPER_7	319449	364076	IR	373	.	341688	0.373	0.984	45	44629	319449	319756	363769	364076	17218825	150000	400000	45	3195	307	44013	spaced
SUPER_7	11236762	11243440	IR	373	.	11240101	0.373	0.434	31	6920	11236762	11239960	11240242	11243526	17218825	11034160	11284160	31	3432	3198	282	immediate
SUPER_7	3058619	3132759	IR	373	.	3095730	0.373	0.387	29	74163	3058619	3095015	3096445	3132759	17218825	2950000	3200000	29	2428	36314	1430	immediate
SUPER_7	14442156	14516401	IR	368	.	14479235	0.368	0.381	25	74379	14442156	14477971	14480586	14516488	17218825	14384160	14634160	31	1585	35815	2615	spaced
SUPER_7	3385174	3506266	IR	366	.	3445758	0.366	0.384	27	121148	3385174	3445228	3446264	3506266	17218825	3350000	3600000	33	1595	60002	1036	immediate
SUPER_7	11327440	11335965	IR	363	.	11331705	0.363	0.983	687	9654	11327440	11331130	11332281	11335965	17218825	11134160	11384160	687	3292	3684	1151	immediate
SUPER_7	14736871	14872116	IR	362	.	14804659	0.362	0.976	28	135265	14736871	14737080	14871907	14872116	17218825	14734160	14984160	28	1172	209	134827	wide
SUPER_7	13154442	13198791	IR	360	.	13176613	0.360	0.393	26	44393	13154442	13176565	13176668	13198818	17218825	12984160	13234160	26	3207	22123	103	immediate
SUPER_7	610394	728305	IR	360	.	669368	0.360	0.380	24	117903	610394	669259	669477	728305	17218825	500000	750000	24	2822	58828	218	immediate
SUPER_7	2486434	2487955	IR	357	.	2487203	0.357	0.942	67	24280	2486434	2486902	2487487	2487971	17218825	2350000	2600000	67	2286	468	585	immediate
SUPER_7	9397135	9453248	IR	352	.	9424898	0.352	0.913	27	56099	9397135	9397273	9453110	9453260	17218825	9234160	9484160	0	3183	138	55837	spaced
SUPER_7	3999334	4112901	IR	351	.	4055758	0.351	0.992	231	113544	3999334	4000910	4111325	4112901	17218825	3900000	4150000	0	2601	1576	110415	wide
SUPER_7	14389906	14425534	IR	348	.	14407305	0.348	0.423	27	35611	14389906	14393414	14422044	14425534	17218825	14284160	14534160	0	2059	3490	28630	spaced
SUPER_7	2002409	2004478	IR	346	.	2003479	0.346	0.769	34	2078	2002409	2003295	2003652	2004478	17218825	2000000	2250000	34	57	826	357	immediate
SUPER_7	11797543	11834830	IR	345	.	11816002	0.345	0.899	40	37504	11797543	11797980	11834421	11834830	17218825	11784160	12034160	40	533	409	36441	spaced
SUPER_7	6565182	6622144	IR	345	.	6593554	0.345	0.794	28	57007	6565182	6565420	6621906	6622187	17218825	6409318	6659318	28	3072	238	56486	spaced
SUPER_7	8444906	8495678	IR	339	.	8470035	0.339	0.975	22	50745	8444906	8445109	8495475	8495678	17218825	8309318	8559318	0	2682	203	50366	spaced
SUPER_7	13316780	13472853	IR	338	.	13395248	0.338	0.988	31	156021	13316780	13317032	13472601	13472853	17218825	13234160	13484160	0	2677	252	155569	wide
SUPER_7	4405003	4578625	IR	337	.	4491825	0.337	0.383	32	173694	4405003	4483429	4500199	4578680	17218825	4350000	4600000	32	2363	78426	16770	spaced
SUPER_7	16415212	16527650	IR	337	.	16471079	0.337	0.387	26	112399	16415212	16458534	16484358	16527650	17218825	16334160	16584160	0	2287	43292	25824	spaced
SUPER_7	15675311	15785738	IR	337	.	15730640	0.337	0.387	23	110428	15675311	15706276	15754780	15785738	17218825	15634160	15884160	23	1605	30958	48504	spaced
SUPER_7	12908018	13095534	IR	336	.	13002126	0.336	0.380	40	187543	12908018	12999638	13003914	13095580	17218825	12884160	13134160	0	1960	91620	4276	spaced
SUPER_7	5005998	5133305	IR	335	.	5069883	0.335	0.840	46	128524	5005998	5006023	5133284	5133305	17218825	4900000	5150000	7	2827	21	127261	wide
SUPER_7	15393473	15571520	IR	335	.	15482061	0.335	0.391	44	178029	15393473	15434950	15530062	15571520	17218825	15334160	15584160	0	2472	41458	95112	spaced
SUPER_7	1884879	1970113	IR	335	.	1927360	0.335	0.918	43	86587	1884879	1885250	1969742	1970129	17218825	1850000	2100000	47	1291	371	84492	spaced
SUPER_7	10138645	10252090	IR	335	.	10195778	0.335	0.916	37	113422	10138645	10139445	10251290	10252096	17218825	10034160	10284160	0	2686	800	111845	wide
SUPER_7	5419599	5637308	IR	335	.	5528447	0.335	0.382	26	217864	5419599	5467282	5589625	5637347	17218825	5400000	5650000	26	2140	47683	122343	wide
SUPER_7	7831352	8018854	IR	335	.	7924910	0.335	0.845	26	187514	7831352	7831541	8018671	8018854	17218825	7809318	8059318	26	1929	183	187130	wide
SUPER_7	12711633	12779044	IR	335	.	12744931	0.335	0.387	23	67370	12711633	12739047	12751630	12779059	17218825	12534160	12784160	0	3519	27414	12583	spaced
SUPER_7	899327	1043290	IR	334	.	970905	0.334	0.384	27	143946	899327	953657	989024	1043290	17218825	800000	1050000	0	2855	54266	35367	spaced
SUPER_7	6813036	6888773	IR	333	.	6850761	0.333	0.913	252	76049	6813036	6815253	6886556	6888854	17218825	6759318	7009318	252	1526	2217	71303	spaced
SUPER_7	5738622	5917934	IR	333	.	5828269	0.333	1.000	45	179330	5738622	5738839	5917717	5917934	17218825	5700000	5950000	45	2137	217	178878	wide
SUPER_7	13835532	13910250	IR	333	.	13872911	0.333	0.447	30	74859	13835532	13837521	13908350	13910250	17218825	13734160	13984160	30	2312	1900	70829	spaced
SUPER_7	9308143	9390648	IR	332	.	9349059	0.332	0.539	24	82562	9308143	9309152	9389639	9390722	17218825	9284160	9534160	0	1087	1009	80487	spaced
SUPER_7	6983856	6989930	IR	332	.	6986792	0.332	1.000	20	6088	6983856	6983961	6989825	6989930	17218825	6909318	7159318	20	1292	105	5864	spaced
SUPER_7	3880693	3922936	IR	331	.	3901932	0.331	0.984	71	42291	3880693	3881072	3922557	3922936	17218825	3700000	3950000	71	3363	379	41485	spaced
SUPER_7	2225188	2261026	IR	331	.	2242920	0.331	0.982	30	35855	2225188	2225416	2260798	2261026	17218825	2050000	2300000	30	3218	228	35382	spaced
SUPER_7	16639795	16777224	IR	331	.	16708665	0.331	0.970	23	137425	16639795	16639959	16777060	16777226	17218825	16584160	16834160	23	2072	164	137101	wide
SUPER_7	10901037	10968971	IR	330	.	10934687	0.330	0.380	29	67970	10901037	10930580	10939428	10969025	17218825	10734160	10984160	0	3347	29543	8848	spaced
SUPER_7	6409935	6470634	IR	330	.	6440624	0.330	0.976	27	60680	6409935	6410182	6470387	6470634	17218825	6259318	6509318	0	3015	247	60205	spaced
SUPER_7	9134519	9139066	IR	329	.	9136599	0.329	0.996	393	27171	9134519	9136441	9137144	9139066	17218825	8984160	9234160	393	2543	1922	703	immediate
SUPER_7	8246213	8442202	IR	329	.	8344482	0.329	0.387	40	196045	8246213	8342352	8346063	8442275	17218825	8209318	8459318	0	2248	96139	3711	spaced
SUPER_7	14879921	14970303	IR	329	.	14925314	0.329	0.986	32	90404	14879921	14880135	14970089	14970305	17218825	14734160	14984160	32	3182	214	89954	spaced
SUPER_7	3655674	3679410	IR	329	.	3667675	0.329	0.979	28	23759	3655674	3655863	3679222	3679410	17218825	3450000	3700000	28	3625	188	23359	spaced
SUPER_7	10379502	10494594	IR	328	.	10436616	0.328	0.441	119	115101	10379502	10393973	10480123	10494620	17218825	10334160	10584160	0	1714	14471	86150	spaced
SUPER_7	11664641	11667408	IR	328	.	11666298	0.328	0.999	114	2749	11664641	11665321	11666728	11667408	17218825	11634160	11884160	0	530	680	1407	immediate
SUPER_7	16975694	17005016	IR	328	.	16990222	0.328	0.884	42	29380	16975694	16976246	17004505	17005016	17218825	16784160	17034160	42	3436	511	28259	spaced
SUPER_7	16130648	16193058	IR	328	.	16162025	0.328	0.963	33	62417	16130648	16130948	16192759	16193058	17218825	15984160	16234160	33	2961	299	61811	spaced
SUPER_7	9682968	9706727	IR	328	.	9694733	0.328	0.989	25	23749	9682968	9683145	9706550	9706729	17218825	9484160	9734160	25	3511	177	23405	spaced
SUPER_7	12591231	12685425	IR	328	.	12638602	0.328	0.993	22	94171	12591231	12591365	12685291	12685425	17218825	12484160	12734160	0	2569	134	93926	spaced
SUPER_7	6256015	6271787	IR	327	.	6264247	0.327	0.754	79	15660	6256015	6257486	6270395	6271787	17218825	6109318	6359318	0	2576	1392	12909	spaced
SUPER_7	16066508	16088333	IR	327	.	16077280	0.327	0.991	33	115803	16066508	16066727	16088114	16088333	17218825	15934160	16184160	33	2387	219	21387	spaced
SUPER_7	10001952	10120162	IR	327	.	10061264	0.327	0.962	25	118217	10001952	10002183	10119931	10120166	17218825	9984160	10234160	25	1281	231	117748	wide
SUPER_7	7477074	7625037	IR	327	.	7551066	0.327	0.973	20	148000	7477074	7477257	7624854	7625037	17218825	7409318	7659318	20	2362	183	147597	wide
SUPER_7	9833063	9835888	IR	326	.	9834265	0.326	0.981	101	2913	9833063	9833631	9835320	9835896	17218825	9634160	9884160	101	3338	568	1689	immediate
SUPER_7	8880461	9003998	IR	326	.	8942714	0.326	0.847	43	123516	8880461	8881547	9002967	9003998	17218825	8834160	9084160	0	1801	1031	121420	wide
SUPER_7	2047920	2079969	IR	326	.	2063738	0.326	0.914	38	101621	2047920	2048379	2079514	2079969	17218825	1950000	2200000	39	1898	455	31135	spaced
SUPER_7	16576785	16632680	IR	326	.	16604904	0.326	0.399	27	55903	16576785	16588072	16621432	16632680	17218825	16484160	16734160	27	2009	11248	33360	spaced
SUPER_7	7170071	7320278	IR	326	.	7244999	0.326	0.970	23	150206	7170071	7170270	7320079	7320282	17218825	7109318	7359318	23	2264	199	149809	wide
SUPER_7	10736429	10896634	IR	325	.	10816222	0.325	0.392	31	160192	10736429	10752882	10880181	10896642	17218825	10684160	10934160	0	2206	16453	127299	wide
SUPER_7	5637259	5737345	IR	325	.	5686799	0.325	0.386	23	74531	5637259	5663007	5711597	5737354	17218825	5600000	5850000	0	1454	25748	48590	spaced
SUPER_7	14206935	14296511	IR	325	.	14251277	0.325	0.389	21	89505	14206935	14232010	14271440	14296511	17218825	14084160	14334160	0	2792	25071	39430	spaced
SUPER_7	10650266	10661333	IR	324	.	10656161	0.324	0.980	220	11055	10650266	10651876	10659723	10661347	17218825	10434160	10684160	0	3693	1610	7847	spaced
SUPER_7	1626106	1800744	IR	324	.	1713214	0.324	0.963	49	174644	1626106	1626537	1800313	1800747	17218825	1600000	1850000	57	1890	431	173776	wide
SUPER_7	2652742	2879313	IR	324	.	2766523	0.324	0.384	41	226546	2652742	2731730	2800343	2879313	17218825	2650000	2900000	0	1933	78970	68613	spaced
SUPER_7	16359572	16411017	IR	324	.	16384851	0.324	0.393	30	51485	16359572	16379790	16390799	16411075	17218825	16334160	16584160	0	852	20218	11009	spaced
SUPER_7	14025521	14143835	IR	324	.	14084778	0.324	0.386	23	118312	14025521	14078369	14091017	14143835	17218825	13934160	14184160	23	2508	52818	12648	spaced
SUPER_7	2883282	2940635	IR	323	.	2912009	0.323	0.892	60	57399	2883282	2883726	2940212	2940635	17218825	2700000	2950000	60	3532	423	56486	spaced
SUPER_7	8649002	8816395	IR	323	.	8732325	0.323	0.884	42	167362	8649002	8649736	8815692	8816395	17218825	8609318	8833960	0	2056	703	165956	wide
SUPER_7	4813395	5000445	IR	323	.	4906735	0.323	0.945	23	187108	4813395	4813593	5000247	5000448	17218825	4800000	5050000	23	1781	198	186654	wide
SUPER_7	2322376	2347570	IR	322	.	2334538	0.322	0.411	35	25264	2322376	2328925	2341021	2347659	17218825	2100000	2350000	0	3916	6549	12096	spaced
SUPER_7	6654939	6757745	IR	322	.	6706212	0.322	0.395	33	102826	6654939	6663286	6749406	6757745	17218825	6509318	6759318	33	3283	8339	86120	spaced
SUPER_7	11971828	12027567	IR	321	.	12000066	0.321	0.970	692	55719	11971828	11976837	12022604	12027567	17218825	11784160	12034160	0	3592	4963	45767	spaced
SUPER_7	3281842	3322504	IR	321	.	3301831	0.321	0.390	30	40623	3281842	3299846	3304563	3322504	17218825	3100000	3350000	0	3369	17941	4717	spaced
SUPER_7	15134693	15233444	IR	321	.	15184021	0.321	0.386	30	98861	15134693	15181818	15186385	15233444	17218825	15034160	15284160	30	2498	47059	4567	spaced
SUPER_7	6127620	6163983	IR	321	.	6146032	0.321	1.000	21	158366	6127620	6127666	6163937	6163983	17218825	6009318	6259318	8	2274	46	36271	spaced
SUPER_7	379571	483166	IR	320	.	430929	0.320	0.843	91	103655	379571	380862	481875	483247	17218825	350000	600000	0	1356	1291	101013	wide
SUPER_7	9174906	9247507	IR	320	.	9211666	0.320	0.893	42	72580	9174906	9175289	9247159	9247507	17218825	9034160	9284160	0	2950	348	71870	spaced
SUPER_7	13610128	13694538	IR	320	.	13652792	0.320	0.391	35	84411	13610128	13624542	13680124	13694556	17218825	13484160	13734160	0	2802	14414	55582	spaced
SUPER_7	1098260	1245442	IR	320	.	1171473	0.320	0.391	34	147151	1098260	1121069	1222658	1245442	17218825	1050000	1300000	0	2030	22784	101589	wide
SUPER_7	14999317	15086475	IR	320	.	15042504	0.320	0.803	27	87132	14999317	14999716	15086142	15086475	17218825	14934160	15184160	0	1812	333	86426	spaced
SUPER_7	4708636	4751605	IR	320	.	4729881	0.320	0.968	25	42972	4708636	4708794	4751451	4751605	17218825	4550000	4800000	25	3001	154	42657	spaced
SUPER_7	5930415	6003445	IR	320	.	5966728	0.320	0.951	22	73027	5930415	5930616	6003244	6003447	17218825	5800000	6009118	22	2782	201	72628	spaced
SUPER_7	15257305	15308198	IR	319	.	15282431	0.319	0.995	32	50865	15257305	15257515	15307988	15308198	17218825	15084160	15334160	0	3309	210	50473	spaced
SUPER_7	11627243	11642533	IR	318	.	11634560	0.318	0.953	296	15268	11627243	11629557	11640232	11642533	17218825	11434160	11684160	0	3345	2301	10675	spaced
SUPER_7	8112152	8161248	IR	318	.	8136375	0.318	0.958	138	49076	8112152	8113413	8160009	8161248	17218825	7959318	8209318	0	2956	1239	46596	spaced
SUPER_7	11451688	11468995	IR	318	.	11460103	0.318	0.917	84	47339	11451688	11451831	11468852	11468997	17218825	11284160	11534160	8	2936	143	17021	spaced
SUPER_7	9491916	9646412	IR	318	.	9569557	0.318	0.976	33	154470	9491916	9492212	9646116	9646412	17218825	9434160	9684160	0	2249	296	153904	wide
SUPER_7	14312146	14334606	IR	318	.	14323709	0.318	0.976	26	22441	14312146	14312391	14334361	14334606	17218825	14134160	14384160	0	3153	245	21970	spaced
SUPER_7	12393034	12500529	IR	318	.	12446773	0.318	0.976	23	107485	12393034	12393242	12500321	12500529	17218825	12384160	12634160	23	1043	208	107079	wide
SUPER_7	16219834	16339210	IR	317	.	16279620	0.317	0.386	50	119547	16219834	16271541	16287503	16339251	17218825	16184160	16434160	50	1589	51707	15962	spaced
SUPER_7	12037159	12127121	IR	317	.	12081740	0.317	0.385	40	89939	12037159	12078390	12085927	12127121	17218825	11884160	12134160	0	3299	41194	7537	spaced
SUPER_7	14545925	14571394	IR	317	.	14558604	0.317	0.980	24	85129	14545925	14546074	14571248	14571394	17218825	14484160	14734160	24	1241	146	25174	spaced
SUPER_7	6306483	6397588	IR	317	.	6352147	0.317	0.386	21	91126	6306483	6351844	6352259	6397588	17218825	6259318	6509318	21	1545	45329	415	immediate
SUPER_7	6175891	6217048	IR	316	.	6196112	0.316	0.981	49	41137	6175891	6176355	6216584	6217048	17218825	6009318	6259318	0	3119	464	40229	spaced
SUPER_7	15841280	15973327	IR	316	.	15907027	0.316	0.385	43	132075	15841280	15889624	15924983	15973375	17218825	15734160	15984160	0	2885	48344	35359	spaced
SUPER_7	4268236	4280719	IR	316	.	4274282	0.316	0.990	30	12520	4268236	4268445	4280510	4280719	17218825	4050000	4300000	30	3741	209	12065	spaced
SUPER_7	6235948	6249268	IR	316	.	6243089	0.316	0.712	20	13296	6235948	6236180	6249095	6249268	17218825	6009318	6259318	0	3888	173	12915	spaced
SUPER_7	9793563	9797012	IR	315	.	9795426	0.315	0.824	59	3603	9793563	9794267	9796308	9797046	17218825	9634160	9884160	59	2685	704	2041	spaced
SUPER_7	5156464	5260555	IR	315	.	5208370	0.315	0.389	34	104088	5156464	5197289	5219779	5260555	17218825	5150000	5400000	34	975	40776	22490	spaced
SUPER_7	3708187	3793830	IR	315	.	3751078	0.315	0.818	28	85647	3708187	3708523	3793531	3793830	17218825	3550000	3800000	28	3350	299	85008	spaced
SUPER_7	9249980	9293245	IR	315	.	9271180	0.315	0.966	24	43250	9249980	9250212	9293013	9293247	17218825	9134160	9384160	0	2290	232	42801	spaced
SUPER_7	13727609	13785562	IR	314	.	13756775	0.314	0.955	34	57975	13727609	13727869	13785302	13785570	17218825	13584160	13834160	34	2873	260	57433	spaced
SUPER_7	7339720	7402161	IR	313	.	7370476	0.313	0.933	22	62420	7339720	7340061	7401820	7402162	17218825	7159318	7409318	0	3526	341	61759	spaced
SUPER_7	13551051	13580955	IR	312	.	13565935	0.312	0.386	45	29938	13551051	13565908	13566129	13580955	17218825	13384160	13634160	45	3030	14826	221	immediate
SUPER_7	17013633	17073514	IR	312	.	17043371	0.312	0.995	31	59904	17013633	17013830	17073317	17073514	17218825	16934160	17184160	31	1823	197	59487	spaced
SUPER_7	3512362	3623499	IR	312	.	3567446	0.312	0.387	27	111111	3512362	3554857	3581035	3623499	17218825	3400000	3650000	0	2798	42464	26178	spaced
SUPER_7	5282913	5336234	IR	312	.	5309786	0.312	0.987	22	53329	5282913	5283067	5336080	5336235	17218825	5250000	5500000	22	992	154	53013	spaced
SUPER_7	10258559	10371281	IR	311	.	10315381	0.311	0.957	36	112665	10258559	10258957	10370888	10371281	17218825	10234160	10484160	0	1345	393	111931	wide
SUPER_7	13198656	13268156	IR	310	.	13233456	0.310	0.979	27	89910	13198656	13198848	13267964	13268156	17218825	13084160	13334160	27	2487	192	69116	spaced
SUPER_7	3187995	3281903	IR	309	.	3235225	0.309	0.400	25	93883	3187995	3202222	3267676	3281945	17218825	3050000	3300000	0	3082	14227	65454	spaced
SUPER_7	12780973	12903654	IR	308	.	12842070	0.308	0.898	31	214056	12780973	12781091	12903536	12903664	17218825	12734160	12984160	10	1802	118	122445	wide
SUPER_7	9877615	9997441	IR	308	.	9937820	0.308	0.388	30	119816	9877615	9934069	9940987	9997455	17218825	9834160	10084160	0	1722	56454	6918	spaced
SUPER_7	13930145	13968088	IR	306	.	13949516	0.306	0.988	35	37889	13930145	13930397	13967836	13968088	17218825	13734160	13984160	0	3582	252	37439	spaced
SUPER_7	1842659	1868600	IR	305	.	1855261	0.305	0.502	217	25951	1842659	1853139	1858120	1868636	17218825	1650000	1900000	0	3427	10480	4981	spaced
SUPER_7	10540425	10576692	IR	304	.	10559031	0.304	0.965	64	36247	10540425	10541058	10576059	10576693	17218825	10334160	10584160	0	3739	633	35001	spaced
SUPER_7	14635102	14718000	IR	304	.	14676945	0.304	0.978	39	82877	14635102	14635422	14717680	14718001	17218825	14484160	14734160	0	3206	320	82258	spaced
SUPER_7	4113036	4180502	IR	304	.	4147171	0.304	0.986	23	67414	4113036	4113246	4180292	4180502	17218825	3950000	4200000	0	3279	210	67046	spaced
SUPER_7	16936411	16948124	IR	300	.	16942222	0.300	0.954	26	11719	16936411	16936582	16947953	16948128	17218825	16734160	16984160	26	3468	171	11371	spaced
SUPER_7	10636647	10650194	IR	298	.	10643697	0.298	0.976	65	13519	10636647	10637280	10649561	10650196	17218825	10434160	10684160	0	3487	633	12281	spaced
SUPER_7	47847	81821	IR	298	.	64572	0.298	0.975	55	33957	47847	48363	81305	81821	17218825	0	250000	0	1080	516	32942	spaced
SUPER_7	6929304	6932399	IR	296	.	6930497	0.296	0.977	63	3064	6929304	6929959	6931744	6932399	17218825	6709318	6959318	0	3692	655	1785	immediate
SUPER_7	12128853	12131969	IR	293	.	12130291	0.293	0.630	25	3123	12128853	12129063	12131846	12131969	17218825	11884160	12134160	29	4104	123	2783	spaced
SUPER_8	13633587	13636393	IR	952	.	13634990	0.952	0.998	275	3077	13633587	13634775	13635205	13636393	16610282	13403233	13653233	275	3862	1188	430	immediate
SUPER_8	7705163	7710073	IR	904	.	7707620	0.904	0.998	407	5388	7705163	7707246	7707994	7710073	16610282	7500000	7750000	407	3460	2079	748	immediate
SUPER_8	8479122	8481756	IR	716	.	8480439	0.716	0.987	227	2954	8479122	8480168	8480710	8481770	16610282	8250000	8500000	227	3840	1046	542	immediate
SUPER_8	7589808	7591541	IR	644	.	7590675	0.644	0.991	103	64141	7589808	7590356	7590993	7591542	16610282	7450000	7700000	105	2344	548	637	immediate
SUPER_8	12144046	12342013	IR	521	.	12243181	0.521	0.388	45	197982	12144046	12242765	12243294	12342018	16610282	12103233	12353233	45	2329	98719	529	immediate
SUPER_8	15061477	15063601	IR	460	.	15062555	0.460	0.913	98	2305	15061477	15062358	15062746	15063601	16610282	14853233	15103233	98	3488	855	388	immediate
SUPER_8	13085113	13087956	IR	405	.	13086535	0.405	0.993	95	2921	13085113	13085667	13087403	13087956	16610282	12853233	13103233	95	3888	553	1736	immediate
SUPER_8	447400	631387	IR	403	.	539663	0.403	0.982	24	183963	447400	447624	631163	631387	16610282	400000	650000	0	2323	224	183539	wide
SUPER_8	257299	259288	IR	389	.	258293	0.389	0.927	52	2137	257299	257881	258717	259288	16610282	50000	300000	52	3471	571	836	immediate
SUPER_8	9558261	9561621	IR	382	.	9559894	0.382	0.948	99	3442	9558261	9558928	9560973	9561621	16610282	9403233	9653233	99	2611	648	2045	spaced
SUPER_8	2909280	3119472	IR	371	.	3014376	0.371	0.382	79	210285	2909280	3014269	3014483	3119490	16610282	2900000	3150000	79	1906	104989	214	immediate
SUPER_8	1468251	1473198	IR	368	.	1470315	0.368	0.743	57	4856	1468251	1469606	1471880	1473198	16610282	1250000	1500000	0	3678	1318	2274	spaced
SUPER_8	13228880	13389560	IR	362	.	13309220	0.362	0.385	34	160725	13228880	13309149	13309291	13389597	16610282	13153233	13403233	34	2599	80269	142	immediate
SUPER_8	5122244	5243020	IR	350	.	5182632	0.350	0.389	31	120843	5122244	5182416	5182848	5243026	16610282	5100000	5350000	31	1377	60172	432	immediate
SUPER_8	5930102	6015784	IR	349	.	5972840	0.349	1.000	33	85737	5930102	5930266	6015620	6015784	16610282	5800000	6050000	33	2882	164	85354	spaced
SUPER_8	902129	1006731	IR	348	.	954066	0.348	0.951	119	104572	902129	903172	1005705	1006731	16610282	800000	1050000	0	2573	1026	102533	wide
SUPER_8	11221683	11223802	IR	347	.	11222312	0.347	0.698	33	2062	11221683	11222371	11223152	11223802	16610282	11003233	11253233	0	3658	650	781	immediate
SUPER_8	8314540	8359724	IR	347	.	8337169	0.347	0.960	23	45184	8314540	8314763	8359501	8359728	16610282	8150000	8400000	23	3118	223	44738	spaced
SUPER_8	2026459	2152166	IR	346	.	2089537	0.346	0.862	32	125712	2026459	2026607	2152018	2152185	16610282	1950000	2200000	13	2321	148	125411	wide
SUPER_8	14261386	14287979	IR	344	.	14274566	0.344	0.780	26	26683	14261386	14261717	14287648	14288005	16610282	14253233	14503233	26	357	331	25931	spaced
SUPER_8	105588	197260	IR	343	.	151525	0.343	0.859	107	91856	105588	106521	196327	197297	16610282	50000	300000	107	1690	933	89806	spaced
SUPER_8	16169127	16308884	IR	342	.	16238617	0.342	0.962	366	139728	16169127	16171711	16306369	16308884	16610282	16153233	16403233	0	1429	2515	134658	wide
SUPER_8	7016120	7085141	IR	342	.	7050966	0.342	0.915	57	69012	7016120	7016547	7084714	7085172	16610282	6850000	7100000	0	3343	427	68167	spaced
SUPER_8	12712702	12817150	IR	342	.	12765052	0.342	0.386	33	104548	12712702	12753995	12775857	12817226	16610282	12703233	12953233	33	1028	41293	21862	spaced
SUPER_8	3576345	3581531	IR	341	.	3578769	0.341	0.925	113	5447	3576345	3577080	3580842	3581531	16610282	3350000	3600000	113	3815	689	3762	spaced
SUPER_8	10058728	10260756	IR	340	.	10159477	0.340	0.396	38	201987	10058728	10083601	10235883	10260838	16610282	10053233	10303233	0	1775	24873	152282	wide
SUPER_8	1100785	1202167	IR	340	.	1151686	0.340	0.862	36	101400	1100785	1100923	1202040	1202167	16610282	1100000	1350000	10	857	127	101117	wide
SUPER_8	14308611	14426875	IR	338	.	14367972	0.338	0.971	25	118262	14308611	14308819	14426667	14426877	16610282	14303233	14553233	25	1075	208	117848	wide
SUPER_8	1223633	1401162	IR	337	.	1311922	0.337	0.383	42	177500	1223633	1280846	1343999	1401162	16610282	1200000	1450000	0	1873	57163	63153	spaced
SUPER_8	13988176	14072809	IR	337	.	14030784	0.337	0.899	32	84634	13988176	13988428	14072557	14072834	16610282	13853233	14103233	0	2954	252	84129	spaced
SUPER_8	10988081	11080951	IR	336	.	11034174	0.336	0.395	24	92886	10988081	10998459	11070573	11080985	16610282	10953233	11203233	0	1354	10378	72114	spaced
SUPER_8	3680884	3865780	IR	335	.	3773329	0.335	0.385	91	185168	3680884	3767704	3779026	3865780	16610282	3650000	3900000	91	2055	86754	11322	spaced
SUPER_8	15339022	15432925	IR	335	.	15385460	0.335	0.387	49	93884	15339022	15382104	15389862	15432925	16610282	15253233	15503233	0	2212	43063	7758	spaced
SUPER_8	4270648	4499812	IR	335	.	4384778	0.335	0.858	47	229147	4270648	4271153	4499332	4499812	16610282	4250000	4500000	0	2253	480	228179	wide
SUPER_8	12858734	12926024	IR	335	.	12892283	0.335	0.989	30	67290	12858734	12858909	12925849	12926024	16610282	12853233	13103233	30	652	175	66940	spaced
SUPER_8	8967034	9137288	IR	334	.	9052551	0.334	0.383	33	170235	8967034	9052155	9052187	9137288	16610282	8953233	9203233	0	1648	85101	32	immediate
SUPER_8	6072783	6117207	IR	334	.	6095391	0.334	0.958	24	44398	6072783	6072950	6117044	6117207	16610282	5950000	6200000	0	2416	163	44094	spaced
SUPER_8	7822215	7915426	IR	333	.	7869167	0.333	0.966	201	93182	7822215	7823999	7913645	7915426	16610282	7750000	8000000	0	1980	1781	89646	spaced
SUPER_8	7495661	7527050	IR	333	.	7510931	0.333	0.802	42	31369	7495661	7496301	7526468	7527050	16610282	7350000	7600000	0	2689	582	30167	spaced
SUPER_8	11302602	11367403	IR	333	.	11334679	0.333	0.906	31	64813	11302602	11303341	11366664	11367432	16610282	11153233	11403233	0	3029	739	63323	spaced
SUPER_8	11656635	11766518	IR	333	.	11711853	0.333	0.386	31	109904	11656635	11711565	11711588	11766563	16610282	11603233	11853233	0	1805	54930	23	immediate
SUPER_8	14810344	14817118	IR	332	.	14813872	0.332	0.987	86	6830	14810344	14810716	14816749	14817118	16610282	14603233	14853233	86	3508	369	6033	spaced
SUPER_8	8091220	8271053	IR	332	.	8181364	0.332	1.000	41	179851	8091220	8091410	8270863	8271053	16610282	8050000	8300000	41	2185	190	179453	wide
SUPER_8	10266332	10465468	IR	332	.	10365412	0.332	0.390	35	190288	10266332	10292653	10439147	10465506	16610282	10253233	10503233	0	1877	26321	146494	wide
SUPER_8	2651305	2754699	IR	332	.	2702824	0.332	0.994	31	103394	2651305	2651475	2754529	2754699	16610282	2600000	2850000	31	1716	170	103054	wide
SUPER_8	4623614	4654701	IR	332	.	4639354	0.332	0.988	25	31090	4623614	4623782	4654533	4654701	16610282	4600000	4850000	25	652	168	30751	spaced
SUPER_8	10629307	10793021	IR	332	.	10711433	0.332	0.387	25	163702	10629307	10664847	10757481	10793030	16610282	10553233	10803233	0	2632	35540	92634	spaced
SUPER_8	12014970	12047121	IR	332	.	12031077	0.332	0.975	20	32147	12014970	12015172	12046919	12047121	16610282	11803233	12053233	20	3796	202	31747	spaced
SUPER_8	16486871	16502144	IR	331	.	16494523	0.331	0.975	181	15617	16486871	16488238	16500777	16502144	16610282	16303233	16553233	181	3187	1367	12539	spaced
SUPER_8	11925309	11931435	IR	331	.	11928163	0.331	0.990	34	6139	11925309	11925514	11931230	11931435	16610282	11703233	11953233	34	3752	205	5716	spaced
SUPER_8	9770393	9819154	IR	331	.	9794955	0.331	0.393	28	48891	9770393	9791485	9798074	9819154	16610282	9603233	9853233	34	3192	21080	6589	spaced
SUPER_8	7121443	7164100	IR	331	.	7143024	0.331	0.403	27	42640	7121443	7133518	7152066	7164100	16610282	7050000	7300000	0	1546	12034	18548	spaced
SUPER_8	12607517	12660858	IR	331	.	12634354	0.331	1.000	27	53339	12607517	12607655	12660720	12660858	16610282	12553233	12803233	27	1349	138	53065	spaced
SUPER_8	3387596	3442948	IR	330	.	3415278	0.330	0.467	39	55363	3387596	3390199	3440345	3442953	16610282	3200000	3450000	39	3587	2603	50146	spaced
SUPER_8	9923897	10031610	IR	330	.	9977774	0.330	0.387	29	107707	9923897	9953584	10001933	10031610	16610282	9903233	10153233	29	1241	29677	48349	spaced
SUPER_8	15447026	15508271	IR	330	.	15477289	0.330	0.962	26	61195	15447026	15447312	15507986	15508271	16610282	15403233	15653233	0	1240	285	60674	spaced
SUPER_8	5708076	5721461	IR	329	.	5714347	0.329	0.990	27	13367	5708076	5708286	5721251	5721461	16610282	5500000	5750000	0	3579	210	12965	spaced
SUPER_8	6278084	6328237	IR	329	.	6302799	0.329	0.394	27	50133	6278084	6297379	6308956	6328237	16610282	6150000	6400000	0	2552	19281	11577	spaced
SUPER_8	8008682	8082943	IR	329	.	8045914	0.329	0.976	23	74319	8008682	8008890	8082735	8082943	16610282	7950000	8200000	23	1596	208	73845	spaced
SUPER_8	11552836	11577576	IR	329	.	11565355	0.329	0.401	21	24869	11552836	11558706	11571706	11577652	16610282	11453233	11703233	21	1866	5870	13000	spaced
SUPER_8	4968662	5077647	IR	328	.	5022870	0.328	0.424	75	108970	4968662	4985587	5060722	5077720	16610282	4950000	5200000	0	1219	16925	75135	spaced
SUPER_8	14129808	14151402	IR	328	.	14140962	0.328	0.995	30	21566	14129808	14130018	14151192	14151402	16610282	13903233	14153233	0	3956	210	21174	spaced
SUPER_8	6456289	6605920	IR	328	.	6530974	0.328	0.394	28	149653	6456289	6480023	6582196	6605920	16610282	6450000	6700000	28	1351	23724	102173	wide
SUPER_8	3929444	4051546	IR	328	.	3990059	0.328	0.979	24	122077	3929444	3929636	4051356	4051546	16610282	3900000	4150000	0	1508	190	121720	wide
SUPER_8	15114677	15288927	IR	328	.	15201562	0.328	0.994	23	174266	15114677	15114846	15288758	15288927	16610282	15103233	15353233	23	1642	169	173912	wide
SUPER_8	15728679	15924919	IR	328	.	15826829	0.328	0.380	21	196256	15728679	15779633	15873965	15924942	16610282	15703233	15953233	21	2059	50954	94332	spaced
SUPER_8	7321373	7332484	IR	327	.	7326708	0.327	0.956	103	11214	7321373	7322223	7331649	7332484	16610282	7150000	7400000	103	2948	835	9426	spaced
SUPER_8	7656385	7666891	IR	327	.	7661953	0.327	0.500	77	10520	7656385	7660307	7662969	7666927	16610282	7450000	7700000	0	3527	3922	2662	spaced
SUPER_8	7578841	7588461	IR	326	.	7583436	0.326	0.897	52	9726	7578841	7579295	7588034	7588461	16610282	7350000	7600000	52	3894	427	8739	spaced
SUPER_8	9880435	9919862	IR	326	.	9900029	0.326	0.978	44	39444	9880435	9880894	9919404	9919862	16610282	9703233	9953233	44	3281	458	38510	spaced
SUPER_8	13666554	13876097	IR	326	.	13771172	0.326	0.390	32	209568	13666554	13732316	13810436	13876097	16610282	13653233	13903233	32	1968	65661	78120	spaced
SUPER_8	6928943	6985139	IR	325	.	6957399	0.325	0.396	37	56216	6928943	6939981	6974101	6985223	16610282	6800000	7050000	0	2617	11038	34120	spaced
SUPER_8	14533076	14745787	IR	325	.	14639847	0.325	0.377	36	212692	14533076	14616194	14662684	14745787	16610282	14503233	14753233	0	2269	83103	46490	spaced
SUPER_8	5331403	5405667	IR	325	.	5368074	0.325	0.841	29	74235	5331403	5331691	5405385	5405667	16610282	5200000	5450000	0	2808	282	73694	spaced
SUPER_8	9654417	9718765	IR	325	.	9686876	0.325	0.404	27	64323	9654417	9664121	9709090	9718765	16610282	9603233	9853233	0	1389	9675	44969	spaced
SUPER_8	14164665	14231821	IR	324	.	14197832	0.324	0.413	44	67133	14164665	14172237	14224300	14231821	16610282	14003233	14253233	0	3250	7521	52063	spaced
SUPER_8	4573527	4578400	IR	324	.	4575637	0.324	0.976	23	4830	4573527	4573774	4578155	4578400	16610282	4350000	4600000	0	3765	245	4381	spaced
SUPER_8	14944105	14988392	IR	321	.	14966011	0.321	0.388	28	44372	14944105	14959500	14972997	14988399	16610282	14803233	15053233	28	2716	15395	13497	spaced
SUPER_8	2364855	2371226	IR	321	.	2368157	0.321	0.832	26	6381	2364855	2365389	2370739	2371226	16610282	2200000	2450000	29	2800	487	5350	spaced
SUPER_8	7164059	7258495	IR	321	.	7210913	0.321	0.990	25	94416	7164059	7164259	7258295	7258495	16610282	7050000	7300000	0	2687	200	94036	spaced
SUPER_8	12356303	12367571	IR	321	.	12362360	0.321	0.977	25	11215	12356303	12356565	12367309	12367571	16610282	12253233	12503233	0	1811	262	10744	spaced
SUPER_8	4742018	4842206	IR	321	.	4792455	0.321	0.390	24	100233	4742018	4788149	4796075	4842272	16610282	4650000	4900000	0	2368	46131	7926	spaced
SUPER_8	3199188	3302575	IR	320	.	3251243	0.320	0.388	39	103256	3199188	3248381	3253424	3302575	16610282	3150000	3400000	0	1681	49151	5043	spaced
SUPER_8	13441337	13529538	IR	320	.	13484949	0.320	0.382	33	47959	13441337	13481777	13489123	13529538	16610282	13303233	13553233	0	3036	40415	7346	spaced
SUPER_8	9459575	9462297	IR	320	.	9461123	0.320	1.000	29	2776	9459575	9459734	9462138	9462297	16610282	9253233	9503233	29	3461	159	2404	spaced
SUPER_8	6158922	6209728	IR	320	.	6184349	0.320	0.985	27	50818	6158922	6159057	6209593	6209728	16610282	6000000	6250000	27	3071	135	50536	spaced
SUPER_8	343919	447597	IR	320	.	396123	0.320	0.986	24	103660	343919	344126	447390	447597	16610282	300000	550000	0	1595	207	103264	wide
SUPER_8	13176534	13225602	IR	320	.	13200601	0.320	0.390	24	49085	13176534	13195982	13206154	13225642	16610282	13003233	13253233	0	3297	19448	10172	spaced
SUPER_8	11080966	11209156	IR	320	.	11145257	0.320	0.980	23	128186	11080966	11081166	11208956	11209156	16610282	11003233	11253233	23	2363	200	127790	wide
SUPER_8	9192810	9231756	IR	320	.	9212378	0.320	0.884	21	39205	9192810	9193386	9231180	9231762	16610282	9103233	9353233	21	1817	576	37794	spaced
SUPER_8	8884515	8897800	IR	319	.	8890911	0.319	0.891	110	13405	8884515	8885541	8896774	8897801	16610282	8753233	9003233	102	2298	1026	11233	spaced
SUPER_8	6381855	6393360	IR	319	.	6387292	0.319	0.976	31	11483	6381855	6382065	6393154	6393360	16610282	6200000	6450000	0	3126	206	11089	spaced
SUPER_8	8419180	8434735	IR	319	.	8426772	0.319	0.889	30	15578	8419180	8419513	8434409	8434735	16610282	8200000	8450000	36	3782	326	14896	spaced
SUPER_8	5498369	5578659	IR	319	.	5538346	0.319	0.978	25	80281	5498369	5498553	5578477	5578659	16610282	5350000	5600000	25	3141	182	79924	spaced
SUPER_8	1889854	1964151	IR	319	.	1926771	0.319	0.983	23	74283	1889854	1890030	1963975	1964151	16610282	1750000	2000000	23	2949	176	73945	spaced
SUPER_8	16321727	16343333	IR	318	.	16332823	0.318	0.874	95	21670	16321727	16323108	16341952	16343421	16610282	16303233	16553233	0	488	1381	18844	spaced
SUPER_8	1507646	1526261	IR	318	.	1516771	0.318	0.995	39	160954	1507646	1507857	1526050	1526261	16610282	1350000	1600000	39	2782	211	18193	spaced
SUPER_8	15997102	16111645	IR	318	.	16053915	0.318	0.995	23	114526	15997102	15997291	16111456	16111645	16610282	15903233	16153233	0	2518	189	114165	wide
SUPER_8	8530093	8534795	IR	317	.	8532865	0.317	0.953	73	4679	8530093	8530749	8534157	8534795	16610282	8350000	8600000	0	3040	638	3408	spaced
SUPER_8	12543697	12603172	IR	317	.	12573468	0.317	0.941	28	59498	12543697	12543983	12602895	12603172	16610282	12353233	12603233	28	3669	277	58912	spaced
SUPER_8	4603146	4623796	IR	317	.	4613750	0.317	0.995	26	20618	4603146	4603343	4623599	4623796	16610282	4600000	4850000	0	224	197	20256	spaced
SUPER_8	4871221	4913738	IR	317	.	4892170	0.317	0.969	24	42488	4871221	4871445	4913514	4913738	16610282	4700000	4950000	0	3207	224	42069	spaced
SUPER_8	11386909	11437594	IR	316	.	11411840	0.316	0.984	28	50660	11386909	11387158	11437347	11437594	16610282	11203233	11453233	0	3483	247	50189	spaced
SUPER_8	10873393	10880283	IR	316	.	10876634	0.316	0.906	23	6880	10873393	10873601	10880085	10880283	16610282	10653233	10903233	23	3726	198	6484	spaced
SUPER_8	1721127	1733778	IR	316	.	1727250	0.316	0.912	21	12666	1721127	1721307	1733598	1733792	16610282	1700000	1950000	21	457	180	12291	spaced
SUPER_8	8817361	8819674	IR	315	.	8818015	0.315	0.992	90	2288	8817361	8817971	8819064	8819674	16610282	8753233	9003233	0	1087	610	1093	immediate
SUPER_8	2583453	2588430	IR	315	.	2586169	0.315	0.894	42	4996	2583453	2583895	2588020	2588430	16610282	2350000	2600000	42	3932	410	4125	spaced
SUPER_8	4145216	4164999	IR	315	.	4154626	0.315	0.979	29	19759	4145216	4145454	4164764	4164999	16610282	3950000	4200000	0	3418	235	19310	spaced
SUPER_8	15535454	15707478	IR	315	.	15621283	0.315	0.380	24	172049	15535454	15598543	15644428	15707478	16610282	15503233	15753233	24	1970	63050	45885	spaced
SUPER_8	12936934	13062724	IR	315	.	13000181	0.315	0.978	21	125766	12936934	12937158	13062500	13062724	16610282	12903233	13153233	0	1609	224	125342	wide
SUPER_8	14871684	14902142	IR	314	.	14886832	0.314	1.000	39	30459	14871684	14871870	14901956	14902142	16610282	14653233	14903233	39	3894	186	30086	spaced
SUPER_8	634482	764273	IR	314	.	699312	0.314	0.722	33	129789	634482	634859	763896	764277	16610282	550000	800000	33	2489	377	129037	wide
SUPER_8	808620	818578	IR	314	.	814053	0.314	0.956	27	9930	808620	808934	818264	818580	16610282	650000	900000	0	2726	314	9330	spaced
SUPER_8	8578671	8714378	IR	314	.	8646879	0.314	0.965	25	135689	8578671	8578870	8714186	8714378	16610282	8500000	8750000	0	2441	192	135316	wide
SUPER_8	14769669	14791696	IR	313	.	14780893	0.313	0.894	57	22761	14769669	14770119	14791262	14791696	16610282	14603233	14853233	61	2957	434	21143	spaced
SUPER_8	7457524	7495786	IR	313	.	7476349	0.313	0.426	36	38238	7457524	7466124	7487186	7495789	16610282	7250000	7500000	0	3777	8600	21062	spaced
SUPER_8	1551839	1717430	IR	312	.	1635101	0.312	0.411	429	90293	1551839	1629974	1639295	1717436	16610282	1500000	1750000	0	2243	78135	9321	spaced
SUPER_8	9848907	9858798	IR	312	.	9853895	0.312	0.983	30	9908	9848907	9849137	9858568	9858798	16610282	9653233	9903233	30	3343	230	9431	spaced
SUPER_8	9362520	9364725	IR	311	.	9363322	0.311	0.764	62	2187	9362520	9363020	9364341	9364725	16610282	9203233	9453233	0	2673	384	1321	immediate
SUPER_8	2174190	2311244	IR	311	.	2242413	0.311	0.385	31	137134	2174190	2230295	2255139	2311342	16610282	2150000	2400000	0	1545	56105	24844	spaced
SUPER_8	9629394	9640490	IR	311	.	9635293	0.311	1.000	31	11077	9629394	9629557	9640327	9640490	16610282	9403233	9653233	0	3861	163	10770	spaced
SUPER_8	13548200	13563457	IR	309	.	13555343	0.309	0.623	66	15292	13548200	13549886	13561771	13563521	16610282	13353233	13603233	0	3376	1686	11885	spaced
SUPER_8	15092809	15096355	IR	309	.	15094826	0.309	0.980	35	3529	15092809	15093060	15096104	15096355	16610282	14903233	15153233	0	3189	251	3044	spaced
SUPER_8	2508387	2564134	IR	305	.	2536137	0.305	0.910	26	55766	2508387	2508607	2563914	2564144	16610282	2350000	2600000	26	3104	220	55307	spaced
SUPER_8	10919291	10984763	IR	304	.	10952238	0.304	0.918	31	65470	10919291	10919491	10984563	10984770	16610282	10803233	11053233	16	2479	200	65072	spaced
SUPER_8	8835941	8840114	IR	302	.	8837806	0.302	0.953	61	4270	8835941	8836391	8839676	8840114	16610282	8753233	9003233	61	1413	438	3285	spaced
SUPER_8	34308	71870	IR	301	.	53103	0.301	0.964	75	37635	34308	34859	71319	71875	16610282	0	250000	75	884	551	36460	spaced
SUPER_8	1971592	1996000	IR	301	.	1983727	0.301	0.984	24	24429	1971592	1971776	1995816	1996000	16610282	1750000	2000000	24	3896	184	24040	spaced
SUPER_9	6150305	6154759	IR	726	.	6152532	0.726	0.993	352	5065	6150305	6152078	6152986	6154762	16495942	6000000	6250000	352	2542	1773	908	immediate
SUPER_9	13786095	13885627	IR	715	.	13835402	0.715	0.401	94	99520	13786095	13835562	13836160	13885632	16495942	13750000	14000000	0	1430	49467	598	immediate
SUPER_9	9250223	9252785	IR	619	.	9251504	0.619	0.980	179	97038	9250223	9251212	9251799	9252785	16495942	9150000	9400000	179	1691	986	587	immediate
SUPER_9	3138273	3189560	IR	616	.	3163968	0.616	0.398	63	97252	3138273	3163738	3164167	3189560	16495942	3100000	3350000	64	1065	25393	429	immediate
SUPER_9	16116544	16119196	IR	570	.	16117870	0.570	0.977	131	2754	16116544	16117180	16118560	16119206	16495942	15901391	16151391	131	3607	636	1380	immediate
SUPER_9	14000145	14147951	IR	408	.	14074048	0.408	0.384	55	247219	14000145	14073861	14074235	14148025	16495942	13950000	14200000	55	2067	73716	374	immediate
SUPER_9	3503584	3559681	IR	388	.	3531445	0.388	0.975	29	56124	3503584	3503781	3559484	3559685	16495942	3500000	3750000	29	527	197	55703	spaced
SUPER_9	92143	143777	IR	386	.	118073	0.386	0.946	25	51628	92143	92364	143563	143777	16495942	0	250000	25	1965	214	51199	spaced
SUPER_9	8831614	8981611	IR	384	.	8906461	0.384	0.389	27	150148	8831614	8906449	8906776	8981623	16495942	8750000	9000000	27	2610	74835	327	immediate
SUPER_9	12268684	12495705	IR	371	.	12382290	0.371	0.382	29	227059	12268684	12373306	12391170	12495705	16495942	12250000	12500000	29	2203	104535	17864	spaced
SUPER_9	408686	573304	IR	371	.	491031	0.371	0.974	22	164619	408686	408880	573110	573304	16495942	350000	600000	22	2349	194	164230	wide
SUPER_9	11162539	11240609	IR	365	.	11201483	0.365	1.000	32	78093	11162539	11162712	11240436	11240609	16495942	11000000	11250000	32	3359	173	77724	spaced
SUPER_9	11592755	11619567	IR	359	.	11606213	0.359	0.402	37	26879	11592755	11603169	11609208	11619567	16495942	11500000	11750000	37	1769	10359	6039	spaced
SUPER_9	2319549	2528083	IR	355	.	2423462	0.355	0.382	35	208531	2319549	2411579	2436053	2528099	16495942	2300000	2550000	0	2063	92030	24474	spaced
SUPER_9	9390886	9544457	IR	354	.	9467401	0.354	0.395	36	153549	9390886	9417725	9517631	9544457	16495942	9300000	9550000	0	2794	26826	99906	spaced
SUPER_9	8651067	8683871	IR	353	.	8667469	0.353	0.391	34	32843	8651067	8667381	8667557	8683920	16495942	8450000	8700000	34	3624	16314	176	immediate
SUPER_9	13403167	13636910	IR	352	.	13519855	0.352	0.381	40	234048	13403167	13515201	13524892	13636910	16495942	13400000	13650000	40	2000	112018	9691	spaced
SUPER_9	978525	1073773	IR	348	.	1026154	0.348	0.981	42	95287	978525	978783	1073515	1073773	16495942	850000	1100000	42	2935	258	94732	spaced
SUPER_9	1227589	1260776	IR	346	.	1243930	0.346	0.994	50	33163	1227589	1227911	1260454	1260776	16495942	1050000	1300000	0	3236	322	32543	spaced
SUPER_9	8556017	8642252	IR	346	.	8599155	0.346	0.995	34	86258	8556017	8556209	8642060	8642252	16495942	8400000	8650000	34	3318	192	85851	spaced
SUPER_9	3853770	3853828	IR	346	.	3853810	0.346	0.867	26	112907	3853770	3853809	3853789	3853834	16495942	3750000	4000000	302	1729	39	-20	overlap
SUPER_9	1656704	1662014	IR	345	.	1659378	0.345	0.529	83	5400	1656704	1659220	1659536	1662014	16495942	1550000	1800000	83	1822	2478	316	immediate
SUPER_9	14996370	15098187	IR	345	.	15047428	0.345	0.387	41	102148	14996370	15025034	15069585	15098187	16495942	14950000	15200000	41	1621	28602	44551	spaced
SUPER_9	5799850	5947370	IR	343	.	5873185	0.343	0.991	31	147496	5799850	5800074	5947146	5947370	16495942	5700000	5950000	0	2893	224	147072	wide
SUPER_9	14504578	14701347	IR	341	.	14602452	0.341	0.381	38	196748	14504578	14572499	14633436	14701347	16495942	14500000	14750000	0	1715	67911	60937	spaced
SUPER_9	5505027	5627970	IR	341	.	5566301	0.341	0.388	26	122952	5505027	5532427	5600620	5627970	16495942	5450000	5700000	26	1941	27350	68193	spaced
SUPER_9	6394950	6561763	IR	340	.	6478624	0.340	0.395	34	166795	6394950	6408084	6548688	6561763	16495942	6350000	6600000	0	2139	13075	140604	wide
SUPER_9	4623901	4825075	IR	340	.	4724938	0.340	0.389	22	201191	4623901	4658761	4790215	4825112	16495942	4600000	4850000	0	2074	34860	131454	wide
SUPER_9	15537809	15656845	IR	339	.	15597327	0.339	0.385	33	119093	15537809	15597245	15597409	15656863	16495942	15450000	15700000	33	2455	59436	164	immediate
SUPER_9	5036632	5133710	IR	336	.	5085663	0.336	0.931	151	97035	5036632	5038214	5132136	5133710	16495942	4900000	5150000	0	3086	1574	93922	spaced
SUPER_9	1283281	1438494	IR	335	.	1360705	0.335	0.385	33	155302	1283281	1334720	1387055	1438518	16495942	1200000	1450000	33	2681	51439	52335	spaced
SUPER_9	8311646	8442460	IR	335	.	8377210	0.335	0.986	28	130893	8311646	8311793	8442313	8442460	16495942	8200000	8450000	28	2950	147	130520	wide
SUPER_9	4876437	4991639	IR	334	.	4933946	0.334	0.387	35	115231	4876437	4901739	4966419	4991639	16495942	4750000	5000000	35	3067	25220	64680	spaced
SUPER_9	7802080	7806271	IR	333	.	7804405	0.333	0.991	47	4217	7802080	7802314	7806037	7806271	16495942	7700000	7950000	47	1736	234	3723	spaced
SUPER_9	6610547	6689959	IR	333	.	6650253	0.333	0.386	25	79464	6610547	6650148	6650358	6689997	16495942	6500000	6750000	25	2504	39601	210	immediate
SUPER_9	9105563	9163043	IR	333	.	9134131	0.333	0.929	23	57481	9105563	9105667	9162939	9163051	16495942	9000000	9250000	23	2238	104	57272	spaced
SUPER_9	7736673	7802146	IR	332	.	7769797	0.332	0.852	64	65429	7736673	7737391	7801481	7802146	16495942	7650000	7900000	0	1990	665	64090	spaced
SUPER_9	16204926	16320952	IR	332	.	16262822	0.332	0.901	32	116030	16204926	16205200	16320683	16320952	16495942	16101391	16351391	32	2692	269	115483	wide
SUPER_9	2931198	3108561	IR	332	.	3020068	0.332	0.908	29	177348	2931198	2931310	3108449	3108569	16495942	2900000	3150000	15	1997	112	177139	wide
SUPER_9	3346821	3383840	IR	331	.	3365467	0.331	0.924	75	37075	3346821	3347564	3383097	3383866	16495942	3150000	3400000	94	3588	743	35533	spaced
SUPER_9	8123132	8282424	IR	331	.	8202947	0.331	0.939	32	159306	8123132	8123462	8282103	8282424	16495942	8050000	8300000	32	2546	321	158641	wide
SUPER_9	10864729	10959276	IR	331	.	10911808	0.331	0.932	22	94539	10864729	10864891	10959120	10959276	16495942	10750000	11000000	22	2699	156	94229	spaced
SUPER_9	6770852	6792019	IR	330	.	6781305	0.330	0.889	56	21840	6770852	6771529	6791342	6792051	16495942	6550000	6800000	59	3857	677	19813	spaced
SUPER_9	1956473	2019183	IR	330	.	1988101	0.330	0.401	33	62715	1956473	1970143	2005513	2019210	16495942	1800000	2050000	0	3130	13670	35370	spaced
SUPER_9	3914975	4031825	IR	330	.	3973012	0.330	0.422	33	116830	3914975	3919473	4027340	4031825	16495942	3800000	4050000	0	2889	4485	107867	wide
SUPER_9	7536993	7545641	IR	329	.	7541493	0.329	0.762	20	8662	7536993	7537057	7545577	7545661	16495942	7300000	7550000	20	4021	64	8520	spaced
SUPER_9	6087369	6091532	IR	328	.	6089225	0.328	0.998	104	4251	6087369	6087888	6091013	6091532	16495942	5850000	6100000	104	3990	519	3125	spaced
SUPER_9	11312436	11544350	IR	328	.	11428874	0.328	0.988	23	231889	11312436	11312609	11544177	11544350	16495942	11300000	11550000	0	2139	173	231568	wide
SUPER_9	1520509	1524390	IR	327	.	1522918	0.327	0.970	64	3860	1520509	1521008	1523895	1524390	16495942	1300000	1550000	0	3707	495	2887	spaced
SUPER_9	14705667	14762693	IR	327	.	14734064	0.327	0.990	33	194868	14705667	14705877	14762483	14762693	16495942	14600000	14850000	33	2236	210	56606	spaced
SUPER_9	1810955	1876302	IR	326	.	1844104	0.326	0.994	78	65330	1810955	1811479	1875778	1876302	16495942	1650000	1900000	0	3227	524	64299	spaced
SUPER_9	15122639	15219299	IR	326	.	15171253	0.326	0.992	34	96630	15122639	15122894	15219044	15219299	16495942	15000000	15250000	0	2849	255	96150	spaced
SUPER_9	13270534	13340995	IR	326	.	13306129	0.326	0.482	30	70505	13270534	13272212	13339317	13341062	16495942	13100000	13350000	0	3429	1678	67105	spaced
SUPER_9	9636388	9725786	IR	326	.	9681361	0.326	0.991	28	89371	9636388	9636607	9725567	9725786	16495942	9500000	9750000	0	3017	219	88960	spaced
SUPER_9	9891924	10000186	IR	326	.	9946076	0.326	0.994	25	108299	9891924	9892086	10000024	10000186	16495942	9800000	10050000	25	2434	162	107938	wide
SUPER_9	721868	829710	IR	326	.	775313	0.326	0.989	22	107815	721868	722042	829536	829710	16495942	600000	850000	0	2929	174	107494	wide
SUPER_9	12875705	13018847	IR	325	.	12947742	0.325	0.397	37	143141	12875705	12887182	13007370	13018865	16495942	12800000	13050000	0	2454	11477	120188	wide
SUPER_9	14165517	14181371	IR	325	.	14173577	0.325	0.974	33	22213	14165517	14165751	14181137	14181371	16495942	14100000	14350000	33	1223	234	15386	spaced
SUPER_9	7077544	7165453	IR	325	.	7121878	0.325	0.387	24	87939	7077544	7121396	7121601	7165510	16495942	6950000	7200000	0	2858	43852	205	immediate
SUPER_9	10122490	10230614	IR	325	.	10176295	0.325	0.761	22	108140	10122490	10122742	10230362	10230682	16495942	10000000	10250000	0	2942	252	107620	wide
SUPER_9	15221158	15312781	IR	325	.	15267110	0.325	0.924	21	91610	15221158	15221446	15312494	15312781	16495942	15100000	15350000	21	2782	287	91048	spaced
SUPER_9	8797312	8816366	IR	325	.	8806838	0.325	0.929	20	19044	8797312	8797424	8816262	8816366	16495942	8700000	8950000	20	1780	104	18838	spaced
SUPER_9	6832516	6863198	IR	324	.	6847522	0.324	0.987	30	30664	6832516	6832754	6862960	6863198	16495942	6800000	7050000	0	797	238	30206	spaced
SUPER_9	13020453	13045888	IR	324	.	13033066	0.324	0.979	28	25458	13020453	13020642	13045699	13045888	16495942	13000000	13250000	28	552	189	25057	spaced
SUPER_9	4212295	4377858	IR	324	.	4294740	0.324	0.401	27	165566	4212295	4222442	4367711	4377880	16495942	4150000	4400000	0	2417	10147	145269	wide
SUPER_9	316310	392111	IR	324	.	354083	0.324	0.983	21	75802	316310	316489	391934	392111	16495942	150000	400000	21	3403	177	75445	spaced
SUPER_9	10241520	10300944	IR	323	.	10271397	0.323	0.637	158	59714	10241520	10247331	10295133	10300959	16495942	10100000	10350000	158	2853	5811	47802	spaced
SUPER_9	5230634	5349090	IR	323	.	5289590	0.323	0.385	50	118433	5230634	5281428	5298344	5349090	16495942	5100000	5350000	0	3164	50746	16916	spaced
SUPER_9	6926399	6942550	IR	323	.	6934715	0.323	0.940	23	16129	6926399	6926666	6942285	6942550	16495942	6850000	7100000	0	1407	265	15619	spaced
SUPER_9	7165709	7241989	IR	323	.	7203580	0.323	0.972	23	76261	7165709	7165961	7241737	7241989	16495942	7100000	7350000	0	1730	252	75776	spaced
SUPER_9	10639947	10846990	IR	323	.	10743961	0.323	0.384	22	206988	10639947	10687340	10799636	10846990	16495942	10600000	10850000	0	2391	47354	112296	wide
SUPER_9	14310508	14475259	IR	322	.	14393296	0.322	0.963	41	164736	14310508	14310906	14474861	14475262	16495942	14250000	14500000	0	2381	398	163955	wide
SUPER_9	13098308	13103556	IR	322	.	13100704	0.322	1.000	24	5249	13098308	13098422	13103442	13103556	16495942	13000000	13250000	24	1682	114	5020	spaced
SUPER_9	6304861	6309311	IR	321	.	6307413	0.321	0.897	72	4432	6304861	6306326	6307901	6309311	16495942	6100000	6350000	0	3451	1410	1575	immediate
SUPER_9	12558137	12752911	IR	321	.	12655556	0.321	0.708	33	194799	12558137	12558486	12752562	12752911	16495942	12550000	12800000	33	1758	349	194076	wide
SUPER_9	2560043	2751840	IR	321	.	2655842	0.321	0.989	29	191808	2560043	2560224	2751659	2751840	16495942	2550000	2800000	29	1765	181	191435	wide
SUPER_9	14851143	14964858	IR	320	.	14908456	0.320	0.387	39	113646	14851143	14904438	14911631	14964858	16495942	14750000	15000000	0	2633	53227	7193	spaced
SUPER_9	7887789	7939815	IR	320	.	7913460	0.320	0.973	27	51975	7887789	7888051	7939556	7939815	16495942	7750000	8000000	0	2729	259	51505	spaced
SUPER_9	11666693	11690084	IR	320	.	11678733	0.320	0.973	25	23372	11666693	11666912	11689865	11690084	16495942	11550000	11800000	0	2139	219	22953	spaced
SUPER_9	12789644	12842041	IR	320	.	12816018	0.320	0.391	24	52425	12789644	12805664	12826021	12842078	16495942	12600000	12850000	24	3597	16020	20357	spaced
SUPER_9	7424844	7436497	IR	320	.	7430354	0.320	0.952	22	11635	7424844	7425054	7436294	7436497	16495942	7200000	7450000	0	3844	203	11240	spaced
SUPER_9	4500055	4554948	IR	320	.	4527314	0.320	0.967	21	54884	4500055	4500239	4554764	4554948	16495942	4500000	4750000	21	458	184	54525	spaced
SUPER_9	12228275	12266634	IR	319	.	12247808	0.319	0.897	70	38340	12228275	12228955	12266014	12266634	16495942	12100000	12350000	0	2457	620	37059	spaced
SUPER_9	4083156	4095322	IR	319	.	4089281	0.319	0.944	25	12156	4083156	4083369	4095114	4095322	16495942	3950000	4200000	25	2320	208	11745	spaced
SUPER_9	12509927	12536038	IR	319	.	12523037	0.319	0.972	25	26147	12509927	12510104	12535864	12536038	16495942	12350000	12600000	25	2882	174	25760	spaced
SUPER_9	1075314	1206736	IR	319	.	1141472	0.319	0.985	24	131395	1075314	1075513	1206537	1206736	16495942	1000000	1250000	0	2350	199	131024	wide
SUPER_9	1453922	1504319	IR	319	.	1479074	0.319	0.531	23	50434	1453922	1455261	1503061	1504319	16495942	1300000	1550000	23	2985	1258	47800	spaced
SUPER_9	1682349	1787926	IR	318	.	1735206	0.318	0.387	41	105595	1682349	1720234	1750119	1787926	16495942	1600000	1850000	41	2252	37807	29885	spaced
SUPER_9	4411985	4482165	IR	318	.	4447186	0.318	1.000	34	70198	4411985	4412138	4482012	4482165	16495942	4250000	4500000	34	3284	153	69874	spaced
SUPER_9	3463990	3494252	IR	318	.	3479235	0.318	0.981	30	30345	3463990	3464149	3494093	3494252	16495942	3450000	3700000	30	485	159	29944	spaced
SUPER_9	5996514	6065997	IR	317	.	6030945	0.317	0.882	58	69463	5996514	5997399	6065112	6065997	16495942	5850000	6100000	0	3020	885	67713	spaced
SUPER_9	5412401	5470471	IR	317	.	5441216	0.317	0.550	36	58071	5412401	5413588	5469304	5470471	16495942	5250000	5500000	36	3190	1167	55716	spaced
SUPER_9	15708192	15726913	IR	317	.	15717619	0.317	0.989	29	18731	15708192	15708370	15726735	15726913	16495942	15600000	15850000	29	1959	178	18365	spaced
SUPER_9	2118203	2258112	IR	317	.	2188094	0.317	0.378	28	140067	2118203	2168488	2207827	2258196	16495942	2100000	2350000	28	1469	50285	39339	spaced
SUPER_9	2062313	2092996	IR	316	.	2078147	0.316	0.943	260	30737	2062313	2064375	2090934	2093072	16495942	1850000	2100000	0	3794	2062	26559	spaced
SUPER_9	15794387	15838826	IR	316	.	15816434	0.316	0.454	34	44626	15794387	15797503	15835710	15838854	16495942	15650000	15851191	34	2776	3116	38207	spaced
SUPER_9	3698501	3796754	IR	316	.	3747678	0.316	0.995	32	98310	3698501	3698683	3796572	3796754	16495942	3650000	3900000	32	1626	182	97889	spaced
SUPER_9	5140458	5143504	IR	316	.	5141955	0.316	0.967	27	70038	5140458	5140699	5143266	5143504	16495942	5000000	5250000	27	2366	238	2567	spaced
SUPER_9	11003621	11051691	IR	316	.	11027998	0.316	0.830	26	48109	11003621	11004638	11050674	11051749	16495942	10950000	11200000	0	1294	1017	46036	spaced
SUPER_9	10400820	10443568	IR	316	.	10422312	0.316	0.940	21	42748	10400820	10401055	10443334	10443568	16495942	10300000	10550000	21	2036	234	42279	spaced
SUPER_9	10479429	10556764	IR	316	.	10518040	0.316	0.948	21	77427	10479429	10479679	10556514	10556765	16495942	10350000	10600000	21	2801	250	76835	spaced
SUPER_9	1790122	1802425	IR	315	.	1795891	0.315	0.984	32	12287	1790122	1790368	1802179	1802426	16495942	1700000	1950000	0	1604	246	11811	spaced
SUPER_9	6162280	6190925	IR	315	.	6176462	0.315	0.820	29	28698	6162280	6162547	6190658	6190975	16495942	6150000	6400000	29	443	267	28111	spaced
SUPER_9	870691	903449	IR	315	.	886631	0.315	0.970	22	32729	870691	870927	903213	903449	16495942	700000	950000	0	3117	236	32286	spaced
SUPER_9	9170326	9240742	IR	314	.	9205029	0.314	1.000	25	70397	9170326	9170484	9240584	9240742	16495942	9000000	9250000	0	3425	158	70100	spaced
SUPER_9	15879895	16022969	IR	314	.	15951250	0.314	0.943	24	143070	15879895	15880103	16022765	16022969	16495942	15851391	16101391	24	1667	204	142662	wide
SUPER_9	9253415	9350440	IR	312	.	9301658	0.312	0.841	48	97020	9253415	9254495	9349360	9350452	16495942	9200000	9450000	0	1698	1080	94865	spaced
SUPER_9	2771387	2871294	IR	312	.	2821062	0.312	0.975	27	99887	2771387	2771627	2871054	2871294	16495942	2650000	2900000	0	2855	240	99427	spaced
SUPER_9	11732566	11792732	IR	312	.	11762355	0.312	0.961	21	60141	11732566	11732768	11792530	11792733	16495942	11700000	11950000	0	1044	202	59762	spaced
SUPER_9	12072082	12188486	IR	311	.	12130635	0.311	0.929	31	116379	12072082	12072387	12188182	12188486	16495942	11950000	12200000	0	3004	304	115795	wide
SUPER_9	1546721	1646964	IR	311	.	1596382	0.311	0.981	29	100225	1546721	1546979	1646706	1646964	16495942	1400000	1650000	0	3280	258	99727	spaced
SUPER_9	7985640	8032635	IR	308	.	8009121	0.308	0.927	38	47029	7985640	7985957	8032318	8032647	16495942	7800000	8050000	48	3485	317	46361	spaced
SUPER_9	6112322	6115829	IR	307	.	6114443	0.307	0.971	44	3486	6112322	6112660	6115491	6115831	16495942	6100000	6350000	0	234	338	2831	spaced
SUPER_9	11988758	12007486	IR	306	.	11997749	0.306	0.918	117	18708	11988758	11990019	12006262	12007486	16495942	11850000	12100000	0	2468	1224	16243	spaced
SUPER_9	13376431	13399869	IR	306	.	13388017	0.306	0.972	30	23515	13376431	13376612	13399688	13399869	16495942	13350000	13600000	30	635	181	23076	spaced
SUPER_9	10581149	10639405	IR	306	.	10610648	0.306	0.979	20	58232	10581149	10581342	10639212	10639405	16495942	10450000	10700000	0	2671	193	57870	spaced
SUPER_9	7023352	7037692	IR	305	.	7030709	0.305	0.980	24	14343	7023352	7023550	7037494	7037692	16495942	6850000	7100000	24	3008	198	13944	spaced
SUPER_9	2019028	2052033	IR	303	.	2035872	0.303	0.426	34	33026	2019028	2023431	2047630	2052101	16495942	1850000	2100000	0	3092	4403	24199	spaced
SUPER_9	3289276	3309711	IR	302	.	3299835	0.302	0.470	36	20403	3289276	3292585	3306430	3309711	16495942	3100000	3350000	0	3324	3281	13845	spaced
SUPER_9	593218	689935	IR	301	.	641286	0.301	0.974	23	96698	593218	593453	689700	689935	16495942	450000	700000	0	3192	235	96247	spaced
SUPER_9	9081678	9086794	IR	299	.	9084155	0.299	1.000	23	5117	9081678	9081810	9086662	9086794	16495942	8850000	9100000	23	3903	132	4852	spaced
SUPER_9	15323808	15390795	IR	292	.	15356924	0.292	0.928	21	66967	15323808	15323960	15390651	15390795	16495942	15150000	15400000	0	3454	144	66691	spaced
SUPER_10	6553217	6557313	IR	723	.	6555265	0.723	0.999	333	73442	6553217	6554707	6555823	6557313	16458732	6400000	6650000	333	2587	1490	1116	immediate
SUPER_10	11877089	11879060	IR	704	.	11878073	0.704	0.969	116	2105	11877089	11877660	11878489	11879067	16458732	11643912	11893912	116	3902	571	829	immediate
SUPER_10	9256003	9260839	IR	567	.	9258421	0.567	0.969	322	5200	9256003	9258193	9258649	9260842	16458732	9093912	9343912	322	2741	2190	456	immediate
SUPER_10	6267187	6269311	IR	560	.	6268346	0.560	0.989	72	2174	6267187	6267546	6268952	6269315	16458732	6050000	6300000	72	3637	359	1406	immediate
SUPER_10	2094443	2116881	IR	553	.	2105662	0.553	0.409	69	154557	2094443	2105563	2105761	2116903	16458732	1950000	2200000	69	2594	11120	198	immediate
SUPER_10	250740	283645	IR	467	.	266713	0.467	0.827	50	32917	250740	251851	282534	283688	16458732	100000	350000	0	2786	1111	30683	spaced
SUPER_10	1455625	1461975	IR	465	.	1458839	0.465	0.442	50	6470	1455625	1458695	1458983	1461975	16458732	1350000	1600000	50	1813	2992	288	immediate
SUPER_10	1192390	1200843	IR	440	.	1196473	0.440	0.413	29	8453	1192390	1196481	1196768	1200843	16458732	1000000	1250000	29	3276	4075	287	immediate
SUPER_10	13472874	13649928	IR	436	.	13561066	0.436	0.383	27	177073	13472874	13547302	13575500	13649969	16458732	13443912	13693912	0	1958	74428	28198	spaced
SUPER_10	6139830	6160506	IR	433	.	6150203	0.433	0.396	36	20678	6139830	6149836	6150575	6160506	16458732	6050000	6300000	36	1669	9931	739	immediate
SUPER_10	8780506	8786033	IR	396	.	8783622	0.396	0.977	314	5540	8780506	8782661	8783878	8786064	16458732	8550000	8793712	0	3887	2155	1217	immediate
SUPER_10	11507509	11720215	IR	396	.	11613862	0.396	0.382	34	212811	11507509	11613791	11613933	11720303	16458732	11493912	11743912	34	1999	106282	142	immediate
SUPER_10	9572333	9681179	IR	394	.	9626786	0.394	0.385	34	108862	9572333	9626292	9627280	9681179	16458732	9443912	9693912	34	3047	53899	988	immediate
SUPER_10	12275120	12453039	IR	388	.	12364092	0.388	0.382	28	177942	12275120	12363268	12364916	12453039	16458732	12243912	12493912	28	2002	88123	1648	immediate
SUPER_10	4858792	5005638	IR	387	.	4932428	0.387	0.859	29	147077	4858792	4858941	5005506	5005638	16458732	4800000	5050000	13	2203	132	146565	wide
SUPER_10	11353046	11434651	IR	386	.	11394378	0.386	0.387	37	81576	11353046	11384915	11402879	11434651	16458732	11193912	11443912	0	3332	31772	17964	spaced
SUPER_10	16384200	16386114	IR	373	.	16385157	0.373	0.897	61	2030	16384200	16384540	16385809	16386114	16458732	16143912	16393912	61	4020	305	1269	immediate
SUPER_10	2597495	2599687	IR	372	.	2598645	0.372	0.548	38	40652	2597495	2598553	2598737	2599687	16458732	2500000	2750000	38	1643	950	184	immediate
SUPER_10	3512048	3641170	IR	358	.	3576604	0.358	0.382	30	129164	3512048	3576377	3576841	3641185	16458732	3400000	3650000	30	2943	64329	464	immediate
SUPER_10	8553175	8560029	IR	349	.	8556638	0.349	0.951	504	7694	8553175	8555862	8557383	8560029	16458732	8350000	8600000	504	3443	2646	1521	immediate
SUPER_10	2202711	2258820	IR	349	.	2231164	0.349	0.445	211	56092	2202711	2227167	2234403	2258820	16458732	2100000	2350000	0	2179	24417	7236	spaced
SUPER_10	9301375	9496949	IR	349	.	9399192	0.349	0.383	27	195572	9301375	9399153	9399231	9496949	16458732	9293912	9543912	27	1754	97718	78	immediate
SUPER_10	10662956	10811095	IR	348	.	10737400	0.348	0.387	38	148112	10662956	10690537	10783591	10811095	16458732	10593912	10843912	0	2385	27504	93054	spaced
SUPER_10	10922528	10971769	IR	341	.	10947361	0.341	0.957	27	49345	10922528	10922689	10971608	10971769	16458732	10843912	11093912	18	1720	161	48919	spaced
SUPER_10	12759744	12919276	IR	340	.	12839941	0.340	0.379	30	159419	12759744	12817578	12861533	12919276	16458732	12743912	12993912	0	1593	57743	43955	spaced
SUPER_10	16149836	16290751	IR	340	.	16220063	0.340	0.967	25	140909	16149836	16149956	16290635	16290751	16458732	16043912	16293912	25	2939	116	140679	wide
SUPER_10	10465524	10602950	IR	340	.	10533909	0.340	0.387	23	137426	10465524	10524637	10543837	10602971	16458732	10393912	10643912	0	2338	59113	19200	spaced
SUPER_10	9917447	10013808	IR	338	.	9965964	0.338	0.995	31	96344	9917447	9917666	10013589	10013808	16458732	9793912	10043912	0	2861	219	95923	spaced
SUPER_10	2436242	2557288	IR	337	.	2496514	0.337	0.386	39	120996	2436242	2466477	2527055	2557288	16458732	2350000	2600000	0	2445	30233	60578	spaced
SUPER_10	411787	645367	IR	336	.	528419	0.336	0.384	50	233605	411787	494201	562956	645367	16458732	400000	650000	50	2142	82411	68755	spaced
SUPER_10	7766354	7910109	IR	336	.	7838665	0.336	0.385	34	143776	7766354	7807760	7868703	7910180	16458732	7750000	8000000	0	1470	41406	60943	spaced
SUPER_10	10230410	10381652	IR	336	.	10306137	0.336	0.989	25	151245	10230410	10230598	10381464	10381652	16458732	10193912	10443912	25	1868	188	150866	wide
SUPER_10	2636836	2833007	IR	335	.	2734696	0.335	0.381	25	196258	2636836	2705337	2764532	2833007	16458732	2600000	2850000	29	2248	68475	59195	spaced
SUPER_10	2330596	2424430	IR	334	.	2377866	0.334	0.996	33	93810	2330596	2330820	2424206	2424430	16458732	2300000	2550000	0	1291	224	93386	spaced
SUPER_10	8208088	8279866	IR	334	.	8243696	0.334	0.977	24	71759	8208088	8208307	8279647	8279866	16458732	8150000	8400000	0	1566	219	71340	spaced
SUPER_10	13283682	13328486	IR	333	.	13306066	0.333	0.390	29	44886	13283682	13296767	13315401	13328527	16458732	13193912	13443912	29	1869	13085	18634	spaced
SUPER_10	13928720	13933663	IR	332	.	13930694	0.332	0.977	28	4922	13928720	13928980	13933403	13933663	16458732	13693912	13943912	0	3954	260	4423	spaced
SUPER_10	903224	1098424	IR	332	.	1000377	0.332	0.384	27	195178	903224	960956	1040779	1098424	16458732	900000	1150000	0	1680	57645	79823	spaced
SUPER_10	14860237	15080643	IR	331	.	14970459	0.331	0.383	38	220480	14860237	14899936	15040944	15080652	16458732	14843912	15093912	38	2108	39699	141008	wide
SUPER_10	1706492	1942339	IR	331	.	1824559	0.331	0.896	34	235845	1706492	1706867	1941986	1942339	16458732	1700000	1950000	34	2073	353	235119	wide
SUPER_10	13952417	14114144	IR	331	.	14033069	0.331	0.839	26	161866	13952417	13952573	14113988	14114168	16458732	13893912	14143912	32	2322	156	161415	wide
SUPER_10	11171556	11184062	IR	330	.	11177464	0.330	0.882	104	12556	11171556	11172741	11182877	11184131	16458732	10943912	11193912	0	3898	1185	10136	spaced
SUPER_10	7110712	7193143	IR	330	.	7151824	0.330	0.956	49	82528	7110712	7111089	7192766	7193153	16458732	6950000	7200000	49	3365	377	81677	spaced
SUPER_10	15572309	15728137	IR	330	.	15650369	0.330	0.389	39	155965	15572309	15634879	15665675	15728137	16458732	15493912	15743912	39	2605	62462	30796	spaced
SUPER_10	4368197	4526902	IR	330	.	4447211	0.330	0.962	27	158681	4368197	4368508	4526591	4526902	16458732	4300000	4550000	0	2459	311	158083	wide
SUPER_10	11018646	11065540	IR	329	.	11042556	0.329	0.877	34	46873	11018646	11018993	11065193	11065541	16458732	10843912	11093912	0	3302	347	46200	spaced
SUPER_10	5245205	5445616	IR	329	.	5345471	0.329	0.385	31	200408	5245205	5343086	5347802	5445616	16458732	5200000	5450000	31	2423	97814	4716	spaced
SUPER_10	13714905	13801407	IR	329	.	13758135	0.329	0.988	30	86535	13714905	13715068	13801244	13801407	16458732	13693912	13943912	30	1070	163	86176	spaced
SUPER_10	8390145	8503562	IR	328	.	8447213	0.328	0.867	95	113456	8390145	8391680	8502027	8503621	16458732	8300000	8550000	0	2447	1535	110347	wide
SUPER_10	14740419	14761882	IR	328	.	14751301	0.328	0.401	48	21547	14740419	14747352	14754949	14761939	16458732	14593912	14843912	48	2620	6933	7597	spaced
SUPER_10	6315856	6423729	IR	328	.	6369440	0.328	0.490	28	107862	6315856	6317713	6421872	6423738	16458732	6300000	6550000	0	1163	1857	104159	wide
SUPER_10	15980822	16041507	IR	328	.	16010965	0.328	0.964	27	60677	15980822	15981125	16041204	16041509	16458732	15793912	16043912	29	3620	303	60079	spaced
SUPER_10	15764678	15775405	IR	327	.	15769782	0.327	0.976	30	10694	15764678	15764930	15775153	15775405	16458732	15643912	15893912	0	2102	252	10223	spaced
SUPER_10	3641114	3761266	IR	327	.	3701305	0.327	0.989	27	120176	3641114	3641302	3761078	3761267	16458732	3550000	3800000	27	2519	188	119776	wide
SUPER_10	5058784	5120667	IR	327	.	5089369	0.327	0.974	21	61857	5058784	5058975	5120476	5120668	16458732	5000000	5250000	0	1495	191	61501	spaced
SUPER_10	3865702	3949604	IR	325	.	3908141	0.325	0.390	38	83947	3865702	3905077	3910229	3949676	16458732	3800000	4050000	0	1794	39375	5152	spaced
SUPER_10	2862683	2931226	IR	325	.	2896825	0.325	0.382	22	68657	2862683	2882716	2911193	2931258	16458732	2750000	3000000	22	2449	20033	28477	spaced
SUPER_10	7237873	7253613	IR	325	.	7245500	0.325	0.959	22	98816	7237873	7238111	7253375	7253617	16458732	7100000	7350000	22	2428	238	15264	spaced
SUPER_10	3156081	3376908	IR	325	.	3266690	0.325	0.980	20	220824	3156081	3156233	3376758	3376908	16458732	3150000	3400000	20	1941	150	220525	wide
SUPER_10	5462426	5485115	IR	324	.	5473525	0.324	1.000	29	150005	5462426	5462481	5485060	5485115	16458732	5300000	5550000	9	2896	55	22579	spaced
SUPER_10	7012174	7025493	IR	323	.	7018893	0.323	0.995	248	13592	7012174	7013353	7024314	7025493	16458732	6800000	7050000	248	3647	1179	10961	spaced
SUPER_10	14596153	14729738	IR	323	.	14662473	0.323	0.388	84	133669	14596153	14653464	14672427	14729845	16458732	14493912	14743912	0	2817	57311	18963	spaced
SUPER_10	8851315	9018083	IR	323	.	8934661	0.323	0.945	56	166812	8851315	8851711	9017692	9018083	16458732	8793912	9043912	56	2346	391	165981	wide
SUPER_10	11913457	12094620	IR	323	.	12003828	0.323	0.859	42	181299	11913457	11914212	12093921	12094620	16458732	11893912	12143912	45	1835	699	179709	wide
SUPER_10	33702	80238	IR	323	.	56817	0.323	0.897	29	46529	33702	33737	80203	80242	16458732	0	250000	623	949	35	46466	spaced
SUPER_10	9702392	9884904	IR	323	.	9794017	0.323	0.979	21	182475	9702392	9702584	9884712	9884904	16458732	9643912	9893912	0	2495	192	182128	wide
SUPER_10	4707307	4734354	IR	322	.	4720924	0.322	0.995	32	27070	4707307	4707497	4734165	4734354	16458732	4500000	4750000	32	3680	189	26668	spaced
SUPER_10	4336750	4345390	IR	322	.	4341283	0.322	0.954	29	145163	4336750	4336988	4345152	4345390	16458732	4200000	4450000	29	2351	238	8164	spaced
SUPER_10	8112445	8204872	IR	322	.	8158160	0.322	0.987	27	92395	8112445	8112669	8204649	8204872	16458732	8000000	8250000	0	2644	223	91980	spaced
SUPER_10	6776332	6937275	IR	322	.	6857024	0.322	0.392	26	161180	6776332	6788898	6924709	6937407	16458732	6700000	6950000	26	2613	12566	135811	wide
SUPER_10	5734114	5807931	IR	322	.	5771182	0.322	0.931	25	73803	5734114	5734373	5807680	5807931	16458732	5600000	5850000	25	2850	251	73307	spaced
SUPER_10	12585454	12708707	IR	321	.	12647548	0.321	0.383	63	123247	12585454	12644650	12649511	12708720	16458732	12493912	12743912	0	2552	59196	4861	spaced
SUPER_10	5579492	5652804	IR	321	.	5616156	0.321	0.996	51	73369	5579492	5579754	5652542	5652804	16458732	5500000	5750000	51	1935	262	72788	spaced
SUPER_10	14223968	14234197	IR	321	.	14229285	0.321	0.992	43	10249	14223968	14224219	14233946	14234197	16458732	13993912	14243912	49	3919	251	9727	spaced
SUPER_10	14264295	14492135	IR	321	.	14378049	0.321	0.379	40	227925	14264295	14335653	14420777	14492170	16458732	14243912	14493912	40	2238	71358	85124	spaced
SUPER_10	6579368	6588203	IR	321	.	6583661	0.321	0.995	31	14894	6579368	6579561	6588010	6588203	16458732	6400000	6650000	31	3062	193	8449	spaced
SUPER_10	7550305	7750877	IR	321	.	7650569	0.321	0.692	29	200669	7550305	7550550	7750632	7750949	16458732	7550000	7800000	29	1676	245	200082	wide
SUPER_10	4157865	4206452	IR	321	.	4182650	0.321	0.890	24	48562	4157865	4158424	4205914	4206452	16458732	4050000	4300000	0	2202	538	47490	spaced
SUPER_10	15227459	15238856	IR	321	.	15232762	0.321	0.968	20	11375	15227459	15227645	15238670	15238856	16458732	15143912	15393912	0	1487	186	11025	spaced
SUPER_10	8651891	8657718	IR	320	.	8654413	0.320	1.000	113	5807	8651891	8652571	8657038	8657718	16458732	8450000	8700000	0	3413	680	4467	spaced
SUPER_10	13020421	13180589	IR	320	.	13100074	0.320	0.416	35	160147	13020421	13025287	13175723	13180593	16458732	12943912	13193912	0	2609	4866	150436	wide
SUPER_10	10050586	10202899	IR	320	.	10126743	0.320	0.968	34	152513	10050586	10050800	10202687	10202899	16458732	9993912	10243912	46	2213	212	151887	wide
SUPER_10	10823845	10834152	IR	320	.	10828941	0.320	0.976	32	10340	10823845	10824051	10833946	10834156	16458732	10643912	10893912	32	3084	206	9895	spaced
SUPER_10	4532680	4580206	IR	320	.	4556831	0.320	0.982	31	47508	4532680	4532908	4579981	4580206	16458732	4350000	4600000	0	3440	225	47073	spaced
SUPER_10	4604416	4645673	IR	320	.	4625135	0.320	0.989	27	41254	4604416	4604590	4645499	4645673	16458732	4450000	4700000	27	2917	174	40909	spaced
SUPER_10	774736	804859	IR	320	.	790018	0.320	0.920	26	205546	774736	774861	804739	804859	16458732	650000	900000	9	2329	120	29878	spaced
SUPER_10	2611533	2631259	IR	320	.	2621857	0.320	0.389	26	12375	2611533	2619081	2623711	2631285	16458732	2600000	2850000	0	356	7548	4630	spaced
SUPER_10	5833815	6040901	IR	320	.	5937824	0.320	0.954	20	207067	5833815	5834011	6040706	6040901	16458732	5800000	6050000	0	2289	195	206695	wide
SUPER_10	6065727	6139922	IR	320	.	6103101	0.320	0.967	20	74156	6065727	6065877	6139776	6139922	16458732	5900000	6150000	0	3380	146	73899	spaced
SUPER_10	15362004	15476369	IR	319	.	15419127	0.319	0.879	81	114525	15362004	15362558	15475815	15476423	16458732	15243912	15493912	81	2921	554	113257	wide
SUPER_10	5516759	5519887	IR	319	.	5518304	0.319	0.973	22	3136	5516759	5516941	5519705	5519887	16458732	5350000	5600000	22	2805	182	2764	spaced
SUPER_10	12123222	12148388	IR	318	.	12135416	0.318	0.409	73	25147	12123222	12133610	12138035	12148388	16458732	11943912	12193912	0	3198	10353	4425	spaced
SUPER_10	1597711	1671708	IR	318	.	1634251	0.318	0.389	44	73977	1597711	1632500	1636973	1671708	16458732	1450000	1700000	0	3078	34735	4473	spaced
SUPER_10	1281516	1322760	IR	318	.	1302125	0.318	0.980	30	41285	1281516	1281719	1322557	1322760	16458732	1100000	1350000	30	3368	203	40838	spaced
SUPER_10	6752014	6770946	IR	316	.	6761704	0.316	0.989	35	168008	6752014	6752203	6770757	6770946	16458732	6650000	6900000	30	1857	189	18554	spaced
SUPER_10	4028968	4049797	IR	316	.	4039800	0.316	0.938	27	20787	4028968	4029384	4049382	4049797	16458732	3950000	4200000	0	1489	415	19998	spaced
SUPER_10	6444686	6513145	IR	316	.	6478949	0.316	1.000	27	68456	6444686	6444809	6513022	6513145	16458732	6300000	6550000	27	2981	123	68213	spaced
SUPER_10	11005781	11009872	IR	316	.	11008231	0.316	0.969	24	4068	11005781	11006005	11009648	11009873	16458732	10893912	11143912	0	1898	224	3643	spaced
SUPER_10	9511289	9518586	IR	316	.	9515300	0.316	0.941	22	7286	9511289	9511520	9518355	9518593	16458732	9493912	9743912	0	350	231	6835	spaced
SUPER_10	5811178	5821065	IR	315	.	5816570	0.315	0.790	20	9845	5811178	5811297	5820970	5821065	16458732	5800000	6050000	0	268	95	9673	spaced
SUPER_10	1233555	1281012	IR	314	.	1257389	0.314	0.892	36	47475	1233555	1233758	1280809	1281012	16458732	1050000	1300000	36	3454	203	47051	spaced
SUPER_10	14179169	14204958	IR	314	.	14191827	0.314	0.733	36	82461	14179169	14179353	14204792	14204958	16458732	14043912	14293912	36	2468	166	25439	spaced
SUPER_10	7348589	7450686	IR	314	.	7399326	0.314	0.987	25	102073	7348589	7348813	7450462	7450686	16458732	7250000	7500000	0	2493	224	101649	wide
SUPER_10	5045868	5049836	IR	313	.	5048225	0.313	0.997	44	3942	5045868	5046160	5049544	5049836	16458732	4800000	5050000	0	4130	292	3384	spaced
SUPER_10	6646201	6690753	IR	313	.	6668563	0.313	0.990	34	44557	6646201	6646405	6690549	6690753	16458732	6450000	6700000	34	3641	204	44144	spaced
SUPER_10	15850010	15976949	IR	313	.	15913134	0.313	0.983	24	126921	15850010	15850186	15976773	15976949	16458732	15793912	16043912	0	1992	176	126587	wide
SUPER_10	8098632	8112592	IR	313	.	8105709	0.313	1.000	22	13948	8098632	8098765	8112459	8112592	16458732	7900000	8150000	22	3426	133	13694	spaced
SUPER_10	4133518	4144757	IR	313	.	4139537	0.313	0.963	20	11214	4133518	4133707	4144568	4144757	16458732	3950000	4200000	0	3152	189	10861	spaced
SUPER_10	9075515	9155327	IR	312	.	9115090	0.312	0.895	112	79809	9075515	9076736	9154106	9155345	16458732	8943912	9193912	0	2858	1221	77370	spaced
SUPER_10	11284534	11293155	IR	312	.	11288509	0.312	0.983	38	8596	11284534	11284833	11292856	11293155	16458732	11043912	11293912	0	4082	299	8023	spaced
SUPER_10	13653318	13666337	IR	312	.	13659543	0.312	0.969	30	12989	13653318	13653575	13666081	13666337	16458732	13443912	13693912	0	3598	256	12506	spaced
SUPER_10	834192	842623	IR	311	.	838276	0.311	0.997	180	17504	834192	835112	841703	842623	16458732	750000	1000000	180	1473	920	6591	spaced
SUPER_10	3385877	3437028	IR	311	.	3411564	0.311	0.921	30	51226	3385877	3386140	3436767	3437028	16458732	3200000	3450000	30	3524	261	50627	spaced
SUPER_10	9267568	9281768	IR	309	.	9275151	0.309	0.916	164	14200	9267568	9269528	9279808	9281791	16458732	9243912	9493912	0	512	1960	10280	spaced
SUPER_10	329772	347125	IR	309	.	337945	0.309	0.933	26	17343	329772	329957	346940	347135	16458732	250000	500000	0	1474	185	16983	spaced
SUPER_10	3006910	3079958	IR	308	.	3043495	0.308	0.982	822	74048	3006910	3010896	3075972	3080003	16458732	2900000	3150000	822	2390	3986	65076	spaced
SUPER_10	6690604	6750603	IR	308	.	6720434	0.308	0.993	28	59999	6690604	6690753	6750454	6750603	16458732	6650000	6900000	28	1176	149	59701	spaced
SUPER_10	7925457	8013879	IR	307	.	7969419	0.307	0.977	21	88395	7925457	7925629	8013707	8013879	16458732	7800000	8050000	0	2827	172	88078	spaced
SUPER_10	1539005	1577304	IR	306	.	1557691	0.306	0.405	30	38356	1539005	1548687	1567622	1577387	16458732	1350000	1600000	0	3469	9682	18935	spaced
SUPER_10	7063471	7104923	IR	306	.	7084694	0.306	0.861	25	41428	7063471	7063752	7104673	7104923	16458732	6950000	7200000	0	2236	250	40921	spaced
SUPER_10	208269	215950	IR	301	.	212576	0.301	0.957	124	7657	208269	209479	214759	215950	16458732	0	250000	0	3535	1191	5280	spaced
SUPER_10	12479495	12575145	IR	301	.	12526845	0.301	0.956	51	95627	12479495	12480057	12574586	12575145	16458732	12343912	12593912	0	3056	559	94529	spaced
SUPER_10	16097334	16099515	IR	300	.	16098228	0.300	1.000	133	2273	16097334	16097897	16098952	16099515	16458732	15893912	16143912	133	3408	563	1055	immediate
SUPER_10	2117141	2184300	IR	297	.	2150620	0.297	0.606	29	67176	2117141	2117499	2184031	2184300	16458732	1950000	2200000	29	3345	269	66532	spaced
SUPER_10	9061540	9074994	IR	295	.	9068260	0.295	0.960	90	13559	9061540	9062285	9074259	9074994	16458732	8843912	9093912	90	3739	735	11974	spaced
SUPER_10	15191070	15196014	IR	291	.	15193227	0.291	1.000	26	4919	15191070	15191229	15195855	15196014	16458732	15043912	15293912	0	2493	159	4626	spaced
SUPER_11	14710553	14712970	IR	979	.	14711913	0.979	0.996	181	142781	14710553	14711506	14712017	14712970	16347223	14615313	14865313	181	1607	953	511	immediate
SUPER_11	5389406	5395440	IR	842	.	5392423	0.842	1.000	579	6623	5389406	5391908	5392938	5395440	16347223	5150000	5400000	579	4040	2502	1030	immediate
SUPER_11	15388810	15391044	IR	815	.	15389927	0.815	1.000	180	2446	15388810	15389569	15390285	15391044	16347223	15165313	15415313	180	3743	759	716	immediate
SUPER_11	8730146	8733321	IR	782	.	8731407	0.782	0.920	68	3123	8730146	8731566	8731902	8733321	16347223	8500000	8750000	0	3862	1419	336	immediate
SUPER_11	2911471	2915061	IR	716	.	2913266	0.716	1.000	275	3909	2911471	2912753	2913779	2915061	16347223	2700000	2950000	275	3554	1282	1026	immediate
SUPER_11	2639598	2649293	IR	706	.	2644607	0.706	0.935	385	88926	2639598	2643805	2645086	2649294	16347223	2450000	2700000	385	3240	4207	1281	immediate
SUPER_11	1131801	1133460	IR	664	.	1132479	0.664	0.998	83	202665	1131801	1132239	1133022	1133460	16347223	1000000	1250000	83	2210	438	783	immediate
SUPER_11	7429396	7430941	IR	639	.	7430173	0.639	0.975	110	49488	7429396	7430073	7430264	7430950	16347223	7250000	7500000	110	3002	677	191	immediate
SUPER_11	5517225	5651953	IR	580	.	5584920	0.580	0.400	169	134698	5517225	5583728	5585466	5651953	16347223	5500000	5750000	0	1409	66487	1738	immediate
SUPER_11	580220	582728	IR	533	.	581474	0.533	0.997	108	41432	580220	580799	582149	582728	16347223	400000	650000	108	3024	579	1350	immediate
SUPER_11	9458565	9691293	IR	433	.	9575409	0.433	0.380	32	232697	9458565	9574778	9575149	9691293	16347223	9450000	9700000	0	2082	116144	371	immediate
SUPER_11	5132761	5299837	IR	424	.	5216299	0.424	0.386	60	169781	5132761	5216178	5216420	5299841	16347223	5100000	5350000	60	1938	83417	242	immediate
SUPER_11	13315203	13325636	IR	424	.	13320457	0.424	0.406	32	10438	13315203	13320362	13320552	13325636	16347223	13265313	13515313	32	918	5084	190	immediate
SUPER_11	5953977	6094112	IR	389	.	6023936	0.389	0.978	30	140152	5953977	5954201	6093888	6094112	16347223	5900000	6150000	30	2067	224	139687	wide
SUPER_11	3067710	3206283	IR	388	.	3136640	0.388	1.000	32	138555	3067710	3067907	3206086	3206283	16347223	3050000	3300000	0	1449	197	138179	wide
SUPER_11	13717410	13865748	IR	382	.	13791497	0.382	0.378	37	148414	13717410	13789008	13794150	13865793	16347223	13665313	13915313	37	2104	71598	5142	spaced
SUPER_11	14297359	14509693	IR	381	.	14403037	0.381	0.957	24	212315	14297359	14297586	14509466	14509698	16347223	14265313	14515313	0	2303	227	211880	wide
SUPER_11	9317278	9320299	IR	377	.	9318811	0.377	0.901	97	60060	9317278	9318306	9319332	9320299	16347223	9150000	9400000	97	2813	967	1026	immediate
SUPER_11	14919301	15121976	IR	360	.	15020162	0.360	0.398	26	190469	14919301	14931728	15109591	15121976	16347223	14915313	15165313	0	1755	12385	177863	wide
SUPER_11	8203424	8207241	IR	359	.	8205335	0.359	0.929	168	146805	8203424	8204749	8205916	8207255	16347223	8050000	8300000	168	2588	1325	1167	immediate
SUPER_11	12072806	12130146	IR	358	.	12101494	0.358	0.385	29	57455	12072806	12101411	12101577	12130146	16347223	11915313	12165313	29	3102	28569	166	immediate
SUPER_11	9137343	9236880	IR	352	.	9187189	0.352	0.907	71	99617	9137343	9138027	9236196	9236893	16347223	9000000	9250000	77	3118	684	98169	spaced
SUPER_11	11764584	11764900	IR	352	.	11764742	0.352	1.000	23	62787	11764584	11764685	11764799	11764900	16347223	11665313	11915313	23	1657	101	114	immediate
SUPER_11	2362415	2474608	IR	351	.	2418511	0.351	0.783	52	174460	2362415	2362756	2474267	2474691	16347223	2300000	2550000	52	1975	341	111511	wide
SUPER_11	12545992	12764508	IR	348	.	12655609	0.348	0.960	97	218487	12545992	12546882	12763624	12764508	16347223	12515313	12765313	0	2332	884	216742	wide
SUPER_11	11630892	11754063	IR	345	.	11692929	0.345	0.388	26	123154	11630892	11656598	11728441	11754063	16347223	11565313	11815313	0	2119	25622	71843	spaced
SUPER_11	3392055	3498374	IR	344	.	3445636	0.344	0.390	30	87952	3392055	3410652	3479791	3498374	16347223	3250000	3500000	0	3253	18583	69139	spaced
SUPER_11	19188	43725	IR	344	.	31224	0.344	1.000	21	24496	19188	19230	43683	43725	16347223	0	250000	222	524	42	24453	spaced
SUPER_11	11521763	11577084	IR	343	.	11549298	0.343	0.953	24	55335	11521763	11521955	11576900	11577084	16347223	11365313	11615313	24	3068	184	54945	spaced
SUPER_11	4361276	4389945	IR	342	.	4375103	0.342	0.988	24	28627	4361276	4361445	4389776	4389945	16347223	4150000	4400000	0	3760	169	28331	spaced
SUPER_11	6901068	7127372	IR	341	.	7014274	0.341	0.385	39	226410	6901068	7007274	7021166	7127392	16347223	6900000	7150000	39	1903	106206	13892	spaced
SUPER_11	7515471	7732683	IR	339	.	7624043	0.339	0.915	90	217332	7515471	7516301	7731868	7732683	16347223	7500000	7750000	90	2067	815	215567	wide
SUPER_11	6606714	6715787	IR	338	.	6661462	0.338	0.973	20	109088	6606714	6606902	6715601	6715787	16347223	6500000	6750000	20	2687	186	108699	wide
SUPER_11	12934710	13023393	IR	336	.	12978691	0.336	0.406	34	88611	12934710	12944945	13013179	13023393	16347223	12865313	13115313	0	1895	10214	68234	spaced
SUPER_11	1404617	1526007	IR	335	.	1464962	0.335	0.986	29	121366	1404617	1404833	1525791	1526008	16347223	1300000	1550000	0	2755	216	120958	wide
SUPER_11	3817115	4039784	IR	334	.	3928170	0.334	1.000	40	222643	3817115	3817330	4039569	4039784	16347223	3800000	4050000	0	2140	215	222239	wide
SUPER_11	10795549	10838553	IR	334	.	10817252	0.334	0.989	23	42998	10795549	10795723	10838379	10838553	16347223	10650000	10900000	23	2784	174	42656	spaced
SUPER_11	4608198	4618088	IR	333	.	4613092	0.333	0.933	372	10392	4608198	4610783	4615569	4618088	16347223	4400000	4650000	372	3552	2519	4786	spaced
SUPER_11	6243254	6313417	IR	332	.	6277896	0.332	0.929	84	70123	6243254	6244171	6312507	6313417	16347223	6100000	6350000	0	2972	910	68336	spaced
SUPER_11	7141114	7329751	IR	331	.	7235084	0.331	0.971	95	188565	7141114	7141975	7328890	7329752	16347223	7100000	7350000	0	2257	861	186915	wide
SUPER_11	9371129	9373717	IR	331	.	9372423	0.331	0.988	69	2668	9371129	9371458	9373388	9373718	16347223	9350000	9600000	69	373	329	1930	immediate
SUPER_11	7876834	7882140	IR	331	.	7879089	0.331	1.000	59	5272	7876834	7877171	7881803	7882140	16347223	7750000	8000000	0	2157	337	4632	spaced
SUPER_11	4744285	4777339	IR	331	.	4760439	0.331	0.975	43	32976	4744285	4744607	4777017	4777343	16347223	4550000	4800000	0	3513	322	32410	spaced
SUPER_11	13068521	13266178	IR	331	.	13167777	0.331	0.388	30	197630	13068521	13090875	13243851	13266178	16347223	13065313	13315313	0	1700	22327	152976	wide
SUPER_11	240588	437521	IR	331	.	338900	0.331	0.976	29	196951	240588	240753	437356	437521	16347223	200000	450000	29	2317	165	196603	wide
SUPER_11	1854601	2046678	IR	330	.	1950571	0.330	1.000	38	192078	1854601	1854783	2046496	2046678	16347223	1800000	2050000	38	2510	182	191713	wide
SUPER_11	8796262	8942141	IR	329	.	8869646	0.329	0.948	138	145860	8796262	8797727	8940700	8942141	16347223	8750000	9000000	0	1986	1441	142973	wide
SUPER_11	4700891	4707840	IR	329	.	4704094	0.329	0.998	82	6928	4700891	4701358	4707373	4707840	16347223	4500000	4750000	0	3405	467	6015	spaced
SUPER_11	4291946	4333481	IR	329	.	4313132	0.329	0.991	28	41508	4291946	4292165	4333262	4333481	16347223	4100000	4350000	0	3545	219	41097	spaced
SUPER_11	3563329	3772438	IR	329	.	3667754	0.329	0.992	20	209101	3563329	3563460	3772307	3772438	16347223	3550000	3800000	20	1964	131	208847	wide
SUPER_11	8085037	8115550	IR	328	.	8099918	0.328	0.393	33	30513	8085037	8099185	8101402	8115579	16347223	7900000	8150000	0	3338	14148	2217	spaced
SUPER_11	1732043	1807995	IR	328	.	1770072	0.328	0.388	29	122129	1732043	1755490	1784560	1807995	16347223	1650000	1900000	29	2000	23435	29070	spaced
SUPER_11	13447203	13651669	IR	328	.	13549847	0.328	0.383	29	144177	13447203	13549438	13549451	13651669	16347223	13415313	13665313	0	2235	102218	13	immediate
SUPER_11	1247059	1379544	IR	328	.	1313440	0.328	0.937	27	132530	1247059	1247244	1379359	1379546	16347223	1150000	1400000	27	2721	185	132115	wide
SUPER_11	8433787	8451705	IR	328	.	8442659	0.328	0.887	26	17918	8433787	8433978	8451514	8451710	16347223	8250000	8500000	26	3212	191	17536	spaced
SUPER_11	5771205	5890392	IR	327	.	5830544	0.327	0.945	103	119170	5771205	5772432	5889196	5890392	16347223	5650000	5900000	0	3013	1196	116764	wide
SUPER_11	2505731	2577555	IR	327	.	2541648	0.327	0.986	25	71866	2505731	2505876	2577410	2577555	16347223	2350000	2600000	45	3193	145	71534	spaced
SUPER_11	795413	838406	IR	327	.	817073	0.327	0.942	20	42989	795413	795620	838199	838407	16347223	700000	950000	20	1948	207	42579	spaced
SUPER_11	1533445	1614478	IR	326	.	1574419	0.326	0.988	66	81000	1533445	1533924	1613999	1614479	16347223	1400000	1650000	0	2899	479	80075	spaced
SUPER_11	6143567	6242012	IR	326	.	6192737	0.326	0.990	27	98490	6143567	6143761	6241818	6242012	16347223	6000000	6250000	27	3213	194	98057	spaced
SUPER_11	12178683	12311249	IR	326	.	12244647	0.326	1.000	25	132537	12178683	12178835	12311097	12311249	16347223	12165313	12415313	0	1327	152	132262	wide
SUPER_11	8056344	8080692	IR	325	.	8068320	0.325	0.939	46	24365	8056344	8056731	8080306	8080692	16347223	7900000	8150000	46	2808	386	23575	spaced
SUPER_11	13999204	14194987	IR	325	.	14096982	0.325	0.380	41	197534	13999204	14061081	14133110	14194992	16347223	13965313	14215313	41	2196	61877	72029	spaced
SUPER_11	4814510	4949247	IR	324	.	4882357	0.324	0.985	31	134712	4814510	4814772	4948985	4949247	16347223	4750000	5000000	0	2197	262	134213	wide
SUPER_11	8963978	9074953	IR	323	.	9019058	0.323	0.514	248	105106	8963978	8971416	9067596	9074953	16347223	8850000	9100000	0	2824	7357	96180	spaced
SUPER_11	653732	711983	IR	323	.	682777	0.323	0.981	34	58246	653732	653994	711721	711983	16347223	600000	850000	34	1380	262	57727	spaced
SUPER_11	8333809	8407199	IR	323	.	8370086	0.323	0.885	22	73361	8333809	8334069	8406961	8407199	16347223	8250000	8500000	0	2008	238	72892	spaced
SUPER_11	12337083	12367891	IR	323	.	12352919	0.323	0.966	21	30786	12337083	12337287	12367687	12367894	16347223	12265313	12515313	0	1452	204	30400	spaced
SUPER_11	2826126	2888327	IR	322	.	2856860	0.322	0.910	34	62208	2826126	2826411	2888042	2888352	16347223	2650000	2900000	0	3453	285	61631	spaced
SUPER_11	15842587	15958597	IR	322	.	15900146	0.322	1.000	24	115977	15842587	15842740	15958444	15958597	16347223	15715313	15965313	0	3087	153	115704	wide
SUPER_11	5701684	5705866	IR	322	.	5703613	0.322	0.759	22	4204	5701684	5701772	5705778	5705890	16347223	5600000	5850000	30	1729	88	4006	spaced
SUPER_11	3349579	3385608	IR	321	.	3367655	0.321	0.385	38	36283	3349579	3367575	3367650	3385608	16347223	3150000	3400000	38	3626	17958	75	immediate
SUPER_11	4347260	4351455	IR	321	.	4349730	0.321	0.549	33	4150	4347260	4348817	4349898	4351455	16347223	4150000	4400000	0	3322	1557	1081	immediate
SUPER_11	15187284	15347575	IR	321	.	15267324	0.321	0.404	33	160305	15187284	15195011	15339880	15347575	16347223	15115313	15365313	33	2535	7695	144869	wide
SUPER_11	13363851	13434418	IR	321	.	13399275	0.321	0.933	27	70577	13363851	13364021	13434248	13434428	16347223	13315313	13565313	27	1396	170	70227	spaced
SUPER_11	11216596	11458066	IR	321	.	11337085	0.321	0.969	20	241524	11216596	11216725	11457937	11458066	16347223	11215313	11465313	20	2033	129	241212	wide
SUPER_11	10776256	10782399	IR	320	.	10779685	0.320	0.972	476	6184	10776256	10779023	10779632	10782465	16347223	10650000	10900000	0	2155	2767	609	immediate
SUPER_11	9268380	9272489	IR	320	.	9270838	0.320	0.953	214	4010	9268380	9270275	9270594	9272507	16347223	9050000	9300000	0	3673	1895	319	immediate
SUPER_11	10005595	10130983	IR	320	.	10068760	0.320	0.509	108	122255	10005595	10009538	10127094	10130983	16347223	9950000	10200000	0	1971	3889	117556	wide
SUPER_11	7497657	7515377	IR	320	.	7506536	0.320	0.927	46	17731	7497657	7497922	7515114	7515377	16347223	7450000	7700000	46	941	263	17192	spaced
SUPER_11	8636625	8694592	IR	320	.	8666101	0.320	0.960	39	57944	8636625	8637151	8694067	8694592	16347223	8450000	8700000	0	3593	525	56916	spaced
SUPER_11	11927714	12020206	IR	320	.	11973660	0.320	0.389	30	92462	11927714	11946447	12001473	12020208	16347223	11815313	12065313	0	2643	18733	55026	spaced
SUPER_11	6803058	6814244	IR	320	.	6808731	0.320	0.984	25	11228	6803058	6803247	6814055	6814244	16347223	6600000	6850000	25	3477	189	10808	spaced
SUPER_11	12804088	12913516	IR	319	.	12859223	0.319	0.395	30	109404	12804088	12824501	12893103	12913517	16347223	12665313	12915313	0	3224	20413	68602	spaced
SUPER_11	971451	1044878	IR	319	.	1008238	0.319	0.971	27	73451	971451	971619	1044710	1044880	16347223	800000	1050000	27	3469	168	73091	spaced
SUPER_11	2112975	2248049	IR	319	.	2180147	0.319	0.964	23	135003	2112975	2113227	2247797	2248050	16347223	2050000	2300000	0	2175	252	134570	wide
SUPER_11	16006006	16147097	IR	319	.	16076128	0.319	0.956	23	141077	16006006	16006251	16146852	16147102	16347223	15915313	16165313	0	2687	245	140601	wide
SUPER_11	10949293	10962632	IR	318	.	10956001	0.318	0.966	104	13473	10949293	10950057	10961872	10962632	16347223	10750000	11000000	104	3432	760	11815	spaced
SUPER_11	10669872	10770456	IR	318	.	10720285	0.318	0.402	32	100585	10669872	10681788	10758564	10770456	16347223	10600000	10850000	32	2002	11892	76776	spaced
SUPER_11	12471963	12498609	IR	318	.	12485686	0.318	0.958	20	26617	12471963	12472152	12498420	12498610	16347223	12265313	12515313	0	3666	189	26268	spaced
SUPER_11	4955135	4995373	IR	317	.	4975493	0.317	0.995	30	40220	4955135	4955342	4995166	4995373	16347223	4750000	5000000	0	3754	207	39824	spaced
SUPER_11	13868803	13976387	IR	316	.	13922449	0.316	0.438	50	107651	13868803	13872388	13972802	13976434	16347223	13765313	14015313	50	2621	3585	100414	wide
SUPER_11	6847425	6885491	IR	316	.	6866752	0.316	0.974	29	38042	6847425	6847653	6885263	6885494	16347223	6650000	6900000	0	3607	228	37610	spaced
SUPER_11	4054097	4192308	IR	316	.	4123641	0.316	0.987	26	138194	4054097	4054322	4192084	4192308	16347223	3950000	4200000	0	2886	224	137762	wide
SUPER_11	2662783	2747448	IR	316	.	2704707	0.316	0.394	21	84649	2662783	2689401	2720830	2747454	16347223	2650000	2900000	0	918	26618	31429	spaced
SUPER_11	5396261	5406527	IR	315	.	5401452	0.315	1.000	981	11252	5396261	5400592	5402197	5406527	16347223	5200000	5450000	981	3356	4330	1605	immediate
SUPER_11	9905024	9927430	IR	315	.	9916116	0.315	0.995	33	22425	9905024	9905224	9927230	9927431	16347223	9850000	10100000	33	1103	200	22006	spaced
SUPER_11	14722773	14737049	IR	315	.	14730014	0.315	0.417	27	14283	14722773	14727204	14732667	14737049	16347223	14715313	14965313	27	243	4382	5463	spaced
SUPER_11	10167375	10210158	IR	314	.	10189012	0.314	0.963	302	42754	10167375	10170290	10207269	10210158	16347223	10050000	10300000	0	2312	2889	36979	spaced
SUPER_11	4413919	4518376	IR	314	.	4465697	0.314	0.387	35	104474	4413919	4454334	4477961	4518410	16347223	4350000	4600000	0	1935	40415	23627	spaced
SUPER_11	15619232	15790667	IR	314	.	15704689	0.314	0.378	21	171384	15619232	15646258	15763683	15790667	16347223	15565313	15815313	0	2327	26984	117425	wide
SUPER_11	7431087	7435132	IR	313	.	7432875	0.313	0.989	67	4120	7431087	7431448	7434771	7435132	16347223	7200000	7450000	67	3885	361	3323	spaced
SUPER_11	16170483	16192705	IR	313	.	16181130	0.313	0.838	25	22221	16170483	16171381	16191807	16192721	16347223	15965313	16215313	0	3604	898	20426	spaced
SUPER_11	15451563	15470068	IR	312	.	15460989	0.312	0.910	70	18775	15451563	15452354	15469293	15470068	16347223	15265313	15515313	70	3258	775	16939	spaced
SUPER_11	8608714	8613197	IR	312	.	8610638	0.312	0.849	41	4460	8608714	8609537	8612393	8613197	16347223	8450000	8700000	0	2682	804	2856	spaced
SUPER_11	10430724	10547607	IR	312	.	10489642	0.312	0.991	31	116828	10430724	10430954	10547377	10547607	16347223	10300000	10550000	0	3152	230	116423	wide
SUPER_11	6319257	6335987	IR	311	.	6327254	0.311	0.794	55	16729	6319257	6319974	6335270	6336006	16347223	6250000	6500000	0	1293	717	15296	spaced
SUPER_11	9810058	9841198	IR	311	.	9825332	0.311	0.992	47	31121	9810058	9810418	9840838	9841198	16347223	9600000	9850000	0	3760	360	30420	spaced
SUPER_11	1624214	1730865	IR	311	.	1677270	0.311	0.396	28	106679	1624214	1639129	1715950	1730913	16347223	1600000	1850000	0	1292	14915	76821	spaced
SUPER_11	4530327	4581230	IR	310	.	4556128	0.310	0.987	31	50879	4530327	4530551	4581006	4581230	16347223	4350000	4600000	0	3429	224	50455	spaced
SUPER_11	558259	577269	IR	309	.	567963	0.309	0.994	27	19004	558259	558424	577105	577269	16347223	450000	700000	27	1962	164	18681	spaced
SUPER_11	15492713	15618783	IR	308	.	15555567	0.308	0.977	631	126721	15492713	15496335	15615184	15618783	16347223	15415313	15665313	631	2340	3599	118849	wide
SUPER_11	7819091	7874247	IR	308	.	7846865	0.308	0.928	61	55278	7819091	7819683	7873655	7874259	16347223	7800000	8050000	61	777	592	53972	spaced
SUPER_11	62235	102477	IR	308	.	82451	0.308	0.960	50	40325	62235	62605	102107	102478	16347223	50000	300000	50	539	370	39502	spaced
SUPER_11	14590658	14658643	IR	308	.	14625111	0.308	0.391	29	67969	14590658	14613270	14636031	14658650	16347223	14415313	14665313	0	3488	22612	22761	spaced
SUPER_11	1807811	1854755	IR	307	.	1830821	0.307	0.391	31	46976	1807811	1824482	1838084	1854805	16347223	1650000	1900000	0	3021	16671	13602	spaced
SUPER_11	3012544	3037760	IR	305	.	3025511	0.305	0.422	71	25237	3012544	3021516	3028788	3037849	16347223	2850000	3100000	0	2919	8972	7272	spaced
SUPER_11	10278994	10403237	IR	304	.	10341579	0.304	0.942	24	124217	10278994	10279236	10402995	10403238	16347223	10200000	10450000	0	2351	242	123759	wide
SUPER_11	2957225	2989953	IR	303	.	2973352	0.303	0.183	37	32760	2957225	2957296	2989882	2990002	16347223	2750000	3000000	6	3726	71	32586	spaced
SUPER_11	14781679	14823137	IR	303	.	14802859	0.303	0.951	28	41436	14781679	14782045	14822771	14823140	16347223	14715313	14965313	0	1451	366	40726	spaced
SUPER_11	11774122	11862760	IR	301	.	11818060	0.301	0.403	22	88668	11774122	11781032	11855850	11862810	16347223	11765313	12015313	0	885	6910	74818	spaced
SUPER_11	14889839	14915833	IR	300	.	14902695	0.300	0.405	22	26077	14889839	14893453	14912219	14915882	16347223	14815313	15065313	22	1458	3614	18766	spaced
SUPER_11	9753313	9758500	IR	293	.	9755836	0.293	0.965	180	5382	9753313	9754343	9757470	9758505	16347223	9550000	9800000	180	3431	1030	3127	spaced
SUPER_12	14255756	14258856	IR	935	.	14257306	0.935	0.998	278	56649	14255756	14257042	14257570	14258856	15874198	14082787	14332787	278	2908	1286	528	immediate
SUPER_12	6151367	6153447	IR	720	.	6152407	0.720	0.998	122	2199	6151367	6151956	6152858	6153447	15874198	5950000	6200000	122	3373	589	902	immediate
SUPER_12	10322705	10323871	IR	623	.	10323288	0.623	0.972	51	2048	10322705	10323068	10323508	10323871	15874198	10100000	10350000	51	3721	363	440	immediate
SUPER_12	8193146	8199888	IR	479	.	8196517	0.479	0.968	435	7207	8193146	8195569	8197465	8199932	15874198	8000000	8250000	435	3275	2423	1896	immediate
SUPER_12	6846519	6973373	IR	460	.	6910150	0.460	0.391	25	126987	6846519	6872559	6947333	6973389	15874198	6750000	7000000	25	2665	26040	74774	spaced
SUPER_12	8582939	8584947	IR	443	.	8583943	0.443	0.995	32	2011	8582939	8583149	8584737	8584947	15874198	8350000	8600000	32	3898	210	1588	immediate
SUPER_12	14849605	14851345	IR	441	.	14850475	0.441	0.990	32	67636	14849605	14849797	14851153	14851345	15874198	14682787	14932787	32	2794	192	1356	immediate
SUPER_12	4531913	4732971	IR	410	.	4632827	0.410	0.387	28	201035	4531913	4574188	4690747	4732971	15874198	4500000	4750000	0	2207	42224	116559	wide
SUPER_12	11937136	11940287	IR	397	.	11938712	0.397	0.994	225	3450	11937136	11938327	11939096	11940288	15874198	11700000	11950000	225	3978	1191	769	immediate
SUPER_12	15406046	15416535	IR	378	.	15410843	0.378	0.767	145	10303	15406046	15409732	15412869	15416535	15874198	15282787	15532787	0	2141	3666	3137	spaced
SUPER_12	1826334	1994554	IR	375	.	1910451	0.375	0.386	38	168248	1826334	1909969	1910933	1994554	15874198	1800000	2050000	38	1840	83621	964	immediate
SUPER_12	3286391	3306965	IR	368	.	3296607	0.368	0.392	37	20594	3286391	3296035	3297348	3306965	15874198	3150000	3400000	37	2444	9617	1313	immediate
SUPER_12	4965011	4968305	IR	359	.	4966658	0.359	0.471	27	5223	4965011	4966626	4966690	4968305	15874198	4950000	5200000	27	277	1615	64	immediate
SUPER_12	14090523	14180860	IR	350	.	14135591	0.350	0.722	38	90381	14090523	14090898	14180485	14180862	15874198	13932787	14182787	38	3381	375	89587	spaced
SUPER_12	2132933	2344343	IR	345	.	2238637	0.345	0.381	27	211604	2132933	2219808	2257468	2344369	15874198	2100000	2350000	27	2310	86875	37660	spaced
SUPER_12	12231319	12428362	IR	343	.	12329927	0.343	0.981	21	197040	12231319	12231529	12428152	12428362	15874198	12200000	12450000	21	2163	210	196623	wide
SUPER_12	1074475	1237381	IR	342	.	1156300	0.342	0.976	26	162889	1074475	1074727	1237129	1237381	15874198	1000000	1250000	0	2598	252	162402	wide
SUPER_12	6586642	6608989	IR	342	.	6597843	0.342	0.988	24	22370	6586642	6586810	6608821	6608989	15874198	6400000	6650000	24	3296	168	22011	spaced
SUPER_12	9008927	9072283	IR	341	.	9041093	0.341	0.978	64	63336	9008927	9009419	9071795	9072283	15874198	8850000	9100000	0	3176	488	62376	spaced
SUPER_12	14664096	14827603	IR	341	.	14745507	0.341	0.392	42	163490	14664096	14691154	14800636	14827603	15874198	14632787	14882787	0	1884	26967	109482	wide
SUPER_12	15444554	15626165	IR	341	.	15535385	0.341	0.376	31	181677	15444554	15535056	15535714	15626165	15874198	15432787	15682787	31	1709	90451	658	immediate
SUPER_12	2496572	2580401	IR	341	.	2538857	0.341	0.924	26	83811	2496572	2496787	2580186	2580411	15874198	2350000	2600000	0	3141	215	83399	spaced
SUPER_12	5231012	5438894	IR	340	.	5335301	0.340	0.386	32	207834	5231012	5301532	5368374	5438978	15874198	5200000	5450000	0	2249	70520	66842	spaced
SUPER_12	3380126	3584563	IR	339	.	3481902	0.339	0.392	44	202431	3380126	3416300	3548389	3584578	15874198	3350000	3600000	0	2205	36174	132089	wide
SUPER_12	4217268	4327653	IR	339	.	4272007	0.339	0.995	27	110365	4217268	4217478	4327443	4327653	15874198	4150000	4400000	0	2040	210	109965	wide
SUPER_12	11932046	11934373	IR	338	.	11933147	0.338	0.996	99	82940	11932046	11932558	11933861	11934373	15874198	11850000	12100000	99	1386	512	1303	immediate
SUPER_12	8617279	8848618	IR	338	.	8732715	0.338	0.983	23	231335	8617279	8617459	8848438	8848618	15874198	8600000	8850000	23	2215	180	230979	wide
SUPER_12	5474123	5476386	IR	338	.	5475580	0.338	0.977	22	2248	5474123	5474340	5476169	5476388	15874198	5450000	5700000	0	420	217	1829	immediate
SUPER_12	9931422	10129823	IR	338	.	10030869	0.338	0.388	21	198383	9931422	9993975	10067270	10129832	15874198	9900000	10150000	0	2176	62553	73295	spaced
SUPER_12	14410203	14481198	IR	337	.	14445649	0.337	0.995	37	71065	14410203	14410394	14481007	14481198	15874198	14282787	14532787	37	2715	191	70613	spaced
SUPER_12	12837247	13062501	IR	337	.	12950161	0.337	0.386	35	225234	12837247	12923731	12976020	13062501	15874198	12817851	13067851	0	2200	86481	52289	spaced
SUPER_12	3691237	3880959	IR	337	.	3785933	0.337	0.950	30	189719	3691237	3691456	3880744	3880959	15874198	3650000	3900000	30	2268	215	189288	wide
SUPER_12	12675122	12716896	IR	336	.	12695741	0.336	0.980	31	41750	12675122	12675367	12716651	12716896	15874198	12500000	12745726	0	3266	245	41284	spaced
SUPER_12	12435909	12568070	IR	335	.	12502010	0.335	0.994	27	132173	12435909	12436077	12567902	12568070	15874198	12350000	12600000	27	2533	168	131825	wide
SUPER_12	11589275	11628495	IR	335	.	11609319	0.335	0.890	24	39214	11589275	11589538	11628232	11628510	15874198	11550000	11800000	0	981	263	38694	spaced
SUPER_12	1328824	1481697	IR	334	.	1405300	0.334	0.523	43	153084	1328824	1330163	1480442	1481697	15874198	1300000	1550000	43	1754	1255	150279	wide
SUPER_12	13168353	13256813	IR	334	.	13212727	0.334	0.978	25	88461	13168353	13168537	13256631	13256813	15874198	13117851	13367851	25	1578	182	88094	spaced
SUPER_12	8958413	9007522	IR	334	.	8983387	0.334	0.964	20	49090	8958413	8958664	9007272	9007522	15874198	8850000	9100000	0	2215	250	48608	spaced
SUPER_12	15099358	15225516	IR	332	.	15162783	0.332	0.389	56	126216	15099358	15126783	15198091	15225592	15874198	14982787	15232787	0	2994	27425	71308	spaced
SUPER_12	9072873	9108315	IR	332	.	9090195	0.332	0.986	27	35418	9072873	9073092	9108096	9108315	15874198	8950000	9200000	0	2343	219	35004	spaced
SUPER_12	11141211	11326337	IR	332	.	11233396	0.332	0.956	26	185097	11141211	11141458	11326092	11326337	15874198	11100000	11350000	0	2229	245	184634	wide
SUPER_12	13930420	14022281	IR	332	.	13975954	0.332	0.972	26	91843	13930420	13930705	14021996	14022281	15874198	13782787	14032787	0	3225	285	91291	spaced
SUPER_12	10636538	10680894	IR	332	.	10658703	0.332	0.992	22	44345	10636538	10636659	10680773	10680894	15874198	10450000	10700000	22	3478	121	44114	spaced
SUPER_12	7933212	8135295	IR	331	.	8034169	0.331	0.927	100	202192	7933212	7934012	8134495	8135300	15874198	7900000	8150000	100	2237	800	200483	wide
SUPER_12	2809907	3016711	IR	331	.	2913040	0.331	0.397	42	206846	2809907	2830289	2996329	3016770	15874198	2800000	3050000	0	1888	20382	166040	wide
SUPER_12	901053	997159	IR	331	.	949548	0.331	0.948	36	96090	901053	901469	996743	997169	15874198	750000	1000000	0	3318	416	95274	spaced
SUPER_12	7012302	7234087	IR	331	.	7122996	0.331	0.385	29	221901	7012302	7113232	7133157	7234100	15874198	7000000	7250000	29	2053	100930	19925	spaced
SUPER_12	6154084	6370086	IR	331	.	6261886	0.331	0.386	26	216071	6154084	6185679	6338508	6370086	15874198	6150000	6400000	26	1867	31578	152829	wide
SUPER_12	8322488	8442245	IR	331	.	8381987	0.331	0.980	25	119732	8322488	8322692	8442041	8442245	15874198	8200000	8450000	0	3039	204	119349	wide
SUPER_12	1504267	1746196	IR	330	.	1624773	0.330	0.384	41	242021	1504267	1613892	1636571	1746305	15874198	1500000	1750000	0	2087	109625	22679	spaced
SUPER_12	5003435	5192874	IR	330	.	5098011	0.330	0.968	31	189440	5003435	5003715	5192598	5192874	15874198	4950000	5200000	31	2469	276	188883	wide
SUPER_12	7441659	7466239	IR	328	.	7453855	0.328	0.990	22	24720	7441659	7441761	7466138	7466239	15874198	7350000	7600000	22	1732	101	24377	spaced
SUPER_12	6736778	6834514	IR	327	.	6786002	0.327	0.885	32	97720	6736778	6737097	6834195	6834543	15874198	6650000	6900000	0	2260	319	97098	spaced
SUPER_12	605243	717771	IR	327	.	661564	0.327	0.391	28	132218	605243	622993	700046	717771	15874198	550000	800000	28	1858	17725	77053	spaced
SUPER_12	5705764	5887907	IR	327	.	5796336	0.327	0.386	28	182137	5705764	5787735	5805936	5888004	15874198	5650000	5900000	0	2447	81971	18201	spaced
SUPER_12	2375042	2391340	IR	327	.	2383162	0.327	0.988	25	16289	2375042	2375208	2391174	2391340	15874198	2200000	2450000	25	3053	166	15966	spaced
SUPER_12	501217	557011	IR	327	.	528990	0.327	0.862	24	55834	501217	501527	556701	557042	15874198	350000	600000	24	2985	310	55174	spaced
SUPER_12	11682700	11826497	IR	326	.	11754889	0.326	0.923	77	143770	11682700	11683564	11825661	11826497	15874198	11600000	11850000	0	2576	836	142097	wide
SUPER_12	12093238	12126059	IR	326	.	12109788	0.326	0.912	44	33020	12093238	12093772	12125525	12126068	15874198	11950000	12200000	44	2660	534	31753	spaced
SUPER_12	749032	766247	IR	326	.	757861	0.326	0.939	23	17253	749032	749341	765940	766247	15874198	650000	900000	23	1793	307	16599	spaced
SUPER_12	13603575	13702752	IR	326	.	13652995	0.326	0.379	21	99270	13603575	13648181	13658146	13702772	15874198	13567851	13782587	25	1421	44606	9965	spaced
SUPER_12	8150023	8165900	IR	325	.	8158351	0.325	0.918	52	15851	8150023	8150987	8164950	8165900	15874198	8000000	8250000	0	2632	950	13963	spaced
SUPER_12	3965985	4019091	IR	325	.	3992434	0.325	0.951	22	53187	3965985	3966209	4018869	4019091	15874198	3950000	4200000	22	708	222	52660	spaced
SUPER_12	2031508	2038095	IR	324	.	2035284	0.324	0.964	26	6545	2031508	2031785	2037818	2038095	15874198	2000000	2250000	0	579	277	6033	spaced
SUPER_12	3621417	3670828	IR	324	.	3646210	0.324	0.925	26	69014	3621417	3621572	3670674	3670828	15874198	3450000	3700000	26	3268	154	49102	spaced
SUPER_12	1764427	1781237	IR	323	.	1772765	0.323	0.404	35	16831	1764427	1772696	1773051	1781237	15874198	1650000	1900000	35	2047	8186	355	immediate
SUPER_12	9460260	9525460	IR	323	.	9492829	0.323	0.979	29	65274	9460260	9460447	9525273	9525460	15874198	9300000	9550000	29	3214	187	64826	spaced
SUPER_12	7339481	7423539	IR	322	.	7381077	0.322	0.959	39	84036	7339481	7339847	7423175	7423539	15874198	7200000	7450000	0	3025	364	83328	spaced
SUPER_12	14860565	14926971	IR	322	.	14894131	0.322	0.398	36	66473	14860565	14869927	14917609	14927063	15874198	14682787	14932787	0	3516	9362	47682	spaced
SUPER_12	10706346	10743962	IR	322	.	10724975	0.322	0.983	25	37609	10706346	10706525	10743783	10743962	15874198	10500000	10750000	25	3752	179	37258	spaced
SUPER_12	9758159	9890993	IR	322	.	9825059	0.322	0.940	22	132798	9758159	9758334	9890818	9891001	15874198	9650000	9900000	0	2909	175	132484	wide
SUPER_12	11450047	11493022	IR	321	.	11471783	0.321	0.948	57	42956	11450047	11450502	11492572	11493022	15874198	11250000	11500000	0	3692	450	42070	spaced
SUPER_12	13447852	13540577	IR	321	.	13494546	0.321	0.922	48	92701	13447852	13448552	13539901	13540577	15874198	13317851	13567851	0	2939	676	91349	spaced
SUPER_12	4081755	4208388	IR	321	.	4145302	0.321	0.890	36	201452	4081755	4081971	4208177	4208388	15874198	4000000	4250000	10	2417	211	126206	wide
SUPER_12	250145	321743	IR	321	.	285903	0.321	0.972	28	72041	250145	250362	321526	321743	15874198	200000	450000	28	1432	217	71164	spaced
SUPER_12	9197295	9359334	IR	321	.	9278084	0.321	0.901	26	162048	9197295	9197476	9359168	9359334	15874198	9150000	9400000	26	2138	166	161692	wide
SUPER_12	14937661	15055637	IR	320	.	14996677	0.320	0.391	45	118039	14937661	14959477	15033850	15055637	15874198	14882787	15132787	45	1897	21787	74373	spaced
SUPER_12	10914738	10979524	IR	320	.	10947355	0.320	0.943	32	68691	10914738	10914912	10979353	10979524	15874198	10850000	11100000	13	1618	171	64441	spaced
SUPER_12	11007447	11011964	IR	320	.	11009491	0.320	0.725	32	4508	11007447	11007821	11011590	11011964	15874198	10800000	11050000	32	3494	374	3769	spaced
SUPER_12	5905555	6016570	IR	320	.	5960789	0.320	0.391	31	110996	5905555	5931656	5990484	6016570	15874198	5800000	6050000	0	2684	26086	58828	spaced
SUPER_12	4866756	4954367	IR	320	.	4910441	0.320	0.994	28	87634	4866756	4866925	4954198	4954367	15874198	4850000	5100000	28	1009	169	87273	spaced
SUPER_12	6030085	6147939	IR	320	.	6089065	0.320	0.385	25	117895	6030085	6082584	6095440	6147991	15874198	5900000	6150000	25	3150	52499	12856	spaced
SUPER_12	7636649	7782099	IR	320	.	7709688	0.320	0.936	20	145431	7636649	7636849	7781899	7782102	15874198	7550000	7800000	0	2656	200	145050	wide
SUPER_12	7260287	7321852	IR	318	.	7290856	0.318	0.973	24	61562	7260287	7260435	7321708	7321852	15874198	7100000	7350000	24	3184	144	61273	spaced
SUPER_12	9533248	9641116	IR	318	.	9587669	0.318	0.971	20	107842	9533248	9533420	9640944	9641116	15874198	9400000	9650000	0	3119	172	107524	wide
SUPER_12	15727159	15771614	IR	317	.	15749689	0.317	0.965	148	44438	15727159	15728423	15770350	15771616	15874198	15532787	15782787	0	3609	1264	41927	spaced
SUPER_12	2610652	2721438	IR	317	.	2665955	0.317	0.900	30	110836	2610652	2610975	2721122	2721438	15874198	2500000	2750000	30	2767	316	110147	wide
SUPER_12	2478905	2483973	IR	317	.	2481778	0.317	0.980	20	5020	2478905	2479109	2483769	2483973	15874198	2250000	2500000	0	3857	204	4660	spaced
SUPER_12	10813377	10894991	IR	316	.	10854176	0.316	0.988	29	81625	10813377	10813545	10894823	10894992	15874198	10650000	10900000	29	3402	168	81278	spaced
SUPER_12	3157539	3190832	IR	316	.	3174647	0.316	0.941	24	33275	3157539	3157771	3190600	3190837	15874198	2950000	3200000	0	3736	232	32829	spaced
SUPER_12	5484753	5514875	IR	315	.	5499735	0.315	0.393	21	30221	5484753	5495271	5504357	5514977	15874198	5450000	5700000	21	830	10518	9086	spaced
SUPER_12	13074902	13110327	IR	314	.	13092957	0.314	0.996	34	35397	13074902	13075128	13110101	13110328	15874198	13067851	13317851	0	412	226	34973	spaced
SUPER_12	13744901	13766866	IR	314	.	13756215	0.314	0.967	26	21948	13744901	13745140	13766627	13766868	15874198	13567851	13782587	0	3133	239	21487	spaced
SUPER_12	3925728	3936618	IR	314	.	3930972	0.314	0.975	25	10891	3925728	3925927	3936419	3936618	15874198	3900000	4150000	25	519	199	10492	spaced
SUPER_12	12147096	12173158	IR	313	.	12159798	0.313	0.798	35	26038	12147096	12147619	12172677	12173158	15874198	12050000	12300000	0	1835	481	25058	spaced
SUPER_12	3215569	3220814	IR	312	.	3217999	0.312	0.947	26	5335	3215569	3215752	3220631	3220820	15874198	3000000	3250000	26	3636	183	4879	spaced
SUPER_12	5560668	5705185	IR	312	.	5632450	0.312	0.952	21	144505	5560668	5560892	5704961	5705190	15874198	5500000	5750000	0	2215	224	144069	wide
SUPER_12	4792502	4805387	IR	311	.	4798962	0.311	0.963	27	13253	4792502	4792664	4805225	4805387	15874198	4600000	4850000	47	3315	162	12561	spaced
SUPER_12	14291051	14360980	IR	309	.	14325904	0.309	0.996	42	69931	14291051	14291287	14360744	14360980	15874198	14182787	14432787	42	2387	236	69457	spaced
SUPER_12	4385452	4475292	IR	309	.	4430843	0.309	0.397	27	89856	4385452	4398990	4461754	4475333	15874198	4350000	4600000	0	1339	13538	62764	spaced
SUPER_12	13300806	13340223	IR	309	.	13320214	0.309	0.990	23	39390	13300806	13301014	13340015	13340223	15874198	13167851	13417851	0	2544	208	39001	spaced
SUPER_12	10369942	10477825	IR	308	.	10423534	0.308	0.989	20	107861	10369942	10370116	10477651	10477825	15874198	10250000	10500000	0	2897	174	107535	wide
SUPER_12	13131139	13148389	IR	304	.	13140106	0.304	0.410	40	17234	13131139	13138312	13141216	13148397	15874198	12917851	13167851	0	3698	7173	2904	spaced
SUPER_12	14588620	14646872	IR	303	.	14617299	0.303	0.907	38	58219	14588620	14589103	14646410	14646872	15874198	14432787	14682787	0	3082	462	57307	spaced
SUPER_12	6379809	6485402	IR	302	.	6432870	0.302	0.943	24	105580	6379809	6380050	6485161	6485408	15874198	6250000	6500000	0	3043	241	105111	wide
SUPER_12	11550157	11553364	IR	300	.	11551601	0.300	1.000	107	3328	11550157	11550619	11552902	11553364	15874198	11350000	11600000	107	3362	462	2283	spaced
SUPER_12	10899640	10912991	IR	299	.	10906681	0.299	0.988	33	13322	10899640	10899892	10912739	10912991	15874198	10700000	10950000	0	3438	252	12847	spaced
SUPER_12	3053665	3154183	IR	296	.	3103447	0.296	0.790	20	100493	3053665	3053822	3154054	3154183	15874198	2950000	3200000	0	2565	129	100232	wide
SUPER_13	833835	837035	IR	984	.	835435	0.984	0.999	323	3580	833835	835225	835645	837035	15696102	600000	850000	323	3923	1390	420	immediate
SUPER_13	8908972	8917795	IR	801	.	8913255	0.801	1.000	583	9460	8908972	8911505	8915262	8917795	15696102	8678281	8928281	583	3918	2533	3757	spaced
SUPER_13	5053804	5054836	IR	672	.	5054320	0.672	1.000	99	130148	5053804	5054236	5054404	5054836	15696102	4878281	5128281	99	2933	432	168	immediate
SUPER_13	9887774	9892472	IR	636	.	9890133	0.636	0.927	249	5156	9887774	9889921	9890345	9892472	15696102	9678281	9928281	249	3530	2127	424	immediate
SUPER_13	5411604	5461416	IR	629	.	5436995	0.629	0.426	177	49771	5411604	5436126	5436894	5461444	15696102	5228281	5478281	0	3470	24522	768	immediate
SUPER_13	4463929	4466387	IR	611	.	4465158	0.611	0.993	114	54496	4463929	4464506	4465810	4466387	15696102	4278281	4528281	114	3114	577	1304	immediate
SUPER_13	5929810	5936310	IR	562	.	5933060	0.562	1.000	521	7060	5929810	5932172	5933948	5936310	15696102	5728281	5978281	521	3412	2362	1776	immediate
SUPER_13	13921445	13926375	IR	561	.	13923921	0.561	0.921	286	5247	13921445	13923690	13924158	13926375	15696102	13678281	13928281	286	4093	2217	468	immediate
SUPER_13	8326373	8330063	IR	530	.	8328218	0.530	0.935	163	3822	8326373	8327746	8328690	8330073	15696102	8128281	8378281	163	3332	1373	944	immediate
SUPER_13	6140472	6142512	IR	519	.	6141492	0.519	0.990	57	2068	6140472	6140786	6142198	6142512	15696102	6128281	6378281	57	220	314	1412	immediate
SUPER_13	11886400	12101320	IR	512	.	11993443	0.512	0.381	45	108053	11886400	11993638	11994082	12101327	15696102	11878281	12128281	0	1926	107238	444	immediate
SUPER_13	6532811	6534867	IR	502	.	6533838	0.502	0.944	55	2158	6532811	6533381	6534305	6534867	15696102	6328281	6578281	55	3425	562	924	immediate
SUPER_13	11140708	11141298	IR	461	.	11141003	0.461	1.000	39	41347	11140708	11140896	11141110	11141298	15696102	10928281	11178281	39	3545	188	214	immediate
SUPER_13	9846128	9848583	IR	434	.	9847222	0.434	0.902	57	2583	9846128	9846669	9848042	9848588	15696102	9628281	9878281	57	3651	541	1373	immediate
SUPER_13	11836944	11877481	IR	424	.	11857256	0.424	0.392	30	40724	11836944	11856401	11858111	11877481	15696102	11678281	11928281	30	2982	19370	1710	immediate
SUPER_13	15022918	15217461	IR	420	.	15120089	0.420	0.403	22	194536	15022918	15026981	15213505	15217461	15696102	14978281	15228281	22	2365	3956	186524	wide
SUPER_13	8944116	8946098	IR	407	.	8945107	0.407	0.913	95	2113	8944116	8944815	8945449	8946098	15696102	8928281	9178281	95	280	649	634	immediate
SUPER_13	13973146	14058247	IR	398	.	14015540	0.398	0.981	32	95045	13973146	13973361	14058034	14058247	15696102	13878281	14128281	32	2290	213	84673	spaced
SUPER_13	3034507	3036448	IR	394	.	3035480	0.394	0.953	59	2003	3034507	3034947	3036008	3036458	15696102	2928281	3178281	59	1786	440	1061	immediate
SUPER_13	12922027	12962998	IR	366	.	12942824	0.366	0.390	25	41008	12922027	12939621	12945404	12963071	15696102	12728281	12978281	0	3570	17594	5783	spaced
SUPER_13	15248299	15253704	IR	364	.	15250606	0.364	0.601	128	5389	15248299	15250715	15251288	15253706	15696102	15028281	15278281	0	3711	2416	573	immediate
SUPER_13	3408133	3428678	IR	364	.	3418433	0.364	0.398	40	20553	3408133	3418193	3418673	3428678	15696102	3278281	3528281	40	2335	10005	480	immediate
SUPER_13	5164126	5271314	IR	361	.	5217821	0.361	0.390	28	107237	5164126	5201536	5233904	5271330	15696102	5028281	5278281	28	3157	37410	32368	spaced
SUPER_13	14775996	14951450	IR	357	.	14863723	0.357	0.379	23	175477	14775996	14862932	14864514	14951485	15696102	14728281	14978281	23	2257	86936	1582	immediate
SUPER_13	1699646	1779364	IR	355	.	1739336	0.355	0.391	31	79839	1699646	1714314	1764696	1779443	15696102	1550000	1800000	31	3158	14668	50382	spaced
SUPER_13	12704864	12782082	IR	348	.	12742988	0.348	0.957	24	77193	12704864	12705098	12781851	12782082	15696102	12578281	12828281	0	2753	231	76753	spaced
SUPER_13	20750	62911	IR	347	.	41584	0.347	1.000	54	42162	20750	20797	62864	62911	15696102	0	250000	360	697	47	42067	spaced
SUPER_13	10793119	10981982	IR	343	.	10887151	0.343	0.967	68	188832	10793119	10793726	10981379	10981982	15696102	10778281	11028281	0	1821	603	187653	wide
SUPER_13	1196590	1364512	IR	342	.	1280953	0.342	0.378	29	167894	1196590	1252904	1308201	1364512	15696102	1150000	1400000	0	2175	56311	55297	spaced
SUPER_13	13274066	13307964	IR	339	.	13290630	0.339	0.900	37	33877	13274066	13274471	13307582	13307964	15696102	13178281	13428281	0	1878	382	33111	spaced
SUPER_13	7370828	7409969	IR	339	.	7390241	0.339	0.920	26	39135	7370828	7371028	7409779	7409969	15696102	7228281	7478281	26	2701	190	38751	spaced
SUPER_13	1403991	1507551	IR	338	.	1455771	0.338	0.378	33	103659	1403991	1455726	1455816	1507640	15696102	1300000	1550000	33	2596	51735	90	immediate
SUPER_13	7202728	7251298	IR	337	.	7227138	0.337	0.384	36	48888	7202728	7227019	7227007	7251381	15696102	7028281	7278281	111	3312	24291	-12	overlap
SUPER_13	2681229	2703971	IR	337	.	2692270	0.337	0.930	31	22609	2681229	2681570	2703641	2703971	15696102	2585185	2835185	0	1790	330	22071	spaced
SUPER_13	4037287	4167432	IR	337	.	4102106	0.337	0.982	24	130123	4037287	4037508	4167211	4167432	15696102	3928281	4178281	0	2901	221	129703	wide
SUPER_13	14335641	14455165	IR	335	.	14395814	0.335	0.974	25	119499	14335641	14335872	14454934	14455166	15696102	14228281	14478281	0	2785	231	119062	wide
SUPER_13	7600132	7681497	IR	334	.	7640817	0.334	0.941	58	81422	7600132	7600473	7681171	7681497	15696102	7478281	7728281	68	2708	326	80698	spaced
SUPER_13	1811780	1876709	IR	334	.	1844619	0.334	0.387	30	64910	1811780	1837238	1851266	1876709	15696102	1650000	1900000	0	3237	25443	14028	spaced
SUPER_13	15323018	15491642	IR	334	.	15407117	0.334	0.955	20	168652	15323018	15323219	15491441	15491642	15696102	15278281	15528281	20	2150	201	168222	wide
SUPER_13	2206282	2396286	IR	333	.	2301571	0.333	0.384	44	189991	2206282	2256602	2345966	2396297	15696102	2150000	2400000	0	2521	50320	89364	spaced
SUPER_13	2709870	2839075	IR	333	.	2774413	0.333	0.980	30	129228	2709870	2710074	2838871	2839075	15696102	2685185	2928081	30	1487	204	128797	wide
SUPER_13	5073865	5163459	IR	333	.	5118534	0.333	0.923	27	89651	5073865	5074047	5163290	5163459	15696102	4978281	5228281	27	2339	169	89243	spaced
SUPER_13	9960374	10007116	IR	332	.	9983764	0.332	0.950	216	47054	9960374	9961500	10005990	10007142	15696102	9778281	10028281	216	3424	1126	44490	spaced
SUPER_13	4849361	4981749	IR	332	.	4915240	0.332	0.964	180	132376	4849361	4850912	4980198	4981759	15696102	4778281	5028281	0	2287	1551	129286	wide
SUPER_13	10053768	10168747	IR	332	.	10111382	0.332	0.910	89	115217	10053768	10054664	10167851	10168788	15696102	9928281	10178281	93	3049	896	113187	wide
SUPER_13	10224701	10281901	IR	332	.	10252925	0.332	0.458	87	57188	10224701	10232942	10273660	10281938	15696102	10128281	10378281	0	2083	8241	40718	spaced
SUPER_13	12163668	12295447	IR	332	.	12229763	0.332	0.387	36	131827	12163668	12193803	12265328	12295447	15696102	12078281	12328281	36	2521	30119	71525	spaced
SUPER_13	9295245	9383150	IR	332	.	9339007	0.332	0.390	33	87902	9295245	9315022	9363400	9383150	15696102	9228281	9478281	33	1848	19750	48378	spaced
SUPER_13	6046931	6079271	IR	331	.	6063194	0.331	0.752	44	32401	6046931	6047438	6078773	6079271	15696102	5878281	6128281	48	3080	498	31335	spaced
SUPER_13	13608970	13659846	IR	331	.	13634799	0.331	0.433	38	50859	13608970	13612847	13656042	13659846	15696102	13428281	13678281	0	3435	3804	43195	spaced
SUPER_13	1956925	2030879	IR	331	.	1994318	0.331	0.395	35	73912	1956925	1974986	2012818	2030915	15696102	1800000	2050000	0	3231	18061	37832	spaced
SUPER_13	5689451	5812584	IR	331	.	5751186	0.331	0.814	25	123189	5689451	5689678	5812357	5812611	15696102	5678281	5928281	26	1212	227	122679	wide
SUPER_13	3227788	3320747	IR	331	.	3274051	0.331	0.386	22	92987	3227788	3268209	3280326	3320779	15696102	3078281	3328281	22	3266	40421	12117	spaced
SUPER_13	1681851	1684471	IR	330	.	1683179	0.330	0.933	121	2717	1681851	1682752	1683605	1684471	15696102	1500000	1750000	121	3052	866	853	immediate
SUPER_13	11022572	11130215	IR	330	.	11075972	0.330	0.982	25	107610	11022572	11022789	11129998	11130215	15696102	10928281	11178281	0	2468	217	107209	wide
SUPER_13	13397070	13424142	IR	330	.	13411003	0.330	0.977	24	27045	13397070	13397287	13423925	13424142	15696102	13278281	13528281	0	2205	217	26638	spaced
SUPER_13	8403508	8627335	IR	330	.	8514980	0.330	0.385	21	223809	8403508	8465817	8565036	8627335	15696102	8378281	8628281	0	2285	62299	99219	spaced
SUPER_13	4496385	4532276	IR	329	.	4514493	0.329	0.989	118	191320	4496385	4497038	4531623	4532276	15696102	4378281	4628281	118	2267	653	34585	spaced
SUPER_13	12330662	12430582	IR	329	.	12380606	0.329	0.396	41	100041	12330662	12342847	12418397	12430607	15696102	12278281	12528281	41	1705	12185	75550	spaced
SUPER_13	6808277	6963250	IR	329	.	6885703	0.329	0.386	30	155072	6808277	6884528	6887031	6963250	15696102	6728281	6978281	30	2624	76219	2503	spaced
SUPER_13	4639066	4834314	IR	329	.	4736977	0.329	0.385	25	195216	4639066	4720277	4753130	4834314	15696102	4628281	4878281	0	1806	81184	32853	spaced
SUPER_13	7839620	8045721	IR	329	.	7942598	0.329	0.992	23	206095	7839620	7839741	8045600	8045721	15696102	7828281	8078281	23	1906	121	205859	wide
SUPER_13	9581474	9629368	IR	329	.	9605621	0.329	0.988	22	47911	9581474	9581635	9629208	9629368	15696102	9578281	9828281	22	452	160	47573	spaced
SUPER_13	3977872	3989818	IR	329	.	3984033	0.329	0.963	21	11954	3977872	3978060	3989633	3989818	15696102	3828281	4078281	21	2592	185	11573	spaced
SUPER_13	13045964	13247261	IR	327	.	13147028	0.327	0.386	52	201225	13045964	13114145	13179089	13247261	15696102	13028281	13278281	0	1972	68172	64944	spaced
SUPER_13	8672544	8709202	IR	327	.	8690675	0.327	0.817	47	36756	8672544	8672987	8708759	8709282	15696102	8478281	8728281	47	3543	443	35772	spaced
SUPER_13	6983026	7197072	IR	327	.	7090324	0.327	0.951	34	214027	6983026	6983500	7196598	7197072	15696102	6978281	7228281	0	1862	474	213098	wide
SUPER_13	8153896	8254378	IR	327	.	8203739	0.327	0.993	21	100457	8153896	8154033	8254241	8254378	15696102	8078281	8328281	0	2097	137	100208	wide
SUPER_13	2038023	2153203	IR	326	.	2095327	0.326	0.386	46	115147	2038023	2089545	2101697	2153203	15696102	2000000	2250000	0	1593	51506	12152	spaced
SUPER_13	14574941	14716569	IR	326	.	14645801	0.326	0.383	37	141642	14574941	14625703	14665866	14716569	15696102	14478281	14728281	37	2791	50703	40163	spaced
SUPER_13	5595235	5674750	IR	325	.	5634799	0.325	0.993	21	79513	5595235	5595377	5674608	5674750	15696102	5528281	5778281	21	1778	142	79231	spaced
SUPER_13	14143063	14272255	IR	325	.	14207412	0.325	0.967	21	129185	14143063	14143273	14272046	14272255	15696102	14078281	14328281	21	2156	209	128773	wide
SUPER_13	6549390	6648253	IR	324	.	6599167	0.324	0.865	52	98856	6549390	6550518	6647125	6648277	15696102	6528281	6778281	0	1175	1128	96607	spaced
SUPER_13	4296293	4403861	IR	324	.	4350537	0.324	0.413	41	107540	4296293	4303037	4397203	4403861	15696102	4178281	4428281	0	2863	6658	94166	spaced
SUPER_13	10556918	10571471	IR	324	.	10563940	0.324	0.986	21	14525	10556918	10557133	10571256	10571471	15696102	10328281	10578281	0	3931	215	14123	spaced
SUPER_13	7742840	7755134	IR	323	.	7749255	0.323	0.967	232	12270	7742840	7744716	7753259	7755134	15696102	7528281	7778281	0	3678	1875	8543	spaced
SUPER_13	609700	720179	IR	323	.	664927	0.323	0.753	62	110658	609700	610631	719248	720229	15696102	550000	800000	62	1915	931	108617	wide
SUPER_13	3780899	3852496	IR	323	.	3816857	0.323	0.643	42	71705	3780899	3782075	3851332	3852496	15696102	3678281	3928281	52	2306	1164	69257	spaced
SUPER_13	11186955	11370486	IR	323	.	11278301	0.323	0.969	20	183484	11186955	11187179	11370262	11370487	15696102	11178281	11428281	0	1673	224	183083	wide
SUPER_13	906303	939510	IR	322	.	923019	0.322	0.991	61	33303	906303	906645	939168	939510	15696102	700000	950000	61	3714	342	32523	spaced
SUPER_13	6675949	6701929	IR	322	.	6689130	0.322	0.918	34	111719	6675949	6676416	6701462	6701941	15696102	6628281	6878281	34	1010	467	25046	spaced
SUPER_13	283250	316990	IR	322	.	299801	0.322	0.978	25	33723	283250	283474	316766	316990	15696102	100000	350000	0	3335	224	33292	spaced
SUPER_13	12610548	12617805	IR	322	.	12614091	0.322	0.970	23	7253	12610548	12610747	12617606	12617805	15696102	12428281	12678281	23	3098	199	6859	spaced
SUPER_13	6233313	6380749	IR	321	.	6306644	0.321	0.943	118	147417	6233313	6234579	6379489	6380749	15696102	6178281	6428281	0	2145	1260	144910	wide
SUPER_13	8714334	8780785	IR	321	.	8748017	0.321	0.917	55	66395	8714334	8715006	8780113	8780807	15696102	8578281	8828281	0	2821	672	65107	spaced
SUPER_13	12964289	12988918	IR	321	.	12977058	0.321	0.414	35	24587	12964289	12970671	12982622	12988918	15696102	12778281	13028281	0	3305	6296	11951	spaced
SUPER_13	1369858	1399143	IR	321	.	1384983	0.321	0.972	28	29267	1369858	1370111	1398890	1399144	15696102	1150000	1400000	0	3908	253	28779	spaced
SUPER_13	3066617	3170656	IR	321	.	3118774	0.321	0.978	27	104063	3066617	3066796	3170477	3170658	15696102	3028281	3278281	27	1505	179	103681	wide
SUPER_13	7251265	7298298	IR	321	.	7274446	0.321	0.862	25	47016	7251265	7251461	7298129	7298298	15696102	7128281	7378281	0	2441	169	46668	spaced
SUPER_13	449867	540371	IR	320	.	495530	0.320	0.995	142	90486	449867	450691	539547	540371	15696102	300000	550000	0	3251	824	88856	spaced
SUPER_13	9035712	9079787	IR	320	.	9058097	0.320	0.984	27	44042	9035712	9035964	9079535	9079787	15696102	8978281	9228281	0	1324	252	43571	spaced
SUPER_13	11726276	11809944	IR	319	.	11767913	0.319	0.388	31	83690	11726276	11743581	11792639	11809971	15696102	11578281	11828281	31	3163	17305	49058	spaced
SUPER_13	9175177	9280249	IR	319	.	9228060	0.319	0.927	27	105066	9175177	9175383	9280043	9280261	15696102	9078281	9328281	0	2490	206	104660	wide
SUPER_13	1069693	1096293	IR	319	.	1083193	0.319	0.416	22	26631	1069693	1072723	1093327	1096293	15696102	1000000	1250000	22	1383	2966	20604	spaced
SUPER_13	13781998	13921017	IR	317	.	13851176	0.317	0.986	37	138995	13781998	13782276	13920739	13921017	15696102	13678281	13928281	0	2886	278	138463	wide
SUPER_13	3432570	3441456	IR	317	.	3436817	0.317	0.990	35	34066	3432570	3432780	3441246	3441456	15696102	3328281	3578281	34	1812	210	8466	spaced
SUPER_13	1529219	1611768	IR	317	.	1570099	0.317	0.980	28	82531	1529219	1529423	1611564	1611769	15696102	1500000	1750000	0	1174	204	82141	spaced
SUPER_13	8254246	8319449	IR	317	.	8286588	0.317	0.980	22	65177	8254246	8254397	8319298	8319449	15696102	8078281	8328281	0	3475	151	64901	spaced
SUPER_13	3631294	3696387	IR	316	.	3663390	0.316	0.502	44	65069	3631294	3633136	3694550	3696387	15696102	3478281	3728281	0	3092	1837	61414	spaced
SUPER_13	9385735	9474835	IR	316	.	9430448	0.316	0.911	27	89102	9385735	9385949	9474631	9474835	15696102	9228281	9478281	27	3366	204	88682	spaced
SUPER_13	99187	211413	IR	315	.	155148	0.315	0.852	48	112289	99187	99758	210897	211413	15696102	0	250000	48	2588	516	111139	wide
SUPER_13	10616103	10640450	IR	315	.	10628587	0.315	0.961	20	24322	10616103	10616309	10640248	10640450	15696102	10578281	10828281	0	833	202	23939	spaced
SUPER_13	721022	832402	IR	314	.	777183	0.314	0.409	30	111348	721022	728480	824944	832461	15696102	700000	950000	0	1278	7458	96464	spaced
SUPER_13	13479969	13553758	IR	314	.	13516757	0.314	0.930	24	73896	13479969	13480197	13553537	13553758	15696102	13328281	13578281	24	3142	221	73340	spaced
SUPER_13	15565859	15599618	IR	312	.	15583020	0.312	0.964	25	33735	15565859	15566083	15599398	15599618	15696102	15378281	15628281	0	3407	220	33315	spaced
SUPER_13	9663879	9706718	IR	312	.	9685065	0.312	0.977	24	113444	9663879	9664053	9706544	9706718	15696102	9528281	9778281	24	2616	174	42491	spaced
SUPER_13	6094781	6140420	IR	311	.	6117985	0.311	0.870	154	45613	6094781	6096712	6138528	6140420	15696102	5928281	6178281	0	3155	1892	41816	spaced
SUPER_13	2978421	3017798	IR	311	.	2997714	0.311	0.401	30	39360	2978421	2986325	3009954	3017798	15696102	2978281	3228281	0	330	7844	23629	spaced
SUPER_13	11471636	11576063	IR	310	.	11523818	0.310	0.883	36	104512	11471636	11471971	11575745	11576063	15696102	11328281	11578281	36	3259	318	103774	wide
SUPER_13	5301802	5329217	IR	310	.	5315814	0.310	0.393	28	27387	5301802	5315444	5315651	5329217	15696102	5128281	5378281	0	3120	13566	207	immediate
SUPER_13	5844008	5853844	IR	310	.	5849014	0.310	0.980	24	9837	5844008	5844210	5853642	5853844	15696102	5678281	5928281	24	2843	202	9432	spaced
SUPER_13	5349434	5404208	IR	309	.	5376858	0.309	0.935	23	54778	5349434	5349549	5404093	5404216	15696102	5178281	5428281	23	3308	115	54544	spaced
SUPER_13	10289559	10386434	IR	309	.	10338245	0.309	0.959	22	96832	10289559	10289770	10386223	10386440	15696102	10228281	10478281	0	1828	211	96453	spaced
SUPER_13	2489140	2523862	IR	308	.	2506857	0.308	0.995	29	34704	2489140	2489339	2523663	2523862	15696102	2300000	2550000	0	3441	199	34324	spaced
SUPER_13	14075120	14079204	IR	308	.	14077098	0.308	0.978	23	4082	14075120	14075348	14078976	14079204	15696102	13978281	14228281	23	1647	228	3628	spaced
SUPER_13	9486078	9549693	IR	307	.	9517381	0.307	0.988	29	63588	9486078	9486325	9549446	9549693	15696102	9328281	9578281	0	3159	247	63121	spaced
SUPER_13	10666237	10713260	IR	307	.	10689884	0.307	0.972	24	47054	10666237	10666413	10713084	10713260	15696102	10478281	10728281	24	3524	176	46671	spaced
SUPER_13	6429468	6433505	IR	306	.	6430989	0.306	0.949	119	4022	6429468	6430438	6432535	6433510	15696102	6228281	6478281	0	3386	970	2097	spaced
SUPER_13	5492939	5583767	IR	306	.	5538375	0.306	0.556	35	90828	5492939	5494097	5582684	5583767	15696102	5478281	5728281	35	1001	1083	88587	spaced
SUPER_13	13470562	13476583	IR	306	.	13473781	0.306	0.981	24	6015	13470562	13470723	13476422	13476583	15696102	13278281	13528281	24	3254	161	5699	spaced
SUPER_13	4260951	4296362	IR	304	.	4278720	0.304	0.396	30	50982	4260951	4278056	4279257	4296416	15696102	4128281	4378281	30	2506	17105	1201	immediate
SUPER_13	3706618	3750644	IR	302	.	3728249	0.302	0.774	32	44089	3706618	3706962	3750300	3750729	15696102	3528281	3778281	0	3339	344	43338	spaced
SUPER_13	15500736	15509751	IR	302	.	15504932	0.302	0.990	27	8997	15500736	15500943	15509545	15509751	15696102	15278281	15528281	0	3782	206	8602	spaced
SUPER_13	7781087	7839786	IR	302	.	7810838	0.302	0.989	26	58672	7781087	7781261	7839612	7839786	15696102	7778281	8028281	0	535	174	58351	spaced
SUPER_13	12430444	12504184	IR	301	.	12467757	0.301	0.978	24	73692	12430444	12430668	12503963	12504184	15696102	12378281	12628281	0	1483	221	73295	spaced
SUPER_13	6380954	6403307	IR	298	.	6392579	0.298	0.977	30	22332	6380954	6381171	6403091	6403307	15696102	6178281	6428281	0	3564	216	21920	spaced
SUPER_13	994953	1003382	IR	295	.	999180	0.295	1.000	829	9369	994953	998695	999640	1003382	15696102	800000	1050000	831	3319	3742	945	immediate
SUPER_13	6433572	6503665	IR	291	.	6468331	0.291	0.883	62	70073	6433572	6434127	6503157	6503665	15696102	6278281	6528281	0	3172	508	69030	spaced
SUPER_14	8744250	8746968	IR	919	.	8745609	0.919	0.940	97	84731	8744250	8745407	8745811	8746968	15412883	8562114	8812114	97	3058	1157	404	immediate
SUPER_14	14788307	14790851	IR	888	.	14789579	0.888	1.000	225	2784	14788307	14789306	14789852	14790851	15412883	14551065	14801065	225	3975	999	546	immediate
SUPER_14	8589447	8602825	IR	865	.	8596136	0.865	0.462	165	69750	8589447	8595970	8596302	8602843	15412883	8462114	8712114	165	2233	6523	332	immediate
SUPER_14	13756629	13757569	IR	589	.	13757095	0.589	0.939	86	169506	13756629	13757006	13757192	13757577	15412883	13601065	13851065	86	2600	377	186	immediate
SUPER_14	9563722	9659024	IR	544	.	9611717	0.544	0.396	93	95274	9563722	9610296	9612541	9659024	15412883	9512114	9762114	0	1654	46483	2245	spaced
SUPER_14	11365628	11368098	IR	540	.	11366863	0.540	0.996	103	2545	11365628	11366194	11367532	11368098	15412883	11145147	11395147	103	3695	566	1338	immediate
SUPER_14	1211750	1333796	IR	504	.	1272528	0.504	0.393	141	153003	1211750	1271511	1274045	1333796	15412883	1150000	1400000	16	2046	59751	2534	spaced
SUPER_14	2589557	2590197	IR	473	.	2589877	0.473	1.000	48	171292	2589557	2589789	2589965	2590197	15412883	2500000	2750000	48	1497	232	176	immediate
SUPER_14	14280307	14402813	IR	451	.	14341565	0.451	0.383	28	122568	14280307	14341041	14342089	14402813	15412883	14201065	14451065	28	2341	60724	1048	immediate
SUPER_14	621991	831619	IR	433	.	726839	0.433	0.387	35	209701	621991	726157	727521	831619	15412883	600000	850000	35	2113	104098	1364	immediate
SUPER_14	3861908	4046545	IR	423	.	3954579	0.423	0.385	33	184618	3861908	3932843	3975679	4046545	15412883	3800000	4050000	0	2570	70866	42836	spaced
SUPER_14	1425996	1426594	IR	418	.	1426295	0.418	0.995	34	26633	1425996	1426188	1426402	1426594	15412883	1400000	1650000	34	438	192	214	immediate
SUPER_14	1951385	2014444	IR	415	.	1982928	0.415	0.385	59	63255	1951385	1982877	1982979	2014444	15412883	1800000	2050000	59	3048	31465	102	immediate
SUPER_14	6684143	6689241	IR	402	.	6686692	0.402	1.000	339	5417	6684143	6685708	6687676	6689241	15412883	6462114	6712114	339	3742	1565	1968	immediate
SUPER_14	15187133	15243798	IR	376	.	15214980	0.376	0.980	26	56647	15187133	15187385	15243546	15243799	15412883	15051065	15301065	0	2739	252	56161	spaced
SUPER_14	879599	891005	IR	361	.	885207	0.361	0.543	68	11641	879599	880899	889755	891005	15412883	650000	900000	98	3921	1250	8856	spaced
SUPER_14	12224429	12374940	IR	353	.	12299643	0.353	0.386	40	150559	12224429	12278843	12320578	12374940	15412883	12201065	12451065	40	1643	54362	41735	spaced
SUPER_14	12810945	12920033	IR	347	.	12865402	0.347	0.926	38	109356	12810945	12811317	12919661	12920036	15412883	12701065	12951065	38	2740	372	108344	wide
SUPER_14	1090105	1199571	IR	341	.	1144564	0.341	0.385	34	109449	1090105	1127103	1162573	1199577	15412883	950000	1200000	0	3247	36998	35470	spaced
SUPER_14	11942606	11947399	IR	341	.	11945009	0.341	0.448	32	4812	11942606	11944952	11945062	11947399	15412883	11801065	12051065	32	2398	2337	110	immediate
SUPER_14	4315823	4445343	IR	340	.	4380410	0.340	0.380	33	129863	4315823	4373321	4387845	4445433	15412883	4250000	4500000	34	2176	57498	14524	spaced
SUPER_14	8339897	8467232	IR	340	.	8403259	0.340	0.977	25	127301	8339897	8340118	8467011	8467232	15412883	8312114	8562114	0	1524	221	126893	wide
SUPER_14	13406258	13585387	IR	339	.	13496031	0.339	0.400	41	186215	13406258	13422293	13569353	13585387	15412883	13351065	13601065	41	2412	16034	147060	wide
SUPER_14	12746799	12775533	IR	338	.	12761285	0.338	0.980	144	36211	12746799	12747644	12774695	12775533	15412883	12551065	12801065	144	3501	838	27051	spaced
SUPER_14	3207361	3256877	IR	338	.	3231795	0.338	0.996	33	49492	3207361	3207585	3256653	3256877	15412883	3050000	3300000	0	3035	224	49068	spaced
SUPER_14	10495986	10621239	IR	338	.	10559088	0.338	0.386	23	125272	10495986	10552884	10564341	10621289	15412883	10412114	10662114	0	2441	56898	11457	spaced
SUPER_14	11458590	11692519	IR	337	.	11575922	0.337	0.964	25	233912	11458590	11458812	11692300	11692519	15412883	11445147	11695147	0	2173	219	233488	wide
SUPER_14	14035511	14182938	IR	336	.	14108841	0.336	0.385	38	147405	14035511	14081478	14136971	14182940	15412883	13951065	14201065	0	2635	45967	55493	spaced
SUPER_14	7832898	8046557	IR	335	.	7939744	0.335	0.708	26	213706	7832898	7833101	8046354	8046569	15412883	7812114	8062114	26	2126	203	213253	wide
SUPER_14	2205716	2372728	IR	334	.	2288810	0.334	0.386	40	167049	2205716	2244378	2334066	2372788	15412883	2150000	2400000	0	2320	38662	89688	spaced
SUPER_14	10485131	10490484	IR	333	.	10487625	0.333	1.000	23	5352	10485131	10485246	10490369	10490484	15412883	10262114	10512114	23	3761	115	5123	spaced
SUPER_14	126420	343194	IR	332	.	234477	0.332	0.976	58	216757	126420	126880	342738	343194	15412883	100000	350000	0	2246	456	215858	wide
SUPER_14	4803263	4940389	IR	332	.	4871907	0.332	0.385	31	137221	4803263	4847816	4895836	4940467	15412883	4750000	5000000	31	2030	44553	48020	spaced
SUPER_14	12027563	12104575	IR	332	.	12066534	0.332	0.844	24	76979	12027563	12027749	12104417	12104575	15412883	12001065	12251065	0	1083	158	76668	spaced
SUPER_14	10911060	10941120	IR	331	.	10926123	0.331	0.929	142	30267	10911060	10912305	10939875	10941142	15412883	10795147	11045147	142	2182	1245	27570	spaced
SUPER_14	1809321	1915371	IR	331	.	1862750	0.331	0.408	37	106021	1809321	1819183	1905525	1915371	15412883	1700000	1950000	0	2705	9846	86342	spaced
SUPER_14	12376063	12493409	IR	331	.	12434304	0.331	0.387	33	117276	12376063	12431671	12437911	12493409	15412883	12251065	12501065	0	3061	55498	6240	spaced
SUPER_14	14565621	14660680	IR	331	.	14612874	0.331	0.366	29	95087	14565621	14606192	14620109	14660730	15412883	14451065	14701065	0	2701	40571	13917	spaced
SUPER_14	10239226	10436601	IR	331	.	10337861	0.331	0.984	28	197372	10239226	10239417	10436410	10436601	15412883	10212114	10462114	28	2096	191	196993	wide
SUPER_14	6586326	6609360	IR	331	.	6597917	0.331	0.937	24	23037	6586326	6586644	6609045	6609360	15412883	6362114	6612114	24	3928	315	22401	spaced
SUPER_14	7620847	7688377	IR	329	.	7654647	0.329	0.987	34	67526	7620847	7621083	7688141	7688377	15412883	7462114	7712114	34	3208	236	67058	spaced
SUPER_14	6880010	7080638	IR	329	.	6980674	0.329	1.000	33	200596	6880010	6880234	7080414	7080638	15412883	6862114	7112114	0	1970	224	200180	wide
SUPER_14	10070396	10239365	IR	329	.	10154881	0.329	0.455	32	169026	10070396	10071959	10237885	10239365	15412883	10012114	10262114	32	2379	1480	165926	wide
SUPER_14	12609712	12724929	IR	329	.	12667792	0.329	0.987	32	115192	12609712	12609937	12724704	12724929	15412883	12501065	12751065	0	2770	225	114767	wide
SUPER_14	14869027	14977461	IR	329	.	14923198	0.329	0.695	24	108451	14869027	14869374	14977116	14977461	15412883	14751065	15001065	24	2869	345	107742	wide
SUPER_14	2899770	3001449	IR	329	.	2950685	0.329	0.894	20	101703	2899770	2899935	3001284	3001463	15412883	2800000	3050000	20	2510	165	101349	wide
SUPER_14	13113965	13306942	IR	328	.	13210057	0.328	0.402	35	192958	13113965	13129595	13291341	13306942	15412883	13101065	13351065	0	1823	15601	161746	wide
SUPER_14	3480258	3574298	IR	328	.	3526857	0.328	0.390	31	76239	3480258	3504013	3550639	3574298	15412883	3400000	3650000	0	2121	23659	46626	spaced
SUPER_14	11206210	11277319	IR	328	.	11241551	0.328	0.895	26	71104	11206210	11206415	11277123	11277319	15412883	11095147	11345147	26	2443	196	70708	spaced
SUPER_14	7544938	7568790	IR	328	.	7556448	0.328	0.987	24	23835	7544938	7545162	7568566	7568790	15412883	7362114	7612114	0	3245	224	23404	spaced
SUPER_14	5167615	5362126	IR	327	.	5264514	0.327	0.404	149	162837	5167615	5212987	5316754	5362173	15412883	5150000	5400000	0	1914	45372	103767	wide
SUPER_14	8954382	9118933	IR	327	.	9036295	0.327	1.000	38	164534	8954382	8954618	9118697	9118933	15412883	8912114	9162114	0	2075	236	164079	wide
SUPER_14	1471744	1634325	IR	326	.	1553346	0.326	0.380	39	162665	1471744	1535123	1570946	1634429	15412883	1450000	1700000	0	1717	63379	35823	spaced
SUPER_14	13019066	13107186	IR	326	.	13063280	0.326	0.397	35	88193	13019066	13037008	13089326	13107186	15412883	13001065	13251065	35	1034	17860	52318	spaced
SUPER_14	9833974	9924852	IR	326	.	9879050	0.326	0.388	33	90908	9833974	9873802	9885024	9924910	15412883	9712114	9962114	0	2788	39828	11222	spaced
SUPER_14	6260988	6303103	IR	326	.	6282494	0.326	0.982	25	42099	6260988	6261207	6302884	6303105	15412883	6212114	6462114	0	1165	219	41677	spaced
SUPER_14	7335411	7530928	IR	326	.	7433096	0.326	0.971	24	195518	7335411	7335615	7530726	7530928	15412883	7312114	7562114	24	2017	202	195111	wide
SUPER_14	5955123	6055118	IR	325	.	6004890	0.325	0.869	98	100031	5955123	5956128	6054146	6055118	15412883	5862114	6112114	40	2383	972	98018	spaced
SUPER_14	5431186	5505153	IR	325	.	5468518	0.325	0.402	29	73979	5431186	5443767	5492572	5505197	15412883	5350000	5600000	0	1969	12581	48805	spaced
SUPER_14	4529316	4665478	IR	325	.	4597041	0.325	0.973	27	136145	4529316	4529540	4665257	4665478	15412883	4450000	4700000	0	2456	221	135717	wide
SUPER_14	5667291	5851489	IR	325	.	5759844	0.325	0.387	22	184170	5667291	5723576	5795246	5851489	15412883	5612114	5862114	0	2454	56243	71670	spaced
SUPER_14	7238776	7252370	IR	324	.	7245290	0.324	0.853	76	13572	7238776	7239934	7251277	7252370	15412883	7112114	7362114	0	2224	1093	11343	spaced
SUPER_14	3316718	3372156	IR	324	.	3344697	0.324	0.915	63	55427	3316718	3317698	3371176	3372165	15412883	3150000	3400000	0	3240	980	53478	spaced
SUPER_14	9263324	9443814	IR	324	.	9354001	0.324	0.391	36	180380	9263324	9300595	9406543	9443857	15412883	9262114	9512114	0	1524	37271	105948	wide
SUPER_14	12531758	12598693	IR	323	.	12565327	0.323	0.853	65	67142	12531758	12532567	12597884	12598782	15412883	12351065	12601065	70	3569	809	65317	spaced
SUPER_14	8825787	8937162	IR	322	.	8881958	0.322	0.399	122	111323	8825787	8866732	8896298	8937162	15412883	8762114	9012114	0	1989	40864	29566	spaced
SUPER_14	13306814	13346242	IR	322	.	13326082	0.322	0.456	28	39472	13306814	13310216	13342840	13346315	15412883	13301065	13551065	0	424	3402	32624	spaced
SUPER_14	4067394	4164127	IR	322	.	4115563	0.322	0.983	27	96758	4067394	4067567	4163954	4164127	15412883	4050000	4300000	27	1095	173	96387	spaced
SUPER_14	9176871	9208539	IR	322	.	9192523	0.322	0.923	26	31676	9176871	9177064	9208350	9208539	15412883	8962114	9212114	26	3843	189	31286	spaced
SUPER_14	410098	614278	IR	321	.	511885	0.321	0.972	180	204177	410098	411458	612918	614295	15412883	400000	650000	0	1869	1360	201460	wide
SUPER_14	6626433	6627270	IR	321	.	6626811	0.321	1.000	63	50869	6626433	6626728	6626975	6627270	15412883	6512114	6762114	63	1912	295	247	immediate
SUPER_14	8582370	8585020	IR	321	.	8583692	0.321	0.963	24	2639	8582370	8582560	8584830	8585020	15412883	8362114	8612114	24	3692	190	2270	spaced
SUPER_14	8196154	8296516	IR	320	.	8246523	0.320	0.389	38	100481	8196154	8245161	8247509	8296598	15412883	8062114	8312114	38	3070	49007	2348	spaced
SUPER_14	6730832	6875712	IR	320	.	6802883	0.320	0.966	22	144851	6730832	6731036	6875509	6875712	15412883	6662114	6912114	0	2352	203	144473	wide
SUPER_14	2628092	2645321	IR	319	.	2636273	0.319	0.995	32	17204	2628092	2628296	2645117	2645321	15412883	2550000	2800000	0	1444	204	16821	spaced
SUPER_14	1641615	1798162	IR	318	.	1719724	0.318	0.838	34	156695	1641615	1642432	1797350	1798162	15412883	1550000	1800000	34	2831	812	154918	wide
SUPER_14	7116755	7178424	IR	318	.	7147376	0.318	0.989	25	61664	7116755	7116940	7178239	7178424	15412883	7112114	7362114	25	591	185	61299	spaced
SUPER_14	3701460	3828272	IR	318	.	3764421	0.318	0.387	24	126872	3701460	3741075	3788657	3828349	15412883	3650000	3900000	0	1914	39615	47582	spaced
SUPER_14	9945865	9991077	IR	318	.	9968626	0.318	0.934	23	45202	9945865	9946091	9990857	9991077	15412883	9912114	10162114	23	939	220	44766	spaced
SUPER_14	13764591	13844622	IR	317	.	13804685	0.317	0.387	48	175660	13764591	13780833	13828380	13844662	15412883	13701065	13951065	48	1725	16242	47547	spaced
SUPER_14	10960598	11115870	IR	317	.	11038074	0.317	0.755	27	155269	10960598	10960890	11115611	11115870	15412883	10945147	11195147	27	1551	259	154721	wide
SUPER_14	11766505	11786089	IR	317	.	11776349	0.317	0.988	27	19609	11766505	11766671	11785923	11786089	15412883	11545147	11795147	27	3852	166	19252	spaced
SUPER_14	3604785	3701592	IR	317	.	3652738	0.317	0.389	26	96785	3604785	3626930	3679469	3701592	15412883	3550000	3800000	0	1719	22123	52539	spaced
SUPER_14	4676161	4781479	IR	317	.	4729236	0.317	0.964	25	105293	4676161	4676384	4781260	4781479	15412883	4650000	4900000	0	1313	219	104876	wide
SUPER_14	13886601	13897023	IR	316	.	13891683	0.316	0.530	27	10522	13886601	13887507	13896117	13897062	15412883	13801065	14051065	29	1512	906	8610	spaced
SUPER_14	2478899	2522912	IR	315	.	2501130	0.315	1.000	35	162044	2478899	2478916	2522895	2522912	15412883	2350000	2600000	1	2514	17	43979	spaced
SUPER_14	5029335	5047767	IR	314	.	5038755	0.314	0.994	30	18455	5029335	5029504	5047598	5047767	15412883	4950000	5200000	30	1475	169	18094	spaced
SUPER_14	13866335	13870374	IR	314	.	13868691	0.314	0.979	30	4015	13866335	13866578	13870134	13870374	15412883	13801065	14051065	0	1121	240	3556	spaced
SUPER_14	9671001	9716692	IR	314	.	9694163	0.314	0.938	28	45686	9671001	9671297	9716396	9716704	15412883	9612114	9862114	0	1362	296	45099	spaced
SUPER_14	14540042	14556686	IR	314	.	14548808	0.314	0.923	21	16626	14540042	14540288	14556449	14556686	15412883	14401065	14651065	0	2454	237	16161	spaced
SUPER_14	7098646	7114343	IR	313	.	7106836	0.313	0.954	69	15678	7098646	7099090	7113899	7114355	15412883	6912114	7162114	0	3239	444	14809	spaced
SUPER_14	14743195	14788157	IR	313	.	14765433	0.313	0.954	59	113201	14743195	14743518	14787843	14788157	15412883	14601065	14851065	58	2743	314	44325	spaced
SUPER_14	12958196	12989382	IR	313	.	12974156	0.313	0.928	42	31162	12958196	12958960	12988618	12989395	15412883	12851065	13101065	0	2045	764	29658	spaced
SUPER_14	11968571	11997684	IR	313	.	11982760	0.313	0.396	31	29156	11968571	11982818	11983437	11997755	15412883	11801065	12051065	0	3034	14247	619	immediate
SUPER_14	6372448	6543634	IR	313	.	6458251	0.313	0.985	20	171178	6372448	6372578	6543504	6543634	15412883	6312114	6562114	20	2431	130	170926	wide
SUPER_14	5916463	5954596	IR	312	.	5935339	0.312	0.975	51	38173	5916463	5916817	5954247	5954596	15412883	5712114	5962114	51	3723	349	37430	spaced
SUPER_14	6136946	6149354	IR	311	.	6143367	0.311	0.988	21	12399	6136946	6137107	6149193	6149354	15412883	5962114	6212114	21	3017	161	12086	spaced
SUPER_14	10720116	10814154	IR	310	.	10766915	0.310	0.996	44	94059	10720116	10720381	10813889	10814154	15412883	10695147	10945147	44	1199	265	93508	spaced
SUPER_14	15341882	15344983	IR	310	.	15343044	0.310	0.898	38	3044	15341882	15342573	15344301	15344983	15412883	15101065	15351065	0	4039	682	1728	immediate
SUPER_14	2687680	2779658	IR	310	.	2733969	0.310	0.928	35	91961	2687680	2688021	2779323	2779658	15412883	2550000	2800000	0	3061	335	91302	spaced
SUPER_14	2018176	2125160	IR	310	.	2071726	0.310	0.382	26	107181	2018176	2062797	2080539	2125233	15412883	2000000	2250000	26	1194	44621	17742	spaced
SUPER_14	15041665	15158036	IR	309	.	15100257	0.309	0.998	96	116351	15041665	15042217	15157484	15158036	15412883	14951065	15201065	0	2479	552	115267	wide
SUPER_14	11379327	11400813	IR	309	.	11390000	0.309	0.984	27	21498	11379327	11379520	11400620	11400813	15412883	11195147	11445147	27	3248	193	21100	spaced
SUPER_14	2799062	2803961	IR	307	.	2801381	0.307	0.947	90	100750	2799062	2799963	2803060	2803961	15412883	2650000	2900000	90	2525	901	3097	spaced
SUPER_14	920885	1069031	IR	307	.	994527	0.307	0.385	28	148112	920885	973715	1016260	1069031	15412883	900000	1150000	0	1582	52771	42545	spaced
SUPER_14	11699508	11743148	IR	307	.	11721522	0.307	0.391	28	43661	11699508	11718695	11724023	11743148	15412883	11545147	11795147	28	2936	19125	5328	spaced
SUPER_14	7702466	7789849	IR	306	.	7746639	0.306	0.455	73	87360	7702466	7708608	7783715	7789849	15412883	7562114	7812114	0	3067	6134	75107	spaced
SUPER_14	14464948	14525473	IR	304	.	14494782	0.304	0.929	23	60497	14464948	14465158	14525275	14525473	15412883	14351065	14601065	0	2402	198	60117	spaced
SUPER_14	14194720	14218549	IR	302	.	14207077	0.302	0.960	47	23809	14194720	14195215	14218054	14218553	15412883	14001065	14251065	0	3426	495	22839	spaced
SUPER_14	13616845	13733784	IR	300	.	13675300	0.300	0.880	72	117746	13616845	13617534	13733145	13733784	15412883	13601065	13851065	76	1237	639	115611	wide
SUPER_14	6177183	6181092	IR	299	.	6178888	0.299	0.869	31	3894	6177183	6177700	6180575	6181098	15412883	6012114	6262114	0	2783	517	2875	spaced
SUPER_14	357661	373633	IR	297	.	365169	0.297	0.909	45	15956	357661	358063	373231	373660	15412883	200000	450000	0	2760	402	15168	spaced
SUPER_14	2591959	2621704	IR	297	.	2606343	0.297	0.419	32	29716	2591959	2596869	2616794	2621704	15412883	2550000	2800000	0	947	4910	19925	spaced
SUPER_14	5048725	5081025	IR	296	.	5064620	0.296	0.775	24	32281	5048725	5049040	5080775	5081025	15412883	4850000	5100000	0	3581	250	31735	spaced
SUPER_14	4174142	4177137	IR	291	.	4175916	0.291	1.000	33	2970	4174142	4174359	4176920	4177137	15412883	4000000	4250000	0	2927	217	2561	spaced
SUPER_15	8502567	8510229	IR	775	.	8506398	0.775	1.000	731	66795	8502567	8505725	8507071	8510229	14983446	8400000	8650000	731	1773	3158	1346	immediate
SUPER_15	7254332	7257749	IR	687	.	7256049	0.687	0.982	233	3647	7254332	7255491	7256607	7257749	14983446	7100000	7350000	233	2600	1142	1116	immediate
SUPER_15	7172094	7174185	IR	684	.	7173052	0.684	0.964	57	2123	7172094	7172399	7173889	7174185	14983446	6950000	7200000	76	3718	296	1490	immediate
SUPER_15	8766554	8767430	IR	645	.	8766840	0.645	1.000	42	107930	8766554	8766760	8767224	8767430	14983446	8650000	8900000	42	1949	206	464	immediate
SUPER_15	6752222	6990453	IR	458	.	6871337	0.458	0.383	36	238327	6752222	6870786	6871889	6990522	14983446	6750000	7000000	36	2022	118564	1103	immediate
SUPER_15	14265517	14282140	IR	454	.	14274207	0.454	0.629	44	16593	14265517	14266653	14281026	14282140	14983446	14050000	14300000	0	3730	1114	14373	spaced
SUPER_15	3067649	3272045	IR	451	.	3170277	0.451	0.384	40	204445	3067649	3169225	3170469	3272116	14983446	3050000	3300000	0	1997	101576	1244	immediate
SUPER_15	619042	649164	IR	431	.	634133	0.431	0.388	29	30140	619042	633532	634734	649164	14983446	450000	700000	29	3068	14430	1202	immediate
SUPER_15	4506893	4612525	IR	418	.	4559940	0.418	0.927	32	105876	4506893	4507036	4612382	4612532	14983446	4400000	4650000	26	2661	143	105346	wide
SUPER_15	2755647	2823277	IR	404	.	2789899	0.404	0.387	33	67580	2755647	2771637	2807320	2823277	14983446	2600000	2850000	0	3157	15957	35683	spaced
SUPER_15	10261877	10269897	IR	388	.	10266051	0.388	0.414	23	8032	10261877	10265476	10266322	10269897	14983446	10250000	10500000	23	264	3575	846	immediate
SUPER_15	13019515	13136193	IR	371	.	13077981	0.371	0.895	54	116733	13019515	13020142	13135566	13136202	14983446	12950000	13200000	58	2130	627	115424	wide
SUPER_15	8271637	8273802	IR	357	.	8273021	0.357	1.000	157	2138	8271637	8272507	8272932	8273802	14983446	8050000	8300000	0	3711	870	425	immediate
SUPER_15	10951382	10971677	IR	355	.	10961852	0.355	0.970	122	20279	10951382	10952341	10970718	10971678	14983446	10750000	11000000	0	3525	959	18377	spaced
SUPER_15	14598853	14740432	IR	347	.	14669815	0.347	0.876	26	141574	14598853	14599068	14740218	14740432	14983446	14550000	14800000	26	1993	214	141150	wide
SUPER_15	11167328	11172023	IR	344	.	11169508	0.344	0.919	177	4895	11167328	11168608	11170743	11172056	14983446	10950000	11200000	177	3661	1280	2135	spaced
SUPER_15	3899311	3992265	IR	343	.	3946250	0.343	0.380	22	63593	3899311	3928953	3962641	3992265	14983446	3800000	4050000	0	2429	29624	33688	spaced
SUPER_15	9335294	9529698	IR	342	.	9432593	0.342	0.989	27	194427	9335294	9335483	9529509	9529698	14983446	9300000	9550000	27	2208	189	194026	wide
SUPER_15	7613995	7621924	IR	341	.	7618029	0.341	0.984	24	7948	7613995	7614184	7621737	7621924	14983446	7500000	7750000	24	1965	187	7553	spaced
SUPER_15	9610050	9620585	IR	340	.	9614849	0.340	0.602	33	10548	9610050	9610876	9619759	9620624	14983446	9400000	9650000	0	3588	826	8883	spaced
SUPER_15	4022052	4129174	IR	340	.	4075983	0.340	0.957	27	107105	4022052	4022305	4128921	4129175	14983446	3900000	4150000	0	2926	253	106616	wide
SUPER_15	2189706	2232677	IR	339	.	2211136	0.339	0.971	29	43006	2189706	2189879	2232505	2232677	14983446	2150000	2400000	29	1019	172	42626	spaced
SUPER_15	10600254	10762305	IR	336	.	10681100	0.336	0.986	25	162052	10600254	10600462	10762097	10762305	14983446	10550000	10800000	25	2187	208	161635	wide
SUPER_15	13952200	14094179	IR	335	.	14022838	0.335	0.408	342	141975	13952200	14007517	14038862	14094199	14983446	13850000	14100000	0	2886	55317	31345	spaced
SUPER_15	9045284	9058115	IR	335	.	9051533	0.335	0.907	49	12877	9045284	9045636	9057763	9058137	14983446	8850000	9100000	49	3361	352	12127	spaced
SUPER_15	1458186	1660115	IR	335	.	1558869	0.335	0.810	43	202000	1458186	1458834	1659467	1660209	14983446	1450000	1700000	0	1819	648	200633	wide
SUPER_15	1970390	2098329	IR	335	.	2034042	0.335	0.384	25	127848	1970390	2027485	2041234	2098370	14983446	1850000	2100000	0	3072	57095	13749	spaced
SUPER_15	6042870	6168107	IR	335	.	6105288	0.335	0.757	24	191381	6042870	6043018	6167959	6168140	14983446	6000000	6250000	5	1758	148	124941	wide
SUPER_15	12888743	12978196	IR	334	.	12933578	0.334	0.384	42	108847	12888743	12918120	12948854	12978196	14983446	12800000	13050000	42	2224	29342	30734	spaced
SUPER_15	12118117	12202044	IR	334	.	12160557	0.334	0.388	32	83909	12118117	12149685	12170547	12202044	14983446	12100000	12350000	0	1001	31497	20862	spaced
SUPER_15	12340434	12483347	IR	334	.	12411961	0.334	0.991	32	220992	12340434	12340646	12483135	12483347	14983446	12300000	12550000	32	1864	212	142489	wide
SUPER_15	9246343	9257864	IR	334	.	9251859	0.334	0.979	21	11511	9246343	9246483	9257726	9257864	14983446	9200000	9450000	21	868	138	11243	spaced
SUPER_15	2450066	2650979	IR	333	.	2551000	0.333	0.379	31	200946	2450066	2547503	2553542	2651041	14983446	2450000	2700000	0	1675	97437	6039	spaced
SUPER_15	13462730	13507373	IR	333	.	13485486	0.333	0.893	25	44648	13462730	13463112	13506991	13507400	14983446	13450000	13700000	0	584	382	43879	spaced
SUPER_15	14121746	14125290	IR	332	.	14123221	0.332	0.989	75	3527	14121746	14122287	14124749	14125290	14983446	13900000	14150000	0	3725	541	2462	spaced
SUPER_15	13176953	13380245	IR	332	.	13278698	0.332	0.383	54	203442	13176953	13231470	13325758	13380245	14983446	13150000	13400000	54	2143	54487	94288	spaced
SUPER_15	7765595	7866330	IR	332	.	7816394	0.332	0.386	27	70097	7765595	7811681	7820244	7866333	14983446	7650000	7900000	0	2765	46086	8563	spaced
SUPER_15	7926009	8077171	IR	332	.	8001932	0.332	0.392	23	151150	7926009	7947847	8055333	8077183	14983446	7850000	8100000	0	2526	21838	107486	wide
SUPER_15	5537266	5596881	IR	331	.	5567000	0.331	0.934	26	59623	5537266	5537439	5596708	5596889	14983446	5350000	5600000	26	3617	173	59269	spaced
SUPER_15	1746482	1757189	IR	330	.	1752063	0.330	0.981	33	46576	1746482	1746587	1757084	1757189	14983446	1550000	1800000	13	3363	105	10497	spaced
SUPER_15	3995148	4021523	IR	330	.	4007952	0.330	0.386	32	26353	3995148	4008358	4008373	4021523	14983446	3800000	4050000	0	3472	13150	15	immediate
SUPER_15	677532	738198	IR	330	.	708269	0.330	0.392	31	60577	677532	693084	722655	738198	14983446	500000	750000	0	3464	15543	29571	spaced
SUPER_15	106410	133657	IR	329	.	120116	0.329	0.852	49	27406	106410	107266	132808	133657	14983446	100000	350000	49	333	849	25542	spaced
SUPER_15	7335718	7338775	IR	329	.	7337449	0.329	0.823	33	3096	7335718	7336371	7338122	7338799	14983446	7150000	7400000	36	3120	653	1751	immediate
SUPER_15	7051791	7077695	IR	329	.	7064788	0.329	0.407	32	26023	7051791	7059247	7070239	7077717	14983446	6900000	7150000	32	2745	7456	10992	spaced
SUPER_15	347771	375637	IR	328	.	362072	0.328	0.982	100	27848	347771	348493	374915	375637	14983446	150000	400000	0	3528	722	26422	spaced
SUPER_15	4187107	4308647	IR	328	.	4247425	0.328	0.927	36	121452	4187107	4187442	4308313	4308647	14983446	4100000	4350000	0	2464	334	120871	wide
SUPER_15	8550533	8592943	IR	328	.	8572135	0.328	0.811	26	42435	8550533	8550830	8592646	8592991	14983446	8550000	8800000	0	362	297	41816	spaced
SUPER_15	4928576	5070618	IR	328	.	4999421	0.328	0.909	25	142046	4928576	4928834	5070360	5070634	14983446	4850000	5100000	25	2493	258	141526	wide
SUPER_15	5829827	5882084	IR	328	.	5856088	0.328	0.993	23	52247	5829827	5829963	5881948	5882084	14983446	5650000	5900000	23	3432	136	51985	spaced
SUPER_15	10279470	10335308	IR	328	.	10307652	0.328	0.969	23	55821	10279470	10279694	10335087	10335308	14983446	10250000	10500000	0	956	221	55393	spaced
SUPER_15	13566868	13780668	IR	327	.	13674150	0.327	0.917	63	213778	13566868	13567569	13780003	13780668	14983446	13550000	13800000	0	2062	665	212434	wide
SUPER_15	78940	89787	IR	327	.	83945	0.327	0.995	56	10816	78940	79336	89391	89787	14983446	50000	300000	0	572	396	10055	spaced
SUPER_15	12580005	12731176	IR	327	.	12655527	0.327	0.405	45	151260	12580005	12586406	12724797	12731176	14983446	12550000	12800000	46	1759	6379	138391	wide
SUPER_15	9098390	9113454	IR	326	.	9106287	0.326	0.987	27	15047	9098390	9098614	9113230	9113454	14983446	8900000	9150000	0	3431	224	14616	spaced
SUPER_15	481430	593267	IR	326	.	537067	0.326	0.392	25	99823	481430	493659	581038	593306	14983446	450000	700000	0	1455	12229	87379	spaced
SUPER_15	6470974	6697496	IR	325	.	6584667	0.325	0.961	61	226511	6470974	6471692	6696778	6697504	14983446	6450000	6700000	0	2237	718	225086	wide
SUPER_15	1210776	1362904	IR	325	.	1287328	0.325	0.387	40	152104	1210776	1240090	1333604	1362904	14983446	1200000	1450000	0	1447	29300	93514	spaced
SUPER_15	3372795	3392221	IR	324	.	3382348	0.324	0.995	34	19455	3372795	3372998	3392018	3392221	14983446	3350000	3600000	34	541	203	19020	spaced
SUPER_15	9695108	9882490	IR	324	.	9789220	0.324	0.996	34	187352	9695108	9695339	9882259	9882490	14983446	9650000	9900000	0	2313	231	186920	wide
SUPER_15	1774906	1959923	IR	324	.	1867809	0.324	0.983	32	185000	1774906	1775142	1959687	1959923	14983446	1750000	2000000	0	1956	236	184545	wide
SUPER_15	4649056	4818119	IR	324	.	4733162	0.324	0.957	24	169037	4649056	4649332	4817843	4818119	14983446	4600000	4850000	0	2226	276	168511	wide
SUPER_15	8273817	8280661	IR	323	.	8276798	0.323	0.998	509	6824	8273817	8276696	8277783	8280661	14983446	8050000	8300000	0	3787	2878	1087	immediate
SUPER_15	3752143	3816734	IR	323	.	3784117	0.323	0.384	23	64609	3752143	3771460	3797417	3816771	14983446	3700000	3950000	0	1407	19317	25957	spaced
SUPER_15	11867593	12072321	IR	323	.	11969742	0.323	0.992	23	204734	11867593	11867722	12072192	12072321	14983446	11850000	12100000	23	1999	129	204470	wide
SUPER_15	2685034	2731644	IR	322	.	2708335	0.322	0.917	113	46952	2685034	2685955	2730723	2731692	14983446	2500000	2750000	121	3472	921	44768	spaced
SUPER_15	10121862	10192777	IR	322	.	10157586	0.322	0.397	72	57748	10121862	10147933	10166760	10192777	14983446	10050000	10300000	0	1788	26017	18827	spaced
SUPER_15	13812676	13854169	IR	322	.	13833217	0.322	0.774	26	143273	13812676	13812892	13853975	13854169	14983446	13750000	14000000	18	1390	194	41083	spaced
SUPER_15	4392766	4506911	IR	322	.	4450228	0.322	0.387	25	114197	4392766	4410650	4489027	4506982	14983446	4300000	4550000	0	2497	17884	78377	spaced
SUPER_15	1198759	1205458	IR	322	.	1202399	0.322	0.980	24	6679	1198759	1198962	1205255	1205458	14983446	1000000	1250000	0	3368	203	6293	spaced
SUPER_15	956586	1186834	IR	322	.	1071482	0.322	0.379	23	230246	956586	1031272	1112150	1186834	14983446	950000	1200000	23	2028	74684	80878	spaced
SUPER_15	11535858	11710610	IR	321	.	11622999	0.321	0.992	501	176643	11535858	11538378	11708091	11710610	14983446	11500000	11750000	501	2053	2519	169713	wide
SUPER_15	10835985	10932357	IR	321	.	10883924	0.321	0.609	31	96355	10835985	10836009	10932334	10932357	14983446	10700000	10950000	6	3069	23	96325	spaced
SUPER_15	759147	860562	IR	321	.	809563	0.321	0.388	30	100448	759147	800050	819659	860613	14983446	650000	900000	0	2664	40903	19609	spaced
SUPER_15	11324099	11351640	IR	321	.	11337735	0.321	0.399	29	27566	11324099	11333261	11342478	11351654	14983446	11200000	11450000	29	2297	9162	9217	spaced
SUPER_15	7479843	7565244	IR	320	.	7522191	0.320	0.943	38	85375	7479843	7480225	7564866	7565244	14983446	7400000	7650000	0	2042	378	84641	spaced
SUPER_15	3301817	3327629	IR	319	.	3314542	0.319	0.961	44	25851	3301817	3302142	3327304	3327636	14983446	3250000	3500000	44	1078	325	25162	spaced
SUPER_15	11375621	11521625	IR	319	.	11448432	0.319	0.991	34	166888	11375621	11375847	11521399	11521625	14983446	11300000	11550000	34	2476	226	145552	wide
SUPER_15	3438032	3532453	IR	319	.	3485149	0.319	0.395	28	94438	3438032	3457176	3513323	3532453	14983446	3400000	3650000	28	1420	19130	56147	spaced
SUPER_15	14922954	14949110	IR	319	.	14936510	0.319	0.774	24	26115	14922954	14923007	14949069	14949110	14983446	14700000	14950000	0	3933	41	26062	spaced
SUPER_15	5629994	5828398	IR	318	.	5729613	0.318	0.969	172	198385	5629994	5631366	5827036	5828398	14983446	5600000	5850000	0	2153	1362	195670	wide
SUPER_15	6301519	6435145	IR	318	.	6368779	0.318	0.820	78	133604	6301519	6302316	6434393	6435145	14983446	6200000	6450000	0	2805	752	132077	wide
SUPER_15	10395307	10546165	IR	318	.	10471054	0.318	1.000	40	150825	10395307	10395580	10545892	10546165	14983446	10300000	10550000	0	2845	273	150312	wide
SUPER_15	11272595	11276477	IR	318	.	11274369	0.318	0.840	32	4120	11272595	11273083	11276025	11276477	14983446	11050000	11300000	48	3742	452	2942	spaced
SUPER_15	8131691	8225070	IR	318	.	8177923	0.318	0.980	29	93352	8131691	8131944	8224817	8225070	14983446	8000000	8250000	0	2972	253	92873	spaced
SUPER_15	14419369	14459388	IR	318	.	14439097	0.318	0.991	29	40002	14419369	14419593	14459164	14459388	14983446	14300000	14550000	0	2322	224	39571	spaced
SUPER_15	5101474	5154707	IR	318	.	5128319	0.318	0.434	24	53326	5101474	5103734	5152447	5154753	14983446	4950000	5200000	24	2968	2260	48713	spaced
SUPER_15	10069027	10077964	IR	317	.	10073819	0.317	0.995	241	8918	10069027	10070490	10076501	10077964	14983446	9850000	10100000	0	3724	1463	6011	spaced
SUPER_15	14767562	14816851	IR	316	.	14792495	0.316	0.814	57	49258	14767562	14768652	14815832	14816851	14983446	14600000	14850000	0	3203	1019	47180	spaced
SUPER_15	5172623	5281295	IR	316	.	5227220	0.316	0.383	27	65206	5172623	5216309	5237627	5281295	14983446	5050000	5300000	0	2949	43668	21318	spaced
SUPER_15	11005590	11009415	IR	315	.	11007942	0.315	0.954	61	3807	11005590	11006081	11008924	11009417	14983446	10800000	11050000	0	3458	491	2843	spaced
SUPER_15	264686	300733	IR	315	.	282990	0.315	0.401	29	35960	264686	274221	291258	300733	14983446	200000	450000	0	1378	9475	17037	spaced
SUPER_15	2250436	2411926	IR	313	.	2331599	0.313	0.962	101	161479	2250436	2251229	2411133	2411932	14983446	2200000	2450000	0	2186	793	159904	wide
SUPER_15	3643417	3749304	IR	312	.	3696375	0.312	0.401	30	106058	3643417	3650781	3741940	3749382	14983446	3550000	3800000	30	2439	7364	91159	spaced
SUPER_15	8793777	8830180	IR	312	.	8811905	0.312	0.979	25	43020	8793777	8793918	8830039	8830180	14983446	8600000	8850000	25	3532	141	36121	spaced
SUPER_15	14511663	14557155	IR	311	.	14534623	0.311	0.998	177	45670	14511663	14512511	14556307	14557155	14983446	14350000	14600000	177	3073	848	43796	spaced
SUPER_15	8863914	8994559	IR	311	.	8929458	0.311	0.955	26	160228	8863914	8864026	8994451	8994559	14983446	8800000	9050000	12	2153	108	130425	wide
SUPER_15	9175144	9212226	IR	311	.	9193745	0.311	0.392	24	85787	9175144	9191307	9196063	9212268	14983446	9100000	9350000	24	1561	16163	4756	spaced
SUPER_15	17751	21274	IR	310	.	19161	0.310	0.750	56	3478	17751	17823	21220	21274	14983446	0	250000	0	325	54	3397	spaced
SUPER_15	6001295	6012024	IR	310	.	6006476	0.310	0.991	34	10727	6001295	6001513	6011806	6012024	14983446	5800000	6050000	34	3444	218	10293	spaced
SUPER_15	13521714	13543976	IR	310	.	13532960	0.310	0.995	31	22277	13521714	13521913	13543777	13543976	14983446	13500000	13750000	31	547	199	21864	spaced
SUPER_15	11728262	11862445	IR	309	.	11795512	0.309	0.961	23	134199	11728262	11728385	11862322	11862449	14983446	11650000	11900000	23	2422	123	133937	wide
SUPER_15	9032576	9045225	IR	308	.	9038816	0.308	0.978	23	12639	9032576	9032756	9045045	9045225	14983446	8800000	9050000	23	3981	180	12289	spaced
SUPER_15	14164316	14235167	IR	305	.	14200046	0.305	0.407	31	70834	14164316	14170109	14229374	14235175	14983446	14000000	14250000	0	3328	5793	59265	spaced
SUPER_15	5293311	5446661	IR	305	.	5369593	0.305	0.976	24	153325	5293311	5293521	5446451	5446661	14983446	5200000	5450000	0	2832	210	152930	wide
SUPER_15	8513236	8517457	IR	304	.	8515462	0.304	1.000	337	70869	8513236	8514765	8515928	8517457	14983446	8350000	8600000	337	2755	1529	1163	immediate
SUPER_15	2968583	2990570	IR	302	.	2980001	0.302	0.975	20	21960	2968583	2968744	2990409	2990572	14983446	2800000	3050000	0	2992	161	21665	spaced
SUPER_15	9906070	9906857	IR	301	.	9906606	0.301	0.982	25	75925	9906070	9906233	9906694	9906857	14983446	9700000	9950000	25	3440	163	461	immediate
SUPER_15	2105702	2126928	IR	300	.	2116180	0.300	1.000	30	21273	2105702	2105874	2126756	2126928	14983446	2050000	2300000	30	1105	172	20882	spaced
SUPER_15	12751947	12875590	IR	295	.	12813713	0.295	0.385	48	123768	12751947	12811050	12816576	12875590	14983446	12700000	12950000	48	1896	59014	5526	spaced
SUPER_16	5137754	5139990	IR	830	.	5138874	0.830	0.994	200	113986	5137754	5138712	5139032	5139994	14777268	5000000	5250000	200	2314	958	320	immediate
SUPER_16	11692816	11698736	IR	792	.	11695776	0.792	1.000	511	34033	11692816	11695174	11696378	11698736	14777268	11500000	11750000	511	3262	2358	1204	immediate
SUPER_16	2828758	2833886	IR	731	.	2831325	0.731	0.997	447	5647	2828758	2830778	2831872	2833886	14777268	2600000	2850000	447	3855	2014	1094	immediate
SUPER_16	8336004	8341006	IR	705	.	8338505	0.705	1.000	442	5503	8336004	8337863	8339147	8341006	14777268	8100000	8350000	442	3974	1859	1284	immediate
SUPER_16	11327588	11328764	IR	700	.	11328176	0.700	1.000	107	29301	11327588	11328055	11328297	11328764	14777268	11150000	11400000	107	2969	467	242	immediate
SUPER_16	3555689	3556973	IR	692	.	3556331	0.692	0.993	88	77277	3555689	3556144	3556518	3556973	14777268	3450000	3700000	88	1772	455	374	immediate
SUPER_16	12863928	12865024	IR	628	.	12864476	0.628	0.998	72	22967	12863928	12864334	12864618	12865024	14777268	12650000	12900000	72	3574	406	284	immediate
SUPER_16	8589017	8590049	IR	608	.	8589533	0.608	0.983	63	20077	8589017	8589380	8589686	8590049	14777268	8500000	8750000	63	1492	363	306	immediate
SUPER_16	11458945	11571088	IR	509	.	11515195	0.509	0.400	33	112359	11458945	11469113	11560950	11571088	14777268	11350000	11600000	33	2750	10138	91837	spaced
SUPER_16	9458290	9564017	IR	435	.	9511198	0.435	0.388	40	105855	9458290	9511071	9511325	9564017	14777268	9450000	9700000	40	1019	52692	254	immediate
SUPER_16	4574482	4676580	IR	388	.	4625280	0.388	0.384	29	102073	4574482	4625505	4625652	4676580	14777268	4500000	4750000	0	2092	50928	147	immediate
SUPER_16	3610479	3659857	IR	370	.	3635183	0.370	0.387	46	49454	3610479	3634576	3635792	3659857	14777268	3550000	3800000	46	1419	24065	1216	immediate
SUPER_16	14121305	14260997	IR	368	.	14190720	0.368	0.389	36	139747	14121305	14168163	14214139	14261069	14777268	14050000	14300000	0	2352	46858	45976	spaced
SUPER_16	4352893	4423794	IR	364	.	4387861	0.364	0.399	56	70958	4352893	4369745	4406942	4423868	14777268	4300000	4550000	0	1472	16852	37197	spaced
SUPER_16	6734273	6879657	IR	361	.	6806965	0.361	0.388	41	145443	6734273	6806936	6806994	6879692	14777268	6700000	6950000	41	1782	72663	58	immediate
SUPER_16	9245965	9422811	IR	359	.	9334369	0.359	0.969	25	176871	9245965	9246125	9422652	9422811	14777268	9200000	9450000	25	2239	159	176527	wide
SUPER_16	12033255	12200858	IR	355	.	12117261	0.355	0.405	46	167645	12033255	12042339	12191774	12200863	14777268	12000000	12250000	46	1950	9084	149435	wide
SUPER_16	1070616	1192254	IR	350	.	1131710	0.350	0.390	27	121620	1070616	1095746	1167199	1192254	14777268	1050000	1300000	0	1357	25055	71453	spaced
SUPER_16	7173846	7257454	IR	345	.	7215340	0.345	0.881	23	83582	7173846	7174023	7257297	7257454	14777268	7050000	7300000	0	2760	157	83274	spaced
SUPER_16	6176172	6202425	IR	345	.	6189001	0.345	0.472	20	26235	6176172	6177966	6200679	6202425	14777268	6100000	6350000	0	1488	1746	22713	spaced
SUPER_16	5536006	5651357	IR	344	.	5593188	0.344	0.968	22	115335	5536006	5536251	5651112	5651360	14777268	5450000	5700000	0	2394	245	114861	wide
SUPER_16	3039293	3166345	IR	343	.	3103186	0.343	0.387	36	126985	3039293	3099102	3106538	3166345	14777268	2950000	3200000	0	2546	59807	7436	spaced
SUPER_16	300234	495606	IR	343	.	398103	0.343	0.388	28	195470	300234	351588	444252	495665	14777268	250000	500000	28	2465	51354	92664	spaced
SUPER_16	9595383	9705008	IR	343	.	9650278	0.343	0.974	25	109702	9595383	9595574	9704817	9705008	14777268	9550000	9800000	25	1669	191	109243	wide
SUPER_16	4954905	5055663	IR	342	.	5005281	0.342	0.810	34	101374	4954905	4955221	5055395	5055663	14777268	4950000	5200000	39	921	268	100174	wide
SUPER_16	11948874	12027770	IR	336	.	11988442	0.336	0.383	32	78886	11948874	11978107	11998580	12027770	14777268	11800000	12050000	32	3138	29190	20473	spaced
SUPER_16	7397612	7545687	IR	336	.	7471198	0.336	0.951	20	148051	7397612	7397836	7545463	7545687	14777268	7350000	7600000	0	2027	224	147627	wide
SUPER_16	10145377	10178993	IR	335	.	10162181	0.335	0.995	33	33625	10145377	10145564	10178806	10178993	14777268	9950000	10200000	33	3536	187	33242	spaced
SUPER_16	118905	147172	IR	334	.	133050	0.334	0.971	700	29345	118905	122789	143288	147186	14777268	0	250000	700	2217	3884	20499	spaced
SUPER_16	4226359	4281938	IR	334	.	4254497	0.334	0.926	96	55557	4226359	4227341	4280962	4281938	14777268	4050000	4300000	0	3402	976	53621	spaced
SUPER_16	13220233	13237077	IR	334	.	13228592	0.334	0.926	36	83732	13220233	13220421	13236901	13237077	14777268	13150000	13400000	36	1310	176	16480	spaced
SUPER_16	2507757	2560918	IR	334	.	2534002	0.334	0.688	32	53144	2507757	2508540	2560147	2560918	14777268	2450000	2700000	0	1405	771	51607	spaced
SUPER_16	14396580	14457060	IR	334	.	14426335	0.334	0.995	27	60455	14396580	14396784	14456856	14457060	14777268	14300000	14550000	0	2113	204	60072	spaced
SUPER_16	12229915	12369286	IR	333	.	12299369	0.333	0.994	30	139368	12229915	12230089	12369112	12369286	14777268	12200000	12450000	30	1659	174	139023	wide
SUPER_16	10632840	10702633	IR	333	.	10668077	0.333	0.419	27	69835	10632840	10636611	10698862	10702692	14777268	10500000	10750000	0	2795	3771	62251	spaced
SUPER_16	5375285	5508884	IR	333	.	5441839	0.333	0.970	23	133596	5375285	5375485	5508684	5508885	14777268	5350000	5600000	23	1534	200	133199	wide
SUPER_16	1529166	1717910	IR	331	.	1623358	0.331	0.375	21	188746	1529166	1553126	1693958	1717910	14777268	1500000	1750000	21	2058	23952	140832	wide
SUPER_16	8205826	8308508	IR	330	.	8256995	0.330	0.401	43	102706	8205826	8220357	8294022	8308508	14777268	8100000	8350000	43	2619	14486	73665	spaced
SUPER_16	6282183	6442058	IR	330	.	6361736	0.330	0.387	32	159811	6282183	6326315	6397926	6442063	14777268	6250000	6500000	0	1868	44132	71611	spaced
SUPER_16	1862369	1968599	IR	330	.	1915796	0.330	0.994	25	106211	1862369	1862550	1968418	1968599	14777268	1750000	2000000	0	2757	181	105868	wide
SUPER_16	4296402	4313373	IR	329	.	4304432	0.329	0.991	546	16951	4296402	4299781	4309994	4313379	14777268	4100000	4350000	0	3414	3379	10213	spaced
SUPER_16	8420497	8476110	IR	329	.	8448687	0.329	0.931	99	55588	8420497	8421382	8475225	8476133	14777268	8300000	8550000	0	2471	885	53843	spaced
SUPER_16	8363431	8405668	IR	329	.	8384569	0.329	0.930	34	42249	8363431	8363772	8405339	8405668	14777268	8300000	8550000	34	1409	329	41567	spaced
SUPER_16	12417549	12514480	IR	329	.	12466432	0.329	0.384	28	96897	12417549	12465810	12466219	12514482	14777268	12350000	12600000	0	1933	48261	409	immediate
SUPER_16	10858844	11091735	IR	329	.	10974920	0.329	0.389	27	232862	10858844	10877222	11073402	11091735	14777268	10850000	11100000	0	2088	18333	196180	wide
SUPER_16	13109178	13113592	IR	328	.	13111051	0.328	0.992	75	4391	13109178	13109679	13113091	13113593	14777268	12900000	13150000	0	3522	501	3412	spaced
SUPER_16	13294013	13297691	IR	328	.	13295968	0.328	0.865	73	3749	13294013	13294533	13297222	13297691	14777268	13050000	13300000	73	4097	469	2689	spaced
SUPER_16	8015573	8063066	IR	328	.	8038889	0.328	0.849	63	47396	8015573	8016510	8062140	8063066	14777268	7950000	8200000	0	1488	926	45630	spaced
SUPER_16	1408043	1453127	IR	328	.	1430903	0.328	0.396	28	45041	1408043	1420178	1440992	1453165	14777268	1400000	1650000	0	509	12135	20814	spaced
SUPER_16	6696191	6731442	IR	327	.	6713428	0.327	0.922	46	35230	6696191	6696613	6731044	6731442	14777268	6500000	6750000	0	3563	398	34431	spaced
SUPER_16	3213871	3228053	IR	327	.	3221154	0.327	0.932	27	14301	3213871	3214119	3227810	3228053	14777268	3100000	3350000	27	2015	243	13691	spaced
SUPER_16	9159225	9212325	IR	327	.	9185869	0.327	0.942	26	54258	9159225	9159407	9212143	9212332	14777268	9000000	9250000	26	3096	182	52736	spaced
SUPER_16	3951506	4073686	IR	327	.	4012458	0.327	0.387	25	122183	3951506	3989935	4035257	4073693	14777268	3850000	4100000	25	2709	38429	45322	spaced
SUPER_16	8624193	8675751	IR	326	.	8649619	0.326	0.400	44	51534	8624193	8649917	8650096	8675751	14777268	8550000	8800000	0	1666	25655	179	immediate
SUPER_16	5861056	5998419	IR	326	.	5930116	0.326	0.823	34	137398	5861056	5861360	5998115	5998477	14777268	5750000	6000000	0	2995	304	136755	wide
SUPER_16	3428981	3439261	IR	326	.	3434382	0.326	0.995	29	10259	3428981	3429189	3439053	3439261	14777268	3200000	3450000	0	3901	208	9864	spaced
SUPER_16	8807772	9015759	IR	325	.	8911548	0.325	0.895	65	208161	8807772	8808480	9015074	9015759	14777268	8800000	9050000	65	1862	685	206594	wide
SUPER_16	801358	842372	IR	325	.	822177	0.325	0.460	41	2816	801358	804205	839539	842372	14777268	600000	850000	0	3697	2833	35334	spaced
SUPER_16	14260845	14356250	IR	325	.	14308840	0.325	0.390	31	95375	14260845	14286415	14330715	14356250	14777268	14150000	14400000	0	2642	25535	44300	spaced
SUPER_16	4832711	4924630	IR	325	.	4879034	0.325	0.984	30	91900	4832711	4832963	4924378	4924630	14777268	4800000	5050000	0	1311	252	91415	spaced
SUPER_16	1196030	1376390	IR	325	.	1286494	0.325	0.386	25	180340	1196030	1227312	1345210	1376390	14777268	1150000	1400000	0	2270	31180	117898	wide
SUPER_16	7887757	7903432	IR	324	.	7895676	0.324	0.830	109	15780	7887757	7888924	7902323	7903432	14777268	7750000	8000000	109	2426	1109	13399	spaced
SUPER_16	8590579	8609635	IR	324	.	8599889	0.324	0.942	52	19130	8590579	8590996	8609218	8609651	14777268	8450000	8700000	52	2501	417	18222	spaced
SUPER_16	2713731	2796469	IR	324	.	2754775	0.324	0.983	30	82721	2713731	2713966	2796234	2796469	14777268	2550000	2800000	0	3418	235	82268	spaced
SUPER_16	7268011	7317777	IR	324	.	7292868	0.324	0.986	27	49784	7268011	7268150	7317638	7317777	14777268	7250000	7500000	28	714	139	49488	spaced
SUPER_16	6598532	6635210	IR	324	.	6616507	0.324	0.955	26	36648	6598532	6598794	6634948	6635210	14777268	6400000	6650000	0	3614	262	36154	spaced
SUPER_16	7666610	7750685	IR	323	.	7709104	0.323	0.392	60	84049	7666610	7705571	7711724	7750690	14777268	7600000	7850000	0	1810	38961	6153	spaced
SUPER_16	13373207	13543077	IR	323	.	13457958	0.323	0.388	36	169975	13373207	13392662	13523641	13543077	14777268	13300000	13550000	36	2635	19436	130979	wide
SUPER_16	13879262	13961936	IR	323	.	13920731	0.323	0.954	35	82726	13879262	13879561	13961637	13961939	14777268	13800000	14050000	35	2009	299	82076	spaced
SUPER_16	10419982	10423101	IR	322	.	10421471	0.322	1.000	250	52179	10419982	10421088	10421995	10423101	14777268	10250000	10500000	250	2858	1106	907	immediate
SUPER_16	2262799	2491624	IR	322	.	2377514	0.322	0.386	43	228807	2262799	2351343	2403192	2491624	14777268	2250000	2500000	0	2120	88432	51849	spaced
SUPER_16	14097437	14109152	IR	321	.	14102790	0.321	0.447	37	8728	14097437	14101507	14105082	14109214	14777268	13900000	14150000	0	3388	4070	3575	spaced
SUPER_16	8130935	8195392	IR	321	.	8163583	0.321	0.980	30	64439	8130935	8131181	8195146	8195393	14777268	7950000	8200000	0	3552	246	63965	spaced
SUPER_16	12607879	12743069	IR	321	.	12675618	0.321	0.380	30	135212	12607879	12670924	12680044	12743069	14777268	12500000	12750000	30	2924	63025	9120	spaced
SUPER_16	5161645	5290321	IR	321	.	5226278	0.321	0.386	24	128656	5161645	5194101	5257887	5290321	14777268	5100000	5350000	0	2099	32434	63786	spaced
SUPER_16	2850554	2852599	IR	321	.	2851742	0.321	0.957	22	2044	2850554	2850690	2852463	2852602	14777268	2850000	3100000	22	26	136	1773	immediate
SUPER_16	10745829	10798874	IR	321	.	10772210	0.321	0.956	20	53052	10745829	10745985	10798718	10798878	14777268	10550000	10800000	20	3705	156	52733	spaced
SUPER_16	4180156	4191455	IR	320	.	4185454	0.320	0.941	98	11275	4180156	4181364	4190262	4191455	14777268	4000000	4250000	0	3096	1193	8898	spaced
SUPER_16	6983316	7105268	IR	320	.	7044170	0.320	0.885	46	122317	6983316	6983998	7104611	7105268	14777268	6900000	7150000	48	2404	657	120613	wide
SUPER_16	615013	698938	IR	319	.	657077	0.319	0.392	61	84086	615013	637282	676669	699001	14777268	450000	700000	61	3449	22269	39387	spaced
SUPER_16	9913160	10060745	IR	319	.	9987362	0.319	0.400	39	147596	9913160	9926452	10047453	10060780	14777268	9850000	10100000	0	2282	13292	121001	wide
SUPER_16	5703540	5760788	IR	319	.	5732611	0.319	0.972	29	57223	5703540	5703787	5760541	5760790	14777268	5550000	5800000	0	3035	247	56754	spaced
SUPER_16	6084176	6151630	IR	319	.	6117605	0.319	0.986	24	67437	6084176	6084395	6151411	6151630	14777268	6000000	6250000	0	1964	219	67016	spaced
SUPER_16	13705080	13862688	IR	319	.	13783699	0.319	0.378	24	157478	13705080	13780274	13787494	13862692	14777268	13700000	13950000	24	1397	75194	7220	spaced
SUPER_16	2003226	2245281	IR	318	.	2124016	0.318	0.927	106	242481	2003226	2003890	2244647	2245281	14777268	2000000	2250000	106	2070	634	240757	wide
SUPER_16	12818839	12830313	IR	318	.	12824302	0.318	0.924	90	11452	12818839	12819930	12829253	12830313	14777268	12650000	12900000	0	2909	1060	9323	spaced
SUPER_16	11728841	11861858	IR	318	.	11795711	0.318	0.952	33	133004	11728841	11729209	11861490	11861863	14777268	11700000	11950000	0	1589	368	132281	wide
SUPER_16	3495068	3543189	IR	318	.	3519549	0.318	0.395	32	48103	3495068	3517818	3520472	3543189	14777268	3400000	3650000	0	1985	22717	2654	spaced
SUPER_16	4474382	4554094	IR	318	.	4513749	0.318	0.962	22	79678	4474382	4474616	4553860	4554094	14777268	4400000	4650000	0	1903	234	79244	spaced
SUPER_16	246872	293860	IR	318	.	270321	0.318	0.403	21	47077	246872	251077	289679	293860	14777268	50000	300000	21	3672	4181	38602	spaced
SUPER_16	13598014	13632712	IR	317	.	13615425	0.317	0.896	82	34825	13598014	13599000	13631769	13632712	14777268	13400000	13650000	88	3589	943	32769	spaced
SUPER_16	11108235	11198072	IR	317	.	11153631	0.317	0.396	42	73187	11108235	11125415	11180892	11198090	14777268	10950000	11200000	0	3385	17180	55477	spaced
SUPER_16	6656030	6685709	IR	317	.	6671217	0.317	0.402	33	29655	6656030	6666013	6675737	6685709	14777268	6500000	6750000	0	2847	9972	9724	spaced
SUPER_16	4689598	4783085	IR	317	.	4736739	0.317	0.973	32	93476	4689598	4689816	4782867	4783091	14777268	4550000	4800000	0	3105	218	93051	spaced
SUPER_16	13016065	13095928	IR	317	.	13056287	0.317	0.381	29	79845	13016065	13043117	13068922	13095928	14777268	12850000	13100000	0	3433	27006	25805	spaced
SUPER_16	12872852	13015696	IR	316	.	12943962	0.316	0.379	47	142843	12872852	12923194	12965354	13015747	14777268	12850000	13100000	0	1571	50342	42160	spaced
SUPER_16	2875420	2895984	IR	315	.	2885841	0.315	0.944	23	20606	2875420	2875564	2895848	2895984	14777268	2850000	3100000	23	594	136	20284	spaced
SUPER_16	4680012	4685042	IR	315	.	4682460	0.315	1.000	23	5024	4680012	4680140	4684914	4685042	14777268	4450000	4700000	23	3875	128	4774	spaced
SUPER_16	14491830	14576825	IR	312	.	14534240	0.312	0.978	23	85009	14491830	14492014	14576641	14576825	14777268	14400000	14650000	23	2238	184	84627	spaced
SUPER_16	7577161	7634620	IR	311	.	7606195	0.311	0.394	20	57442	7577161	7599887	7611983	7634620	14777268	7450000	7700000	0	2598	22637	12096	spaced
SUPER_16	946304	973844	IR	310	.	960133	0.310	0.980	69	27632	946304	946810	973338	973847	14777268	750000	1000000	69	3501	506	26528	spaced
SUPER_16	1729574	1792043	IR	310	.	1760720	0.310	0.962	21	162044	1729574	1729784	1791833	1792043	14777268	1650000	1900000	21	1846	210	62049	spaced
SUPER_16	11265509	11267294	IR	309	.	11266398	0.309	0.993	128	2028	11265509	11266206	11266597	11267294	14777268	11050000	11300000	128	3606	697	391	immediate
SUPER_16	10204499	10341954	IR	309	.	10273293	0.309	0.384	31	137512	10204499	10227765	10318717	10341954	14777268	10150000	10400000	31	2053	23237	90952	spaced
SUPER_16	3728512	3784451	IR	309	.	3756932	0.309	0.919	25	55901	3728512	3728885	3784078	3784456	14777268	3600000	3850000	0	2607	373	55193	spaced
SUPER_16	9758946	9807022	IR	308	.	9782536	0.308	0.990	27	48051	9758946	9759150	9806818	9807022	14777268	9600000	9850000	0	3049	204	47668	spaced
SUPER_16	8698362	8721273	IR	307	.	8709392	0.307	0.919	48	22880	8698362	8698981	8720681	8721273	14777268	8550000	8800000	0	2663	592	21700	spaced
SUPER_16	3784481	3899144	IR	306	.	3841858	0.306	0.982	34	114664	3784481	3784702	3898923	3899144	14777268	3650000	3900000	34	3196	221	114221	wide
SUPER_16	7117415	7122896	IR	306	.	7119738	0.306	0.973	33	5464	7117415	7117677	7122634	7122898	14777268	6900000	7150000	0	3669	262	4957	spaced
SUPER_16	3479843	3489289	IR	305	.	3484961	0.305	0.942	27	9424	3479843	3480155	3488986	3489289	14777268	3250000	3500000	0	3909	303	8831	spaced
SUPER_16	12597163	12604500	IR	302	.	12601029	0.302	0.967	23	7332	12597163	12597409	12604255	12604500	14777268	12450000	12700000	23	2513	245	6846	spaced
SUPER_16	13866514	13872199	IR	290	.	13869159	0.290	1.000	24	5678	13866514	13866644	13872069	13872199	14777268	13700000	13950000	24	2822	130	5425	spaced
SUPER_17	9688714	9691108	IR	976	.	9689911	0.976	1.000	199	2629	9688714	9689738	9690084	9691108	14473364	9443269	9693269	199	4110	1024	346	immediate
SUPER_17	1065341	1068065	IR	941	.	1066703	0.941	1.000	278	63519	1065341	1066485	1066921	1068065	14473364	900000	1150000	278	2778	1144	436	immediate
SUPER_17	3290777	3293375	IR	941	.	3292074	0.941	0.991	246	2843	3290777	3291846	3292306	3293377	14473364	3050000	3300000	246	4034	1069	460	immediate
SUPER_17	1705372	1707088	IR	808	.	1706230	0.808	0.995	123	49398	1705372	1705949	1706511	1707088	14473364	1650000	1900000	123	937	577	562	immediate
SUPER_17	13622562	13624124	IR	706	.	13623191	0.706	0.996	107	134830	13622562	13623102	13623584	13624124	14473364	13484728	13734728	107	2310	540	482	immediate
SUPER_17	7934100	7935410	IR	620	.	7934755	0.620	0.959	57	97653	7934100	7934519	7934999	7935410	14473364	7843269	8093269	67	1524	411	480	immediate
SUPER_17	5146232	5148228	IR	556	.	5147226	0.556	0.933	106	2140	5146232	5147002	5147458	5148251	14473364	4943269	5193269	106	3399	770	456	immediate
SUPER_17	8523975	8528495	IR	552	.	8526235	0.552	1.000	343	4830	8523975	8525435	8527035	8528495	14473364	8293269	8543269	343	3882	1460	1600	immediate
SUPER_17	5338225	5340711	IR	538	.	5339468	0.538	0.991	95	2553	5338225	5338807	5340129	5340711	14473364	5093269	5343269	95	4103	582	1322	immediate
SUPER_17	2107091	2107903	IR	519	.	2107497	0.519	1.000	52	52542	2107091	2107362	2107632	2107903	14473364	2050000	2300000	52	958	271	270	immediate
SUPER_17	11582799	11760491	IR	440	.	11671598	0.440	0.383	36	177753	11582799	11656794	11686496	11760505	14473364	11543269	11793269	36	2139	73995	29702	spaced
SUPER_17	10106336	10162538	IR	439	.	10134447	0.439	0.388	73	56349	10106336	10134306	10134584	10162538	14473364	9993269	10243269	73	2352	27954	278	immediate
SUPER_17	8082297	8143269	IR	432	.	8112834	0.432	0.397	52	61183	8082297	8112311	8113363	8143269	14473364	7943269	8193269	52	2825	29906	1052	immediate
SUPER_17	1280239	1401790	IR	426	.	1341034	0.426	0.381	54	121680	1280239	1340965	1341103	1401790	14473364	1200000	1450000	54	2350	60687	138	immediate
SUPER_17	11018301	11190258	IR	425	.	11104424	0.425	0.382	36	172077	11018301	11103883	11104676	11190323	14473364	10943269	11193269	36	2683	85582	793	immediate
SUPER_17	8655768	8739101	IR	394	.	8697455	0.394	0.388	28	83439	8655768	8697240	8697670	8739101	14473364	8543269	8793269	28	2569	41431	430	immediate
SUPER_17	14149300	14151637	IR	369	.	14150469	0.369	0.943	33	2362	14149300	14149674	14151263	14151648	14473364	13934728	14184728	33	3595	374	1589	immediate
SUPER_17	10913778	10915970	IR	357	.	10914874	0.357	0.995	38	2212	10913778	10913978	10915770	10915970	14473364	10743269	10993269	38	2859	200	1792	immediate
SUPER_17	6506956	6615132	IR	356	.	6560814	0.356	0.982	34	108220	6506956	6507124	6614966	6615132	14473364	6393269	6643269	33	2796	166	107842	wide
SUPER_17	7561717	7618585	IR	354	.	7589841	0.354	0.925	20	56853	7561717	7562029	7618273	7618590	14473364	7493269	7743269	0	1614	312	56244	spaced
SUPER_17	4289878	4359592	IR	344	.	4324358	0.344	0.892	138	69739	4289878	4291882	4357588	4359662	14473364	4143269	4393269	0	3024	2004	65706	spaced
SUPER_17	10735790	10868644	IR	344	.	10802428	0.344	0.939	56	132880	10735790	10736216	10868231	10868644	14473364	10693269	10943269	56	1815	413	132015	wide
SUPER_17	14246593	14285399	IR	343	.	14266204	0.343	0.968	322	39399	14246593	14248678	14283314	14285420	14473364	14134728	14384728	322	2187	2085	34636	spaced
SUPER_17	8828502	8919830	IR	343	.	8874593	0.343	0.978	28	91309	8828502	8828733	8919599	8919830	14473364	8693269	8943269	0	3014	231	90866	spaced
SUPER_17	13376986	13528227	IR	342	.	13452783	0.342	0.964	30	151245	13376986	13377154	13528065	13528227	14473364	13334728	13584728	30	1964	162	150911	wide
SUPER_17	9053255	9135421	IR	341	.	9094800	0.341	0.694	97	82236	9053255	9056394	9132282	9135517	14473364	8893269	9143269	0	3351	3139	75888	spaced
SUPER_17	10489372	10491263	IR	341	.	10490318	0.341	0.803	71	2574	10489372	10490025	10490610	10491361	14473364	10293269	10543269	71	3284	653	585	immediate
SUPER_17	12594280	12648374	IR	341	.	12621352	0.341	0.386	33	54161	12594280	12621015	12621667	12648374	14473364	12493269	12743269	33	2134	26707	652	immediate
SUPER_17	5821347	6017648	IR	340	.	5919262	0.340	0.994	29	196295	5821347	5821520	6017475	6017648	14473364	5793269	6043269	29	2103	173	195955	wide
SUPER_17	12199104	12408356	IR	338	.	12304051	0.338	0.390	41	209205	12199104	12230402	12377058	12408359	14473364	12193269	12443269	0	1840	31298	146656	wide
SUPER_17	6710959	6855496	IR	338	.	6782875	0.338	0.977	20	144489	6710959	6711174	6855281	6855496	14473364	6643269	6893269	0	2332	215	144107	wide
SUPER_17	11296797	11407786	IR	337	.	11352714	0.337	0.391	30	110994	11296797	11313482	11391101	11407818	14473364	11193269	11443269	0	2650	16685	77619	spaced
SUPER_17	6986823	7053265	IR	337	.	7019955	0.337	0.993	23	66438	6986823	6986961	7053127	7053265	14473364	6843269	7093269	23	2946	138	66166	spaced
SUPER_17	67472	150679	IR	336	.	108876	0.336	0.971	22	83219	67472	67642	150509	150679	14473364	0	250000	22	1817	170	82867	spaced
SUPER_17	12461624	12463709	IR	335	.	12462493	0.335	0.946	116	2194	12461624	12462239	12463104	12463709	14473364	12243269	12493269	116	3656	605	865	immediate
SUPER_17	5684904	5701619	IR	335	.	5693684	0.335	0.529	69	16688	5684904	5687869	5698710	5701619	14473364	5493269	5743269	0	3333	2909	10841	spaced
SUPER_17	11407734	11477904	IR	335	.	11442494	0.335	0.396	38	60090	11407734	11429851	11455787	11477970	14473364	11343269	11593269	0	1659	22117	25936	spaced
SUPER_17	3865721	3952230	IR	334	.	3909317	0.334	0.392	34	86503	3865721	3893041	3924910	3952256	14473364	3743269	3993269	0	2761	27320	31869	spaced
SUPER_17	3852670	3860375	IR	334	.	3856622	0.334	0.988	30	7765	3852670	3852842	3860203	3860375	14473364	3693269	3943269	30	2720	172	7361	spaced
SUPER_17	3363716	3531447	IR	334	.	3447143	0.334	0.382	24	167762	3363716	3393716	3501447	3531510	14473364	3350000	3600000	0	1626	30000	107731	wide
SUPER_17	7449562	7450864	IR	332	.	7450210	0.332	0.923	26	89963	7449562	7449724	7450702	7450865	14473364	7293269	7543269	26	2615	162	978	immediate
SUPER_17	560188	664311	IR	332	.	612191	0.332	0.978	22	104116	560188	560325	664174	664311	14473364	450000	700000	22	2704	137	103849	wide
SUPER_17	942189	1011742	IR	331	.	976736	0.331	0.995	194	69818	942189	943170	1010761	1011742	14473364	800000	1050000	194	2949	981	67591	spaced
SUPER_17	13180087	13324627	IR	331	.	13252072	0.331	0.386	32	108730	13180087	13216104	13288654	13324627	14473364	13134728	13384728	0	1960	35973	72550	spaced
SUPER_17	248506	330102	IR	331	.	289079	0.331	0.950	23	81599	248506	248700	329908	330107	14473364	100000	350000	23	3154	194	81208	spaced
SUPER_17	2482826	2515262	IR	330	.	2498696	0.330	0.876	320	32487	2482826	2486313	2511775	2515340	14473364	2300000	2550000	0	3317	3487	25462	spaced
SUPER_17	8179406	8349011	IR	330	.	8264671	0.330	0.390	38	169606	8179406	8242208	8286209	8349029	14473364	8143269	8393269	0	2015	62802	44001	spaced
SUPER_17	2860234	3048263	IR	330	.	2954067	0.330	0.382	36	188066	2860234	2925540	2982957	3048286	14473364	2800000	3050000	36	2570	65306	57417	spaced
SUPER_17	2520974	2739690	IR	330	.	2630158	0.330	0.400	33	218741	2520974	2530967	2729769	2739690	14473364	2500000	2750000	33	2172	9921	198802	wide
SUPER_17	411201	540554	IR	330	.	475961	0.330	0.981	24	129348	411201	411411	540344	540554	14473364	300000	550000	24	2931	210	128933	wide
SUPER_17	4503704	4724661	IR	329	.	4614206	0.329	0.958	83	221119	4503704	4504489	4723885	4724661	14473364	4493269	4743269	88	2015	776	219396	wide
SUPER_17	7186578	7215212	IR	329	.	7200463	0.329	0.405	32	28609	7186578	7194610	7207185	7215212	14473364	6993269	7243269	0	3460	8027	12575	spaced
SUPER_17	3567770	3590893	IR	329	.	3579066	0.329	0.403	26	23120	3567770	3573856	3584807	3590909	14473364	3350000	3600000	0	3822	6086	10951	spaced
SUPER_17	9154949	9199502	IR	328	.	9176973	0.328	0.895	66	44863	9154949	9155473	9198978	9199523	14473364	8993269	9243269	66	3065	524	43505	spaced
SUPER_17	13630340	13713641	IR	328	.	13671897	0.328	0.402	30	83341	13630340	13646127	13697864	13713641	14473364	13484728	13734728	30	3120	15777	51737	spaced
SUPER_17	4796378	4859535	IR	328	.	4827753	0.328	1.000	28	63155	4796378	4796535	4859378	4859535	14473364	4693269	4943269	28	2244	157	62843	spaced
SUPER_17	6061486	6150389	IR	328	.	6105550	0.328	0.978	23	88857	6061486	6061708	6150167	6150391	14473364	5943269	6193269	0	2711	222	88459	spaced
SUPER_17	7785474	7878512	IR	328	.	7831925	0.328	0.927	23	93033	7785474	7785690	7878298	7878512	14473364	7643269	7893269	23	3145	214	92608	spaced
SUPER_17	4886010	4968383	IR	327	.	4926974	0.327	0.932	100	82990	4886010	4886778	4967628	4968383	14473364	4743269	4993269	86	3065	755	80850	spaced
SUPER_17	13751974	13761298	IR	327	.	13757110	0.327	0.887	66	9305	13751974	13752822	13760450	13761298	14473364	13584728	13834728	0	2864	848	7628	spaced
SUPER_17	7304641	7336819	IR	326	.	7320299	0.326	0.990	45	32155	7304641	7304937	7336523	7336820	14473364	7093269	7343269	0	3790	296	31586	spaced
SUPER_17	5777969	5798537	IR	326	.	5788069	0.326	0.993	20	20576	5777969	5778111	5798395	5798537	14473364	5693269	5943269	20	1582	142	20284	spaced
SUPER_17	2164166	2203276	IR	325	.	2183853	0.325	0.979	32	39124	2164166	2164360	2203082	2203276	14473364	2000000	2250000	32	3061	194	38722	spaced
SUPER_17	1842941	1887026	IR	324	.	1865400	0.324	0.897	36	43956	1842941	1843309	1886658	1887027	14473364	1650000	1900000	0	3582	368	43349	spaced
SUPER_17	13793377	13918667	IR	324	.	13856052	0.324	0.389	33	125302	13793377	13810164	13901884	13918667	14473364	13784728	14034728	33	1188	16783	91720	spaced
SUPER_17	5424905	5433768	IR	324	.	5429762	0.324	0.995	30	8838	5424905	5425109	5433564	5433768	14473364	5293269	5543269	0	2267	204	8455	spaced
SUPER_17	9792014	9987448	IR	324	.	9889247	0.324	0.980	27	195415	9792014	9792266	9987196	9987448	14473364	9743269	9993269	0	2440	252	194930	wide
SUPER_17	8533008	8616541	IR	323	.	8574507	0.323	0.987	64	83509	8533008	8533479	8616070	8616541	14473364	8393269	8643269	0	3024	471	82591	spaced
SUPER_17	12971277	13171446	IR	323	.	13071800	0.323	0.381	30	200121	12971277	13058455	13084329	13171446	14473364	12934728	13184728	0	2277	87117	25874	spaced
SUPER_17	2255134	2414256	IR	323	.	2334740	0.323	0.976	27	159133	2255134	2255346	2414044	2414256	14473364	2200000	2450000	27	2244	212	158698	wide
SUPER_17	8951099	8995866	IR	323	.	8973570	0.323	0.946	22	44758	8951099	8951267	8995701	8995866	14473364	8843269	9093269	22	2170	165	44434	spaced
SUPER_17	1939250	2074084	IR	322	.	2006467	0.322	0.424	35	136866	1939250	1945450	2067884	2074125	14473364	1900000	2150000	35	1777	6200	122434	wide
SUPER_17	4135504	4144486	IR	322	.	4139777	0.322	0.994	29	9007	4135504	4135677	4144313	4144486	14473364	3943269	4193269	29	3278	173	8636	spaced
SUPER_17	6376867	6500015	IR	322	.	6438778	0.322	0.382	22	123101	6376867	6430041	6446880	6500015	14473364	6293269	6543269	0	2419	53135	16839	spaced
SUPER_17	5289524	5318685	IR	321	.	5303732	0.321	0.854	71	29219	5289524	5290608	5317601	5318767	14473364	5193269	5443269	0	1847	1084	26993	spaced
SUPER_17	9394343	9535968	IR	321	.	9464977	0.321	0.383	29	141620	9394343	9462640	9467732	9535968	14473364	9343269	9593269	29	2031	68236	5092	spaced
SUPER_17	12725201	12922494	IR	318	.	12824132	0.318	0.810	58	197301	12725201	12726299	12921396	12922552	14473364	12693269	12934528	0	2176	1098	195097	wide
SUPER_17	5054922	5084310	IR	318	.	5069329	0.318	0.923	31	29321	5054922	5055290	5083942	5084314	14473364	4843269	5093269	0	3772	368	28652	spaced
SUPER_17	12677799	12719065	IR	318	.	12698339	0.318	0.984	30	41291	12677799	12677989	12718875	12719067	14473364	12643269	12893269	30	919	190	40886	spaced
SUPER_17	10218729	10344550	IR	318	.	10281384	0.318	0.969	21	125722	10218729	10218923	10344356	10344552	14473364	10143269	10393269	0	2306	194	125433	wide
SUPER_17	876373	889598	IR	317	.	883158	0.317	0.960	29	13349	876373	876623	889348	889601	14473364	650000	900000	29	3882	250	12725	spaced
SUPER_17	906062	927607	IR	316	.	916348	0.316	0.759	78	21541	906062	907182	926487	927620	14473364	700000	950000	0	3613	1120	19305	spaced
SUPER_17	1723156	1797745	IR	316	.	1760178	0.316	0.393	45	74598	1723156	1759002	1761899	1797781	14473364	1550000	1800000	0	3507	35846	2897	spaced
SUPER_17	5449225	5501492	IR	316	.	5474966	0.316	0.901	35	52247	5449225	5449577	5501143	5501492	14473364	5293269	5543269	0	3034	349	51566	spaced
SUPER_17	12129860	12136171	IR	316	.	12132683	0.316	0.991	29	6287	12129860	12130084	12135947	12136171	14473364	12043269	12293269	0	1495	224	5863	spaced
SUPER_17	7972816	8059266	IR	316	.	8016244	0.316	0.977	27	87305	7972816	7973037	8059046	8059266	14473364	7943269	8193269	28	1212	220	86009	spaced
SUPER_17	10089276	10096631	IR	314	.	10093200	0.314	0.947	112	7361	10089276	10090166	10095741	10096659	14473364	9943269	10193269	0	2494	890	5575	spaced
SUPER_17	1479730	1658032	IR	314	.	1568691	0.314	0.387	40	199936	1479730	1518195	1619567	1658116	14473364	1450000	1700000	43	1981	38465	101372	wide
SUPER_17	14332190	14341903	IR	313	.	14336795	0.313	0.985	42	9653	14332190	14332448	14341645	14341905	14473364	14184728	14434728	0	2538	258	9197	spaced
SUPER_17	11950193	12074842	IR	311	.	12012748	0.311	0.387	52	211125	11950193	11991033	12034050	12074842	14473364	11893269	12143269	44	1987	40792	43017	spaced
SUPER_17	3601174	3674639	IR	311	.	3638013	0.311	0.552	37	73516	3601174	3601865	3673989	3674639	14473364	3450000	3693069	37	3131	650	72124	spaced
SUPER_17	11192573	11250085	IR	311	.	11220917	0.311	0.995	32	57493	11192573	11192792	11249866	11250085	14473364	11043269	11293269	0	2967	219	57074	spaced
SUPER_17	10347538	10440912	IR	310	.	10394757	0.310	0.409	39	93423	10347538	10356682	10431768	10441001	14473364	10193269	10443269	0	3349	9144	75086	spaced
SUPER_17	2780294	2833284	IR	310	.	2806711	0.310	0.994	31	53014	2780294	2780458	2833120	2833284	14473364	2650000	2900000	31	2613	164	52662	spaced
SUPER_17	9340553	9380095	IR	310	.	9359924	0.310	0.986	27	39515	9340553	9340772	9379876	9380095	14473364	9143269	9393269	0	3617	219	39104	spaced
SUPER_17	1116426	1128145	IR	309	.	1122755	0.309	0.932	34	11714	1116426	1116821	1127750	1128159	14473364	950000	1200000	0	2871	395	10929	spaced
SUPER_17	10045301	10051053	IR	308	.	10048153	0.308	0.993	83	118330	10045301	10045761	10050593	10051053	14473364	9893269	10143269	89	2581	460	4832	spaced
SUPER_17	687551	790162	IR	308	.	738878	0.308	0.915	32	102719	687551	687919	789794	790182	14473364	550000	800000	32	3147	368	101875	wide
SUPER_17	14010297	14035189	IR	308	.	14022688	0.308	0.393	32	25119	14010297	14019864	14025683	14035189	14473364	13884728	14134728	32	2300	9506	5819	spaced
SUPER_17	6195668	6247246	IR	308	.	6221757	0.308	0.964	25	51563	6195668	6195884	6247030	6247250	14473364	6043269	6293269	0	2969	216	51146	spaced
SUPER_17	7257490	7303089	IR	307	.	7280463	0.307	0.995	28	45593	7257490	7257673	7302906	7303089	14473364	7193269	7443269	28	1450	183	45233	spaced
SUPER_17	10500447	10594157	IR	306	.	10547516	0.306	0.958	66	123879	10500447	10501018	10593587	10594157	14473364	10443269	10693269	62	1733	570	92569	spaced
SUPER_17	5548487	5662133	IR	305	.	5605274	0.305	0.987	34	113691	5548487	5548717	5661903	5662134	14473364	5443269	5693269	34	2700	230	113186	wide
SUPER_17	5163423	5167369	IR	304	.	5165270	0.304	0.923	76	3988	5163423	5163770	5167045	5167369	14473364	5093269	5343269	76	1201	324	3275	spaced
SUPER_17	11868522	11875591	IR	302	.	11871830	0.302	0.959	111	46878	11868522	11869214	11874899	11875603	14473364	11743269	11993269	102	2146	692	5685	spaced
SUPER_17	3072055	3179183	IR	302	.	3126016	0.302	0.900	47	107096	3072055	3072741	3178508	3179183	14473364	2950000	3200000	0	2926	675	105767	wide
SUPER_17	868317	872585	IR	300	.	870538	0.300	1.000	39	4297	868317	868491	872411	872585	14473364	650000	900000	39	3674	174	3920	spaced
SUPER_18	2905678	2914520	IR	997	.	2910099	0.997	1.000	884	9857	2905678	2909603	2910595	2914520	14291861	2700000	2950000	884	3501	3925	992	immediate
SUPER_18	3169833	3174331	IR	914	.	3172082	0.914	0.999	422	4977	3169833	3171736	3172428	3174331	14291861	2950000	3200000	422	3701	1903	692	immediate
SUPER_18	11148720	11150360	IR	827	.	11149540	0.827	1.000	148	190084	11148720	11149338	11149742	11150360	14291861	11030077	11280077	148	1990	618	404	immediate
SUPER_18	12385889	12388943	IR	717	.	12387416	0.717	0.999	260	111148	12385889	12387003	12387829	12388943	14291861	12280077	12530077	260	1788	1114	826	immediate
SUPER_18	8245841	8248499	IR	652	.	8247173	0.652	0.990	225	2897	8245841	8247043	8247303	8248499	14291861	8000000	8250000	225	4119	1196	260	immediate
SUPER_18	9134388	9136565	IR	626	.	9135477	0.626	0.972	86	2291	9134388	9135018	9135937	9136565	14291861	9030077	9280077	86	1756	628	919	immediate
SUPER_18	2655119	2657089	IR	453	.	2656106	0.453	0.736	44	2004	2655119	2656028	2656229	2657089	14291861	2550000	2800000	44	1768	860	201	immediate
SUPER_18	5790070	5793000	IR	451	.	5791683	0.451	0.955	46	2958	5790070	5790326	5792744	5793009	14291861	5550000	5800000	46	4025	256	2418	spaced
SUPER_18	11798607	11994971	IR	426	.	11896789	0.426	0.382	36	196411	11798607	11896426	11897152	11995020	14291861	11780077	12030077	38	1945	97819	726	immediate
SUPER_18	732051	734333	IR	423	.	733192	0.423	0.934	24	2317	732051	732334	734050	734339	14291861	650000	900000	24	1386	283	1716	immediate
SUPER_18	5093838	5095266	IR	418	.	5094552	0.418	0.971	23	139081	5093838	5094041	5095063	5095266	14291861	4950000	5200000	23	2409	203	1022	immediate
SUPER_18	1368893	1372216	IR	404	.	1370551	0.404	0.979	156	3479	1368893	1369648	1371461	1372218	14291861	1150000	1400000	156	3675	755	1813	immediate
SUPER_18	12321106	12343248	IR	398	.	12332209	0.398	0.381	23	22205	12321106	12331858	12332560	12343248	14291861	12280077	12530077	23	868	10688	702	immediate
SUPER_18	602644	603284	IR	382	.	602965	0.382	0.979	33	163400	602644	602885	603046	603284	14291861	500000	750000	33	1715	238	161	immediate
SUPER_18	9390285	9398316	IR	365	.	9393900	0.365	0.623	54	8085	9390285	9391344	9397257	9398391	14291861	9180077	9430077	0	3570	1059	5913	spaced
SUPER_18	12719995	12723671	IR	365	.	12721833	0.365	0.532	29	3692	12719995	12721188	12722478	12723687	14291861	12480077	12730077	29	4029	1193	1290	immediate
SUPER_18	13148845	13172577	IR	360	.	13160770	0.360	0.393	26	23754	13148845	13158241	13163181	13172612	14291861	13130077	13380077	26	510	9396	4940	spaced
SUPER_18	10855949	11039905	IR	355	.	10948327	0.355	0.381	54	183953	10855949	10946208	10949646	11039926	14291861	10830077	11080077	0	1964	90259	3438	spaced
SUPER_18	2867845	2869004	IR	348	.	2868358	0.348	0.982	53	45602	2867845	2868184	2868665	2869004	14291861	2750000	3000000	53	1973	339	481	immediate
SUPER_18	7332093	7334894	IR	348	.	7333725	0.348	0.985	41	2847	7332093	7332363	7334624	7334894	14291861	7100000	7350000	41	3891	270	2261	spaced
SUPER_18	8883977	8925540	IR	344	.	8904894	0.344	0.853	77	41736	8883977	8884702	8924815	8925634	14291861	8750000	9000000	77	2579	725	40113	spaced
SUPER_18	6764657	6999924	IR	342	.	6882459	0.342	0.987	130	235384	6764657	6765345	6999241	6999924	14291861	6750000	7000000	130	2204	683	233896	wide
SUPER_18	1986686	2011716	IR	341	.	1998832	0.341	0.411	84	13945	1986686	1998288	2000118	2011716	14291861	1800000	2050000	0	3319	11598	1830	immediate
SUPER_18	8372947	8373778	IR	339	.	8373369	0.339	0.935	50	51335	8372947	8373313	8373425	8373778	14291861	8300000	8550000	50	1222	353	112	immediate
SUPER_18	1268681	1281185	IR	339	.	1275163	0.339	0.983	35	12730	1268681	1268861	1281005	1281185	14291861	1050000	1300000	30	3748	180	12144	spaced
SUPER_18	11366617	11511589	IR	338	.	11438772	0.338	0.388	25	144995	11366617	11406827	11471379	11511632	14291861	11280077	11530077	0	2650	40210	64552	spaced
SUPER_18	8321377	8339805	IR	337	.	8330446	0.337	0.846	53	18484	8321377	8322124	8339122	8339805	14291861	8250000	8500000	53	1343	683	16998	spaced
SUPER_18	12412558	12425194	IR	337	.	12419367	0.337	0.950	22	12616	12412558	12412776	12424976	12425194	14291861	12330077	12580077	0	1479	218	12200	spaced
SUPER_18	4806298	4893984	IR	336	.	4849955	0.336	0.985	28	179970	4806298	4806502	4893780	4893984	14291861	4700000	4950000	28	2502	204	87278	spaced
SUPER_18	13522178	13714563	IR	336	.	13618252	0.336	0.975	21	192430	13522178	13522377	13714364	13714563	14291861	13480077	13730077	21	2304	199	191987	wide
SUPER_18	8599387	8603088	IR	335	.	8601177	0.335	0.980	327	33999	8599387	8600942	8601533	8603104	14291861	8400000	8650000	327	3353	1555	591	immediate
SUPER_18	8722937	8849883	IR	335	.	8786606	0.335	0.863	160	127235	8722937	8724252	8848644	8849883	14291861	8700000	8950000	160	1440	1239	124392	wide
SUPER_18	11995394	12118023	IR	334	.	12057023	0.334	0.390	50	122557	11995394	12018356	12095063	12118023	14291861	11880077	12130077	0	2943	22960	76707	spaced
SUPER_18	9931641	10179249	IR	334	.	10055855	0.334	0.386	43	247588	9931641	9996997	10113900	10179249	14291861	9930077	10180077	0	2089	65349	116903	wide
SUPER_18	6114813	6212876	IR	334	.	6163535	0.334	0.986	25	98016	6114813	6115032	6212657	6212876	14291861	6100000	6350000	0	1063	219	97625	spaced
SUPER_18	13944329	14053385	IR	333	.	13998859	0.333	0.379	27	109116	13944329	13998769	13998945	14053447	14291861	13930077	14180077	27	1146	54440	176	immediate
SUPER_18	4005455	4190985	IR	332	.	4097896	0.332	0.377	36	185435	4005455	4063907	4132544	4190985	14291861	3950000	4200000	0	2470	58441	68637	spaced
SUPER_18	8440363	8511684	IR	332	.	8475829	0.332	0.992	27	71330	8440363	8440493	8511554	8511684	14291861	8350000	8600000	27	2100	130	71061	spaced
SUPER_18	2023360	2085988	IR	330	.	2055093	0.330	0.962	72	62608	2023360	2023840	2085518	2085988	14291861	1850000	2100000	0	3411	470	61678	spaced
SUPER_18	9769669	9915796	IR	330	.	9843156	0.330	0.988	33	146108	9769669	9769914	9915551	9915796	14291861	9680077	9930077	0	2710	245	145637	wide
SUPER_18	4446338	4535676	IR	330	.	4491318	0.330	0.407	29	89250	4446338	4454075	4528008	4535676	14291861	4300000	4550000	0	3183	7668	73933	spaced
SUPER_18	1548685	1677151	IR	329	.	1612914	0.329	0.388	45	128551	1548685	1601667	1624241	1677151	14291861	1450000	1700000	45	2715	52910	22574	spaced
SUPER_18	11180358	11366778	IR	329	.	11273923	0.329	0.392	33	186327	11180358	11208244	11338962	11366778	14291861	11130077	11380077	0	2391	27816	130718	wide
SUPER_18	12928293	12948220	IR	329	.	12938249	0.329	0.989	33	20018	12928293	12928478	12948035	12948220	14291861	12730077	12980077	33	3469	185	19557	spaced
SUPER_18	2130867	2343742	IR	329	.	2237035	0.329	0.976	30	212850	2130867	2131122	2343487	2343742	14291861	2100000	2350000	0	2288	255	212365	wide
SUPER_18	6346427	6517742	IR	329	.	6431781	0.329	0.991	30	171295	6346427	6346645	6517524	6517742	14291861	6300000	6550000	0	2201	218	170879	wide
SUPER_18	1076223	1105889	IR	329	.	1090998	0.329	0.981	29	38585	1076223	1076435	1105677	1105889	14291861	900000	1150000	29	3184	212	29242	spaced
SUPER_18	10477765	10639076	IR	329	.	10558353	0.329	0.984	25	161329	10477765	10477954	10638887	10639076	14291861	10430077	10680077	25	2138	189	160933	wide
SUPER_18	2899682	2904848	IR	328	.	2902237	0.328	0.996	516	5749	2899682	2901992	2902541	2904848	14291861	2700000	2950000	516	3370	2307	549	immediate
SUPER_18	3219895	3406603	IR	328	.	3312752	0.328	0.995	32	186684	3219895	3220110	3406388	3406603	14291861	3200000	3450000	0	1887	215	186278	wide
SUPER_18	3412287	3562022	IR	328	.	3486743	0.328	0.404	31	149735	3412287	3419950	3554359	3562054	14291861	3400000	3650000	0	1452	7663	134409	wide
SUPER_18	110313	202073	IR	328	.	155856	0.328	0.965	22	91731	110313	110571	201816	202073	14291861	50000	300000	0	1769	257	91245	spaced
SUPER_18	14227246	14275506	IR	327	.	14251348	0.327	0.808	38	48260	14227246	14227288	14275464	14275516	14291861	14030077	14280077	490	3688	42	48176	spaced
SUPER_18	11603153	11697123	IR	327	.	11650006	0.327	0.989	29	93968	11603153	11603335	11696941	11697123	14291861	11580077	11830077	29	1167	182	93606	spaced
SUPER_18	11718477	11755336	IR	327	.	11737121	0.327	0.918	29	47629	11718477	11718611	11755210	11755336	14291861	11580077	11830077	15	2613	126	36599	spaced
SUPER_18	13475212	13483112	IR	327	.	13479020	0.327	0.993	25	7903	13475212	13475355	13482970	13483112	14291861	13280077	13530077	25	3317	142	7615	spaced
SUPER_18	6024871	6061859	IR	326	.	6043690	0.326	0.906	109	36967	6024871	6026449	6060318	6061859	14291861	5850000	6100000	0	3222	1541	33869	spaced
SUPER_18	7068102	7134402	IR	326	.	7101208	0.326	0.899	96	162779	7068102	7068759	7133745	7134435	14291861	7000000	7250000	96	1687	657	64986	spaced
SUPER_18	12513773	12516949	IR	326	.	12515386	0.326	0.846	53	3225	12513773	12514591	12516181	12516949	14291861	12280077	12530077	58	3921	768	1590	immediate
SUPER_18	10234572	10410241	IR	326	.	10322137	0.326	0.405	43	175648	10234572	10251554	10393267	10410241	14291861	10230077	10480077	0	1538	16974	141713	wide
SUPER_18	9466280	9503893	IR	326	.	9485015	0.326	0.403	36	37718	9466280	9472801	9497372	9503968	14291861	9330077	9580077	36	2583	6521	24571	spaced
SUPER_18	1757345	1910299	IR	326	.	1833862	0.326	0.387	25	152950	1757345	1791435	1876300	1910299	14291861	1700000	1950000	25	2230	33999	84865	spaced
SUPER_18	8101478	8201918	IR	326	.	8152166	0.326	0.972	24	100416	8101478	8101724	8201674	8201918	14291861	8000000	8250000	0	2528	244	99950	spaced
SUPER_18	9523772	9671029	IR	324	.	9597139	0.324	0.395	50	147252	9523772	9539895	9654906	9671047	14291861	9430077	9680077	0	2788	16123	115011	wide
SUPER_18	9159117	9274968	IR	324	.	9216981	0.324	0.927	31	115855	9159117	9159468	9274622	9274968	14291861	9080077	9330077	37	2282	346	115154	wide
SUPER_18	9091944	9096958	IR	324	.	9094397	0.324	0.852	29	5212	9091944	9092251	9096653	9096958	14291861	9030077	9280077	29	1072	305	4402	spaced
SUPER_18	3916449	3965593	IR	323	.	3940563	0.323	0.965	33	49130	3916449	3916700	3965342	3965597	14291861	3750000	4000000	0	3183	251	48642	spaced
SUPER_18	10657172	10677797	IR	322	.	10667713	0.322	0.989	31	20635	10657172	10657362	10677607	10677797	14291861	10430077	10680077	31	3956	190	20245	spaced
SUPER_18	698765	728039	IR	322	.	713346	0.322	0.411	25	113572	698765	703783	723021	728060	14291861	650000	900000	25	1056	5018	19238	spaced
SUPER_18	6215899	6276791	IR	322	.	6246173	0.322	0.939	24	124226	6215899	6216111	6276587	6276791	14291861	6150000	6400000	24	1605	204	60476	spaced
SUPER_18	13340622	13371330	IR	322	.	13356054	0.322	0.941	22	30696	13340622	13340820	13371132	13371331	14291861	13180077	13430077	22	2931	198	30312	spaced
SUPER_18	2666480	2847227	IR	321	.	2756394	0.321	0.381	30	180730	2666480	2723921	2789847	2847227	14291861	2600000	2850000	0	2614	57380	65926	spaced
SUPER_18	845261	955742	IR	321	.	900440	0.321	0.979	23	110504	845261	845451	955552	955742	14291861	750000	1000000	23	2508	190	110101	wide
SUPER_18	423422	525809	IR	320	.	474979	0.320	0.427	357	102360	423422	455174	494084	525809	14291861	300000	550000	0	2910	31725	38910	spaced
SUPER_18	8610067	8615894	IR	320	.	8613372	0.320	1.000	117	5807	8610067	8610747	8615214	8615894	14291861	8400000	8650000	0	3549	680	4467	spaced
SUPER_18	3973060	3982760	IR	320	.	3977480	0.320	0.442	36	9702	3973060	3976088	3979732	3982782	14291861	3750000	4000000	0	3798	3028	3644	spaced
SUPER_18	5077	8391	IR	319	.	6949	0.319	0.918	40	3274	5077	5122	8346	8395	14291861	0	250000	727	112	45	3224	spaced
SUPER_18	13065451	13113127	IR	318	.	13089720	0.318	0.431	80	47656	13065451	13075247	13103377	13113127	14291861	12930077	13180077	0	2653	9750	28130	spaced
SUPER_18	3682961	3785489	IR	318	.	3733847	0.318	0.976	29	102511	3682961	3683213	3785237	3785491	14291861	3650000	3900000	0	1403	252	102024	wide
SUPER_18	5326015	5338508	IR	318	.	5332025	0.318	0.967	25	12493	5326015	5326193	5338330	5338511	14291861	5150000	5400000	25	3037	178	12137	spaced
SUPER_18	4200268	4372154	IR	317	.	4285760	0.317	0.996	32	171854	4200268	4200492	4371930	4372154	14291861	4200000	4450000	0	1436	224	171438	wide
SUPER_18	7912299	8028173	IR	317	.	7970105	0.317	0.383	20	115907	7912299	7966615	7973857	8028216	14291861	7800000	8050000	20	2837	54316	7242	spaced
SUPER_18	1913109	1969525	IR	316	.	1941107	0.316	0.952	50	56457	1913109	1913489	1969145	1969537	14291861	1750000	2000000	50	3188	380	55656	spaced
SUPER_18	7703151	7771838	IR	316	.	7737468	0.316	1.000	34	68698	7703151	7703332	7771657	7771838	14291861	7550000	7800000	34	3124	181	68325	spaced
SUPER_18	7550327	7657701	IR	316	.	7603700	0.316	0.974	22	107349	7550327	7550481	7657549	7657701	14291861	7500000	7750000	0	1733	152	107068	wide
SUPER_18	5696170	5747173	IR	316	.	5721670	0.316	0.982	20	51057	5696170	5696281	5747062	5747173	14291861	5500000	5750000	20	3694	111	50781	spaced
SUPER_18	4672764	4698563	IR	315	.	4685869	0.315	0.427	49	25991	4672764	4678413	4692927	4698563	14291861	4450000	4700000	49	3927	5636	14514	spaced
SUPER_18	2382828	2547711	IR	315	.	2465243	0.315	1.000	40	164913	2382828	2383018	2547521	2547711	14291861	2300000	2550000	40	2754	190	164503	wide
SUPER_18	5351921	5394694	IR	315	.	5373412	0.315	0.440	27	42971	5351921	5354706	5391909	5394773	14291861	5350000	5600000	27	388	2785	37203	spaced
SUPER_18	4904988	5001424	IR	315	.	4953564	0.315	0.965	20	96415	4904988	4905214	5001199	5001424	14291861	4900000	5150000	0	886	225	95985	spaced
SUPER_18	8370461	8372675	IR	314	.	8371078	0.314	0.986	43	2194	8370461	8370756	8372381	8372675	14291861	8300000	8550000	0	1192	294	1625	immediate
SUPER_18	1382192	1480011	IR	314	.	1430891	0.314	0.995	33	97832	1382192	1382391	1479812	1480011	14291861	1250000	1500000	33	3018	199	97421	spaced
SUPER_18	6631319	6713103	IR	314	.	6671935	0.314	0.386	30	81692	6631319	6666932	6677523	6713103	14291861	6550000	6800000	0	2036	35580	10591	spaced
SUPER_18	59541	83103	IR	314	.	71077	0.314	0.971	24	23553	59541	59750	82894	83103	14291861	50000	300000	24	355	209	23144	spaced
SUPER_18	3028796	3158448	IR	313	.	3093142	0.313	0.411	36	129627	3028796	3034858	3152386	3158504	14291861	3000000	3250000	0	1560	6062	117528	wide
SUPER_18	13782412	13927773	IR	313	.	13855235	0.313	0.383	35	145513	13782412	13834262	13876026	13927773	14291861	13780077	14030077	35	1250	51747	41764	spaced
SUPER_18	1163692	1254293	IR	313	.	1209470	0.313	0.385	32	47863	1163692	1206591	1211495	1254293	14291861	1150000	1400000	0	983	42798	4904	spaced
SUPER_18	8636929	8646138	IR	312	.	8642004	0.312	1.000	244	9191	8636929	8638270	8644797	8646138	14291861	8400000	8650000	0	4025	1341	6527	spaced
SUPER_18	7451715	7461740	IR	311	.	7456263	0.311	1.000	465	9993	7451715	7454272	7459183	7461740	14291861	7250000	7500000	0	3445	2557	4911	spaced
SUPER_18	4551754	4554691	IR	310	.	4552804	0.310	1.000	110	2918	4551754	4552372	4554073	4554691	14291861	4350000	4600000	0	3386	618	1701	immediate
SUPER_18	5262450	5294208	IR	310	.	5278560	0.310	0.831	24	113643	5262450	5262582	5294076	5294229	14291861	5150000	5400000	16	2138	132	31494	spaced
SUPER_18	13172426	13328932	IR	310	.	13250926	0.310	0.410	24	156496	13172426	13176205	13325153	13328942	14291861	13080077	13330077	0	2843	3779	148948	wide
SUPER_18	7847657	7912387	IR	310	.	7880465	0.310	0.390	23	64706	7847657	7872385	7887686	7912387	14291861	7700000	7950000	0	3000	24701	15301	spaced
SUPER_18	6061935	6095500	IR	309	.	6078630	0.309	0.967	81	33665	6061935	6062575	6094860	6095502	14291861	5900000	6150000	81	2978	640	32285	spaced
SUPER_18	7393668	7421608	IR	309	.	7408024	0.309	0.980	33	27910	7393668	7393920	7421356	7421608	14291861	7350000	7600000	0	960	252	27436	spaced
SUPER_18	10412187	10445937	IR	308	.	10429450	0.308	0.871	75	33701	10412187	10412907	10445259	10445937	14291861	10230077	10480077	0	3316	678	32352	spaced
SUPER_18	13396687	13430632	IR	308	.	13413793	0.308	0.977	24	33938	13396687	13396864	13430455	13430632	14291861	13230077	13480077	24	3059	177	33591	spaced
SUPER_18	5934120	5979722	IR	307	.	5956945	0.307	0.736	35	45832	5934120	5934893	5978949	5979833	14291861	5800000	6050000	36	2615	773	44056	spaced
SUPER_18	11519217	11568567	IR	307	.	11544367	0.307	0.394	35	37159	11519217	11531725	11556107	11568567	14291861	11380077	11630077	0	2730	12460	24382	spaced
SUPER_18	2951726	2957678	IR	307	.	2954509	0.307	0.937	27	5972	2951726	2951907	2957497	2957687	14291861	2850000	3100000	27	1744	181	5590	spaced
SUPER_18	12949959	13019332	IR	306	.	12984403	0.306	0.951	38	122761	12949959	12950000	13019291	13019332	14291861	12830077	13080077	3	2576	41	69291	spaced
SUPER_18	10721400	10731842	IR	306	.	10726608	0.306	0.994	29	10439	10721400	10721574	10731668	10731842	14291861	10530077	10780077	29	3275	174	10094	spaced
SUPER_18	573527	577480	IR	305	.	575046	0.305	0.998	318	3935	573527	575287	575720	577480	14291861	350000	600000	0	3758	1760	433	immediate
SUPER_18	8293182	8295859	IR	304	.	8294349	0.304	0.733	40	2740	8293182	8293840	8295201	8295859	14291861	8050000	8300000	40	4075	658	1361	immediate
SUPER_18	5101690	5219194	IR	303	.	5159935	0.303	0.795	40	117484	5101690	5102169	5218793	5219194	14291861	5100000	5350000	0	1007	401	116624	wide
SUPER_18	7508249	7537878	IR	302	.	7522645	0.302	0.999	208	29605	7508249	7509355	7536772	7537878	14291861	7300000	7550000	0	3717	1106	27417	spaced
SUPER_18	8341	23622	IR	301	.	16401	0.301	0.741	32	15238	8341	8399	23579	23622	14291861	0	250000	0	266	43	15180	spaced
SUPER_18	5233251	5240927	IR	300	.	5236863	0.300	1.000	31	38431	5233251	5233272	5240906	5240927	14291861	5050000	5300000	2	3118	21	7634	spaced
SUPER_18	12179574	12249376	IR	300	.	12214133	0.300	0.445	23	69775	12179574	12181280	12247699	12249376	14291861	12130077	12380077	0	1406	1677	66419	spaced
SUPER_18	7468731	7473327	IR	297	.	7470657	0.297	1.000	26	4571	7468731	7468890	7473168	7473327	14291861	7400000	7650000	0	1183	159	4278	spaced
SUPER_18	7206948	7213894	IR	295	.	7210411	0.295	0.888	26	6951	7206948	7207278	7213591	7213894	14291861	7100000	7350000	48	1840	303	6313	spaced
SUPER_19	5287642	5289830	IR	943	.	5288585	0.943	0.998	162	71252	5287642	5288467	5289006	5289830	14227258	5200000	5450000	162	1478	824	539	immediate
SUPER_19	12476949	12478992	IR	699	.	12477970	0.699	0.977	86	2107	12476949	12477478	12478463	12478994	14227258	12341848	12591848	86	2268	529	985	immediate
SUPER_19	9165744	9166978	IR	670	.	9166361	0.670	0.963	57	60807	9165744	9166228	9166494	9166978	14227258	9050000	9300000	57	1939	484	266	immediate
SUPER_19	3157514	3366066	IR	652	.	3262093	0.652	0.384	71	208629	3157514	3261538	3262042	3366170	14227258	3150000	3400000	0	1863	104024	504	immediate
SUPER_19	12509542	12693257	IR	566	.	12601857	0.566	0.415	38	178100	12509542	12515364	12687454	12693257	14227258	12491848	12741848	0	1825	5803	172090	wide
SUPER_19	7211065	7213064	IR	505	.	7212067	0.505	0.940	100	2005	7211065	7211759	7212375	7213064	14227258	7000000	7250000	274	3534	689	616	immediate
SUPER_19	6608255	6610908	IR	493	.	6609578	0.493	0.963	96	2726	6608255	6608809	6610354	6610911	14227258	6400000	6650000	96	3492	554	1545	immediate
SUPER_19	8452145	8564497	IR	467	.	8508321	0.467	0.384	38	112502	8452145	8507573	8509069	8564550	14227258	8350000	8600000	38	2638	55428	1496	immediate
SUPER_19	6806890	7025963	IR	421	.	6915949	0.421	0.381	27	219054	6806890	6914999	6917888	7025963	14227258	6800000	7050000	0	1940	108075	2889	spaced
SUPER_19	2424881	2427021	IR	379	.	2425951	0.379	0.981	41	2219	2424881	2425140	2426763	2427021	14227258	2400000	2650000	41	432	258	1623	immediate
SUPER_19	4237750	4378282	IR	375	.	4308016	0.375	0.386	28	140660	4237750	4307907	4308125	4378313	14227258	4150000	4400000	28	2633	70157	218	immediate
SUPER_19	13157107	13161056	IR	366	.	13159106	0.366	0.447	40	3983	13157107	13159012	13159200	13161056	14227258	13091848	13341848	40	1120	1856	188	immediate
SUPER_19	13006888	13010833	IR	355	.	13008882	0.355	0.449	34	3970	13006888	13008791	13008973	13010833	14227258	12841848	13091848	34	2783	1860	182	immediate
SUPER_19	11214671	11216774	IR	354	.	11215723	0.354	0.949	37	2135	11214671	11215039	11216406	11216779	14227258	11000000	11250000	37	3595	368	1367	immediate
SUPER_19	1752257	1772548	IR	350	.	1762587	0.350	0.963	28	55301	1752257	1752364	1772441	1772548	14227258	1700000	1950000	9	1039	107	20077	spaced
SUPER_19	9811089	9883999	IR	348	.	9847813	0.348	0.385	25	72919	9811089	9838563	9856525	9884025	14227258	9750000	10000000	0	1625	27474	17962	spaced
SUPER_19	8579451	8709118	IR	346	.	8644675	0.346	0.387	33	129640	8579451	8643121	8645488	8709118	14227258	8500000	8750000	0	2404	63630	2367	spaced
SUPER_19	7680039	7878372	IR	344	.	7779234	0.344	0.379	27	198370	7680039	7778282	7780186	7878372	14227258	7650000	7900000	27	2153	98186	1904	immediate
SUPER_19	7317123	7527139	IR	343	.	7421633	0.343	0.959	335	210007	7317123	7320010	7524252	7527163	14227258	7300000	7550000	0	2035	2887	204242	wide
SUPER_19	11649713	11848336	IR	342	.	11749321	0.342	0.392	34	198627	11649713	11673649	11824400	11848360	14227258	11600000	11850000	0	2483	23936	150751	wide
SUPER_19	4505964	4587318	IR	340	.	4546447	0.340	0.970	23	81402	4505964	4506159	4587123	4587320	14227258	4350000	4600000	23	3277	195	80964	spaced
SUPER_19	9072278	9143847	IR	339	.	9108487	0.339	0.392	52	71539	9072278	9105256	9110875	9143847	14227258	8900000	9150000	0	3467	32972	5619	spaced
SUPER_19	10009392	10156771	IR	339	.	10083168	0.339	0.000	36	147388	10009392	10082971	10156554	10156771	14227258	9950000	10200000	36	2217	217	73583	spaced
SUPER_19	6647400	6650959	IR	338	.	6648688	0.338	0.985	78	3518	6647400	6647990	6650369	6650959	14227258	6450000	6700000	0	3319	590	2379	spaced
SUPER_19	4803446	5026473	IR	338	.	4914466	0.338	0.391	38	223000	4803446	4818967	5010957	5026473	14227258	4800000	5050000	0	1915	15516	191990	wide
SUPER_19	1531237	1680223	IR	338	.	1605777	0.338	0.983	37	167735	1531237	1531471	1679989	1680223	14227258	1450000	1700000	37	2595	234	148518	wide
SUPER_19	2334462	2422524	IR	337	.	2378633	0.337	0.967	59	88104	2334462	2334790	2422202	2422524	14227258	2200000	2450000	59	2974	322	87412	spaced
SUPER_19	10572718	10710886	IR	337	.	10642165	0.337	0.385	39	138204	10572718	10602769	10680835	10710946	14227258	10500000	10750000	0	2363	30051	78066	spaced
SUPER_19	53279	295651	IR	336	.	174825	0.336	0.371	29	242347	53279	124933	224048	295651	14227258	50000	300000	0	2074	71603	99115	spaced
SUPER_19	9172603	9236057	IR	336	.	9204520	0.336	0.384	25	63482	9172603	9196800	9211860	9236097	14227258	9150000	9400000	25	905	24197	15060	spaced
SUPER_19	8724350	8837902	IR	336	.	8781574	0.336	0.953	22	113537	8724350	8724513	8837739	8837909	14227258	8650000	8900000	0	2185	163	113226	wide
SUPER_19	8863518	8974133	IR	335	.	8918320	0.335	0.384	38	110600	8863518	8910281	8927370	8974143	14227258	8750000	9000000	0	2813	46763	17089	spaced
SUPER_19	3838713	3906990	IR	334	.	3873165	0.334	0.995	32	68260	3838713	3838932	3906771	3906990	14227258	3700000	3950000	0	2880	219	67839	spaced
SUPER_19	6006646	6042977	IR	333	.	6024327	0.333	0.510	36	36371	6006646	6008080	6041543	6043037	14227258	5850000	6100000	0	2913	1434	33463	spaced
SUPER_19	11471674	11486776	IR	333	.	11479284	0.333	0.981	34	15198	11471674	11471887	11486563	11486776	14227258	11450000	11700000	34	486	213	14676	spaced
SUPER_19	9946985	10005087	IR	333	.	9975894	0.333	0.725	28	58165	9946985	9947126	10004946	10005139	14227258	9850000	10100000	30	2100	141	57820	spaced
SUPER_19	6424266	6428044	IR	331	.	6426196	0.331	0.977	88	3856	6424266	6424743	6427567	6428051	14227258	6200000	6450000	88	3769	477	2824	spaced
SUPER_19	1225144	1407371	IR	331	.	1316421	0.331	0.383	33	197700	1225144	1290998	1341544	1407371	14227258	1200000	1450000	33	1937	65827	50546	spaced
SUPER_19	2159277	2182003	IR	331	.	2170541	0.331	0.984	28	22726	2159277	2159469	2181811	2182003	14227258	2050000	2300000	28	2010	192	22342	spaced
SUPER_19	5788716	5832239	IR	331	.	5810024	0.331	0.982	27	43494	5788716	5788940	5832015	5832242	14227258	5600000	5850000	0	3507	224	43075	spaced
SUPER_19	12008716	12214692	IR	331	.	12111290	0.331	0.384	26	205863	12008716	12076885	12146523	12214721	14227258	12000000	12250000	0	1861	68169	69638	spaced
SUPER_19	556977	643498	IR	331	.	600756	0.331	0.384	24	86564	556977	592006	608469	643592	14227258	400000	650000	0	3337	35029	16463	spaced
SUPER_19	2900021	3111808	IR	330	.	3005561	0.330	0.992	180	211768	2900021	2901204	3110626	3111808	14227258	2900000	3150000	0	1765	1182	209422	wide
SUPER_19	7071954	7211163	IR	330	.	7141501	0.330	0.882	48	203705	7071954	7072052	7211065	7211175	14227258	7000000	7250000	189	2359	98	139013	wide
SUPER_19	13783706	13990810	IR	329	.	13887598	0.329	0.387	151	133210	13783706	13858704	13915812	13990858	14227258	13741848	13991848	0	2423	74998	57108	spaced
SUPER_19	14175112	14181823	IR	329	.	14178438	0.329	0.879	65	6708	14175112	14175170	14181772	14181823	14227258	13941848	14191848	1928	3943	51	6602	spaced
SUPER_19	799369	858770	IR	329	.	828768	0.329	0.389	28	59360	799369	826478	831661	858801	14227258	650000	900000	0	2984	27109	5183	spaced
SUPER_19	14004433	14155963	IR	329	.	14080255	0.329	0.980	24	151524	14004433	14004582	14155814	14155963	14227258	13941848	14191848	24	2305	149	151232	wide
SUPER_19	5294894	5417684	IR	328	.	5356518	0.328	1.000	124	122772	5294894	5294920	5417658	5417684	14227258	5200000	5450000	3	2604	26	122738	wide
SUPER_19	1102036	1126646	IR	328	.	1114430	0.328	0.446	63	24702	1102036	1105647	1123035	1126732	14227258	900000	1150000	63	3572	3611	17388	spaced
SUPER_19	1073884	1078821	IR	328	.	1076748	0.328	0.960	61	4914	1073884	1074510	1078196	1078821	14227258	850000	1100000	0	3772	625	3686	spaced
SUPER_19	13561690	13777416	IR	328	.	13669967	0.328	0.384	48	215709	13561690	13633224	13705964	13777416	14227258	13541848	13791848	0	2128	71452	72740	spaced
SUPER_19	2540385	2681908	IR	328	.	2611004	0.328	0.982	37	141548	2540385	2540606	2681689	2681908	14227258	2450000	2700000	37	2685	219	141083	wide
SUPER_19	10294471	10439777	IR	327	.	10366768	0.327	0.946	78	145279	10294471	10295326	10438933	10439777	14227258	10200000	10450000	0	2785	844	143607	wide
SUPER_19	3628764	3799501	IR	327	.	3714127	0.327	0.384	28	170808	3628764	3708875	3719455	3799501	14227258	3600000	3850000	31	1902	80046	10580	spaced
SUPER_19	6072819	6159216	IR	327	.	6116018	0.327	0.977	25	86401	6072819	6072993	6159042	6159216	14227258	6050000	6300000	25	1100	174	86049	spaced
SUPER_19	12802817	12898911	IR	327	.	12850894	0.327	0.383	23	96086	12802817	12841945	12859823	12898911	14227258	12791848	13041848	23	983	39088	17878	spaced
SUPER_19	9550817	9679343	IR	326	.	9615375	0.326	0.390	29	128508	9550817	9565936	9664305	9679343	14227258	9450000	9700000	0	2751	15038	98369	spaced
SUPER_19	7951487	8175997	IR	326	.	8063272	0.326	0.989	22	224484	7951487	7951665	8175819	8175997	14227258	7950000	8200000	0	1895	178	224154	wide
SUPER_19	11333615	11336196	IR	325	.	11334971	0.325	0.992	48	2623	11333615	11333860	11335951	11336196	14227258	11100000	11350000	61	3914	245	2091	spaced
SUPER_19	5101075	5223066	IR	324	.	5161749	0.324	0.413	36	121929	5101075	5108852	5215357	5223066	14227258	5000000	5250000	0	2701	7709	106505	wide
SUPER_19	11900103	11957516	IR	323	.	11929164	0.323	0.594	29	57490	11900103	11901123	11956496	11957611	14227258	11900000	12150000	0	480	1020	55373	spaced
SUPER_19	1919314	2038546	IR	323	.	1978700	0.323	0.961	24	119217	1919314	1919492	2038368	2038546	14227258	1800000	2050000	19	2982	178	118876	wide
SUPER_19	7581837	7646239	IR	323	.	7613812	0.323	0.887	21	64418	7581837	7582001	7646075	7646252	14227258	7450000	7700000	21	2733	164	64074	spaced
SUPER_19	8364438	8374959	IR	322	.	8369292	0.322	0.826	33	10371	8364438	8365318	8374165	8374959	14227258	8200000	8450000	0	2828	794	8847	spaced
SUPER_19	340406	427935	IR	321	.	384085	0.321	0.963	25	87536	340406	340568	427778	427935	14227258	200000	450000	25	3069	157	87210	spaced
SUPER_19	1856014	1915535	IR	321	.	1885692	0.321	0.994	22	59512	1856014	1856169	1915380	1915535	14227258	1850000	2100000	22	596	155	59211	spaced
SUPER_19	5646368	5752350	IR	321	.	5699599	0.321	0.970	21	105894	5646368	5646571	5752147	5752350	14227258	5550000	5800000	0	2489	203	105576	wide
SUPER_19	6418446	6424142	IR	320	.	6421314	0.320	0.998	111	5797	6418446	6418991	6423597	6424142	14227258	6200000	6450000	111	3688	545	4606	spaced
SUPER_19	12242111	12322256	IR	320	.	12282237	0.320	0.959	40	80152	12242111	12242451	12321920	12322256	14227258	12100000	12341648	40	3036	336	79469	spaced
SUPER_19	3436572	3625213	IR	320	.	3530411	0.320	0.452	37	188574	3436572	3440107	3621717	3625213	14227258	3400000	3650000	0	2181	3496	181610	wide
SUPER_19	10766532	10876800	IR	319	.	10822121	0.319	0.375	54	110319	10766532	10821662	10821670	10876877	14227258	10750000	11000000	0	1194	55130	8	immediate
SUPER_19	5891558	5963645	IR	319	.	5928088	0.319	0.390	40	72129	5891558	5920924	5934279	5963709	14227258	5850000	6100000	0	1293	29366	13355	spaced
SUPER_19	11086815	11135712	IR	319	.	11111448	0.319	0.955	21	48895	11086815	11087015	11135512	11135712	14227258	11000000	11250000	21	1854	200	48497	spaced
SUPER_19	13202059	13248934	IR	318	.	13225485	0.318	0.966	121	47185	13202059	13203137	13247856	13248935	14227258	13041848	13291848	121	3060	1078	44719	spaced
SUPER_19	10958614	11056387	IR	318	.	11007680	0.318	0.395	31	97848	10958614	10963914	11051087	11056453	14227258	10950000	11200000	33	958	5300	87173	spaced
SUPER_19	1785131	1830873	IR	318	.	1807851	0.318	1.000	28	45739	1785131	1785250	1830754	1830873	14227258	1750000	2000000	28	966	119	45504	spaced
SUPER_19	6322856	6345419	IR	318	.	6333733	0.318	0.987	27	22534	6322856	6323080	6345195	6345419	14227258	6100000	6350000	0	3902	224	22115	spaced
SUPER_19	9338245	9492262	IR	317	.	9415337	0.317	0.874	24	154002	9338245	9338647	9491870	9492262	14227258	9300000	9550000	24	1920	392	153223	wide
SUPER_19	3959948	4018565	IR	317	.	3989727	0.317	0.928	20	58578	3959948	3960079	4018434	4018572	14227258	3950000	4200000	0	654	131	58355	spaced
SUPER_19	4141718	4160800	IR	316	.	4151447	0.316	0.944	25	19076	4141718	4141879	4160647	4160800	14227258	3950000	4200000	25	3354	153	18768	spaced
SUPER_19	8268677	8274146	IR	316	.	8271381	0.316	0.970	23	65662	8268677	8268913	8273910	8274146	14227258	8100000	8350000	23	2856	236	4997	spaced
SUPER_19	11530268	11534626	IR	314	.	11532868	0.314	1.000	39	4335	11530268	11530505	11534389	11534626	14227258	11400000	11650000	0	2207	237	3884	spaced
SUPER_19	667810	690618	IR	314	.	679384	0.314	0.986	23	22812	667810	667949	690479	690618	14227258	450000	700000	23	3820	139	22530	spaced
SUPER_19	12974238	12985607	IR	314	.	12980369	0.314	0.910	23	11348	12974238	12974601	12985258	12985607	14227258	12791848	13041848	0	3134	349	10657	spaced
SUPER_19	4420621	4488464	IR	314	.	4454699	0.314	0.950	20	67835	4420621	4420760	4488325	4488464	14227258	4350000	4600000	20	1742	139	67565	spaced
SUPER_19	6447106	6456717	IR	313	.	6451745	0.313	0.983	123	9846	6447106	6447734	6456089	6456724	14227258	6250000	6500000	123	3365	628	8355	spaced
SUPER_19	11274937	11279328	IR	313	.	11277433	0.313	0.998	68	4372	11274937	11275369	11278896	11279328	14227258	11050000	11300000	0	3785	432	3527	spaced
SUPER_19	2724029	2872767	IR	313	.	2798773	0.313	0.381	43	148655	2724029	2797436	2799379	2872767	14227258	2650000	2900000	0	2473	73388	1943	immediate
SUPER_19	12698638	12789030	IR	313	.	12744066	0.313	0.982	34	90363	12698638	12698915	12788753	12789030	14227258	12691848	12941848	0	866	277	89838	spaced
SUPER_19	6178964	6183163	IR	312	.	6180889	0.312	1.000	58	4317	6178964	6179207	6182920	6183163	14227258	5950000	6200000	58	3850	243	3713	spaced
SUPER_19	13350884	13436885	IR	312	.	13393419	0.312	0.864	51	85992	13350884	13351939	13435830	13436928	14227258	13191848	13441848	0	3367	1055	83891	spaced
SUPER_19	473969	555644	IR	312	.	514872	0.312	1.000	22	81671	473969	474084	555529	555644	14227258	350000	600000	22	2746	115	81445	spaced
SUPER_19	4132820	4137049	IR	311	.	4134842	0.311	1.000	372	4571	4132820	4134370	4135499	4137049	14227258	3900000	4150000	372	3915	1550	1129	immediate
SUPER_19	10487984	10531507	IR	309	.	10509664	0.309	0.904	44	43537	10487984	10488369	10531129	10531507	14227258	10350000	10600000	46	2662	378	42760	spaced
SUPER_19	4641974	4670894	IR	309	.	4656367	0.309	0.879	34	28941	4641974	4642271	4670626	4670894	14227258	4450000	4700000	34	3440	268	28355	spaced
SUPER_19	2112901	2150757	IR	309	.	2132046	0.309	0.445	28	37949	2112901	2115121	2148574	2150757	14227258	1950000	2200000	28	3030	2183	33453	spaced
SUPER_19	9702193	9729319	IR	308	.	9716076	0.308	0.980	26	27084	9702193	9702445	9729067	9729319	14227258	9600000	9850000	0	1929	252	26622	spaced
SUPER_19	12948915	12951904	IR	306	.	12950692	0.306	0.834	38	3038	12948915	12949429	12951390	12951981	14227258	12841848	13091848	0	1809	514	1961	immediate
SUPER_19	928096	972531	IR	305	.	950077	0.305	0.820	67	44527	928096	928942	971701	972531	14227258	850000	1100000	67	1671	830	42759	spaced
SUPER_19	13338835	13349895	IR	305	.	13344852	0.305	1.000	39	11032	13338835	13339052	13349678	13349895	14227258	13191848	13441848	0	2541	217	10626	spaced
SUPER_19	11364898	11413588	IR	304	.	11389329	0.304	0.995	579	49365	11364898	11367549	11410937	11413597	14227258	11200000	11450000	579	3153	2651	43388	spaced
SUPER_19	10878911	10882334	IR	304	.	10880220	0.304	0.900	70	3451	10878911	10879324	10881921	10882380	14227258	10650000	10900000	0	3843	413	2597	spaced
SUPER_19	452432	461193	IR	303	.	456934	0.303	0.968	21	8754	452432	452653	460972	461193	14227258	350000	600000	21	1780	221	8319	spaced
SUPER_19	11497744	11500853	IR	302	.	11498960	0.302	0.956	120	3125	11497744	11498679	11499918	11500889	14227258	11300000	11550000	0	3321	935	1239	immediate
SUPER_19	13440036	13517080	IR	302	.	13478177	0.302	0.425	34	77024	13440036	13443867	13513330	13517080	14227258	13391848	13641848	0	1445	3750	69463	spaced
SUPER_19	6566466	6594641	IR	301	.	6580385	0.301	0.983	54	28247	6566466	6566819	6594288	6594641	14227258	6450000	6700000	54	2175	353	27469	spaced
SUPER_19	4730363	4772646	IR	301	.	4751830	0.301	0.967	24	42259	4730363	4730608	4772401	4772646	14227258	4550000	4800000	0	3358	245	41793	spaced
SUPER_19	897777	927887	IR	300	.	912713	0.300	0.980	35	30101	897777	898023	927641	927887	14227258	700000	950000	35	3547	246	29618	spaced
SUPER_19	2701685	2723174	IR	297	.	2711977	0.297	0.869	23	21463	2701685	2702021	2722863	2723174	14227258	2550000	2800000	0	2707	311	20842	spaced
SUPER_20	5629084	5631182	IR	995	.	5630133	0.995	1.000	209	2336	5629084	5629997	5630269	5631182	13974374	5424211	5674211	209	3431	913	272	immediate
SUPER_20	13055154	13069628	IR	974	.	13062391	0.974	1.000	1438	15916	13055154	13061573	13063209	13069628	13974374	12835499	13085499	1438	3781	6419	1636	immediate
SUPER_20	11272738	11275329	IR	952	.	11273882	0.952	1.000	217	2818	11272738	11273708	11274359	11275329	13974374	11031007	11281007	217	4050	970	651	immediate
SUPER_20	12028494	12139980	IR	691	.	12084171	0.691	0.384	66	111753	12028494	12083796	12084709	12139980	13974374	11931007	12181007	66	2553	55271	913	immediate
SUPER_20	1452217	1457617	IR	689	.	1454917	0.689	0.832	352	5797	1452217	1454323	1455511	1457643	13974374	1250000	1500000	352	3415	2106	1188	immediate
SUPER_20	12311290	12313314	IR	590	.	12312303	0.590	0.977	118	81281	12311290	12312062	12312548	12313314	13974374	12181007	12431007	118	2188	766	486	immediate
SUPER_20	7491252	7493606	IR	563	.	7492426	0.563	0.983	196	2566	7491252	7492136	7492723	7493606	13974374	7281007	7531007	196	3523	883	587	immediate
SUPER_20	1657730	1842956	IR	527	.	1750343	0.527	0.384	52	185366	1657730	1750212	1750474	1843020	13974374	1650000	1900000	52	1672	92482	262	immediate
SUPER_20	11866572	11870142	IR	478	.	11867988	0.478	0.989	116	3553	11866572	11867405	11869311	11870142	13974374	11631007	11881007	0	3955	831	1906	immediate
SUPER_20	10832412	10835147	IR	449	.	10833769	0.449	0.914	160	3204	10832412	10833586	10833973	10835176	13974374	10631007	10881007	160	3379	1174	387	immediate
SUPER_20	13907915	13909947	IR	438	.	13908931	0.438	0.996	49	19566	13907915	13908164	13909698	13909948	13974374	13685499	13935499	49	3723	249	1534	immediate
SUPER_20	13100359	13105698	IR	418	.	13102620	0.418	0.889	50	5312	13100359	13101270	13104833	13105698	13974374	12885499	13135499	0	3625	865	3563	spaced
SUPER_20	1998157	2000999	IR	407	.	1999578	0.407	0.995	104	2924	1998157	1998734	2000422	2001000	13974374	1800000	2050000	104	3326	577	1688	immediate
SUPER_20	3159521	3159973	IR	404	.	3159747	0.404	1.000	31	92916	3159521	3159688	3159806	3159973	13974374	3050000	3300000	31	1828	167	118	immediate
SUPER_20	3406162	3473253	IR	393	.	3439802	0.393	0.911	209	67390	3406162	3408197	3471284	3473253	13974374	3300000	3550000	209	2328	1969	63087	spaced
SUPER_20	12758232	12845043	IR	385	.	12801646	0.385	0.385	32	86815	12758232	12800994	12802298	12845043	13974374	12735499	12985499	32	1102	42745	1304	immediate
SUPER_20	9359400	9362104	IR	379	.	9360612	0.379	0.949	36	2722	9359400	9359649	9361855	9362111	13974374	9231007	9481007	36	2162	249	2206	spaced
SUPER_20	6478410	6481244	IR	372	.	6479828	0.372	0.988	91	2966	6478410	6478972	6480686	6481244	13974374	6274211	6524211	91	3426	558	1714	immediate
SUPER_20	3479985	3482896	IR	362	.	3481440	0.362	0.947	56	3007	3479985	3480484	3482397	3482904	13974374	3300000	3550000	56	3023	499	1913	immediate
SUPER_20	8939642	8986317	IR	361	.	8962853	0.361	0.386	38	46834	8939642	8962563	8963396	8986347	13974374	8831007	9081007	38	2199	22921	833	immediate
SUPER_20	10920044	11040754	IR	354	.	10980394	0.354	0.389	41	120753	10920044	10980235	10980563	11040765	13974374	10881007	11131007	41	1656	60191	328	immediate
SUPER_20	2922324	2963638	IR	354	.	2942994	0.354	0.392	31	41308	2922324	2942168	2943815	2963638	13974374	2750000	3000000	31	3216	19823	1647	immediate
SUPER_20	11631929	11804054	IR	349	.	11717908	0.349	0.927	49	172167	11631929	11632241	11803742	11804070	13974374	11631007	11881007	95	1449	312	171501	wide
SUPER_20	6339822	6376361	IR	343	.	6358182	0.343	0.989	61	45868	6339822	6340097	6376086	6376364	13974374	6224211	6474211	61	2231	275	35989	spaced
SUPER_20	469379	638238	IR	341	.	553733	0.341	0.926	74	169062	469379	470236	637381	638258	13974374	400000	650000	74	2563	857	167145	wide
SUPER_20	5896989	6115585	IR	341	.	6006081	0.341	0.981	25	218586	5896989	5897197	6115377	6115585	13974374	5874211	6124211	25	2201	208	218180	wide
SUPER_20	9414083	9555351	IR	339	.	9484991	0.339	0.850	22	141259	9414083	9414422	9555012	9555365	13974374	9381007	9631007	0	1728	339	140590	wide
SUPER_20	1446832	1452212	IR	337	.	1449343	0.337	1.000	147	5500	1446832	1447444	1451600	1452212	13974374	1250000	1500000	155	3325	612	4156	spaced
SUPER_20	4828182	4841095	IR	337	.	4834996	0.337	0.527	86	12884	4828182	4831119	4838175	4841095	13974374	4700000	4950000	0	2243	2920	7056	spaced
SUPER_20	9695148	9760843	IR	337	.	9727550	0.337	0.963	34	65673	9695148	9695473	9760518	9760843	13974374	9681007	9931007	0	783	325	65045	spaced
SUPER_20	8394341	8441782	IR	337	.	8417974	0.337	0.430	32	47576	8394341	8396583	8439540	8441810	13974374	8231007	8481007	32	3117	2242	42957	spaced
SUPER_20	5739588	5783615	IR	337	.	5761573	0.337	0.000	26	44022	5739588	5760955	5783365	5783615	13974374	5724211	5974211	26	622	250	22410	spaced
SUPER_20	4861275	5038904	IR	335	.	4949914	0.335	0.385	28	177685	4861275	4881868	5018311	5038965	13974374	4850000	5100000	28	1668	20593	136443	wide
SUPER_20	7354459	7409019	IR	334	.	7382073	0.334	0.997	46	54533	7354459	7354755	7408723	7409019	13974374	7181007	7431007	0	3345	296	53968	spaced
SUPER_20	1532642	1656885	IR	334	.	1595255	0.334	0.387	40	124154	1532642	1583079	1606448	1656892	13974374	1500000	1750000	0	1579	50437	23369	spaced
SUPER_20	1223198	1341765	IR	333	.	1282279	0.333	0.693	36	118671	1223198	1223507	1341547	1341765	13974374	1100000	1350000	41	3041	218	118040	wide
SUPER_20	10282823	10352646	IR	332	.	10317368	0.332	0.937	347	69801	10282823	10285325	10350165	10352646	13974374	10231007	10481007	0	1445	2481	64840	spaced
SUPER_20	4521440	4695689	IR	332	.	4608675	0.332	0.424	29	174377	4521440	4525411	4691718	4695698	13974374	4450000	4700000	29	2642	3971	166307	wide
SUPER_20	6695553	6706541	IR	332	.	6701036	0.332	0.381	26	11032	6695553	6700734	6701434	6706541	13974374	6631007	6881007	26	1167	5107	700	immediate
SUPER_20	6942681	7058996	IR	331	.	7000482	0.331	0.989	141	116294	6942681	6943690	7057988	7058996	13974374	6831007	7081007	0	2830	1008	114298	wide
SUPER_20	8709011	8722196	IR	331	.	8715919	0.331	1.000	33	13160	8709011	8709215	8721992	8722196	13974374	8481007	8731007	0	3909	204	12777	spaced
SUPER_20	13491312	13638032	IR	331	.	13564998	0.331	0.972	29	146701	13491312	13491564	13637782	13638032	13974374	13435499	13685499	0	2152	250	146218	wide
SUPER_20	8102925	8283171	IR	331	.	8192591	0.331	0.671	26	180228	8102925	8103088	8283008	8283248	13974374	8081007	8331007	0	1867	163	179920	wide
SUPER_20	4259125	4492738	IR	331	.	4375702	0.331	0.981	23	233610	4259125	4259283	4492580	4492740	13974374	4250000	4500000	23	2098	158	233297	wide
SUPER_20	665253	836085	IR	330	.	750969	0.330	0.391	54	170900	665253	704459	796879	836201	13974374	600000	850000	0	2511	39206	92420	spaced
SUPER_20	2021150	2238476	IR	330	.	2129489	0.330	0.385	53	217342	2021150	2086298	2173328	2238514	13974374	2000000	2250000	0	2163	65148	87030	spaced
SUPER_20	285993	410102	IR	330	.	348269	0.330	0.383	20	124148	285993	315455	380640	410145	13974374	200000	450000	20	2467	29462	65185	spaced
SUPER_20	13899196	13907866	IR	329	.	13903264	0.329	0.970	62	8652	13899196	13899867	13907195	13907869	13974374	13685499	13935499	0	3633	671	7328	spaced
SUPER_20	6851711	6927009	IR	329	.	6888890	0.329	0.393	36	75228	6851711	6862534	6916231	6927009	13974374	6681007	6931007	0	3472	10778	53697	spaced
SUPER_20	10546499	10622987	IR	328	.	10584453	0.328	0.502	40	76431	10546499	10548723	10620866	10622987	13974374	10431007	10681007	0	2562	2121	72143	spaced
SUPER_20	12411874	12630732	IR	328	.	12521142	0.328	0.382	36	218866	12411874	12442345	12600313	12630732	13974374	12381007	12631007	36	2338	30419	157968	wide
SUPER_20	4069665	4239204	IR	328	.	4154106	0.328	0.395	30	169521	4069665	4079869	4229054	4239204	13974374	4050000	4300000	0	1740	10150	149185	wide
SUPER_20	1181302	1193328	IR	328	.	1187190	0.328	0.976	23	12020	1181302	1181469	1193161	1193328	13974374	1000000	1250000	23	3121	167	11692	spaced
SUPER_20	5324665	5429394	IR	328	.	5376992	0.328	0.377	22	104827	5324665	5361332	5392727	5429444	13974374	5274211	5524211	22	1713	36667	31395	spaced
SUPER_20	7862701	7870546	IR	327	.	7866794	0.327	0.927	201	8113	7862701	7864405	7868842	7870582	13974374	7681007	7931007	201	3093	1704	4437	spaced
SUPER_20	9894321	9935393	IR	327	.	9914386	0.327	0.944	171	41045	9894321	9896171	9933561	9935393	13974374	9781007	10031007	0	2230	1832	37390	spaced
SUPER_20	7807809	7830446	IR	327	.	7818707	0.327	0.866	84	22616	7807809	7808831	7829465	7830446	13974374	7581007	7831007	0	3968	981	20634	spaced
SUPER_20	7213387	7213836	IR	326	.	7213839	0.326	0.991	38	194808	7213387	7213503	7213720	7213836	13974374	7081007	7331007	22	2209	116	217	immediate
SUPER_20	3173605	3398109	IR	326	.	3286014	0.326	0.382	28	224560	3173605	3215609	3356154	3398109	13974374	3150000	3400000	28	2264	41955	140545	wide
SUPER_20	11357934	11487183	IR	326	.	11422333	0.326	0.896	28	129262	11357934	11358221	11486896	11487186	13974374	11281007	11531007	28	2359	287	128675	wide
SUPER_20	9135903	9234983	IR	325	.	9184968	0.325	0.956	56	99071	9135903	9136491	9234395	9234992	13974374	9131007	9381007	0	907	588	97904	spaced
SUPER_20	3587693	3734227	IR	325	.	3660919	0.325	0.380	33	146524	3587693	3647063	3674898	3734227	13974374	3500000	3750000	33	2682	59329	27835	spaced
SUPER_20	5183165	5224004	IR	325	.	5203697	0.325	0.980	28	40892	5183165	5183361	5223808	5224004	13974374	5050000	5274011	28	2559	196	40447	spaced
SUPER_20	7063961	7177332	IR	325	.	7120270	0.325	0.393	28	113300	7063961	7087148	7154145	7177338	13974374	6981007	7231007	0	2327	23187	66997	spaced
SUPER_20	6137470	6271817	IR	325	.	6204316	0.325	0.966	22	134333	6137470	6137702	6271585	6271820	13974374	6124211	6374211	0	1340	232	133883	wide
SUPER_20	2610525	2621135	IR	323	.	2616168	0.323	0.602	59	10589	2610525	2611626	2620148	2621135	13974374	2400000	2650000	0	3597	987	8522	spaced
SUPER_20	836179	936010	IR	323	.	886539	0.323	0.397	36	79581	836179	856791	915398	936039	13974374	700000	950000	0	3101	20612	58607	spaced
SUPER_20	8722004	8725932	IR	322	.	8724053	0.322	1.000	33	3928	8722004	8722179	8725757	8725932	13974374	8481007	8731007	33	4049	175	3578	spaced
SUPER_20	11246378	11268771	IR	321	.	11257549	0.321	0.965	348	22911	11246378	11248142	11267007	11268800	13974374	11081007	11331007	348	2942	1764	18865	spaced
SUPER_20	982238	1035555	IR	321	.	1009045	0.321	0.402	46	166159	982238	990243	1027550	1035681	13974374	850000	1100000	46	2648	8005	37307	spaced
SUPER_20	2748630	2842490	IR	321	.	2795611	0.321	0.383	33	93884	2748630	2790856	2800264	2842492	13974374	2700000	2950000	33	1592	42226	9408	spaced
SUPER_20	10676746	10820999	IR	321	.	10749288	0.321	1.000	33	144221	10676746	10676970	10820775	10820999	13974374	10581007	10831007	0	2797	224	143805	wide
SUPER_20	12904036	12949228	IR	321	.	12926701	0.321	0.989	30	45190	12904036	12904226	12949038	12949228	13974374	12835499	13085499	30	1518	190	44812	spaced
SUPER_20	3817819	3983826	IR	321	.	3901191	0.321	0.389	27	166044	3817819	3834846	3966799	3983881	13974374	3800000	4050000	0	1680	17027	131953	wide
SUPER_20	13686751	13857070	IR	321	.	13771445	0.321	0.944	26	170302	13686751	13686985	13856845	13857070	13974374	13635499	13885499	0	2273	225	169860	wide
SUPER_20	6276124	6337945	IR	321	.	6307362	0.321	0.388	24	33160	6276124	6305089	6308980	6337979	13974374	6174211	6424211	0	2213	28965	3891	spaced
SUPER_20	8760094	8791378	IR	321	.	8775566	0.321	0.981	21	31282	8760094	8760251	8791221	8791378	13974374	8731007	8981007	21	745	157	30970	spaced
SUPER_20	9995807	10215925	IR	320	.	10105418	0.320	0.954	64	220099	9995807	9996586	10215155	10215925	13974374	9981007	10231007	0	2080	770	218569	wide
SUPER_20	5497705	5516635	IR	320	.	5506849	0.320	0.915	28	18925	5497705	5498033	5516307	5516649	13974374	5274211	5524211	0	3882	328	18274	spaced
SUPER_20	8470663	8485598	IR	320	.	8477995	0.320	0.916	28	14967	8470663	8470968	8485294	8485598	13974374	8431007	8681007	28	785	304	14326	spaced
SUPER_20	5067313	5154859	IR	320	.	5111313	0.320	1.000	25	144615	5067313	5067346	5154826	5154859	13974374	4950000	5200000	4	2684	33	87480	spaced
SUPER_20	13321506	13471113	IR	320	.	13396394	0.320	0.976	22	149623	13321506	13321673	13470947	13471113	13974374	13235499	13485499	22	2680	166	149274	wide
SUPER_20	2287581	2360437	IR	319	.	2323840	0.319	0.396	117	73178	2287581	2316740	2331278	2360554	13974374	2150000	2400000	131	2900	29159	14538	spaced
SUPER_20	2410127	2540025	IR	319	.	2475364	0.319	0.410	74	129868	2410127	2417890	2532265	2540025	13974374	2350000	2600000	0	2084	7760	114375	wide
SUPER_20	10353443	10540893	IR	319	.	10447170	0.319	0.955	29	187444	10353443	10353664	10540677	10540893	13974374	10331007	10581007	29	1935	216	187013	wide
SUPER_20	7543348	7719778	IR	319	.	7631746	0.319	0.395	27	176592	7543348	7559309	7703817	7719842	13974374	7481007	7731007	27	2509	15961	144508	wide
SUPER_20	7881715	7991305	IR	318	.	7936709	0.318	0.995	87	109709	7881715	7882127	7990893	7991305	13974374	7881007	8131007	87	924	412	108766	wide
SUPER_20	9058607	9061619	IR	318	.	9060113	0.318	0.978	62	3085	9058607	9059105	9061121	9061619	13974374	8831007	9081007	62	3818	498	2016	spaced
SUPER_20	11079223	11114418	IR	318	.	11097085	0.318	0.988	32	35155	11079223	11079465	11114176	11114418	13974374	10931007	11181007	0	2763	242	34711	spaced
SUPER_20	8069467	8074931	IR	318	.	8072178	0.318	0.972	22	5466	8069467	8069682	8074716	8074932	13974374	7931007	8181007	22	2353	215	5034	spaced
SUPER_20	9084761	9129083	IR	317	.	9107057	0.317	0.903	52	44387	9084761	9085305	9128564	9129083	13974374	8881007	9131007	52	3765	519	43259	spaced
SUPER_20	7415989	7461708	IR	316	.	7438610	0.316	0.962	32	45712	7415989	7416388	7461309	7461708	13974374	7381007	7631007	32	963	399	44921	spaced
SUPER_20	4787505	4812386	IR	314	.	4800379	0.314	0.918	41	24861	4787505	4788008	4811903	4812386	13974374	4600000	4850000	0	3332	483	23895	spaced
SUPER_20	9764548	9791572	IR	314	.	9778551	0.314	0.600	30	26282	9764548	9766514	9789606	9791585	13974374	9681007	9931007	0	1617	1966	23092	spaced
SUPER_20	3489135	3523769	IR	313	.	3506055	0.313	0.943	60	34602	3489135	3489752	3523169	3523769	13974374	3300000	3550000	0	3440	600	33417	spaced
SUPER_20	2993190	3039716	IR	313	.	3016133	0.313	0.860	24	46539	2993190	2993393	3039513	3039748	13974374	2850000	3100000	0	2774	203	46120	spaced
SUPER_20	9623399	9678424	IR	312	.	9651010	0.312	0.898	71	55863	9623399	9624059	9677764	9678433	13974374	9481007	9731007	77	2831	660	53705	spaced
SUPER_20	10240266	10264565	IR	312	.	10252858	0.312	0.814	31	24311	10240266	10241085	10263746	10264640	13974374	10031007	10281007	0	3690	819	22661	spaced
SUPER_20	12845123	12873427	IR	311	.	12858963	0.311	0.985	32	28285	12845123	12845387	12873163	12873427	13974374	12785499	13035499	0	1229	264	27776	spaced
SUPER_20	3051228	3069058	IR	311	.	3059848	0.311	0.414	26	17837	3051228	3058051	3062235	3069085	13974374	2850000	3100000	0	3502	6823	4184	spaced
SUPER_20	8283020	8294072	IR	311	.	8288501	0.311	0.993	21	11052	8283020	8283165	8293927	8294072	13974374	8131007	8381007	21	2625	145	10762	spaced
SUPER_20	2848793	2883178	IR	310	.	2865615	0.310	0.924	42	34381	2848793	2849193	2882778	2883198	13974374	2650000	2900000	0	3599	400	33585	spaced
SUPER_20	12325970	12383548	IR	310	.	12355061	0.310	0.988	33	57546	12325970	12326221	12383297	12383549	13974374	12181007	12431007	0	2895	251	57076	spaced
SUPER_20	9010950	9052528	IR	310	.	9031865	0.310	0.968	21	41696	9010950	9011139	9052339	9052528	13974374	8831007	9081007	21	3345	189	41200	spaced
SUPER_20	6808864	6820057	IR	308	.	6814216	0.308	0.989	20	11297	6808864	6808958	6819963	6820057	13974374	6631007	6881007	17	3057	94	11005	spaced
SUPER_20	5583076	5616055	IR	307	.	5599970	0.307	0.996	33	32944	5583076	5583325	5615806	5616055	13974374	5374211	5624211	0	3755	249	32481	spaced
SUPER_20	8817028	8819999	IR	307	.	8818232	0.307	0.991	26	2944	8817028	8817247	8819780	8819999	13974374	8731007	8981007	0	1458	219	2533	spaced
SUPER_20	8518685	8654365	IR	304	.	8586810	0.304	0.995	72	135651	8518685	8519121	8653929	8654365	13974374	8431007	8681007	0	2591	436	134808	wide
SUPER_20	1909877	1980283	IR	303	.	1944818	0.303	0.615	38	70374	1909877	1910788	1979381	1980283	13974374	1750000	2000000	0	3251	902	68593	spaced
SUPER_20	6391192	6465210	IR	299	.	6428683	0.299	0.977	48	73959	6391192	6391620	6464783	6465210	13974374	6224211	6474211	0	3399	427	73163	spaced
SUPER_21	1172932	1178664	IR	870	.	1175798	0.870	0.999	530	234930	1172932	1175298	1176298	1178664	13811000	1050000	1300000	530	2096	2366	1000	immediate
SUPER_21	11264032	11266985	IR	790	.	11265510	0.790	0.996	235	87052	11264032	11265076	11265944	11266985	13811000	11100000	11350000	235	2758	1041	868	immediate
SUPER_21	7652106	7805486	IR	701	.	7728796	0.701	0.381	117	153631	7652106	7728501	7729091	7805514	13811000	7650000	7900000	117	1313	76395	590	immediate
SUPER_21	756506	990798	IR	479	.	874098	0.479	0.976	22	234268	756506	756718	990586	990798	13811000	750000	1000000	0	2060	212	233868	wide
SUPER_21	8478591	8573351	IR	469	.	8525971	0.469	0.388	57	95083	8478591	8525907	8526035	8573431	13811000	8450000	8700000	57	1266	47316	128	immediate
SUPER_21	6310949	6313135	IR	462	.	6312042	0.462	0.899	43	3274	6310949	6311305	6312779	6313145	13811000	6100000	6350000	43	3533	356	1474	immediate
SUPER_21	8857801	9059296	IR	447	.	8958066	0.447	0.378	50	201577	8857801	8957089	8960008	9059407	13811000	8850000	9100000	0	1809	99288	2919	spaced
SUPER_21	2328695	2459680	IR	442	.	2394288	0.442	0.995	38	134346	2328695	2328914	2459461	2459680	13811000	2250000	2500000	38	2402	219	130547	wide
SUPER_21	6368255	6373043	IR	439	.	6370736	0.439	0.954	162	4993	6368255	6369586	6371721	6373043	13811000	6150000	6400000	162	3677	1322	2135	spaced
SUPER_21	12156924	12297273	IR	421	.	12226710	0.421	0.381	36	140332	12156924	12219025	12235186	12297273	13811000	12050000	12300000	0	2951	62087	16161	spaced
SUPER_21	8605113	8844634	IR	416	.	8724800	0.416	0.382	33	239510	8605113	8697715	8752071	8844634	13811000	8600000	8850000	33	2081	92563	54356	spaced
SUPER_21	7989843	8001519	IR	373	.	7995758	0.373	0.412	21	11769	7989843	7995017	7996345	8001586	13811000	7800000	8050000	21	3261	5174	1328	immediate
SUPER_21	13281320	13357772	IR	367	.	13319398	0.367	0.385	26	76444	13281320	13302111	13337071	13357772	13811000	13200000	13450000	26	1992	20701	34960	spaced
SUPER_21	3409174	3411566	IR	365	.	3410370	0.365	1.000	64	2434	3409174	3409488	3411252	3411566	13811000	3200000	3450000	64	3506	314	1764	immediate
SUPER_21	6825099	6827827	IR	365	.	6826273	0.365	0.954	31	2800	6825099	6825358	6827568	6827828	13811000	6750000	7000000	31	1274	259	2210	spaced
SUPER_21	6862744	6865009	IR	364	.	6863885	0.364	0.907	45	2342	6862744	6863278	6864475	6865026	13811000	6700000	6950000	45	2731	534	1197	immediate
SUPER_21	3706850	3856907	IR	359	.	3782009	0.359	0.380	32	150167	3706850	3746480	3817318	3856907	13811000	3700000	3950000	32	1364	39589	70838	spaced
SUPER_21	13455907	13683047	IR	351	.	13569191	0.351	0.962	24	227089	13455907	13455960	13682996	13683047	13811000	13450000	13700000	0	1991	51	227036	wide
SUPER_21	5441425	5545259	IR	347	.	5493644	0.347	0.385	27	103890	5441425	5471768	5514916	5545345	13811000	5300000	5550000	0	3222	30343	43148	spaced
SUPER_21	1250917	1447259	IR	344	.	1348891	0.344	0.917	71	196392	1250917	1251594	1446619	1447259	13811000	1200000	1450000	74	2484	640	195025	wide
SUPER_21	1917959	2116141	IR	344	.	2017153	0.344	0.381	37	198299	1917959	1967525	2066603	2116141	13811000	1900000	2150000	37	1950	49538	99078	spaced
SUPER_21	6420902	6471439	IR	342	.	6446533	0.342	0.936	315	50514	6420902	6423435	6468942	6471439	13811000	6250000	6500000	0	3269	2497	45507	spaced
SUPER_21	9643694	9665066	IR	339	.	9654488	0.339	0.965	50	71156	9643694	9644086	9664674	9665071	13811000	9500000	9750000	50	2572	392	20588	spaced
SUPER_21	10803878	11024890	IR	339	.	10914356	0.339	0.386	30	221029	10803878	10875632	10953201	11024890	13811000	10800000	11050000	30	1906	71689	77569	spaced
SUPER_21	5265733	5437169	IR	339	.	5351865	0.339	0.392	29	171466	5265733	5281229	5421673	5437266	13811000	5200000	5450000	0	2524	15496	140444	wide
SUPER_21	3091050	3254385	IR	337	.	3172920	0.337	0.994	28	163357	3091050	3091213	3254222	3254385	13811000	3050000	3300000	28	2045	163	163009	wide
SUPER_21	2718749	2936938	IR	336	.	2828234	0.336	0.387	45	218188	2718749	2774226	2881461	2936956	13811000	2700000	2950000	0	2130	55477	107235	wide
SUPER_21	6874109	7093682	IR	335	.	6984157	0.335	0.387	31	219554	6874109	6930420	7037428	7093682	13811000	6850000	7100000	0	2231	56254	107008	wide
SUPER_21	5980270	6052442	IR	335	.	6015987	0.335	0.389	28	72147	5980270	6009749	6022979	6052442	13811000	5850000	6100000	0	2772	29463	13230	spaced
SUPER_21	13751566	13796610	IR	334	.	13773991	0.334	0.040	67	44993	13751566	13751591	13796585	13796654	13811000	13600000	13811000	652	2901	25	44994	spaced
SUPER_21	3521659	3582938	IR	334	.	3552042	0.334	0.470	42	61222	3521659	3524179	3580460	3582938	13811000	3500000	3750000	0	871	2478	56281	spaced
SUPER_21	12653475	12763002	IR	334	.	12707812	0.334	0.987	28	109497	12653475	12653699	12762778	12763002	13811000	12550000	12800000	0	2637	224	109079	wide
SUPER_21	4704260	4931292	IR	333	.	4817335	0.333	0.960	27	227010	4704260	4704481	4931071	4931298	13811000	4700000	4950000	0	1962	221	226590	wide
SUPER_21	3425961	3497743	IR	332	.	3461542	0.332	0.390	37	71774	3425961	3458103	3465601	3497764	13811000	3250000	3500000	0	3530	32142	7498	spaced
SUPER_21	5770816	5977014	IR	332	.	5873436	0.332	0.392	25	206182	5770816	5799256	5948574	5977015	13811000	5750000	6000000	0	2065	28440	149318	wide
SUPER_21	5132353	5208669	IR	331	.	5170934	0.331	0.389	36	76252	5132353	5155496	5185592	5208669	13811000	5050000	5300000	0	2008	23077	30096	spaced
SUPER_21	12391401	12470280	IR	331	.	12430764	0.331	0.384	31	78881	12391401	12424937	12436792	12470280	13811000	12300000	12550000	31	2180	33488	11855	spaced
SUPER_21	10512211	10690378	IR	331	.	10601428	0.331	0.970	23	178185	10512211	10512409	10690180	10690381	13811000	10450000	10700000	23	2521	198	177771	wide
SUPER_21	7314091	7338251	IR	330	.	7326265	0.330	1.000	2088	26363	7314091	7323187	7329155	7338251	13811000	7150000	7400000	2105	2936	9096	5968	spaced
SUPER_21	11858440	12048053	IR	330	.	11953728	0.330	0.412	35	189592	11858440	11863997	12042510	12048053	13811000	11850000	12100000	0	1720	5543	178513	wide
SUPER_21	1541523	1573357	IR	330	.	1557280	0.330	0.994	34	31851	1541523	1541697	1573183	1573357	13811000	1500000	1750000	34	957	174	31486	spaced
SUPER_21	10341506	10377066	IR	330	.	10359285	0.330	0.780	24	35611	10341506	10341638	10376962	10377066	13811000	10200000	10450000	30	2654	104	35324	spaced
SUPER_21	6595861	6785390	IR	329	.	6690530	0.329	0.970	289	189954	6595861	6597996	6783255	6785400	13811000	6550000	6800000	289	2343	2135	185259	wide
SUPER_21	5729400	5734732	IR	329	.	5731583	0.329	1.000	24	5307	5729400	5729542	5734590	5734732	13811000	5500000	5750000	0	3867	142	5048	spaced
SUPER_21	13068772	13206240	IR	329	.	13137212	0.329	0.903	21	137444	13068772	13069027	13206000	13206240	13811000	13050000	13300000	0	1458	240	136973	wide
SUPER_21	11645380	11771396	IR	328	.	11708054	0.328	0.378	38	125921	11645380	11703460	11713366	11771396	13811000	11600000	11850000	0	1806	58030	9906	spaced
SUPER_21	8030261	8154947	IR	328	.	8092316	0.328	0.860	25	124688	8030261	8030409	8154799	8154971	13811000	7950000	8200000	0	2376	148	124390	wide
SUPER_21	9871187	10041211	IR	327	.	9956125	0.327	1.000	41	170053	9871187	9871377	10041021	10041211	13811000	9800000	10050000	41	2603	190	169644	wide
SUPER_21	4440682	4592254	IR	327	.	4516911	0.327	0.944	33	151553	4440682	4441018	4591919	4592254	13811000	4350000	4600000	0	2774	335	150901	wide
SUPER_21	12806490	12930309	IR	327	.	12868792	0.327	0.989	21	123785	12806490	12806671	12930128	12930309	13811000	12700000	12950000	0	2806	181	123457	wide
SUPER_21	9382097	9473834	IR	326	.	9427517	0.326	0.407	31	91713	9382097	9391401	9464530	9473835	13811000	9250000	9500000	0	2965	9304	73129	spaced
SUPER_21	527367	731161	IR	326	.	629358	0.326	0.428	29	203856	527367	530528	728000	731172	13811000	500000	750000	29	2154	3161	197472	wide
SUPER_21	283674	376718	IR	326	.	330542	0.326	0.981	26	93016	283674	283889	376503	376718	13811000	150000	400000	0	3003	215	92614	spaced
SUPER_21	5652379	5727608	IR	326	.	5690072	0.326	0.920	26	75251	5652379	5652567	5727420	5727618	13811000	5500000	5750000	26	3166	188	74853	spaced
SUPER_21	9127584	9330926	IR	325	.	9229743	0.325	0.384	23	203340	9127584	9179203	9279307	9330941	13811000	9100000	9350000	0	2154	51619	100104	wide
SUPER_21	9338891	9360733	IR	325	.	9350114	0.325	0.877	20	21834	9338891	9339228	9360396	9360744	13811000	9200000	9450000	0	2496	337	21168	spaced
SUPER_21	6471660	6483081	IR	324	.	6476919	0.324	0.914	134	11398	6471660	6473423	6481379	6483081	13811000	6450000	6700000	0	456	1702	7956	spaced
SUPER_21	9511708	9616463	IR	324	.	9564378	0.324	0.982	106	104731	9511708	9512439	9615734	9616463	13811000	9400000	9650000	0	2734	729	103295	wide
SUPER_21	11199004	11261065	IR	324	.	11229544	0.324	0.930	54	62043	11199004	11199529	11260550	11261065	13811000	11050000	11300000	0	3000	515	61021	spaced
SUPER_21	401556	527392	IR	324	.	464492	0.324	0.389	45	125933	401556	434143	494805	527471	13811000	300000	550000	45	2741	32587	60662	spaced
SUPER_21	8250921	8431974	IR	324	.	8341366	0.324	0.407	43	181057	8250921	8259857	8423040	8431974	13811000	8200000	8450000	43	2357	8934	163183	wide
SUPER_21	1186936	1191429	IR	324	.	1188873	0.324	0.596	40	4517	1186936	1187567	1190798	1191475	13811000	950000	1200000	0	3986	631	3231	spaced
SUPER_21	11450426	11488277	IR	323	.	11469470	0.323	1.000	58	37862	11450426	11450694	11488009	11488277	13811000	11250000	11500000	58	3655	268	37315	spaced
SUPER_21	10158819	10249654	IR	323	.	10203935	0.323	0.393	41	90807	10158819	10190301	10218203	10249654	13811000	10050000	10300000	0	2570	31451	27902	spaced
SUPER_21	4030811	4206988	IR	323	.	4118408	0.323	0.388	37	176190	4030811	4049359	4188440	4207018	13811000	4000000	4250000	0	1981	18548	139081	wide
SUPER_21	1666515	1844190	IR	323	.	1755846	0.323	0.384	33	177611	1666515	1730317	1780499	1844190	13811000	1600000	1850000	0	2589	63691	50182	spaced
SUPER_21	10377233	10420563	IR	323	.	10399158	0.323	0.964	26	43300	10377233	10377485	10420311	10420563	13811000	10300000	10550000	0	1648	252	42826	spaced
SUPER_21	2544980	2687623	IR	322	.	2616729	0.322	0.399	67	142547	2544980	2591686	2640917	2687634	13811000	2450000	2700000	0	2771	46706	49231	spaced
SUPER_21	1477218	1509534	IR	322	.	1493049	0.322	1.000	36	32298	1477218	1477456	1509296	1509534	13811000	1400000	1650000	0	1556	238	31840	spaced
SUPER_21	9741363	9843691	IR	322	.	9792727	0.322	1.000	29	82238	9741363	9741396	9843658	9843691	13811000	9700000	9950000	2	1541	33	102262	wide
SUPER_21	7116081	7216863	IR	321	.	7166890	0.321	0.389	31	100764	7116081	7133313	7199695	7216863	13811000	7050000	7300000	0	1941	17168	66382	spaced
SUPER_21	10690200	10737690	IR	321	.	10713769	0.321	0.993	21	47528	10690200	10690342	10737548	10737690	13811000	10550000	10800000	21	2732	142	47206	spaced
SUPER_21	2990518	3038695	IR	320	.	3014203	0.320	0.394	29	48111	2990518	3010082	3019131	3038733	13811000	2950000	3200000	0	1076	19564	9049	spaced
SUPER_21	2497098	2538392	IR	320	.	2517469	0.320	0.463	28	39814	2497098	2498844	2536646	2538416	13811000	2350000	2600000	0	2795	1746	37802	spaced
SUPER_21	12609552	12636760	IR	320	.	12623548	0.320	0.988	25	27186	12609552	12609716	12636596	12636760	13811000	12450000	12700000	0	2885	164	26880	spaced
SUPER_21	4315590	4383679	IR	320	.	4349178	0.320	0.969	24	68075	4315590	4315815	4383454	4383682	13811000	4250000	4500000	0	1660	225	67639	spaced
SUPER_21	136782	161376	IR	319	.	149110	0.319	0.986	167	162687	136782	137590	160572	161376	13811000	0	250000	167	2484	804	22982	spaced
SUPER_21	10112790	10155526	IR	319	.	10134386	0.319	0.853	33	90122	10112790	10112918	10155398	10155541	13811000	10000000	10250000	9	2235	128	42480	spaced
SUPER_21	7263282	7306568	IR	318	.	7284936	0.318	0.971	109	43381	7263282	7264078	7305772	7306570	13811000	7100000	7350000	109	3081	796	41694	spaced
SUPER_21	3918951	3968816	IR	318	.	3943799	0.318	1.000	47	62714	3918951	3919164	3968603	3968816	13811000	3800000	4050000	47	2397	213	49439	spaced
SUPER_21	7894238	7921979	IR	318	.	7907979	0.318	0.487	21	27827	7894238	7895658	7920568	7921979	13811000	7800000	8050000	21	1801	1411	24910	spaced
SUPER_21	6543209	6587665	IR	317	.	6565678	0.317	1.000	65	44433	6543209	6543574	6587300	6587665	13811000	6500000	6750000	0	1090	365	43726	spaced
SUPER_21	3278128	3327455	IR	317	.	3302938	0.317	0.884	38	169953	3278128	3278420	3327163	3327465	13811000	3150000	3400000	38	2546	292	48743	spaced
SUPER_21	2231494	2261926	IR	317	.	2246314	0.317	0.410	36	30417	2231494	2239884	2253536	2261938	13811000	2050000	2300000	0	3278	8390	13652	spaced
SUPER_21	10433244	10485385	IR	317	.	10458806	0.317	0.987	23	52124	10433244	10433402	10485227	10485385	13811000	10400000	10650000	0	988	158	51825	spaced
SUPER_21	10254609	10338828	IR	315	.	10296309	0.315	0.389	34	84293	10254609	10284020	10309417	10338920	13811000	10150000	10400000	0	2445	29411	25397	spaced
SUPER_21	4667650	4672235	IR	315	.	4669607	0.315	0.954	30	4568	4667650	4667975	4671917	4672235	13811000	4450000	4700000	0	3665	318	3942	spaced
SUPER_21	7475387	7622234	IR	315	.	7549275	0.315	0.933	23	146827	7475387	7475726	7621902	7622234	13811000	7450000	7700000	0	1646	332	146176	wide
SUPER_21	8228325	8232996	IR	314	.	8230785	0.314	0.983	33	63517	8228325	8228560	8232761	8232996	13811000	8150000	8400000	33	1344	235	4201	spaced
SUPER_21	2117250	2228385	IR	311	.	2173253	0.311	0.387	33	111106	2117250	2171116	2174606	2228385	13811000	2000000	2250000	0	2880	53779	3490	spaced
SUPER_21	11572163	11575106	IR	310	.	11573324	0.310	0.919	38	2931	11572163	11572670	11574599	11575115	13811000	11500000	11750000	0	1227	507	1929	immediate
SUPER_21	12972423	13033125	IR	308	.	13002570	0.308	0.000	28	135930	12972423	12977415	13032906	13033125	13811000	12850000	13100000	16	2546	219	55491	spaced
SUPER_21	6219711	6290791	IR	306	.	6255597	0.306	0.763	28	71135	6219711	6219991	6290511	6290865	13811000	6100000	6350000	0	2587	280	70520	spaced
SUPER_21	13379840	13401504	IR	305	.	13390314	0.305	0.914	71	21626	13379840	13380544	13400838	13401504	13811000	13250000	13500000	0	2344	666	20294	spaced
SUPER_21	12573960	12587220	IR	301	.	12580416	0.301	1.000	38	13278	12573960	12574141	12587039	12587220	13811000	12350000	12600000	38	3843	181	12898	spaced
SUPER_21	57923	110853	IR	298	.	84792	0.298	0.985	21	52907	57923	58058	110718	110853	13811000	0	250000	0	1406	135	52660	spaced
SUPER_21	11044693	11121646	IR	292	.	11083212	0.292	0.965	38	77004	11044693	11044970	11121369	11121651	13811000	10900000	11150000	38	3052	277	76399	spaced
SUPER_22	4514509	4518859	IR	990	.	4516684	0.990	1.000	445	4774	4514509	4516425	4516943	4518859	11806346	4300000	4550000	445	3611	1916	518	immediate
SUPER_22	4645565	4654567	IR	976	.	4650064	0.976	0.996	906	10012	4645565	4649499	4650634	4654567	11806346	4450000	4700000	906	3334	3933	1135	immediate
SUPER_22	1713324	1788305	IR	473	.	1750357	0.473	0.395	53	74916	1713324	1748494	1753186	1788305	11806346	1600000	1850000	0	2513	35119	4692	spaced
SUPER_22	11704758	11707582	IR	426	.	11706262	0.426	0.946	67	2931	11704758	11705270	11707070	11707583	11806346	11467292	11717292	67	3981	512	1800	immediate
SUPER_22	9427438	9429872	IR	384	.	9429056	0.384	0.695	41	2476	9427438	9428347	9428963	9429940	11806346	9417292	9667292	0	189	909	616	immediate
SUPER_22	8105780	8256878	IR	381	.	8181354	0.381	0.383	34	151096	8105780	8180521	8182187	8256878	11806346	8067292	8317292	34	1900	74691	1666	immediate
SUPER_22	882229	883613	IR	377	.	882924	0.377	0.953	45	86016	882229	882590	883261	883613	11806346	700000	950000	45	3048	352	671	immediate
SUPER_22	1823713	1939109	IR	370	.	1881872	0.370	0.390	50	115379	1823713	1869964	1892865	1939109	11806346	1750000	2000000	0	2190	46244	22901	spaced
SUPER_22	10212624	10215079	IR	364	.	10213853	0.364	0.935	35	2459	10212624	10212990	10214716	10215079	11806346	9967292	10217292	35	4109	363	1726	immediate
SUPER_22	7702997	7825054	IR	363	.	7764512	0.363	0.386	46	122036	7702997	7759640	7768520	7825054	11806346	7667292	7917292	0	1612	56534	8880	spaced
SUPER_22	2221791	2320862	IR	357	.	2271365	0.357	0.397	41	99119	2221791	2231071	2311582	2320899	11806346	2100000	2350000	41	2855	9280	80511	spaced
SUPER_22	7524818	7603647	IR	357	.	7564552	0.357	0.889	24	78806	7524818	7525133	7603353	7603647	11806346	7367292	7617292	0	3282	294	78220	spaced
SUPER_22	3900162	4012754	IR	353	.	3956860	0.353	0.982	56	112573	3900162	3900601	4012315	4012755	11806346	3800000	4050000	0	2607	439	111714	wide
SUPER_22	10406311	10416686	IR	350	.	10411716	0.350	0.887	78	14679	10406311	10406590	10416407	10416689	11806346	10317292	10567292	19	1569	279	9817	spaced
SUPER_22	3161115	3332447	IR	345	.	3246906	0.345	0.858	53	171505	3161115	3161977	3331585	3332479	11806346	3100000	3350000	57	2446	862	169608	wide
SUPER_22	913658	1044337	IR	344	.	978523	0.344	0.382	62	83018	913658	978875	979120	1044397	11806346	900000	1150000	0	1316	65217	245	immediate
SUPER_22	450955	597662	IR	341	.	524674	0.341	0.385	31	146690	450955	488587	560097	597662	11806346	450000	700000	0	1238	37565	71510	spaced
SUPER_22	2525507	2725148	IR	340	.	2625449	0.340	0.382	40	199745	2525507	2601741	2648935	2725148	11806346	2500000	2750000	40	2088	76213	47194	spaced
SUPER_22	5621859	5637289	IR	340	.	5629459	0.340	0.683	23	15444	5621859	5622146	5637078	5637289	11806346	5550000	5800000	23	1326	211	14932	spaced
SUPER_22	8769884	9003162	IR	339	.	8886091	0.339	0.379	34	233316	8769884	8872396	8900650	9003233	11806346	8767292	9017292	0	1987	102512	28254	spaced
SUPER_22	1318298	1516970	IR	339	.	1417634	0.339	0.380	32	198681	1318298	1417565	1417703	1516981	11806346	1300000	1550000	32	1960	99267	138	immediate
SUPER_22	5360469	5509853	IR	339	.	5434958	0.339	0.381	31	149407	5360469	5426995	5443397	5509853	11806346	5350000	5600000	31	1419	66456	16402	spaced
SUPER_22	7310843	7373584	IR	337	.	7342121	0.337	0.925	25	62740	7310843	7311036	7373391	7373587	11806346	7167292	7417292	25	2915	193	62355	spaced
SUPER_22	7115587	7123813	IR	336	.	7119507	0.336	0.984	33	8227	7115587	7115831	7123569	7123813	11806346	6917292	7167292	33	3373	244	7738	spaced
SUPER_22	4807704	4960136	IR	336	.	4883587	0.336	0.939	22	152413	4807704	4807943	4959897	4960141	11806346	4800000	5050000	0	1398	239	151954	wide
SUPER_22	2011148	2168995	IR	335	.	2090427	0.335	0.384	66	157820	2011148	2046092	2134154	2168995	11806346	2000000	2250000	0	1501	34841	88062	spaced
SUPER_22	11411238	11503330	IR	333	.	11457593	0.333	0.390	35	92137	11411238	11451680	11462888	11503395	11806346	11267292	11517292	0	3166	40442	11208	spaced
SUPER_22	6999585	7015513	IR	333	.	7007212	0.333	0.995	26	15910	6999585	6999787	7015311	7015513	11806346	6767292	7017292	0	4004	202	15524	spaced
SUPER_22	11067362	11213081	IR	333	.	11140441	0.333	0.937	26	145708	11067362	11067549	11212901	11213081	11806346	10967292	11217292	26	2882	180	145352	wide
SUPER_22	5227589	5311413	IR	332	.	5269780	0.332	0.393	29	83775	5227589	5239670	5299342	5311413	11806346	5100000	5350000	0	2824	12071	59672	spaced
SUPER_22	4989117	5062105	IR	331	.	5025325	0.331	0.876	24	72961	4989117	4989295	5061948	5062105	11806346	4850000	5100000	0	2926	157	72653	spaced
SUPER_22	8566760	8706290	IR	330	.	8636141	0.330	0.385	27	139487	8566760	8636284	8636807	8706290	11806346	8517292	8767292	0	1987	69483	523	immediate
SUPER_22	5516496	5588480	IR	330	.	5552329	0.330	1.000	24	71975	5516496	5516617	5588359	5588480	11806346	5500000	5750000	24	874	121	71742	spaced
SUPER_22	9489471	9711346	IR	329	.	9600582	0.329	0.385	38	222062	9489471	9538212	9662605	9711360	11806346	9467292	9717292	38	2218	48741	124393	wide
SUPER_22	3361763	3414365	IR	328	.	3387940	0.328	0.387	41	52645	3361763	3381494	3394634	3414377	11806346	3200000	3450000	41	3134	19731	13140	spaced
SUPER_22	4400350	4403122	IR	328	.	4401371	0.328	0.963	41	2762	4400350	4400639	4402833	4403132	11806346	4200000	4450000	0	3362	289	2194	spaced
SUPER_22	6674223	6703807	IR	328	.	6689414	0.328	0.948	31	29571	6674223	6674545	6703485	6703811	11806346	6467292	6717292	0	3695	322	28940	spaced
SUPER_22	3545976	3560700	IR	328	.	3552910	0.328	0.960	25	14707	3545976	3546199	3560481	3560700	11806346	3500000	3750000	0	888	219	14282	spaced
SUPER_22	10772704	10875902	IR	328	.	10824438	0.328	0.985	25	103199	10772704	10772905	10875701	10875902	11806346	10767292	11017292	25	950	201	102796	wide
SUPER_22	4726412	4741833	IR	327	.	4733778	0.327	0.941	105	15427	4726412	4727479	4740766	4741857	11806346	4550000	4800000	0	3068	1067	13287	spaced
SUPER_22	6735349	6789415	IR	326	.	6762237	0.326	0.381	32	54094	6735349	6757241	6767523	6789426	11806346	6567292	6817292	32	3251	21892	10282	spaced
SUPER_22	819311	880566	IR	325	.	849635	0.325	0.384	30	61237	819311	849799	850116	880566	11806346	650000	900000	0	3332	30450	317	immediate
SUPER_22	1252967	1255170	IR	325	.	1254296	0.325	0.601	24	2326	1252967	1253154	1254983	1255289	11806346	1050000	1300000	24	3401	187	1829	immediate
SUPER_22	2982791	3017156	IR	325	.	2999714	0.325	0.981	21	34345	2982791	2982946	3017001	3017156	11806346	2900000	3150000	0	1666	155	34055	spaced
SUPER_22	7251336	7274532	IR	324	.	7263042	0.324	0.963	25	23188	7251336	7251549	7274319	7274534	11806346	7117292	7367292	25	2427	213	22770	spaced
SUPER_22	6456765	6647479	IR	324	.	6552627	0.324	0.385	22	190686	6456765	6497091	6607192	6647479	11806346	6417292	6667292	0	2247	40287	110101	wide
SUPER_22	5981888	5985793	IR	324	.	5983946	0.324	0.957	21	3899	5981888	5982026	5985659	5985793	11806346	5850000	6067092	21	2230	134	3633	spaced
SUPER_22	9914681	9965155	IR	323	.	9939815	0.323	0.398	59	50552	9914681	9930967	9948869	9965217	11806346	9717292	9967292	59	3710	16286	17902	spaced
SUPER_22	243459	333231	IR	323	.	287955	0.323	0.992	34	89748	243459	243711	332979	333231	11806346	100000	350000	0	3138	252	89268	spaced
SUPER_22	10629787	10767175	IR	323	.	10698144	0.323	1.000	32	137369	10629787	10629986	10766976	10767175	11806346	10517292	10767292	0	3019	199	136990	wide
SUPER_22	4765466	4798411	IR	322	.	4782103	0.322	0.547	193	33337	4765466	4779792	4784085	4798493	11806346	4600000	4850000	193	3032	14326	4293	spaced
SUPER_22	11554595	11662228	IR	322	.	11607989	0.322	0.949	84	107638	11554595	11555162	11661661	11662252	11806346	11417292	11667292	0	3185	567	106499	wide
SUPER_22	3456568	3460051	IR	322	.	3458410	0.322	0.901	28	3481	3456568	3456948	3459692	3460051	11806346	3450000	3700000	28	138	359	2744	spaced
SUPER_22	4023774	4122896	IR	322	.	4073040	0.322	0.972	25	99097	4023774	4024021	4122651	4122896	11806346	3900000	4150000	0	2888	245	98630	spaced
SUPER_22	7419886	7438117	IR	322	.	7428812	0.322	0.993	23	18222	7419886	7420027	7437976	7438117	11806346	7267292	7517292	23	2695	141	17949	spaced
SUPER_22	2359577	2508613	IR	321	.	2434016	0.321	0.381	40	191817	2359577	2406288	2461917	2508613	11806346	2300000	2550000	40	2234	46696	55629	spaced
SUPER_22	5663201	5866746	IR	321	.	5764507	0.321	0.382	33	203608	5663201	5742821	5787126	5866831	11806346	5650000	5900000	0	1916	79620	44305	spaced
SUPER_22	6852278	6905055	IR	321	.	6878246	0.321	0.407	29	52772	6852278	6859320	6898013	6905098	11806346	6717292	6967292	0	2689	7042	38693	spaced
SUPER_22	2925403	2967089	IR	321	.	2946254	0.321	0.711	26	41817	2925403	2925567	2966956	2967089	11806346	2900000	3150000	26	770	133	41389	spaced
SUPER_22	9016267	9100710	IR	321	.	9058731	0.321	0.921	25	84413	9016267	9016496	9100497	9100710	11806346	8917292	9167292	0	2353	213	84001	spaced
SUPER_22	6218466	6335312	IR	320	.	6277344	0.320	0.987	32	116822	6218466	6218697	6335081	6335312	11806346	6117292	6367292	0	2659	231	116384	wide
SUPER_22	5069909	5130190	IR	320	.	5099638	0.320	0.398	31	60363	5069909	5079673	5120426	5130297	11806346	4900000	5150000	0	3334	9764	40753	spaced
SUPER_22	9242665	9331219	IR	320	.	9286813	0.320	0.974	29	88577	9242665	9242857	9331029	9331219	11806346	9117292	9367292	29	2827	190	88172	spaced
SUPER_22	2789341	2875892	IR	319	.	2832577	0.319	0.389	50	86706	2789341	2808123	2857158	2875892	11806346	2650000	2900000	50	3043	18734	49035	spaced
SUPER_22	7151491	7242805	IR	319	.	7196931	0.319	0.461	27	161733	7151491	7154148	7240148	7242864	11806346	7067292	7317292	26	2164	2657	86000	spaced
SUPER_22	10119901	10144902	IR	318	.	10132175	0.318	0.896	43	187017	10119901	10120045	10144765	10144902	11806346	10017292	10267292	10	1918	137	24720	spaced
SUPER_22	1552827	1603379	IR	318	.	1578032	0.318	0.392	39	50638	1552827	1569479	1586730	1603379	11806346	1400000	1650000	39	2968	16649	17251	spaced
SUPER_22	7962724	8040060	IR	317	.	8001021	0.317	0.399	51	64703	7962724	7975699	8027085	8040138	11806346	7817292	8067292	0	3068	12975	51386	spaced
SUPER_22	11224493	11394038	IR	317	.	11308854	0.317	0.904	29	169523	11224493	11224842	11393689	11394049	11806346	11167292	11417292	0	2366	349	168847	wide
SUPER_22	3821603	3827104	IR	316	.	3824284	0.316	0.987	100	5626	3821603	3822200	3826507	3827105	11806346	3800000	4050000	100	405	597	4307	spaced
SUPER_22	3596445	3748646	IR	316	.	3673025	0.316	0.920	31	152205	3596445	3596873	3748218	3748670	11806346	3500000	3750000	0	2875	428	151345	wide
SUPER_22	4168030	4326885	IR	316	.	4247227	0.316	0.993	28	158851	4168030	4168166	4326749	4326885	11806346	4100000	4350000	28	2457	136	158583	wide
SUPER_22	3461788	3541754	IR	316	.	3502212	0.316	0.995	25	79949	3461788	3461981	3541561	3541754	11806346	3450000	3700000	0	862	193	79580	spaced
SUPER_22	2741314	2754424	IR	315	.	2747570	0.315	0.978	51	13086	2741314	2741714	2754024	2754424	11806346	2550000	2800000	0	3297	400	12310	spaced
SUPER_22	9386621	9398719	IR	315	.	9392316	0.315	0.911	38	12072	9386621	9387007	9398333	9398736	11806346	9167292	9417292	0	3756	386	11326	spaced
SUPER_22	6386044	6405139	IR	315	.	6395127	0.315	0.986	36	19078	6386044	6386324	6404859	6405139	11806346	6167292	6417292	0	3804	280	18535	spaced
SUPER_22	8343441	8472150	IR	315	.	8407316	0.315	0.383	34	128675	8343441	8375622	8440030	8472150	11806346	8317292	8567292	0	1508	32120	64408	spaced
SUPER_22	1148261	1221227	IR	315	.	1184276	0.315	0.944	25	72900	1148261	1148555	1220933	1221236	11806346	1050000	1300000	0	2245	294	72378	spaced
SUPER_22	80122	214917	IR	314	.	147984	0.314	0.964	38	134763	80122	80540	214500	214917	11806346	0	250000	0	2458	417	133960	wide
SUPER_22	632148	816666	IR	312	.	724168	0.312	0.925	20	184534	632148	632260	816554	816674	11806346	600000	850000	19	2073	112	184294	wide
SUPER_22	3763718	3786205	IR	311	.	3774998	0.311	0.967	205	22708	3763718	3764800	3785123	3786231	11806346	3550000	3800000	205	3749	1082	20323	spaced
SUPER_22	11021680	11049924	IR	311	.	11035402	0.311	0.969	25	28231	11021680	11021899	11049705	11049928	11806346	10917292	11167292	0	1975	219	27806	spaced
SUPER_22	347121	376266	IR	310	.	361460	0.310	0.392	33	29181	347121	360687	362700	376279	11806346	150000	400000	33	3528	13566	2013	spaced
SUPER_22	7893502	7938134	IR	309	.	7915350	0.309	0.988	90	44616	7893502	7894083	7937553	7938136	11806346	7717292	7967292	0	3308	581	43470	spaced
SUPER_22	6414337	6442890	IR	309	.	6428723	0.309	1.000	52	55969	6414337	6414563	6442664	6442890	11806346	6367292	6617292	54	1021	226	28101	spaced
SUPER_22	9788071	9890340	IR	308	.	9839425	0.308	0.977	55	102285	9788071	9788465	9889946	9890340	11806346	9667292	9917292	55	2865	394	101481	wide
SUPER_22	10541140	10588204	IR	308	.	10564664	0.308	1.000	30	47074	10541140	10541305	10588039	10588204	11806346	10417292	10667292	30	2456	165	46734	spaced
SUPER_22	3864919	3873034	IR	304	.	3869165	0.304	1.000	45	8148	3864919	3865151	3872802	3873034	11806346	3800000	4050000	45	1149	232	7651	spaced
SUPER_22	1608660	1676091	IR	304	.	1642587	0.304	0.942	37	67360	1608660	1608764	1675987	1676091	11806346	1500000	1750000	4	2372	104	67223	spaced
SUPER_22	6105724	6191660	IR	300	.	6148912	0.300	0.982	31	85934	6105724	6105944	6191440	6191660	11806346	6067292	6317292	31	1356	220	85496	spaced
SUPER_22	5316294	5319707	IR	296	.	5318288	0.296	0.986	25	3385	5316294	5316509	5319492	5319707	11806346	5100000	5350000	0	3633	215	2983	spaced
SUPER_22	10002372	10054083	IR	295	.	10028288	0.295	0.387	48	51834	10002372	10024293	10032162	10054182	11806346	9867292	10117292	48	2682	21921	7869	spaced
SUPER_22	3880159	3882609	IR	293	.	3880902	0.293	0.991	37	2431	3880159	3880384	3882384	3882609	11806346	3850000	4100000	0	522	225	2000	immediate
SUPER_23	6551533	6553057	IR	834	.	6552295	0.834	0.998	121	188654	6551533	6552169	6552421	6553057	11623708	6400000	6650000	121	2538	636	252	immediate
SUPER_23	8207514	8211045	IR	829	.	8209280	0.829	0.992	259	24410	8207514	8208923	8209637	8211045	11623708	8100000	8350000	259	1821	1408	714	immediate
SUPER_23	9015977	9018889	IR	610	.	9017481	0.610	0.915	211	22853	9015977	9017212	9017750	9018889	11623708	8900000	9150000	211	1957	1139	538	immediate
SUPER_23	2421215	2422390	IR	587	.	2421651	0.587	1.000	78	153051	2421215	2421625	2421980	2422390	11623708	2250000	2500000	78	2863	410	355	immediate
SUPER_23	9007992	9010328	IR	487	.	9009165	0.487	0.944	49	80556	9007992	9008565	9009768	9010328	11623708	8850000	9100000	49	2652	560	1203	immediate
SUPER_23	4351745	4352627	IR	473	.	4352186	0.473	0.971	47	81725	4351745	4352056	4352316	4352631	11623708	4200000	4450000	47	2536	311	260	immediate
SUPER_23	2886895	3080775	IR	451	.	2983778	0.451	0.000	26	193909	2886895	2947056	3080560	3080775	11623708	2850000	3100000	26	2230	215	133504	wide
SUPER_23	10961826	11021466	IR	447	.	10991646	0.447	0.389	35	59722	10961826	10990923	10992369	11021550	11623708	10900000	11150000	35	1527	29097	1446	immediate
SUPER_23	10580520	10759041	IR	432	.	10669774	0.432	0.387	66	178818	10580520	10669513	10670048	10759134	11623708	10550000	10800000	77	1996	88993	535	immediate
SUPER_23	1411146	1413744	IR	430	.	1412445	0.430	1.000	100	2652	1411146	1411625	1413265	1413744	11623708	1200000	1450000	100	3540	479	1640	immediate
SUPER_23	9545526	9554759	IR	400	.	9550146	0.400	0.969	739	22963	9545526	9549507	9550778	9554761	11623708	9350000	9600000	739	3335	3981	1271	immediate
SUPER_23	10100761	10258393	IR	384	.	10179717	0.384	0.382	45	174499	10100761	10173833	10185383	10258393	11623708	10050000	10300000	45	2159	73010	11550	spaced
SUPER_23	7718599	7879635	IR	383	.	7799234	0.383	0.387	70	168632	7718599	7796479	7801817	7879635	11623708	7650000	7900000	70	2485	77818	5338	spaced
SUPER_23	9269602	9441704	IR	382	.	9355246	0.382	0.391	28	172084	9269602	9291143	9420229	9441704	11623708	9200000	9450000	0	2594	21475	129086	wide
SUPER_23	3286300	3398546	IR	375	.	3342439	0.375	0.383	46	112472	3286300	3342068	3342810	3398546	11623708	3200000	3450000	51	2373	55736	742	immediate
SUPER_23	3614789	3812277	IR	373	.	3713190	0.373	0.425	23	197469	3614789	3617769	3809403	3812277	11623708	3600000	3850000	0	1892	2874	191634	wide
SUPER_23	5803436	5805133	IR	352	.	5804301	0.352	0.848	29	75722	5803436	5803772	5804838	5805133	11623708	5600000	5850000	40	3404	295	1066	immediate
SUPER_23	5968530	6037445	IR	350	.	6002827	0.350	0.403	47	68956	5968530	5980051	6025970	6037445	11623708	5900000	6150000	47	1716	11475	45919	spaced
SUPER_23	6223116	6228607	IR	350	.	6225894	0.350	0.429	24	5481	6223116	6225850	6225939	6228607	11623708	6000000	6250000	24	3764	2668	89	immediate
SUPER_23	984526	1097354	IR	346	.	1040816	0.346	0.423	37	113057	984526	988223	1093663	1097354	11623708	850000	1100000	37	3182	3691	105440	wide
SUPER_23	9864205	10088947	IR	345	.	9976497	0.345	0.381	41	224760	9864205	9959230	9993979	10088947	11623708	9850000	10100000	41	2109	94968	34749	spaced
SUPER_23	8914712	8995029	IR	345	.	8955074	0.345	0.385	35	80509	8914712	8948087	8961654	8995070	11623708	8750000	9000000	35	3414	33375	13567	spaced
SUPER_23	7200619	7399939	IR	344	.	7300613	0.344	0.386	32	199344	7200619	7271396	7329162	7399983	11623708	7150000	7400000	0	2504	70777	57766	spaced
SUPER_23	577440	689420	IR	344	.	633436	0.344	0.981	28	111980	577440	577652	689208	689420	11623708	450000	700000	28	3057	212	111556	wide
SUPER_23	1236625	1398993	IR	343	.	1317475	0.343	0.387	40	162333	1236625	1301921	1333697	1399030	11623708	1150000	1400000	0	2796	65296	31776	spaced
SUPER_23	7411354	7483096	IR	342	.	7447105	0.342	0.873	74	71888	7411354	7411932	7482518	7483164	11623708	7350000	7600000	74	1620	578	70586	spaced
SUPER_23	803461	956441	IR	341	.	879958	0.341	0.984	34	153034	803461	803705	956197	956441	11623708	750000	1000000	34	2165	244	152492	wide
SUPER_23	6843896	7032734	IR	340	.	6938531	0.340	0.882	57	188895	6843896	6844520	7032146	7032734	11623708	6800000	7050000	57	2305	588	187626	wide
SUPER_23	2607634	2635482	IR	339	.	2621858	0.339	0.506	51	27891	2607634	2609799	2633317	2635546	11623708	2450000	2700000	0	2859	2165	23518	spaced
SUPER_23	4072998	4250904	IR	339	.	4162198	0.339	0.923	23	177891	4072998	4073222	4250680	4250913	11623708	4050000	4300000	0	1865	224	177458	wide
SUPER_23	6797524	6799871	IR	338	.	6798698	0.338	0.990	74	2425	6797524	6797943	6799453	6799871	11623708	6600000	6850000	74	3311	418	1510	immediate
SUPER_23	5663914	5734935	IR	338	.	5699042	0.338	0.391	38	71033	5663914	5684602	5714247	5734969	11623708	5650000	5900000	0	823	20688	29645	spaced
SUPER_23	7899336	7900887	IR	337	.	7900107	0.337	1.000	151	96289	7899336	7900006	7900217	7900887	11623708	7700000	7950000	151	3335	670	211	immediate
SUPER_23	11130509	11305230	IR	337	.	11218186	0.337	0.386	75	174768	11130509	11159514	11276225	11305306	11623708	11100000	11350000	0	1964	29005	116711	wide
SUPER_23	1787080	1794195	IR	335	.	1790496	0.335	0.413	37	7229	1787080	1790601	1790674	1794250	11623708	1750000	2000000	37	677	3521	73	immediate
SUPER_23	4952923	5076796	IR	335	.	5014445	0.335	0.388	35	123842	4952923	5014887	5014875	5076796	11623708	4850000	5100000	0	2747	61921	-12	overlap
SUPER_23	4255944	4304506	IR	331	.	4279995	0.331	0.796	26	48576	4255944	4256136	4304314	4304506	11623708	4100000	4350000	26	3003	192	48178	spaced
SUPER_23	1466145	1604924	IR	330	.	1535389	0.330	0.384	37	144244	1466145	1489863	1581206	1604950	11623708	1450000	1700000	37	1425	23718	91343	spaced
SUPER_23	8412601	8524691	IR	329	.	8468420	0.329	0.950	31	112083	8412601	8412781	8524520	8524691	11623708	8300000	8550000	31	2810	171	111739	wide
SUPER_23	5261777	5298992	IR	329	.	5280795	0.329	0.964	22	37195	5261777	5261998	5298771	5298992	11623708	5100000	5350000	0	3006	221	36773	spaced
SUPER_23	2028663	2076211	IR	328	.	2052714	0.328	0.826	36	47528	2028663	2029625	2075303	2076211	11623708	1950000	2200000	0	1707	908	45678	spaced
SUPER_23	1833395	1848515	IR	328	.	1841012	0.328	0.964	25	15208	1833395	1833617	1848293	1848515	11623708	1800000	2050000	25	682	222	14676	spaced
SUPER_23	5350564	5447458	IR	326	.	5398835	0.326	0.995	34	96917	5350564	5350763	5447259	5447458	11623708	5300000	5550000	34	1650	199	96496	spaced
SUPER_23	1136413	1217379	IR	326	.	1177021	0.326	0.983	32	106865	1136413	1136649	1217143	1217379	11623708	1000000	1250000	32	2948	236	80494	spaced
SUPER_23	8802155	8818090	IR	325	.	8810321	0.325	0.944	312	97195	8802155	8804308	8816018	8818090	11623708	8700000	8950000	312	1835	2072	11710	spaced
SUPER_23	211542	381531	IR	325	.	296803	0.325	0.848	67	170016	211542	212568	380505	381577	11623708	150000	400000	0	2442	1026	167937	wide
SUPER_23	9108867	9161007	IR	325	.	9134615	0.325	0.408	26	52134	9108867	9117920	9151954	9161027	11623708	9100000	9350000	0	582	9053	34034	spaced
SUPER_23	4786173	4910812	IR	325	.	4848144	0.325	0.392	25	124644	4786173	4807120	4889865	4910844	11623708	4750000	5000000	0	1641	20947	82745	spaced
SUPER_23	6726184	6769325	IR	324	.	6748045	0.324	0.959	110	43119	6726184	6727088	6768442	6769325	11623708	6550000	6800000	0	3295	883	41354	spaced
SUPER_23	10355279	10490139	IR	324	.	10422888	0.324	0.383	43	134873	10355279	10403228	10442238	10490139	11623708	10300000	10550000	43	2045	47901	39010	spaced
SUPER_23	9776108	9823778	IR	324	.	9799640	0.324	0.446	31	47628	9776108	9778203	9821683	9823827	11623708	9600000	9850000	0	3332	2095	43480	spaced
SUPER_23	1900694	1993434	IR	323	.	1947339	0.323	0.403	31	92754	1900694	1908992	1985136	1993475	11623708	1750000	2000000	0	3284	8298	76144	spaced
SUPER_23	4450523	4697927	IR	323	.	4574453	0.323	0.390	28	247613	4450523	4470663	4677787	4697979	11623708	4450000	4700000	28	2070	20140	207124	wide
SUPER_23	7913934	8105215	IR	323	.	8009723	0.323	0.981	27	191284	7913934	7914144	8105005	8105215	11623708	7900000	8150000	27	1826	210	190861	wide
SUPER_23	9658748	9689839	IR	323	.	9673868	0.323	0.839	24	31074	9658748	9658971	9689647	9689839	11623708	9450000	9700000	0	3738	192	30676	spaced
SUPER_23	6298449	6348088	IR	322	.	6323682	0.322	0.397	28	49690	6298449	6316431	6330106	6348156	11623708	6100000	6350000	0	3721	17982	13675	spaced
SUPER_23	1615988	1633340	IR	321	.	1625072	0.321	0.988	33	17330	1615988	1616235	1633094	1633340	11623708	1500000	1750000	0	2077	246	16859	spaced
SUPER_23	453657	557874	IR	321	.	505977	0.321	0.375	31	104249	453657	487409	524181	557874	11623708	450000	700000	31	929	33693	36772	spaced
SUPER_23	5810458	5913427	IR	321	.	5862127	0.321	0.988	29	103022	5810458	5810626	5913260	5913427	11623708	5700000	5950000	29	2698	167	102634	wide
SUPER_23	1651117	1763888	IR	321	.	1707513	0.321	0.385	28	112921	1651117	1698514	1716491	1763969	11623708	1650000	1900000	28	958	47397	17977	spaced
SUPER_23	5519896	5631156	IR	320	.	5575237	0.320	0.993	165	111240	5519896	5520907	5630147	5631156	11623708	5400000	5650000	0	2925	1009	109240	wide
SUPER_23	8571680	8636968	IR	320	.	8604317	0.320	0.991	63	65323	8571680	8572032	8636616	8636968	11623708	8400000	8650000	63	3405	352	64584	spaced
SUPER_23	7508834	7623380	IR	319	.	7565620	0.319	0.385	41	114552	7508834	7562322	7569892	7623413	11623708	7400000	7650000	0	2768	53488	7570	spaced
SUPER_23	3125042	3210047	IR	319	.	3167767	0.319	0.387	35	85338	3125042	3154240	3180912	3210047	11623708	3000000	3250000	31	2792	29135	26672	spaced
SUPER_23	3844178	3926961	IR	319	.	3885828	0.319	0.985	26	82759	3844178	3844374	3926765	3926961	11623708	3700000	3950000	0	3092	196	82391	spaced
SUPER_23	3417069	3545129	IR	318	.	3481473	0.318	0.766	40	128042	3417069	3417661	3544593	3545129	11623708	3300000	3550000	0	3018	536	126932	wide
SUPER_23	2204955	2306033	IR	318	.	2255112	0.318	0.399	31	92988	2204955	2216656	2294406	2306033	11623708	2150000	2400000	0	1758	11627	77750	spaced
SUPER_23	7084120	7151531	IR	317	.	7117850	0.317	0.699	37	108863	7084120	7084677	7150974	7151545	11623708	7000000	7250000	37	1963	557	66297	spaced
SUPER_23	9726710	9771254	IR	317	.	9749061	0.317	0.993	25	44538	9726710	9726859	9771105	9771254	11623708	9550000	9800000	25	3316	149	44246	spaced
SUPER_23	2821796	2861698	IR	316	.	2842122	0.316	0.916	147	39957	2821796	2823279	2860215	2861770	11623708	2700000	2950000	0	2362	1483	36936	spaced
SUPER_23	10312207	10312267	IR	316	.	10312225	0.316	1.000	29	108090	10312207	10312246	10312228	10312267	11623708	10150000	10400000	184	2703	39	-18	overlap
SUPER_23	10312207	10312267	IR	316	.	10312225	0.316	1.000	29	108090	10312207	10312246	10312228	10312267	11623708	10200000	10450000	185	1870	39	-18	overlap
SUPER_23	10312207	10312267	IR	316	.	10312225	0.316	0.949	29	108090	10312207	10312246	10312230	10312267	11623708	10250000	10500000	175	1037	37	-16	overlap
SUPER_23	8649822	8791367	IR	315	.	8721048	0.315	0.385	42	92196	8649822	8718139	8723050	8791386	11623708	8600000	8850000	0	2009	68317	4911	spaced
SUPER_23	8265255	8353688	IR	315	.	8309489	0.315	0.428	34	88525	8265255	8271423	8347587	8353688	11623708	8250000	8500000	34	991	6101	76164	spaced
SUPER_23	2432972	2436759	IR	314	.	2434498	0.314	0.975	253	3759	2432972	2434578	2435161	2436759	11623708	2200000	2450000	0	3914	1598	583	immediate
SUPER_23	8202870	8204903	IR	314	.	8204313	0.314	0.989	65	2014	8202870	8203316	8204461	8204903	11623708	8050000	8300000	0	2564	442	1145	immediate
SUPER_23	6361978	6493985	IR	314	.	6427599	0.314	0.393	44	131980	6361978	6406689	6449364	6493985	11623708	6250000	6500000	0	2966	44621	42675	spaced
SUPER_23	6604326	6712318	IR	313	.	6658141	0.313	0.379	38	108057	6604326	6655336	6661308	6712357	11623708	6500000	6750000	38	2638	51010	5972	spaced
SUPER_23	11420810	11428963	IR	312	.	11424503	0.312	0.944	52	8142	11420810	11421272	11428501	11428981	11623708	11250000	11500000	0	2914	462	7229	spaced
SUPER_23	10834441	10863330	IR	312	.	10848693	0.312	0.406	32	189812	10834441	10844624	10853199	10863330	11623708	10700000	10950000	32	2481	10131	8575	spaced
SUPER_23	5089349	5094370	IR	312	.	5091705	0.312	1.000	27	5025	5089349	5089475	5094244	5094370	11623708	5050000	5300000	27	697	126	4769	spaced
SUPER_23	4704899	4773766	IR	310	.	4739188	0.310	0.969	20	68882	4704899	4705059	4773606	4773766	11623708	4550000	4800000	20	3155	160	68547	spaced
SUPER_23	2738644	2821352	IR	309	.	2779958	0.309	0.996	52	82739	2738644	2738904	2821092	2821352	11623708	2600000	2850000	52	2999	260	82188	spaced
SUPER_23	6121784	6190463	IR	309	.	6156054	0.309	0.899	35	68685	6121784	6122131	6190136	6190463	11623708	5950000	6200000	35	3435	327	68005	spaced
SUPER_23	9081406	9091067	IR	307	.	9085769	0.307	0.988	31	9645	9081406	9081657	9090816	9091068	11623708	9050000	9300000	0	603	251	9159	spaced
SUPER_23	9205963	9229228	IR	307	.	9218086	0.307	0.981	24	23242	9205963	9206177	9229014	9229229	11623708	9150000	9400000	0	1126	214	22837	spaced
SUPER_23	701778	728784	IR	306	.	715064	0.306	0.816	26	27025	701778	702102	728486	728784	11623708	700000	950000	26	254	298	26384	spaced
SUPER_23	154402	164845	IR	305	.	159501	0.305	0.959	27	10476	154402	154568	164679	164850	11623708	0	250000	27	2660	166	10111	spaced
SUPER_23	2177447	2186067	IR	302	.	2181805	0.302	1.000	34	8671	2177447	2177613	2185901	2186067	11623708	1950000	2200000	34	3862	166	8288	spaced
SUPER_24	7300897	7304313	IR	892	.	7302605	0.892	1.000	299	85024	7300897	7302273	7302937	7304313	10791757	7150000	7400000	299	2543	1376	664	immediate
SUPER_24	3468058	3472598	IR	807	.	3470328	0.807	1.000	389	4924	3468058	3469822	3470834	3472598	10791757	3250000	3500000	390	3671	1764	1012	immediate
SUPER_24	8932076	8938264	IR	749	.	8935321	0.749	0.924	322	115082	8932076	8933793	8936547	8938340	10791757	8850000	9100000	326	1419	1717	2754	spaced
SUPER_24	501897	507694	IR	744	.	505120	0.744	0.920	162	5776	501897	504430	505162	507694	10791757	500000	750000	0	79	2532	732	immediate
SUPER_24	1051537	1053459	IR	579	.	1052498	0.579	0.984	77	2045	1051537	1051921	1053075	1053459	10791757	1000000	1250000	77	874	384	1154	immediate
SUPER_24	5714040	5714902	IR	493	.	5714471	0.493	0.996	53	61639	5714040	5714296	5714646	5714902	10791757	5550000	5800000	53	2741	256	350	immediate
SUPER_24	10447459	10448243	IR	487	.	10447851	0.487	0.976	44	9374	10447459	10447752	10447950	10448243	10791757	10345735	10595735	44	1701	293	198	immediate
SUPER_24	2193132	2193758	IR	486	.	2193445	0.486	0.989	43	66924	2193132	2193399	2193491	2193758	10791757	2050000	2300000	43	2390	267	92	immediate
SUPER_24	10672215	10675202	IR	480	.	10673709	0.480	0.937	158	3148	10672215	10673580	10673837	10675203	10791757	10445735	10695735	158	3799	1365	257	immediate
SUPER_24	126027	171808	IR	472	.	149016	0.472	0.997	240	46041	126027	127133	170702	171808	10791757	50000	300000	240	1648	1106	43569	spaced
SUPER_24	8951161	8953578	IR	456	.	8952370	0.456	0.933	152	48883	8951161	8952188	8952551	8953581	10791757	8850000	9100000	152	1706	1027	363	immediate
SUPER_24	8502112	8504258	IR	447	.	8503185	0.447	0.986	100	2240	8502112	8502702	8503668	8504259	10791757	8300000	8550000	100	3386	590	966	immediate
SUPER_24	4062714	4258478	IR	423	.	4160596	0.423	0.386	33	195797	4062714	4159808	4161384	4258511	10791757	4050000	4300000	33	1843	97094	1576	immediate
SUPER_24	5983363	6173114	IR	393	.	6077921	0.393	0.385	44	189795	5983363	6070778	6085699	6173175	10791757	5950000	6200000	0	2137	87415	14921	spaced
SUPER_24	10120552	10287060	IR	387	.	10203806	0.387	0.382	44	181980	10120552	10202966	10204646	10287065	10791757	10095735	10345735	44	1801	82414	1680	immediate
SUPER_24	9355677	9504421	IR	380	.	9430132	0.380	0.754	99	149009	9355677	9356717	9503381	9504458	10791757	9346391	9596391	99	1394	1040	146664	wide
SUPER_24	9551245	9552840	IR	362	.	9552043	0.362	0.957	51	94698	9551245	9551561	9552524	9552849	10791757	9496391	9746391	51	927	316	963	immediate
SUPER_24	2785038	2856958	IR	353	.	2820998	0.353	0.389	25	72019	2785038	2808632	2833364	2857017	10791757	2700000	2950000	25	2016	23594	24732	spaced
SUPER_24	422376	424547	IR	352	.	423546	0.352	0.963	88	2154	422376	423174	423753	424547	10791757	250000	500000	95	2890	794	579	immediate
SUPER_24	8364226	8391011	IR	352	.	8377413	0.352	0.911	83	27085	8364226	8365040	8390197	8391031	10791757	8150000	8400000	87	3793	814	25157	spaced
SUPER_24	1837686	1998381	IR	350	.	1917745	0.350	0.397	30	160674	1837686	1848493	1987590	1998381	10791757	1750000	2000000	0	2800	10791	139097	wide
SUPER_24	7556850	7751760	IR	345	.	7654801	0.345	0.381	46	194939	7556850	7649293	7659317	7751833	10791757	7550000	7800000	0	1738	92443	10024	spaced
SUPER_24	1473996	1695455	IR	344	.	1584954	0.344	0.384	28	221451	1473996	1508985	1660466	1695457	10791757	1450000	1700000	26	2245	34989	151481	wide
SUPER_24	5505954	5549386	IR	344	.	5527505	0.344	0.387	27	43497	5505954	5522380	5532960	5549417	10791757	5450000	5700000	27	1294	16426	10580	spaced
SUPER_24	5771788	5973552	IR	343	.	5873079	0.343	0.387	46	201731	5771788	5831698	5913642	5973571	10791757	5750000	6000000	0	2044	59910	81944	spaced
SUPER_24	674299	720761	IR	342	.	697989	0.342	0.984	78	46435	674299	674853	720210	720761	10791757	550000	800000	0	2458	551	45357	spaced
SUPER_24	3738476	3905476	IR	341	.	3822459	0.341	0.985	51	166976	3738476	3738869	3905084	3905476	10791757	3700000	3950000	0	2032	392	166215	wide
SUPER_24	7364354	7502225	IR	341	.	7433463	0.341	0.384	31	137899	7364354	7430917	7435741	7502225	10791757	7350000	7600000	31	1388	66484	4824	spaced
SUPER_24	4023831	4053077	IR	340	.	4038391	0.340	0.972	71	102226	4023831	4024328	4052581	4053077	10791757	3950000	4200000	71	1474	496	28253	spaced
SUPER_24	6286083	6493683	IR	340	.	6390055	0.340	0.991	35	207608	6286083	6286306	6493460	6493683	10791757	6250000	6500000	35	2331	223	207154	wide
SUPER_24	8072127	8285437	IR	339	.	8179011	0.339	0.380	49	237579	8072127	8134321	8223243	8285522	10791757	8050000	8300000	42	2146	62194	88922	spaced
SUPER_24	4589528	4628174	IR	339	.	4609302	0.339	0.981	36	38613	4589528	4589784	4627918	4628176	10791757	4550000	4800000	0	980	256	38134	spaced
SUPER_24	3013697	3081729	IR	336	.	3047418	0.336	0.938	28	67991	3013697	3014034	3081398	3081729	10791757	2850000	3100000	0	3295	331	67364	spaced
SUPER_24	4924077	5011294	IR	335	.	4967656	0.335	0.384	34	87239	4924077	4941164	4994250	5011294	10791757	4850000	5100000	34	1961	17044	53086	spaced
SUPER_24	9892751	10009573	IR	334	.	9950740	0.334	0.385	39	116829	9892751	9942588	9959736	10009597	10791757	9796391	10046391	0	2579	49837	17148	spaced
SUPER_24	5119234	5254209	IR	334	.	5187136	0.334	0.380	22	134950	5119234	5165448	5208008	5254209	10791757	5050000	5300000	0	2278	46201	42560	spaced
SUPER_24	9208387	9215563	IR	332	.	9212148	0.332	0.965	113	167129	9208387	9209163	9214787	9215576	10791757	9050000	9296191	113	2699	776	5624	spaced
SUPER_24	6760197	6918223	IR	331	.	6839561	0.331	0.443	41	158025	6760197	6763644	6914776	6918269	10791757	6700000	6950000	0	2320	3447	151132	wide
SUPER_24	6932492	7000309	IR	331	.	6966882	0.331	0.805	40	67812	6932492	6932895	6999906	7000326	10791757	6800000	7050000	0	2773	403	67011	spaced
SUPER_24	1232162	1403320	IR	330	.	1317410	0.330	0.384	35	90837	1232162	1312729	1322779	1403320	10791757	1200000	1450000	0	1962	80541	10050	spaced
SUPER_24	4377121	4517341	IR	329	.	4447597	0.329	0.805	38	140203	4377121	4378312	4516208	4517341	10791757	4350000	4600000	0	1620	1133	137896	wide
SUPER_24	239328	302415	IR	328	.	271299	0.328	0.862	117	63060	239328	240352	301425	302415	10791757	200000	450000	0	1181	990	61073	spaced
SUPER_24	4848803	4882359	IR	328	.	4865511	0.328	0.926	79	33718	4848803	4849556	4881626	4882359	10791757	4700000	4950000	86	2759	733	32070	spaced
SUPER_24	4628159	4675694	IR	326	.	4651495	0.326	0.944	72	47535	4628159	4628810	4675043	4675713	10791757	4450000	4700000	0	3365	651	46233	spaced
SUPER_24	9009652	9135850	IR	326	.	9073072	0.326	0.389	42	109426	9009652	9048963	9096598	9135850	10791757	9000000	9250000	0	1212	39252	47635	spaced
SUPER_24	8588444	8791322	IR	325	.	8689391	0.325	0.390	38	202832	8588444	8623136	8756719	8791322	10791757	8550000	8800000	0	2331	34603	133583	wide
SUPER_24	3085694	3101533	IR	325	.	3093170	0.325	0.991	32	15815	3085694	3085919	3101309	3101533	10791757	2900000	3150000	0	3226	224	15390	spaced
SUPER_24	2362166	2592513	IR	325	.	2477702	0.325	0.386	31	230402	2362166	2412347	2542332	2592586	10791757	2350000	2600000	0	2122	50181	129985	wide
SUPER_24	5356150	5405141	IR	324	.	5381091	0.324	0.983	169	48969	5356150	5357172	5404126	5405141	10791757	5200000	5450000	0	3010	1015	46954	spaced
SUPER_24	4797694	4843193	IR	324	.	4819964	0.324	0.445	95	45477	4797694	4803272	4837638	4843193	10791757	4650000	4900000	0	2840	5555	34366	spaced
SUPER_24	9596330	9718936	IR	324	.	9657629	0.324	0.381	46	122704	9596330	9657534	9657732	9718968	10791757	9496391	9746391	46	2687	61204	198	immediate
SUPER_24	7025398	7033628	IR	324	.	7029033	0.324	0.918	44	8214	7025398	7026023	7033003	7033636	10791757	6800000	7050000	0	3825	625	6980	spaced
SUPER_24	2240814	2263492	IR	324	.	2252615	0.324	0.981	27	22656	2240814	2241024	2263282	2263492	10791757	2100000	2350000	0	2535	210	22258	spaced
SUPER_24	6645039	6665024	IR	323	.	6654646	0.323	0.522	38	20011	6645039	6646749	6663314	6665080	10791757	6450000	6700000	0	3417	1710	16565	spaced
SUPER_24	2026742	2064741	IR	323	.	2045723	0.323	0.980	33	38010	2026742	2026990	2064493	2064741	10791757	2000000	2250000	33	762	248	37503	spaced
SUPER_24	7097315	7170104	IR	323	.	7134102	0.323	0.967	31	72763	7097315	7097551	7169868	7170108	10791757	7050000	7300000	0	1395	236	72317	spaced
SUPER_24	1422079	1459215	IR	323	.	1440827	0.323	0.956	28	41769	1422079	1422307	1458987	1459215	10791757	1300000	1550000	20	2343	228	36680	spaced
SUPER_24	1128279	1148786	IR	322	.	1138075	0.322	0.930	103	20509	1128279	1129336	1147729	1148814	10791757	950000	1200000	0	3142	1057	18393	spaced
SUPER_24	929403	977656	IR	322	.	953626	0.322	0.835	90	48371	929403	930266	976817	977656	10791757	800000	1050000	90	2558	839	46551	spaced
SUPER_24	7203631	7226305	IR	321	.	7214875	0.321	0.952	57	22791	7203631	7204093	7225844	7226305	10791757	7050000	7300000	59	2749	461	21751	spaced
SUPER_24	3331945	3407516	IR	321	.	3369909	0.321	0.384	29	75658	3331945	3339994	3399467	3407605	10791757	3300000	3550000	29	1162	8049	59473	spaced
SUPER_24	3475394	3670531	IR	321	.	3572561	0.321	0.956	26	195123	3475394	3475641	3670284	3670536	10791757	3450000	3700000	0	2049	247	194643	wide
SUPER_24	2180495	2183712	IR	321	.	2182490	0.321	0.459	25	3196	2180495	2182002	2182241	2183712	10791757	2100000	2350000	0	1368	1471	239	immediate
SUPER_24	2642562	2698736	IR	321	.	2670654	0.321	0.395	21	56287	2642562	2650971	2690327	2698792	10791757	2600000	2850000	21	1177	8409	39356	spaced
SUPER_24	7873455	7976261	IR	320	.	7925002	0.320	0.385	50	103081	7873455	7911162	7938554	7976269	10791757	7750000	8000000	50	2914	37707	27392	spaced
SUPER_24	5582256	5665968	IR	320	.	5624022	0.320	0.890	24	83711	5582256	5582581	5665643	5665973	10791757	5500000	5750000	24	2068	325	83062	spaced
SUPER_24	303553	407857	IR	318	.	355220	0.318	0.939	77	104206	303553	304401	407035	407857	10791757	250000	500000	0	1761	822	102634	wide
SUPER_24	4305880	4351234	IR	318	.	4328707	0.318	0.995	33	45351	4305880	4306091	4351023	4351234	10791757	4300000	4550000	33	475	211	44932	spaced
SUPER_24	785282	926060	IR	317	.	855986	0.317	0.980	131	140729	785282	786273	925072	926060	10791757	700000	950000	0	2594	988	138799	wide
SUPER_24	10485869	10637406	IR	316	.	10561945	0.316	0.380	38	151469	10485869	10554140	10569135	10637446	10791757	10445735	10695735	0	1931	68271	14995	spaced
SUPER_24	8017843	8049877	IR	316	.	8033895	0.316	0.894	35	32162	8017843	8018204	8049516	8049898	10791757	7950000	8200000	35	1397	361	31312	spaced
SUPER_24	8809187	8829265	IR	315	.	8819485	0.315	0.893	48	20047	8809187	8809921	8828533	8829265	10791757	8600000	8850000	0	3653	732	18612	spaced
SUPER_24	182283	191070	IR	314	.	186929	0.314	0.933	109	8769	182283	183415	189965	191070	10791757	150000	400000	0	611	1105	6550	spaced
SUPER_24	9732006	9846237	IR	313	.	9789257	0.313	0.382	42	161486	9732006	9772360	9805913	9846237	10791757	9646391	9896391	42	2378	40324	33553	spaced
SUPER_24	10314297	10334747	IR	312	.	10324335	0.312	0.401	39	223353	10314297	10320709	10328335	10334768	10791757	10195735	10445735	39	2146	6412	7626	spaced
SUPER_24	7832061	7856191	IR	311	.	7843991	0.311	0.990	60	60617	7832061	7832371	7855881	7856191	10791757	7650000	7900000	60	3235	310	23510	spaced
SUPER_24	6685111	6756915	IR	311	.	6721095	0.311	0.394	40	72030	6685111	6693170	6748856	6757021	10791757	6550000	6800000	40	2850	8059	55686	spaced
SUPER_24	9518413	9539426	IR	311	.	9529058	0.311	0.987	40	21157	9518413	9518649	9539190	9539426	10791757	9496391	9746391	40	542	236	20541	spaced
SUPER_24	1089655	1097076	IR	309	.	1093556	0.309	0.903	70	7504	1089655	1090537	1096194	1097108	10791757	1050000	1300000	72	722	882	5657	spaced
SUPER_24	8859712	8907272	IR	303	.	8883929	0.303	0.397	120	47487	8859712	8883358	8883655	8907272	10791757	8700000	8950000	0	3058	23617	297	immediate
SUPER_24	2287007	2287472	IR	302	.	2287416	0.302	1.000	25	23225	2287007	2287129	2287350	2287472	10791757	2100000	2350000	25	3120	122	221	immediate
SUPER_24	10377697	10404017	IR	300	.	10390891	0.300	0.837	103	26472	10377697	10379889	10401825	10404046	10791757	10295735	10545735	103	1585	2192	21936	spaced
SUPER_25	1331297	1334855	IR	748	.	1333076	0.748	0.989	292	221284	1331297	1332599	1333553	1334869	10385229	1200000	1450000	292	2217	1302	954	immediate
SUPER_25	1107987	1110651	IR	726	.	1109319	0.726	0.994	210	2893	1107987	1109042	1109596	1110654	10385229	900000	1150000	210	3488	1055	554	immediate
SUPER_25	3012199	3181808	IR	712	.	3096923	0.712	0.396	162	170069	3012199	3096500	3097507	3181845	10385229	3000000	3250000	162	1616	84301	1007	immediate
SUPER_25	6617217	6619213	IR	461	.	6618215	0.461	0.931	94	2273	6617217	6618124	6618306	6619240	10385229	6450000	6700000	106	2803	907	182	immediate
SUPER_25	2223971	2226046	IR	455	.	2225023	0.455	0.889	42	187021	2223971	2224364	2225682	2226046	10385229	2100000	2350000	42	2083	364	1318	immediate
SUPER_25	406007	582177	IR	447	.	494092	0.447	0.384	48	176256	406007	493799	494385	582207	10385229	350000	600000	48	2401	87792	586	immediate
SUPER_25	8437603	8572152	IR	402	.	8504409	0.402	0.410	30	134517	8437603	8443323	8566434	8572152	10385229	8400000	8650000	0	1747	5718	123111	wide
SUPER_25	8376929	8382965	IR	395	.	8380329	0.395	0.883	36	6037	8376929	8377378	8382516	8382992	10385229	8250000	8500000	0	2165	449	5138	spaced
SUPER_25	5570805	5630395	IR	393	.	5600600	0.393	0.383	54	59707	5570805	5600236	5600964	5630469	10385229	5400000	5650000	54	3343	29431	728	immediate
SUPER_25	2401653	2436564	IR	379	.	2419146	0.379	0.383	24	34985	2401653	2419019	2419273	2436564	10385229	2300000	2550000	24	1985	17291	254	immediate
SUPER_25	1653475	1891614	IR	373	.	1772166	0.373	0.384	51	198494	1653475	1762264	1782825	1891647	10385229	1650000	1900000	0	2042	108789	20561	spaced
SUPER_25	7004717	7180511	IR	363	.	7092130	0.363	0.383	46	175790	7004717	7071773	7113455	7180524	10385229	7000000	7250000	0	1543	67056	41682	spaced
SUPER_25	7821206	7984043	IR	353	.	7902898	0.353	0.384	27	162765	7821206	7902633	7902651	7984043	10385229	7800000	8050000	0	1710	81392	18	immediate
SUPER_25	3226563	3290782	IR	352	.	3258708	0.352	0.396	38	64276	3226563	3257898	3259518	3290782	10385229	3150000	3400000	38	1811	31264	1620	immediate
SUPER_25	2596957	2795989	IR	351	.	2696808	0.351	0.432	433	167254	2596957	2631328	2761694	2795989	10385229	2550000	2800000	0	2441	34295	130366	wide
SUPER_25	7550002	7697282	IR	350	.	7623911	0.350	0.385	32	147277	7550002	7598006	7649278	7697314	10385229	7550000	7800000	0	1227	48004	51272	spaced
SUPER_25	9172946	9334199	IR	345	.	9253866	0.345	0.417	36	161272	9172946	9178845	9328300	9334252	10385229	9100000	9350000	0	2559	5899	149455	wide
SUPER_25	3290600	3406596	IR	341	.	3348283	0.341	0.611	31	115997	3290600	3291580	3405616	3406624	10385229	3250000	3500000	0	1643	980	114036	wide
SUPER_25	8201098	8249776	IR	340	.	8225316	0.340	1.000	24	48691	8201098	8201221	8249653	8249776	10385229	8050000	8300000	24	2923	123	48432	spaced
SUPER_25	8165749	8181785	IR	339	.	8173353	0.339	0.980	24	15984	8165749	8165953	8181581	8181785	10385229	8050000	8300000	0	2062	204	15628	spaced
SUPER_25	1377654	1535516	IR	338	.	1456136	0.338	0.384	28	157830	1377654	1409365	1503835	1535516	10385229	1350000	1600000	0	1776	31681	94470	spaced
SUPER_25	5673693	5876551	IR	337	.	5774877	0.337	0.964	32	202980	5673693	5673833	5876411	5876551	10385229	5650000	5900000	19	2085	140	202578	wide
SUPER_25	582048	792248	IR	337	.	687136	0.337	0.989	27	210223	582048	582224	792072	792248	10385229	550000	800000	27	2285	176	209848	wide
SUPER_25	5281522	5314754	IR	335	.	5298318	0.335	0.896	43	33301	5281522	5281878	5314398	5314767	10385229	5100000	5350000	43	3302	356	32520	spaced
SUPER_25	10071685	10264613	IR	335	.	10167897	0.335	0.384	21	192843	10071685	10135824	10200474	10264697	10385229	10050000	10300000	0	1969	64139	64650	spaced
SUPER_25	5017912	5205263	IR	334	.	5111116	0.334	0.988	21	187331	5017912	5018085	5205090	5205263	10385229	5000000	5250000	0	1859	173	187005	wide
SUPER_25	7296435	7481530	IR	333	.	7388678	0.333	0.384	38	185050	7296435	7386941	7391078	7481530	10385229	7250000	7500000	0	2316	90452	4137	spaced
SUPER_25	1201814	1222061	IR	333	.	1211859	0.333	0.747	34	20283	1201814	1202400	1221487	1222061	10385229	1150000	1400000	34	1032	574	19087	spaced
SUPER_25	1953220	2073996	IR	332	.	2013695	0.332	0.397	35	120835	1953220	1962670	2064546	2074032	10385229	1850000	2100000	35	2726	9450	101876	wide
SUPER_25	853424	1061071	IR	331	.	956913	0.331	0.976	28	207630	853424	853671	1060824	1061071	10385229	850000	1100000	0	1787	247	207153	wide
SUPER_25	4476972	4651159	IR	330	.	4564385	0.330	0.968	32	174163	4476972	4477224	4650907	4651159	10385229	4450000	4700000	0	1900	252	173683	wide
SUPER_25	4091237	4290363	IR	330	.	4190836	0.330	0.834	21	199140	4091237	4091436	4290192	4290363	10385229	4050000	4300000	28	2346	171	198756	wide
SUPER_25	3541678	3671113	IR	329	.	3606352	0.329	0.380	32	129503	3541678	3590662	3622129	3671158	10385229	3450000	3700000	32	2606	48984	31467	spaced
SUPER_25	6071849	6121264	IR	329	.	6096458	0.329	0.981	28	162141	6071849	6072060	6121053	6121264	10385229	5950000	6200000	28	2442	211	48993	spaced
SUPER_25	3901427	4051736	IR	329	.	3976483	0.329	0.938	20	150311	3901427	3901599	4051564	4051740	10385229	3850000	4100000	20	2109	172	149965	wide
SUPER_25	8895562	8965054	IR	328	.	8930384	0.328	0.397	36	69521	8895562	8910914	8949716	8965054	10385229	8850000	9100000	36	1338	15338	38802	spaced
SUPER_25	3751547	3756288	IR	328	.	3753701	0.328	0.989	28	4753	3751547	3751736	3756099	3756288	10385229	3700000	3950000	28	898	189	4363	spaced
SUPER_25	5403053	5547166	IR	327	.	5474774	0.327	0.385	27	144094	5403053	5420188	5530096	5547166	10385229	5300000	5550000	0	2918	17070	109908	wide
SUPER_25	9946425	10024684	IR	326	.	9985240	0.326	0.384	33	59592	9946425	9982745	9988422	10024684	10385229	9800000	10050000	0	3092	36262	5677	spaced
SUPER_25	1624252	1633720	IR	325	.	1628932	0.325	0.967	75	159705	1624252	1624796	1633179	1633720	10385229	1500000	1750000	75	2149	541	8383	spaced
SUPER_25	6147876	6299360	IR	325	.	6223623	0.325	0.954	33	151477	6147876	6148246	6298991	6299360	10385229	6050000	6300000	33	2893	369	150745	wide
SUPER_25	6690569	6746048	IR	325	.	6718212	0.325	0.427	28	55467	6690569	6692144	6744520	6746048	10385229	6500000	6750000	28	3638	1528	52376	spaced
SUPER_25	6354474	6515589	IR	325	.	6435147	0.325	0.384	27	161156	6354474	6411304	6458760	6515589	10385229	6350000	6600000	27	1417	56829	47456	spaced
SUPER_25	4932273	4981570	IR	324	.	4957286	0.324	0.995	31	49280	4932273	4932492	4981351	4981570	10385229	4750000	5000000	0	3448	219	48859	spaced
SUPER_25	9698247	9837595	IR	323	.	9767812	0.323	0.736	35	177350	9698247	9698667	9837176	9837595	10385229	9650000	9900000	35	1965	419	138509	wide
SUPER_25	8301945	8317756	IR	322	.	8309354	0.322	0.926	99	15793	8301945	8302980	8316723	8317756	10385229	8100000	8350000	0	3497	1033	13743	spaced
SUPER_25	2935825	2972176	IR	322	.	2953993	0.322	0.964	76	115670	2935825	2936384	2971621	2972176	10385229	2800000	3050000	76	2566	555	35237	spaced
SUPER_25	8869305	8874370	IR	322	.	8872323	0.322	0.989	54	5047	8869305	8869670	8874005	8874371	10385229	8650000	8900000	0	3697	365	4335	spaced
SUPER_25	8062240	8091860	IR	322	.	8076935	0.322	0.447	24	61426	8062240	8064043	8090057	8091973	10385229	8000000	8250000	24	1284	1803	26014	spaced
SUPER_25	4297527	4423303	IR	322	.	4360433	0.322	0.936	21	125768	4297527	4297652	4423179	4423303	10385229	4200000	4450000	21	2673	124	125527	wide
SUPER_25	43706	133255	IR	320	.	88183	0.320	0.373	25	89561	43706	88219	88742	133285	10385229	0	250000	0	1474	44513	523	immediate
SUPER_25	2231254	2317041	IR	318	.	2273860	0.318	0.385	29	85829	2231254	2272544	2275751	2317100	10385229	2100000	2350000	0	2902	41290	3207	spaced
SUPER_25	316971	367564	IR	316	.	341767	0.316	0.380	24	50566	316971	333036	351506	367564	10385229	150000	400000	0	3204	16058	18470	spaced
SUPER_25	4676406	4707552	IR	316	.	4691986	0.316	0.983	21	31159	4676406	4676525	4707433	4707552	10385229	4650000	4900000	21	699	119	30908	spaced
SUPER_25	4717000	4920459	IR	316	.	4818534	0.316	0.941	20	203468	4717000	4717204	4920260	4920459	10385229	4700000	4950000	20	1978	199	203056	wide
SUPER_25	8744065	8851431	IR	315	.	8797860	0.315	0.971	123	107688	8744065	8744812	8850684	8851443	10385229	8650000	8900000	127	2462	747	105872	wide
SUPER_25	9503106	9581498	IR	315	.	9541834	0.315	0.409	72	78368	9503106	9512968	9571651	9581498	10385229	9450000	9700000	0	1538	9847	58683	spaced
SUPER_25	3682867	3733544	IR	315	.	3707799	0.315	0.976	29	50658	3682867	3683114	3733297	3733544	10385229	3500000	3750000	0	3469	247	50183	spaced
SUPER_25	9092529	9140050	IR	313	.	9116017	0.313	0.482	34	47508	9092529	9094317	9138262	9140076	10385229	8900000	9150000	0	3604	1788	43945	spaced
SUPER_25	3498982	3510756	IR	313	.	3505017	0.313	0.994	29	11779	3498982	3499153	3510585	3510756	10385229	3300000	3550000	29	3414	171	11432	spaced
SUPER_25	9361197	9480451	IR	310	.	9421288	0.310	0.390	37	119183	9361197	9394270	9447378	9480490	10385229	9300000	9550000	0	2013	33073	53108	spaced
SUPER_25	2497442	2523021	IR	310	.	2510364	0.310	0.853	26	25603	2497442	2498120	2522358	2523021	10385229	2300000	2550000	33	3503	663	24238	spaced
SUPER_25	2199932	2206402	IR	309	.	2202875	0.309	0.955	37	6450	2199932	2200224	2206112	2206402	10385229	2000000	2250000	0	3385	290	5888	spaced
SUPER_25	8616406	8691275	IR	307	.	8653776	0.307	0.424	31	74928	8616406	8620934	8686747	8691320	10385229	8450000	8700000	31	3397	4528	65813	spaced
SUPER_25	3772636	3853849	IR	307	.	3812774	0.307	0.436	29	81194	3772636	3778067	3848418	3853854	10385229	3700000	3950000	0	1887	5431	70351	spaced
SUPER_25	2094096	2110442	IR	307	.	2102235	0.307	0.623	28	16361	2094096	2094708	2109876	2110442	10385229	2050000	2300000	28	871	566	15168	spaced
SUPER_25	6945606	6966921	IR	305	.	6955774	0.305	0.955	63	21296	6945606	6946182	6966345	6966928	10385229	6750000	7000000	0	3437	576	20163	spaced
SUPER_25	5876404	5883535	IR	305	.	5879525	0.305	0.977	25	7104	5876404	5876623	5883316	5883535	10385229	5700000	5950000	0	2999	219	6693	spaced
SUPER_25	10313566	10330542	IR	303	.	10322335	0.303	0.957	97	16951	10313566	10314570	10329539	10330542	10385229	10100000	10350000	0	3700	1003	14969	spaced
SUPER_25	6842521	6911454	IR	301	.	6877372	0.301	0.927	22	68862	6842521	6842735	6911240	6911459	10385229	6700000	6950000	0	2949	214	68505	spaced
SUPER_25	8351854	8374618	IR	298	.	8363119	0.298	0.381	40	48604	8351854	8363142	8363335	8374618	10385229	8200000	8450000	40	2720	11283	193	immediate
SUPER_26	7803418	7805514	IR	934	.	7804466	0.934	1.000	188	2287	7803418	7804268	7804664	7805514	9797438	7600000	7850000	188	3407	850	396	immediate
SUPER_26	6759398	6760766	IR	760	.	6760082	0.760	0.998	117	218598	6759398	6759983	6760181	6760766	9797438	6650000	6900000	117	1834	585	198	immediate
SUPER_26	1421661	1526923	IR	638	.	1474292	0.638	0.388	101	212996	1421661	1474065	1474519	1526990	9797438	1350000	1600000	101	2071	52404	454	immediate
SUPER_26	2685191	2688394	IR	596	.	2686794	0.596	0.983	192	3485	2685191	2686378	2687209	2688394	9797438	2450000	2700000	192	3946	1185	831	immediate
SUPER_26	5961015	5962966	IR	585	.	5962002	0.585	0.935	127	2147	5961015	5961890	5962128	5962966	9797438	5750000	6000000	127	3533	838	238	immediate
SUPER_26	9632774	9657168	IR	558	.	9645432	0.558	0.941	292	24461	9632774	9635303	9654639	9657255	9797438	9500000	9750000	0	2416	2529	19336	spaced
SUPER_26	204712	267678	IR	422	.	236195	0.422	0.377	35	63079	204712	235839	236551	267735	9797438	50000	300000	35	3103	31127	712	immediate
SUPER_26	933592	934239	IR	390	.	933987	0.390	0.986	35	139698	933592	933808	934023	934239	9797438	850000	1100000	35	1398	216	215	immediate
SUPER_26	1908573	1987735	IR	380	.	1948650	0.380	0.406	124	79137	1908573	1948091	1948286	1987735	9797438	1800000	2050000	0	2469	39449	195	immediate
SUPER_26	6060749	6248156	IR	364	.	6154347	0.364	0.366	29	187472	6060749	6079433	6229473	6248156	9797438	6050000	6300000	34	1740	18683	150040	wide
SUPER_26	2566851	2626829	IR	364	.	2596840	0.364	0.959	25	152877	2566851	2567047	2626640	2626829	9797438	2500000	2750000	25	1613	189	59593	spaced
SUPER_26	3117003	3126032	IR	356	.	3121740	0.356	0.947	21	11138	3117003	3117096	3125939	3126033	9797438	2900000	3150000	10	3691	93	8843	spaced
SUPER_26	7365228	7416673	IR	355	.	7390482	0.355	0.384	28	51454	7365228	7383601	7398300	7416704	9797438	7350000	7600000	0	682	18373	14699	spaced
SUPER_26	3213333	3288140	IR	350	.	3250694	0.350	0.000	38	74839	3213333	3237369	3287775	3288140	9797438	3050000	3300000	56	3345	365	50406	spaced
SUPER_26	4376681	4515678	IR	350	.	4446144	0.350	0.385	27	139020	4376681	4434672	4457735	4515678	9797438	4300000	4550000	27	2436	57943	23063	spaced
SUPER_26	5394226	5503595	IR	348	.	5448743	0.348	0.949	25	109357	5394226	5394461	5503362	5503595	9797438	5300000	5550000	25	2481	233	108901	wide
SUPER_26	8330892	8507295	IR	343	.	8418908	0.343	0.386	46	176434	8330892	8346415	8491772	8507297	9797438	8300000	8550000	46	1984	15523	145357	wide
SUPER_26	1035070	1190277	IR	342	.	1112208	0.342	0.386	47	155210	1035070	1096652	1128695	1190300	9797438	950000	1200000	0	2711	61582	32043	spaced
SUPER_26	8516705	8692124	IR	337	.	8604851	0.337	0.389	46	175374	8516705	8547976	8660853	8692143	9797438	8450000	8700000	0	2573	31271	112877	wide
SUPER_26	8057325	8189620	IR	337	.	8123459	0.337	0.965	28	132321	8057325	8057523	8189422	8189620	9797438	7950000	8200000	28	2891	198	131899	wide
SUPER_26	3670837	3710596	IR	337	.	3690732	0.337	0.381	22	39845	3670837	3690677	3690787	3710596	9797438	3550000	3800000	22	2345	19809	110	immediate
SUPER_26	2385595	2522991	IR	335	.	2454416	0.335	0.383	35	137491	2385595	2417268	2491341	2522991	9797438	2350000	2600000	35	1738	31650	74073	spaced
SUPER_26	9546085	9617636	IR	334	.	9581588	0.334	0.911	224	71529	9546085	9548496	9615259	9617636	9797438	9500000	9750000	0	1364	2377	66763	spaced
SUPER_26	6933349	6936346	IR	334	.	6934854	0.334	0.893	62	3084	6933349	6934170	6935533	6936346	9797438	6900000	7150000	62	580	813	1363	immediate
SUPER_26	568669	735436	IR	334	.	652301	0.334	0.386	38	166778	568669	642510	661595	735464	9797438	550000	800000	0	1700	73841	19085	spaced
SUPER_26	6249049	6377632	IR	334	.	6313341	0.334	0.380	37	128718	6249049	6313136	6313545	6377715	9797438	6150000	6400000	37	2722	64087	409	immediate
SUPER_26	5268882	5318728	IR	333	.	5293690	0.333	0.893	60	49982	5268882	5269792	5317845	5318728	9797438	5150000	5400000	62	2396	883	48053	spaced
SUPER_26	7580708	7609230	IR	333	.	7594645	0.333	0.401	29	28603	7580708	7588016	7601922	7609331	9797438	7450000	7700000	0	2416	7308	13906	spaced
SUPER_26	1190256	1350122	IR	332	.	1270372	0.332	0.388	35	159952	1190256	1225453	1314925	1350201	9797438	1150000	1400000	35	2003	35197	89472	spaced
SUPER_26	2936479	3097166	IR	332	.	3016778	0.332	0.960	22	160695	2936479	2936626	3097019	3097170	9797438	2900000	3150000	22	1946	147	160393	wide
SUPER_26	9119318	9236142	IR	331	.	9177673	0.331	0.907	90	117014	9119318	9119943	9235565	9236142	9797438	9100000	9350000	90	1295	577	115622	wide
SUPER_26	6769129	6841231	IR	331	.	6805367	0.331	0.865	28	72133	6769129	6769444	6840916	6841256	9797438	6600000	6850000	28	3419	315	71472	spaced
SUPER_26	4939968	5142463	IR	330	.	5041173	0.330	0.386	42	202527	4939968	5010360	5072071	5142493	9797438	4900000	5150000	42	2353	70392	61711	spaced
SUPER_26	4764461	4855303	IR	330	.	4809900	0.330	0.388	33	90960	4764461	4796230	4823534	4855348	9797438	4650000	4900000	33	2664	31769	27304	spaced
SUPER_26	2077467	2255282	IR	329	.	2166603	0.329	1.000	25	177923	2077467	2077552	2255197	2255282	9797438	2050000	2300000	19	1939	85	177645	wide
SUPER_26	5587223	5679092	IR	328	.	5632745	0.328	0.926	25	91847	5587223	5587586	5678737	5679092	9797438	5450000	5700000	0	3052	355	91151	spaced
SUPER_26	7159467	7316806	IR	327	.	7237718	0.327	0.394	48	157319	7159467	7178283	7298020	7316806	9797438	7100000	7350000	0	2302	18786	119737	wide
SUPER_26	4241868	4349456	IR	326	.	4295893	0.326	0.378	39	107671	4241868	4294060	4297264	4349539	9797438	4200000	4450000	39	1594	52192	3204	spaced
SUPER_26	3995390	4016935	IR	326	.	4006026	0.326	0.889	26	21544	3995390	3995708	4016617	4016936	9797438	3800000	4050000	26	3435	318	20909	spaced
SUPER_26	3437760	3632024	IR	325	.	3535240	0.325	0.381	35	194246	3437760	3528543	3541241	3632031	9797438	3400000	3650000	0	2248	90783	12698	spaced
SUPER_26	7615064	7764357	IR	325	.	7689631	0.325	0.384	30	149294	7615064	7653641	7725842	7764357	9797438	7550000	7800000	30	2328	38515	72201	spaced
SUPER_26	2872680	2882865	IR	325	.	2877815	0.325	0.992	24	10171	2872680	2872805	2882740	2882865	9797438	2850000	3100000	24	462	125	9935	spaced
SUPER_26	6995210	7142182	IR	324	.	7068476	0.324	0.412	38	146963	6995210	7002295	7135133	7142182	9797438	6950000	7200000	14	1978	7049	132838	wide
SUPER_26	9319178	9348680	IR	324	.	9334373	0.324	0.737	38	29483	9319178	9319645	9348232	9348680	9797438	9150000	9400000	0	3065	448	28587	spaced
SUPER_26	4554698	4731900	IR	324	.	4643649	0.324	0.387	32	177251	4554698	4603598	4683000	4731976	9797438	4500000	4750000	0	2388	48900	79402	spaced
SUPER_26	5726384	5945204	IR	323	.	5836087	0.323	0.373	46	218800	5726384	5826919	5844669	5945206	9797438	5700000	5950000	0	2263	100535	17750	spaced
SUPER_26	7925638	8016745	IR	323	.	7971509	0.323	0.389	25	91077	7925638	7969668	7972745	8016745	9797438	7800000	8050000	0	2853	44000	3077	spaced
SUPER_26	4018279	4156648	IR	322	.	4087436	0.322	0.969	35	138382	4018279	4018568	4156363	4156648	9797438	3950000	4200000	35	2290	285	137795	wide
SUPER_26	6502994	6594610	IR	322	.	6548712	0.322	0.382	31	132686	6502994	6543052	6554552	6594661	9797438	6450000	6700000	31	1646	40058	11500	spaced
SUPER_26	3775127	3966925	IR	322	.	3870978	0.322	0.390	26	191792	3775127	3782908	3959201	3966925	9797438	3750000	4000000	26	2016	7724	176293	wide
SUPER_26	6643373	6751307	IR	322	.	6696981	0.322	0.976	20	107916	6643373	6643537	6751143	6751307	9797438	6550000	6800000	0	2455	164	107606	wide
SUPER_26	6855564	6916866	IR	321	.	6886688	0.321	0.951	97	61305	6855564	6856605	6915825	6916888	9797438	6700000	6950000	0	3103	1041	59220	spaced
SUPER_26	399973	525659	IR	321	.	462839	0.321	0.395	42	125754	399973	408598	517034	525696	9797438	300000	550000	42	2713	8625	108436	wide
SUPER_26	3365376	3374509	IR	321	.	3369456	0.321	0.634	38	9100	3365376	3366158	3373812	3374509	9797438	3350000	3600000	0	332	697	7654	spaced
SUPER_26	4163733	4209490	IR	321	.	4186806	0.321	0.949	25	45747	4163733	4163865	4209358	4209494	9797438	4050000	4300000	14	2276	132	45493	spaced
SUPER_26	9395960	9463511	IR	320	.	9429781	0.320	0.960	84	67689	9395960	9396479	9462998	9463511	9797438	9250000	9500000	85	2995	513	66519	spaced
SUPER_26	1685942	1845729	IR	320	.	1765529	0.320	0.390	36	145740	1685942	1706825	1824877	1845729	9797438	1650000	1900000	0	1930	20852	118052	wide
SUPER_26	1674502	1680714	IR	318	.	1677503	0.318	0.951	54	6312	1674502	1674875	1680341	1680727	9797438	1450000	1700000	54	3793	373	5466	spaced
SUPER_26	4875864	4905299	IR	317	.	4890809	0.317	1.000	45	103530	4875864	4875881	4905282	4905299	9797438	4750000	5000000	1	2342	17	29401	spaced
SUPER_26	8875885	8945587	IR	316	.	8910721	0.316	0.974	45	107745	8875885	8876272	8945200	8945587	9797438	8750000	9000000	45	2678	387	68928	spaced
SUPER_26	9070383	9079106	IR	315	.	9074837	0.315	1.000	885	9608	9070383	9074175	9075314	9079106	9797438	8850000	9100000	885	3745	3792	1139	immediate
SUPER_26	1567718	1608146	IR	314	.	1587481	0.314	0.992	685	40428	1567718	1571718	1604146	1608165	9797438	1400000	1650000	0	3132	4000	32428	spaced
SUPER_26	8709409	8731967	IR	314	.	8721105	0.314	0.471	36	22538	8709409	8712577	8728867	8731967	9797438	8600000	8850000	0	2011	3100	16290	spaced
SUPER_26	2827487	2866037	IR	314	.	2846301	0.314	0.957	26	38515	2827487	2827734	2865790	2866044	9797438	2800000	3050000	0	779	247	38056	spaced
SUPER_26	2326822	2368745	IR	313	.	2347877	0.313	0.978	30	41943	2326822	2327046	2368521	2368745	9797438	2150000	2400000	30	3296	224	41475	spaced
SUPER_26	8238304	8329640	IR	309	.	8284431	0.309	0.943	37	91282	8238304	8238670	8329284	8329640	9797438	8100000	8350000	0	3066	356	90614	spaced
SUPER_26	740408	823080	IR	309	.	781845	0.309	0.000	36	82673	740408	778833	822840	823080	9797438	700000	950000	36	1362	240	44007	spaced
SUPER_26	8991387	9025341	IR	307	.	9007898	0.307	0.991	44	33931	8991387	8991707	9025021	9025341	9797438	8800000	9050000	0	3472	320	33314	spaced
SUPER_26	8799161	8851888	IR	305	.	8825607	0.305	1.000	48	75484	8799161	8799363	8851686	8851888	9797438	8700000	8950000	48	2091	202	52323	spaced
SUPER_26	3312306	3321250	IR	304	.	3316675	0.304	0.929	54	9004	3312306	3312796	3320760	3321270	9797438	3300000	3550000	54	279	490	7964	spaced
SUPER_26	3192222	3202162	IR	299	.	3196988	0.299	0.980	52	174747	3192222	3192567	3201817	3202162	9797438	3050000	3300000	52	2453	345	9250	spaced
SUPER_26	1629969	1665264	IR	299	.	1647967	0.299	0.403	51	35284	1629969	1640373	1654860	1665280	9797438	1600000	1850000	0	793	10404	14487	spaced
SUPER_27	2365105	2367613	IR	903	.	2366359	0.903	1.000	231	2760	2365105	2366095	2366623	2367613	8287961	2300000	2550000	231	1105	990	528	immediate
SUPER_27	6803984	6933688	IR	828	.	6869163	0.828	0.405	202	129704	6803984	6868498	6869174	6933714	8287961	6750000	7000000	0	1980	64514	676	immediate
SUPER_27	4932089	5147729	IR	597	.	5039909	0.597	0.380	73	215818	4932089	5039750	5040068	5147738	8287961	4900000	5150000	75	2331	107661	318	immediate
SUPER_27	577756	684207	IR	558	.	630992	0.558	0.373	70	106643	577756	630382	631602	684207	8287961	450000	700000	70	3016	52605	1220	immediate
SUPER_27	5914824	5942840	IR	539	.	5928832	0.539	0.424	154	205304	5914824	5928655	5929009	5942866	8287961	5800000	6050000	154	2147	13831	354	immediate
SUPER_27	6534850	6538764	IR	521	.	6536809	0.521	0.925	180	68568	6534850	6536428	6537186	6538800	8287961	6350000	6600000	180	3113	1578	758	immediate
SUPER_27	831673	907807	IR	408	.	869740	0.408	0.379	39	76207	831673	869354	870126	907815	8287961	700000	950000	39	2828	37681	772	immediate
SUPER_27	38496	54020	IR	397	.	46082	0.397	0.815	51	15477	38496	38540	53976	54030	8287961	0	250000	840	770	44	15436	spaced
SUPER_27	3728680	3943474	IR	393	.	3836459	0.393	0.899	43	214773	3728680	3729048	3943120	3943474	8287961	3700000	3950000	0	2267	354	214072	wide
SUPER_27	1659404	1674071	IR	376	.	1666562	0.376	0.458	44	19858	1659404	1662888	1670659	1674071	8287961	1600000	1850000	44	1112	3412	7771	spaced
SUPER_27	1740233	1834422	IR	366	.	1787332	0.366	0.383	35	94203	1740233	1786529	1788135	1834422	8287961	1700000	1950000	35	1455	46287	1606	immediate
SUPER_27	3319306	3439315	IR	359	.	3378811	0.359	0.390	34	119990	3319306	3355505	3403184	3439315	8287961	3250000	3500000	0	2155	36131	47679	spaced
SUPER_27	7512026	7696063	IR	350	.	7603939	0.350	0.381	36	184092	7512026	7581514	7626575	7696088	8287961	7473490	7723490	36	2175	69488	45061	spaced
SUPER_27	5762233	5867882	IR	348	.	5814649	0.348	0.409	43	105620	5762233	5773112	5857058	5867882	8287961	5750000	6000000	0	1084	10824	83946	spaced
SUPER_27	4452902	4542200	IR	346	.	4497549	0.346	0.386	29	89384	4452902	4497132	4497970	4542217	8287961	4300000	4550000	29	3292	44230	838	immediate
SUPER_27	6544399	6737214	IR	344	.	6640393	0.344	0.380	44	192793	6544399	6629620	6652018	6737214	8287961	6500000	6750000	0	2346	85196	22398	spaced
SUPER_27	4773037	4886585	IR	344	.	4829953	0.344	0.389	38	113549	4773037	4799151	4860509	4886585	8287961	4700000	4950000	38	2163	26076	61358	spaced
SUPER_27	7928655	7943496	IR	344	.	7935789	0.344	0.902	22	14835	7928655	7928806	7943345	7943508	8287961	7923490	8173490	0	209	151	14539	spaced
SUPER_27	6167527	6334725	IR	343	.	6251562	0.343	0.407	42	167180	6167527	6175657	6326609	6334725	8287961	6100000	6350000	0	2518	8116	150952	wide
SUPER_27	1963875	2184326	IR	343	.	2074379	0.343	0.387	38	220405	1963875	2009773	2138428	2184355	8287961	1950000	2200000	0	2068	45898	128655	wide
SUPER_27	7716003	7871208	IR	342	.	7793648	0.342	0.377	37	205447	7716003	7779312	7807920	7871208	8287961	7673490	7923490	37	2001	63288	28608	spaced
SUPER_27	4350801	4381146	IR	340	.	4365894	0.340	0.881	21	30347	4350801	4350902	4381057	4381146	8287961	4200000	4450000	29	2766	89	30155	spaced
SUPER_27	3559912	3653182	IR	338	.	3607033	0.338	0.385	46	93271	3559912	3593478	3619616	3653231	8287961	3550000	3800000	0	942	33566	26138	spaced
SUPER_27	2552129	2743062	IR	337	.	2647129	0.337	0.382	34	190975	2552129	2627865	2667326	2743122	8287961	2550000	2800000	0	1626	75736	39461	spaced
SUPER_27	2788603	2811137	IR	336	.	2800346	0.336	0.946	24	22511	2788603	2788820	2810920	2811144	8287961	2650000	2900000	0	2497	217	22100	spaced
SUPER_27	3143209	3176706	IR	333	.	3160178	0.333	0.944	109	142468	3143209	3144164	3175751	3176731	8287961	3050000	3300000	117	1832	955	31587	spaced
SUPER_27	2392697	2421897	IR	333	.	2407132	0.333	0.834	85	29381	2392697	2394140	2420532	2421897	8287961	2300000	2550000	87	1788	1365	26392	spaced
SUPER_27	6088416	6094097	IR	332	.	6091280	0.332	0.933	32	14069	6088416	6088737	6093776	6094101	8287961	6050000	6300000	44	687	321	5039	spaced
SUPER_27	6392880	6393477	IR	332	.	6393330	0.332	1.000	30	127905	6392880	6393032	6393325	6393477	8287961	6250000	6500000	30	2386	152	293	immediate
SUPER_27	347978	545449	IR	332	.	446917	0.332	0.296	21	197460	347978	348049	545378	545457	8287961	300000	550000	6	2444	71	197329	wide
SUPER_27	980351	1040909	IR	331	.	1011107	0.331	0.394	42	60531	980351	990257	1031068	1040909	8287961	950000	1200000	0	1010	9841	40811	spaced
SUPER_27	8028832	8198620	IR	330	.	8113260	0.330	0.803	37	169350	8028832	8029923	8197570	8198620	8287961	7973490	8223490	0	2337	1050	167647	wide
SUPER_27	2970356	2977247	IR	329	.	2973785	0.329	0.997	80	6946	2970356	2970730	2976874	2977247	8287961	2750000	3000000	80	3729	373	6144	spaced
SUPER_27	1245560	1394132	IR	328	.	1319945	0.328	0.377	37	175391	1245560	1310821	1328882	1394132	8287961	1200000	1450000	37	1997	65250	18061	spaced
SUPER_27	4082763	4246577	IR	328	.	4164300	0.328	0.380	36	163785	4082763	4140259	4189196	4246577	8287961	4050000	4300000	0	1911	57381	48937	spaced
SUPER_27	4595369	4697619	IR	326	.	4646391	0.326	0.398	49	102401	4595369	4607732	4685256	4697721	8287961	4550000	4800000	49	1608	12363	77524	spaced
SUPER_27	5273610	5472580	IR	326	.	5373526	0.326	0.975	48	198930	5273610	5274041	5472149	5472585	8287961	5250000	5500000	0	2051	431	198108	wide
SUPER_27	2939753	2958175	IR	325	.	2948485	0.325	0.966	41	18402	2939753	2940105	2957823	2958175	8287961	2750000	3000000	0	3315	352	17718	spaced
SUPER_27	5590475	5741950	IR	325	.	5665708	0.325	0.382	41	151455	5590475	5633408	5699053	5741950	8287961	5500000	5750000	0	2770	42897	65645	spaced
SUPER_27	2285722	2311861	IR	322	.	2298907	0.322	0.961	434	44697	2285722	2288209	2309411	2311861	8287961	2200000	2450000	435	1646	2450	21202	spaced
SUPER_27	6976921	7115304	IR	322	.	7046006	0.322	0.388	77	138655	6976921	7007316	7084909	7115397	8287961	6900000	7150000	77	2435	30395	77593	spaced
SUPER_27	3984305	4059699	IR	321	.	4022256	0.321	0.987	30	75361	3984305	3984543	4059463	4059699	8287961	3850000	4100000	0	2866	236	74920	spaced
SUPER_27	5165199	5231807	IR	319	.	5198037	0.319	0.987	225	66586	5165199	5166773	5230234	5231807	8287961	5000000	5250000	0	3308	1573	63461	spaced
SUPER_27	165692	307883	IR	319	.	237014	0.319	1.000	47	142201	165692	165821	307754	307883	8287961	100000	350000	27	2279	129	141933	wide
SUPER_27	3220886	3318105	IR	319	.	3269177	0.319	0.392	42	97199	3220886	3247249	3291815	3318105	8287961	3200000	3450000	0	1158	26290	44566	spaced
SUPER_27	7954524	7976096	IR	319	.	7964896	0.319	1.000	38	21545	7954524	7954723	7975897	7976096	8287961	7773490	8023490	0	3196	199	21174	spaced
SUPER_27	7190168	7318820	IR	318	.	7253989	0.318	0.386	40	128634	7190168	7247462	7261526	7318824	8287961	7100000	7350000	0	2574	57294	14064	spaced
SUPER_27	7451611	7506467	IR	317	.	7479267	0.317	0.922	74	70770	7451611	7452175	7505903	7506494	8287961	7373490	7623490	74	1759	564	53728	spaced
SUPER_27	1157060	1233931	IR	313	.	1195500	0.313	0.893	185	77201	1157060	1159336	1231733	1233931	8287961	1000000	1250000	185	3258	2198	72397	spaced
SUPER_27	1507400	1637618	IR	313	.	1573012	0.313	0.384	51	130193	1507400	1563524	1581563	1637618	8287961	1500000	1750000	0	1208	56055	18039	spaced
SUPER_27	2192145	2211866	IR	313	.	2201677	0.313	0.952	49	19704	2192145	2192662	2211349	2211866	8287961	2000000	2250000	0	3366	517	18687	spaced
SUPER_27	8207780	8212952	IR	311	.	8210590	0.311	0.998	130	5322	8207780	8208406	8212326	8212952	8287961	7973490	8223490	130	3947	626	3920	spaced
SUPER_27	7379037	7413371	IR	311	.	7395714	0.311	0.629	77	34312	7379037	7381711	7410737	7413371	8287961	7373490	7623490	0	378	2634	29026	spaced
SUPER_27	2496131	2503899	IR	311	.	2499945	0.311	0.981	68	7912	2496131	2496545	2503485	2503899	8287961	2300000	2550000	68	3333	414	6940	spaced
SUPER_27	5966325	6068476	IR	310	.	6017891	0.310	0.401	52	102145	5966325	5976258	6058543	6068492	8287961	5900000	6150000	0	1956	9933	82285	spaced
SUPER_27	2827011	2861381	IR	310	.	2844669	0.310	0.389	21	34353	2827011	2839731	2848692	2861381	8287961	2800000	3050000	0	736	12689	8961	spaced
SUPER_27	4282124	4287076	IR	309	.	4284761	0.309	0.994	30	4963	4282124	4282288	4286912	4287076	8287961	4100000	4350000	30	3076	164	4624	spaced
SUPER_27	1419672	1463185	IR	308	.	1441042	0.308	0.400	42	43489	1419672	1431416	1451498	1463185	8287961	1300000	1550000	0	2357	11687	20082	spaced
SUPER_27	3092744	3131624	IR	306	.	3111760	0.306	0.984	31	38859	3092744	3092993	3131375	3131624	8287961	2900000	3150000	0	3536	249	38382	spaced
SUPER_27	2230254	2262774	IR	303	.	2246973	0.303	0.959	43	32499	2230254	2230649	2262379	2262774	8287961	2050000	2300000	0	3275	395	31730	spaced
SUPER_27	5547887	5584320	IR	303	.	5565840	0.303	0.388	37	36455	5547887	5565389	5566818	5584361	8287961	5350000	5600000	0	3601	17502	1429	immediate
SUPER_27	8249445	8287403	IR	303	.	8268180	0.303	0.909	28	37921	8249445	8249489	8287363	8287403	8287961	8073490	8287961	175	3248	40	37874	spaced
SUPER_28	3064251	3066247	IR	941	.	3065249	0.941	1.000	192	93994	3064251	3065090	3065408	3066247	7824547	2950000	3200000	192	1920	839	318	immediate
SUPER_28	5971403	6032738	IR	518	.	6002313	0.518	0.401	125	32272	5971403	6001401	6002740	6032746	7824547	5800000	6050000	0	3367	29998	1339	immediate
SUPER_28	4031587	4034279	IR	478	.	4032967	0.478	0.875	147	3543	4031587	4032690	4033244	4034279	7824547	3900000	4150000	180	2215	1035	554	immediate
SUPER_28	5147378	5147906	IR	469	.	5147642	0.469	0.965	47	40910	5147378	5147609	5147683	5147906	7824547	5000000	5250000	51	2460	223	74	immediate
SUPER_28	6123274	6181366	IR	431	.	6152543	0.431	0.393	60	58106	6123274	6145190	6159506	6181366	7824547	6000000	6250000	34	2538	21860	14316	spaced
SUPER_28	467611	618669	IR	427	.	543156	0.427	0.381	65	188168	467611	543029	543283	618669	7824547	400000	650000	65	2385	75386	254	immediate
SUPER_28	7605563	7722027	IR	424	.	7663310	0.424	0.372	25	116445	7605563	7650527	7677064	7722027	7824547	7600000	7824547	0	1063	44963	26537	spaced
SUPER_28	1934939	1937575	IR	389	.	1936272	0.389	0.890	82	3866	1934939	1935797	1936740	1937575	7824547	1900000	2150000	82	604	835	943	immediate
SUPER_28	4957349	5024699	IR	386	.	4991206	0.386	0.399	35	67348	4957349	4962629	5019461	5024699	7824547	4800000	5050000	35	3183	5238	56832	spaced
SUPER_28	6468063	6670042	IR	375	.	6568620	0.375	0.379	36	201959	6468063	6554378	6583819	6670042	7824547	6450000	6700000	0	1984	86223	29441	spaced
SUPER_28	1896667	1900867	IR	370	.	1898767	0.370	0.943	131	4398	1896667	1897836	1899698	1900881	7824547	1700000	1950000	131	3312	1169	1862	immediate
SUPER_28	6264694	6381620	IR	354	.	6323222	0.354	0.381	44	116942	6264694	6322151	6324262	6381620	7824547	6250000	6500000	44	1219	57358	2111	spaced
SUPER_28	2909652	3026848	IR	354	.	2968729	0.354	0.388	29	117254	2909652	2931195	3005305	3026933	7824547	2800000	3050000	0	2804	21543	74110	spaced
SUPER_28	1631657	1812375	IR	353	.	1721789	0.353	0.377	52	180833	1631657	1719397	1724635	1812404	7824547	1600000	1850000	20	2033	87740	5238	spaced
SUPER_28	2561500	2575717	IR	349	.	2568699	0.349	0.690	64	14326	2561500	2562474	2574798	2575717	7824547	2400000	2650000	64	2810	919	12324	spaced
SUPER_28	2142077	2217883	IR	346	.	2180162	0.346	0.934	71	76617	2142077	2142657	2217304	2217883	7824547	2000000	2250000	75	2999	579	74647	spaced
SUPER_28	94101	167112	IR	344	.	130178	0.344	0.914	24	73000	94101	94440	166773	167118	7824547	0	250000	0	2176	339	72333	spaced
SUPER_28	3769042	3922585	IR	341	.	3846234	0.341	0.885	61	153566	3769042	3770537	3921090	3922633	7824547	3700000	3950000	0	2430	1495	150553	wide
SUPER_28	210398	262857	IR	340	.	236752	0.340	0.785	93	52499	210398	211334	261982	262857	7824547	50000	300000	93	3110	875	50648	spaced
SUPER_28	5680368	5714705	IR	340	.	5697618	0.340	0.966	30	100028	5680368	5680602	5714471	5714705	7824547	5600000	5850000	30	1625	234	33869	spaced
SUPER_28	5507831	5551484	IR	339	.	5530025	0.339	0.393	44	43689	5507831	5522876	5536439	5551541	7824547	5500000	5750000	0	494	15045	13563	spaced
SUPER_28	6710316	6786724	IR	338	.	6748775	0.338	0.394	51	76402	6710316	6742556	6754484	6786737	7824547	6550000	6800000	0	3308	32240	11928	spaced
SUPER_28	675212	884621	IR	336	.	780224	0.336	0.387	86	209390	675212	763124	796785	884621	7824547	650000	900000	0	2165	87836	33661	spaced
SUPER_28	7451957	7596946	IR	335	.	7524759	0.335	0.406	131	145011	7451957	7479689	7569214	7596986	7824547	7350000	7600000	0	2907	27732	89525	spaced
SUPER_28	3958191	3967139	IR	335	.	3963022	0.335	0.841	108	8920	3958191	3960252	3965116	3967139	7824547	3750000	4000000	0	3544	2023	4864	spaced
SUPER_28	2224225	2386079	IR	333	.	2304857	0.333	0.979	49	161831	2224225	2224614	2385691	2386079	7824547	2150000	2400000	0	2585	388	161077	wide
SUPER_28	5217622	5396247	IR	333	.	5306840	0.333	0.391	38	178760	5217622	5235669	5378200	5396349	7824547	5200000	5450000	38	1782	18047	142531	wide
SUPER_28	4524278	4724657	IR	333	.	4624914	0.333	0.372	34	200317	4524278	4559541	4689411	4724657	7824547	4500000	4750000	0	2074	35246	129870	wide
SUPER_28	3416819	3574124	IR	329	.	3495215	0.329	0.381	34	157295	3416819	3490992	3499951	3574142	7824547	3400000	3650000	0	1591	74173	8959	spaced
SUPER_28	6817184	6820251	IR	328	.	6819097	0.328	0.991	191	3035	6817184	6818348	6819087	6820252	7824547	6600000	6850000	0	3645	1164	739	immediate
SUPER_28	5750689	5919646	IR	328	.	5834774	0.328	0.382	53	169009	5750689	5794490	5875845	5919718	7824547	5750000	6000000	0	1419	43801	81355	spaced
SUPER_28	415706	467336	IR	328	.	441911	0.328	0.398	52	51633	415706	433687	449355	467363	7824547	350000	600000	0	1525	17981	15668	spaced
SUPER_28	1055012	1144134	IR	326	.	1099612	0.326	0.905	81	104084	1055012	1055537	1143609	1144169	7824547	1000000	1250000	81	1659	525	88072	spaced
SUPER_28	3922687	3944198	IR	325	.	3933288	0.325	0.993	51	21533	3922687	3922981	3943904	3944198	7824547	3700000	3950000	51	3890	294	20923	spaced
SUPER_28	5420402	5453280	IR	321	.	5436744	0.321	0.860	56	63666	5420402	5420923	5452759	5453283	7824547	5300000	5550000	56	2280	521	31836	spaced
SUPER_28	4421117	4510120	IR	321	.	4465764	0.321	0.393	44	89171	4421117	4445917	4485320	4510202	7824547	4300000	4550000	44	2760	24800	39403	spaced
SUPER_28	3207008	3397543	IR	321	.	3302424	0.321	0.973	41	190607	3207008	3207270	3397283	3397543	7824547	3150000	3400000	41	2537	260	190013	wide
SUPER_28	3632811	3638598	IR	321	.	3635280	0.321	0.991	29	5768	3632811	3633030	3638379	3638598	7824547	3600000	3850000	0	594	219	5349	spaced
SUPER_28	4780601	4921776	IR	320	.	4850781	0.320	0.401	39	141158	4780601	4801087	4901358	4921776	7824547	4750000	5000000	0	1686	20418	100271	wide
SUPER_28	7262551	7430566	IR	319	.	7347047	0.319	0.379	43	167994	7262551	7342038	7351108	7430566	7824547	7200000	7450000	0	2442	79458	9070	spaced
SUPER_28	6901196	6930082	IR	317	.	6916000	0.317	0.884	64	28922	6901196	6901972	6929306	6930136	7824547	6900000	7150000	0	260	776	27334	spaced
SUPER_28	1979465	2067929	IR	317	.	2023924	0.317	0.386	45	88512	1979465	2015539	2031863	2067929	7824547	1950000	2200000	45	1228	36066	16324	spaced
SUPER_28	1876017	1881541	IR	314	.	1879244	0.314	0.992	72	5507	1876017	1876503	1881055	1881541	7824547	1650000	1900000	0	3812	486	4552	spaced
SUPER_28	1225454	1447339	IR	314	.	1336849	0.314	0.383	57	221910	1225454	1309126	1363667	1447383	7824547	1200000	1450000	0	2273	83672	54541	spaced
SUPER_28	7125836	7171395	IR	313	.	7148448	0.313	0.400	42	70618	7125836	7132740	7164491	7171495	7824547	6950000	7200000	42	3310	6904	31751	spaced
SUPER_28	4755467	4779918	IR	312	.	4767659	0.312	0.410	38	72162	4755467	4760711	4774682	4779918	7824547	4600000	4850000	38	2794	5236	13971	spaced
SUPER_28	2449652	2493105	IR	311	.	2471334	0.311	0.919	34	44389	2449652	2449850	2492919	2493105	7824547	2300000	2550000	69	2856	186	43069	spaced
SUPER_28	5476765	5507129	IR	310	.	5492163	0.310	1.000	42	43677	5476765	5476782	5507112	5507129	7824547	5450000	5700000	1	698	17	30330	spaced
SUPER_28	4217987	4256793	IR	309	.	4237280	0.309	0.994	913	39796	4217987	4222458	4252328	4256793	7824547	4100000	4350000	913	2289	4465	29870	spaced
SUPER_28	1460652	1539651	IR	308	.	1499786	0.308	0.706	110	78990	1460652	1462785	1537518	1539660	7824547	1350000	1600000	0	2502	2133	74733	spaced
SUPER_28	325843	389890	IR	306	.	358311	0.306	0.986	41	63995	325843	326136	389597	389890	7824547	150000	400000	0	3464	293	63461	spaced
SUPER_28	2639733	2711398	IR	305	.	2675420	0.305	0.404	36	71678	2639733	2643586	2707598	2711398	7824547	2600000	2850000	36	1259	3800	64012	spaced
SUPER_28	885673	1001333	IR	304	.	943159	0.304	0.389	69	115642	885673	921785	965235	1001333	7824547	800000	1050000	0	2391	36098	43450	spaced
SUPER_28	2792556	2861001	IR	302	.	2826441	0.302	0.409	66	68427	2792556	2803327	2850230	2861014	7824547	2650000	2900000	0	2946	10771	46903	spaced
SUPER_28	4321702	4350751	IR	301	.	4335822	0.301	0.918	90	29030	4321702	4322869	4349584	4350751	7824547	4300000	4550000	0	603	1167	26715	spaced
SUPER_28	3096463	3183516	IR	297	.	3139593	0.297	0.855	69	86936	3096463	3098311	3181722	3183516	7824547	2950000	3200000	0	3166	1794	83411	spaced
SUPER_29	1611071	1840960	IR	447	.	1726056	0.447	0.380	33	229897	1611071	1725762	1726350	1840960	7483180	1600000	1850000	33	2100	114610	588	immediate
SUPER_29	6914606	7041900	IR	442	.	6978267	0.442	0.372	40	129953	6914606	6977491	6979043	7041900	7483180	6847852	7097852	40	2173	62857	1552	immediate
SUPER_29	287591	394566	IR	414	.	341088	0.414	0.385	75	107120	287591	340768	341408	394566	7483180	150000	400000	78	3184	53158	640	immediate
SUPER_29	2307513	2502884	IR	391	.	2405167	0.391	0.387	31	195695	2307513	2338375	2472022	2502891	7483180	2300000	2550000	32	1753	30862	133647	wide
SUPER_29	4022987	4091019	IR	380	.	4057003	0.380	0.382	27	68111	4022987	4056429	4057577	4091098	7483180	3950000	4197652	27	1783	33442	1148	immediate
SUPER_29	6452196	6634782	IR	372	.	6543236	0.372	0.879	85	182652	6452196	6453188	6633790	6634875	7483180	6397852	6647852	0	2427	992	180602	wide
SUPER_29	6077186	6214638	IR	371	.	6146261	0.371	0.387	52	137427	6077186	6145817	6146010	6214638	7483180	5997852	6247852	0	2467	68628	193	immediate
SUPER_29	7182091	7278950	IR	366	.	7230998	0.366	0.964	31	96838	7182091	7182478	7278564	7278950	7483180	7047852	7297852	0	3044	386	96086	spaced
SUPER_29	2659562	2728336	IR	363	.	2693949	0.363	0.385	41	68853	2659562	2693511	2694387	2728377	7483180	2500000	2750000	41	3232	33949	876	immediate
SUPER_29	3476804	3602786	IR	357	.	3540005	0.357	0.394	39	127224	3476804	3500910	3578680	3602843	7483180	3450000	3700000	39	1496	24106	77770	spaced
SUPER_29	4488423	4588449	IR	357	.	4538434	0.357	1.000	38	100056	4488423	4488619	4588253	4588449	7483180	4347852	4597852	38	3176	196	99634	spaced
SUPER_29	408837	543683	IR	353	.	476448	0.353	0.383	41	134931	408837	446568	505952	543714	7483180	300000	550000	41	2937	37731	59384	spaced
SUPER_29	764512	848706	IR	348	.	806636	0.348	0.302	56	84381	764512	806043	813676	848706	7483180	600000	850000	56	3443	35030	7633	spaced
SUPER_29	5550410	5649939	IR	344	.	5600189	0.344	0.394	36	99524	5550410	5566276	5634107	5649939	7483180	5497852	5747852	36	1705	15832	67831	spaced
SUPER_29	6780826	6909322	IR	342	.	6845407	0.342	0.379	53	128467	6780826	6839072	6851101	6909322	7483180	6747852	6997852	0	1620	58221	12029	spaced
SUPER_29	6229275	6335407	IR	341	.	6282366	0.341	0.724	44	196992	6229275	6230731	6333994	6335407	7483180	6147852	6397852	53	2241	1413	103263	wide
SUPER_29	1931200	1936623	IR	336	.	1933601	0.336	0.998	153	5405	1931200	1932032	1935792	1936623	7483180	1700000	1950000	0	3898	831	3760	spaced
SUPER_29	2927873	3017308	IR	335	.	2972890	0.335	0.389	34	89416	2927873	2941769	3003460	3017308	7483180	2800000	3050000	0	2876	13848	61691	spaced
SUPER_29	1001159	1136103	IR	334	.	1069035	0.334	0.906	69	134969	1001159	1001863	1135399	1136147	7483180	900000	1150000	0	2810	704	133536	wide
SUPER_29	3216112	3391143	IR	333	.	3303221	0.333	0.385	47	175067	3216112	3276414	3330841	3391212	7483180	3150000	3400000	0	2560	60302	54427	spaced
SUPER_29	7061752	7089413	IR	333	.	7075524	0.333	0.947	25	27647	7061752	7062091	7089075	7089413	7483180	6997852	7247852	25	1295	338	26984	spaced
SUPER_29	5155672	5299062	IR	331	.	5227587	0.331	1.000	34	200364	5155672	5155692	5299042	5299062	7483180	5097852	5347852	2	2158	20	143350	wide
SUPER_29	2554503	2622055	IR	330	.	2588339	0.330	0.991	41	67572	2554503	2554715	2621843	2622056	7483180	2450000	2700000	41	2304	212	67128	spaced
SUPER_29	4704842	4836346	IR	328	.	4770914	0.328	0.387	69	131442	4704842	4768293	4772986	4836346	7483180	4697852	4947852	0	1212	63360	4693	spaced
SUPER_29	5701919	5829149	IR	328	.	5765549	0.328	0.384	44	127422	5701919	5765199	5765873	5829149	7483180	5697852	5947852	52	1127	63276	674	immediate
SUPER_29	2231157	2275788	IR	326	.	2253775	0.326	0.440	366	44606	2231157	2252419	2254604	2275788	7483180	2050000	2300000	0	3391	21184	2185	spaced
SUPER_29	5835813	6027363	IR	324	.	5931848	0.324	0.951	120	191536	5835813	5836763	6026413	6027381	7483180	5797852	6047852	0	2228	950	189650	wide
SUPER_29	1314837	1429628	IR	324	.	1372117	0.324	0.403	54	114819	1314837	1333858	1410667	1429628	7483180	1250000	1500000	54	2037	18961	76809	spaced
SUPER_29	5355762	5489501	IR	324	.	5422705	0.324	0.763	47	133900	5355762	5356248	5489015	5489576	7483180	5347852	5597852	47	1246	486	132767	wide
SUPER_29	3712519	3848962	IR	324	.	3780536	0.324	0.400	29	156197	3712519	3722613	3838874	3848962	7483180	3700000	3950000	29	1345	10088	116261	wide
SUPER_29	589706	724894	IR	322	.	656979	0.322	0.383	42	135155	589706	628764	685895	724894	7483180	550000	800000	0	1788	38999	57131	spaced
SUPER_29	2105841	2153004	IR	322	.	2129438	0.322	0.473	35	68593	2105841	2107978	2150867	2153039	7483180	1950000	2200000	35	2990	2137	42889	spaced
SUPER_29	1444271	1524282	IR	321	.	1484048	0.321	0.902	43	131592	1444271	1444312	1524245	1524282	7483180	1400000	1650000	3	1404	37	79933	spaced
SUPER_29	4860489	5085114	IR	320	.	4972431	0.320	0.383	49	224581	4860489	4919999	5025604	5085149	7483180	4847852	5097852	0	2082	59510	105605	wide
SUPER_29	1143934	1192766	IR	320	.	1167949	0.320	0.390	44	48813	1143934	1163396	1173343	1192766	7483180	950000	1200000	0	3639	19423	9947	spaced
SUPER_29	176067	247077	IR	318	.	211127	0.318	0.923	29	70994	176067	176411	246733	247078	7483180	0	250000	0	3526	344	70322	spaced
SUPER_29	5113197	5117808	IR	316	.	5115273	0.316	0.000	36	83638	5113197	5113421	5117584	5130926	7483180	4947852	5197852	36	2793	224	4163	spaced
SUPER_29	3030176	3193333	IR	315	.	3112091	0.315	0.929	78	163127	3030176	3030937	3192591	3193333	7483180	2950000	3200000	0	2695	742	161654	wide
SUPER_29	4600087	4697146	IR	314	.	4648722	0.314	0.912	56	140046	4600087	4600593	4696640	4697172	7483180	4497852	4747852	56	2512	506	96047	spaced
SUPER_29	7283378	7370769	IR	314	.	7326715	0.314	0.385	39	85279	7283378	7315334	7338884	7370769	7483180	7247852	7483180	0	1320	31885	23550	spaced
SUPER_29	6673293	6722773	IR	313	.	6698470	0.313	0.396	65	49524	6673293	6695837	6700229	6722834	7483180	6497852	6747852	0	3336	22544	4392	spaced
SUPER_29	4248523	4450579	IR	313	.	4349063	0.313	0.375	37	202049	4248523	4333547	4365555	4450595	7483180	4247852	4497852	0	1694	85024	32008	spaced
SUPER_29	1950551	2025816	IR	312	.	1987960	0.312	0.394	35	91001	1950551	1968575	2007792	2025850	7483180	1900000	2150000	35	1469	18024	39217	spaced
SUPER_29	3917248	3992316	IR	310	.	3954953	0.310	0.970	29	148012	3917248	3917446	3992122	3992316	7483180	3850000	4100000	29	1746	194	74676	spaced
SUPER_29	269505	281718	IR	305	.	275666	0.305	0.994	35	157386	269505	269678	281545	281718	7483180	150000	400000	35	2093	173	11867	spaced
SUPER_29	2729271	2915278	IR	305	.	2822529	0.305	0.430	31	186004	2729271	2732458	2912091	2915296	7483180	2700000	2950000	0	2037	3187	179633	wide
SUPER_29	992926	995633	IR	303	.	994402	0.303	1.000	154	2825	992926	993560	994999	995633	7483180	750000	1000000	154	4071	634	1439	immediate
SUPER_30	554738	661102	IR	613	.	607582	0.613	0.387	73	106342	554738	607577	608263	661152	6500676	550000	800000	0	965	52839	686	immediate
SUPER_30	4382170	4382878	IR	503	.	4382524	0.503	1.000	63	6196	4382170	4382451	4382597	4382878	6500676	4150000	4400000	63	3875	281	146	immediate
SUPER_30	393821	409165	IR	439	.	401088	0.439	0.609	110	15295	393821	401354	401632	409266	6500676	200000	450000	0	3358	7533	278	immediate
SUPER_30	3555634	3606230	IR	433	.	3580932	0.433	0.385	29	50721	3555634	3580669	3581195	3606258	6500676	3400000	3650000	29	3015	25035	526	immediate
SUPER_30	3345493	3347572	IR	413	.	3346173	0.413	0.974	34	2058	3345493	3345796	3347273	3347572	6500676	3150000	3400000	0	3275	299	1477	immediate
SUPER_30	755753	942389	IR	399	.	848592	0.399	0.385	49	186640	755753	801790	896352	942438	6500676	750000	1000000	0	1651	46037	94562	spaced
SUPER_30	6216525	6412011	IR	398	.	6314387	0.398	0.380	53	195678	6216525	6308331	6320205	6412058	6500676	6200000	6450000	53	1904	91806	11874	spaced
SUPER_30	5408910	5630048	IR	385	.	5519694	0.385	0.383	52	221306	5408910	5497244	5541773	5630048	6500676	5400000	5650000	52	1991	88275	44529	spaced
SUPER_30	2096794	2185627	IR	383	.	2141516	0.383	0.384	44	88814	2096794	2137108	2145313	2185628	6500676	1950000	2200000	0	3186	40314	8205	spaced
SUPER_30	3776952	3881007	IR	371	.	3829404	0.371	0.389	51	104058	3776952	3826586	3831373	3881076	6500676	3750000	4000000	0	1316	49634	4787	spaced
SUPER_30	4712952	4940733	IR	370	.	4827061	0.370	0.409	78	227931	4712952	4727253	4926432	4940739	6500676	4700000	4950000	71	2113	14301	199179	wide
SUPER_30	5949671	6137414	IR	364	.	6043968	0.364	0.380	20	184279	5949671	5953123	6134019	6137414	6500676	5900000	6150000	0	2392	3395	180896	wide
SUPER_30	1756469	1888651	IR	350	.	1822534	0.350	0.378	48	132306	1756469	1814208	1830912	1888742	6500676	1750000	2000000	48	1209	57739	16704	spaced
SUPER_30	2324229	2409352	IR	349	.	2366340	0.349	0.395	37	85189	2324229	2340689	2392892	2409436	6500676	2300000	2550000	0	1113	16460	52203	spaced
SUPER_30	1164359	1299766	IR	345	.	1232285	0.345	0.974	75	135419	1164359	1164593	1299533	1299766	6500676	1100000	1350000	31	2200	233	134940	wide
SUPER_30	1561143	1694713	IR	345	.	1627696	0.345	0.979	44	133630	1561143	1561472	1694384	1694713	6500676	1450000	1700000	44	2965	329	132912	wide
SUPER_30	2780788	2954569	IR	343	.	2868108	0.343	0.382	39	173761	2780788	2861736	2873635	2954569	6500676	2750000	3000000	0	1961	80934	11899	spaced
SUPER_30	5018232	5024073	IR	342	.	5021609	0.342	0.908	141	5788	5018232	5019230	5023116	5024073	6500676	4850000	5100000	0	2852	957	3886	spaced
SUPER_30	5905129	5912256	IR	341	.	5908449	0.341	0.927	46	51444	5905129	5905291	5912094	5912258	6500676	5850000	6100000	10	978	162	6803	spaced
SUPER_30	4030443	4191218	IR	336	.	4110977	0.336	0.403	42	160777	4030443	4040843	4180870	4191218	6500676	3950000	4200000	42	2680	10348	140027	wide
SUPER_30	5050309	5109516	IR	335	.	5080366	0.335	0.974	45	59191	5050309	5050653	5109172	5109518	6500676	5050000	5300000	0	498	344	58519	spaced
SUPER_30	5184750	5382669	IR	331	.	5283416	0.331	0.378	40	153119	5184750	5262667	5304752	5382717	6500676	5150000	5400000	0	2228	77917	42085	spaced
SUPER_30	4441528	4623474	IR	329	.	4532145	0.329	0.384	39	181853	4441528	4476974	4588048	4623474	6500676	4400000	4650000	0	2208	35426	111074	wide
SUPER_30	2510418	2572537	IR	329	.	2541905	0.329	0.984	35	62093	2510418	2510673	2572285	2572537	6500676	2500000	2750000	0	691	252	61612	spaced
SUPER_30	2959180	3090461	IR	328	.	3024980	0.328	0.382	80	131329	2959180	3005762	3043880	3090461	6500676	2850000	3100000	80	2913	46581	38118	spaced
SUPER_30	5847773	5883182	IR	326	.	5865673	0.326	0.398	48	96736	5847773	5859853	5871102	5883206	6500676	5800000	6050000	48	1091	12080	11249	spaced
SUPER_30	1451566	1488507	IR	325	.	1470162	0.325	0.581	53	41499	1451566	1452686	1487387	1488563	6500676	1250000	1500000	53	3667	1120	34701	spaced
SUPER_30	2704644	2765354	IR	325	.	2735483	0.325	0.946	34	60688	2704644	2704845	2765160	2765354	6500676	2550000	2800000	0	3083	194	60315	spaced
SUPER_30	3122035	3241443	IR	324	.	3181944	0.324	0.877	91	119714	3122035	3122708	3240770	3241511	6500676	3100000	3350000	97	1362	673	118062	wide
SUPER_30	3661361	3719465	IR	323	.	3690713	0.323	0.422	42	58086	3661361	3667194	3713690	3719465	6500676	3500000	3750000	0	3173	5775	46496	spaced
SUPER_30	3517464	3546552	IR	323	.	3531698	0.323	0.934	32	28987	3517464	3517784	3546232	3546565	6500676	3300000	3550000	0	3866	320	28448	spaced
SUPER_30	5640986	5808860	IR	320	.	5724736	0.320	0.386	67	242120	5640986	5666339	5783513	5808860	6500676	5600000	5850000	67	2081	25347	117174	wide
SUPER_30	131363	297576	IR	318	.	214135	0.318	0.373	33	162332	131363	175167	253835	297576	6500676	50000	300000	0	2741	43741	78668	spaced
SUPER_30	958459	1161382	IR	317	.	1059468	0.317	0.475	57	202914	958459	962181	1157660	1161391	6500676	950000	1200000	0	1831	3722	195479	wide
SUPER_30	2492468	2501614	IR	316	.	2496858	0.316	0.999	764	150984	2492468	2495928	2498155	2501614	6500676	2350000	2600000	764	2450	3459	2227	spaced
SUPER_30	3356559	3428912	IR	316	.	3393138	0.316	0.389	27	72320	3356559	3376099	3409419	3428912	6500676	3200000	3450000	0	3212	19493	33320	spaced
SUPER_30	1972866	2027794	IR	315	.	2000354	0.315	0.383	47	113888	1972866	1998791	2001934	2027794	6500676	1900000	2150000	47	1672	25860	3143	spaced
SUPER_30	2612112	2643675	IR	314	.	2627562	0.314	0.988	36	31544	2612112	2612360	2643427	2643675	6500676	2500000	2750000	0	2131	248	31067	spaced
SUPER_30	3928650	4018055	IR	311	.	3973032	0.311	0.384	37	89375	3928650	3962144	3984581	4018055	6500676	3900000	4150000	0	1222	33474	22437	spaced
SUPER_30	1343918	1392473	IR	310	.	1368690	0.310	0.904	104	48589	1343918	1345241	1391150	1392529	6500676	1150000	1400000	0	3636	1323	45909	spaced
SUPER_30	3478257	3507539	IR	308	.	3492657	0.308	1.000	29	128331	3478257	3478300	3507496	3507539	6500676	3400000	3650000	10	1548	43	29196	spaced
SUPER_30	4210119	4317360	IR	293	.	4263357	0.293	0.393	50	107209	4210119	4228833	4298709	4317360	6500676	4200000	4450000	0	1062	18651	69876	spaced
