#contig	start	end	name	score	strand	break_pos	identity_est	tir_ident	matches	span	la0	la1	ra0	ra1	contig_len	win_start	win_end	kept_pts	bin	arm_len	spacer	ir_class
SUPER_1	64441837	64443641	IR	883	.	64442739	0.883	0.989	138	2065	64441837	64442592	64442886	64443641	67739646	64200000	64450000	138	4045	755	294	immediate
SUPER_1	10943196	10945002	IR	810	.	10944099	0.810	0.934	93	2121	10943196	10943829	10944369	10945032	67739646	10700000	10950000	95	4068	633	540	immediate
SUPER_1	64663442	64665376	IR	664	.	64664420	0.664	0.898	73	2054	64663442	64664084	64664734	64665398	67739646	64450000	64700000	73	3573	642	650	immediate
SUPER_1	2173013	2182089	IR	662	.	2177397	0.662	0.878	85	9257	2173013	2175365	2179737	2182116	67739646	1950000	2200000	85	3792	2352	4372	spaced
SUPER_1	56436828	56439215	IR	646	.	56438021	0.646	0.967	112	2710	56436828	56437789	56438254	56439216	67739646	56200000	56450000	112	3966	961	465	immediate
SUPER_1	9182971	9184942	IR	635	.	9183956	0.635	0.979	128	93083	9182971	9183750	9184163	9184942	67739646	9100000	9350000	128	1399	779	413	immediate
SUPER_1	33468147	33571858	IR	618	.	33520308	0.618	0.396	50	53155	33468147	33520041	33520044	33571858	67739646	33350000	33600000	0	2833	51814	3	immediate
SUPER_1	614708	616131	IR	602	.	615424	0.602	0.971	75	70474	614708	615176	615663	616140	67739646	450000	700000	75	2756	468	487	immediate
SUPER_1	46653047	46655032	IR	583	.	46654039	0.583	0.976	110	2397	46653047	46653762	46654317	46655032	67739646	46450000	46700000	110	3400	715	555	immediate
SUPER_1	3758052	3762430	IR	574	.	3760241	0.574	0.943	180	4776	3758052	3759937	3760545	3762437	67739646	3650000	3900000	185	1837	1885	608	immediate
SUPER_1	56180325	56182414	IR	567	.	56181503	0.567	0.699	27	2121	56180325	56181356	56181383	56182419	67739646	56150000	56400000	27	522	1031	27	immediate
SUPER_1	37524815	37541113	IR	564	.	37532888	0.564	0.853	250	17481	37524815	37530676	37535282	37541113	67739646	37300000	37550000	251	3882	5831	4606	spaced
SUPER_1	32048005	32054523	IR	542	.	32051017	0.542	0.755	103	9069	32048005	32048339	32054189	32054523	67739646	32000000	32250000	12	854	334	5850	spaced
SUPER_1	66472210	66475407	IR	527	.	66473429	0.527	0.629	22	3162	66472210	66473807	66473842	66475407	67739646	66450000	66700000	0	396	1565	35	immediate
SUPER_1	45488279	45490418	IR	524	.	45489503	0.524	0.875	37	2230	45488279	45489020	45489677	45490443	67739646	45300000	45550000	37	3155	741	657	immediate
SUPER_1	20870682	20872078	IR	522	.	20871512	0.522	0.963	31	2657	20870682	20870983	20871778	20872078	67739646	20650000	20900000	31	3689	300	795	immediate
SUPER_1	29094863	29097078	IR	519	.	29095971	0.519	0.993	144	2353	29094863	29095614	29096327	29097079	67739646	28850000	29100000	144	4099	751	713	immediate
SUPER_1	29922196	30095201	IR	516	.	30008587	0.516	0.741	22	172963	29922196	29922236	30095161	30095215	67739646	29900000	30150000	109	1811	40	172925	wide
SUPER_1	41773367	41828468	IR	515	.	41800960	0.515	0.426	154	55855	41773367	41800686	41801202	41828468	67739646	41650000	41900000	179	2515	27266	516	immediate
SUPER_1	53332475	53334843	IR	515	.	53334055	0.515	0.645	20	2399	53332475	53333421	53333897	53334894	67739646	53250000	53500000	0	1394	946	476	immediate
SUPER_1	50824571	50826843	IR	510	.	50825712	0.510	0.686	22	2414	50824571	50825230	50826194	50826843	67739646	50750000	51000000	22	1261	649	964	immediate
SUPER_1	9310747	9397887	IR	509	.	9354510	0.509	0.958	24	147596	9310747	9310795	9397841	9397887	67739646	9200000	9450000	211	2571	46	87046	spaced
SUPER_1	8832305	8834442	IR	498	.	8832979	0.498	0.985	42	2120	8832305	8832630	8834117	8834444	67739646	8600000	8850000	0	3889	325	1487	immediate
SUPER_1	51885476	51890189	IR	485	.	51887918	0.485	0.924	59	5126	51885476	51886286	51889380	51890189	67739646	51700000	51950000	59	3130	809	3094	spaced
SUPER_1	25301967	25371068	IR	484	.	25336879	0.484	0.881	76	69080	25301967	25303031	25370039	25371068	67739646	25150000	25400000	0	3108	1029	67008	spaced
SUPER_1	5414451	5417248	IR	482	.	5415383	0.482	0.933	142	2837	5414451	5415345	5416354	5417308	67739646	5200000	5450000	0	3597	894	1009	immediate
SUPER_1	8510108	8512260	IR	474	.	8511552	0.474	0.943	92	2091	8510108	8511181	8511197	8512260	67739646	8350000	8600000	0	2686	1063	16	immediate
SUPER_1	12853324	12857272	IR	471	.	12855310	0.471	0.980	251	4433	12853324	12854651	12855956	12857272	67739646	12700000	12950000	255	2588	1316	1305	immediate
SUPER_1	25843583	25924493	IR	466	.	25883588	0.466	0.429	91	80885	25843583	25884069	25884065	25924493	67739646	25800000	26050000	0	1400	40428	-4	overlap
SUPER_1	25820826	25824391	IR	461	.	25822606	0.461	0.898	103	3920	25820826	25821925	25823292	25824443	67739646	25700000	25950000	103	2043	1099	1367	immediate
SUPER_1	36110860	36289570	IR	461	.	36199751	0.461	0.832	90	178691	36110860	36113434	36287027	36289570	67739646	36050000	36300000	0	2503	2543	173593	wide
SUPER_1	33958698	34164037	IR	458	.	34061597	0.458	1.000	150	209241	33958698	33958730	34164005	34164037	67739646	33950000	34200000	3	1855	32	205275	wide
SUPER_1	20198622	20200813	IR	457	.	20199724	0.457	0.901	88	2280	20198622	20199368	20200067	20200827	67739646	20050000	20300000	88	2495	746	699	immediate
SUPER_1	38866688	38867731	IR	455	.	38867210	0.455	0.901	21	144822	38866688	38867138	38867283	38867731	67739646	38700000	38950000	21	2786	448	145	immediate
SUPER_1	51923875	51926090	IR	449	.	51925026	0.449	0.965	110	2321	51923875	51924451	51925530	51926090	67739646	51700000	51950000	113	3749	560	1079	immediate
SUPER_1	58580307	58582655	IR	444	.	58581481	0.444	1.000	90	3573	58580307	58580667	58582295	58582655	67739646	58450000	58700000	97	2191	360	1628	immediate
SUPER_1	43595591	43703214	IR	439	.	43649446	0.439	0.741	23	107581	43595591	43595631	43703174	43703228	67739646	43550000	43800000	201	1656	40	107543	wide
SUPER_1	6434495	6567259	IR	438	.	6500677	0.438	0.741	20	132718	6434495	6434535	6567219	6567273	67739646	6350000	6600000	102	2514	40	132684	wide
SUPER_1	20966938	21021240	IR	436	.	20993965	0.436	0.946	199	54624	20966938	20968141	21020089	21021240	67739646	20850000	21100000	214	2401	1151	51948	spaced
SUPER_1	29136255	29314177	IR	436	.	29225106	0.436	0.714	20	177876	29136255	29136295	29314137	29314193	67739646	29100000	29350000	198	2086	40	177842	wide
SUPER_1	16919311	16968738	IR	434	.	16944340	0.434	0.764	34	49470	16919311	16920283	16967766	16968802	67739646	16800000	17050000	0	2400	972	47483	spaced
SUPER_1	16773039	16843436	IR	424	.	16808406	0.424	0.844	33	71202	16773039	16774734	16841741	16843441	67739646	16600000	16850000	33	3470	1695	67007	spaced
SUPER_1	28860433	28917497	IR	423	.	28888989	0.423	0.402	29	57266	28860433	28888886	28889087	28917497	67739646	28850000	29100000	29	649	28410	201	immediate
SUPER_1	47227762	47427615	IR	423	.	47327336	0.423	0.900	25	199821	47227762	47227816	47427561	47427621	67739646	47200000	47450000	0	2128	54	199745	wide
SUPER_1	54174314	54184637	IR	422	.	54179843	0.422	0.753	258	10303	54174314	54179379	54179659	54184637	67739646	54000000	54250000	0	2991	4978	280	immediate
SUPER_1	27557196	27687786	IR	421	.	27622976	0.421	0.520	33	112645	27557196	27576815	27668167	27687876	67739646	27550000	27800000	0	1208	19619	91352	spaced
SUPER_1	45174351	45373073	IR	418	.	45273228	0.418	0.871	29	198668	45174351	45174405	45373019	45373081	67739646	45150000	45400000	0	2061	54	198614	wide
SUPER_1	21752038	21761176	IR	417	.	21756620	0.417	0.698	190	9416	21752038	21755868	21757372	21761176	67739646	21650000	21900000	203	1776	3804	1504	immediate
SUPER_1	48914125	49022751	IR	416	.	48968473	0.416	0.981	661	110396	48914125	48918473	49018406	49022751	67739646	48800000	49050000	662	2807	4345	99933	spaced
SUPER_1	37604865	37748041	IR	416	.	37676550	0.416	0.749	593	193452	37604865	37654318	37698609	37748041	67739646	37550000	37800000	594	2107	49432	44291	spaced
SUPER_1	25404419	25565862	IR	416	.	25485339	0.416	0.679	68	163622	25404419	25404823	25565573	25565862	67739646	25400000	25650000	26	1418	289	160750	wide
SUPER_1	14666165	14670223	IR	415	.	14667940	0.415	0.986	113	4037	14666165	14667024	14669364	14670223	67739646	14450000	14700000	0	3636	859	2340	spaced
SUPER_1	36014425	36016871	IR	413	.	36015648	0.413	0.913	38	2653	36014425	36014799	36016497	36016889	67739646	35850000	36100000	38	2760	374	1698	immediate
SUPER_1	57881041	57883346	IR	413	.	57882165	0.413	0.907	35	2318	57881041	57881403	57882995	57883346	67739646	57700000	57950000	42	3036	351	1592	immediate
SUPER_1	59230778	59335012	IR	412	.	59282922	0.412	0.394	27	104304	59230778	59282602	59283242	59335012	67739646	59200000	59450000	27	1381	51770	640	immediate
SUPER_1	61812675	61814893	IR	411	.	61813784	0.411	0.784	29	2434	61812675	61813363	61814205	61814979	67739646	61700000	61950000	30	1896	688	842	immediate
SUPER_1	65563982	65565874	IR	408	.	65564928	0.408	0.960	35	105877	65563982	65564329	65565528	65565874	67739646	65450000	65700000	35	1915	346	1199	immediate
SUPER_1	48610108	48664578	IR	408	.	48637810	0.408	0.829	21	54440	48610108	48612353	48662348	48664578	67739646	48450000	48700000	0	3122	2230	49995	spaced
SUPER_1	4609357	4657455	IR	407	.	4633616	0.407	0.966	140	49305	4609357	4610386	4656429	4657455	67739646	4500000	4750000	152	2223	1026	46043	spaced
SUPER_1	50951990	51125312	IR	407	.	51039077	0.407	0.784	21	173338	50951990	50956627	51120675	51125346	67739646	50900000	51150000	0	2310	4637	164048	wide
SUPER_1	33615312	33675225	IR	406	.	33645353	0.406	0.847	25	60725	33615312	33615906	33674661	33675225	67739646	33600000	33850000	28	754	564	58755	spaced
SUPER_1	30188623	30282641	IR	402	.	30235337	0.402	0.897	24	94000	30188623	30189477	30281787	30282641	67739646	30050000	30300000	0	3093	854	92310	spaced
SUPER_1	48069545	48208100	IR	402	.	48138429	0.402	0.795	20	138538	48069545	48070317	48207328	48208113	67739646	48000000	48250000	0	2313	772	137011	wide
SUPER_1	66331091	66333158	IR	401	.	66332137	0.401	0.892	59	2321	66331091	66331929	66332345	66333158	67739646	66100000	66350000	59	3868	813	416	immediate
SUPER_1	8056110	8058001	IR	397	.	8057054	0.397	0.921	69	2055	8056110	8056668	8057444	8058001	67739646	7950000	8200000	71	1784	557	776	immediate
SUPER_1	49459332	49540750	IR	396	.	49499659	0.396	0.758	28	81368	49459332	49459398	49540700	49540750	67739646	49350000	49600000	0	2500	50	81302	spaced
SUPER_1	37839466	37927868	IR	395	.	37883207	0.395	0.871	34	88149	37839466	37841676	37925658	37927881	67739646	37800000	38050000	0	1394	2210	83982	spaced
SUPER_1	26157606	26220296	IR	394	.	26189285	0.394	0.527	58	62659	26157606	26168593	26209374	26220296	67739646	26150000	26400000	0	649	10922	40781	spaced
SUPER_1	67072140	67074155	IR	394	.	67073136	0.394	0.710	36	2180	67072140	67072356	67073939	67074177	67739646	66950000	67200000	45	2052	216	1583	immediate
SUPER_1	29860106	29870019	IR	393	.	29865263	0.393	0.944	184	10584	29860106	29862354	29867773	29870019	67739646	29650000	29900000	184	3584	2246	5419	spaced
SUPER_1	50162059	50164437	IR	393	.	50163248	0.393	0.887	38	2508	50162059	50162730	50163773	50164437	67739646	50000000	50250000	39	2720	664	1043	immediate
SUPER_1	34281651	34283584	IR	393	.	34282618	0.393	0.876	21	2066	34281651	34282476	34282759	34283606	67739646	34150000	34400000	21	2210	825	283	immediate
SUPER_1	12256398	12372004	IR	391	.	12314252	0.391	0.677	30	115556	12256398	12256440	12371962	12372024	67739646	12200000	12450000	219	1903	42	115522	wide
SUPER_1	15219577	15305587	IR	390	.	15262928	0.390	0.550	23	85970	15219577	15219617	15305547	15305619	67739646	15100000	15350000	0	2709	40	85930	spaced
SUPER_1	13402684	13408563	IR	389	.	13405565	0.389	0.909	117	6337	13402684	13403953	13407309	13408563	67739646	13250000	13500000	117	2593	1254	3356	spaced
SUPER_1	4975717	5179869	IR	388	.	5077294	0.388	0.950	146	204159	4975717	4977323	5178263	5179897	67739646	4950000	5200000	0	2129	1606	200940	wide
SUPER_1	4354689	4447981	IR	387	.	4401817	0.387	0.873	26	93240	4354689	4354744	4447926	4447989	67739646	4200000	4450000	0	3355	55	93182	spaced
SUPER_1	39789150	39999871	IR	386	.	39894283	0.386	0.977	69	210925	39789150	39789674	39999347	39999871	67739646	39750000	40000000	69	2408	524	209673	wide
SUPER_1	55252432	55395555	IR	386	.	55324491	0.386	0.731	27	143212	55252432	55252808	55395179	55395663	67739646	55250000	55500000	0	1233	376	142371	wide
SUPER_1	4455586	4526751	IR	385	.	4491423	0.385	0.921	39	71129	4455586	4455656	4526681	4526757	67739646	4450000	4700000	0	686	70	71025	spaced
SUPER_1	56755872	56758683	IR	385	.	56756863	0.385	0.810	33	2783	56755872	56756471	56758175	56758683	67739646	56750000	57000000	0	121	508	1704	immediate
SUPER_1	23376481	23524353	IR	384	.	23450788	0.384	0.915	113	147851	23376481	23378560	23522274	23524360	67739646	23350000	23600000	0	1673	2079	143714	wide
SUPER_1	44181215	44381095	IR	381	.	44280917	0.381	0.893	39	199828	44181215	44181265	44381045	44381101	67739646	44150000	44400000	490	2185	50	199780	wide
SUPER_1	5829449	5917492	IR	380	.	5872969	0.380	0.659	45	87985	5829449	5829537	5917434	5917492	67739646	5800000	6050000	0	1224	58	87897	spaced
SUPER_1	30121686	30142336	IR	380	.	30132468	0.380	0.833	25	20563	30121686	30123001	30141085	30142336	67739646	29950000	30200000	0	3033	1251	18084	spaced
SUPER_1	65715493	65751718	IR	379	.	65733568	0.379	0.929	78	37179	65715493	65716509	65750719	65751718	67739646	65600000	65850000	78	2226	999	34210	spaced
SUPER_1	54676080	54680261	IR	379	.	54678239	0.379	0.840	20	4143	54676080	54676130	54680219	54680261	67739646	54450000	54700000	182	3802	42	4089	spaced
SUPER_1	61302179	61337574	IR	378	.	61320242	0.378	0.887	77	35253	61302179	61303740	61336031	61337574	67739646	61150000	61400000	0	2831	1543	32291	spaced
SUPER_1	6329824	6434535	IR	378	.	6381735	0.378	0.625	21	104671	6329824	6329888	6434495	6434535	67739646	6300000	6550000	0	1369	40	104607	wide
SUPER_1	54403908	54437673	IR	376	.	54421107	0.376	0.848	49	33743	54403908	54405499	54436158	54437673	67739646	54300000	54550000	0	2013	1515	30659	spaced
SUPER_1	60519905	60552445	IR	376	.	60536244	0.376	0.765	36	32888	60519905	60520418	60551932	60552544	67739646	60450000	60700000	36	1436	513	31514	spaced
SUPER_1	58483897	58539310	IR	375	.	58512008	0.375	0.854	49	55332	58483897	58485504	58537768	58539310	67739646	58350000	58600000	0	2693	1542	52264	spaced
SUPER_1	48801067	48803283	IR	375	.	48802175	0.375	0.985	29	2235	48801067	48801270	48803080	48803283	67739646	48600000	48850000	29	3369	203	1810	immediate
SUPER_1	9428085	9432007	IR	375	.	9429703	0.375	0.439	23	3932	9428085	9430066	9430026	9432034	67739646	9300000	9550000	0	2167	1981	-40	overlap
SUPER_1	14693106	14893984	IR	374	.	14793992	0.374	0.931	42	200853	14693106	14693611	14893479	14894004	67739646	14650000	14900000	0	2392	505	199868	wide
SUPER_1	40332813	40445693	IR	373	.	40388806	0.373	0.826	70	112646	40332813	40335287	40443219	40445726	67739646	40300000	40550000	0	1487	2474	107932	wide
SUPER_1	41422428	41444607	IR	373	.	41433844	0.373	0.884	32	21826	41422428	41423684	41443351	41444623	67739646	41200000	41450000	0	3891	1256	19667	spaced
SUPER_1	24742522	24812020	IR	373	.	24777364	0.373	0.793	30	69454	24742522	24742580	24811974	24812020	67739646	24600000	24850000	396	2954	46	69394	spaced
SUPER_1	1922767	1926973	IR	372	.	1924426	0.372	0.963	24	4154	1922767	1922819	1926921	1926975	67739646	1700000	1950000	0	3747	52	4102	spaced
SUPER_1	64444731	64557503	IR	371	.	64500750	0.371	0.413	117	112742	64444731	64477356	64524878	64557553	67739646	64350000	64600000	0	2518	32625	47522	spaced
SUPER_1	18721446	18794781	IR	371	.	18758546	0.371	0.406	30	39753	18721446	18756110	18760117	18794825	67739646	18600000	18850000	0	2635	34664	4007	spaced
SUPER_1	52404491	52428768	IR	371	.	52416299	0.371	0.600	23	24237	52404491	52404531	52428728	52428796	67739646	52200000	52450000	0	3610	40	24197	spaced
SUPER_1	3944767	3954625	IR	370	.	3949895	0.370	0.954	53	10045	3944767	3945401	3953991	3954625	67739646	3750000	4000000	53	3328	634	8590	spaced
SUPER_1	36470091	36509919	IR	370	.	36490029	0.370	0.450	43	39798	36470091	36470171	36509879	36509919	67739646	36350000	36600000	453	2333	40	39708	spaced
SUPER_1	64187959	64280780	IR	369	.	64233892	0.369	0.844	37	92803	64187959	64189257	64279531	64280780	67739646	64150000	64400000	0	1406	1249	90274	spaced
SUPER_1	6847178	6917106	IR	368	.	6882631	0.368	0.791	55	69864	6847178	6848510	6915861	6917106	67739646	6750000	7000000	0	2202	1245	67351	spaced
SUPER_1	15379339	15519935	IR	368	.	15449101	0.368	0.394	22	140583	15379339	15449630	15449644	15519942	67739646	15300000	15550000	0	2493	70291	14	immediate
SUPER_1	18246104	18305475	IR	367	.	18275591	0.367	0.889	27	59321	18246104	18246152	18305427	18305481	67739646	18100000	18350000	400	2929	48	59275	spaced
SUPER_1	3379192	3520098	IR	366	.	3449405	0.366	0.972	467	142268	3379192	3382396	3516895	3520098	67739646	3350000	3600000	407	1660	3203	134499	wide
SUPER_1	57968068	57998096	IR	366	.	57983492	0.366	0.958	205	30001	57968068	57970622	57995542	57998100	67739646	57750000	58000000	0	3884	2554	24920	spaced
SUPER_1	40524531	40694933	IR	366	.	40609236	0.366	0.875	43	170380	40524531	40525784	40693683	40694933	67739646	40500000	40750000	0	1828	1250	167899	wide
SUPER_1	6263216	6329878	IR	366	.	6296248	0.366	0.844	29	66608	6263216	6263270	6329824	6329888	67739646	6150000	6400000	0	2442	54	66554	spaced
SUPER_1	11192401	11225506	IR	366	.	11208696	0.366	0.848	29	33063	11192401	11192457	11225450	11225516	67739646	11050000	11300000	0	2649	56	32993	spaced
SUPER_1	7436375	7495192	IR	365	.	7465968	0.365	0.954	212	59275	7436375	7438355	7493212	7495203	67739646	7250000	7500000	212	3596	1980	54857	spaced
SUPER_1	19594613	19650014	IR	364	.	19622161	0.364	0.475	42	55375	19594613	19594691	19649974	19650014	67739646	19500000	19750000	300	2038	40	55283	spaced
SUPER_1	9833506	9925131	IR	363	.	9879609	0.363	0.632	30	91577	9833506	9833582	9925083	9925131	67739646	9700000	9950000	0	2988	48	91501	spaced
SUPER_1	42124754	42279754	IR	363	.	42202124	0.363	0.382	24	155007	42124754	42202252	42202256	42279805	67739646	42100000	42350000	141	1704	77498	4	immediate
SUPER_1	32510089	32547420	IR	362	.	32528781	0.362	0.917	332	40146	32510089	32515229	32542280	32547443	67739646	32300000	32550000	332	3812	5140	27051	spaced
SUPER_1	108968	325738	IR	362	.	217440	0.362	0.906	48	216714	108968	109032	325680	325738	67739646	100000	350000	881	1955	58	216648	wide
SUPER_1	31274260	31381586	IR	362	.	31328047	0.362	0.917	20	107280	31274260	31274304	31381542	31381590	67739646	31250000	31500000	168	1298	44	107238	wide
SUPER_1	32058241	32283530	IR	361	.	32171112	0.361	0.793	74	225663	32058241	32058589	32283208	32283530	67739646	32050000	32300000	2	2014	322	224619	wide
SUPER_1	19441568	19594653	IR	361	.	19518452	0.361	0.481	48	153031	19441568	19441622	19594599	19594705	67739646	19400000	19650000	0	1968	54	152977	wide
SUPER_1	8200980	8238450	IR	360	.	8219965	0.360	0.676	24	37426	8200980	8201048	8238404	8238450	67739646	8000000	8250000	0	3661	46	37356	spaced
SUPER_1	61582579	61675578	IR	360	.	61629055	0.360	0.926	22	93037	61582579	61582970	61675190	61675578	67739646	61500000	61750000	22	2151	388	92220	spaced
SUPER_1	20898919	20929908	IR	359	.	20914264	0.359	0.915	356	33252	20898919	20904366	20924470	20929908	67739646	20800000	21050000	356	1906	5438	20104	spaced
SUPER_1	19034881	19182822	IR	359	.	19108905	0.359	0.893	244	148257	19034881	19038057	19179708	19182822	67739646	18950000	19200000	244	2647	3114	141651	wide
SUPER_1	13421522	13427572	IR	359	.	13424697	0.359	0.879	165	6661	13421522	13422975	13426119	13427622	67739646	13200000	13450000	165	3742	1453	3144	spaced
SUPER_1	12684340	12766574	IR	359	.	12725066	0.359	0.883	35	82232	12684340	12685408	12765506	12766590	67739646	12600000	12850000	0	2090	1068	80098	spaced
SUPER_1	14068392	14205634	IR	359	.	14136562	0.359	0.821	20	137196	14068392	14068448	14205588	14205634	67739646	14000000	14250000	0	2283	46	137140	wide
SUPER_1	3794869	3836670	IR	358	.	3815335	0.358	0.812	69	41769	3794869	3796879	3834761	3836670	67739646	3750000	4000000	0	1096	1909	37882	spaced
SUPER_1	29628417	29783356	IR	358	.	29706188	0.358	0.933	24	154920	29628417	29628477	29783300	29783356	67739646	29600000	29850000	0	1764	56	154823	wide
SUPER_1	51371169	51388922	IR	357	.	51380060	0.357	0.952	156	17906	51371169	51372531	51387568	51388922	67739646	51150000	51400000	156	3833	1354	15037	spaced
SUPER_1	57712375	57847970	IR	357	.	57779722	0.357	0.880	63	135574	57712375	57713956	57846445	57847970	67739646	57650000	57900000	0	2169	1525	132489	wide
SUPER_1	34739921	34853577	IR	357	.	34796521	0.357	0.928	53	113933	34739921	34740806	34852692	34853582	67739646	34700000	34950000	53	1612	885	111886	wide
SUPER_1	32039460	32045486	IR	357	.	32042002	0.357	0.762	40	6099	32039460	32039823	32045123	32045580	67739646	31800000	32050000	0	4041	363	5300	spaced
SUPER_1	3707039	3707110	IR	357	.	3707085	0.357	0.870	29	21751	3707039	3707086	3707063	3707117	67739646	3550000	3800000	554	2617	47	-23	overlap
SUPER_1	61468158	61493967	IR	357	.	61481450	0.357	0.833	22	25759	61468158	61468218	61493917	61493967	67739646	61250000	61500000	0	3850	50	25699	spaced
SUPER_1	49261398	49281430	IR	356	.	49271747	0.356	0.861	49	20019	49261398	49262065	49280763	49281498	67739646	49050000	49300000	0	3690	667	18698	spaced
SUPER_1	17133493	17143164	IR	356	.	17138143	0.356	0.611	27	9619	17133493	17133529	17143128	17143188	67739646	16950000	17200000	77	3138	36	9599	spaced
SUPER_1	3990778	4117216	IR	355	.	4053541	0.355	0.938	162	126421	3990778	3992420	4115596	4117216	67739646	3900000	4150000	0	2566	1620	123176	wide
SUPER_1	4713520	4896117	IR	355	.	4804487	0.355	0.878	65	182635	4713520	4714606	4895031	4896172	67739646	4650000	4900000	0	2580	1086	180425	wide
SUPER_1	5473579	5494965	IR	355	.	5484426	0.355	0.808	64	21659	5473579	5474635	5493909	5495003	67739646	5450000	5700000	80	571	1056	19274	spaced
SUPER_1	66545782	66742967	IR	355	.	66644433	0.355	0.910	32	197182	66545782	66546059	66742705	66742967	67739646	66500000	66750000	32	2406	262	196646	wide
SUPER_1	1926921	2133074	IR	355	.	2030269	0.355	0.721	24	206111	1926921	1927168	2132869	2133074	67739646	1900000	2150000	0	2166	205	205701	wide
SUPER_1	58928530	59127696	IR	355	.	59028270	0.355	0.720	20	199142	58928530	58928580	59127660	59127696	67739646	58900000	59150000	88	2135	36	199080	wide
SUPER_1	23061486	23152488	IR	354	.	23107398	0.354	0.952	134	90974	23061486	23063340	23150636	23152488	67739646	22950000	23200000	0	2616	1852	87296	spaced
SUPER_1	14556822	14601668	IR	354	.	14579154	0.354	0.880	106	45156	14556822	14557870	14600671	14601668	67739646	14400000	14650000	106	2987	997	42801	spaced
SUPER_1	45653729	45656131	IR	354	.	45654483	0.354	0.822	51	2330	45653729	45653803	45656057	45656147	67739646	45450000	45700000	0	3415	74	2254	spaced
SUPER_1	22689700	22869346	IR	354	.	22779061	0.354	0.743	30	179594	22689700	22689770	22869294	22869346	67739646	22650000	22900000	0	2158	52	179524	wide
SUPER_1	51548753	51738085	IR	354	.	51643107	0.354	0.747	22	189013	51548753	51550031	51736807	51738183	67739646	51500000	51750000	0	2390	1278	186776	wide
SUPER_1	37296810	37350810	IR	354	.	37323893	0.354	0.806	21	54418	37296810	37297303	37350317	37350886	67739646	37250000	37500000	21	1230	493	53014	spaced
SUPER_1	5624891	5744551	IR	353	.	5685172	0.353	0.762	52	119677	5624891	5626899	5742543	5744589	67739646	5550000	5800000	0	2245	2008	115644	wide
SUPER_1	11010380	11192451	IR	353	.	11101381	0.353	0.958	21	182023	11010380	11010426	11192405	11192453	67739646	10950000	11200000	213	2523	46	181979	wide
SUPER_1	10490912	10610039	IR	352	.	10550022	0.352	0.767	38	119122	10490912	10493096	10607855	10610059	67739646	10450000	10700000	0	1674	2184	114759	wide
SUPER_1	31026294	31211234	IR	352	.	31118726	0.352	0.889	31	184892	31026294	31026342	31211186	31211240	67739646	31000000	31250000	414	1979	48	184844	wide
SUPER_1	30643935	30730398	IR	352	.	30687017	0.352	0.756	28	87463	30643935	30644965	30729377	30730398	67739646	30600000	30850000	30	1452	1021	84412	spaced
SUPER_1	27976667	28095145	IR	352	.	28036339	0.352	0.934	27	118399	27976667	27976998	28094814	28095147	67739646	27850000	28100000	0	3098	331	117816	wide
SUPER_1	62961836	62965649	IR	352	.	62963302	0.352	0.629	25	3769	62961836	62961880	62965605	62965675	67739646	62750000	63000000	0	3562	44	3725	spaced
SUPER_1	1218128	1313351	IR	352	.	1265857	0.352	0.923	24	95175	1218128	1218176	1313303	1313355	67739646	1100000	1350000	299	2762	48	95127	spaced
SUPER_1	28582723	28583031	IR	352	.	28582880	0.352	0.259	22	23128	28582723	28582752	28583002	28583070	67739646	28450000	28700000	108	2214	29	250	immediate
SUPER_1	42739763	42790317	IR	352	.	42764614	0.352	0.625	20	50514	42739763	42739803	42790277	42790343	67739646	42600000	42850000	0	2750	40	50474	spaced
SUPER_1	9204013	9294801	IR	351	.	9249395	0.351	0.956	246	97001	9204013	9206371	9292444	9294801	67739646	9050000	9300000	246	3323	2357	86073	spaced
SUPER_1	30459708	30530717	IR	351	.	30495326	0.351	0.958	22	70961	30459708	30459754	30530671	30530719	67739646	30400000	30650000	214	1586	46	70917	spaced
SUPER_1	24233801	24270291	IR	350	.	24251798	0.350	0.966	284	39115	24233801	24235020	24269072	24270292	67739646	24050000	24300000	142	3367	1219	34052	spaced
SUPER_1	2522983	2620894	IR	350	.	2571935	0.350	0.828	49	99381	2522983	2524225	2619667	2620894	67739646	2500000	2750000	66	1198	1227	95442	spaced
SUPER_1	56804823	56836530	IR	350	.	56820460	0.350	0.487	37	31679	56804823	56804896	56836492	56836530	67739646	56650000	56900000	235	2844	38	31596	spaced
SUPER_1	3704273	3707079	IR	350	.	3706140	0.350	0.381	33	2764	3704273	3704315	3707037	3707127	67739646	3550000	3800000	0	2594	42	2722	spaced
SUPER_1	2226038	2278061	IR	350	.	2251589	0.350	0.774	24	51975	2226038	2226100	2278013	2278061	67739646	2050000	2300000	0	3367	48	51913	spaced
SUPER_1	43010108	43118329	IR	350	.	43064232	0.350	0.848	22	108265	43010108	43010962	43117475	43118332	67739646	42900000	43150000	22	2736	854	106513	wide
SUPER_1	43858996	43996589	IR	350	.	43927982	0.350	0.750	20	137569	43858996	43859044	43996553	43996589	67739646	43750000	44000000	144	2963	36	137509	wide
SUPER_1	4132645	4221903	IR	349	.	4176848	0.349	0.825	117	89306	4132645	4134605	4219943	4221978	67739646	4050000	4300000	0	2121	1960	85338	spaced
SUPER_1	52430745	52480164	IR	349	.	52455465	0.349	1.000	27	49387	52430745	52430793	52480116	52480164	67739646	52250000	52500000	250	3424	48	49323	spaced
SUPER_1	61395666	61408748	IR	348	.	61402412	0.348	0.632	203	13588	61395666	61400178	61404236	61408791	67739646	61300000	61550000	203	1703	4512	4058	spaced
SUPER_1	47016437	47017155	IR	348	.	47016793	0.348	0.929	39	37021	47016437	47016493	47017103	47017155	67739646	46950000	47200000	441	1113	52	610	immediate
SUPER_1	39518253	39636960	IR	348	.	39577185	0.348	0.398	30	118638	39518253	39577560	39577668	39636960	67739646	39500000	39750000	0	1293	59292	108	immediate
SUPER_1	62456846	62506323	IR	348	.	62481602	0.348	0.848	29	49474	62456846	62457349	62505820	62506337	67739646	62450000	62700000	32	526	503	48471	spaced
SUPER_1	33745967	33871527	IR	348	.	33808527	0.348	0.911	25	125678	33745967	33746606	33870889	33871527	67739646	33650000	33900000	25	2645	638	124283	wide
SUPER_1	3043608	3070614	IR	348	.	3057201	0.348	0.800	20	26962	3043608	3043648	3070574	3070624	67739646	2850000	3100000	192	3451	40	26926	spaced
SUPER_1	56489294	56510076	IR	347	.	56499201	0.347	0.978	356	20745	56489294	56491728	56507645	56510076	67739646	56300000	56550000	0	3327	2431	15917	spaced
SUPER_1	58311207	58350399	IR	347	.	58330842	0.347	0.933	88	39973	58311207	58312262	58349365	58350399	67739646	58250000	58500000	88	1346	1034	37103	spaced
SUPER_1	37996107	38061149	IR	347	.	38028808	0.347	0.917	74	65136	37996107	37997206	38060050	38061152	67739646	37950000	38200000	78	1310	1099	62844	spaced
SUPER_1	56804823	56804905	IR	347	.	56804861	0.347	0.850	34	31931	56804823	56804883	56804854	56804905	67739646	56600000	56850000	913	3414	51	-29	overlap
SUPER_1	7304339	7367195	IR	347	.	7335974	0.347	0.859	33	62960	7304339	7305171	7366396	7367195	67739646	7200000	7450000	36	2262	799	61225	spaced
SUPER_1	56804843	56804907	IR	347	.	56804861	0.347	0.830	27	31957	56804843	56804890	56804868	56804907	67739646	56650000	56900000	352	2581	39	-22	overlap
SUPER_1	55591085	55725588	IR	347	.	55658540	0.347	0.778	25	134455	55591085	55591127	55725546	55725600	67739646	55500000	55750000	146	2638	42	134419	wide
SUPER_1	16705017	16722172	IR	346	.	16713915	0.346	0.916	62	17133	16705017	16706700	16720523	16722172	67739646	16600000	16850000	0	1893	1649	13823	spaced
SUPER_1	53216970	53224379	IR	346	.	53220236	0.346	0.906	43	7399	53216970	53217993	53223356	53224391	67739646	53050000	53300000	0	2844	1023	5363	spaced
SUPER_1	60280060	60313015	IR	346	.	60296154	0.346	0.591	35	32941	60280060	60282065	60311010	60313028	67739646	60100000	60350000	0	3275	2005	28945	spaced
SUPER_1	50080689	50080743	IR	346	.	50080502	0.346	0.897	27	94569	50080689	50080728	50080708	50080743	67739646	50000000	50250000	174	1345	35	-20	overlap
SUPER_1	716743	723074	IR	345	.	720074	0.345	0.983	253	6674	716743	717953	721864	723089	67739646	500000	750000	253	3665	1210	3911	spaced
SUPER_1	35817047	35939572	IR	345	.	35878584	0.345	0.379	45	122476	35817047	35877890	35878729	35939599	67739646	35700000	35950000	0	2971	60843	839	immediate
SUPER_1	8755334	8777525	IR	345	.	8766302	0.345	0.880	36	22251	8755334	8756394	8776465	8777549	67739646	8600000	8850000	36	2773	1060	20071	spaced
SUPER_1	63690120	63701033	IR	345	.	63696032	0.345	0.897	25	10804	63690120	63690912	63700263	63701033	67739646	63500000	63750000	0	3259	770	9351	spaced
SUPER_1	21062906	21108611	IR	344	.	21085941	0.344	0.908	115	49657	21062906	21064212	21107328	21108611	67739646	21000000	21250000	116	1429	1283	43116	spaced
SUPER_1	6098570	6221783	IR	344	.	6160443	0.344	0.640	33	123163	6098570	6098652	6221733	6221783	67739646	6000000	6250000	0	2669	50	123081	wide
SUPER_1	8323119	8486482	IR	344	.	8404716	0.344	0.960	30	163313	8323119	8323167	8486434	8486484	67739646	8250000	8500000	318	2579	48	163267	wide
SUPER_1	27111256	27183814	IR	344	.	27147080	0.344	0.788	28	72550	27111256	27111949	27183121	27183829	67739646	27100000	27350000	0	792	693	71172	spaced
SUPER_1	35095555	35122557	IR	344	.	35109538	0.344	0.658	28	26954	35095555	35095631	35122507	35122557	67739646	34900000	35150000	0	3484	50	26876	spaced
SUPER_1	46216055	46305777	IR	344	.	46261146	0.344	1.000	28	89738	46216055	46216089	46305743	46305777	67739646	46100000	46350000	8	2681	34	89654	spaced
SUPER_1	23657352	23771436	IR	344	.	23713893	0.344	0.629	26	114040	23657352	23657422	23771392	23771436	67739646	23550000	23800000	0	2739	44	113970	wide
SUPER_1	15656674	15706151	IR	344	.	15681874	0.344	0.895	25	49473	15656674	15657073	15705752	15706181	67739646	15500000	15750000	0	3023	399	48679	spaced
SUPER_1	24839648	25029231	IR	344	.	24934615	0.344	0.840	24	189597	24839648	24842441	25026445	25029231	67739646	24800000	25050000	24	2240	2786	184004	wide
SUPER_1	42057408	42124792	IR	344	.	42090970	0.344	0.741	24	67348	42057408	42057462	42124752	42124792	67739646	41950000	42200000	156	2351	40	67290	spaced
SUPER_1	31510654	31593728	IR	344	.	31552069	0.344	0.808	20	83030	31510654	31510696	31593686	31593738	67739646	31350000	31600000	162	3369	42	82990	spaced
SUPER_1	63178127	63182699	IR	343	.	63180221	0.343	0.960	26	4522	63178127	63178177	63182651	63182699	67739646	63000000	63250000	286	3006	48	4474	spaced
SUPER_1	32636355	32792306	IR	343	.	32714125	0.343	0.677	25	155917	32636355	32636417	32792264	32792306	67739646	32550000	32800000	189	2738	42	155847	wide
SUPER_1	62035157	62126306	IR	342	.	62080849	0.342	0.884	54	99572	62035157	62036161	62125320	62126306	67739646	61950000	62200000	54	2178	986	89159	spaced
SUPER_1	30802903	30931804	IR	342	.	30867169	0.342	0.933	30	128908	30802903	30803338	30931369	30931804	67739646	30700000	30950000	30	2789	435	128031	wide
SUPER_1	43344372	43538265	IR	342	.	43440917	0.342	0.783	21	193930	43344372	43345505	43537132	43538329	67739646	43300000	43550000	0	2355	1133	191627	wide
SUPER_1	1367857	1541274	IR	342	.	1454112	0.342	0.962	20	173367	1367857	1367907	1541224	1541276	67739646	1350000	1600000	0	1742	50	173317	wide
SUPER_1	64894381	64966048	IR	342	.	64930640	0.342	0.710	20	71623	64894381	64894443	64966004	64966048	67739646	64800000	65050000	0	2170	44	71561	spaced
SUPER_1	53769270	53952717	IR	341	.	53861152	0.341	0.897	238	184138	53769270	53772737	53949262	53952717	67739646	53750000	54000000	246	1849	3455	176525	wide
SUPER_1	49581316	49631011	IR	341	.	49606159	0.341	0.904	100	49852	49581316	49582617	49629710	49631029	67739646	49500000	49750000	101	1769	1301	47093	spaced
SUPER_1	11729415	11811082	IR	341	.	11769939	0.341	0.825	53	81742	11729415	11730780	11809717	11811180	67739646	11650000	11900000	0	2004	1365	78937	spaced
SUPER_1	1751387	1793507	IR	341	.	1772641	0.341	0.845	39	42422	1751387	1752164	1792730	1793586	67739646	1550000	1800000	40	3707	777	40566	spaced
SUPER_1	49416540	49459386	IR	341	.	49437871	0.341	0.889	28	42794	49416540	49416588	49459338	49459392	67739646	49250000	49500000	315	3132	48	42750	spaced
SUPER_1	15961355	16113244	IR	341	.	16037426	0.341	0.923	27	151839	15961355	15961403	16113196	16113248	67739646	15900000	16150000	340	2288	48	151793	wide
SUPER_1	17162901	17176979	IR	340	.	17169898	0.340	0.935	78	14347	17162901	17163681	17176221	17176979	67739646	16950000	17200000	78	3665	758	12540	spaced
SUPER_1	65987118	66010897	IR	340	.	65998569	0.340	0.866	67	23755	65987118	65988340	66009712	66010897	67739646	65850000	66100000	0	2483	1185	21372	spaced
SUPER_1	40969475	41017475	IR	340	.	40993673	0.340	0.704	53	48283	40969475	40969983	41016967	41017582	67739646	40900000	41150000	56	1557	508	46984	spaced
SUPER_1	31915475	31946146	IR	340	.	31930646	0.340	0.860	39	31438	31915475	31916385	31945259	31946146	67739646	31700000	31950000	39	3846	887	28874	spaced
SUPER_1	56971015	57058944	IR	340	.	57015208	0.340	1.000	29	87907	56971015	56971055	57058904	57058944	67739646	56850000	57100000	56	2749	40	87849	spaced
SUPER_1	26964487	27028462	IR	340	.	26996466	0.340	0.891	26	63989	26964487	26964957	27027992	27028478	67739646	26900000	27150000	26	1607	470	63035	spaced
SUPER_1	39638194	39763466	IR	339	.	39701232	0.339	0.950	193	125221	39638194	39640578	39761091	39763466	67739646	39550000	39800000	0	2513	2375	120513	wide
SUPER_1	63132001	63168203	IR	339	.	63149894	0.339	0.930	124	37622	63132001	63133576	63166628	63168213	67739646	63050000	63300000	113	1668	1575	33052	spaced
SUPER_1	40826208	40956897	IR	339	.	40891944	0.339	0.825	107	130711	40826208	40829715	40953390	40956938	67739646	40750000	41000000	0	2359	3507	123675	wide
SUPER_1	62984180	63112411	IR	339	.	63047843	0.339	0.397	71	128210	62984180	63048173	63048476	63112411	67739646	62950000	63200000	0	1638	63935	303	immediate
SUPER_1	58160188	58280335	IR	339	.	58220582	0.339	0.733	62	120170	58160188	58163268	58277255	58280375	67739646	58050000	58300000	0	2837	3080	113987	wide
SUPER_1	38519730	38538294	IR	339	.	38528573	0.339	0.646	29	18516	38519730	38519778	38538246	38538324	67739646	38300000	38550000	0	3816	48	18468	spaced
SUPER_1	21829354	21981409	IR	339	.	21904994	0.339	0.000	23	152023	21829354	21829386	21981377	21981478	67739646	21800000	22050000	0	1756	32	151991	wide
SUPER_1	62513701	62565488	IR	339	.	62539611	0.339	0.927	23	51785	62513701	62513940	62565249	62565493	67739646	62500000	62750000	23	659	239	51309	spaced
SUPER_1	3331819	3344247	IR	339	.	3337991	0.339	0.696	20	13113	3331819	3332577	3343566	3344247	67739646	3100000	3350000	26	3967	681	10989	spaced
SUPER_1	53547326	53695957	IR	338	.	53621315	0.338	0.919	259	148588	53547326	53550448	53692855	53695957	67739646	53450000	53700000	0	2860	3102	142407	wide
SUPER_1	52670694	52766282	IR	338	.	52718008	0.338	0.921	100	95540	52670694	52672189	52764795	52766282	67739646	52600000	52850000	0	1974	1487	92606	spaced
SUPER_1	54018129	54159628	IR	338	.	54088684	0.338	0.840	56	141564	54018129	54019479	54158285	54159628	67739646	53950000	54200000	60	2314	1343	138806	wide
SUPER_1	34248302	34269921	IR	338	.	34259443	0.338	0.842	45	21593	34248302	34249184	34269091	34269921	67739646	34150000	34400000	0	1818	830	19907	spaced
SUPER_1	938585	956517	IR	338	.	947225	0.338	0.857	32	17872	938585	938655	956457	956517	67739646	750000	1000000	0	3292	60	17802	spaced
SUPER_1	44839145	44929682	IR	338	.	44883950	0.338	0.250	29	90501	44839145	44839181	44929646	44929732	67739646	44750000	45000000	0	2240	36	90465	spaced
SUPER_1	956461	997116	IR	338	.	976679	0.338	0.962	25	40605	956461	956513	997066	997116	67739646	750000	1000000	349	3779	50	40553	spaced
SUPER_1	22580399	22622483	IR	338	.	22601080	0.338	0.850	20	41860	22580399	22581311	22621571	22622514	67739646	22550000	22800000	0	857	912	40260	spaced
SUPER_1	28334543	28434540	IR	337	.	28384088	0.337	0.873	266	99623	28334543	28340710	28428414	28434540	67739646	28200000	28450000	0	3075	6126	87704	spaced
SUPER_1	20591401	20624947	IR	337	.	20607876	0.337	0.898	221	33551	20591401	20596556	20619792	20624975	67739646	20450000	20700000	0	2636	5155	23236	spaced
SUPER_1	52611201	52665673	IR	337	.	52638328	0.337	0.826	98	54788	52611201	52613716	52663158	52665742	67739646	52500000	52750000	99	2307	2515	49442	spaced
SUPER_1	15793454	15952056	IR	337	.	15872289	0.337	0.898	81	158572	15793454	15795026	15950484	15952082	67739646	15750000	16000000	0	2045	1572	155458	wide
SUPER_1	23898733	23936714	IR	337	.	23917890	0.337	0.886	57	38084	23898733	23899717	23935771	23936714	67739646	23700000	23950000	57	3628	943	36054	spaced
SUPER_1	39295054	39434238	IR	337	.	39364720	0.337	0.955	54	139296	39295054	39295540	39433752	39434238	67739646	39200000	39450000	54	2743	486	138212	wide
SUPER_1	45086269	45141852	IR	337	.	45113972	0.337	0.826	54	56037	45086269	45087469	45140652	45141929	67739646	44950000	45200000	63	2734	1200	53183	spaced
SUPER_1	17343981	17380516	IR	337	.	17362634	0.337	0.845	45	36343	17343981	17345183	17379351	17380516	67739646	17300000	17550000	0	1037	1165	34168	spaced
SUPER_1	61678846	61775645	IR	337	.	61727471	0.337	1.000	32	96858	61678846	61678881	61775610	61775645	67739646	61550000	61800000	4	2953	35	96729	spaced
SUPER_1	7561204	7780582	IR	337	.	7671010	0.337	0.637	31	219368	7561204	7562090	7779722	7780582	67739646	7550000	7800000	32	2014	860	217632	wide
SUPER_1	6567213	6652567	IR	337	.	6609487	0.337	0.818	29	85300	6567213	6567279	6652513	6652567	67739646	6450000	6700000	0	2664	54	85234	spaced
SUPER_1	54866069	54912046	IR	337	.	54889343	0.337	0.374	28	45973	54866069	54888497	54889618	54912061	67739646	54700000	54950000	0	3150	22428	1121	immediate
SUPER_1	25174859	25210300	IR	337	.	25192977	0.337	0.917	26	35332	25174859	25175366	25209793	25210301	67739646	25100000	25350000	0	1542	507	34427	spaced
SUPER_1	6664594	6715241	IR	336	.	6689480	0.336	0.886	183	50671	6664594	6668816	6711019	6715290	67739646	6500000	6750000	0	3165	4222	42203	spaced
SUPER_1	14958333	15106462	IR	336	.	15032207	0.336	0.774	35	148087	14958333	14958395	15106414	15106462	67739646	14900000	15150000	510	2206	48	148019	wide
SUPER_1	44009988	44102034	IR	336	.	44056179	0.336	0.645	33	92014	44009988	44010050	44101994	44102034	67739646	43950000	44200000	299	1766	40	91944	spaced
SUPER_1	55725542	55725597	IR	336	.	55725581	0.336	0.891	23	119633	55725542	55725583	55725556	55725602	67739646	55600000	55850000	338	2092	41	-27	overlap
SUPER_1	49813931	49876550	IR	336	.	49845356	0.336	0.803	21	62689	49813931	49815342	49875139	49876578	67739646	49700000	49950000	21	2420	1411	59797	spaced
SUPER_1	61229720	61246268	IR	336	.	61238497	0.336	0.387	20	16534	61229720	61238000	61237988	61246302	67739646	61000000	61250000	0	3966	8280	-12	overlap
SUPER_1	57276557	57385988	IR	335	.	57331300	0.335	0.973	413	111385	57276557	57279623	57382922	57385989	67739646	57150000	57400000	413	3021	3066	103299	wide
SUPER_1	46719697	46892483	IR	335	.	46806218	0.335	0.960	105	173440	46719697	46720782	46891398	46892490	67739646	46650000	46900000	105	2601	1085	170616	wide
SUPER_1	46897193	46953307	IR	335	.	46925080	0.335	0.935	99	56358	46897193	46898143	46952357	46953316	67739646	46800000	47050000	99	2087	950	54214	spaced
SUPER_1	2770681	2876059	IR	335	.	2823374	0.335	0.788	29	105836	2770681	2771332	2875408	2876163	67739646	2700000	2950000	29	2056	651	104076	wide
SUPER_1	22869294	22927025	IR	335	.	22897680	0.335	0.839	25	57679	22869294	22869346	22926973	22927035	67739646	22700000	22950000	0	3302	52	57627	spaced
SUPER_1	8987948	9010068	IR	335	.	8999264	0.335	0.605	21	22082	8987948	8988012	9010030	9010068	67739646	8800000	9050000	0	3316	38	22018	spaced
SUPER_1	65843111	65981531	IR	335	.	65912748	0.335	0.792	21	138362	65843111	65844783	65979859	65981541	67739646	65750000	66000000	0	2705	1672	135076	wide
SUPER_1	39176926	39231499	IR	334	.	39204612	0.334	0.851	117	54549	39176926	39178947	39229525	39231499	67739646	39050000	39300000	0	2570	1974	50578	spaced
SUPER_1	67434777	67625426	IR	334	.	67529752	0.334	0.402	90	190688	67434777	67520194	67540009	67625491	67739646	67400000	67650000	0	2168	85417	19815	spaced
SUPER_1	21410795	21469399	IR	334	.	21439900	0.334	0.841	59	75731	21410795	21413974	21466289	21469399	67739646	21250000	21500000	59	3168	3110	52315	spaced
SUPER_1	48731744	48762838	IR	334	.	48747580	0.334	0.805	57	30828	48731744	48733809	48760773	48762932	67739646	48550000	48800000	0	3288	2065	26964	spaced
SUPER_1	35270526	35396467	IR	334	.	35333506	0.334	0.847	42	126112	35270526	35271447	35395564	35396467	67739646	35200000	35450000	43	2224	903	124117	wide
SUPER_1	46038302	46216059	IR	334	.	46126687	0.334	0.643	38	177703	46038302	46038356	46216005	46216089	67739646	46000000	46250000	0	2119	54	177649	wide
SUPER_1	26464035	26657537	IR	334	.	26561284	0.334	0.500	24	193464	26464035	26464107	26657499	26657537	67739646	26450000	26700000	0	1846	38	193392	wide
SUPER_1	13538645	13613713	IR	333	.	13576408	0.333	0.966	662	87734	13538645	13539431	13612928	13613713	67739646	13450000	13700000	98	2102	785	73497	spaced
SUPER_1	6921897	7063722	IR	333	.	6993033	0.333	0.890	44	142066	6921897	6922882	7062737	7063722	67739646	6900000	7150000	30	1546	985	139855	wide
SUPER_1	29314131	29509513	IR	333	.	29412254	0.333	0.763	34	195324	29314131	29314207	29509455	29509513	67739646	29300000	29550000	0	1863	58	195248	wide
SUPER_1	31649506	31758737	IR	333	.	31704116	0.333	0.972	28	111595	31649506	31649752	31758491	31758737	67739646	31600000	31850000	30	1735	246	108739	wide
SUPER_1	9684275	9833548	IR	333	.	9758593	0.333	0.548	27	149231	9684275	9684317	9833506	9833582	67739646	9600000	9850000	0	2648	42	149189	wide
SUPER_1	1327301	1367905	IR	333	.	1347627	0.333	0.852	26	40562	1327301	1327355	1367859	1367905	67739646	1150000	1400000	298	3293	46	40504	spaced
SUPER_1	61857142	61863189	IR	333	.	61860059	0.333	0.750	26	160972	61857142	61858176	61862155	61863260	67739646	61700000	61950000	26	2669	1034	3979	spaced
SUPER_1	3344965	3354660	IR	333	.	3349304	0.333	0.929	20	9651	3344965	3345021	3354608	3354660	67739646	3150000	3400000	0	3330	52	9587	spaced
SUPER_1	52912336	52918567	IR	332	.	52915495	0.332	0.926	199	6704	52912336	52914505	52916485	52918567	67739646	52800000	53050000	199	1924	2082	1980	immediate
SUPER_1	2725800	2738848	IR	332	.	2732655	0.332	0.542	38	13002	2725800	2725848	2738800	2738888	67739646	2550000	2800000	0	3038	48	12952	spaced
SUPER_1	55753266	55922193	IR	332	.	55838057	0.332	0.743	36	168820	55753266	55754744	55920789	55922193	67739646	55750000	56000000	0	1462	1404	166045	wide
SUPER_1	575855	588543	IR	332	.	582009	0.332	0.911	35	12708	575855	576668	587730	588545	67739646	450000	700000	35	2203	813	11062	spaced
SUPER_1	33167519	33179198	IR	332	.	33173365	0.332	0.908	34	11681	33167519	33168294	33178423	33179202	67739646	32950000	33200000	34	3722	775	10129	spaced
SUPER_1	48411621	48484135	IR	332	.	48448364	0.332	0.845	20	72503	48411621	48412534	48483222	48484153	67739646	48350000	48600000	0	1631	913	70688	spaced
SUPER_1	36972394	37014314	IR	331	.	36993088	0.331	0.892	72	41886	36972394	36974047	37012697	37014314	67739646	36850000	37100000	0	2389	1617	38650	spaced
SUPER_1	60322281	60351463	IR	331	.	60336398	0.331	0.843	52	29161	60322281	60323357	60350393	60351463	67739646	60150000	60400000	0	3114	1070	27036	spaced
SUPER_1	26777154	26779596	IR	331	.	26778014	0.331	0.833	36	2396	26777154	26777214	26779536	26779608	67739646	26550000	26800000	0	3806	60	2322	spaced
SUPER_1	37126481	37130433	IR	331	.	37128071	0.331	0.381	33	3910	37126481	37126523	37130391	37130481	67739646	36900000	37150000	0	3807	42	3868	spaced
SUPER_1	32910153	33122837	IR	331	.	33016066	0.331	0.829	32	212626	32910153	32910211	33122779	33122849	67739646	32900000	33150000	0	1941	58	212568	wide
SUPER_1	52428728	52430797	IR	331	.	52429305	0.331	0.853	32	2011	52428728	52428796	52430739	52430797	67739646	52200000	52450000	0	3829	58	1943	immediate
SUPER_1	24447990	24587623	IR	331	.	24518249	0.331	0.816	29	139402	24447990	24449115	24586505	24587623	67739646	24350000	24600000	0	2796	1118	137390	wide
SUPER_1	11225454	11314985	IR	331	.	11270016	0.331	0.923	28	89485	11225454	11225506	11314937	11314985	67739646	11100000	11350000	309	2836	48	89431	spaced
SUPER_1	64074677	64147297	IR	331	.	64110765	0.331	0.857	27	72576	64074677	64074733	64147249	64147297	67739646	64000000	64250000	315	1849	48	72516	spaced
SUPER_1	40121445	40167520	IR	331	.	40144191	0.331	0.900	24	46021	40121445	40121505	40167466	40167520	67739646	39950000	40200000	0	3241	54	45961	spaced
SUPER_1	24635117	24742562	IR	331	.	24688813	0.331	0.690	22	107399	24635117	24635157	24742522	24742580	67739646	24500000	24750000	144	3147	40	107365	wide
SUPER_1	36779138	36786530	IR	330	.	36782535	0.330	0.974	162	7371	36779138	36780509	36785164	36786530	67739646	36550000	36800000	0	3880	1366	4655	spaced
SUPER_1	9083332	9142768	IR	330	.	9113249	0.330	0.794	66	59807	9083332	9086887	9139213	9142869	67739646	9000000	9250000	70	1884	3555	52326	spaced
SUPER_1	25088162	25118766	IR	330	.	25103216	0.330	1.000	55	32163	25088162	25088187	25118741	25118766	67739646	25000000	25250000	3	1724	25	30554	spaced
SUPER_1	62693320	62884670	IR	330	.	62788582	0.330	0.948	29	191316	62693320	62693881	62884109	62884670	67739646	62650000	62900000	0	2316	561	190228	wide
SUPER_1	3142172	3188379	IR	330	.	3164775	0.330	0.848	23	46165	3142172	3142538	3188019	3188379	67739646	3050000	3300000	0	1921	360	45481	spaced
SUPER_1	36340853	36397652	IR	329	.	36369704	0.329	0.858	371	56770	36340853	36344560	36393952	36397652	67739646	36200000	36450000	0	2820	3700	49392	spaced
SUPER_1	25372774	25394544	IR	329	.	25383425	0.329	0.936	186	23116	25372774	25374246	25393072	25394544	67739646	25250000	25500000	93	2227	1472	18826	spaced
SUPER_1	63441050	63465092	IR	329	.	63452920	0.329	0.960	84	24584	63441050	63441912	63464230	63465096	67739646	63300000	63550000	84	2551	862	22318	spaced
SUPER_1	17195601	17220703	IR	329	.	17208148	0.329	0.933	80	29658	17195601	17196988	17219317	17220703	67739646	17000000	17250000	80	3469	1386	22329	spaced
SUPER_1	2370073	2498216	IR	329	.	2433707	0.329	0.788	73	128118	2370073	2371422	2496867	2498216	67739646	2250000	2500000	0	3068	1349	125445	wide
SUPER_1	47625786	47753366	IR	329	.	47690020	0.329	0.816	42	127533	47625786	47627090	47752157	47753366	67739646	47550000	47800000	0	2326	1209	125067	wide
SUPER_1	65201749	65261391	IR	329	.	65231598	0.329	0.776	25	59669	65201749	65201968	65261218	65261391	67739646	65200000	65450000	58	526	173	59250	spaced
SUPER_1	66025056	66028123	IR	329	.	66026852	0.329	0.917	25	3056	66025056	66025516	66027663	66028131	67739646	65800000	66050000	0	3776	460	2147	spaced
SUPER_1	23168387	23349071	IR	328	.	23258215	0.328	0.950	537	180665	23168387	23174559	23342906	23349071	67739646	23100000	23350000	0	2645	6165	168347	wide
SUPER_1	17404252	17546345	IR	328	.	17475570	0.328	0.949	227	142072	17404252	17406343	17544309	17546345	67739646	17350000	17600000	0	2088	2036	137966	wide
SUPER_1	65010685	65140045	IR	328	.	65075055	0.328	0.703	142	129368	65010685	65016597	65134133	65140100	67739646	64950000	65200000	0	2089	5912	117536	wide
SUPER_1	28970449	28985684	IR	328	.	28978455	0.328	0.787	38	15210	28970449	28972671	28983496	28985684	67739646	28800000	29050000	0	2967	2188	10825	spaced
SUPER_1	10458492	10466272	IR	328	.	10462320	0.328	0.970	29	7803	10458492	10458729	10466036	10466272	67739646	10250000	10500000	29	3539	236	7307	spaced
SUPER_1	47017095	47104391	IR	328	.	47061065	0.328	1.000	29	87234	47017095	47017157	47104329	47104391	67739646	46950000	47200000	0	1845	62	87172	spaced
SUPER_1	1313299	1327359	IR	328	.	1320819	0.328	0.968	27	14024	1313299	1313359	1327299	1327361	67739646	1100000	1350000	0	3672	60	13940	spaced
SUPER_1	55468522	55591127	IR	328	.	55530011	0.328	0.700	27	122571	55468522	55468582	55591085	55591127	67739646	55400000	55650000	180	2163	42	122503	wide
SUPER_1	12577855	12626525	IR	328	.	12601806	0.328	0.758	26	48620	12577855	12577921	12626475	12626525	67739646	12400000	12650000	0	3369	50	48554	spaced
SUPER_1	50884074	50916309	IR	328	.	50900665	0.328	0.667	22	32193	50884074	50884118	50916265	50916331	67739646	50750000	51000000	0	2503	44	32147	spaced
SUPER_1	58806438	58816620	IR	328	.	58811027	0.328	0.857	22	10134	58806438	58806494	58816572	58816620	67739646	58600000	58850000	0	3525	48	10078	spaced
SUPER_1	25983614	26108779	IR	328	.	26046634	0.328	0.767	21	125119	25983614	25983660	26108733	26108793	67739646	25900000	26150000	0	2436	46	125073	wide
SUPER_1	28277305	28310903	IR	328	.	28293617	0.328	0.926	21	33548	28277305	28277355	28310853	28310907	67739646	28100000	28350000	0	3234	50	33498	spaced
SUPER_1	47104329	47124668	IR	328	.	47114182	0.328	0.710	20	20295	47104329	47104391	47124624	47124668	67739646	47050000	47300000	0	1074	44	20233	spaced
SUPER_1	13614124	13804404	IR	327	.	13709471	0.327	0.973	291	190858	13614124	13616479	13802049	13804405	67739646	13600000	13850000	291	1820	2355	185570	wide
SUPER_1	33193032	33320006	IR	327	.	33256158	0.327	0.807	170	127050	33193032	33199948	33313090	33320100	67739646	33150000	33400000	0	1775	6916	113142	wide
SUPER_1	44580355	44763321	IR	327	.	44671847	0.327	0.918	153	183871	44580355	44582240	44761436	44763355	67739646	44550000	44800000	156	2030	1885	179196	wide
SUPER_1	17860579	18029665	IR	327	.	17945155	0.327	0.949	108	169425	17860579	17861703	18028541	18029665	67739646	17800000	18050000	108	2418	1124	166838	wide
SUPER_1	3610061	3686232	IR	327	.	3648545	0.327	0.714	49	76209	3610061	3611265	3685028	3686293	67739646	3450000	3700000	0	3302	1204	73763	spaced
SUPER_1	43749418	43752239	IR	327	.	43750588	0.327	1.000	44	2800	43749418	43749447	43752210	43752239	67739646	43600000	43850000	4	2513	29	2763	spaced
SUPER_1	10053745	10202805	IR	327	.	10127804	0.327	0.797	41	149065	10053745	10055411	10201139	10202827	67739646	10000000	10250000	0	2137	1666	145728	wide
SUPER_1	63182651	63231312	IR	327	.	63207140	0.327	0.889	34	48611	63182651	63182699	63231264	63231318	67739646	63000000	63250000	489	3449	48	48565	spaced
SUPER_1	62260908	62289095	IR	327	.	62274693	0.327	0.846	33	28167	62260908	62261975	62288037	62289095	67739646	62050000	62300000	0	3749	1058	26062	spaced
SUPER_1	35619943	35692431	IR	327	.	35656552	0.327	0.710	21	72444	35619943	35620005	35692387	35692431	67739646	35450000	35700000	0	3436	44	72382	spaced
SUPER_1	58621102	58650492	IR	327	.	58635543	0.327	0.656	21	29348	58621102	58621166	58650450	58650492	67739646	58450000	58700000	0	3096	42	29284	spaced
SUPER_1	16490125	16520647	IR	327	.	16505556	0.327	0.864	20	30480	16490125	16490163	16520609	16520653	67739646	16350000	16600000	222	2589	38	30446	spaced
SUPER_1	18795657	18881242	IR	326	.	18838429	0.326	0.947	259	87179	18795657	18798735	18878164	18881244	67739646	18700000	18950000	259	2307	3078	79429	spaced
SUPER_1	64627477	64633796	IR	326	.	64630244	0.326	0.755	56	5970	64627477	64629323	64632019	64633796	67739646	64500000	64750000	0	2177	1777	2696	spaced
SUPER_1	47806565	47836870	IR	326	.	47821749	0.326	0.968	52	30578	47806565	47807070	47836366	47836870	67739646	47650000	47900000	52	2861	504	29296	spaced
SUPER_1	22080761	22235978	IR	326	.	22158793	0.326	0.810	43	154597	22080761	22085229	22231528	22235978	67739646	22000000	22250000	0	2639	4450	146299	wide
SUPER_1	14057721	14061996	IR	326	.	14059357	0.326	0.982	39	4252	14057721	14058056	14061661	14061996	67739646	13850000	14100000	0	3497	335	3605	spaced
SUPER_1	50232439	50239869	IR	326	.	50236376	0.326	0.885	31	7488	50232439	50233083	50239225	50239876	67739646	50000000	50250000	31	3935	644	6142	spaced
SUPER_1	31593686	31613462	IR	326	.	31603780	0.326	0.808	22	19736	31593686	31593738	31613420	31613462	67739646	31400000	31650000	216	3392	42	19682	spaced
SUPER_1	6771576	6837415	IR	326	.	6804683	0.326	0.840	21	65793	6771576	6771618	6837373	6837423	67739646	6600000	6850000	197	3408	42	65755	spaced
SUPER_1	13520184	13527514	IR	326	.	13524017	0.326	1.000	21	7286	13520184	13520228	13527470	13527514	67739646	13300000	13550000	178	3730	44	7242	spaced
SUPER_1	17746856	17756831	IR	325	.	17751545	0.325	0.898	143	9936	17746856	17749274	17754487	17756831	67739646	17650000	17900000	0	1697	2344	5213	spaced
SUPER_1	60370701	60478467	IR	325	.	60424953	0.325	0.862	123	107808	60370701	60373726	60475442	60478534	67739646	60300000	60550000	0	2076	3025	101716	wide
SUPER_1	52561592	52570085	IR	325	.	52566300	0.325	0.914	94	8474	52561592	52563051	52568639	52570085	67739646	52550000	52800000	0	263	1446	5588	spaced
SUPER_1	58067074	58108365	IR	325	.	58087586	0.325	0.974	64	41483	58067074	58067542	58107898	58108365	67739646	58050000	58300000	64	628	467	40356	spaced
SUPER_1	51295464	51340810	IR	325	.	51318605	0.325	0.847	60	45308	51295464	51297682	51338610	51340810	67739646	51100000	51350000	0	3635	2200	40928	spaced
SUPER_1	60079994	60251437	IR	325	.	60165503	0.325	0.831	58	171497	60079994	60080972	60250459	60251449	67739646	60050000	60300000	58	1928	978	169487	wide
SUPER_1	56939314	56971045	IR	325	.	56955126	0.325	1.000	36	31677	56939314	56939368	56970991	56971045	67739646	56850000	57100000	492	1752	54	31623	spaced
SUPER_1	22442269	22475071	IR	325	.	22458862	0.325	0.733	33	32766	22442269	22442329	22475027	22475071	67739646	22250000	22500000	460	3477	44	32698	spaced
SUPER_1	10690862	10729981	IR	325	.	10710042	0.325	0.915	24	39008	10690862	10691368	10729475	10729981	67739646	10500000	10750000	0	3506	506	38107	spaced
SUPER_1	66085300	66160873	IR	325	.	66122767	0.325	0.710	21	75529	66085300	66085362	66160829	66160873	67739646	65950000	66200000	0	2884	44	75467	spaced
SUPER_1	63914566	63932986	IR	324	.	63923825	0.324	0.863	283	19066	63914566	63917218	63930334	63933040	67739646	63700000	63950000	350	3729	2652	13116	spaced
SUPER_1	30342353	30365434	IR	324	.	30353746	0.324	0.934	168	23314	30342353	30343664	30364123	30365473	67739646	30150000	30400000	168	3398	1311	20459	spaced
SUPER_1	62306685	62416501	IR	324	.	62361568	0.324	0.883	104	110372	62306685	62307864	62415368	62416501	67739646	62300000	62550000	117	1026	1133	107504	wide
SUPER_1	46338691	46447348	IR	324	.	46393124	0.324	0.850	60	108683	46338691	46339646	46446393	46447368	67739646	46300000	46550000	62	1550	955	106747	wide
SUPER_1	7499537	7507792	IR	324	.	7503730	0.324	0.706	22	8251	7499537	7500387	7506956	7507792	67739646	7450000	7700000	22	894	836	6569	spaced
SUPER_1	12865279	12903388	IR	323	.	12884353	0.323	0.962	592	39262	12865279	12870384	12898292	12903388	67739646	12750000	13000000	613	2238	5096	27908	spaced
SUPER_1	26767134	26775259	IR	323	.	26771620	0.323	0.997	437	8089	26767134	26769674	26772719	26775260	67739646	26550000	26800000	0	3686	2540	3045	spaced
SUPER_1	67138878	67196444	IR	323	.	67167945	0.323	0.953	195	57532	67138878	67141416	67193908	67196444	67739646	66950000	67200000	0	3627	2536	52492	spaced
SUPER_1	42554063	42730801	IR	323	.	42641938	0.323	0.388	77	176726	42554063	42641098	42643766	42730809	67739646	42500000	42750000	0	2373	87035	2668	spaced
SUPER_1	26250411	26270647	IR	323	.	26260692	0.323	0.863	63	20413	26250411	26251654	26269475	26270647	67739646	26150000	26400000	63	1842	1172	17821	spaced
SUPER_1	18552483	18592542	IR	323	.	18572026	0.323	0.894	48	39877	18552483	18553895	18591130	18592558	67739646	18350000	18600000	0	3708	1412	37235	spaced
SUPER_1	13291088	13291367	IR	323	.	13291436	0.323	0.919	42	85811	13291088	13291187	13291268	13291367	67739646	13100000	13350000	9	3186	99	81	immediate
SUPER_1	26297856	26464091	IR	323	.	26380770	0.323	0.862	34	166183	26297856	26297906	26464041	26464099	67739646	26250000	26500000	515	2182	50	166135	wide
SUPER_1	28736480	28802192	IR	323	.	28769216	0.323	1.000	33	65678	28736480	28736530	28802142	28802192	67739646	28600000	28850000	372	2822	50	65612	spaced
SUPER_1	31954478	31965824	IR	323	.	31960362	0.323	0.700	28	11308	31954478	31954538	31965782	31965824	67739646	31750000	32000000	273	3502	42	11244	spaced
SUPER_1	64023388	64074717	IR	323	.	64049083	0.323	0.750	28	51285	64023388	64023430	64074675	64074731	67739646	63950000	64200000	295	1650	42	51245	spaced
SUPER_1	48517741	48602788	IR	323	.	48559802	0.323	0.905	27	85029	48517741	48518448	48602090	48602788	67739646	48450000	48700000	0	1837	698	83642	spaced
SUPER_1	16326451	16490165	IR	323	.	16408147	0.323	0.690	26	163682	16326451	16326509	16490125	16490165	67739646	16250000	16500000	349	2638	40	163616	wide
SUPER_1	10791583	10873807	IR	323	.	10832914	0.323	0.854	24	82644	10791583	10792077	10873313	10873807	67739646	10650000	10900000	10	3044	494	81236	spaced
SUPER_1	11314939	11394718	IR	323	.	11354971	0.323	0.875	20	79739	11314939	11314987	11394676	11394718	67739646	11300000	11550000	176	913	42	79689	spaced
SUPER_1	62209743	62215691	IR	323	.	62212810	0.323	0.840	20	5904	62209743	62209785	62215649	62215699	67739646	62000000	62250000	175	3545	42	5864	spaced
SUPER_1	37210646	37225544	IR	322	.	37218191	0.322	0.832	83	15530	37210646	37214818	37221372	37225552	67739646	37150000	37400000	83	1134	4172	6554	spaced
SUPER_1	21185808	21293962	IR	322	.	21240007	0.322	0.859	57	108308	21185808	21186797	21292995	21293962	67739646	21050000	21300000	57	3164	967	106198	wide
SUPER_1	49292965	49299815	IR	322	.	49296334	0.322	0.916	40	6878	49292965	49293662	49299119	49299815	67739646	49200000	49450000	40	1606	696	5457	spaced
SUPER_1	37353975	37441078	IR	322	.	37397680	0.322	0.882	35	87223	37353975	37354539	37440514	37441110	67739646	37250000	37500000	36	2458	564	85975	spaced
SUPER_1	325684	425233	IR	322	.	375612	0.322	0.929	34	99513	325684	325740	425181	425233	67739646	200000	450000	521	2924	52	99441	spaced
SUPER_1	37130403	37198861	IR	322	.	37164578	0.322	0.600	34	68428	37130403	37130471	37198821	37198861	67739646	37050000	37300000	329	1910	40	68350	spaced
SUPER_1	57130293	57179288	IR	322	.	57155257	0.322	0.930	32	48981	57130293	57130830	57178751	57179297	67739646	57050000	57300000	0	1746	537	47921	spaced
SUPER_1	16237432	16326493	IR	322	.	16281955	0.322	0.793	31	116981	16237432	16237478	16326447	16326505	67739646	16150000	16400000	411	2199	46	88969	spaced
SUPER_1	52248170	52260253	IR	322	.	52254341	0.322	0.896	30	12216	52248170	52248991	52259432	52260286	67739646	52050000	52300000	30	3403	821	10441	spaced
SUPER_1	42352464	42525176	IR	322	.	42439274	0.322	0.823	21	172672	42352464	42353238	42524402	42525234	67739646	42350000	42600000	0	1480	774	171164	wide
SUPER_1	46953217	46974732	IR	321	.	46964008	0.321	0.941	361	22721	46953217	46957258	46970691	46974753	67739646	46750000	47000000	361	3566	4041	13433	spaced
SUPER_1	60768983	60995433	IR	321	.	60881770	0.321	0.908	116	226458	60768983	60770583	60993833	60995477	67739646	60750000	61000000	0	2203	1600	223250	wide
SUPER_1	8888631	8968074	IR	321	.	8928559	0.321	0.920	104	79816	8888631	8889873	8966838	8968074	67739646	8750000	9000000	107	2972	1236	76965	spaced
SUPER_1	34339254	34369386	IR	321	.	34353884	0.321	0.851	102	30118	34339254	34340639	34368001	34369394	67739646	34150000	34400000	0	3405	1385	27362	spaced
SUPER_1	23570266	23602197	IR	321	.	23586153	0.321	0.931	65	66950	23570266	23571299	23601185	23602197	67739646	23450000	23700000	65	2270	1012	29886	spaced
SUPER_1	59447736	59552954	IR	321	.	59499864	0.321	0.875	37	105147	59447736	59449003	59551687	59552981	67739646	59350000	59600000	0	2505	1267	102684	wide
SUPER_1	41935338	42057460	IR	321	.	41995900	0.321	0.824	30	122066	41935338	41935394	42057404	42057472	67739646	41850000	42100000	0	2439	56	122010	wide
SUPER_1	13066044	13143729	IR	321	.	13104728	0.321	0.592	26	77641	13066044	13066082	13143691	13143756	67739646	12900000	13150000	133	3414	38	77609	spaced
SUPER_1	56598236	56716632	IR	321	.	56657724	0.321	0.781	24	118346	56598236	56598300	56716582	56716632	67739646	56500000	56750000	0	2623	50	118282	wide
SUPER_1	32889963	32910197	IR	321	.	32900563	0.321	0.759	21	20190	32889963	32890007	32910153	32910211	67739646	32700000	32950000	0	3334	44	20146	spaced
SUPER_1	66984597	66997611	IR	321	.	66990875	0.321	0.588	21	12988	66984597	66984655	66997577	66997611	67739646	66900000	67150000	40	1518	34	12922	spaced
SUPER_1	11568340	11572393	IR	321	.	11570574	0.321	0.950	20	4048	11568340	11568661	11572080	11572393	67739646	11550000	11800000	20	339	313	3419	spaced
SUPER_1	5322226	5360050	IR	320	.	5341565	0.320	0.836	47	37806	5322226	5322994	5359377	5360050	67739646	5200000	5450000	0	2352	673	36383	spaced
SUPER_1	61063021	61070411	IR	320	.	61066326	0.320	0.927	30	7360	61063021	61063441	61069991	61070432	67739646	60850000	61100000	0	3611	420	6550	spaced
SUPER_1	17273754	17294729	IR	320	.	17284617	0.320	0.477	29	20931	17273754	17273840	17294685	17294729	67739646	17100000	17350000	0	3070	44	20845	spaced
SUPER_1	26779544	26848704	IR	320	.	26813906	0.320	0.639	27	69130	26779544	26779602	26848668	26848704	67739646	26600000	26850000	227	3568	36	69066	spaced
SUPER_1	54199419	54233327	IR	320	.	54216411	0.320	0.910	26	34080	54199419	54199610	54233136	54233330	67739646	54100000	54350000	26	1939	191	33526	spaced
SUPER_1	65444319	65461140	IR	320	.	65452996	0.320	0.793	20	16775	65444319	65444377	65461094	65461140	67739646	65250000	65500000	0	3378	46	16717	spaced
SUPER_1	67724804	67736898	IR	319	.	67730365	0.319	0.972	521	12072	67724804	67728111	67733621	67736898	67739646	67500000	67739646	0	3847	3277	5510	spaced
SUPER_1	20442415	20531550	IR	319	.	20487130	0.319	0.971	107	89384	20442415	20443345	20530620	20531550	67739646	20300000	20550000	107	3116	930	87275	spaced
SUPER_1	32284056	32491383	IR	319	.	32388141	0.319	0.922	81	207279	32284056	32285083	32490358	32491383	67739646	32250000	32500000	0	2295	1025	205275	wide
SUPER_1	55009001	55022310	IR	319	.	55015916	0.319	0.851	60	13325	55009001	55010740	55020571	55022343	67739646	54950000	55200000	0	1094	1739	9831	spaced
SUPER_1	34566432	34618698	IR	319	.	34592331	0.319	0.581	26	52270	34566432	34567194	34617949	34618698	67739646	34400000	34650000	7	3209	749	50755	spaced
SUPER_1	18148655	18246158	IR	319	.	18197862	0.319	1.000	25	97445	18148655	18148713	18246100	18246158	67739646	18000000	18250000	0	3289	58	97387	spaced
SUPER_1	34981990	34991429	IR	319	.	34986436	0.319	0.885	24	9411	34981990	34982444	34990995	34991429	67739646	34750000	35000000	0	3945	434	8551	spaced
SUPER_1	33902026	33919744	IR	319	.	33911019	0.319	0.778	21	17672	33902026	33902068	33919702	33919756	67739646	33700000	33950000	231	3514	42	17634	spaced
SUPER_1	48304604	48330809	IR	319	.	48318134	0.319	0.742	21	26159	48304604	48304666	48330763	48330809	67739646	48100000	48350000	0	3628	46	26097	spaced
SUPER_1	44393958	44490438	IR	318	.	44441846	0.318	0.872	73	96453	44393958	44395903	44488526	44490438	67739646	44250000	44500000	0	3203	1912	92623	spaced
SUPER_1	25040378	25045311	IR	318	.	25042521	0.318	0.959	65	4889	25040378	25041060	25044642	25045311	67739646	24800000	25050000	0	4047	669	3582	spaced
SUPER_1	60557339	60593806	IR	318	.	60575801	0.318	0.870	51	66143	60557339	60557379	60593766	60593812	67739646	60450000	60700000	80	2092	40	36387	spaced
SUPER_1	28655252	28736534	IR	318	.	28695509	0.318	1.000	32	81220	28655252	28655314	28736472	28736534	67739646	28500000	28750000	0	3264	62	81158	spaced
SUPER_1	15587180	15649078	IR	318	.	15618567	0.318	0.639	26	61852	15587180	15587226	15649032	15649104	67739646	15400000	15650000	0	3635	46	61806	spaced
SUPER_1	50700943	50716115	IR	318	.	50708758	0.318	0.952	23	15136	50700943	50700983	50716075	50716117	67739646	50500000	50750000	83	3475	40	15092	spaced
SUPER_1	11394674	11509370	IR	318	.	11451669	0.318	0.793	21	114650	11394674	11394720	11509324	11509382	67739646	11300000	11550000	0	2533	46	114604	wide
SUPER_1	41229264	41342051	IR	318	.	41285480	0.318	0.889	21	112776	41229264	41229809	41341509	41342051	67739646	41100000	41350000	21	3094	542	111700	wide
SUPER_1	64332401	64430443	IR	317	.	64381760	0.317	0.823	112	97751	64332401	64337846	64424998	64430468	67739646	64250000	64500000	0	2190	5445	87152	spaced
SUPER_1	36413235	36470119	IR	317	.	36441242	0.317	0.125	40	56844	36413235	36413275	36470079	36470185	67739646	36300000	36550000	0	2361	40	56804	spaced
SUPER_1	55981385	56003240	IR	317	.	55992775	0.317	0.934	38	21812	55981385	55981947	56002684	56003240	67739646	55900000	56150000	0	1538	556	20737	spaced
SUPER_1	20554428	20572085	IR	317	.	20563463	0.317	0.920	27	17619	20554428	20554478	20572039	20572085	67739646	20350000	20600000	338	3554	46	17561	spaced
SUPER_1	40086945	40121481	IR	317	.	40103931	0.317	0.611	21	34500	40086945	40086981	40121445	40121505	67739646	39900000	40150000	0	3403	36	34464	spaced
SUPER_1	1809734	1833523	IR	316	.	1822128	0.316	0.927	203	23746	1809734	1813287	1830019	1833523	67739646	1650000	1900000	0	2860	3504	16732	spaced
SUPER_1	32815069	32879583	IR	316	.	32847803	0.316	0.822	52	64380	32815069	32819117	32875541	32879583	67739646	32650000	32900000	0	3288	4042	56424	spaced
SUPER_1	51484035	51496559	IR	316	.	51490779	0.316	0.900	41	12478	51484035	51485183	51495424	51496559	67739646	51350000	51600000	0	2338	1135	10241	spaced
SUPER_1	38270168	38416901	IR	316	.	38343369	0.316	0.868	27	147325	38270168	38270804	38416271	38416901	67739646	38200000	38450000	27	2392	630	145467	wide
SUPER_1	43179843	43344346	IR	316	.	43261846	0.316	1.000	26	166647	43179843	43179860	43344329	43344346	67739646	43150000	43400000	1	1868	17	164469	wide
SUPER_1	29509455	29628477	IR	316	.	29569287	0.316	1.000	25	118964	29509455	29509513	29628419	29628477	67739646	29400000	29650000	0	2815	58	118906	wide
SUPER_1	14425351	14491677	IR	316	.	14458157	0.316	0.921	23	66308	14425351	14425871	14491159	14491677	67739646	14250000	14500000	0	3475	518	65288	spaced
SUPER_1	50600715	50685555	IR	315	.	50643490	0.315	0.873	128	84890	50600715	50604476	50681794	50685624	67739646	50550000	50800000	0	1552	3761	77318	spaced
SUPER_1	14914714	14958369	IR	315	.	14936047	0.315	0.565	32	43609	14914714	14914760	14958323	14958405	67739646	14800000	15050000	0	2275	46	43563	spaced
SUPER_1	20638972	20824860	IR	315	.	20731795	0.315	0.870	22	185852	20638972	20639018	20824820	20824860	67739646	20600000	20850000	94	2198	40	185802	wide
SUPER_1	18048487	18059135	IR	314	.	18053389	0.314	0.975	406	10605	18048487	18051547	18056102	18059135	67739646	17850000	18100000	0	3396	3033	4555	spaced
SUPER_1	58023129	58059398	IR	314	.	58040760	0.314	0.932	76	36249	58023129	58024311	58058226	58059398	67739646	57900000	58150000	0	2354	1172	33915	spaced
SUPER_1	50360674	50597718	IR	314	.	50478691	0.314	0.741	42	237024	50360674	50366763	50591713	50597718	67739646	50350000	50600000	0	2153	6005	224950	wide
SUPER_1	60645634	60722748	IR	314	.	60684621	0.314	0.805	37	77110	60645634	60647644	60720738	60722779	67739646	60600000	60850000	0	1403	2010	73094	spaced
SUPER_1	34674078	34716499	IR	314	.	34695774	0.314	0.794	31	42387	34674078	34674132	34716445	34716513	67739646	34600000	34850000	0	1588	54	42313	spaced
SUPER_1	56591451	56598296	IR	314	.	56595059	0.314	0.960	29	6817	56591451	56591501	56598248	56598296	67739646	56350000	56600000	275	4081	48	6747	spaced
SUPER_1	57890057	57894153	IR	314	.	57892570	0.314	0.932	27	4089	57890057	57890265	57893945	57894165	67739646	57700000	57950000	0	3201	208	3680	spaced
SUPER_1	19880781	20015800	IR	314	.	19948778	0.314	0.778	25	135101	19880781	19885433	20011148	20015900	67739646	19850000	20100000	0	1638	4652	125715	wide
SUPER_1	55056267	55143924	IR	314	.	55099697	0.314	0.232	25	87616	55056267	55056367	55143883	55143924	67739646	54950000	55200000	0	2501	41	87516	spaced
SUPER_1	38538254	38672165	IR	314	.	38605350	0.314	0.632	24	133881	38538254	38538316	38672127	38672165	67739646	38450000	38700000	88	2586	38	133811	wide
SUPER_1	22520389	22571386	IR	313	.	22545846	0.313	0.927	81	51146	22520389	22521390	22570385	22571410	67739646	22500000	22750000	81	764	1001	48995	spaced
SUPER_1	52966202	53007192	IR	313	.	52987063	0.313	0.868	47	41007	52966202	52967653	53005741	53007228	67739646	52800000	53050000	0	3111	1451	38088	spaced
SUPER_1	63296638	63298825	IR	313	.	63297544	0.313	0.906	45	2129	63296638	63296702	63298767	63298825	67739646	63250000	63500000	987	795	58	2065	spaced
SUPER_1	5807032	5829501	IR	313	.	5818708	0.313	0.630	38	22417	5807032	5807086	5829447	5829537	67739646	5800000	6050000	0	304	54	22361	spaced
SUPER_1	17758641	17801550	IR	312	.	17780239	0.312	0.942	57	43105	17758641	17759069	17801137	17801550	67739646	17750000	18000000	57	501	413	42068	spaced
SUPER_1	25118776	25173801	IR	312	.	25145952	0.312	0.903	53	55052	25118776	25119822	25172755	25173848	67739646	25000000	25250000	0	2438	1046	52933	spaced
SUPER_1	9461872	9498876	IR	312	.	9479894	0.312	0.836	32	36980	9461872	9462867	9497953	9498876	67739646	9450000	9700000	0	506	923	35086	spaced
SUPER_1	36639496	36763687	IR	312	.	36701512	0.312	0.852	31	124147	36639496	36639542	36763641	36763695	67739646	36550000	36800000	513	2526	46	124099	wide
SUPER_1	997062	1018037	IR	312	.	1008022	0.312	0.931	23	20937	997062	997120	1017983	1018037	67739646	950000	1200000	0	959	54	20863	spaced
SUPER_1	35717843	35796968	IR	312	.	35757824	0.312	0.769	21	79146	35717843	35718932	35795879	35797007	67739646	35600000	35850000	0	2623	1089	76947	spaced
SUPER_1	63652594	63662705	IR	312	.	63657873	0.312	0.840	21	10073	63652594	63652644	63662663	63662705	67739646	63450000	63700000	184	3460	42	10019	spaced
SUPER_1	42882512	42970958	IR	311	.	42926964	0.311	0.972	123	89749	42882512	42883310	42970160	42970958	67739646	42750000	43000000	107	2945	798	86850	spaced
SUPER_1	8572401	8618110	IR	311	.	8594880	0.311	0.885	79	45685	8572401	8573837	8616725	8618110	67739646	8550000	8800000	0	754	1385	42888	spaced
SUPER_1	45723848	45909289	IR	311	.	45816664	0.311	0.787	73	186204	45723848	45725406	45907756	45909289	67739646	45700000	45950000	74	1942	1533	182350	wide
SUPER_1	22440062	22442339	IR	311	.	22440782	0.311	0.889	52	2197	22440062	22440152	22442259	22442339	67739646	22200000	22450000	0	4019	80	2107	spaced
SUPER_1	17618545	17738739	IR	311	.	17678718	0.311	0.882	40	120229	17618545	17618975	17738309	17738752	67739646	17500000	17750000	40	2977	430	119334	wide
SUPER_1	47509604	47517738	IR	311	.	47513595	0.311	0.833	27	9087	47509604	47510761	47516581	47517770	67739646	47300000	47550000	27	3561	1157	5820	spaced
SUPER_1	2924801	3008512	IR	311	.	2966598	0.311	0.920	24	83667	2924801	2924847	3008466	3008516	67739646	2800000	3050000	253	2777	46	83619	spaced
SUPER_1	35501987	35619993	IR	311	.	35561024	0.311	0.852	23	117958	35501987	35502033	35619947	35620001	67739646	35450000	35700000	232	1849	46	117914	wide
SUPER_1	24051018	24160647	IR	310	.	24105342	0.310	0.841	34	109605	24051018	24051953	24159735	24160647	67739646	23950000	24200000	0	2597	912	107782	wide
SUPER_1	13167315	13249310	IR	310	.	13208163	0.310	0.791	32	82004	13167315	13168254	13248386	13249310	67739646	13050000	13300000	32	2638	924	80132	spaced
SUPER_1	54680219	54686975	IR	310	.	54683393	0.310	0.677	30	6708	54680219	54680261	54686933	54686995	67739646	54450000	54700000	308	3893	42	6672	spaced
SUPER_1	66746385	66882829	IR	310	.	66814560	0.310	0.808	23	136406	66746385	66746437	66882787	66882829	67739646	66650000	66900000	224	2743	42	136350	wide
SUPER_1	7821924	7825681	IR	310	.	7823315	0.310	0.755	22	3598	7821924	7822229	7825376	7825747	67739646	7700000	7950000	0	2063	305	3147	spaced
SUPER_1	21699095	21749750	IR	309	.	21724707	0.309	0.781	87	49111	21699095	21702937	21745935	21749750	67739646	21500000	21750000	0	3740	3815	42998	spaced
SUPER_1	41518204	41652365	IR	309	.	41585782	0.309	0.909	38	134157	41518204	41518911	41651658	41652379	67739646	41450000	41700000	0	2254	707	132747	wide
SUPER_1	46484042	46488977	IR	309	.	46486331	0.309	0.968	37	4947	46484042	46484295	46488725	46488977	67739646	46350000	46600000	37	2275	252	4430	spaced
SUPER_1	12045350	12186953	IR	309	.	12115933	0.309	1.000	35	143350	12045350	12045367	12186936	12186953	67739646	11950000	12200000	1	2769	17	141569	wide
SUPER_1	45477268	45481875	IR	309	.	45479329	0.309	0.947	31	4626	45477268	45477360	45481783	45481877	67739646	45250000	45500000	8	3826	92	4423	spaced
SUPER_1	47871204	47874879	IR	309	.	47872534	0.309	0.862	21	3625	47871204	47871254	47874829	47874887	67739646	47650000	47900000	0	3717	50	3575	spaced
SUPER_1	58850452	58871726	IR	308	.	58860739	0.308	0.888	254	21262	58850452	58857041	58865137	58871731	67739646	58650000	58900000	0	3518	6589	8096	spaced
SUPER_1	54356067	54363202	IR	308	.	54359286	0.308	0.857	44	7105	54356067	54356520	54362801	54363202	67739646	54200000	54450000	0	2660	401	6281	spaced
SUPER_1	28435222	28521335	IR	307	.	28478586	0.307	0.801	37	86134	28435222	28436898	28519659	28521376	67739646	28400000	28650000	0	1304	1676	82761	spaced
SUPER_1	2211831	2226099	IR	307	.	2219350	0.307	0.938	31	14255	2211831	2211892	2226038	2226103	67739646	2000000	2250000	0	3649	61	14146	spaced
SUPER_1	42790277	42794632	IR	307	.	42792849	0.307	0.403	28	4379	42790277	42792139	42792770	42794706	67739646	42650000	42900000	0	2374	1862	631	immediate
SUPER_1	8086355	8200986	IR	307	.	8144098	0.307	0.383	23	114625	8086355	8116507	8170834	8201046	67739646	8000000	8250000	0	2394	30152	54327	spaced
SUPER_1	16130020	16152977	IR	306	.	16141572	0.306	0.941	132	23181	16130020	16131221	16151776	16152984	67739646	15950000	16200000	132	3191	1201	20555	spaced
SUPER_1	65565901	65570539	IR	306	.	65568554	0.306	0.972	105	4620	65565901	65566988	65569452	65570539	67739646	65350000	65600000	0	3636	1087	2464	spaced
SUPER_1	66977310	66980452	IR	306	.	66978485	0.306	0.935	46	3018	66977310	66977911	66979857	66980452	67739646	66900000	67150000	0	1314	595	1946	immediate
SUPER_1	53443503	53461847	IR	306	.	53452209	0.306	0.342	30	18306	53443503	53443541	53461809	53461893	67739646	53350000	53600000	0	1711	38	18268	spaced
SUPER_1	16520603	16659535	IR	306	.	16589687	0.306	0.929	27	138880	16520603	16520655	16659483	16659539	67739646	16450000	16700000	0	2334	52	138828	wide
SUPER_1	11921802	12041737	IR	306	.	11981436	0.306	0.782	24	119916	11921802	11922897	12040650	12041737	67739646	11900000	12150000	0	1362	1087	117753	wide
SUPER_1	7203700	7208041	IR	306	.	7206072	0.306	0.810	20	4336	7203700	7203962	7207823	7208041	67739646	7000000	7250000	20	3431	218	3861	spaced
SUPER_1	25646155	25720707	IR	305	.	25683727	0.305	0.762	50	74487	25646155	25648194	25718750	25720707	67739646	25500000	25750000	0	3057	1957	70556	spaced
SUPER_1	57523113	57527896	IR	305	.	57525523	0.305	0.893	23	4808	57523113	57523405	57527604	57527907	67739646	57300000	57550000	26	3758	292	4199	spaced
SUPER_1	66160831	66220016	IR	305	.	66190224	0.305	0.769	22	59141	66160831	66160871	66219976	66220028	67739646	66000000	66250000	186	3173	40	59105	spaced
SUPER_1	500723	528427	IR	304	.	514332	0.304	0.964	205	28677	500723	501371	527779	528438	67739646	450000	700000	110	1076	648	26408	spaced
SUPER_1	46586158	46590380	IR	304	.	46588498	0.304	0.973	30	4290	46586158	46586384	46590155	46590380	67739646	46400000	46650000	33	3137	225	3771	spaced
SUPER_1	3540898	3605246	IR	304	.	3573108	0.304	0.824	22	64398	3540898	3541320	3604858	3605246	67739646	3400000	3650000	22	2884	388	63538	spaced
SUPER_1	26757616	26764569	IR	303	.	26760641	0.303	0.961	241	6930	26757616	26759723	26762498	26764569	67739646	26550000	26800000	0	3518	2071	2775	spaced
SUPER_1	23626924	23641039	IR	303	.	23633758	0.303	0.925	32	14190	23626924	23627233	23640730	23641051	67739646	23400000	23650000	32	3899	309	13497	spaced
SUPER_1	8486430	8500243	IR	303	.	8493815	0.303	0.788	26	13763	8486430	8486496	8500191	8500243	67739646	8300000	8550000	0	3222	52	13695	spaced
SUPER_1	9052548	9083368	IR	302	.	9068005	0.302	0.943	379	35803	9052548	9056927	9079013	9083368	67739646	9050000	9300000	379	299	4355	22086	spaced
SUPER_1	50278789	50323673	IR	302	.	50300879	0.302	0.587	30	44896	50278789	50280742	50321720	50323718	67739646	50200000	50450000	0	1687	1953	40978	spaced
SUPER_1	46615228	46644265	IR	301	.	46630153	0.301	0.824	87	28987	46615228	46617184	46642340	46644265	67739646	46600000	46850000	0	495	1925	25156	spaced
SUPER_1	9650982	9684315	IR	301	.	9667533	0.301	0.633	24	33299	9650982	9651042	9684277	9684315	67739646	9450000	9700000	190	3627	38	33235	spaced
SUPER_1	44978740	45057965	IR	300	.	45018374	0.300	0.927	143	80089	44978740	44980693	45056014	45057965	67739646	44850000	45100000	143	2805	1951	75321	spaced
SUPER_1	56043149	56145234	IR	300	.	56094633	0.300	0.879	33	102027	56043149	56043215	56145176	56145234	67739646	55900000	56150000	0	3236	58	101961	wide
SUPER_1	5503524	5596986	IR	300	.	5550180	0.300	0.605	26	93416	5503524	5503562	5596948	5597012	67739646	5350000	5600000	94	3337	38	93386	spaced
SUPER_1	23960157	24045172	IR	300	.	24002469	0.300	0.875	22	85445	23960157	23960940	24044398	24045172	67739646	23800000	24050000	22	3377	774	83458	spaced
SUPER_1	56191681	56215050	IR	300	.	56203137	0.300	0.875	20	23329	56191681	56191729	56215008	56215050	67739646	56100000	56350000	184	1722	42	23279	spaced
SUPER_1	49025381	49062906	IR	297	.	49044045	0.297	0.837	104	39336	49025381	49032557	49055770	49062906	67739646	48900000	49150000	104	2402	7136	23213	spaced
SUPER_1	66281397	66285030	IR	297	.	66283616	0.297	0.992	50	3613	66281397	66281753	66284674	66285030	67739646	66150000	66400000	0	2220	356	2921	spaced
SUPER_1	1630563	1678794	IR	296	.	1654312	0.296	0.841	47	48186	1630563	1631901	1677497	1678794	67739646	1450000	1700000	0	3411	1297	45596	spaced
SUPER_1	5998137	6049723	IR	295	.	6023517	0.295	0.824	53	51565	5998137	6000176	6047694	6049723	67739646	5800000	6050000	0	3732	2029	47518	spaced
SUPER_1	7929499	7956581	IR	294	.	7943565	0.294	0.786	32	26855	7929499	7931194	7954886	7956661	67739646	7750000	8000000	0	3217	1695	23692	spaced
SUPER_1	36590139	36639536	IR	294	.	36614595	0.294	0.913	20	49353	36590139	36590181	36639494	36639540	67739646	36500000	36750000	137	1913	42	49313	spaced
SUPER_1	21573270	21611670	IR	293	.	21592605	0.293	0.876	52	38549	21573270	21574361	21610579	21611709	67739646	21450000	21700000	57	2374	1091	36218	spaced
SUPER_1	31381538	31510698	IR	293	.	31446607	0.293	0.828	20	129114	31381538	31381596	31510650	31510698	67739646	31300000	31550000	0	2435	48	129054	wide
SUPER_1	27423123	27432246	IR	291	.	27427989	0.291	0.878	24	9048	27423123	27423426	27431943	27432269	67739646	27200000	27450000	0	3794	303	8517	spaced
SUPER_1	49109950	49168232	IR	291	.	49139491	0.291	0.625	23	58242	49109950	49109990	49168192	49168258	67739646	48950000	49200000	0	3151	40	58202	spaced
SUPER_1	21612314	21690145	IR	288	.	21651623	0.288	0.899	71	77840	21612314	21613933	21688526	21690173	67739646	21450000	21700000	0	3353	1619	74593	spaced
SUPER_2	52350566	52353480	IR	829	.	52352023	0.829	0.996	205	3131	52350566	52351559	52352487	52353480	67410207	52150000	52400000	205	3366	993	928	immediate
SUPER_2	15499177	15504526	IR	732	.	15501887	0.732	0.869	70	5487	15499177	15501526	15502250	15504526	67410207	15400000	15650000	70	1697	2276	724	immediate
SUPER_2	20953873	20955683	IR	703	.	20954779	0.703	0.988	142	2075	20953873	20954645	20954913	20955683	67410207	20750000	21000000	142	3412	770	268	immediate
SUPER_2	785291	787103	IR	701	.	786206	0.701	0.972	152	2077	785291	786072	786322	787121	67410207	550000	800000	153	3936	781	250	immediate
SUPER_2	44751139	44754935	IR	635	.	44753343	0.635	0.628	27	3131	44751139	44752981	44753177	44754935	67410207	44650000	44900000	0	1717	1758	196	immediate
SUPER_2	22894643	23020985	IR	607	.	22957814	0.607	0.399	73	130799	22894643	22957596	22958032	23020985	67410207	22850000	23100000	73	1796	62953	436	immediate
SUPER_2	32188349	32192926	IR	603	.	32191036	0.603	0.683	46	4562	32188349	32190542	32190733	32192931	67410207	32100000	32350000	0	1510	2193	191	immediate
SUPER_2	18184358	18278203	IR	592	.	18230801	0.592	0.707	36	93791	18184358	18184416	18278145	18278227	67410207	18050000	18300000	0	3021	58	93729	spaced
SUPER_2	33764623	33766589	IR	568	.	33765606	0.568	0.932	66	2116	33764623	33765259	33765953	33766608	67410207	33550000	33800000	66	3593	636	694	immediate
SUPER_2	29397416	29400760	IR	568	.	29399088	0.568	0.627	31	3391	29397416	29398489	29399687	29400803	67410207	29300000	29550000	31	1651	1073	1198	immediate
SUPER_2	10634120	10638654	IR	561	.	10636779	0.561	0.692	49	4535	10634120	10636292	10636482	10638675	67410207	10400000	10650000	0	3939	2172	190	immediate
SUPER_2	27172875	27174711	IR	555	.	27173793	0.555	0.952	85	2042	27172875	27173361	27174225	27174711	67410207	27000000	27250000	93	2896	486	864	immediate
SUPER_2	14399036	14408091	IR	554	.	14403167	0.554	0.546	37	9055	14399036	14403057	14404070	14408135	67410207	14250000	14500000	0	2559	4021	1013	immediate
SUPER_2	29044949	29050451	IR	552	.	29047874	0.552	0.690	27	5491	29044949	29047089	29048393	29050451	67410207	28950000	29200000	28	1628	2058	1304	immediate
SUPER_2	67268044	67270534	IR	536	.	67269298	0.536	0.897	50	2920	67268044	67269094	67269484	67270552	67410207	67050000	67300000	51	3654	1050	390	immediate
SUPER_2	26515217	26520682	IR	526	.	26518326	0.526	0.637	30	4783	26515217	26517936	26517963	26520729	67410207	26300000	26550000	0	3632	2719	27	immediate
SUPER_2	24083604	24200308	IR	520	.	24141520	0.520	0.800	21	116656	24083604	24083652	24200260	24200320	67410207	24000000	24250000	0	2365	48	116608	wide
SUPER_2	35031665	35033676	IR	500	.	35032672	0.500	0.867	22	2174	35031665	35032328	35033013	35033678	67410207	34900000	35150000	22	2211	663	685	immediate
SUPER_2	34325776	34328847	IR	499	.	34327246	0.499	0.950	61	3265	34325776	34326474	34328149	34328848	67410207	34100000	34350000	61	3788	698	1675	immediate
SUPER_2	63344318	63346370	IR	480	.	63345343	0.480	0.961	110	2182	63344318	63345226	63345463	63346370	67410207	63150000	63400000	110	3255	907	237	immediate
SUPER_2	3820037	3825329	IR	477	.	3822590	0.477	0.907	58	5599	3820037	3821048	3824318	3825352	67410207	3600000	3850000	58	3711	1011	3270	spaced
SUPER_2	17576140	17577558	IR	472	.	17576849	0.472	0.925	39	60931	17576140	17576713	17576985	17577567	67410207	17450000	17700000	39	2114	573	272	immediate
SUPER_2	9734301	9736169	IR	465	.	9735235	0.465	0.932	31	2320	9734301	9734724	9735748	9736169	67410207	9650000	9900000	31	1420	421	1024	immediate
SUPER_2	24227866	24232586	IR	453	.	24230387	0.453	0.910	50	4854	24227866	24228857	24231595	24232599	67410207	24100000	24350000	50	2170	991	2738	spaced
SUPER_2	66403831	66572507	IR	453	.	66487834	0.453	0.596	42	168624	66403831	66403883	66572455	66572545	67410207	66350000	66600000	0	2302	52	168572	wide
SUPER_2	44966940	45097224	IR	443	.	45031637	0.443	0.419	123	130271	44966940	45013788	45050376	45097235	67410207	44950000	45200000	0	1367	46848	36588	spaced
SUPER_2	1852924	1861196	IR	442	.	1857057	0.442	0.937	456	9089	1852924	1856676	1857444	1861277	67410207	1750000	2000000	456	1784	3752	768	immediate
SUPER_2	9588503	9668520	IR	436	.	9628144	0.436	0.647	23	79975	9588503	9588547	9668476	9668544	67410207	9450000	9700000	0	2975	44	79929	spaced
SUPER_2	341143	344464	IR	421	.	342813	0.421	0.930	84	3552	341143	342158	343449	344483	67410207	100000	350000	84	4046	1015	1291	immediate
SUPER_2	60938178	60940097	IR	420	.	60939138	0.420	0.973	85	2446	60938178	60938734	60939541	60940099	67410207	60700000	60950000	85	3985	556	807	immediate
SUPER_2	7839635	7841948	IR	418	.	7840790	0.418	0.948	64	2374	7839635	7840245	7841338	7841950	67410207	7600000	7850000	64	4013	610	1093	immediate
SUPER_2	29802702	29805022	IR	416	.	29803862	0.416	0.933	71	2381	29802702	29803247	29804477	29805041	67410207	29600000	29850000	71	3397	545	1230	immediate
SUPER_2	52395464	52435755	IR	415	.	52415618	0.415	0.714	24	40257	52395464	52395520	52435715	52435755	67410207	52200000	52450000	223	3593	40	40195	spaced
SUPER_2	60592672	60662465	IR	414	.	60627512	0.414	0.777	23	71235	60592672	60593115	60662022	60662485	67410207	60450000	60700000	27	2959	443	68907	spaced
SUPER_2	34047557	34199175	IR	409	.	34123148	0.409	0.962	152	151839	34047557	34048880	34197856	34199175	67410207	33950000	34200000	153	2889	1319	148976	wide
SUPER_2	7297585	7394992	IR	409	.	7346062	0.409	0.764	30	97408	7297585	7298529	7394089	7394992	67410207	7200000	7450000	10	2438	903	95560	spaced
SUPER_2	55490226	55500819	IR	409	.	55495971	0.409	0.844	22	10576	55490226	55492191	55498867	55500819	67410207	55350000	55600000	0	2425	1952	6676	spaced
SUPER_2	67363309	67383994	IR	406	.	67373329	0.406	0.686	79	19897	67363309	67373020	67374316	67383994	67410207	67200000	67410207	0	2894	9678	1296	immediate
SUPER_2	36102200	36346594	IR	405	.	36223899	0.405	0.943	83	244376	36102200	36103530	36345267	36346594	67410207	36100000	36350000	0	2073	1327	241737	wide
SUPER_2	51562496	51658264	IR	405	.	51610423	0.405	0.875	22	95759	51562496	51562544	51658222	51658264	67410207	51450000	51700000	177	2672	42	95678	spaced
SUPER_2	30177348	30185271	IR	403	.	30181587	0.403	0.899	125	7968	30177348	30179450	30183169	30185339	67410207	30050000	30300000	0	2188	2102	3719	spaced
SUPER_2	49869896	49906722	IR	403	.	49888661	0.403	0.753	49	36805	49869896	49871961	49904657	49906726	67410207	49700000	49950000	0	3138	2065	32696	spaced
SUPER_2	55159819	55190632	IR	403	.	55175062	0.403	0.656	36	30765	55159819	55159861	55190590	55190654	67410207	55000000	55250000	511	2920	42	30729	spaced
SUPER_2	28503402	28710249	IR	402	.	28607126	0.402	0.759	20	206803	28503402	28503460	28710205	28710249	67410207	28500000	28750000	0	1780	44	206745	wide
SUPER_2	45340559	45441164	IR	401	.	45391235	0.401	0.950	573	100586	45340559	45347616	45434137	45441164	67410207	45250000	45500000	0	2347	7027	86521	spaced
SUPER_2	20657550	20666013	IR	397	.	20661454	0.397	0.440	23	8478	20657550	20661468	20662095	20666053	67410207	20450000	20700000	0	3529	3918	627	immediate
SUPER_2	31030786	31045696	IR	396	.	31038427	0.396	0.909	134	15191	31030786	31032649	31043833	31045710	67410207	30850000	31100000	135	3137	1863	11184	spaced
SUPER_2	53742645	53745883	IR	396	.	53744264	0.396	0.908	62	4371	53742645	53743807	53744721	53745899	67410207	53550000	53800000	62	3237	1162	914	immediate
SUPER_2	2455447	2595594	IR	396	.	2525902	0.396	0.474	52	140129	2455447	2469509	2581568	2595594	67410207	2350000	2600000	0	2925	14026	112059	wide
SUPER_2	35237336	35413697	IR	395	.	35325031	0.395	0.914	76	176333	35237336	35238891	35412160	35413697	67410207	35200000	35450000	0	2091	1537	173269	wide
SUPER_2	19381355	19595689	IR	394	.	19488896	0.394	0.934	88	214307	19381355	19383305	19593739	19595689	67410207	19350000	19600000	0	2308	1950	210434	wide
SUPER_2	13370289	13378687	IR	393	.	13374139	0.393	0.818	46	8328	13370289	13370377	13378615	13378687	67410207	13150000	13400000	0	3741	72	8238	spaced
SUPER_2	24854570	24938447	IR	390	.	24896038	0.390	0.764	114	83210	24854570	24856458	24936570	24938447	67410207	24850000	25100000	0	775	1877	80112	spaced
SUPER_2	42388197	42550382	IR	388	.	42469731	0.388	0.753	79	162215	42388197	42389494	42549085	42550459	67410207	42350000	42600000	0	1988	1297	159591	wide
SUPER_2	25566019	25765259	IR	388	.	25665577	0.388	0.404	29	199757	25566019	25665630	25665715	25765259	67410207	25550000	25800000	29	1927	99544	85	immediate
SUPER_2	6928127	6930120	IR	387	.	6928932	0.387	0.902	40	2149	6928127	6928699	6929558	6930120	67410207	6750000	7000000	40	2985	562	859	immediate
SUPER_2	26191562	26229635	IR	386	.	26210351	0.386	0.905	28	38039	26191562	26191583	26229616	26229635	67410207	26050000	26300000	7	2676	19	38033	spaced
SUPER_2	23599524	23680626	IR	386	.	23639979	0.386	0.643	20	81111	23599524	23599560	23680590	23680646	67410207	23500000	23750000	53	2334	36	81030	spaced
SUPER_2	65907855	65969887	IR	383	.	65938761	0.383	0.714	25	61998	65907855	65907911	65969847	65969887	67410207	65750000	66000000	217	3147	40	61936	spaced
SUPER_2	32459936	32466020	IR	382	.	32463086	0.382	0.935	94	6267	32459936	32460800	32465175	32466020	67410207	32250000	32500000	95	3549	845	4375	spaced
SUPER_2	31608339	31685001	IR	382	.	31646483	0.382	0.923	32	76614	31608339	31608387	31684953	31685005	67410207	31500000	31750000	384	2444	48	76566	spaced
SUPER_2	25923544	25977183	IR	379	.	25950216	0.379	0.846	26	53509	25923544	25924423	25976304	25977201	67410207	25750000	26000000	26	3339	879	51881	spaced
SUPER_2	11840812	11888469	IR	377	.	11864600	0.377	0.952	216	47985	11840812	11842330	11886964	11888469	67410207	11650000	11900000	243	3577	1505	44634	spaced
SUPER_2	572352	775307	IR	376	.	674016	0.376	0.946	174	203889	572352	573645	774026	775307	67410207	550000	800000	204	2063	1281	200381	wide
SUPER_2	21211507	21427239	IR	376	.	21319448	0.376	0.910	141	216704	21211507	21214109	21424666	21427239	67410207	21200000	21450000	141	1989	2573	210557	wide
SUPER_2	27229279	27233233	IR	376	.	27231257	0.376	0.936	60	4066	27229279	27229976	27232536	27233234	67410207	27100000	27350000	60	2187	697	2560	spaced
SUPER_2	14045835	14238157	IR	375	.	14142158	0.375	0.905	132	192659	14045835	14047439	14236570	14238157	67410207	14000000	14250000	137	2366	1587	189131	wide
SUPER_2	51864813	51967727	IR	375	.	51916664	0.375	0.877	68	102888	51864813	51868010	51964541	51967727	67410207	51750000	52000000	0	2771	3186	96531	spaced
SUPER_2	54178648	54263861	IR	375	.	54221116	0.375	0.920	21	85165	54178648	54178694	54263815	54263865	67410207	54100000	54350000	200	2020	46	85121	spaced
SUPER_2	38024065	38170606	IR	373	.	38097621	0.373	0.948	707	146523	38024065	38032296	38162390	38170606	67410207	37950000	38200000	0	2455	8216	130094	wide
SUPER_2	1104900	1104962	IR	373	.	1104728	0.373	0.818	33	176676	1104900	1104944	1104926	1104962	67410207	950000	1200000	186	2582	36	-18	overlap
SUPER_2	55648900	55834526	IR	373	.	55742084	0.373	0.614	27	185582	55648900	55648974	55834482	55834526	67410207	55600000	55850000	0	2361	44	185508	wide
SUPER_2	65545469	65733467	IR	372	.	65639891	0.372	0.816	50	187974	65545469	65546906	65732086	65733467	67410207	65500000	65750000	0	2324	1381	185180	wide
SUPER_2	38469542	38472006	IR	372	.	38470633	0.372	0.821	27	2414	38469542	38469588	38471960	38472016	67410207	38250000	38500000	299	3679	46	2372	spaced
SUPER_2	3328072	3336225	IR	372	.	3331817	0.372	0.828	21	8119	3328072	3328130	3336177	3336225	67410207	3100000	3350000	0	3869	48	8047	spaced
SUPER_2	16480481	16523526	IR	371	.	16501633	0.371	0.945	193	43034	16480481	16482665	16521342	16523534	67410207	16300000	16550000	0	3366	2184	38677	spaced
SUPER_2	62541952	62547444	IR	371	.	62544928	0.371	0.836	66	7183	62541952	62542815	62546637	62547444	67410207	62400000	62650000	48	2411	807	3822	spaced
SUPER_2	57543556	57544031	IR	371	.	57544006	0.371	0.815	37	156863	57543556	57543600	57543987	57544041	67410207	57450000	57700000	238	1563	44	387	immediate
SUPER_2	22277622	22284864	IR	371	.	22281256	0.371	0.866	23	7360	22277622	22278146	22284352	22284864	67410207	22100000	22350000	23	3020	512	6206	spaced
SUPER_2	54012465	54072337	IR	371	.	54041966	0.371	0.719	22	59826	54012465	54012511	54072291	54072355	67410207	53850000	54100000	0	3206	46	59780	spaced
SUPER_2	64667189	64760658	IR	370	.	64713489	0.370	0.855	86	93442	64667189	64668411	64759491	64760658	67410207	64650000	64900000	0	1065	1167	91080	spaced
SUPER_2	14711593	14820924	IR	370	.	14766157	0.370	0.923	27	109283	14711593	14711645	14820876	14820924	67410207	14600000	14850000	318	2770	48	109231	wide
SUPER_2	12001220	12069365	IR	370	.	12035779	0.370	0.647	23	68101	12001220	12001264	12069321	12069389	67410207	11900000	12150000	0	2254	44	68057	spaced
SUPER_2	20716838	20742700	IR	370	.	20729550	0.370	0.679	23	70968	20716838	20716876	20742662	20742718	67410207	20650000	20900000	101	1329	38	25786	spaced
SUPER_2	29558755	29560612	IR	369	.	29559677	0.369	0.997	165	2067	29558755	29559543	29559824	29560612	67410207	29350000	29600000	165	3494	788	281	immediate
SUPER_2	61062303	61065114	IR	369	.	61063705	0.369	0.884	106	3062	61062303	61063001	61064416	61065158	67410207	60850000	61100000	106	3561	698	1415	immediate
SUPER_2	62141555	62280904	IR	369	.	62211685	0.369	0.910	54	139333	62141555	62143235	62279224	62280905	67410207	62050000	62300000	0	2687	1680	135989	wide
SUPER_2	26229601	26394357	IR	369	.	26312418	0.369	0.525	26	164716	26229601	26229675	26394317	26394357	67410207	26150000	26400000	0	2699	40	164642	wide
SUPER_2	2075880	2151147	IR	367	.	2113402	0.367	0.871	40	75392	2075880	2076816	2150252	2151147	67410207	1950000	2200000	40	2725	895	73436	spaced
SUPER_2	1880821	2058177	IR	367	.	1969861	0.367	0.774	31	177315	1880821	1880874	2058136	2058177	67410207	1850000	2100000	0	1991	41	177262	wide
SUPER_2	3227681	3229748	IR	367	.	3228536	0.367	0.927	22	2086	3227681	3228140	3229289	3229752	67410207	3000000	3250000	22	3811	459	1149	immediate
SUPER_2	46524354	46573667	IR	365	.	46548948	0.365	0.961	74	49958	46524354	46525167	46572854	46573667	67410207	46450000	46700000	74	1650	813	47687	spaced
SUPER_2	52159925	52249314	IR	365	.	52204893	0.365	0.882	21	89379	52159925	52160486	52248753	52249328	67410207	52100000	52350000	0	1743	561	88267	spaced
SUPER_2	3099973	3102053	IR	365	.	3101013	0.365	0.570	20	2062	3099973	3100962	3101151	3102053	67410207	2900000	3150000	20	3350	902	189	immediate
SUPER_2	64437926	64530704	IR	364	.	64484529	0.364	0.939	264	93274	64437926	64439486	64529147	64530704	67410207	64350000	64600000	262	2238	1557	89661	spaced
SUPER_2	6667718	6670871	IR	363	.	6669602	0.363	0.522	33	3107	6667718	6667764	6670825	6670911	67410207	6500000	6750000	0	2821	46	3061	spaced
SUPER_2	18554716	18616647	IR	363	.	18585572	0.363	0.862	31	61879	18554716	18554766	18616597	18616655	67410207	18400000	18650000	468	3094	50	61831	spaced
SUPER_2	63132513	63176163	IR	363	.	63154566	0.363	1.000	21	43639	63132513	63132555	63176121	63176163	67410207	63050000	63300000	61	1738	42	43566	spaced
SUPER_2	62331248	62335421	IR	362	.	62333332	0.362	0.950	100	4474	62331248	62332177	62334492	62335425	67410207	62200000	62450000	101	2222	929	2315	spaced
SUPER_2	50670872	50877243	IR	362	.	50774150	0.362	0.834	86	206777	50670872	50673579	50874536	50877260	67410207	50650000	50900000	86	2067	2707	200957	wide
SUPER_2	59706514	59795170	IR	362	.	59750376	0.362	0.916	33	88639	59706514	59706922	59794764	59795170	67410207	59600000	59850000	0	2513	406	87842	spaced
SUPER_2	12385168	12498637	IR	362	.	12441944	0.362	0.633	27	113437	12385168	12385228	12498599	12498637	67410207	12250000	12500000	258	3198	38	113371	wide
SUPER_2	56678584	56692068	IR	361	.	56685738	0.361	0.775	31	13429	56678584	56678655	56692013	56692068	67410207	56500000	56750000	0	3088	55	13358	spaced
SUPER_2	28884369	28904822	IR	361	.	28894174	0.361	0.476	30	20411	28884369	28884411	28904780	28904862	67410207	28700000	28950000	0	3243	42	20369	spaced
SUPER_2	58770680	58789599	IR	360	.	58779958	0.360	0.923	34	18956	58770680	58771431	58788849	58789599	67410207	58700000	58950000	34	1335	750	17418	spaced
SUPER_2	11081337	11087856	IR	360	.	11085001	0.360	0.967	27	6497	11081337	11081643	11087551	11087856	67410207	11000000	11250000	0	1409	305	5908	spaced
SUPER_2	4989006	5014624	IR	359	.	5001865	0.359	0.764	310	39452	4989006	4994752	5008878	5014658	67410207	4800000	5050000	324	3363	5746	14126	spaced
SUPER_2	14977972	15048468	IR	359	.	15012951	0.359	0.742	21	70450	14977972	14978034	15048422	15048468	67410207	14800000	15050000	0	3553	46	70388	spaced
SUPER_2	49287723	49314407	IR	358	.	49301442	0.358	0.933	669	26722	49287723	49293722	49308408	49314469	67410207	49200000	49450000	0	1684	5999	14686	spaced
SUPER_2	38699103	38714863	IR	358	.	38706744	0.358	0.877	246	19231	38699103	38704472	38709494	38714899	67410207	38500000	38750000	246	3449	5369	5022	spaced
SUPER_2	14474549	14476690	IR	358	.	14475608	0.358	0.712	33	2302	14474549	14474835	14476404	14476721	67410207	14350000	14600000	40	2093	286	1569	immediate
SUPER_2	4772166	4897512	IR	358	.	4834764	0.358	0.828	20	125765	4772166	4773177	4896508	4897512	67410207	4650000	4900000	20	3080	1004	123331	wide
SUPER_2	7610160	7635859	IR	357	.	7622740	0.357	0.799	41	25680	7610160	7612081	7633954	7635859	67410207	7500000	7750000	0	2050	1905	21873	spaced
SUPER_2	5745008	5823224	IR	356	.	5784411	0.356	0.884	77	78045	5745008	5747611	5820644	5823224	67410207	5600000	5850000	0	3068	2580	73033	spaced
SUPER_2	27872700	27875486	IR	356	.	27874261	0.356	0.804	25	2912	27872700	27872977	27875209	27875536	67410207	27700000	27950000	27	2901	277	2232	spaced
SUPER_2	16101433	16215631	IR	356	.	16158778	0.356	0.828	20	114156	16101433	16101491	16215583	16215631	67410207	16000000	16250000	0	2642	48	114092	wide
SUPER_2	39657337	39685650	IR	355	.	39671156	0.355	0.912	178	28284	39657337	39660326	39682691	39685650	67410207	39450000	39700000	0	3691	2959	22365	spaced
SUPER_2	49981767	50084858	IR	355	.	50032911	0.355	0.396	90	62131	49981767	50024283	50042342	50084858	67410207	49850000	50100000	0	3055	42516	18059	spaced
SUPER_2	52105210	52120427	IR	355	.	52112330	0.355	0.394	22	15156	52105210	52110660	52114977	52120430	67410207	51900000	52150000	0	3546	5450	4317	spaced
SUPER_2	45549406	45630817	IR	355	.	45589758	0.355	0.500	20	81460	45549406	45558777	45621446	45630887	67410207	45450000	45700000	0	2335	9371	62669	spaced
SUPER_2	10092790	10167321	IR	354	.	10129607	0.354	0.916	110	74526	10092790	10094774	10165337	10167340	67410207	9950000	10200000	0	3000	1984	70563	spaced
SUPER_2	18031429	18115279	IR	354	.	18072886	0.354	0.845	100	83771	18031429	18032796	18113981	18115279	67410207	17900000	18150000	0	2889	1298	81185	spaced
SUPER_2	7516893	7594061	IR	354	.	7555685	0.354	0.742	38	77126	7516893	7516939	7594015	7594077	67410207	7400000	7650000	450	2591	46	77076	spaced
SUPER_2	45941437	45945686	IR	354	.	45943620	0.354	0.790	27	4543	45941437	45942321	45944802	45945741	67410207	45700000	45950000	27	4059	884	2481	spaced
SUPER_2	61550363	61697549	IR	354	.	61624098	0.354	0.778	23	147138	61550363	61550405	61697507	61697561	67410207	61550000	61800000	152	1232	42	147102	wide
SUPER_2	58293630	58397067	IR	353	.	58345806	0.353	0.765	28	103385	58293630	58293698	58397015	58397067	67410207	58150000	58400000	0	3255	52	103317	wide
SUPER_2	2340752	2347644	IR	353	.	2344221	0.353	0.824	26	7433	2340752	2341811	2346645	2347644	67410207	2150000	2400000	27	3236	999	4834	spaced
SUPER_2	49105190	49107747	IR	353	.	49106850	0.353	0.867	22	2521	49105190	49105250	49107695	49107747	67410207	48900000	49150000	0	3441	52	2445	spaced
SUPER_2	65286951	65337812	IR	352	.	65312143	0.352	0.893	172	65946	65286951	65288237	65336526	65337825	67410207	65150000	65400000	116	2706	1286	48289	spaced
SUPER_2	52506576	52734906	IR	352	.	52621115	0.352	0.841	95	228303	52506576	52508682	52732868	52734906	67410207	52500000	52750000	0	2012	2038	224186	wide
SUPER_2	37453071	37670561	IR	352	.	37561946	0.352	0.892	68	217596	37453071	37453862	37669770	37670584	67410207	37450000	37700000	68	1863	791	215908	wide
SUPER_2	37894956	37921583	IR	352	.	37908426	0.352	0.645	31	26595	37894956	37895018	37921543	37921583	67410207	37750000	38000000	217	2637	40	26525	spaced
SUPER_2	35461203	35501182	IR	352	.	35481305	0.352	0.769	20	39933	35461203	35461243	35501142	35501194	67410207	35300000	35550000	107	3019	40	39899	spaced
SUPER_2	6111621	6145563	IR	351	.	6128406	0.351	0.927	130	34280	6111621	6113354	6143830	6145587	67410207	5900000	6150000	130	3809	1733	30476	spaced
SUPER_2	56824218	56862414	IR	351	.	56842920	0.351	0.927	92	38122	56824218	56825805	56860829	56862414	67410207	56700000	56950000	0	2388	1585	35024	spaced
SUPER_2	7463920	7498686	IR	351	.	7481508	0.351	0.875	45	34776	7463920	7464877	7497730	7498686	67410207	7250000	7500000	45	3854	956	32853	spaced
SUPER_2	37373853	37394733	IR	351	.	37384551	0.351	0.406	33	20818	37373853	37384257	37384367	37394733	67410207	37200000	37450000	0	3071	10366	110	immediate
SUPER_2	58977510	59014543	IR	351	.	58996162	0.351	0.741	22	36999	58977510	58977564	59014503	59014543	67410207	58850000	59100000	132	2433	40	36939	spaced
SUPER_2	63507371	63670092	IR	350	.	63589066	0.350	0.817	133	162695	63507371	63510519	63666957	63670092	67410207	63500000	63750000	0	1478	3135	156438	wide
SUPER_2	56317257	56492508	IR	350	.	56404981	0.350	0.773	62	175323	56317257	56318684	56491089	56492508	67410207	56250000	56500000	62	2581	1419	172405	wide
SUPER_2	49107693	49162885	IR	350	.	49134837	0.350	1.000	21	55173	49107693	49107747	49162831	49162885	67410207	49000000	49250000	0	2254	54	55084	spaced
SUPER_2	22777676	22810900	IR	349	.	22793828	0.349	0.719	221	33221	22777676	22785420	22803156	22810959	67410207	22700000	22950000	0	1571	7744	17736	spaced
SUPER_2	57943434	58145865	IR	349	.	58045077	0.349	0.386	96	115587	57943434	58031638	58057673	58145865	67410207	57900000	58150000	0	2410	88192	26035	spaced
SUPER_2	16871449	16984317	IR	349	.	16928084	0.349	0.710	34	112828	16871449	16871511	16984273	16984317	67410207	16750000	17000000	496	2964	44	112762	wide
SUPER_2	25188054	25266954	IR	349	.	25227327	0.349	0.884	33	79269	25188054	25188694	25266314	25266956	67410207	25050000	25300000	33	2958	640	77620	spaced
SUPER_2	43775106	43922062	IR	349	.	43848872	0.349	0.970	32	146892	43775106	43775172	43921998	43922062	67410207	43750000	44000000	0	1642	64	146826	wide
SUPER_2	64162507	64245260	IR	349	.	64204013	0.349	0.679	23	82719	64162507	64162563	64245222	64245260	67410207	64050000	64300000	180	2564	38	82659	spaced
SUPER_2	58961874	58977550	IR	349	.	58969791	0.349	0.741	22	15632	58961874	58961914	58977510	58977564	67410207	58750000	59000000	132	3661	40	15596	spaced
SUPER_2	60397183	60471536	IR	348	.	60434845	0.348	0.873	61	74266	60397183	60398812	60469907	60471552	67410207	60250000	60500000	0	3072	1629	71095	spaced
SUPER_2	27361282	27489408	IR	348	.	27424859	0.348	0.846	46	128182	27361282	27362029	27488661	27489482	67410207	27250000	27500000	0	2922	747	126632	wide
SUPER_2	19096267	19175053	IR	348	.	19135701	0.348	0.414	29	79082	19096267	19135658	19135662	19175067	67410207	18950000	19200000	31	3094	39391	4	immediate
SUPER_2	33966524	33996866	IR	348	.	33981828	0.348	0.943	28	30411	33966524	33966873	33996518	33996866	67410207	33950000	34200000	28	528	348	29645	spaced
SUPER_2	36872012	37054395	IR	348	.	36963321	0.348	0.922	22	199228	36872012	36872306	37054106	37054395	67410207	36850000	37100000	22	1886	289	181800	wide
SUPER_2	58526693	58647722	IR	347	.	58587155	0.347	0.926	352	124875	58526693	58532312	58642106	58647722	67410207	58450000	58700000	353	2286	5616	109794	wide
SUPER_2	34716722	34773023	IR	347	.	34744446	0.347	0.716	53	56284	34716722	34719423	34770347	34773023	67410207	34550000	34800000	0	3247	2676	50924	spaced
SUPER_2	17153665	17295377	IR	347	.	17224139	0.347	0.778	49	140782	17153665	17157877	17291165	17295413	67410207	17100000	17350000	0	2075	4212	133288	wide
SUPER_2	39820215	39835123	IR	347	.	39828037	0.347	0.836	44	14852	39820215	39822332	39833006	39835178	67410207	39750000	40000000	0	1294	2117	10674	spaced
SUPER_2	23427444	23435779	IR	347	.	23431838	0.347	0.586	34	8443	23427444	23429995	23433228	23435862	67410207	23200000	23450000	34	3860	2551	3233	spaced
SUPER_2	6214757	6430709	IR	347	.	6322343	0.347	0.676	24	215906	6214757	6214825	6430663	6430709	67410207	6200000	6450000	0	2045	46	215838	wide
SUPER_2	42984884	43171601	IR	347	.	43077934	0.347	0.893	21	186667	42984884	42984940	43171551	43171601	67410207	42950000	43200000	0	2137	50	186611	wide
SUPER_2	8865417	8924861	IR	347	.	8895604	0.347	0.889	20	59398	8865417	8865471	8924813	8924861	67410207	8700000	8950000	0	3252	48	59342	spaced
SUPER_2	61712047	61769417	IR	346	.	61741188	0.346	0.853	71	57351	61712047	61713545	61767923	61769417	67410207	61650000	61900000	0	1512	1494	54378	spaced
SUPER_2	3433888	3444810	IR	346	.	3438959	0.346	0.571	25	10886	3433888	3433962	3444768	3444810	67410207	3200000	3450000	0	3989	42	10806	spaced
SUPER_2	18616601	18811656	IR	346	.	18713759	0.346	0.867	22	195019	18616601	18616661	18811604	18811656	67410207	18600000	18850000	0	1902	52	194943	wide
SUPER_2	4986	58175	IR	345	.	31307	0.345	0.569	147	52356	4986	19080	44142	58175	67410207	0	250000	0	526	14033	25062	spaced
SUPER_2	21510376	21619294	IR	345	.	21565245	0.345	0.413	38	108872	21510376	21510422	21619248	21619344	67410207	21400000	21650000	0	2747	46	108826	wide
SUPER_2	50511778	50532927	IR	345	.	50522319	0.345	0.902	36	21193	50511778	50512673	50532044	50532927	67410207	50300000	50550000	36	3705	883	19371	spaced
SUPER_2	54683589	54791725	IR	345	.	54737716	0.345	0.781	36	108082	54683589	54683639	54791675	54791739	67410207	54550000	54800000	588	3127	50	108036	wide
SUPER_2	8971862	8989122	IR	345	.	8980582	0.345	0.981	31	17207	8971862	8971916	8989069	8989122	67410207	8750000	9000000	570	3841	53	17153	spaced
SUPER_2	51152603	51265633	IR	345	.	51208827	0.345	0.658	28	113037	51152603	51152653	51265583	51265659	67410207	51100000	51350000	0	1818	50	112930	wide
SUPER_2	27984550	28043366	IR	345	.	28014141	0.345	0.840	25	58776	27984550	27984600	28043324	28043366	67410207	27800000	28050000	204	3565	42	58724	spaced
SUPER_2	59163374	59273600	IR	345	.	59218058	0.345	0.808	21	110249	59163374	59164196	59272778	59273647	67410207	59150000	59400000	0	1141	822	108582	wide
SUPER_2	42187558	42266504	IR	345	.	42226773	0.345	0.833	20	78937	42187558	42187608	42266454	42266514	67410207	42050000	42300000	0	2950	50	78846	spaced
SUPER_2	26042522	26057277	IR	344	.	26049637	0.344	0.923	157	14732	26042522	26045162	26054655	26057277	67410207	25850000	26100000	0	3331	2622	9493	spaced
SUPER_2	48648822	48652782	IR	344	.	48651244	0.344	0.994	57	3938	48648822	48649180	48652424	48652782	67410207	48500000	48750000	0	2513	358	3244	spaced
SUPER_2	62932202	62954143	IR	344	.	62943602	0.344	0.786	33	21997	62932202	62933216	62953129	62954219	67410207	62800000	63050000	0	2386	1014	19913	spaced
SUPER_2	3927958	4112165	IR	344	.	4020319	0.344	0.929	21	184155	3927958	3928014	4112113	4112165	67410207	3900000	4150000	0	2000	52	184099	wide
SUPER_2	17383113	17549368	IR	343	.	17466361	0.343	0.888	182	167273	17383113	17386955	17545586	17549368	67410207	17350000	17600000	182	1937	3782	158631	wide
SUPER_2	5870094	6012550	IR	343	.	5941323	0.343	0.859	72	142650	5870094	5871611	6011115	6012550	67410207	5800000	6050000	72	2355	1435	139504	wide
SUPER_2	40443600	40637583	IR	343	.	40540263	0.343	0.818	28	193960	40443600	40444714	40636469	40637590	67410207	40400000	40650000	0	2343	1114	191755	wide
SUPER_2	31937073	32093349	IR	343	.	32015068	0.343	0.690	24	156246	31937073	31937131	32093309	32093349	67410207	31850000	32100000	150	2753	40	156178	wide
SUPER_2	23094286	23099595	IR	343	.	23096555	0.343	0.579	22	5271	23094286	23094352	23099557	23099595	67410207	23050000	23300000	0	782	38	5205	spaced
SUPER_2	46352336	46372218	IR	342	.	46361947	0.342	0.886	132	19798	46352336	46353942	46370705	46372218	67410207	46250000	46500000	0	1871	1513	16763	spaced
SUPER_2	39412952	39553631	IR	342	.	39483207	0.342	0.930	50	140749	39412952	39413494	39553093	39553631	67410207	39400000	39650000	50	1388	538	139599	wide
SUPER_2	49401457	49479478	IR	342	.	49440409	0.342	0.835	41	78439	49401457	49404043	49476892	49479493	67410207	49350000	49600000	41	1507	2586	72849	spaced
SUPER_2	51389542	51561894	IR	342	.	51476059	0.342	0.386	38	76356	51389542	51465915	51485521	51561994	67410207	51350000	51600000	0	2095	76373	19606	spaced
SUPER_2	3237734	3287688	IR	342	.	3262287	0.342	0.786	30	49933	3237734	3238570	3286959	3287688	67410207	3050000	3300000	0	3545	729	48389	spaced
SUPER_2	28293942	28456967	IR	342	.	28375176	0.342	0.684	29	162975	28293942	28293994	28456915	28456991	67410207	28250000	28500000	0	2090	52	162921	wide
SUPER_2	32377130	32389228	IR	342	.	32383385	0.342	0.851	27	12744	32377130	32377746	32388612	32389237	67410207	32250000	32500000	27	2219	616	10866	spaced
SUPER_2	43259571	43261957	IR	342	.	43261212	0.342	0.697	22	2340	43259571	43259617	43261911	43261977	67410207	43050000	43300000	0	3512	46	2294	spaced
SUPER_2	10201320	10316160	IR	342	.	10258587	0.342	0.905	20	114826	10201320	10201624	10315856	10316160	67410207	10100000	10350000	20	2645	304	114232	wide
SUPER_2	44096745	44099276	IR	341	.	44098046	0.341	0.999	250	2850	44096745	44097846	44098175	44099276	67410207	43850000	44100000	252	4133	1101	329	immediate
SUPER_2	28151803	28255754	IR	341	.	28203253	0.341	0.392	40	103852	28151803	28197211	28210365	28255754	67410207	28050000	28300000	0	2562	45389	13154	spaced
SUPER_2	38321401	38332791	IR	341	.	38327509	0.341	0.866	39	11366	38321401	38322675	38331520	38332791	67410207	38100000	38350000	0	3784	1271	8845	spaced
SUPER_2	52921277	52924978	IR	341	.	52922814	0.341	0.250	29	3665	52921277	52921363	52924942	52924978	67410207	52750000	53000000	0	2885	36	3579	spaced
SUPER_2	26617917	26718790	IR	341	.	26668122	0.341	0.633	27	100827	26617917	26617955	26718752	26718812	67410207	26550000	26800000	138	1972	38	100797	wide
SUPER_2	1104886	1172696	IR	341	.	1138357	0.341	0.447	25	67772	1104886	1104962	1172658	1172696	67410207	950000	1200000	0	3146	38	67696	spaced
SUPER_2	56996919	57053955	IR	341	.	57025305	0.341	0.923	25	56992	56996919	56996971	57053907	57053955	67410207	56850000	57100000	282	2923	48	56936	spaced
SUPER_2	54962654	55114754	IR	341	.	55038572	0.341	0.750	24	152091	54962654	54962710	55114712	55114754	67410207	54900000	55150000	160	2311	42	152002	wide
SUPER_2	9668476	9696627	IR	341	.	9682081	0.341	0.600	23	28111	9668476	9668544	9696587	9696627	67410207	9500000	9750000	0	3042	40	28043	spaced
SUPER_2	25316781	25492055	IR	341	.	25404024	0.341	0.799	22	175260	25316781	25318438	25490398	25492058	67410207	25250000	25500000	0	2573	1657	171960	wide
SUPER_2	12745505	12860444	IR	341	.	12802528	0.341	0.643	21	114897	12745505	12745547	12860402	12860470	67410207	12650000	12900000	0	2549	42	114855	wide
SUPER_2	5567507	5580240	IR	340	.	5574314	0.340	0.913	95	12714	5567507	5569241	5578507	5580240	67410207	5350000	5600000	0	3731	1733	9266	spaced
SUPER_2	833090	875970	IR	340	.	854885	0.340	0.813	54	42750	833090	834690	874370	875972	67410207	650000	900000	0	3408	1600	39680	spaced
SUPER_2	19937845	19948211	IR	340	.	19942686	0.340	0.708	34	10302	19937845	19939870	19946186	19948225	67410207	19700000	19950000	0	4050	2025	6316	spaced
SUPER_2	43313626	43494139	IR	340	.	43404183	0.340	0.946	34	180495	43313626	43314052	43493713	43494140	67410207	43300000	43550000	0	1731	426	179661	wide
SUPER_2	65482936	65506304	IR	340	.	65494255	0.340	0.408	31	23400	65482936	65489100	65500140	65506400	67410207	65350000	65600000	0	2410	6164	11040	spaced
SUPER_2	48572787	48594766	IR	339	.	48583896	0.339	0.946	131	22981	48572787	48574323	48593232	48594766	67410207	48450000	48700000	131	2229	1534	18909	spaced
SUPER_2	57097581	57143686	IR	339	.	57120704	0.339	0.948	124	46487	57097581	57098738	57142529	57143696	67410207	57000000	57250000	124	2010	1157	43791	spaced
SUPER_2	66050179	66158160	IR	339	.	66104622	0.339	0.754	71	107967	66050179	66052373	66155966	66158252	67410207	66000000	66250000	0	1736	2194	103593	wide
SUPER_2	38867372	38966168	IR	339	.	38916536	0.339	0.866	50	98913	38867372	38868180	38965360	38966182	67410207	38800000	39050000	35	1946	808	97180	spaced
SUPER_2	30310444	30420826	IR	339	.	30365418	0.339	1.000	49	110264	30310444	30310461	30420809	30420826	67410207	30250000	30500000	1	1927	17	110348	wide
SUPER_2	59490176	59602545	IR	339	.	59546834	0.339	0.735	43	112344	59490176	59491547	59601239	59602545	67410207	59400000	59650000	0	2439	1306	109692	wide
SUPER_2	1268308	1316697	IR	339	.	1292156	0.339	0.774	36	48088	1268308	1270099	1314906	1316769	67410207	1100000	1350000	0	3208	1791	44807	spaced
SUPER_2	13244040	13370329	IR	339	.	13307532	0.339	0.375	30	126249	13244040	13244080	13370289	13370375	67410207	13150000	13400000	0	2619	40	126209	wide
SUPER_2	44185269	44222772	IR	339	.	44203993	0.339	0.733	22	37634	44185269	44188101	44219985	44222772	67410207	44150000	44400000	22	900	2787	31884	spaced
SUPER_2	14238295	14265580	IR	338	.	14252342	0.338	0.930	332	27267	14238295	14244083	14259792	14265600	67410207	14050000	14300000	0	3365	5788	15709	spaced
SUPER_2	15735512	15761007	IR	338	.	15748031	0.338	0.980	64	25516	15735512	15735920	15760599	15761007	67410207	15550000	15800000	64	3304	408	24679	spaced
SUPER_2	57884625	57936316	IR	338	.	57910867	0.338	0.869	38	51641	57884625	57885715	57935235	57936316	67410207	57700000	57950000	0	3507	1081	49520	spaced
SUPER_2	31351462	31392395	IR	338	.	31372267	0.338	0.852	34	40811	31351462	31352144	31391778	31392395	67410207	31350000	31600000	0	365	617	39634	spaced
SUPER_2	61905726	62041879	IR	338	.	61973598	0.338	0.633	25	136109	61905726	61905764	62041841	62041901	67410207	61800000	62050000	110	2896	38	136077	wide
SUPER_2	64931307	65002670	IR	338	.	64966581	0.338	0.853	23	71190	64931307	64933857	65000133	65002670	67410207	64900000	65150000	0	1116	2537	66276	spaced
SUPER_2	45448945	45496027	IR	338	.	45472930	0.338	0.926	21	47032	45448945	45448999	45495977	45496027	67410207	45250000	45500000	0	3707	50	46978	spaced
SUPER_2	29099823	29246668	IR	337	.	29173339	0.337	0.959	351	147702	29099823	29103392	29243103	29246668	67410207	29000000	29250000	351	2887	3565	139711	wide
SUPER_2	27498570	27638226	IR	337	.	27568094	0.337	0.931	216	139649	27498570	27502066	27634730	27638238	67410207	27400000	27650000	0	2806	3496	132664	wide
SUPER_2	26910349	26956908	IR	337	.	26933510	0.337	0.941	125	46835	26910349	26911502	26955755	26956934	67410207	26750000	27000000	127	3060	1153	44253	spaced
SUPER_2	50620154	50629984	IR	337	.	50624580	0.337	0.918	116	9797	50620154	50621691	50628447	50630010	67410207	50400000	50650000	0	3751	1537	6756	spaced
SUPER_2	32714001	32866772	IR	337	.	32790529	0.337	0.878	102	153119	32714001	32715164	32865632	32866772	67410207	32650000	32900000	107	2339	1140	150468	wide
SUPER_2	60335848	60386229	IR	337	.	60360806	0.337	0.833	36	50337	60335848	60335898	60386179	60386239	67410207	60150000	60400000	543	3517	50	50281	spaced
SUPER_2	15088146	15241272	IR	337	.	15165038	0.337	0.788	29	153106	15088146	15089244	15240193	15241272	67410207	15000000	15250000	0	2745	1079	150949	wide
SUPER_2	16787571	16871487	IR	337	.	16829351	0.337	0.633	26	83870	16787571	16787609	16871449	16871509	67410207	16700000	16950000	158	2158	38	83840	spaced
SUPER_2	4509697	4526060	IR	336	.	4517481	0.336	0.924	55	16223	4509697	4510759	4524998	4526060	67410207	4350000	4600000	0	2797	1062	14239	spaced
SUPER_2	62570923	62647797	IR	336	.	62609730	0.336	0.611	39	76899	62570923	62572125	62646595	62647846	67410207	62400000	62650000	0	3489	1202	74470	spaced
SUPER_2	29925151	30059796	IR	336	.	29992729	0.336	0.939	33	134628	29925151	29925695	30059255	30059796	67410207	29850000	30100000	0	2374	541	133560	wide
SUPER_2	7594007	7609880	IR	336	.	7601907	0.336	0.643	32	15839	7594007	7594075	7609838	7609880	67410207	7400000	7650000	243	3365	42	15763	spaced
SUPER_2	51308193	51328609	IR	336	.	51318348	0.336	0.855	31	20587	51308193	51309104	51327744	51328609	67410207	51150000	51400000	31	2806	865	18640	spaced
SUPER_2	31196925	31270268	IR	336	.	31234031	0.336	0.475	29	73303	31196925	31196965	31270228	31270306	67410207	31100000	31350000	0	2226	40	73263	spaced
SUPER_2	20742656	20762868	IR	336	.	20753178	0.336	0.722	28	20160	20742656	20742728	20762816	20762868	67410207	20550000	20800000	0	3379	52	20088	spaced
SUPER_2	64029047	64162547	IR	336	.	64096045	0.336	0.676	25	133454	64029047	64029093	64162501	64162569	67410207	63950000	64200000	0	2429	46	133408	wide
SUPER_2	64658149	64661924	IR	335	.	64659844	0.335	0.834	98	3934	64658149	64659106	64660967	64661984	67410207	64450000	64700000	98	3500	957	1861	immediate
SUPER_2	63888228	63988689	IR	335	.	63938711	0.335	0.868	86	100443	63888228	63889862	63987076	63988689	67410207	63800000	64050000	0	2307	1613	97214	spaced
SUPER_2	19732972	19743711	IR	335	.	19738073	0.335	0.894	72	10712	19732972	19735247	19741436	19743725	67410207	19600000	19850000	0	2305	2275	6189	spaced
SUPER_2	64327377	64427888	IR	335	.	64377186	0.335	0.887	63	100482	64327377	64329158	64426114	64427888	67410207	64200000	64450000	0	2960	1774	96956	spaced
SUPER_2	60276606	60318145	IR	335	.	60297744	0.335	0.790	59	41603	60276606	60277453	60317298	60318233	67410207	60150000	60400000	0	2456	847	39845	spaced
SUPER_2	52823071	52852828	IR	335	.	52838067	0.335	0.851	51	29831	52823071	52824218	52851681	52852844	67410207	52650000	52900000	51	3132	1147	27463	spaced
SUPER_2	41539660	41596684	IR	335	.	41568155	0.335	0.855	47	58019	41539660	41540488	41595856	41596752	67410207	41500000	41750000	47	1136	828	55368	spaced
SUPER_2	42886569	42984940	IR	335	.	42936034	0.335	0.622	42	98315	42886569	42886659	42984884	42984940	67410207	42800000	43050000	0	2262	56	98225	spaced
SUPER_2	7168227	7270133	IR	335	.	7219276	0.335	0.931	37	101850	7168227	7168281	7270079	7270137	67410207	7050000	7300000	656	2819	54	101798	wide
SUPER_2	8455886	8693915	IR	335	.	8574415	0.335	0.395	33	238012	8455886	8572025	8577803	8693915	67410207	8450000	8700000	0	2081	116112	5778	spaced
SUPER_2	50999265	51152653	IR	335	.	51076310	0.335	0.625	30	153340	50999265	50999345	51152605	51152653	67410207	50950000	51200000	0	2099	48	153260	wide
SUPER_2	15318452	15487770	IR	335	.	15403492	0.335	0.629	24	169274	15318452	15318522	15487726	15487770	67410207	15250000	15500000	0	2551	44	169204	wide
SUPER_2	22481712	22613868	IR	335	.	22547340	0.335	0.571	24	132136	22481712	22482498	22613082	22613981	67410207	22400000	22650000	0	2463	786	130584	wide
SUPER_2	35894175	35965430	IR	335	.	35929850	0.335	1.000	20	71209	35894175	35894221	35965384	35965430	67410207	35750000	36000000	220	2996	46	71163	spaced
SUPER_2	41377882	41486001	IR	334	.	41432233	0.334	0.902	259	108102	41377882	41382311	41481633	41486001	67410207	41250000	41500000	0	3032	4368	99322	spaced
SUPER_2	44479890	44540243	IR	334	.	44510283	0.334	0.907	107	60654	44479890	44481021	44539128	44540243	67410207	44400000	44650000	116	1834	1115	58107	spaced
SUPER_2	19222339	19301748	IR	334	.	19261843	0.334	0.879	64	79969	19222339	19225362	19298733	19301748	67410207	19100000	19350000	64	2700	3015	73371	spaced
SUPER_2	44773883	44918336	IR	334	.	44845734	0.334	0.925	37	144379	44773883	44774549	44917670	44918336	67410207	44700000	44950000	0	2435	666	143121	wide
SUPER_2	2206824	2263517	IR	334	.	2234872	0.334	0.906	30	56657	2206824	2206888	2263459	2263517	67410207	2050000	2300000	0	3086	58	56571	spaced
SUPER_2	43922004	44019748	IR	334	.	43970641	0.334	0.962	29	97696	43922004	43922056	44019698	44019748	67410207	43800000	44050000	444	2847	50	97642	spaced
SUPER_2	24371219	24384682	IR	334	.	24378060	0.334	1.000	20	13419	24371219	24371261	24384640	24384682	67410207	24250000	24500000	160	2132	42	13379	spaced
SUPER_2	50232210	50234414	IR	334	.	50233673	0.334	0.857	20	2156	50232210	50232266	50234366	50234414	67410207	50000000	50250000	0	3888	48	2100	spaced
SUPER_2	65786417	65892836	IR	333	.	65839358	0.333	0.911	128	106332	65786417	65788045	65891253	65892836	67410207	65650000	65900000	0	3160	1583	103208	wide
SUPER_2	11275146	11450188	IR	333	.	11362185	0.333	0.876	77	175019	11275146	11276868	11448505	11450188	67410207	11250000	11500000	0	1877	1683	171637	wide
SUPER_2	11206092	11234125	IR	333	.	11219782	0.333	0.562	66	28012	11206092	11211707	11228511	11234125	67410207	11000000	11250000	0	3668	5614	16804	spaced
SUPER_2	5852966	5862332	IR	333	.	5857475	0.333	0.892	53	9437	5852966	5854383	5860922	5862332	67410207	5750000	6000000	53	1794	1410	6539	spaced
SUPER_2	48843459	48904922	IR	333	.	48874620	0.333	0.717	37	61400	48843459	48844383	48903998	48904932	67410207	48800000	49050000	0	1236	924	59615	spaced
SUPER_2	33476621	33597918	IR	333	.	33536905	0.333	0.479	33	106519	33476621	33493628	33580911	33598035	67410207	33350000	33600000	0	3121	17007	87283	spaced
SUPER_2	21619266	21691419	IR	333	.	21655260	0.333	0.472	32	72135	21619266	21619336	21691383	21691419	67410207	21450000	21700000	94	3422	36	72047	spaced
SUPER_2	40718953	40899689	IR	333	.	40809420	0.333	0.886	24	181267	40718953	40719795	40898848	40899689	67410207	40650000	40900000	24	2655	841	179053	wide
SUPER_2	23084288	23094328	IR	333	.	23089062	0.333	1.000	23	9998	23084288	23084330	23094286	23094328	67410207	23000000	23250000	48	1488	42	9956	spaced
SUPER_2	11558505	11754670	IR	333	.	11656157	0.333	0.963	20	196113	11558505	11558557	11754618	11754672	67410207	11550000	11800000	0	1776	52	196061	wide
SUPER_2	9183420	9191610	IR	332	.	9187263	0.332	0.955	89	8165	9183420	9184565	9190467	9191610	67410207	9000000	9250000	0	3125	1143	5902	spaced
SUPER_2	45331581	45337870	IR	332	.	45334800	0.332	0.980	86	6358	45331581	45332019	45337432	45337870	67410207	45200000	45450000	86	2245	438	5413	spaced
SUPER_2	1379572	1512007	IR	332	.	1445928	0.332	0.912	72	132557	1379572	1380445	1511155	1512007	67410207	1300000	1550000	72	2429	852	130710	wide
SUPER_2	15544471	15593270	IR	332	.	15568796	0.332	0.892	44	49826	15544471	15545856	15591885	15593283	67410207	15500000	15750000	44	1147	1385	46029	spaced
SUPER_2	33338188	33409524	IR	332	.	33373989	0.332	0.849	38	73619	33338188	33339209	33408549	33409524	67410207	33250000	33500000	38	2064	975	69340	spaced
SUPER_2	53216043	53248244	IR	332	.	53231789	0.332	0.744	36	32193	53216043	53217576	53246711	53248256	67410207	53200000	53450000	0	535	1533	29135	spaced
SUPER_2	40155537	40343813	IR	332	.	40249820	0.332	0.813	29	189690	40155537	40156769	40342581	40343820	67410207	40100000	40350000	29	2494	1232	185812	wide
SUPER_2	8351057	8447991	IR	332	.	8399119	0.332	0.935	27	96876	8351057	8351115	8447933	8447995	67410207	8200000	8450000	0	3325	58	96818	spaced
SUPER_2	56692013	56816609	IR	332	.	56753840	0.332	0.788	27	124544	56692013	56692065	56816557	56816623	67410207	56600000	56850000	0	2571	52	124492	wide
SUPER_2	22613968	22725910	IR	332	.	22670166	0.332	0.745	26	112019	22613968	22614023	22725867	22725910	67410207	22550000	22800000	20	1998	43	111844	wide
SUPER_2	41098616	41294848	IR	332	.	41196886	0.332	0.800	20	196196	41098616	41098666	41294808	41294848	67410207	41050000	41300000	140	2445	40	196142	wide
SUPER_2	57743879	57801171	IR	332	.	57772996	0.332	0.893	20	57242	57743879	57743929	57801121	57801177	67410207	57600000	57850000	0	2875	50	57192	spaced
SUPER_2	8798800	8807685	IR	331	.	8803114	0.331	0.966	206	9090	8798800	8799875	8806633	8807685	67410207	8600000	8850000	206	3387	1052	6758	spaced
SUPER_2	25492822	25556691	IR	331	.	25524294	0.331	0.914	44	63850	25492822	25494253	25555260	25556693	67410207	25350000	25600000	0	2912	1431	61007	spaced
SUPER_2	12944040	13064093	IR	331	.	13004298	0.331	1.000	39	124253	12944040	12944058	13064075	13064093	67410207	12900000	13150000	2	1734	18	120017	wide
SUPER_2	1064636	1104934	IR	331	.	1085056	0.331	0.641	30	40250	1064636	1064686	1104884	1104962	67410207	900000	1150000	0	3079	50	40198	spaced
SUPER_2	53381538	53381609	IR	331	.	53381693	0.331	0.873	30	58537	53381538	53381586	53381561	53381616	67410207	53250000	53500000	640	2192	48	-25	overlap
SUPER_2	60487572	60525907	IR	331	.	60507170	0.331	0.912	24	38235	60487572	60487971	60525509	60525907	67410207	60400000	60650000	0	1778	398	37538	spaced
SUPER_2	64615952	64620409	IR	330	.	64618331	0.330	0.951	162	4823	64615952	64617397	64618968	64620409	67410207	64400000	64650000	162	3636	1441	1571	immediate
SUPER_2	992534	1006763	IR	330	.	999303	0.330	0.870	32	14236	992534	993500	1005797	1006790	67410207	800000	1050000	0	3327	966	12297	spaced
SUPER_2	30834439	30943068	IR	330	.	30888984	0.330	0.857	31	108641	30834439	30834481	30943032	30943068	67410207	30750000	31000000	12	2312	36	108551	wide
SUPER_2	61171147	61280279	IR	330	.	61225976	0.330	0.746	28	109132	61171147	61171200	61280226	61280297	67410207	61050000	61300000	0	2928	53	109026	wide
SUPER_2	21973535	22093844	IR	329	.	22033385	0.329	0.860	92	120201	21973535	21978161	22089245	22093844	67410207	21850000	22100000	0	3061	4599	111084	wide
SUPER_2	38737974	38789396	IR	329	.	38764156	0.329	0.846	57	51405	38737974	38741982	38785472	38789396	67410207	38700000	38950000	0	1061	3924	43490	spaced
SUPER_2	55244427	55370095	IR	329	.	55306936	0.329	0.830	57	125062	55244427	55246178	55368344	55370149	67410207	55200000	55450000	0	1787	1751	122166	wide
SUPER_2	56054125	56123652	IR	329	.	56089370	0.329	0.929	51	69506	56054125	56054845	56122946	56123652	67410207	55900000	56150000	0	3148	706	68101	spaced
SUPER_2	30600755	30834463	IR	329	.	30717904	0.329	0.730	33	233676	30600755	30600809	30834409	30834483	67410207	30600000	30850000	0	1960	54	233600	wide
SUPER_2	63019110	63122216	IR	329	.	63070240	0.329	0.806	31	103048	63019110	63019168	63122158	63122230	67410207	62900000	63150000	0	2844	58	102990	wide
SUPER_2	41693920	41734853	IR	329	.	41713901	0.329	0.936	28	40762	41693920	41694386	41734390	41734853	67410207	41550000	41800000	0	2739	463	40004	spaced
SUPER_2	46087722	46242763	IR	329	.	46165621	0.329	0.342	27	155003	46087722	46087760	46242725	46242809	67410207	46050000	46300000	0	1920	38	154965	wide
SUPER_2	53639271	53660806	IR	329	.	53650110	0.329	0.924	25	21670	53639271	53639623	53660454	53660809	67410207	53450000	53700000	25	3333	352	20831	spaced
SUPER_2	58223649	58226916	IR	329	.	58225105	0.329	0.875	22	3223	58223649	58223691	58226874	58226922	67410207	58000000	58250000	176	3754	42	3183	spaced
SUPER_2	66769723	66912386	IR	329	.	66841245	0.329	0.816	21	142625	66769723	66769772	66912346	66912386	67410207	66700000	66950000	195	2350	40	142574	wide
SUPER_2	2932041	3095665	IR	328	.	3013915	0.328	0.916	250	164635	2932041	2935165	3092585	3095665	67410207	2900000	3150000	250	1897	3080	157420	wide
SUPER_2	47219032	47224572	IR	328	.	47222146	0.328	0.970	233	5555	47219032	47220755	47222849	47224604	67410207	47000000	47250000	0	3696	1723	2094	spaced
SUPER_2	12081836	12287264	IR	328	.	12184084	0.328	0.895	81	205428	12081836	12082694	12286406	12287282	67410207	12050000	12300000	0	2242	858	203712	wide
SUPER_2	23037843	23084334	IR	328	.	23061394	0.328	0.639	25	46455	23037843	23037915	23084288	23084334	67410207	23000000	23250000	0	1018	46	46373	spaced
SUPER_2	33023338	33167313	IR	328	.	33095724	0.328	0.500	20	143939	33023338	33023374	33167277	33167345	67410207	33000000	33250000	0	1588	36	143903	wide
SUPER_2	50577021	50603824	IR	328	.	50590036	0.328	0.444	20	26767	50577021	50577093	50603788	50603824	67410207	50400000	50650000	0	3173	36	26695	spaced
SUPER_2	43661162	43705034	IR	327	.	43683443	0.327	0.888	82	43792	43661162	43662489	43703760	43705034	67410207	43550000	43800000	0	2218	1274	41271	spaced
SUPER_2	33184950	33256725	IR	327	.	33220645	0.327	0.879	67	71904	33184950	33185831	33255856	33256725	67410207	33050000	33300000	69	2847	869	70025	spaced
SUPER_2	53356533	53381594	IR	327	.	53369001	0.327	0.694	42	25005	53356533	53356583	53381544	53381616	67410207	53250000	53500000	767	1984	50	24961	spaced
SUPER_2	29845085	29897016	IR	327	.	29870826	0.327	0.744	39	59774	29845085	29845826	29896275	29897050	67410207	29750000	30000000	8	2017	741	50449	spaced
SUPER_2	6670839	6856957	IR	327	.	6763995	0.327	0.750	37	186094	6670839	6670903	6856909	6856957	67410207	6650000	6900000	491	1898	48	186006	wide
SUPER_2	23838626	24034991	IR	327	.	23936956	0.327	0.900	36	196394	23838626	23839067	24034570	24034991	67410207	23800000	24050000	37	2280	421	195503	wide
SUPER_2	38403944	38469590	IR	327	.	38436282	0.327	0.641	31	65596	38403944	38404022	38469540	38469590	67410207	38250000	38500000	0	3112	50	65518	spaced
SUPER_2	25782725	25847190	IR	327	.	25815159	0.327	1.000	29	64455	25782725	25782847	25847068	25847190	67410207	25600000	25850000	29	3582	122	64221	spaced
SUPER_2	29566540	29583770	IR	327	.	29575006	0.327	0.865	28	17817	29566540	29567882	29582428	29583786	67410207	29350000	29600000	28	3752	1342	14546	spaced
SUPER_2	66644796	66769771	IR	327	.	66707512	0.327	0.955	26	124929	66644796	66644838	66769729	66769773	67410207	66600000	66850000	166	1787	42	124891	wide
SUPER_2	49710734	49837950	IR	327	.	49774154	0.327	0.962	25	127166	49710734	49710784	49837900	49837952	67410207	49600000	49850000	324	2905	50	127116	wide
SUPER_2	41790165	41958950	IR	327	.	41874177	0.327	0.886	24	168778	41790165	41791197	41957918	41958962	67410207	41750000	42000000	0	2075	1032	166721	wide
SUPER_2	39334559	39365362	IR	326	.	39350147	0.326	0.888	259	37738	39334559	39336600	39363327	39365362	67410207	39150000	39400000	270	3332	2035	26727	spaced
SUPER_2	46650722	46789785	IR	326	.	46719945	0.326	0.891	159	139043	46650722	46652723	46787784	46789792	67410207	46550000	46800000	0	2837	2001	135061	wide
SUPER_2	66722	183163	IR	326	.	124784	0.326	0.949	128	116819	66722	68415	181470	183163	67410207	50000	300000	128	1248	1693	113055	wide
SUPER_2	34834195	35027736	IR	326	.	34931047	0.326	0.421	103	193628	34834195	34884983	34976950	35027736	67410207	34800000	35050000	103	2182	50786	91967	spaced
SUPER_2	35693252	35794648	IR	326	.	35743676	0.326	0.000	48	101358	35693252	35693374	35794606	35794648	67410207	35600000	35850000	0	2399	42	101232	wide
SUPER_2	17930583	17953913	IR	326	.	17942282	0.326	0.726	27	23688	17930583	17932018	17952478	17953940	67410207	17800000	18050000	35	2370	1435	20460	spaced
SUPER_2	31840175	31937105	IR	326	.	31888620	0.326	0.583	27	126926	31840175	31840211	31937069	31937131	67410207	31750000	32000000	135	2310	36	96858	spaced
SUPER_2	53531159	53574115	IR	326	.	53552976	0.326	0.801	25	42939	53531159	53534606	53570700	53574115	67410207	53450000	53700000	0	1710	3415	36094	spaced
SUPER_2	18376265	18429077	IR	326	.	18403070	0.326	0.833	24	52776	18376265	18376325	18429027	18429077	67410207	18300000	18550000	0	1711	50	52702	spaced
SUPER_2	13621397	13741596	IR	326	.	13681761	0.326	0.619	23	120157	13621397	13621439	13741554	13741624	67410207	13550000	13800000	0	2191	42	120115	wide
SUPER_2	19196686	19202574	IR	326	.	19199277	0.326	0.813	22	5768	19196686	19198122	19201138	19202595	67410207	19000000	19250000	0	3327	1436	3016	spaced
SUPER_2	62281213	62320343	IR	325	.	62301008	0.325	0.965	258	39515	62281213	62283052	62318520	62320343	67410207	62100000	62350000	258	3346	1823	35468	spaced
SUPER_2	21744071	21892419	IR	325	.	21818530	0.325	0.882	62	148333	21744071	21747129	21889361	21892423	67410207	21650000	21900000	0	2803	3058	142232	wide
SUPER_2	52016531	52087028	IR	325	.	52051521	0.325	0.933	36	70485	52016531	52017127	52086432	52087039	67410207	51950000	52200000	0	1696	596	69305	spaced
SUPER_2	13378617	13441465	IR	325	.	13410405	0.325	0.857	31	62788	13378617	13378687	13441405	13441465	67410207	13300000	13550000	0	1833	60	62718	spaced
SUPER_2	9349359	9479232	IR	325	.	9414484	0.325	0.786	27	129837	9349359	9349415	9479188	9479232	67410207	9250000	9500000	279	2738	44	129773	wide
SUPER_2	15804484	15835680	IR	325	.	15819754	0.325	0.649	26	31203	15804484	15804532	15835632	15835706	67410207	15650000	15900000	0	2834	48	31100	spaced
SUPER_2	37921543	37959809	IR	325	.	37940866	0.325	0.750	23	38220	37921543	37921585	37959767	37959823	67410207	37750000	38000000	148	3177	42	38182	spaced
SUPER_2	32482795	32568812	IR	325	.	32525624	0.325	0.909	21	86137	32482795	32483290	32568317	32568816	67410207	32400000	32650000	21	2096	495	85027	spaced
SUPER_2	42292762	42345672	IR	324	.	42318783	0.324	0.865	106	52908	42292762	42295112	42343322	42345692	67410207	42150000	42400000	0	2820	2350	48210	spaced
SUPER_2	31462853	31537221	IR	324	.	31500073	0.324	0.875	76	74622	31462853	31463963	31536174	31537221	67410207	31300000	31550000	76	3333	1047	72211	spaced
SUPER_2	45134683	45164106	IR	324	.	45149621	0.324	0.559	53	32546	45134683	45136509	45162280	45164111	67410207	45000000	45250000	15	2489	1826	25771	spaced
SUPER_2	39225012	39227359	IR	324	.	39226192	0.324	0.897	32	2455	39225012	39225424	39226947	39227382	67410207	39050000	39300000	32	2936	412	1523	immediate
SUPER_2	31270234	31325831	IR	324	.	31297942	0.324	0.644	30	55565	31270234	31270293	31325793	31325831	67410207	31100000	31350000	175	3300	38	55500	spaced
SUPER_2	46863290	46908725	IR	324	.	46886068	0.324	0.896	27	45493	46863290	46863827	46908202	46908725	67410207	46800000	47050000	53	1433	523	44375	spaced
SUPER_2	30287480	30306980	IR	324	.	30296931	0.324	0.859	26	19405	30287480	30288151	30306309	30306984	67410207	30150000	30400000	0	2453	671	18158	spaced
SUPER_2	53255919	53356579	IR	324	.	53306222	0.324	0.920	23	100614	53255919	53255965	53356533	53356583	67410207	53250000	53500000	260	937	46	100568	wide
SUPER_2	55557630	55563225	IR	324	.	55560215	0.324	0.375	23	5569	55557630	55557698	55563193	55563225	67410207	55450000	55700000	128	1840	32	5495	spaced
SUPER_2	16569290	16677480	IR	324	.	16623214	0.324	0.958	22	108146	16569290	16569338	16677434	16677480	67410207	16450000	16700000	220	2889	46	108096	wide
SUPER_2	49251385	49264797	IR	323	.	49258458	0.323	0.939	207	13389	49251385	49253901	49262289	49264797	67410207	49150000	49400000	0	1801	2508	8388	spaced
SUPER_2	17587998	17596504	IR	323	.	17592421	0.323	0.987	175	8794	17587998	17588817	17595685	17596510	67410207	17350000	17600000	175	4037	819	6868	spaced
SUPER_2	10526657	10539884	IR	323	.	10532962	0.323	0.843	120	13103	10526657	10531590	10535004	10539884	67410207	10350000	10600000	0	3054	4880	3414	spaced
SUPER_2	24758512	24824929	IR	323	.	24791637	0.323	0.876	42	66903	24758512	24759225	24824255	24824929	67410207	24600000	24850000	45	3195	674	65030	spaced
SUPER_2	47314401	47530692	IR	323	.	47422721	0.323	0.895	34	216414	47314401	47315016	47530080	47530692	67410207	47300000	47550000	34	2042	612	215064	wide
SUPER_2	21022018	21154790	IR	323	.	21088794	0.323	0.803	26	132677	21022018	21024208	21152659	21154790	67410207	21000000	21250000	0	1473	2131	128451	wide
SUPER_2	53817562	53847833	IR	323	.	53832760	0.323	0.742	26	30277	53817562	53817896	53847529	53847833	67410207	53700000	53950000	35	2211	304	29633	spaced
SUPER_2	5431589	5469963	IR	323	.	5451078	0.323	0.963	21	38326	5431589	5431643	5469911	5469963	67410207	5250000	5500000	0	3346	52	38268	spaced
SUPER_2	54263819	54317246	IR	323	.	54290760	0.323	0.870	20	53393	54263819	54263865	54317206	54317246	67410207	54200000	54450000	105	1508	40	53341	spaced
SUPER_2	54801912	54917154	IR	322	.	54859234	0.322	0.888	100	115024	54801912	54803295	54915801	54917154	67410207	54800000	55050000	0	992	1353	112506	wide
SUPER_2	31778189	31810583	IR	322	.	31794161	0.322	0.864	89	32633	31778189	31779308	31809464	31810595	67410207	31600000	31850000	89	3239	1119	30156	spaced
SUPER_2	26554197	26558098	IR	322	.	26556207	0.322	0.964	88	4221	26554197	26555028	26557267	26558098	67410207	26350000	26600000	88	3435	831	2239	spaced
SUPER_2	56180063	56252399	IR	322	.	56216646	0.322	0.875	45	72312	56180063	56181304	56251167	56252399	67410207	56050000	56300000	0	2770	1232	69863	spaced
SUPER_2	15248975	15282910	IR	322	.	15266027	0.322	0.874	40	33949	15248975	15250005	15281881	15282910	67410207	15050000	15300000	40	3598	1029	31876	spaced
SUPER_2	9521530	9532308	IR	322	.	9527419	0.322	0.602	32	10784	9521530	9523147	9530691	9532338	67410207	9350000	9600000	0	2948	1617	7544	spaced
SUPER_2	7061685	7168279	IR	322	.	7114826	0.322	0.963	31	106542	7061685	7061737	7168227	7168281	67410207	6950000	7200000	512	2749	52	106490	wide
SUPER_2	8067466	8224702	IR	322	.	8145581	0.322	0.884	29	157239	8067466	8068388	8223780	8224725	67410207	8050000	8300000	0	1601	922	155392	wide
SUPER_2	48402527	48418994	IR	322	.	48411158	0.322	0.342	29	16429	48402527	48402611	48418956	48418994	67410207	48250000	48500000	0	2679	38	16345	spaced
SUPER_2	43580610	43644940	IR	322	.	43612642	0.322	0.957	22	64294	43580610	43580656	43644896	43644940	67410207	43400000	43650000	204	3546	44	64240	spaced
SUPER_2	60806197	60904003	IR	322	.	60854960	0.322	0.955	21	97766	60806197	60806239	60903961	60904005	67410207	60700000	60950000	98	2584	42	97722	spaced
SUPER_2	59827372	60031721	IR	321	.	59929088	0.321	0.969	323	204321	59827372	59830474	60028619	60031722	67410207	59800000	60050000	0	2158	3102	198145	wide
SUPER_2	34209475	34267502	IR	321	.	34238267	0.321	0.630	45	58043	34209475	34210261	34266740	34267502	67410207	34050000	34300000	15	3141	762	56479	spaced
SUPER_2	39143490	39182714	IR	321	.	39163482	0.321	0.734	33	39241	39143490	39149855	39176349	39182755	67410207	38950000	39200000	0	3551	6365	26494	spaced
SUPER_2	5315633	5405192	IR	321	.	5360228	0.321	0.786	31	89661	5315633	5316590	5404295	5405192	67410207	5200000	5450000	33	2673	897	87705	spaced
SUPER_2	48259897	48371934	IR	321	.	48316389	0.321	0.889	28	112014	48259897	48260401	48371430	48371961	67410207	48150000	48400000	0	2765	504	111029	wide
SUPER_2	57272890	57427871	IR	321	.	57350695	0.321	0.891	28	154951	57272890	57273385	57427385	57427871	67410207	57200000	57450000	0	2506	486	154000	wide
SUPER_2	9297200	9349393	IR	321	.	9323634	0.321	0.575	23	52153	9297200	9297240	9349353	9349423	67410207	9100000	9350000	0	3721	40	52113	spaced
SUPER_2	46982132	47140180	IR	321	.	47061408	0.321	0.700	23	158006	46982132	46982192	47140138	47140180	67410207	46900000	47150000	0	2685	42	157946	wide
SUPER_2	24944444	25086004	IR	321	.	25015266	0.321	0.606	20	141211	24944444	24945380	25085078	25086004	67410207	24900000	25150000	22	1920	926	139698	wide
SUPER_2	50476667	50490544	IR	320	.	50483537	0.320	0.943	35	14092	50476667	50477242	50489969	50490546	67410207	50300000	50550000	35	3059	575	12727	spaced
SUPER_2	2634286	2822797	IR	320	.	2728767	0.320	0.960	32	188475	2634286	2634336	2822749	2822797	67410207	2600000	2850000	345	2142	48	188413	wide
SUPER_2	44572602	44648023	IR	320	.	44610803	0.320	0.873	30	75312	44572602	44573386	44647239	44648028	67410207	44500000	44750000	0	1838	784	73853	spaced
SUPER_2	35508667	35549762	IR	320	.	35528768	0.320	0.771	28	41074	35508667	35509490	35549031	35549762	67410207	35450000	35700000	0	1320	731	39541	spaced
SUPER_2	2405903	2446150	IR	320	.	2426441	0.320	0.896	22	40197	2405903	2406476	2445577	2446160	67410207	2250000	2500000	0	2933	573	39101	spaced
SUPER_2	47231321	47302090	IR	319	.	47266473	0.319	0.918	98	71094	47231321	47231418	47301993	47302090	67410207	47100000	47350000	4	2778	97	70575	spaced
SUPER_2	16252934	16448976	IR	319	.	16350880	0.319	0.864	58	196114	16252934	16253654	16448256	16449000	67410207	16250000	16500000	58	1682	720	194602	wide
SUPER_2	32226730	32347381	IR	319	.	32287237	0.319	0.803	48	121113	32226730	32227444	32346667	32347459	67410207	32150000	32400000	49	2284	714	119223	wide
SUPER_2	39615807	39620066	IR	319	.	39617460	0.319	0.903	43	4220	39615807	39616332	39619580	39620066	67410207	39500000	39750000	0	1965	486	3248	spaced
SUPER_2	4313222	4414035	IR	319	.	4363251	0.319	0.378	25	100767	4313222	4363673	4363659	4414035	67410207	4300000	4550000	0	1060	50376	-14	overlap
SUPER_2	54072291	54178696	IR	319	.	54125132	0.319	0.781	23	106355	54072291	54072355	54178646	54178696	67410207	53950000	54200000	0	2924	50	106291	wide
SUPER_2	20184592	20315929	IR	319	.	20250093	0.319	0.872	21	131628	20184592	20185578	20314946	20315929	67410207	20100000	20350000	21	2504	983	129368	wide
SUPER_2	62363028	62488292	IR	318	.	62425733	0.318	0.973	237	125623	62363028	62364643	62486685	62488292	67410207	62300000	62550000	241	2094	1607	122042	wide
SUPER_2	24495475	24535597	IR	318	.	24515387	0.318	0.940	234	40515	24495475	24497147	24533970	24535597	67410207	24400000	24650000	248	1925	1627	36823	spaced
SUPER_2	41323178	41345280	IR	318	.	41333854	0.318	0.909	177	22175	41323178	41325385	41343073	41345372	67410207	41200000	41450000	0	2237	2207	17688	spaced
SUPER_2	36599909	36652438	IR	318	.	36625891	0.318	0.849	76	52499	36599909	36603263	36649159	36652438	67410207	36450000	36700000	0	2936	3279	45896	spaced
SUPER_2	44059343	44092684	IR	318	.	44075660	0.318	0.858	25	33319	44059343	44060086	44091947	44092684	67410207	43900000	44150000	0	2933	737	31861	spaced
SUPER_2	10966696	10980279	IR	318	.	10973718	0.318	1.000	23	13559	10966696	10966734	10980241	10980279	67410207	10750000	11000000	20	3724	38	13507	spaced
SUPER_2	42738925	42851200	IR	317	.	42795107	0.317	0.957	238	114360	42738925	42741177	42848948	42851200	67410207	42650000	42900000	238	2417	2252	107771	wide
SUPER_2	4592099	4688941	IR	317	.	4640481	0.317	0.705	62	97899	4592099	4594659	4686381	4689009	67410207	4450000	4700000	65	3175	2560	91722	spaced
SUPER_2	10797379	10956157	IR	317	.	10876841	0.317	0.867	33	158933	10797379	10797948	10955600	10956157	67410207	10750000	11000000	82	2112	557	157652	wide
SUPER_2	3631851	3772303	IR	317	.	3702041	0.317	0.647	24	140416	3631851	3631885	3772269	3772323	67410207	3550000	3800000	58	2534	34	140384	wide
SUPER_2	15835634	15982408	IR	317	.	15909353	0.317	0.595	23	146734	15835634	15835706	15982366	15982408	67410207	15750000	16000000	0	2650	42	146660	wide
SUPER_2	4702729	4709686	IR	316	.	4706397	0.316	0.931	49	7016	4702729	4703150	4709265	4709702	67410207	4650000	4900000	49	936	421	6115	spaced
SUPER_2	12542084	12745547	IR	316	.	12643682	0.316	0.750	24	203429	12542084	12542140	12745505	12745547	67410207	12500000	12750000	164	2396	42	203365	wide
SUPER_2	39762859	39815019	IR	316	.	39788454	0.316	0.525	24	52120	39762859	39762899	39814979	39815053	67410207	39650000	39900000	0	2315	40	52080	spaced
SUPER_2	57806698	57809952	IR	316	.	57808366	0.316	0.838	23	3275	57806698	57806961	57809689	57809967	67410207	57650000	57900000	23	2638	263	2728	spaced
SUPER_2	65207428	65250085	IR	316	.	65228861	0.316	0.880	22	42615	65207428	65207472	65250041	65250091	67410207	65050000	65300000	273	2979	44	42569	spaced
SUPER_2	65047184	65207476	IR	316	.	65126889	0.316	0.963	21	160256	65047184	65047238	65207424	65207476	67410207	65000000	65250000	0	2122	52	160186	wide
SUPER_2	23482858	23493527	IR	315	.	23488643	0.315	0.923	82	10642	23482858	23484145	23492247	23493527	67410207	23250000	23500000	0	3969	1280	8102	spaced
SUPER_2	48393895	48402597	IR	315	.	48397846	0.315	0.833	46	8632	48393895	48393965	48402527	48402611	67410207	48250000	48500000	0	2470	70	8562	spaced
SUPER_2	47752270	47890857	IR	314	.	47821185	0.314	0.720	52	138560	47752270	47754260	47888953	47890857	67410207	47650000	47900000	0	2859	1904	134693	wide
SUPER_2	32652968	32699320	IR	314	.	32675843	0.314	0.769	32	46319	32652968	32656728	32695619	32699320	67410207	32550000	32800000	0	2102	3701	38891	spaced
SUPER_2	44019694	44036742	IR	314	.	44027942	0.314	0.909	30	16988	44019694	44019754	44036682	44036748	67410207	43800000	44050000	0	3803	60	16928	spaced
SUPER_2	18871588	19027918	IR	314	.	18949478	0.314	0.962	20	156280	18871588	18871640	19027868	19027918	67410207	18800000	19050000	0	2495	50	156228	wide
SUPER_2	27010187	27021771	IR	313	.	27015543	0.313	0.953	107	11574	27010187	27011278	27020680	27021780	67410207	27000000	27250000	0	266	1091	9402	spaced
SUPER_2	35682630	35693302	IR	313	.	35688134	0.313	0.263	50	10624	35682630	35682668	35693264	35693354	67410207	35550000	35800000	314	2299	38	10596	spaced
SUPER_2	13741554	13891834	IR	313	.	13817039	0.313	0.857	35	150236	13741554	13741624	13891774	13891834	67410207	13650000	13900000	0	2778	60	150150	wide
SUPER_2	31129092	31153292	IR	313	.	31141036	0.313	0.797	35	24196	31129092	31129932	31152459	31153292	67410207	31000000	31250000	35	2353	833	22527	spaced
SUPER_2	28456923	28503456	IR	313	.	28480152	0.313	0.833	33	46485	28456923	28456983	28503406	28503456	67410207	28350000	28600000	500	2169	50	46423	spaced
SUPER_2	5060444	5102415	IR	313	.	5081218	0.313	0.789	31	42302	5060444	5061708	5101151	5102448	67410207	5050000	5300000	31	523	1264	39443	spaced
SUPER_2	57611017	57616587	IR	312	.	57613885	0.312	0.995	239	5786	57611017	57612216	57615388	57616587	67410207	57400000	57650000	239	3563	1199	3172	spaced
SUPER_2	51669578	51776241	IR	312	.	51722997	0.312	0.966	100	106852	51669578	51670545	51775274	51776242	67410207	51600000	51850000	100	2048	967	104729	wide
SUPER_2	58226874	58293684	IR	312	.	58260450	0.312	0.889	32	66760	58226874	58226922	58293636	58293690	67410207	58050000	58300000	478	3504	48	66714	spaced
SUPER_2	53082793	53212113	IR	312	.	53147893	0.312	0.935	27	129262	53082793	53082855	53212055	53212113	67410207	53000000	53250000	0	2457	58	129200	wide
SUPER_2	65506336	65520612	IR	312	.	65513942	0.312	0.656	20	14234	65506336	65506400	65520570	65520612	67410207	65350000	65600000	0	2724	42	14170	spaced
SUPER_2	54662551	54667451	IR	311	.	54664648	0.311	0.984	58	4880	54662551	54662994	54667008	54667451	67410207	54450000	54700000	0	3583	443	4014	spaced
SUPER_2	359764	434985	IR	311	.	397027	0.311	0.954	57	75201	359764	360692	434057	434986	67410207	350000	600000	0	789	928	73365	spaced
SUPER_2	66572455	66613526	IR	311	.	66592665	0.311	0.318	38	41031	66572455	66572555	66613482	66613526	67410207	66450000	66700000	0	2383	44	40927	spaced
SUPER_2	50352882	50456508	IR	311	.	50405087	0.311	0.927	24	103521	50352882	50353430	50455962	50456508	67410207	50300000	50550000	0	1744	546	102532	wide
SUPER_2	35145317	35149384	IR	311	.	35147615	0.311	0.967	22	4044	35145317	35145561	35149141	35149384	67410207	34900000	35150000	0	4122	243	3580	spaced
SUPER_2	54394378	54546569	IR	311	.	54470447	0.311	0.797	21	152414	54394378	54395294	54545653	54546586	67410207	54300000	54550000	21	2841	916	150359	wide
SUPER_2	37160412	37275263	IR	310	.	37217542	0.310	0.915	82	114800	37160412	37161862	37273827	37275263	67410207	37050000	37300000	0	2797	1436	111965	wide
SUPER_2	23340070	23402566	IR	310	.	23370832	0.310	0.409	76	62483	23340070	23367377	23375259	23402571	67410207	23200000	23450000	0	2855	27307	7882	spaced
SUPER_2	1663408	1743896	IR	310	.	1703855	0.310	0.805	36	80538	1663408	1666098	1741337	1743896	67410207	1550000	1800000	36	2560	2559	75239	spaced
SUPER_2	1539732	1627124	IR	309	.	1582971	0.309	0.703	35	87340	1539732	1539784	1627072	1627146	67410207	1450000	1700000	0	2223	52	87288	spaced
SUPER_2	34498230	34508334	IR	309	.	34503603	0.309	0.929	27	10094	34498230	34498548	34508016	34508342	67410207	34400000	34650000	0	1721	318	9468	spaced
SUPER_2	20510267	20641281	IR	309	.	20575349	0.309	0.852	23	130930	20510267	20510945	20640603	20641295	67410207	20400000	20650000	0	2929	678	129658	wide
SUPER_2	26150905	26155795	IR	308	.	26153166	0.308	0.936	40	4934	26150905	26151171	26155529	26155811	67410207	25950000	26200000	40	3389	266	4358	spaced
SUPER_2	8301806	8319470	IR	308	.	8310302	0.308	0.826	34	17577	8301806	8302483	8318843	8319470	67410207	8100000	8350000	0	3510	627	16360	spaced
SUPER_2	1520025	1522749	IR	308	.	1521599	0.308	1.000	30	2733	1520025	1520166	1522608	1522749	67410207	1500000	1750000	30	356	141	2442	spaced
SUPER_2	52913254	52921327	IR	308	.	52917100	0.308	0.500	29	8023	52913254	52913288	52921293	52921357	67410207	52700000	52950000	111	3621	34	8005	spaced
SUPER_2	38352907	38403990	IR	308	.	38377948	0.308	0.526	23	51053	38352907	38352945	38403952	38404022	67410207	38200000	38450000	0	2974	38	51007	spaced
SUPER_2	24703509	24712390	IR	307	.	24708175	0.307	0.966	47	9009	24703509	24703917	24711982	24712390	67410207	24550000	24800000	47	2632	408	8065	spaced
SUPER_2	24299775	24371265	IR	307	.	24335015	0.307	0.667	27	71442	24299775	24299847	24371217	24371265	67410207	24200000	24450000	0	2258	48	71370	spaced
SUPER_2	40403381	40409261	IR	307	.	40405835	0.307	0.803	27	5486	40403381	40404849	40407829	40409261	67410207	40250000	40500000	0	2605	1432	2980	spaced
SUPER_2	16052844	16101489	IR	307	.	16076787	0.307	0.966	24	48589	16052844	16052900	16101433	16101491	67410207	15900000	16150000	0	2952	56	48533	spaced
SUPER_2	54336602	54347081	IR	307	.	54342063	0.307	0.881	23	11030	54336602	54337742	54345941	54347089	67410207	54250000	54500000	23	1530	1140	8199	spaced
SUPER_2	3855100	3879226	IR	306	.	3867346	0.306	0.925	57	24369	3855100	3855904	3878422	3879249	67410207	3800000	4050000	57	1119	804	22518	spaced
SUPER_2	53587874	53629793	IR	306	.	53608907	0.306	0.855	36	42111	53587874	53588600	53629084	53629793	67410207	53500000	53750000	36	1813	709	40484	spaced
SUPER_2	55631048	55648946	IR	306	.	55640154	0.306	0.667	27	17852	55631048	55631088	55648906	55648966	67410207	55450000	55700000	153	3166	40	17818	spaced
SUPER_2	33703938	33709161	IR	306	.	33706593	0.306	0.983	20	5255	33703938	33704057	33709042	33709161	67410207	33500000	33750000	20	3442	119	4985	spaced
SUPER_2	26746361	26814404	IR	305	.	26780598	0.305	0.952	54	68131	26746361	26747096	26813669	26814404	67410207	26600000	26850000	54	3006	735	66573	spaced
SUPER_2	63320679	63329488	IR	305	.	63324903	0.305	0.921	45	8907	63320679	63320969	63329215	63329488	67410207	63250000	63500000	73	1251	273	8246	spaced
SUPER_2	60076868	60249617	IR	305	.	60162785	0.305	0.894	36	172706	60076868	60077784	60248701	60249630	67410207	60000000	60250000	0	2720	916	170917	wide
SUPER_2	24677997	24682880	IR	305	.	24680826	0.305	0.962	24	4867	24677997	24678315	24682562	24682882	67410207	24550000	24800000	0	2173	318	4247	spaced
SUPER_2	67106883	67254016	IR	304	.	67180740	0.304	0.835	104	147108	67106883	67113549	67247407	67254016	67410207	67050000	67300000	0	2174	6609	133858	wide
SUPER_2	42585607	42590512	IR	304	.	42587701	0.304	0.837	32	4883	42585607	42585955	42590201	42590512	67410207	42400000	42650000	0	3134	311	4246	spaced
SUPER_2	8924817	8971902	IR	304	.	8948242	0.304	0.778	23	47041	8924817	8924859	8971860	8971914	67410207	8800000	9050000	225	2472	42	47001	spaced
SUPER_2	3900069	3927695	IR	303	.	3914014	0.303	0.860	174	27898	3900069	3901538	3926305	3927695	67410207	3700000	3950000	206	3564	1390	24767	spaced
SUPER_2	29249323	29290341	IR	303	.	29269370	0.303	0.928	103	41021	29249323	29250950	29288714	29290361	67410207	29100000	29350000	0	2830	1627	37764	spaced
SUPER_2	54578852	54601131	IR	303	.	54589911	0.303	0.735	27	22352	54578852	54579717	54600266	54601208	67410207	54450000	54700000	27	2333	865	20549	spaced
SUPER_2	9124039	9173282	IR	302	.	9148197	0.302	0.795	58	49266	9124039	9126673	9170648	9173331	67410207	9050000	9300000	0	1644	2634	43975	spaced
SUPER_2	12515890	12542126	IR	302	.	12529045	0.302	0.636	36	26190	12515890	12515932	12542084	12542150	67410207	12450000	12700000	371	1316	42	26152	spaced
SUPER_2	57628722	57636697	IR	300	.	57632435	0.300	0.943	127	7957	57628722	57629830	57635628	57636697	67410207	57550000	57800000	0	1378	1069	5798	spaced
SUPER_2	20006404	20016848	IR	300	.	20011989	0.300	0.955	63	10425	20006404	20006973	20016279	20016860	67410207	19850000	20100000	0	2693	569	9306	spaced
SUPER_2	7669610	7830151	IR	300	.	7749779	0.300	0.785	22	160760	7669610	7670151	7829624	7830151	67410207	7650000	7900000	24	1664	527	159473	wide
SUPER_2	29647126	29762117	IR	300	.	29704491	0.300	0.860	20	116963	29647126	29647620	29761626	29762117	67410207	29550000	29800000	20	2576	491	114006	wide
SUPER_2	3102536	3133466	IR	299	.	3118351	0.299	0.867	70	30940	3102536	3104840	3131162	3133501	67410207	2900000	3150000	0	3633	2304	26322	spaced
SUPER_2	60258573	60276378	IR	298	.	60267343	0.298	0.732	61	17925	60258573	60260646	60274407	60276378	67410207	60100000	60350000	61	2791	1971	13761	spaced
SUPER_2	57865944	57882257	IR	298	.	57873717	0.298	0.619	22	16271	57865944	57866014	57882215	57882257	67410207	57750000	58000000	0	2068	42	16201	spaced
SUPER_2	14659420	14667433	IR	296	.	14663075	0.296	0.945	69	7993	14659420	14659994	14666863	14667433	67410207	14500000	14750000	0	2723	570	6869	spaced
SUPER_2	436790	521954	IR	296	.	479384	0.296	0.826	50	86334	436790	438201	520546	521954	67410207	300000	550000	63	2989	1408	82345	spaced
SUPER_2	18334538	18344349	IR	296	.	18339708	0.296	0.977	29	9790	18334538	18334844	18344043	18344349	67410207	18150000	18400000	0	3157	306	9199	spaced
SUPER_2	8989069	9067311	IR	296	.	9028201	0.296	0.830	25	78200	8989069	8989122	9067267	9067311	67410207	8900000	9150000	326	2136	44	78145	spaced
SUPER_2	55889087	56015103	IR	295	.	55951842	0.295	0.940	92	125991	55889087	55890163	56014051	56015103	67410207	55800000	56050000	0	2534	1052	123888	wide
SUPER_2	42173548	42177952	IR	291	.	42175511	0.291	0.894	36	6172	42173548	42174117	42177383	42177956	67410207	42000000	42250000	23	2929	569	3266	spaced
SUPER_2	56944287	56996963	IR	287	.	56970602	0.287	0.852	25	52628	56944287	56944333	56996917	56996971	67410207	56800000	57050000	242	2843	46	52584	spaced
SUPER_2	6858728	6866157	IR	285	.	6862660	0.285	0.955	142	7572	6858728	6859570	6865319	6866157	67410207	6700000	6950000	142	2707	838	5749	spaced
SUPER_3	55048355	55050259	IR	951	.	55049307	0.951	0.989	144	2071	55048355	55049160	55049454	55050259	67190775	54850000	55100000	144	3321	805	294	immediate
SUPER_3	24612200	24614032	IR	807	.	24613115	0.807	0.961	136	2051	24612200	24612955	24613279	24614032	67190775	24400000	24650000	136	3551	753	324	immediate
SUPER_3	22903908	22905652	IR	686	.	22904780	0.686	0.889	70	2023	22903908	22904525	22905035	22905708	67190775	22750000	23000000	72	2579	617	510	immediate
SUPER_3	47768838	47772420	IR	647	.	47770629	0.647	0.999	232	3834	47768838	47769995	47771263	47772420	67190775	47550000	47800000	232	3677	1157	1268	immediate
SUPER_3	37679772	37681693	IR	633	.	37680730	0.633	0.955	106	2130	37679772	37680507	37680961	37681693	67190775	37450000	37700000	106	3845	732	454	immediate
SUPER_3	4223075	4228649	IR	558	.	4225862	0.558	0.907	147	6318	4223075	4225691	4226033	4228710	67190775	4000000	4250000	147	3764	2616	342	immediate
SUPER_3	22210968	22214659	IR	556	.	22212816	0.556	0.976	197	4032	22210968	22212194	22213438	22214659	67190775	22000000	22250000	197	3546	1221	1244	immediate
SUPER_3	67172256	67188325	IR	519	.	67180707	0.519	0.607	91	15516	67172256	67179992	67180589	67188352	67190775	66950000	67190775	0	3838	7736	597	immediate
SUPER_3	34205008	34360281	IR	516	.	34282526	0.516	0.898	69	155357	34205008	34206433	34358856	34360285	67190775	34150000	34400000	69	2210	1425	152423	wide
SUPER_3	41893536	41909796	IR	510	.	41901887	0.510	0.719	72	18178	41893536	41901162	41902211	41909796	67190775	41800000	42050000	65	1694	7585	1049	immediate
SUPER_3	33382149	33383777	IR	492	.	33382976	0.492	0.921	63	89372	33382149	33382781	33383171	33383777	67190775	33200000	33450000	63	3049	606	390	immediate
SUPER_3	45258930	45290954	IR	487	.	45275051	0.487	0.536	94	35905	45258930	45274053	45276048	45290954	67190775	45050000	45300000	96	3748	14906	1995	immediate
SUPER_3	26114128	26117976	IR	483	.	26116052	0.483	0.891	175	4608	26114128	26115514	26116590	26118026	67190775	25950000	26200000	198	2767	1386	1076	immediate
SUPER_3	2213696	2214622	IR	475	.	2214179	0.475	0.912	24	101861	2213696	2213879	2214439	2214631	67190775	2050000	2300000	28	2735	183	560	immediate
SUPER_3	5032184	5034113	IR	473	.	5033150	0.473	0.964	92	2131	5032184	5032931	5033368	5034113	67190775	4900000	5150000	92	2219	745	437	immediate
SUPER_3	20328186	20399644	IR	472	.	20363794	0.472	0.872	41	71590	20328186	20329252	20398578	20399692	67190775	20150000	20400000	42	3565	1066	69326	spaced
SUPER_3	39083539	39259935	IR	471	.	39171773	0.471	0.887	45	176569	39083539	39084468	39259013	39259935	67190775	39050000	39300000	47	2028	922	174545	wide
SUPER_3	58856395	58885895	IR	463	.	58871314	0.463	0.934	37	29613	58856395	58856756	58885544	58885895	67190775	58700000	58950000	37	2852	351	28788	spaced
SUPER_3	3476649	3481552	IR	461	.	3479120	0.461	0.900	230	5589	3476649	3478223	3480017	3481552	67190775	3250000	3500000	252	3818	1535	1794	immediate
SUPER_3	42114708	42116652	IR	461	.	42115497	0.461	0.986	107	2057	42114708	42115289	42116071	42116654	67190775	41900000	42150000	107	3594	581	782	immediate
SUPER_3	54749276	54751706	IR	461	.	54750495	0.461	0.838	26	2736	54749276	54749813	54751178	54751706	67190775	54650000	54900000	27	1674	528	1365	immediate
SUPER_3	35300882	35303133	IR	459	.	35302005	0.459	0.695	26	3420	35300882	35301259	35302756	35303230	67190775	35300000	35550000	26	33	377	1497	immediate
SUPER_3	36627021	36628865	IR	458	.	36627943	0.458	0.919	55	2003	36627021	36627890	36627997	36628865	67190775	36400000	36650000	55	3798	868	107	immediate
SUPER_3	26540553	26542160	IR	457	.	26541571	0.457	0.917	57	95522	26540553	26540899	26541814	26542186	67190775	26400000	26650000	56	2355	346	915	immediate
SUPER_3	8441608	8444486	IR	456	.	8443047	0.456	0.958	88	34498	8441608	8442418	8443676	8444488	67190775	8250000	8500000	88	3217	810	1258	immediate
SUPER_3	27792969	27794974	IR	453	.	27793972	0.453	0.962	27	2091	27792969	27793255	27794689	27794974	67190775	27700000	27950000	27	1566	285	1434	immediate
SUPER_3	45398819	45538897	IR	442	.	45468654	0.442	0.575	150	148304	45398819	45421902	45515863	45538897	67190775	45300000	45550000	137	2814	23034	93961	spaced
SUPER_3	16396907	16496071	IR	430	.	16446080	0.430	0.641	34	99132	16396907	16396985	16496021	16496071	67190775	16350000	16600000	0	1608	50	99036	spaced
SUPER_3	41734739	41754758	IR	428	.	41744783	0.428	0.770	47	20107	41734739	41736011	41753507	41754758	67190775	41600000	41850000	47	2412	1251	17496	spaced
SUPER_3	26035375	26049575	IR	426	.	26042475	0.426	0.713	103	15484	26035375	26042183	26042767	26049585	67190775	25850000	26100000	103	3207	6808	584	immediate
SUPER_3	9064256	9066125	IR	426	.	9065210	0.426	0.821	42	20553	9064256	9065003	9065378	9066174	67190775	9000000	9250000	50	1086	747	375	immediate
SUPER_3	14931116	14934497	IR	425	.	14932827	0.425	0.851	35	3418	14931116	14931959	14933695	14934497	67190775	14800000	15050000	35	2213	802	1736	immediate
SUPER_3	43606124	43609088	IR	424	.	43607637	0.424	0.859	39	3114	43606124	43607324	43607950	43609088	67190775	43500000	43750000	39	1793	1138	626	immediate
SUPER_3	34034673	34193837	IR	422	.	34114149	0.422	0.947	32	159258	34034673	34035177	34193335	34193837	67190775	33950000	34200000	32	2737	502	158158	wide
SUPER_3	32965016	33158990	IR	422	.	33062010	0.422	0.778	28	193928	32965016	32965058	33158948	33159002	67190775	32950000	33200000	262	1866	42	193890	wide
SUPER_3	57126578	57135986	IR	420	.	57131499	0.420	0.929	119	9654	57126578	57128637	57133933	57135986	67190775	57100000	57350000	119	521	2053	5296	spaced
SUPER_3	51031654	51041514	IR	419	.	51036690	0.419	0.688	30	9810	51031654	51031698	51041470	51041534	67190775	50850000	51100000	329	3109	44	9772	spaced
SUPER_3	16778495	16817831	IR	416	.	16798333	0.416	0.799	30	39442	16778495	16779363	16816963	16817908	67190775	16650000	16900000	32	2469	868	37600	spaced
SUPER_3	5467277	5669929	IR	414	.	5568530	0.414	0.894	92	203034	5467277	5468624	5668582	5669930	67190775	5450000	5700000	92	1976	1347	199958	wide
SUPER_3	23137080	23250613	IR	410	.	23194019	0.410	0.923	71	113766	23137080	23137843	23249853	23250613	67190775	23050000	23300000	82	2397	760	112010	wide
SUPER_3	56450423	56580456	IR	408	.	56515249	0.408	0.852	61	130049	56450423	56451031	56579848	56580475	67190775	56350000	56600000	72	2757	608	128817	wide
SUPER_3	35555702	35704210	IR	407	.	35630120	0.407	0.838	123	148754	35555702	35558142	35701828	35704210	67190775	35550000	35800000	123	1332	2382	143686	wide
SUPER_3	7114765	7116672	IR	407	.	7115719	0.407	0.977	111	3102	7114765	7115544	7115893	7116673	67190775	6900000	7150000	111	3595	779	349	immediate
SUPER_3	51204255	51353137	IR	407	.	51278207	0.407	0.847	59	148907	51204255	51209130	51348262	51353186	67190775	51200000	51450000	0	1311	4875	139132	wide
SUPER_3	10191533	10294055	IR	403	.	10242858	0.403	0.833	60	102492	10191533	10191583	10294005	10294065	67190775	10050000	10300000	417	3213	50	102422	wide
SUPER_3	49594153	49759167	IR	403	.	49676295	0.403	0.840	38	164992	49594153	49595267	49758053	49759171	67190775	49550000	49800000	0	2110	1114	162786	wide
SUPER_3	41026742	41110584	IR	402	.	41068637	0.402	0.750	27	211353	41026742	41026798	41110542	41110584	67190775	40950000	41200000	158	1977	42	83744	spaced
SUPER_3	50391359	50394443	IR	400	.	50392885	0.400	0.890	33	3175	50391359	50392136	50393666	50394467	67190775	50150000	50400000	33	4048	777	1530	immediate
SUPER_3	35172658	35195155	IR	399	.	35184120	0.399	0.945	157	22841	35172658	35173874	35193962	35195155	67190775	34950000	35200000	157	3898	1193	20088	spaced
SUPER_3	38789335	38822615	IR	396	.	38806194	0.396	0.907	82	34031	38789335	38790855	38821095	38822641	67190775	38650000	38900000	82	2599	1520	30240	spaced
SUPER_3	14141911	14145909	IR	395	.	14143910	0.395	0.978	221	4247	14141911	14142951	14144869	14145929	67190775	13900000	14150000	222	4065	1040	1918	immediate
SUPER_3	50769272	50779533	IR	392	.	50774330	0.392	0.880	60	17281	50769272	50771747	50777066	50779533	67190775	50650000	50900000	60	2073	2467	5319	spaced
SUPER_3	55429403	55435558	IR	391	.	55432509	0.391	0.882	72	6216	55429403	55431219	55433771	55435558	67190775	55250000	55500000	72	3041	1787	2552	spaced
SUPER_3	45184597	45242679	IR	391	.	45213296	0.391	0.498	60	57954	45184597	45196830	45230469	45242679	67190775	45000000	45250000	0	3560	12210	33639	spaced
SUPER_3	56355692	56449355	IR	389	.	56402197	0.389	0.409	26	92618	56355692	56397230	56407903	56449355	67190775	56200000	56450000	0	3375	41452	10673	spaced
SUPER_3	36985825	37027550	IR	389	.	37007168	0.389	0.905	20	41705	36985825	36986279	37027096	37027557	67190775	36850000	37100000	0	2611	454	40817	spaced
SUPER_3	49831235	49917624	IR	388	.	49874193	0.388	0.962	30	86341	49831235	49831287	49917574	49917624	67190775	49750000	50000000	398	2073	50	86287	spaced
SUPER_3	4408442	4594056	IR	387	.	4501325	0.387	0.852	93	186042	4408442	4410909	4591593	4594056	67190775	4350000	4600000	94	2520	2463	180684	wide
SUPER_3	62646551	62837836	IR	387	.	62742507	0.387	0.390	26	191270	62646551	62712831	62771556	62837847	67190775	62600000	62850000	0	2369	66280	58725	spaced
SUPER_3	17336197	17501251	IR	387	.	17418640	0.387	0.724	25	165006	17336197	17336239	17501209	17501267	67190775	17300000	17550000	205	1978	42	164970	wide
SUPER_3	18493399	18495779	IR	383	.	18494589	0.383	0.965	59	2575	18493399	18493713	18495465	18495780	67190775	18250000	18500000	59	4076	314	1752	immediate
SUPER_3	46069964	46084281	IR	383	.	46077464	0.383	0.744	27	14292	46069964	46071149	46083166	46084281	67190775	45850000	46100000	0	3785	1115	12017	spaced
SUPER_3	42915836	43006367	IR	382	.	42961043	0.382	0.406	38	90596	42915836	42930558	42991645	43006401	67190775	42850000	43100000	38	1851	14722	61087	spaced
SUPER_3	2325199	2331106	IR	380	.	2328187	0.380	0.905	74	6131	2325199	2326763	2329542	2331111	67190775	2100000	2350000	74	3802	1564	2779	spaced
SUPER_3	2776725	2779779	IR	379	.	2778025	0.379	0.971	45	91509	2776725	2777101	2779404	2779779	67190775	2650000	2900000	45	2137	375	2303	spaced
SUPER_3	52087417	52227386	IR	379	.	52156905	0.379	0.407	28	139947	52087417	52118492	52196402	52227386	67190775	52000000	52250000	0	2623	30984	77910	spaced
SUPER_3	42632581	42692721	IR	379	.	42662491	0.379	0.957	20	60096	42632581	42632625	42692677	42692723	67190775	42500000	42750000	220	2710	44	60052	spaced
SUPER_3	60261219	60471523	IR	378	.	60366423	0.378	0.957	20	210258	60261219	60261263	60471479	60471525	67190775	60250000	60500000	188	1939	44	210216	wide
SUPER_3	13911808	13913861	IR	377	.	13912865	0.377	0.893	47	2141	13911808	13912089	13913607	13913861	67190775	13700000	13950000	72	3547	254	1518	immediate
SUPER_3	33365581	33368461	IR	377	.	33367006	0.377	0.864	46	3118	33365581	33365835	33368233	33368461	67190775	33250000	33500000	56	1950	228	2398	spaced
SUPER_3	63877066	63982090	IR	376	.	63929781	0.376	0.959	288	105542	63877066	63879137	63980019	63982091	67190775	63750000	64000000	199	2992	2071	100882	wide
SUPER_3	56715677	56734131	IR	375	.	56724622	0.375	0.766	126	18378	56715677	56722054	56727754	56734148	67190775	56650000	56900000	0	1248	6377	5700	spaced
SUPER_3	20237993	20239748	IR	375	.	20238875	0.375	0.900	77	81895	20237993	20238572	20239210	20239748	67190775	20150000	20400000	77	1481	538	638	immediate
SUPER_3	55528142	55562318	IR	375	.	55544842	0.375	0.621	45	34216	55528142	55530158	55560302	55562381	67190775	55400000	55650000	0	2420	2016	30144	spaced
SUPER_3	43022375	43182437	IR	374	.	43102757	0.374	0.951	125	160039	43022375	43023788	43181026	43182437	67190775	42950000	43200000	0	2539	1411	157238	wide
SUPER_3	22537068	22541419	IR	374	.	22539270	0.374	0.759	25	4337	22537068	22538545	22539995	22541419	67190775	22450000	22700000	25	1487	1424	1450	immediate
SUPER_3	25557786	25670251	IR	373	.	25614496	0.373	0.959	421	112431	25557786	25562618	25665450	25670251	67190775	25450000	25700000	0	2733	4801	102832	wide
SUPER_3	27428450	27445508	IR	373	.	27436472	0.373	0.971	285	17036	27428450	27431275	27442683	27445508	67190775	27200000	27450000	0	3949	2825	11408	spaced
SUPER_3	20051606	20121072	IR	373	.	20085923	0.373	0.901	152	69435	20051606	20053538	20119140	20121073	67190775	19900000	20150000	0	3105	1932	65602	spaced
SUPER_3	11604536	11606917	IR	373	.	11605698	0.373	0.986	52	2457	11604536	11604881	11606574	11606917	67190775	11600000	11850000	54	95	343	1693	immediate
SUPER_3	59347503	59349543	IR	373	.	59348527	0.373	0.897	42	2106	59347503	59347943	59349122	59349543	67190775	59150000	59400000	42	3308	421	1179	immediate
SUPER_3	58005154	58199696	IR	372	.	58102090	0.372	0.927	274	194479	58005154	58009977	58194884	58199696	67190775	57950000	58200000	0	2540	4812	184907	wide
SUPER_3	22440578	22441981	IR	372	.	22441251	0.372	1.000	141	13775	22440578	22441163	22441396	22441981	67190775	22350000	22600000	141	1521	585	233	immediate
SUPER_3	26121792	26326285	IR	372	.	26223543	0.372	0.956	131	204459	26121792	26122963	26325138	26326285	67190775	26100000	26350000	0	2067	1147	202175	wide
SUPER_3	9966453	9981759	IR	372	.	9973835	0.372	0.910	122	15284	9966453	9968037	9980175	9981766	67190775	9950000	10200000	0	401	1584	12138	spaced
SUPER_3	36216976	36223036	IR	372	.	36220045	0.372	0.861	60	6372	36216976	36219568	36220525	36223036	67190775	36200000	36450000	60	333	2511	957	immediate
SUPER_3	6630663	6633888	IR	372	.	6632276	0.372	0.867	51	3291	6630663	6632112	6632439	6633943	67190775	6550000	6800000	55	1371	1449	327	immediate
SUPER_3	49261359	49264487	IR	372	.	49263060	0.372	0.981	22	3287	49261359	49261515	49264331	49264487	67190775	49250000	49500000	23	215	156	2816	spaced
SUPER_3	55671521	55699720	IR	370	.	55685989	0.370	0.954	223	28172	55671521	55673463	55697829	55699720	67190775	55550000	55800000	0	2260	1891	24366	spaced
SUPER_3	53915001	54043722	IR	370	.	53978950	0.370	0.828	105	128697	53915001	53917050	54041715	54043722	67190775	53800000	54050000	0	2989	2007	124665	wide
SUPER_3	50471373	50574991	IR	370	.	50523224	0.370	0.911	78	104003	50471373	50473078	50573286	50574999	67190775	50350000	50600000	78	2886	1705	100208	wide
SUPER_3	61714714	61923207	IR	370	.	61818473	0.370	0.434	72	208472	61714714	61738282	61899643	61923207	67190775	61700000	61950000	0	1982	23564	161361	wide
SUPER_3	27299816	27427122	IR	370	.	27363473	0.370	0.810	66	127406	27299816	27300500	27426438	27427128	67190775	27200000	27450000	96	2724	684	125938	wide
SUPER_3	16175163	16273373	IR	370	.	16224485	0.370	0.904	56	98594	16175163	16175861	16272675	16273389	67190775	16050000	16300000	56	2904	698	96814	spaced
SUPER_3	20274404	20278053	IR	370	.	20276624	0.370	0.733	31	3649	20274404	20274459	20277998	20278073	67190775	20050000	20300000	0	3770	55	3539	spaced
SUPER_3	64577055	64764933	IR	370	.	64670996	0.370	0.961	30	187973	64577055	64577257	64764731	64764936	67190775	64550000	64800000	30	2016	202	187474	wide
SUPER_3	19346263	19348758	IR	369	.	19347490	0.369	0.922	23	2534	19346263	19346700	19348323	19348758	67190775	19100000	19350000	23	4125	435	1623	immediate
SUPER_3	60875072	61042608	IR	368	.	60959037	0.368	0.962	30	167492	60875072	60875122	61042558	61042610	67190775	60800000	61050000	423	2647	50	167436	wide
SUPER_3	37810415	37872838	IR	367	.	37841779	0.367	0.906	108	62718	37810415	37811135	37872118	37872864	67190775	37650000	37900000	108	3193	720	60983	spaced
SUPER_3	32347273	32458095	IR	367	.	32402577	0.367	0.368	44	110798	32347273	32347355	32458057	32458095	67190775	32300000	32550000	280	1711	38	110702	wide
SUPER_3	11515635	11599494	IR	366	.	11557721	0.366	0.933	96	83945	11515635	11516621	11598514	11599494	67190775	11400000	11650000	96	2625	980	81893	spaced
SUPER_3	10438054	10446660	IR	366	.	10442093	0.366	0.967	25	8548	10438054	10438114	10446602	10446660	67190775	10300000	10550000	0	2372	58	8488	spaced
SUPER_3	34467056	34515034	IR	365	.	34490732	0.365	0.800	139	47483	34467056	34468815	34513275	34515120	67190775	34400000	34650000	0	1517	1759	44460	spaced
SUPER_3	23770746	23833997	IR	365	.	23802098	0.365	0.388	20	63197	23770746	23785379	23819386	23833997	67190775	23600000	23850000	0	3372	14611	34007	spaced
SUPER_3	51556686	51728001	IR	364	.	51641924	0.364	0.874	84	171240	51556686	51560677	51724071	51728001	67190775	51500000	51750000	0	2372	3930	163394	wide
SUPER_3	22262359	22377723	IR	364	.	22319959	0.364	0.679	32	115664	22262359	22263606	22376476	22377791	67190775	22250000	22500000	33	1167	1247	112870	wide
SUPER_3	44010472	44107160	IR	364	.	44058668	0.364	0.895	25	97080	44010472	44011319	44106313	44107167	67190775	43900000	44150000	25	2646	847	94994	spaced
SUPER_3	9175228	9379531	IR	364	.	9276976	0.364	0.759	21	204259	9175228	9175272	9379487	9379545	67190775	9150000	9400000	0	2122	44	204215	wide
SUPER_3	60028485	60073985	IR	364	.	60051024	0.364	0.815	21	45458	60028485	60028539	60073941	60073985	67190775	59900000	60150000	196	2520	44	45402	spaced
SUPER_3	32282562	32347373	IR	363	.	32315384	0.363	0.387	45	64699	32282562	32291389	32338570	32347373	67190775	32100000	32350000	0	3582	8803	47181	spaced
SUPER_3	28804649	28979832	IR	363	.	28892604	0.363	0.861	26	175157	28804649	28805051	28979469	28979832	67190775	28750000	29000000	0	2370	363	174418	wide
SUPER_3	3541941	3731894	IR	362	.	3636762	0.362	0.941	161	190256	3541941	3543443	3730400	3731894	67190775	3500000	3750000	181	2281	1494	186957	wide
SUPER_3	27507208	27734533	IR	362	.	27620594	0.362	0.938	119	227307	27507208	27508911	27732835	27734533	67190775	27500000	27750000	0	2014	1698	223924	wide
SUPER_3	43433632	43435568	IR	362	.	43434600	0.362	0.804	27	2025	43433632	43433824	43435376	43435601	67190775	43200000	43450000	36	3909	192	1552	immediate
SUPER_3	13344924	13386776	IR	361	.	13365388	0.361	0.771	26	41793	13344924	13345398	13386320	13386776	67190775	13300000	13550000	0	1097	456	40922	spaced
SUPER_3	34656710	34857011	IR	360	.	34756474	0.360	0.828	60	200195	34656710	34658138	34855583	34857012	67190775	34650000	34900000	0	1780	1428	197445	wide
SUPER_3	35265836	35291801	IR	360	.	35278313	0.360	0.943	37	25899	35265836	35265906	35291735	35291801	67190775	35150000	35400000	0	2146	66	25829	spaced
SUPER_3	6227256	6231463	IR	360	.	6228898	0.360	0.890	30	4183	6227256	6228029	6230695	6231463	67190775	6000000	6250000	0	3822	768	2666	spaced
SUPER_3	1113736	1203022	IR	360	.	1158534	0.360	0.611	27	89278	1113736	1113796	1202986	1203022	67190775	1000000	1250000	71	2639	36	89190	spaced
SUPER_3	31320472	31423509	IR	359	.	31371877	0.359	0.706	38	103580	31320472	31321387	31422621	31423509	67190775	31200000	31450000	63	2866	888	101234	wide
SUPER_3	23701392	23710449	IR	359	.	23706185	0.359	0.861	22	9019	23701392	23702099	23709742	23710456	67190775	23500000	23750000	0	3431	707	7643	spaced
SUPER_3	24716952	24765586	IR	359	.	24741251	0.359	0.875	22	48590	24716952	24716994	24765544	24765592	67190775	24550000	24800000	180	3187	42	48550	spaced
SUPER_3	8733705	8826261	IR	358	.	8780422	0.358	0.850	97	92019	8733705	8735536	8824444	8826261	67190775	8650000	8900000	0	2166	1817	88908	spaced
SUPER_3	12266917	12335360	IR	358	.	12301491	0.358	0.825	56	68422	12266917	12268453	12333899	12335360	67190775	12100000	12350000	0	3352	1461	65446	spaced
SUPER_3	52378081	52587592	IR	358	.	52482861	0.358	0.767	56	209553	52378081	52381023	52584691	52587592	67190775	52350000	52600000	56	2213	2901	203668	wide
SUPER_3	17668249	17684420	IR	358	.	17676663	0.358	0.804	41	16228	17668249	17669426	17683243	17684498	67190775	17450000	17700000	0	3772	1177	13817	spaced
SUPER_3	38530380	38670533	IR	358	.	38600260	0.358	0.556	25	140109	38530380	38530416	38670497	38670561	67190775	38450000	38700000	94	2507	36	140081	wide
SUPER_3	29400951	29573875	IR	357	.	29487542	0.357	0.742	35	172884	29400951	29401013	29573829	29573875	67190775	29400000	29650000	413	1456	46	172816	wide
SUPER_3	4813035	4817862	IR	357	.	4815225	0.357	0.793	28	4785	4813035	4813093	4817816	4817862	67190775	4600000	4850000	332	3590	46	4723	spaced
SUPER_3	52277537	52279730	IR	356	.	52278664	0.356	0.961	61	2305	52277537	52278175	52279092	52279730	67190775	52250000	52500000	61	477	638	917	immediate
SUPER_3	58763604	58815503	IR	356	.	58789136	0.356	0.862	28	51886	58763604	58764106	58815001	58815514	67190775	58750000	59000000	0	659	502	50895	spaced
SUPER_3	11827424	11937048	IR	356	.	11882230	0.356	1.000	23	109590	11827424	11827470	11937002	11937048	67190775	11700000	11950000	225	3037	46	109532	wide
SUPER_3	28217809	28245608	IR	355	.	28231468	0.355	0.833	26	27755	28217809	28217849	28245568	28245616	67190775	28000000	28250000	141	3861	40	27719	spaced
SUPER_3	25388281	25435329	IR	354	.	25411850	0.354	0.949	23	47168	25388281	25388575	25435035	25435329	67190775	25250000	25500000	23	2696	294	46460	spaced
SUPER_3	30295394	30431905	IR	354	.	30363248	0.354	0.833	22	136461	30295394	30295444	30431855	30431915	67190775	30200000	30450000	0	2727	50	136411	wide
SUPER_3	53317565	53340906	IR	354	.	53328851	0.354	0.719	22	23295	53317565	53317629	53340860	53340906	67190775	53150000	53400000	0	2987	46	23231	spaced
SUPER_3	41532814	41694054	IR	353	.	41613342	0.353	0.956	130	161537	41532814	41534020	41692848	41694055	67190775	41450000	41700000	131	2723	1206	158828	wide
SUPER_3	36251363	36283794	IR	353	.	36267611	0.353	0.931	46	32401	36251363	36251417	36283740	36283798	67190775	36050000	36300000	728	3626	54	32323	spaced
SUPER_3	7602230	7615882	IR	353	.	7608735	0.353	0.273	42	13608	7602230	7602334	7615838	7615882	67190775	7400000	7650000	0	3484	44	13504	spaced
SUPER_3	55811728	55821856	IR	353	.	55816684	0.353	0.548	41	10098	55811728	55811804	55821814	55821856	67190775	55700000	55950000	345	1946	42	10010	spaced
SUPER_3	23658086	23672480	IR	353	.	23665128	0.353	0.954	28	14392	23658086	23658388	23672178	23672480	67190775	23500000	23750000	28	2754	302	13790	spaced
SUPER_3	30912900	30929978	IR	353	.	30921860	0.353	0.774	22	17030	30912900	30912948	30929930	30929992	67190775	30750000	31000000	0	2857	48	16982	spaced
SUPER_3	10990887	11013719	IR	352	.	11001998	0.352	0.894	114	22841	10990887	10992911	11011695	11013755	67190775	10850000	11100000	0	2538	2024	18784	spaced
SUPER_3	59167884	59226414	IR	352	.	59196675	0.352	0.911	68	58551	59167884	59168873	59225425	59226459	67190775	59100000	59350000	0	1619	989	56552	spaced
SUPER_3	63459373	63471049	IR	352	.	63465248	0.352	0.843	55	11916	63459373	63459873	63470589	63471049	67190775	63350000	63600000	74	1920	460	10716	spaced
SUPER_3	52661878	52699156	IR	352	.	52680795	0.352	0.943	52	37261	52661878	52662704	52698330	52699157	67190775	52600000	52850000	0	1341	826	35626	spaced
SUPER_3	14354865	14406404	IR	352	.	14380909	0.352	0.935	27	51481	14354865	14354927	14406346	14406404	67190775	14200000	14450000	0	3010	58	51419	spaced
SUPER_3	57807978	57812704	IR	352	.	57810388	0.352	0.413	21	4767	57807978	57810349	57810333	57812773	67190775	57650000	57900000	173	2672	2371	-16	overlap
SUPER_3	21217330	21329248	IR	351	.	21273514	0.351	0.869	197	112619	21217330	21218758	21327820	21329340	67190775	21100000	21350000	214	2888	1428	109062	wide
SUPER_3	12377815	12444519	IR	351	.	12410717	0.351	0.568	28	66660	12377815	12377893	12444475	12444519	67190775	12200000	12450000	0	3519	44	66582	spaced
SUPER_3	30646830	30706679	IR	351	.	30677036	0.351	0.575	24	59809	30646830	30646870	30706639	30706709	67190775	30600000	30850000	0	1279	40	59769	spaced
SUPER_3	57204363	57443725	IR	351	.	57323671	0.351	0.751	21	239274	57204363	57206515	57441652	57443725	67190775	57200000	57450000	0	2067	2073	235137	wide
SUPER_3	28508140	28526166	IR	351	.	28516809	0.351	0.885	20	17986	28508140	28508192	28526120	28526166	67190775	28300000	28550000	0	3619	46	17928	spaced
SUPER_3	56973942	56992297	IR	350	.	56982834	0.350	0.959	374	18293	56973942	56977448	56988806	56992297	67190775	56750000	57000000	0	3885	3491	11358	spaced
SUPER_3	50098020	50297723	IR	350	.	50198014	0.350	0.891	127	201259	50098020	50099199	50296544	50297753	67190775	50050000	50300000	152	2464	1179	197345	wide
SUPER_3	8540242	8653688	IR	350	.	8596482	0.350	0.895	85	113403	8540242	8541549	8652406	8653688	67190775	8450000	8700000	0	2449	1282	110857	wide
SUPER_3	17113252	17180079	IR	350	.	17146186	0.350	0.829	22	66219	17113252	17114209	17179122	17180081	67190775	16950000	17200000	0	3277	957	64913	spaced
SUPER_3	24062660	24195823	IR	350	.	24129094	0.350	0.771	20	134506	24062660	24063216	24195289	24195823	67190775	23950000	24200000	27	2987	534	132073	wide
SUPER_3	5294684	5360137	IR	349	.	5327780	0.349	0.820	155	65420	5294684	5297814	5357039	5360137	67190775	5250000	5500000	0	1290	3098	59225	spaced
SUPER_3	44570913	44627373	IR	349	.	44599609	0.349	0.905	94	56455	44570913	44573611	44624675	44627386	67190775	44450000	44700000	0	2485	2698	51064	spaced
SUPER_3	58911459	59106030	IR	349	.	59008380	0.349	0.765	37	194614	58911459	58913464	59104025	59106094	67190775	58900000	59150000	0	1812	2005	190561	wide
SUPER_3	64013292	64108723	IR	349	.	64061446	0.349	0.823	33	95277	64013292	64015173	64106842	64108725	67190775	63900000	64150000	0	2683	1881	91669	spaced
SUPER_3	64878426	64945900	IR	349	.	64911776	0.349	0.757	33	67418	64878426	64878500	64945844	64945900	67190775	64750000	65000000	0	2702	56	67344	spaced
SUPER_3	53208394	53208468	IR	349	.	53208433	0.349	0.927	29	42603	53208394	53208445	53208417	53208472	67190775	53150000	53400000	693	973	51	-28	overlap
SUPER_3	58357052	58411471	IR	349	.	58384277	0.349	0.960	28	54373	58357052	58357102	58411423	58411471	67190775	58350000	58600000	264	570	48	54321	spaced
SUPER_3	67152969	67160886	IR	349	.	67156546	0.349	0.855	26	7839	67152969	67154797	67159090	67160886	67190775	66950000	67190775	0	3448	1796	4293	spaced
SUPER_3	30091002	30110291	IR	349	.	30100363	0.349	0.686	25	19243	30091002	30091050	30110243	30110313	67190775	29950000	30200000	0	2510	48	19193	spaced
SUPER_3	22739153	22856330	IR	348	.	22798121	0.348	0.924	129	117211	22739153	22740343	22855140	22856390	67190775	22650000	22900000	0	2462	1190	114797	wide
SUPER_3	573848	654479	IR	348	.	613923	0.348	0.997	96	80706	573848	574177	654150	654479	67190775	500000	750000	62	1902	329	79973	spaced
SUPER_3	46731595	46745232	IR	348	.	46737961	0.348	0.889	66	13496	46731595	46732839	46744054	46745232	67190775	46500000	46750000	0	3973	1178	11215	spaced
SUPER_3	19534919	19626347	IR	348	.	19580605	0.348	0.877	44	91437	19534919	19535890	19625382	19626347	67190775	19400000	19650000	44	3010	965	89492	spaced
SUPER_3	59277540	59340933	IR	348	.	59308934	0.348	0.825	40	63341	59277540	59277620	59340867	59340933	67190775	59250000	59500000	0	987	66	63247	spaced
SUPER_3	42863783	42868274	IR	348	.	42866042	0.348	0.771	39	4630	42863783	42865207	42866860	42868274	67190775	42700000	42950000	39	2767	1414	1653	immediate
SUPER_3	10034838	10035873	IR	348	.	10035545	0.348	0.750	29	141164	10034838	10034880	10035831	10035887	67190775	9900000	10150000	231	2255	42	951	immediate
SUPER_3	49980780	49997136	IR	348	.	49989241	0.348	0.788	25	16162	49980780	49985190	49992726	49997200	67190775	49800000	50050000	0	3149	4410	7536	spaced
SUPER_3	61220627	61290773	IR	348	.	61255439	0.348	0.493	22	70160	61220627	61220901	61290499	61290833	67190775	61050000	61300000	0	3428	274	69598	spaced
SUPER_3	45062883	45071776	IR	348	.	45067296	0.348	0.833	20	26980	45062883	45062931	45071734	45071776	67190775	44850000	45100000	76	3622	42	8803	spaced
SUPER_3	29112726	29232157	IR	347	.	29172178	0.347	0.895	193	119407	29112726	29114737	29230231	29232157	67190775	29100000	29350000	0	1207	1926	115494	wide
SUPER_3	9919613	9939341	IR	347	.	9929372	0.347	0.939	187	20305	9919613	9920669	9938336	9939341	67190775	9750000	10000000	195	2991	1005	17667	spaced
SUPER_3	28102484	28162818	IR	347	.	28132638	0.347	0.927	145	60629	28102484	28103396	28161906	28162869	67190775	27950000	28200000	147	3044	912	58510	spaced
SUPER_3	23491283	23617776	IR	347	.	23554517	0.347	0.878	86	126571	23491283	23491798	23617261	23617800	67190775	23400000	23650000	86	2575	515	125463	wide
SUPER_3	57483234	57618619	IR	347	.	57550601	0.347	0.828	45	135210	57483234	57484731	57617122	57618673	67190775	57400000	57650000	0	2515	1497	132391	wide
SUPER_3	31580077	31731590	IR	347	.	31655767	0.347	0.816	30	151652	31580077	31582705	31728962	31731609	67190775	31500000	31750000	30	2597	2628	146257	wide
SUPER_3	6470483	6625454	IR	347	.	6547682	0.347	0.387	23	154937	6470483	6503611	6592401	6625454	67190775	6400000	6650000	0	2466	33053	88790	spaced
SUPER_3	17219835	17236096	IR	346	.	17227965	0.346	0.837	56	16577	17219835	17220888	17235043	17236164	67190775	17000000	17250000	56	3799	1053	14155	spaced
SUPER_3	25004726	25057576	IR	346	.	25031093	0.346	0.597	31	158854	25004726	25005693	25056609	25057596	67190775	24950000	25200000	70	1352	967	50916	spaced
SUPER_3	64792227	64878494	IR	346	.	64835251	0.346	0.385	30	86199	64792227	64835368	64835374	64878494	67190775	64750000	65000000	172	1422	43120	6	immediate
SUPER_3	18863798	18898675	IR	346	.	18881432	0.346	0.880	28	34833	18863798	18863848	18898631	18898675	67190775	18650000	18900000	318	3853	44	34783	spaced
SUPER_3	6252992	6470513	IR	346	.	6361295	0.346	0.622	26	217475	6252992	6253038	6470467	6470541	67190775	6250000	6500000	0	1862	46	217429	wide
SUPER_3	8131523	8189245	IR	346	.	8160180	0.346	0.885	24	57676	8131523	8131575	8189199	8189245	67190775	7950000	8200000	308	3506	46	57624	spaced
SUPER_3	14151388	14191927	IR	346	.	14172038	0.346	0.900	24	40485	14151388	14151448	14191873	14191927	67190775	13950000	14200000	0	3694	54	40425	spaced
SUPER_3	22101940	22150065	IR	346	.	22125635	0.346	0.893	22	48075	22101940	22101990	22150015	22150071	67190775	21950000	22200000	0	2933	50	48025	spaced
SUPER_3	55975503	55977396	IR	346	.	55976450	0.346	0.905	20	2652	55975503	55975678	55977221	55977397	67190775	55900000	56150000	20	1274	175	1543	immediate
SUPER_3	7075826	7082937	IR	345	.	7079733	0.345	0.952	218	6928	7075826	7078018	7080751	7082937	67190775	6900000	7150000	0	2989	2186	2733	spaced
SUPER_3	52847093	52981092	IR	345	.	52914027	0.345	0.841	58	135087	52847093	52848366	52979828	52981092	67190775	52800000	53050000	62	1901	1264	131462	wide
SUPER_3	51823459	52023700	IR	345	.	51923808	0.345	1.000	41	200256	51823459	51823503	52023656	52023700	67190775	51800000	52050000	110	2059	44	200153	wide
SUPER_3	36636790	36759726	IR	345	.	36698234	0.345	0.794	40	123141	36636790	36637763	36758779	36759726	67190775	36600000	36850000	40	1637	947	121016	wide
SUPER_3	20420513	20456416	IR	345	.	20438468	0.345	0.874	35	35931	20420513	20421471	20455458	20456440	67190775	20300000	20550000	36	2307	958	33987	spaced
SUPER_3	47634632	47721221	IR	345	.	47677676	0.345	0.915	33	86575	47634632	47635360	47720493	47721225	67190775	47500000	47750000	0	2965	728	85133	spaced
SUPER_3	33158942	33294784	IR	345	.	33227305	0.345	0.794	29	135790	33158942	33159010	33294730	33294784	67190775	33050000	33300000	0	2947	54	135720	wide
SUPER_3	65061670	65148513	IR	345	.	65105113	0.345	0.852	27	86837	65061670	65061724	65148467	65148513	67190775	64950000	65200000	281	2584	46	86743	spaced
SUPER_3	54579225	54736784	IR	345	.	54658272	0.345	0.833	24	157509	54579225	54579285	54736734	54736784	67190775	54500000	54750000	0	2633	50	157449	wide
SUPER_3	1559191	1562552	IR	345	.	1560474	0.345	0.609	23	3394	1559191	1559353	1562390	1562651	67190775	1400000	1650000	0	2681	162	3037	spaced
SUPER_3	23717524	23745082	IR	345	.	23731447	0.345	0.794	20	27590	23717524	23717701	23744934	23745082	67190775	23500000	23750000	26	3854	148	27233	spaced
SUPER_3	60471475	60688302	IR	345	.	60579467	0.345	0.889	20	216779	60471475	60471529	60688254	60688302	67190775	60450000	60700000	0	2164	48	216725	wide
SUPER_3	164965	394374	IR	344	.	279523	0.344	0.962	89	229614	164965	165760	393579	394374	67190775	150000	400000	89	2161	795	227819	wide
SUPER_3	46750348	46850989	IR	344	.	46800238	0.344	0.911	85	100622	46750348	46751788	46849601	46850989	67190775	46750000	47000000	0	844	1388	97813	spaced
SUPER_3	59451352	59685099	IR	344	.	59568004	0.344	0.794	75	233852	59451352	59453220	59683267	59685099	67190775	59450000	59700000	60	1970	1832	230047	wide
SUPER_3	30970009	31125282	IR	344	.	31047935	0.344	0.905	69	155259	30970009	30971933	31123358	31125305	67190775	30900000	31150000	0	2460	1924	151425	wide
SUPER_3	6145637	6150454	IR	344	.	6148117	0.344	0.925	23	43258	6145637	6145864	6150228	6150454	67190775	5950000	6200000	23	3300	226	4364	spaced
SUPER_3	7137394	7297862	IR	344	.	7217387	0.344	0.875	23	160428	7137394	7137442	7297820	7297862	67190775	7050000	7300000	181	2793	42	160378	wide
SUPER_3	61965284	61998950	IR	344	.	61982537	0.344	0.667	22	33622	61965284	61965328	61998906	61998972	67190775	61900000	62150000	0	1368	44	33578	spaced
SUPER_3	44852130	44952419	IR	343	.	44902030	0.343	0.607	93	104269	44852130	44854880	44949669	44953447	67190775	44800000	45050000	86	1704	2750	94789	spaced
SUPER_3	14762194	14854742	IR	343	.	14808947	0.343	0.823	60	92544	14762194	14764185	14852751	14854759	67190775	14750000	15000000	0	974	1991	88566	spaced
SUPER_3	43626481	43699686	IR	343	.	43663526	0.343	0.878	33	73130	43626481	43627230	43698976	43699686	67190775	43550000	43800000	0	1884	710	71746	spaced
SUPER_3	33482473	33632163	IR	343	.	33557360	0.343	0.930	29	149707	33482473	33482802	33631834	33632163	67190775	33450000	33700000	29	1788	329	149032	wide
SUPER_3	4249165	4386183	IR	342	.	4317266	0.342	0.499	39	137080	4249165	4254492	4380856	4386269	67190775	4200000	4450000	0	1961	5327	126364	wide
SUPER_3	62546049	62573599	IR	342	.	62559403	0.342	0.859	39	27524	62546049	62547528	62572172	62573599	67190775	62450000	62700000	0	1830	1427	24644	spaced
SUPER_3	32770148	32772927	IR	342	.	32771275	0.342	0.956	36	2758	32770148	32770530	32772551	32772927	67190775	32550000	32800000	0	3692	376	2021	spaced
SUPER_3	9604548	9655245	IR	342	.	9629397	0.342	0.767	20	50651	9604548	9604594	9655199	9655259	67190775	9450000	9700000	0	2998	46	50605	spaced
SUPER_3	59393939	59424770	IR	341	.	59409074	0.341	0.990	643	30808	59393939	59398088	59420627	59424770	67190775	59200000	59450000	0	3489	4143	22539	spaced
SUPER_3	14592429	14624922	IR	341	.	14609027	0.341	0.946	165	32443	14592429	14594980	14622371	14624922	67190775	14400000	14650000	0	3477	2551	27391	spaced
SUPER_3	16282919	16396949	IR	341	.	16339902	0.341	0.667	47	113978	16282919	16282967	16396901	16396973	67190775	16150000	16400000	807	3165	48	113934	wide
SUPER_3	1206785	1382363	IR	341	.	1294085	0.341	0.444	23	175542	1206785	1206821	1382327	1382399	67190775	1150000	1400000	0	2409	36	175506	wide
SUPER_3	1728063	1896677	IR	341	.	1812842	0.341	0.392	21	91600	1728063	1805116	1819659	1896677	67190775	1650000	1900000	0	2706	77018	14543	spaced
SUPER_3	7914959	7942399	IR	340	.	7928693	0.340	0.959	92	27803	7914959	7915907	7941456	7942399	67190775	7700000	7950000	92	3811	943	25549	spaced
SUPER_3	40198979	40274434	IR	340	.	40237095	0.340	0.931	24	75401	40198979	40199033	40274380	40274438	67190775	40050000	40300000	0	3111	54	75347	spaced
SUPER_3	60688254	60875114	IR	340	.	60782138	0.340	0.774	22	186812	60688254	60688302	60875066	60875128	67190775	60650000	60900000	0	2194	48	186764	wide
SUPER_3	25214190	25328486	IR	340	.	25271162	0.340	0.769	21	114252	25214190	25214230	25328446	25328498	67190775	25100000	25350000	144	2855	40	114216	wide
SUPER_3	23015360	23024665	IR	340	.	23020321	0.340	0.393	20	9265	23015360	23019909	23020198	23024665	67190775	22900000	23150000	0	2000	4467	289	immediate
SUPER_3	65379855	65495883	IR	339	.	65438165	0.339	0.856	119	116010	65379855	65382263	65493550	65495883	67190775	65350000	65600000	0	1464	2333	111287	wide
SUPER_3	12836816	12951386	IR	339	.	12893666	0.339	0.834	90	114543	12836816	12838783	12949442	12951386	67190775	12800000	13050000	0	1568	1944	110659	wide
SUPER_3	21992522	22057780	IR	339	.	22024695	0.339	0.879	69	65258	21992522	21993876	22056426	22057799	67190775	21850000	22100000	0	2919	1354	62550	spaced
SUPER_3	48321914	48433543	IR	339	.	48378071	0.339	0.450	50	111248	48321914	48332363	48423094	48433578	67190775	48250000	48500000	0	2128	10449	90731	spaced
SUPER_3	56195164	56199534	IR	339	.	56197748	0.339	0.719	38	4298	56195164	56196254	56198444	56199534	67190775	56050000	56300000	0	2455	1090	2190	spaced
SUPER_3	13262000	13285178	IR	339	.	13273817	0.339	0.892	31	23117	13262000	13262033	13285145	13285182	67190775	13050000	13300000	57	3726	33	23112	spaced
SUPER_3	45727276	45735161	IR	339	.	45730911	0.339	0.906	28	7880	45727276	45727734	45734703	45735178	67190775	45650000	45900000	0	1353	458	6969	spaced
SUPER_3	14191873	14354919	IR	339	.	14273878	0.339	0.871	25	162992	14191873	14191927	14354865	14354927	67190775	14150000	14400000	0	2056	54	162938	wide
SUPER_3	47583488	47628463	IR	339	.	47605571	0.339	0.333	25	44939	47583488	47583524	47628427	47628507	67190775	47500000	47750000	0	1766	36	44903	spaced
SUPER_3	9000320	9036534	IR	339	.	9017955	0.339	0.752	22	36166	9000320	9001040	9035814	9036579	67190775	8950000	9200000	0	1140	720	34774	spaced
SUPER_3	12473906	12509479	IR	339	.	12491990	0.339	0.575	22	35535	12473906	12473946	12509439	12509509	67190775	12400000	12650000	0	1528	40	35493	spaced
SUPER_3	42226848	42352535	IR	338	.	42290009	0.338	0.922	150	125612	42226848	42229073	42350338	42352535	67190775	42200000	42450000	0	1494	2197	121265	wide
SUPER_3	59924595	59928515	IR	338	.	59926163	0.338	0.971	136	3901	59924595	59925709	59927408	59928515	67190775	59700000	59950000	0	3775	1107	1699	immediate
SUPER_3	24513687	24607728	IR	338	.	24560730	0.338	0.846	92	94499	24513687	24515526	24605889	24607771	67190775	24400000	24650000	92	2678	1839	90363	spaced
SUPER_3	39382332	39492163	IR	338	.	39437060	0.338	0.432	90	73366	39382332	39422888	39451607	39492214	67190775	39300000	39550000	100	2287	40556	28719	spaced
SUPER_3	62907311	62971361	IR	338	.	62939566	0.338	0.846	83	67086	62907311	62907698	62970988	62971361	67190775	62900000	63150000	25	655	373	63290	spaced
SUPER_3	66883616	67024084	IR	338	.	66953339	0.338	0.862	41	140350	66883616	66884815	67022903	67024084	67190775	66850000	67100000	0	1730	1181	138088	wide
SUPER_3	54837843	54938062	IR	338	.	54888291	0.338	0.779	40	100237	54837843	54839751	54936154	54938117	67190775	54750000	55000000	0	2299	1908	96403	spaced
SUPER_3	42166378	42222688	IR	338	.	42194674	0.338	0.880	27	58446	42166378	42166422	42222644	42222694	67190775	42050000	42300000	275	2408	44	56222	spaced
SUPER_3	8101622	8131569	IR	338	.	8116583	0.338	0.920	25	29901	8101622	8101668	8131523	8131573	67190775	7900000	8150000	319	3609	46	29855	spaced
SUPER_3	49156905	49232097	IR	338	.	49194401	0.338	0.885	24	75146	49156905	49156957	49232051	49232097	67190775	49000000	49250000	273	3241	46	75094	spaced
SUPER_3	62853472	62888004	IR	338	.	62871003	0.338	0.540	24	34413	62853472	62854140	62887336	62888060	67190775	62700000	62950000	0	2845	668	33196	spaced
SUPER_3	3355898	3367122	IR	338	.	3361037	0.338	0.944	20	11081	3355898	3356257	3366766	3367122	67190775	3150000	3400000	0	3525	356	10509	spaced
SUPER_3	62285087	62382020	IR	338	.	62333090	0.338	0.926	20	96920	62285087	62285137	62381970	62382024	67190775	62250000	62500000	0	1392	50	96833	spaced
SUPER_3	48838021	48981501	IR	337	.	48909293	0.337	0.900	204	143430	48838021	48841671	48977923	48981501	67190775	48800000	49050000	0	1829	3578	136252	wide
SUPER_3	15716881	15838675	IR	337	.	15777464	0.337	0.412	154	121768	15716881	15774925	15780692	15838675	67190775	15700000	15950000	0	1296	57983	5767	spaced
SUPER_3	62986755	63050071	IR	337	.	63018780	0.337	0.920	146	63289	62986755	62987920	63048942	63050071	67190775	62900000	63150000	0	1973	1129	61022	spaced
SUPER_3	66100489	66347834	IR	337	.	66224546	0.337	0.919	108	247302	66100489	66101888	66346442	66347834	67190775	66100000	66350000	0	2069	1392	244554	wide
SUPER_3	47017393	47150875	IR	337	.	47084480	0.337	0.933	92	133464	47017393	47018679	47149589	47150875	67190775	46950000	47200000	0	2235	1286	130910	wide
SUPER_3	20314497	20318800	IR	337	.	20316985	0.337	0.881	29	4281	20314497	20314797	20318522	20318800	67190775	20100000	20350000	0	3610	278	3725	spaced
SUPER_3	37989644	38047648	IR	337	.	38018505	0.337	0.690	26	57972	37989644	37989702	38047608	38047648	67190775	37850000	38100000	176	2810	40	57906	spaced
SUPER_3	46970795	46973533	IR	337	.	46971699	0.337	0.389	23	2702	46970795	46970831	46973497	46973573	67190775	46900000	47150000	0	1202	36	2666	spaced
SUPER_3	15195210	15256545	IR	336	.	15226177	0.336	0.959	292	61351	15195210	15197223	15254532	15256585	67190775	15050000	15300000	0	2931	2013	57309	spaced
SUPER_3	5427391	5437293	IR	336	.	5432852	0.336	0.942	156	9884	5427391	5428577	5436145	5437293	67190775	5200000	5450000	0	3872	1148	7568	spaced
SUPER_3	27109903	27299940	IR	336	.	27204648	0.336	0.906	69	190054	27109903	27111105	27298738	27299975	67190775	27100000	27350000	0	1748	1202	187633	wide
SUPER_3	45649728	45705539	IR	336	.	45677612	0.336	0.920	68	55988	45649728	45650763	45704527	45705539	67190775	45550000	45800000	68	2127	1012	53764	spaced
SUPER_3	2963316	3052210	IR	336	.	3007277	0.336	0.964	40	88874	2963316	2963785	3051741	3052211	67190775	2850000	3100000	0	2629	469	87956	spaced
SUPER_3	3871139	4065521	IR	336	.	3968760	0.336	0.809	35	194420	3871139	3872260	4064400	4065581	67190775	3850000	4100000	0	1972	1121	192140	wide
SUPER_3	51818502	51823485	IR	336	.	51821481	0.336	0.730	32	4941	51818502	51818556	51823431	51823505	67190775	51600000	51850000	0	3683	54	4875	spaced
SUPER_3	32540807	32598028	IR	336	.	32569036	0.336	0.784	31	56904	32540807	32545240	32593631	32598028	67190775	32400000	32650000	0	2823	4397	48391	spaced
SUPER_3	2525525	2704949	IR	336	.	2615524	0.336	0.893	20	179374	2525525	2525575	2704899	2704955	67190775	2500000	2750000	0	1920	50	179324	wide
SUPER_3	48520292	48604629	IR	335	.	48562147	0.335	0.757	176	84297	48520292	48524723	48600218	48604629	67190775	48400000	48650000	0	2707	4411	75495	spaced
SUPER_3	23376682	23421805	IR	335	.	23398859	0.335	0.825	52	45101	23376682	23377233	23421254	23421887	67190775	23250000	23500000	0	2487	551	44021	spaced
SUPER_3	18147642	18160061	IR	335	.	18154339	0.335	0.985	50	12397	18147642	18147977	18159726	18160061	67190775	18000000	18250000	0	2564	335	11749	spaced
SUPER_3	19208333	19213286	IR	335	.	19210406	0.335	0.832	46	4932	19208333	19208927	19212768	19213286	67190775	19050000	19300000	0	2680	518	3841	spaced
SUPER_3	7558602	7602274	IR	335	.	7580162	0.335	0.273	42	43628	7558602	7558646	7602230	7602334	67190775	7400000	7650000	0	3007	44	43584	spaced
SUPER_3	37938340	37989678	IR	335	.	37964405	0.335	0.571	26	51296	37938340	37938382	37989636	37989710	67190775	37750000	38000000	0	3566	42	51254	spaced
SUPER_3	1072781	1113770	IR	335	.	1092842	0.335	0.421	25	40951	1072781	1072819	1113732	1113810	67190775	900000	1150000	0	3221	38	40913	spaced
SUPER_3	12018563	12048212	IR	335	.	12033333	0.335	0.808	23	29652	12018563	12018605	12048170	12048222	67190775	11850000	12100000	191	3056	42	29565	spaced
SUPER_3	65148467	65344936	IR	335	.	65246660	0.335	0.917	22	196423	65148467	65148511	65344892	65344940	67190775	65100000	65350000	185	2444	44	196381	wide
SUPER_3	25328454	25362842	IR	335	.	25345875	0.335	0.913	21	34356	25328454	25328500	25362800	25362842	67190775	25150000	25400000	107	3260	42	34300	spaced
SUPER_3	26705846	26862732	IR	334	.	26784651	0.334	0.401	108	156854	26705846	26784188	26784390	26862738	67190775	26650000	26900000	0	2238	78342	202	immediate
SUPER_3	41784862	41884396	IR	334	.	41834390	0.334	0.811	69	100895	41784862	41785570	41883690	41884396	67190775	41700000	41950000	66	2243	706	98120	spaced
SUPER_3	856413	878504	IR	334	.	867250	0.334	0.827	41	23453	856413	857858	877059	878577	67190775	650000	900000	35	3624	1445	19201	spaced
SUPER_3	37431660	37523831	IR	334	.	37477850	0.334	0.441	32	92155	37431660	37431728	37523797	37523831	67190775	37400000	37650000	123	1295	34	92069	spaced
SUPER_3	52023628	52087486	IR	334	.	52055312	0.334	0.952	26	63818	52023628	52023670	52087446	52087486	67190775	51900000	52150000	48	2592	40	63776	spaced
SUPER_3	18968785	19116813	IR	334	.	19043182	0.334	0.831	20	147966	18968785	18968862	19116749	19116813	67190775	18900000	19150000	0	2379	64	147887	wide
SUPER_3	27804920	27968064	IR	333	.	27886020	0.333	0.860	80	163121	27804920	27806558	27966474	27968064	67190775	27800000	28050000	0	1441	1590	159916	wide
SUPER_3	13699152	13699214	IR	333	.	13699143	0.333	0.953	40	49216	13699152	13699193	13699173	13699216	67190775	13550000	13800000	264	2486	41	-20	overlap
SUPER_3	42532662	42585782	IR	333	.	42559229	0.333	0.926	38	53173	42532662	42533042	42585419	42585782	67190775	42450000	42700000	38	1820	363	52377	spaced
SUPER_3	43783253	43995957	IR	333	.	43889968	0.333	0.816	34	212714	43783253	43784638	43994572	43995985	67190775	43750000	44000000	0	2326	1385	209934	wide
SUPER_3	63078130	63165696	IR	333	.	63121450	0.333	0.819	31	87538	63078130	63078851	63164999	63165696	67190775	62950000	63200000	0	2865	697	86148	spaced
SUPER_3	53137170	53201968	IR	333	.	53169335	0.333	0.955	27	64839	53137170	53137234	53201904	53201970	67190775	53050000	53300000	9	1992	64	64670	spaced
SUPER_3	55850002	55888153	IR	333	.	55869362	0.333	0.915	20	38027	55850002	55850543	55887617	55888153	67190775	55850000	56100000	0	317	536	37074	spaced
SUPER_3	59802095	59902734	IR	332	.	59852760	0.332	0.962	147	100533	59802095	59803654	59901175	59902738	67190775	59700000	59950000	0	2540	1559	97521	spaced
SUPER_3	14728654	14732657	IR	332	.	14730648	0.332	0.910	101	5630	14728654	14729382	14731929	14732701	67190775	14500000	14750000	113	3844	728	2547	spaced
SUPER_3	1382327	1403703	IR	332	.	1392505	0.332	0.735	54	21304	1382327	1382399	1403631	1403729	67190775	1200000	1450000	0	3216	72	21232	spaced
SUPER_3	15275964	15279624	IR	332	.	15277679	0.332	0.934	51	3740	15275964	15276265	15279339	15279624	67190775	15200000	15450000	78	1296	285	3074	spaced
SUPER_3	8918161	8918230	IR	332	.	8918210	0.332	0.836	41	165399	8918161	8918207	8918184	8918239	67190775	8800000	9050000	515	1969	46	-23	overlap
SUPER_3	66006022	66046713	IR	332	.	66026069	0.332	0.560	37	40641	66006022	66006072	66046663	66046753	67190775	65800000	66050000	0	3772	50	40591	spaced
SUPER_3	51478329	51546542	IR	332	.	51512621	0.332	0.850	26	68342	51478329	51478717	51546162	51546542	67190775	51350000	51600000	26	2707	380	67445	spaced
SUPER_3	62094030	62237720	IR	332	.	62166261	0.332	0.899	26	143653	62094030	62094869	62236886	62237720	67190775	62050000	62300000	0	1931	834	142017	wide
SUPER_3	44145113	44165867	IR	332	.	44155781	0.332	0.421	24	20716	44145113	44145191	44165829	44165867	67190775	44000000	44250000	0	2591	38	20638	spaced
SUPER_3	19705769	19713074	IR	332	.	19709546	0.332	0.784	23	7815	19705769	19706431	19712412	19713113	67190775	19600000	19850000	30	1823	662	5981	spaced
SUPER_3	12509439	12686101	IR	332	.	12597281	0.332	0.472	20	176626	12509439	12509509	12686065	12686101	67190775	12450000	12700000	0	2462	36	176556	wide
SUPER_3	19415875	19494878	IR	332	.	19455877	0.332	0.403	20	57400	19415875	19437792	19472961	19494893	67190775	19350000	19600000	0	1756	21917	35169	spaced
SUPER_3	34904727	35141199	IR	331	.	35022551	0.331	0.884	76	236427	34904727	34906060	35139871	35141199	67190775	34900000	35150000	0	2049	1328	233811	wide
SUPER_3	53547709	53698140	IR	331	.	53623355	0.331	0.811	42	150363	53547709	53548889	53696960	53698143	67190775	53500000	53750000	0	2048	1180	148071	wide
SUPER_3	14497339	14500515	IR	331	.	14499428	0.331	0.891	40	3150	14497339	14497721	14500133	14500542	67190775	14450000	14700000	0	815	382	2412	spaced
SUPER_3	20908562	20945195	IR	331	.	20926485	0.331	0.937	36	36498	20908562	20909084	20944673	20945198	67190775	20700000	20950000	0	3781	522	35589	spaced
SUPER_3	61562775	61610893	IR	331	.	61586504	0.331	0.844	29	48064	61562775	61562829	61610839	61610903	67190775	61400000	61650000	0	3113	54	48010	spaced
SUPER_3	50010725	50041800	IR	331	.	50025932	0.331	1.000	27	31017	50010725	50010783	50041742	50041800	67190775	49850000	50100000	0	2937	58	30959	spaced
SUPER_3	31850675	31853063	IR	331	.	31851377	0.331	0.765	26	2338	31850675	31850727	31853011	31853079	67190775	31650000	31900000	0	3364	52	2284	spaced
SUPER_3	4959627	5022985	IR	331	.	4991647	0.331	0.864	21	63327	4959627	4959698	5022914	5022995	67190775	4900000	5150000	0	1521	71	63216	spaced
SUPER_3	28399398	28492754	IR	330	.	28445856	0.330	0.873	27	93370	28399398	28399909	28492243	28492771	67190775	28250000	28500000	27	3267	511	92334	spaced
SUPER_3	33850333	33994719	IR	330	.	33922989	0.330	0.911	27	144364	33850333	33850741	33994311	33994723	67190775	33800000	34050000	0	2041	408	143570	wide
SUPER_3	46257691	46347001	IR	330	.	46301991	0.330	0.832	22	89247	46257691	46258183	46346509	46347005	67190775	46200000	46450000	0	1705	492	88326	spaced
SUPER_3	54336528	54549989	IR	329	.	54443706	0.329	0.993	243	213440	54336528	54338120	54548397	54549989	67190775	54300000	54550000	0	2387	1592	210277	wide
SUPER_3	1661758	1679135	IR	329	.	1670074	0.329	0.887	97	17321	1661758	1664295	1676663	1679135	67190775	1550000	1800000	0	2007	2472	12368	spaced
SUPER_3	41300112	41401214	IR	329	.	41350678	0.329	0.970	50	101512	41300112	41300479	41400847	41401216	67190775	41250000	41500000	54	1677	367	100368	wide
SUPER_3	42450985	42486470	IR	329	.	42469059	0.329	0.683	37	35429	42450985	42451067	42486414	42486470	67190775	42250000	42500000	0	3645	56	35347	spaced
SUPER_3	37109525	37227961	IR	329	.	37168451	0.329	0.836	33	118391	37109525	37110787	37226752	37227961	67190775	37000000	37250000	0	2812	1209	115965	wide
SUPER_3	63601505	63661339	IR	329	.	63631669	0.329	0.935	30	59816	63601505	63601997	63660847	63661341	67190775	63500000	63750000	0	2190	492	58850	spaced
SUPER_3	12339391	12377855	IR	329	.	12359082	0.329	0.475	29	38424	12339391	12339431	12377815	12377893	67190775	12200000	12450000	0	2643	40	38384	spaced
SUPER_3	39669596	39679870	IR	329	.	39674571	0.329	0.778	29	10228	39669596	39669638	39679828	39679882	67190775	39450000	39700000	277	3745	42	10190	spaced
SUPER_3	64542046	64545428	IR	329	.	64543268	0.329	0.833	29	3361	64542046	64542440	64545087	64545428	67190775	64300000	64550000	0	4062	341	2647	spaced
SUPER_3	47865573	48017270	IR	329	.	47941289	0.329	0.757	21	151866	47865573	47870587	48012256	48017272	67190775	47850000	48100000	21	1523	5014	141669	wide
SUPER_3	5694414	5713845	IR	328	.	5704259	0.328	0.893	96	20312	5694414	5697512	5710755	5713845	67190775	5650000	5900000	96	901	3090	13243	spaced
SUPER_3	38857144	38892964	IR	328	.	38874993	0.328	0.955	42	35989	38857144	38857543	38892565	38892964	67190775	38700000	38950000	42	2917	399	35022	spaced
SUPER_3	23285052	23330766	IR	328	.	23308197	0.328	0.942	38	45694	23285052	23285566	23330252	23330767	67190775	23250000	23500000	0	965	514	44686	spaced
SUPER_3	5083005	5171329	IR	328	.	5127393	0.328	0.645	34	88306	5083005	5083067	5171289	5171329	67190775	4950000	5200000	163	2952	40	88222	spaced
SUPER_3	28650295	28792979	IR	328	.	28721429	0.328	0.800	31	142734	28650295	28651237	28792099	28792979	67190775	28550000	28800000	31	2860	880	140862	wide
SUPER_3	26951373	27063211	IR	328	.	27006925	0.328	0.910	30	111818	26951373	26951440	27063150	27063211	67190775	26850000	27100000	0	2621	61	111710	wide
SUPER_3	61133211	61220678	IR	328	.	61177423	0.328	0.398	24	87416	61133211	61152049	61201840	61220687	67190775	61050000	61300000	0	2115	18838	49791	spaced
SUPER_3	21438303	21482264	IR	327	.	21459902	0.327	0.855	60	43940	21438303	21439738	21480847	21482264	67190775	21300000	21550000	0	2671	1417	41109	spaced
SUPER_3	35705485	35734365	IR	327	.	35719903	0.327	0.831	54	29024	35705485	35706222	35733628	35734430	67190775	35650000	35900000	57	1165	737	27406	spaced
SUPER_3	17760733	17765902	IR	327	.	17763122	0.327	0.952	48	5200	17760733	17761129	17765507	17765902	67190775	17600000	17850000	48	2721	395	4378	spaced
SUPER_3	31464499	31564691	IR	327	.	31514257	0.327	0.848	35	100180	31464499	31465274	31563916	31564697	67190775	31400000	31650000	0	1909	775	98642	spaced
SUPER_3	421590	436804	IR	327	.	428760	0.327	0.807	32	15196	421590	422871	435526	436804	67190775	250000	500000	0	2986	1278	12655	spaced
SUPER_3	29258598	29352855	IR	327	.	29305354	0.327	0.903	26	94201	29258598	29258654	29352799	29352861	67190775	29150000	29400000	0	2595	56	94145	spaced
SUPER_3	2269328	2291683	IR	327	.	2280806	0.327	0.333	24	22319	2269328	2269408	2291647	2291683	67190775	2050000	2300000	0	3841	36	22239	spaced
SUPER_3	25810777	25939106	IR	326	.	25874628	0.326	0.422	145	79081	25810777	25862997	25886892	25939106	67190775	25700000	25950000	0	2915	52214	23895	spaced
SUPER_3	16558111	16681639	IR	326	.	16619729	0.326	0.839	103	123796	16558111	16559695	16680055	16681675	67190775	16500000	16750000	116	1997	1584	120360	wide
SUPER_3	47284622	47359307	IR	326	.	47321599	0.326	0.902	99	74651	47284622	47286261	47357699	47359307	67190775	47200000	47450000	0	2032	1608	71438	spaced
SUPER_3	41164806	41195245	IR	326	.	41179940	0.326	0.872	97	31783	41164806	41167957	41192094	41195268	67190775	40950000	41200000	97	3833	3151	24137	spaced
SUPER_3	2737336	2751399	IR	326	.	2743952	0.326	0.886	91	14045	2737336	2738984	2749780	2751399	67190775	2550000	2800000	0	3239	1619	10796	spaced
SUPER_3	46389470	46459655	IR	326	.	46424478	0.326	0.852	36	70230	46389470	46390111	46459039	46459655	67190775	46250000	46500000	37	2909	616	68928	spaced
SUPER_3	44167761	44380830	IR	326	.	44274022	0.326	0.773	34	211996	44167761	44170761	44377885	44380830	67190775	44150000	44400000	0	2071	2945	207124	wide
SUPER_3	47479585	47485403	IR	326	.	47482071	0.326	0.853	32	5760	47479585	47479643	47485345	47485413	67190775	47250000	47500000	0	3874	58	5702	spaced
SUPER_3	20553615	20716794	IR	326	.	20635630	0.326	0.604	31	163131	20553615	20553663	20716746	20716828	67190775	20500000	20750000	0	2253	48	163083	wide
SUPER_3	12701541	12787729	IR	326	.	12744994	0.326	0.839	27	86136	12701541	12701593	12787677	12787739	67190775	12550000	12800000	0	3243	52	86084	spaced
SUPER_3	50577729	50702233	IR	326	.	50640212	0.326	1.000	27	124512	50577729	50577765	50702197	50702233	67190775	50500000	50750000	4	2332	36	124432	wide
SUPER_3	9832658	9877086	IR	326	.	9854891	0.326	0.889	26	44382	9832658	9832712	9877038	9877086	67190775	9650000	9900000	294	3414	48	44326	spaced
SUPER_3	9788473	9832698	IR	326	.	9810929	0.326	0.676	23	44230	9788473	9788519	9832652	9832720	67190775	9650000	9900000	0	2676	46	44133	spaced
SUPER_3	36028211	36095682	IR	326	.	36061954	0.326	0.904	23	67487	36028211	36028823	36095070	36095682	67190775	35850000	36100000	23	3532	612	66247	spaced
SUPER_3	12799589	12828270	IR	326	.	12814261	0.326	0.636	21	28639	12799589	12799655	12828228	12828270	67190775	12750000	13000000	0	1065	42	28573	spaced
SUPER_3	45974939	45979408	IR	326	.	45977428	0.326	0.875	20	4318	45974939	45975756	45978599	45979408	67190775	45750000	46000000	0	3786	809	2843	spaced
SUPER_3	5763605	5870389	IR	325	.	5816749	0.325	1.000	98	106873	5763605	5763623	5870371	5870389	67190775	5650000	5900000	2	2783	18	106748	wide
SUPER_3	10503445	10535542	IR	325	.	10519882	0.325	0.835	94	32083	10503445	10504220	10534767	10535551	67190775	10500000	10750000	0	324	775	30547	spaced
SUPER_3	37602924	37658223	IR	325	.	37630793	0.325	0.782	67	55353	37602924	37604769	37656503	37658223	67190775	37500000	37750000	76	2176	1720	51734	spaced
SUPER_3	55772014	55811756	IR	325	.	55791492	0.325	0.200	43	39702	55772014	55772054	55811716	55811816	67190775	55700000	55950000	0	1531	40	39662	spaced
SUPER_3	10035833	10191579	IR	325	.	10113699	0.325	0.774	37	155702	10035833	10035895	10191531	10191579	67190775	9950000	10200000	553	2728	48	155636	wide
SUPER_3	6958709	7034461	IR	325	.	6996425	0.325	0.885	31	75702	6958709	6958755	7034415	7034467	67190775	6800000	7050000	338	3276	46	75660	spaced
SUPER_3	24765544	24914856	IR	325	.	24840254	0.325	1.000	27	149262	24765544	24765594	24914806	24914856	67190775	24700000	24950000	366	2336	50	149212	wide
SUPER_3	63768351	63782232	IR	324	.	63775613	0.324	0.908	174	13871	63768351	63769591	63780992	63782294	67190775	63600000	63850000	0	2921	1240	11401	spaced
SUPER_3	56853734	56904964	IR	324	.	56878998	0.324	0.911	110	51174	56853734	56858612	56900086	56904964	67190775	56700000	56950000	0	2989	4878	41474	spaced
SUPER_3	48456580	48494911	IR	324	.	48476268	0.324	0.826	97	38311	48456580	48463497	48488068	48494911	67190775	48250000	48500000	0	3762	6843	24571	spaced
SUPER_3	52313842	52357215	IR	324	.	52335049	0.324	0.624	29	43351	52313842	52316556	52354525	52357215	67190775	52300000	52550000	0	592	2690	37969	spaced
SUPER_3	39679822	39806111	IR	324	.	39742473	0.324	0.643	25	126247	39679822	39679890	39806069	39806111	67190775	39600000	39850000	0	2382	42	126179	wide
SUPER_3	55209890	55392665	IR	324	.	55301691	0.324	0.667	23	182731	55209890	55209934	55392621	55392687	67190775	55150000	55400000	0	2521	44	182687	wide
SUPER_3	43195056	43280918	IR	324	.	43238130	0.324	0.865	20	85885	43195056	43195583	43280391	43280945	67190775	43100000	43350000	20	2299	527	84808	spaced
SUPER_3	63326764	63412268	IR	323	.	63369424	0.323	0.856	834	87870	63326764	63337685	63401406	63412268	67190775	63300000	63550000	854	1158	10862	63721	spaced
SUPER_3	32075679	32081811	IR	323	.	32078974	0.323	1.000	91	7690	32075679	32075697	32081793	32081811	67190775	31900000	32150000	2	2978	18	6096	spaced
SUPER_3	25519413	25536025	IR	323	.	25527904	0.323	0.633	29	17232	25519413	25521172	25534289	25536025	67190775	25400000	25650000	34	2128	1736	13117	spaced
SUPER_3	38925439	39002415	IR	323	.	38964225	0.323	0.630	29	76930	38925439	38925485	39002369	39002445	67190775	38850000	39100000	0	1898	46	76884	spaced
SUPER_3	30110251	30233430	IR	323	.	30171670	0.323	0.815	28	123139	30110251	30110305	30233386	30233430	67190775	30050000	30300000	296	2030	44	123081	wide
SUPER_3	4766734	4813077	IR	323	.	4789647	0.323	0.676	27	46295	4766734	4766784	4813027	4813101	67190775	4650000	4900000	0	2331	50	46243	spaced
SUPER_3	39523740	39556174	IR	322	.	39540352	0.322	0.718	122	32371	39523740	39526810	39553148	39556174	67190775	39400000	39650000	0	2332	3026	26338	spaced
SUPER_3	66866287	66883614	IR	322	.	66874927	0.322	0.944	90	17453	66866287	66867009	66882892	66883638	67190775	66650000	66900000	92	3749	722	15883	spaced
SUPER_3	36785632	36902459	IR	322	.	36843958	0.322	0.895	84	117430	36785632	36786902	36901256	36902459	67190775	36750000	37000000	84	1567	1203	114354	wide
SUPER_3	41972616	41994277	IR	322	.	41982941	0.322	0.946	74	21639	41972616	41973576	41993317	41994277	67190775	41750000	42000000	0	3890	960	19741	spaced
SUPER_3	17501205	17562754	IR	322	.	17531785	0.322	1.000	44	61493	17501205	17501261	17562698	17562754	67190775	17350000	17600000	564	3032	56	61437	spaced
SUPER_3	30706639	30768398	IR	322	.	30737908	0.322	0.686	27	61711	30706639	30706709	30768350	30768398	67190775	30550000	30800000	0	3125	48	61641	spaced
SUPER_3	61610849	61615658	IR	322	.	61613086	0.322	0.840	22	4783	61610849	61610899	61615616	61615658	67190775	61400000	61650000	200	3554	42	4717	spaced
SUPER_3	13496874	13554713	IR	321	.	13526071	0.321	0.937	125	57820	13496874	13498520	13553068	13554713	67190775	13350000	13600000	0	2929	1645	54548	spaced
SUPER_3	20147451	20224726	IR	321	.	20186413	0.321	0.984	118	77256	20147451	20148281	20223896	20224726	67190775	20100000	20350000	0	1434	830	75615	spaced
SUPER_3	25735072	25760791	IR	321	.	25747935	0.321	0.667	31	25675	25735072	25735112	25760751	25760811	67190775	25600000	25850000	346	2465	40	25639	spaced
SUPER_3	61998906	62032821	IR	321	.	62015537	0.321	0.788	29	33863	61998906	61998972	62032769	62032821	67190775	61950000	62200000	0	1097	52	33797	spaced
SUPER_3	29616951	29727877	IR	321	.	29672909	0.321	0.867	28	110792	29616951	29617432	29727396	29727922	67190775	29500000	29750000	0	2873	481	109964	wide
SUPER_3	30431859	30639935	IR	321	.	30535979	0.321	0.923	26	208028	30431859	30431911	30639887	30639935	67190775	30400000	30650000	303	2264	48	207976	wide
SUPER_3	10409436	10438106	IR	321	.	10423857	0.321	0.923	22	28620	10409436	10409484	10438058	10438110	67190775	10300000	10550000	234	2062	48	28574	spaced
SUPER_3	61355184	61422051	IR	321	.	61388565	0.321	0.951	20	66935	61355184	61355409	61421827	61422051	67190775	61250000	61500000	20	2310	224	66418	spaced
SUPER_3	57145259	57168058	IR	320	.	57156366	0.320	0.887	109	22778	57145259	57146709	57166683	57168058	67190775	57100000	57350000	0	944	1375	19974	spaced
SUPER_3	1984114	2074079	IR	320	.	2029215	0.320	0.939	83	90305	1984114	1984999	2073194	2074079	67190775	1950000	2200000	99	1318	885	88195	spaced
SUPER_3	11630269	11776676	IR	320	.	11702989	0.320	0.848	29	146309	11630269	11631230	11775764	11776676	67190775	11600000	11850000	0	1724	912	144534	wide
SUPER_3	32177683	32234225	IR	320	.	32205872	0.320	0.953	25	56624	32177683	32178047	32233861	32234226	67190775	32000000	32250000	25	3432	364	55814	spaced
SUPER_3	7433552	7502849	IR	320	.	7468294	0.320	0.975	22	69307	7433552	7433756	7502645	7502849	67190775	7300000	7550000	22	2803	204	68889	spaced
SUPER_3	9506899	9592203	IR	319	.	9549687	0.319	0.869	156	87075	9506899	9512670	9586432	9592230	67190775	9400000	9650000	164	2492	5771	73762	spaced
SUPER_3	18680668	18847822	IR	319	.	18764617	0.319	0.851	42	167127	18680668	18680976	18847514	18847870	67190775	18600000	18850000	0	2737	308	166538	wide
SUPER_3	14873603	14892367	IR	319	.	14882724	0.319	0.914	39	18746	14873603	14874198	14891782	14892367	67190775	14750000	15000000	0	2216	585	17584	spaced
SUPER_3	37375058	37431688	IR	319	.	37403769	0.319	0.435	38	56584	37375058	37375104	37431642	37431736	67190775	37200000	37450000	0	3389	46	56538	spaced
SUPER_3	9069757	9097724	IR	319	.	9083296	0.319	0.832	33	27909	9069757	9071057	9096492	9097724	67190775	8900000	9150000	0	3062	1232	25435	spaced
SUPER_3	40803685	40902514	IR	319	.	40852640	0.319	0.765	32	98802	40803685	40807617	40898643	40902514	67190775	40750000	41000000	0	1718	3871	91026	spaced
SUPER_3	21838954	21960283	IR	319	.	21899323	0.319	0.933	31	121271	21838954	21839528	21959709	21960285	67190775	21750000	22000000	0	2493	574	120181	wide
SUPER_3	46187864	46253456	IR	318	.	46220588	0.318	0.879	34	65705	46187864	46188591	46252729	46253471	67190775	46100000	46350000	34	2010	727	64138	spaced
SUPER_3	53425358	53542451	IR	318	.	53483742	0.318	0.911	25	117114	53425358	53425769	53542040	53542456	67190775	53350000	53600000	25	2231	411	116271	wide
SUPER_3	23833947	23878007	IR	318	.	23856140	0.318	1.000	20	44018	23833947	23833993	23877961	23878007	67190775	23650000	23900000	204	3432	46	43968	spaced
SUPER_3	21145519	21186168	IR	317	.	21165449	0.317	0.909	157	40626	21145519	21147938	21183820	21186168	67190775	20950000	21200000	0	3597	2348	35882	spaced
SUPER_3	19895410	20038411	IR	317	.	19967302	0.317	0.920	111	142989	19895410	19896268	20037553	20038418	67190775	19800000	20050000	0	2781	858	141285	wide
SUPER_3	45142469	45145138	IR	317	.	45143951	0.317	0.966	92	2742	45142469	45143048	45144559	45145143	67190775	44900000	45150000	92	4063	579	1511	immediate
SUPER_3	19803944	19807492	IR	317	.	19805349	0.317	0.892	53	3440	19803944	19805372	19806064	19807507	67190775	19600000	19850000	0	3428	1428	692	immediate
SUPER_3	37574903	37599459	IR	317	.	37587231	0.317	0.858	49	24999	37574903	37576041	37598349	37599459	67190775	37400000	37650000	50	3119	1110	22308	spaced
SUPER_3	19200751	19205202	IR	317	.	19203386	0.317	0.643	36	4397	19200751	19200835	19205148	19205202	67190775	19200000	19450000	0	49	54	4313	spaced
SUPER_3	58512649	58516102	IR	317	.	58514298	0.317	0.943	27	3461	58512649	58512931	58515828	58516102	67190775	58300000	58550000	27	3572	274	2897	spaced
SUPER_3	49960409	49968569	IR	317	.	49964680	0.317	0.776	26	8182	49960409	49960710	49968325	49968569	67190775	49750000	50000000	26	3574	244	7615	spaced
SUPER_3	29352805	29399689	IR	317	.	29376240	0.317	0.920	24	46840	29352805	29352855	29399643	29399689	67190775	29150000	29400000	303	3770	46	46788	spaced
SUPER_3	32707597	32764463	IR	317	.	32735802	0.317	0.706	20	56826	32707597	32707633	32764427	32764478	67190775	32550000	32800000	77	3100	36	56794	spaced
SUPER_3	65737449	65783459	IR	317	.	65760848	0.317	0.625	20	45970	65737449	65737513	65783419	65783459	67190775	65550000	65800000	0	3507	40	45906	spaced
SUPER_3	66053761	66089576	IR	317	.	66072009	0.317	0.893	20	35779	66053761	66053811	66089526	66089582	67190775	66050000	66300000	0	361	50	35715	spaced
SUPER_3	62427418	62443751	IR	316	.	62436003	0.316	0.722	55	16313	62427418	62428708	62442526	62443751	67190775	62200000	62450000	0	3926	1225	13818	spaced
SUPER_3	24439905	24443972	IR	316	.	24442159	0.316	0.974	44	5021	24439905	24440218	24443659	24443972	67190775	24200000	24450000	45	4032	313	3441	spaced
SUPER_3	53208402	53313715	IR	316	.	53260950	0.316	0.643	32	105283	53208402	53208470	53313673	53313715	67190775	53100000	53350000	256	2684	42	105203	wide
SUPER_3	26631930	26704176	IR	316	.	26668476	0.316	0.778	28	72228	26631930	26632002	26704120	26704176	67190775	26500000	26750000	0	2800	56	72118	spaced
SUPER_3	2245852	2269378	IR	316	.	2257524	0.316	0.645	27	46662	2245852	2245892	2269338	2269400	67190775	2050000	2300000	143	3460	40	23446	spaced
SUPER_3	21007460	21072445	IR	316	.	21039694	0.316	0.474	21	64965	21007460	21007534	21072407	21072445	67190775	20950000	21200000	0	1499	38	64873	spaced
SUPER_3	36290021	36436815	IR	316	.	36363460	0.316	0.976	20	146799	36290021	36290142	36436694	36436817	67190775	36200000	36450000	20	2723	121	146552	wide
SUPER_3	65653049	65698742	IR	315	.	65675907	0.315	0.989	59	45780	65653049	65653398	65698393	65698742	67190775	65450000	65700000	59	3764	349	44995	spaced
SUPER_3	48768075	48802903	IR	315	.	48785368	0.315	0.929	57	35966	48768075	48768893	48802085	48802903	67190775	48600000	48850000	57	3091	818	33192	spaced
SUPER_3	5177338	5255108	IR	315	.	5216349	0.315	0.923	47	78152	5177338	5178056	5254390	5255128	67190775	5150000	5400000	47	1103	718	76334	spaced
SUPER_3	911769	938004	IR	315	.	925273	0.315	0.872	45	26242	911769	912613	937160	938034	67190775	750000	1000000	0	2914	844	24547	spaced
SUPER_3	396812	401497	IR	315	.	399583	0.315	0.892	36	4684	396812	397380	400929	401529	67190775	300000	550000	0	1652	568	3549	spaced
SUPER_3	17981613	18103142	IR	315	.	18042794	0.315	0.848	22	121505	17981613	17982986	18101776	18103142	67190775	17900000	18150000	0	2372	1366	118790	wide
SUPER_3	31853013	31880538	IR	315	.	31867196	0.315	0.625	22	27485	31853013	31853079	31880498	31880538	67190775	31700000	31950000	0	2779	40	27419	spaced
SUPER_3	37255479	37339136	IR	314	.	37297059	0.314	1.000	107	86189	37255479	37255496	37339119	37339136	67190775	37100000	37350000	1	3288	17	83623	spaced
SUPER_3	29950745	29985599	IR	314	.	29967735	0.314	0.887	78	34833	29950745	29951835	29984529	29985599	67190775	29750000	30000000	0	3636	1070	32694	spaced
SUPER_3	7873754	7878529	IR	314	.	7876368	0.314	0.961	51	4776	7873754	7874143	7878143	7878529	67190775	7650000	7900000	51	3768	386	4000	spaced
SUPER_3	7989615	8101666	IR	314	.	8045794	0.314	0.957	22	112007	7989615	7989659	8101622	8101668	67190775	7900000	8150000	242	2427	44	111963	wide
SUPER_3	40698065	40761991	IR	314	.	40730300	0.314	0.803	21	63920	40698065	40698114	40761942	40762003	67190775	40550000	40800000	0	3000	49	63828	spaced
SUPER_3	20716746	20867319	IR	313	.	20791721	0.313	0.902	46	150529	20716746	20716828	20867245	20867319	67190775	20650000	20900000	0	2367	74	150417	wide
SUPER_3	46486303	46574866	IR	313	.	46530725	0.313	0.667	35	88529	46486303	46486369	46574822	46574866	67190775	46350000	46600000	461	3009	44	88453	spaced
SUPER_3	42800767	42836060	IR	313	.	42818715	0.313	0.895	25	35244	42800767	42801327	42835510	42836060	67190775	42700000	42950000	0	1973	550	34183	spaced
SUPER_3	66831519	66836447	IR	313	.	66833716	0.313	0.959	25	4900	66831519	66831839	66836127	66836447	67190775	66600000	66850000	0	3899	320	4288	spaced
SUPER_3	40564880	40590393	IR	313	.	40578050	0.313	0.685	24	25491	40564880	40571994	40583364	40590393	67190775	40450000	40700000	0	2127	7029	11370	spaced
SUPER_3	40302428	40307071	IR	313	.	40304527	0.313	0.884	23	4676	40302428	40302769	40306737	40307071	67190775	40300000	40550000	22	79	334	3968	spaced
SUPER_3	10716157	10777428	IR	312	.	10747240	0.312	0.902	75	61237	10716157	10717803	10775786	10777428	67190775	10600000	10850000	0	2446	1642	57983	spaced
SUPER_3	17258435	17301992	IR	312	.	17280704	0.312	0.562	33	43509	17258435	17258483	17301944	17302030	67190775	17100000	17350000	0	3003	48	43461	spaced
SUPER_3	49513897	49534122	IR	312	.	49523908	0.312	0.677	31	21036	49513897	49513959	49534080	49534122	67190775	49300000	49550000	225	3733	42	20121	spaced
SUPER_3	49460403	49465155	IR	312	.	49462610	0.312	0.787	29	4761	49460403	49460682	49464911	49465155	67190775	49250000	49500000	30	3546	244	4229	spaced
SUPER_3	51041470	51188839	IR	312	.	51115321	0.312	0.677	29	147362	51041470	51041532	51188797	51188839	67190775	51000000	51250000	209	1919	42	147265	wide
SUPER_3	13579487	13699194	IR	312	.	13639018	0.312	0.656	23	119665	13579487	13579529	13699152	13699216	67190775	13450000	13700000	0	3155	42	119623	wide
SUPER_3	36236439	36241311	IR	311	.	36238502	0.311	0.791	29	4849	36236439	36236787	36240963	36241325	67190775	36200000	36450000	0	647	348	4176	spaced
SUPER_3	4069280	4127047	IR	311	.	4098651	0.311	0.762	21	57819	4069280	4069950	4126377	4127117	67190775	3950000	4200000	0	2469	670	56427	spaced
SUPER_3	41460707	41473504	IR	310	.	41467247	0.310	0.944	214	13737	41460707	41462812	41471421	41473504	67190775	41250000	41500000	214	3618	2083	8609	spaced
SUPER_3	66643923	66808226	IR	310	.	66726416	0.310	0.940	107	164284	66643923	66645378	66806782	66808226	67190775	66600000	66850000	0	2101	1444	161404	wide
SUPER_3	2438747	2473366	IR	310	.	2456378	0.310	0.819	44	34414	2438747	2440686	2471468	2473366	67190775	2400000	2650000	0	934	1898	30782	spaced
SUPER_3	49091297	49156949	IR	310	.	49123844	0.310	0.800	20	65604	49091297	49091345	49156901	49156961	67190775	49000000	49250000	0	2068	48	65556	spaced
SUPER_3	36524243	36582821	IR	309	.	36553246	0.309	0.877	53	58586	36524243	36525911	36581153	36582849	67190775	36400000	36650000	0	2558	1668	55242	spaced
SUPER_3	55985998	56178199	IR	309	.	56081661	0.309	0.934	44	192137	55985998	55986653	56177544	56178214	67190775	55950000	56200000	0	2201	655	190891	wide
SUPER_3	30950677	30955569	IR	309	.	30953016	0.309	0.929	34	4927	30950677	30950943	30955319	30955569	67190775	30900000	31150000	34	885	250	4376	spaced
SUPER_3	36130719	36191289	IR	309	.	36161409	0.309	0.753	34	60553	36130719	36132200	36189808	36191323	67190775	35950000	36200000	0	3516	1481	57608	spaced
SUPER_3	36944422	36949313	IR	309	.	36947080	0.309	0.978	34	4911	36944422	36944696	36949039	36949313	67190775	36800000	37050000	34	2447	274	4343	spaced
SUPER_3	21589368	21612502	IR	308	.	21600546	0.308	0.926	119	23047	21589368	21591017	21610874	21612502	67190775	21400000	21650000	0	3348	1628	19857	spaced
SUPER_3	44650231	44701545	IR	308	.	44676238	0.308	0.901	93	51261	44650231	44651818	44699990	44701545	67190775	44600000	44850000	0	1264	1555	48172	spaced
SUPER_3	13022300	13039088	IR	308	.	13030484	0.308	0.000	27	14394	13022300	13022357	13039069	13039088	67190775	12900000	13150000	50	2178	19	16712	spaced
SUPER_3	66534398	66543868	IR	308	.	66539320	0.308	0.944	27	9624	66534398	66534609	66543657	66543871	67190775	66500000	66750000	27	652	211	9048	spaced
SUPER_3	64300922	64389215	IR	308	.	64344775	0.308	0.851	26	87648	64300922	64302295	64387842	64389218	67190775	64200000	64450000	0	2417	1373	85547	spaced
SUPER_3	715834	760713	IR	307	.	737924	0.307	0.707	29	44861	715834	716721	759902	760713	67190775	650000	900000	0	1471	811	43181	spaced
SUPER_3	35431751	35466629	IR	307	.	35449625	0.307	0.840	29	34857	35431751	35433196	35465199	35466629	67190775	35300000	35550000	0	2486	1430	32003	spaced
SUPER_3	15403526	15467763	IR	307	.	15436072	0.307	0.824	26	64213	15403526	15404110	15467249	15467763	67190775	15350000	15600000	0	1427	514	63139	spaced
SUPER_3	56306855	56309186	IR	306	.	56308073	0.306	0.906	80	2425	56306855	56307917	56308124	56309224	67190775	56150000	56400000	80	2633	1062	207	immediate
SUPER_3	16945203	17084284	IR	306	.	17014348	0.306	0.831	24	138706	16945203	16946773	17082786	17084284	67190775	16900000	17150000	0	1912	1498	136013	wide
SUPER_3	43456876	43564860	IR	306	.	43510388	0.306	0.881	23	107958	43456876	43458113	43563623	43564861	67190775	43400000	43650000	0	1847	1237	105510	wide
SUPER_3	16016999	16160865	IR	306	.	16089015	0.306	0.860	22	144179	16016999	16017439	16160456	16160865	67190775	15950000	16200000	22	2315	409	143017	wide
SUPER_3	15391681	15395396	IR	305	.	15393085	0.305	0.948	34	3641	15391681	15391951	15395129	15395396	67190775	15350000	15600000	0	725	267	3178	spaced
SUPER_3	1404606	1410947	IR	304	.	1408189	0.304	0.942	27	6321	1404606	1405050	1410507	1410947	67190775	1250000	1500000	0	2629	440	5457	spaced
SUPER_3	38371425	38437170	IR	304	.	38403851	0.304	0.893	21	65695	38371425	38371481	38437120	38437170	67190775	38200000	38450000	0	3404	50	65639	spaced
SUPER_3	30892678	30896774	IR	303	.	30894462	0.303	0.973	40	4075	30892678	30893091	30896361	30896774	67190775	30650000	30900000	0	4078	413	3270	spaced
SUPER_3	63256698	63321717	IR	303	.	63289405	0.303	0.885	22	65286	63256698	63257347	63321068	63321736	67190775	63100000	63350000	22	3153	649	63721	spaced
SUPER_3	55515764	55520418	IR	302	.	55518563	0.302	0.737	28	4572	55515764	55516150	55520083	55520418	67190775	55350000	55600000	0	2801	335	3933	spaced
SUPER_3	53030090	53058377	IR	302	.	53044484	0.302	0.822	21	28037	53030090	53032519	53055960	53058377	67190775	52950000	53200000	0	1570	2417	23441	spaced
SUPER_3	21631032	21677264	IR	301	.	21654118	0.301	0.893	22	46235	21631032	21631703	21676593	21677264	67190775	21550000	21800000	22	1735	671	44890	spaced
SUPER_3	10546216	10602073	IR	300	.	10574009	0.300	0.962	451	56982	10546216	10549880	10598409	10602099	67190775	10400000	10650000	452	2902	3664	48529	spaced
SUPER_3	48115969	48124356	IR	300	.	48120168	0.300	0.852	54	10175	48115969	48119051	48121274	48124396	67190775	47900000	48150000	54	3669	3082	2223	spaced
SUPER_3	18366096	18372782	IR	300	.	18369203	0.300	0.993	23	6774	18366096	18366230	18372648	18372783	67190775	18200000	18450000	23	2823	134	6418	spaced
SUPER_3	55002450	55009057	IR	299	.	55005991	0.299	0.985	99	6588	55002450	55003123	55008384	55009057	67190775	54800000	55050000	0	3429	673	5261	spaced
SUPER_3	6759061	6787984	IR	298	.	6773923	0.298	0.879	171	28899	6759061	6761134	6785963	6787984	67190775	6550000	6800000	0	3725	2021	24829	spaced
SUPER_3	17781628	17862726	IR	298	.	17821774	0.298	0.933	23	81083	17781628	17781684	17862670	17862730	67190775	17650000	17900000	0	2869	56	80986	spaced
SUPER_3	22215140	22222660	IR	297	.	22219176	0.297	0.977	54	7501	22215140	22215696	22222104	22222663	67190775	22100000	22350000	0	1981	556	6408	spaced
SUPER_3	65864585	65900044	IR	297	.	65882658	0.297	0.800	26	35435	65864585	65867685	65897022	65900044	67190775	65750000	66000000	0	2205	3022	29337	spaced
SUPER_3	52227303	52251587	IR	297	.	52239367	0.297	0.840	22	24246	52227303	52227353	52251545	52251587	67190775	52050000	52300000	212	3157	42	24192	spaced
SUPER_3	65611627	65621008	IR	293	.	65616108	0.293	0.956	57	9463	65611627	65612212	65620425	65621008	67190775	65400000	65650000	57	3605	583	8213	spaced
SUPER_3	64239085	64247002	IR	293	.	64243343	0.293	0.878	29	7843	64239085	64239711	64246389	64247002	67190775	64150000	64400000	0	1550	613	6678	spaced
SUPER_3	13931830	14094638	IR	292	.	14013533	0.292	0.863	106	162840	13931830	13933252	14093216	14094693	67190775	13850000	14100000	0	2720	1422	159964	wide
SUPER_4	12152710	12154546	IR	984	.	12153628	0.984	0.996	159	2030	12152710	12153533	12153723	12154546	67045993	11950000	12200000	159	3393	823	190	immediate
SUPER_4	53428008	53432288	IR	830	.	53430148	0.830	0.995	334	4732	53428008	53429675	53430621	53432290	67045993	53200000	53450000	334	3835	1667	946	immediate
SUPER_4	50571272	50573398	IR	724	.	50572335	0.724	0.975	119	2334	50571272	50572148	50572524	50573398	67045993	50350000	50600000	119	3705	874	376	immediate
SUPER_4	3997594	3999872	IR	703	.	3998733	0.703	0.966	115	2436	3997594	3998468	3998998	3999879	67045993	3800000	4050000	117	3312	874	530	immediate
SUPER_4	55265865	55268011	IR	659	.	55266938	0.659	0.974	128	47318	55265865	55266763	55267114	55268011	67045993	55100000	55350000	128	2782	897	351	immediate
SUPER_4	39482011	39483887	IR	633	.	39482950	0.633	0.967	107	2108	39482011	39482746	39483154	39483887	67045993	39450000	39700000	107	549	733	408	immediate
SUPER_4	37582169	37584095	IR	633	.	37583130	0.633	0.953	96	47337	37582169	37582967	37583304	37584095	67045993	37450000	37700000	96	2218	791	337	immediate
SUPER_4	10343062	10344368	IR	624	.	10343715	0.624	0.964	94	44945	10343062	10343651	10343785	10344368	67045993	10150000	10400000	104	3228	583	134	immediate
SUPER_4	55808027	55809438	IR	612	.	55808923	0.612	0.988	104	55567	55808027	55808592	55808873	55809440	67045993	55600000	55850000	104	3478	565	281	immediate
SUPER_4	33994110	33997867	IR	604	.	33995858	0.604	0.688	38	5256	33994110	33995744	33996237	33997867	67045993	33950000	34200000	38	766	1630	493	immediate
SUPER_4	20754733	20756598	IR	579	.	20755666	0.579	0.963	42	2207	20754733	20755165	20756166	20756599	67045993	20550000	20800000	42	3427	432	1001	immediate
SUPER_4	21987610	22100032	IR	574	.	22043833	0.574	0.386	84	56884	21987610	22043710	22043970	22100032	67045993	21950000	22200000	116	1563	56062	260	immediate
SUPER_4	52280674	52282747	IR	566	.	52281239	0.566	0.942	102	2053	52280674	52281682	52281764	52282747	67045993	52050000	52300000	0	3861	983	82	immediate
SUPER_4	11770827	11774005	IR	549	.	11772643	0.549	0.718	56	25346	11770827	11771225	11773610	11774005	67045993	11700000	11950000	4	1206	395	2385	spaced
SUPER_4	16867418	16981437	IR	535	.	16924651	0.535	1.000	58	114943	16867418	16867437	16981418	16981437	67045993	16750000	17000000	2	2906	19	113981	wide
SUPER_4	25776512	25784185	IR	522	.	25780722	0.522	0.749	50	7613	25776512	25779625	25781147	25784185	67045993	25700000	25950000	0	1339	3038	1522	immediate
SUPER_4	14392867	14394967	IR	512	.	14393917	0.512	0.630	28	2184	14392867	14393395	14394439	14394969	67045993	14150000	14400000	28	4065	528	1044	immediate
SUPER_4	42200908	42202811	IR	510	.	42201863	0.510	0.972	121	2125	42200908	42201636	42202083	42202821	67045993	42050000	42300000	121	2530	728	447	immediate
SUPER_4	19379432	19381123	IR	502	.	19380140	0.502	0.831	58	2018	19379432	19380190	19380465	19381123	67045993	19250000	19500000	58	2171	658	275	immediate
SUPER_4	360967	365017	IR	491	.	362992	0.491	0.975	175	4648	360967	362170	363814	365019	67045993	150000	400000	175	3549	1203	1644	immediate
SUPER_4	24417133	24419173	IR	486	.	24418153	0.486	0.858	48	2357	24417133	24418044	24418262	24419222	67045993	24400000	24650000	48	302	911	218	immediate
SUPER_4	40789539	40790121	IR	486	.	40789830	0.486	0.995	39	52869	40789539	40789738	40789922	40790121	67045993	40700000	40950000	39	1497	199	184	immediate
SUPER_4	23945048	24007807	IR	481	.	23976098	0.481	0.719	22	62713	23945048	23945094	24007761	24007825	67045993	23800000	24050000	0	2940	46	62667	spaced
SUPER_4	25945648	26047696	IR	480	.	25997050	0.480	0.554	132	102027	25945648	25980164	26013210	26047696	67045993	25800000	26050000	0	3277	34486	33046	spaced
SUPER_4	59285312	59289828	IR	477	.	59287540	0.477	0.843	70	4651	59285312	59287369	59287775	59289828	67045993	59150000	59400000	70	2292	2053	406	immediate
SUPER_4	59354522	59536772	IR	475	.	59445187	0.475	0.869	157	182223	59354522	59356515	59534787	59536772	67045993	59300000	59550000	0	2427	1985	178272	wide
SUPER_4	3627609	3633445	IR	466	.	3630538	0.466	0.815	24	5971	3627609	3629756	3631320	3633445	67045993	3600000	3850000	24	508	2125	1564	immediate
SUPER_4	61007160	61051042	IR	458	.	61029563	0.458	0.833	22	43807	61007160	61008325	61049912	61051042	67045993	60900000	61150000	0	2151	1130	41587	spaced
SUPER_4	50645749	50661358	IR	443	.	50653514	0.443	0.408	61	15693	50645749	50653404	50653703	50661397	67045993	50450000	50700000	113	3392	7655	299	immediate
SUPER_4	43077191	43172672	IR	441	.	43125237	0.441	0.401	23	95482	43077191	43080518	43169345	43172739	67045993	42950000	43200000	0	2915	3327	88827	spaced
SUPER_4	39864067	39977237	IR	440	.	39920163	0.440	0.407	37	113147	39864067	39875690	39965644	39977237	67045993	39750000	40000000	0	2844	11593	89954	spaced
SUPER_4	50872792	50877155	IR	439	.	50874996	0.439	0.737	52	4460	50872792	50874686	50875286	50877155	67045993	50800000	51050000	55	1249	1869	600	immediate
SUPER_4	63493867	63622790	IR	439	.	63558365	0.439	0.389	24	128918	63493867	63557931	63558802	63622790	67045993	63450000	63700000	24	1805	63988	871	immediate
SUPER_4	11119828	11261832	IR	439	.	11190510	0.439	0.392	22	142029	11119828	11190263	11191397	11261883	67045993	11050000	11300000	0	2347	70435	1134	immediate
SUPER_4	63855438	64081034	IR	437	.	63968076	0.437	0.957	301	225967	63855438	63858156	64078322	64081034	67045993	63850000	64100000	301	1970	2712	220166	wide
SUPER_4	54159459	54387801	IR	435	.	54273828	0.435	0.920	23	228296	54159459	54159509	54387755	54387801	67045993	54150000	54400000	264	2060	46	228246	wide
SUPER_4	41623401	41699727	IR	433	.	41661294	0.433	0.800	31	76270	41623401	41623457	41699671	41699741	67045993	41500000	41750000	0	2692	56	76214	spaced
SUPER_4	27008219	27064619	IR	429	.	27036256	0.429	0.799	52	56759	27008219	27010395	27062521	27064619	67045993	26950000	27200000	53	1440	2098	52126	spaced
SUPER_4	46027685	46106039	IR	428	.	46066737	0.428	0.958	21	78310	46027685	46027731	46105993	46106041	67045993	45950000	46200000	209	1947	46	78262	spaced
SUPER_4	19567416	19795366	IR	427	.	19681334	0.427	0.840	20	227912	19567416	19567466	19795324	19795366	67045993	19550000	19800000	196	2189	42	227858	wide
SUPER_4	36275641	36345610	IR	426	.	36310609	0.426	0.817	29	71164	36275641	36277487	36343795	36345610	67045993	36200000	36450000	29	1843	1815	66308	spaced
SUPER_4	65176936	65197586	IR	424	.	65187060	0.424	0.432	52	20679	65176936	65186970	65187620	65197586	67045993	65100000	65350000	55	1454	9966	650	immediate
SUPER_4	22897406	23078069	IR	424	.	22987403	0.424	0.843	46	180348	22897406	22898730	23076795	23078069	67045993	22850000	23100000	0	2295	1274	178065	wide
SUPER_4	51116731	51251711	IR	423	.	51184212	0.423	0.960	30	134934	51116731	51116781	51251663	51251711	67045993	51050000	51300000	308	2236	48	134882	wide
SUPER_4	7660431	7809505	IR	422	.	7735073	0.422	0.903	27	149422	7660431	7660746	7809190	7809521	67045993	7600000	7850000	27	2249	315	148444	wide
SUPER_4	30204617	30319016	IR	418	.	30261396	0.418	0.915	47	114247	30204617	30205481	30318155	30319016	67045993	30150000	30400000	0	1863	861	112674	wide
SUPER_4	63010308	63072356	IR	415	.	63041235	0.415	0.923	25	62000	63010308	63010360	63072308	63072356	67045993	62850000	63100000	325	3188	48	61948	spaced
SUPER_4	35624335	35633314	IR	414	.	35628959	0.414	0.917	22	8935	35624335	35624383	35633270	35633314	67045993	35400000	35650000	240	3813	44	8887	spaced
SUPER_4	33186298	33233934	IR	411	.	33210460	0.411	0.945	98	47615	33186298	33187839	33232393	33233934	67045993	33000000	33250000	0	3501	1541	44554	spaced
SUPER_4	57934625	58063427	IR	409	.	57998800	0.409	0.667	29	128752	57934625	57934665	58063387	58063447	67045993	57900000	58150000	335	1650	40	128722	wide
SUPER_4	56125929	56208661	IR	405	.	56167486	0.405	0.404	134	83986	56125929	56166807	56167783	56208691	67045993	56100000	56350000	164	1121	40878	976	immediate
SUPER_4	1312033	1320740	IR	405	.	1316010	0.405	0.881	40	8686	1312033	1313310	1319468	1320740	67045993	1100000	1350000	0	3606	1272	6158	spaced
SUPER_4	1007315	1026875	IR	404	.	1016905	0.404	0.737	24	19560	1007315	1007987	1026248	1026875	67045993	900000	1150000	24	1951	627	18261	spaced
SUPER_4	6165556	6187871	IR	403	.	6176901	0.403	0.877	40	22462	6165556	6166556	6186871	6187900	67045993	5950000	6200000	40	3778	1000	20315	spaced
SUPER_4	31924385	31927610	IR	393	.	31925566	0.393	0.703	30	3173	31924385	31924437	31927558	31927632	67045993	31700000	31950000	0	3766	52	3121	spaced
SUPER_4	54976947	55179531	IR	393	.	55078566	0.393	0.750	24	202536	54976947	54976995	55179483	55179547	67045993	54950000	55200000	0	2137	48	202488	wide
SUPER_4	26235295	26242989	IR	393	.	26239217	0.393	0.648	21	9866	26235295	26235870	26242501	26242989	67045993	26200000	26450000	52	652	488	6631	spaced
SUPER_4	61448918	61588578	IR	392	.	61519190	0.392	0.428	250	139630	61448918	61515066	61522444	61588578	67045993	61350000	61600000	0	2812	66134	7378	spaced
SUPER_4	42385124	42595234	IR	392	.	42490173	0.392	0.925	104	210811	42385124	42386691	42593667	42595252	67045993	42350000	42600000	105	2336	1567	206976	wide
SUPER_4	43725397	43728486	IR	392	.	43726846	0.392	0.803	39	3492	43725397	43725820	43728063	43728566	67045993	43650000	43900000	41	1282	423	2243	spaced
SUPER_4	21035941	21080805	IR	392	.	21058151	0.392	0.782	21	46069	21035941	21037032	21079745	21080805	67045993	20900000	21150000	19	2639	1060	42713	spaced
SUPER_4	53765093	53841178	IR	389	.	53803414	0.389	0.876	31	76090	53765093	53765780	53840491	53841204	67045993	53600000	53850000	0	3385	687	74711	spaced
SUPER_4	32712521	32714304	IR	389	.	32713413	0.389	0.992	25	2026	32712521	32712644	32714181	32714305	67045993	32650000	32900000	25	1056	123	1537	immediate
SUPER_4	14019395	14203988	IR	388	.	14112109	0.388	0.888	184	184568	14019395	14024399	14198993	14203988	67045993	14000000	14250000	0	1861	4995	174594	wide
SUPER_4	25625328	25727926	IR	388	.	25676722	0.388	0.929	33	102662	25625328	25625982	25727274	25727926	67045993	25500000	25750000	33	2943	652	101292	wide
SUPER_4	38887153	38981375	IR	388	.	38934302	0.388	0.395	23	94222	38887153	38933912	38934654	38981375	67045993	38800000	39050000	23	2237	46721	742	immediate
SUPER_4	14630325	14653005	IR	387	.	14641229	0.387	0.690	157	22645	14630325	14637730	14645610	14653005	67045993	14450000	14700000	0	3194	7395	7880	spaced
SUPER_4	27933956	28046998	IR	386	.	27990786	0.386	0.887	43	113020	27933956	27935360	28045606	28046998	67045993	27900000	28150000	0	1507	1392	110246	wide
SUPER_4	16132628	16295019	IR	386	.	16213405	0.386	0.865	26	162322	16132628	16134041	16293607	16295019	67045993	16050000	16300000	0	2730	1412	159566	wide
SUPER_4	8235508	8264357	IR	386	.	8250336	0.386	0.807	20	28678	8235508	8236554	8263311	8264362	67045993	8050000	8300000	0	3332	1046	26757	spaced
SUPER_4	59820168	59862856	IR	384	.	59841430	0.384	0.916	211	43302	59820168	59821670	59861354	59862906	67045993	59750000	60000000	222	1525	1502	39684	spaced
SUPER_4	30548761	30569254	IR	383	.	30559426	0.383	0.925	105	20397	30548761	30550462	30567553	30569259	67045993	30350000	30600000	0	3483	1701	17091	spaced
SUPER_4	43972950	43977029	IR	383	.	43975099	0.383	0.885	52	4359	43972950	43973773	43976246	43977029	67045993	43800000	44050000	52	2916	783	2473	spaced
SUPER_4	35028118	35072831	IR	383	.	35050743	0.383	0.819	27	44680	35028118	35030662	35070289	35072831	67045993	34950000	35200000	0	1674	2542	39627	spaced
SUPER_4	2204569	2354633	IR	383	.	2279888	0.383	0.417	25	150028	2204569	2204605	2354597	2354671	67045993	2200000	2450000	0	1326	36	149992	wide
SUPER_4	61603639	61660490	IR	382	.	61631749	0.382	0.900	156	56833	61603639	61605757	61658459	61660490	67045993	61450000	61700000	0	3034	2031	52702	spaced
SUPER_4	13423889	13426463	IR	382	.	13425173	0.382	0.847	36	2721	13423889	13424381	13425977	13426463	67045993	13250000	13500000	52	2919	486	1596	immediate
SUPER_4	53194717	53323484	IR	381	.	53258942	0.381	0.759	26	128717	53194717	53194761	53323440	53323498	67045993	53100000	53350000	292	2651	44	128679	wide
SUPER_4	12816714	13004325	IR	381	.	12910030	0.381	1.000	22	187557	12816714	12816768	13004271	13004325	67045993	12800000	13050000	0	1841	54	187503	wide
SUPER_4	48988037	49048844	IR	380	.	49017986	0.380	0.933	32	60783	48988037	48988512	49048370	49048844	67045993	48850000	49100000	0	2807	474	59858	spaced
SUPER_4	19505709	19508920	IR	380	.	19507375	0.380	0.875	23	3175	19505709	19505751	19508878	19508926	67045993	19300000	19550000	240	3455	42	3127	spaced
SUPER_4	59621101	59697751	IR	379	.	59659355	0.379	0.861	123	77571	59621101	59622651	59696288	59697751	67045993	59450000	59700000	126	3490	1463	73637	spaced
SUPER_4	30598015	30769193	IR	378	.	30683331	0.378	0.967	78	171166	30598015	30598633	30768575	30769203	67045993	30550000	30800000	0	2226	618	169942	wide
SUPER_4	6231236	6234776	IR	378	.	6232573	0.378	0.079	39	3502	6231236	6231274	6234738	6234842	67045993	6000000	6250000	0	3883	38	3464	spaced
SUPER_4	1536050	1538310	IR	378	.	1537180	0.378	0.868	20	2247	1536050	1536784	1537585	1538310	67045993	1500000	1750000	20	619	725	801	immediate
SUPER_4	65016574	65090503	IR	377	.	65053689	0.377	0.821	24	74484	65016574	65018524	65088582	65090503	67045993	64850000	65100000	24	3392	1921	70058	spaced
SUPER_4	56603787	56628277	IR	376	.	56616049	0.376	0.633	22	24446	56603787	56603825	56628239	56628299	67045993	56400000	56650000	114	3600	38	24414	spaced
SUPER_4	12050558	12141696	IR	376	.	12096155	0.376	0.928	21	91249	12050558	12050920	12141337	12141696	67045993	11900000	12150000	21	3268	359	90417	spaced
SUPER_4	7349249	7444301	IR	375	.	7396643	0.375	0.765	149	95285	7349249	7351669	7441890	7444301	67045993	7200000	7450000	149	3279	2411	90221	spaced
SUPER_4	26384508	26489495	IR	375	.	26437305	0.375	0.813	46	104942	26384508	26385552	26488451	26489523	67045993	26250000	26500000	0	3116	1044	102899	wide
SUPER_4	29430474	29557028	IR	374	.	29493270	0.374	0.957	175	126499	29430474	29432347	29555155	29557030	67045993	29350000	29600000	0	2395	1873	122808	wide
SUPER_4	7162175	7279601	IR	374	.	7221336	0.374	0.765	26	117374	7162175	7162243	7279549	7279601	67045993	7150000	7400000	0	1181	52	117306	wide
SUPER_4	714463	762403	IR	374	.	738377	0.374	0.913	21	47906	714463	714505	762361	762407	67045993	600000	850000	159	2307	42	47856	spaced
SUPER_4	56356961	56433082	IR	372	.	56395056	0.372	0.819	46	76158	56356961	56357735	56432308	56433085	67045993	56300000	56550000	56	1583	774	74573	spaced
SUPER_4	48091340	48135577	IR	372	.	48113452	0.372	0.880	23	44191	48091340	48091384	48135533	48135583	67045993	48000000	48250000	215	1890	44	44149	spaced
SUPER_4	7623250	7627756	IR	372	.	7625604	0.372	0.780	22	58869	7623250	7624455	7626560	7627756	67045993	7550000	7800000	25	1258	1196	2105	spaced
SUPER_4	36685626	36821432	IR	371	.	36753029	0.371	0.955	354	135758	36685626	36689617	36817441	36821445	67045993	36600000	36850000	0	2558	3991	127824	wide
SUPER_4	50242433	50246125	IR	371	.	50244545	0.371	0.919	28	3677	50242433	50243057	50245501	50246132	67045993	50050000	50300000	0	3237	624	2444	spaced
SUPER_4	63141365	63143230	IR	370	.	63142296	0.370	0.985	125	2067	63141365	63142158	63142437	63143232	67045993	62950000	63200000	125	3204	793	279	immediate
SUPER_4	36526975	36589749	IR	370	.	36558082	0.370	0.865	124	62748	36526975	36532102	36584622	36589779	67045993	36350000	36600000	0	3472	5127	52520	spaced
SUPER_4	55663497	55724889	IR	367	.	55693905	0.367	0.447	195	61373	55663497	55692827	55695566	55724889	67045993	55500000	55750000	0	3236	29323	2739	spaced
SUPER_4	56923715	57099526	IR	367	.	57011584	0.367	0.852	68	176151	56923715	56924451	57098790	57099544	67045993	56850000	57100000	68	2693	736	174339	wide
SUPER_4	40607445	40726294	IR	367	.	40666956	0.367	0.389	29	118963	40607445	40666887	40666883	40726294	67045993	40500000	40750000	49	2781	59411	-4	overlap
SUPER_4	2617178	2794210	IR	367	.	2705362	0.367	0.823	20	177015	2617178	2619863	2791528	2794210	67045993	2550000	2800000	0	2594	2682	171665	wide
SUPER_4	9717416	9748444	IR	366	.	9733299	0.366	0.914	181	31003	9717416	9719474	9746423	9748444	67045993	9600000	9850000	0	2215	2021	26949	spaced
SUPER_4	104574	165665	IR	366	.	134737	0.366	0.398	54	30940	104574	135133	135202	165665	67045993	100000	350000	0	585	30463	69	immediate
SUPER_4	18299694	18315093	IR	366	.	18306892	0.366	0.750	22	15351	18299694	18299758	18315045	18315093	67045993	18200000	18450000	0	1789	48	15287	spaced
SUPER_4	33245198	33361469	IR	365	.	33302852	0.365	0.793	32	115715	33245198	33249794	33356881	33361469	67045993	33200000	33450000	0	1722	4588	107087	wide
SUPER_4	37038574	37150752	IR	364	.	37094748	0.364	0.797	20	112288	37038574	37039184	37150183	37150752	67045993	37000000	37250000	20	1577	569	110999	wide
SUPER_4	18230854	18299740	IR	363	.	18265052	0.363	1.000	29	68842	18230854	18230898	18299696	18299740	67045993	18200000	18450000	121	1088	44	68798	spaced
SUPER_4	65300593	65447980	IR	363	.	65374738	0.363	0.754	29	147360	65300593	65301641	65446950	65447980	67045993	65200000	65450000	0	2904	1030	145309	wide
SUPER_4	24457208	24645504	IR	363	.	24551300	0.363	0.517	23	188373	24457208	24458430	24644323	24645504	67045993	24400000	24650000	28	2522	1181	185893	wide
SUPER_4	25799550	25923466	IR	362	.	25861465	0.362	0.506	69	173125	25799550	25817168	25905909	25923466	67045993	25750000	26000000	78	1858	17557	88741	spaced
SUPER_4	3393065	3503020	IR	361	.	3447999	0.361	0.910	209	111233	3393065	3396357	3499728	3503022	67045993	3350000	3600000	209	1633	3292	103371	wide
SUPER_4	4210482	4433015	IR	361	.	4321550	0.361	0.881	83	223029	4210482	4211872	4431626	4433015	67045993	4200000	4450000	83	2029	1389	219754	wide
SUPER_4	42939757	42947064	IR	361	.	42943765	0.361	0.977	26	7265	42939757	42939801	42947021	42947064	67045993	42700000	42950000	0	4056	43	7220	spaced
SUPER_4	32250696	32359065	IR	361	.	32305374	0.361	0.743	25	108331	32250696	32250906	32358855	32359083	67045993	32150000	32400000	0	2581	210	107949	wide
SUPER_4	12299718	12410557	IR	360	.	12355529	0.360	0.828	77	110808	12299718	12301742	12408567	12410557	67045993	12200000	12450000	0	2585	1990	106825	wide
SUPER_4	46402294	46404661	IR	360	.	46403514	0.360	0.924	50	2451	46402294	46402761	46404194	46404676	67045993	46250000	46500000	50	2557	467	1433	immediate
SUPER_4	17328646	17417205	IR	360	.	17373368	0.360	0.852	33	88540	17328646	17329355	17416499	17417205	67045993	17250000	17500000	0	2048	706	87144	spaced
SUPER_4	34180536	34185154	IR	360	.	34183220	0.360	0.774	22	4572	34180536	34180584	34185106	34185168	67045993	33950000	34200000	0	3880	48	4522	spaced
SUPER_4	37259285	37389334	IR	359	.	37324653	0.359	0.862	68	130027	37259285	37260420	37388213	37389334	67045993	37150000	37400000	0	2905	1121	127793	wide
SUPER_4	41699673	41801485	IR	359	.	41750336	0.359	0.957	29	101768	41699673	41699719	41801441	41801485	67045993	41600000	41850000	166	2509	44	101722	wide
SUPER_4	39986097	39988230	IR	359	.	39987166	0.359	0.765	26	2148	39986097	39986447	39987911	39988230	67045993	39950000	40200000	37	619	319	1464	immediate
SUPER_4	44986966	45094601	IR	358	.	45040541	0.358	0.977	264	109328	44986966	44987832	45093746	45094601	67045993	44900000	45150000	160	2346	855	105914	wide
SUPER_4	57453566	57479422	IR	358	.	57466217	0.358	0.894	122	25888	57453566	57455543	57477445	57479471	67045993	57250000	57500000	0	3608	1977	21902	spaced
SUPER_4	15813745	15931185	IR	358	.	15872318	0.358	0.906	71	117540	15813745	15814751	15930186	15931185	67045993	15700000	15950000	71	2874	999	115435	wide
SUPER_4	38648971	38753194	IR	358	.	38700911	0.358	0.931	32	104242	38648971	38649444	38752723	38753194	67045993	38600000	38850000	32	1684	471	103279	wide
SUPER_4	28884426	28933205	IR	358	.	28909203	0.358	0.306	26	48743	28884426	28884462	28933169	28933251	67045993	28700000	28950000	0	3480	36	48707	spaced
SUPER_4	4781	13011	IR	357	.	8771	0.357	0.961	362	8962	4781	7510	10317	13011	67045993	0	250000	362	148	2694	2807	spaced
SUPER_4	29874578	29947958	IR	357	.	29911747	0.357	0.744	34	70720	29874578	29881928	29940642	29947958	67045993	29800000	30050000	0	1854	7316	58714	spaced
SUPER_4	50250754	50298621	IR	357	.	50274202	0.357	0.789	34	47807	50250754	50250830	50298561	50298621	67045993	50250000	50500000	0	411	60	47731	spaced
SUPER_4	66059751	66062416	IR	357	.	66061465	0.357	0.735	26	2615	66059751	66059819	66062366	66062416	67045993	66050000	66300000	0	184	50	2547	spaced
SUPER_4	35368492	35437200	IR	357	.	35402652	0.357	0.679	22	68664	35368492	35368530	35437162	35437218	67045993	35350000	35600000	95	880	38	68632	spaced
SUPER_4	51684663	51782489	IR	356	.	51733134	0.356	0.799	35	97871	51684663	51685483	51781669	51782558	67045993	51600000	51850000	0	2226	820	96186	spaced
SUPER_4	3540634	3576899	IR	356	.	3558916	0.356	0.846	23	36225	3540634	3540686	3576855	3576899	67045993	3350000	3600000	249	3479	44	36169	spaced
SUPER_4	35639334	35659028	IR	355	.	35649315	0.355	0.819	39	19813	35639334	35640423	35657939	35659061	67045993	35450000	35700000	39	3319	1089	17516	spaced
SUPER_4	51991492	52029620	IR	355	.	52010861	0.355	0.797	36	38199	51991492	51991987	52029125	52029717	67045993	51800000	52050000	0	3509	495	37138	spaced
SUPER_4	46725243	46773106	IR	355	.	46749217	0.355	0.759	32	47987	46725243	46726386	46771963	46773150	67045993	46550000	46800000	35	3319	1143	45577	spaced
SUPER_4	63153459	63157088	IR	355	.	63154980	0.355	0.848	28	3585	63153459	63153515	63157032	63157098	67045993	63100000	63350000	0	921	56	3517	spaced
SUPER_4	18562967	18565746	IR	355	.	18564082	0.355	0.474	24	2741	18562967	18563005	18565708	18565782	67045993	18500000	18750000	0	1072	38	2703	spaced
SUPER_4	20267726	20386502	IR	355	.	20326754	0.355	0.833	22	118726	20267726	20267776	20386452	20386512	67045993	20150000	20400000	0	2951	50	118676	wide
SUPER_4	22557787	22673934	IR	354	.	22615763	0.354	0.961	227	116815	22557787	22559921	22671801	22673934	67045993	22450000	22700000	227	2764	2133	111880	wide
SUPER_4	64653949	64820292	IR	354	.	64737217	0.354	0.818	45	166311	64653949	64654015	64820238	64820292	67045993	64600000	64850000	877	2285	54	166223	wide
SUPER_4	33899933	33908011	IR	354	.	33904268	0.354	0.756	38	8059	33899933	33902442	33905568	33908011	67045993	33700000	33950000	0	3399	2443	3126	spaced
SUPER_4	21886381	21987640	IR	354	.	21937099	0.354	0.962	28	101209	21886381	21886431	21987590	21987642	67045993	21750000	22000000	378	3116	50	101159	wide
SUPER_4	44203087	44221516	IR	353	.	44212131	0.353	0.917	33	18563	44203087	44203793	44220810	44221523	67045993	44100000	44350000	33	1871	706	17017	spaced
SUPER_4	58585963	58652128	IR	353	.	58618692	0.353	0.737	33	66109	58585963	58586039	58652072	58652128	67045993	58450000	58700000	0	2817	56	66033	spaced
SUPER_4	66207983	66303652	IR	353	.	66255380	0.353	0.649	27	95621	66207983	66208031	66303604	66303678	67045993	66150000	66400000	0	1763	48	95573	spaced
SUPER_4	54660789	54699385	IR	353	.	54680566	0.353	0.716	25	38575	54660789	54661623	54698551	54699388	67045993	54500000	54750000	0	3001	834	36928	spaced
SUPER_4	48351717	48538506	IR	352	.	48444681	0.352	0.757	63	186800	48351717	48353748	48536475	48538560	67045993	48350000	48600000	0	1585	2031	182727	wide
SUPER_4	62016178	62214496	IR	352	.	62114857	0.352	0.811	33	198285	62016178	62017489	62213238	62214496	67045993	62000000	62250000	0	1922	1258	195749	wide
SUPER_4	7066037	7102900	IR	352	.	7084440	0.352	0.917	23	36854	7066037	7066085	7102856	7102900	67045993	6900000	7150000	203	3074	44	36771	spaced
SUPER_4	7819434	7982261	IR	352	.	7900754	0.352	0.667	21	162799	7819434	7819488	7982225	7982261	67045993	7800000	8050000	40	1680	36	162737	wide
SUPER_4	38253120	38382570	IR	351	.	38317974	0.351	0.906	45	129402	38253120	38253184	38382512	38382570	67045993	38150000	38400000	894	2797	58	129328	wide
SUPER_4	45860461	45876896	IR	351	.	45868785	0.351	0.781	38	16389	45860461	45860525	45876846	45876896	67045993	45650000	45900000	662	3644	50	16321	spaced
SUPER_4	50305010	50393928	IR	350	.	50349998	0.350	0.729	39	88876	50305010	50307413	50391632	50393928	67045993	50200000	50450000	0	2491	2296	84219	spaced
SUPER_4	27157176	27358043	IR	350	.	27257151	0.350	0.398	38	137184	27157176	27221290	27293988	27358043	67045993	27150000	27400000	0	1793	64055	72698	spaced
SUPER_4	64882259	64932013	IR	350	.	64907059	0.350	0.857	36	49716	64882259	64882307	64931965	64932021	67045993	64700000	64950000	386	3452	48	49658	spaced
SUPER_4	44002389	44127376	IR	350	.	44064470	0.350	0.495	35	124375	44002389	44003027	44126764	44127376	67045993	44000000	44250000	0	1081	612	123737	wide
SUPER_4	1611008	1809189	IR	350	.	1709693	0.350	0.795	21	198159	1611008	1615459	1804757	1809189	67045993	1600000	1850000	0	1834	4432	189298	wide
SUPER_4	18481298	18516678	IR	349	.	18498973	0.349	0.987	170	35629	18481298	18482242	18515734	18516678	67045993	18300000	18550000	170	3316	944	33492	spaced
SUPER_4	49916944	49963082	IR	349	.	49940326	0.349	0.957	160	46117	49916944	49918853	49961177	49963082	67045993	49750000	50000000	0	3166	1905	42324	spaced
SUPER_4	46965374	47080087	IR	349	.	47022487	0.349	0.968	86	116296	46965374	46965437	47080024	47080087	67045993	46900000	47150000	4	2045	63	114587	wide
SUPER_4	31938358	32056613	IR	349	.	31997570	0.349	0.824	70	118366	31938358	31939301	32055670	32056646	67045993	31900000	32150000	72	1624	943	116369	wide
SUPER_4	13148372	13150904	IR	349	.	13149773	0.349	0.973	39	2546	13148372	13148663	13150613	13150905	67045993	13000000	13250000	39	2493	291	1950	immediate
SUPER_4	9225843	9373822	IR	349	.	9299631	0.349	0.802	28	148022	9225843	9226688	9372977	9373888	67045993	9150000	9400000	32	2497	845	146289	wide
SUPER_4	9972978	10011934	IR	349	.	9992208	0.349	1.000	22	38922	9972978	9972995	10011917	10011934	67045993	9800000	10050000	1	3207	17	38922	spaced
SUPER_4	62356915	62522729	IR	348	.	62439462	0.348	0.896	154	165827	62356915	62358128	62521516	62522760	67045993	62300000	62550000	0	2330	1213	163388	wide
SUPER_4	4597547	4642525	IR	348	.	4620170	0.348	0.968	54	45104	4597547	4597990	4642082	4642525	67045993	4400000	4650000	54	3667	443	44092	spaced
SUPER_4	50687919	50709787	IR	348	.	50698403	0.348	0.944	38	21826	50687919	50687991	50709719	50709787	67045993	50500000	50750000	0	3314	68	21728	spaced
SUPER_4	39636564	39763647	IR	348	.	39700021	0.348	0.733	35	127045	39636564	39636624	39763603	39763647	67045993	39550000	39800000	380	2501	44	126979	wide
SUPER_4	8357860	8463154	IR	348	.	8410771	0.348	0.900	32	105292	8357860	8358385	8462629	8463172	67045993	8300000	8550000	0	1841	525	104244	wide
SUPER_4	14858356	14886496	IR	348	.	14872862	0.348	0.765	27	28088	14858356	14858424	14886444	14886496	67045993	14700000	14950000	0	2873	52	28020	spaced
SUPER_4	34669094	34759318	IR	348	.	34714407	0.348	0.846	26	90223	34669094	34669138	34759274	34759326	67045993	34550000	34800000	188	2736	44	90136	spaced
SUPER_4	39398064	39418650	IR	348	.	39408072	0.348	0.867	26	20534	39398064	39398116	39418598	39418658	67045993	39200000	39450000	0	3472	52	20482	spaced
SUPER_4	66303604	66496101	IR	348	.	66400265	0.348	0.622	26	192451	66303604	66303678	66496055	66496101	67045993	66250000	66500000	0	2497	46	192377	wide
SUPER_4	45299760	45393926	IR	348	.	45346364	0.348	0.677	21	94124	45299760	45299822	45393884	45393926	67045993	45150000	45400000	0	3280	42	94062	spaced
SUPER_4	9109947	9218671	IR	347	.	9164655	0.347	0.899	194	108706	9109947	9113002	9215639	9218671	67045993	9000000	9250000	0	2738	3032	102637	wide
SUPER_4	8618245	8625930	IR	347	.	8622473	0.347	0.969	71	7680	8618245	8618717	8625458	8625942	67045993	8400000	8650000	0	3701	472	6741	spaced
SUPER_4	36134403	36152858	IR	347	.	36144095	0.347	0.409	38	18411	36134403	36134447	36152814	36152906	67045993	36050000	36300000	0	1560	44	18367	spaced
SUPER_4	56790973	56838729	IR	347	.	56814791	0.347	0.946	34	48049	56790973	56791391	56838311	56838737	67045993	56700000	56950000	34	1914	418	46920	spaced
SUPER_4	53965594	54051590	IR	347	.	54008331	0.347	0.807	32	85979	53965594	53966381	54050856	54051590	67045993	53850000	54100000	0	2643	734	84475	spaced
SUPER_4	59881371	60040462	IR	347	.	59960994	0.347	0.852	25	159047	59881371	59881425	60040416	60040462	67045993	59800000	60050000	264	2681	46	158991	wide
SUPER_4	62918226	63010360	IR	347	.	62963966	0.347	0.933	24	92090	62918226	62918282	63010304	63010364	67045993	62800000	63050000	0	2738	56	92022	spaced
SUPER_4	5885699	5942686	IR	347	.	5914180	0.347	0.824	20	57638	5885699	5886547	5941838	5942688	67045993	5850000	6100000	20	1069	848	55291	spaced
SUPER_4	11617619	11656019	IR	347	.	11636415	0.347	0.929	20	38348	11617619	11617671	11655967	11656023	67045993	11450000	11700000	0	3113	52	38296	spaced
SUPER_4	41280775	41406924	IR	347	.	41343478	0.347	0.857	20	126101	41280775	41280831	41406876	41406924	67045993	41200000	41450000	0	2397	48	126045	wide
SUPER_4	30112643	30123266	IR	346	.	30117683	0.346	0.999	470	10601	30112643	30115396	30120513	30123267	67045993	29900000	30150000	0	3632	2753	5117	spaced
SUPER_4	30875440	30984680	IR	346	.	30930339	0.346	0.906	221	109222	30875440	30880780	30979364	30984680	67045993	30850000	31100000	0	1334	5316	98584	spaced
SUPER_4	6610707	6658906	IR	346	.	6635206	0.346	0.833	130	48081	6610707	6616430	6653183	6658944	67045993	6550000	6800000	0	1413	5723	36753	spaced
SUPER_4	60130801	60177153	IR	346	.	60153618	0.346	0.906	98	46328	60130801	60132197	60175791	60177153	67045993	60000000	60250000	0	2566	1362	43594	spaced
SUPER_4	43530210	43699924	IR	346	.	43615018	0.346	0.792	30	170679	43530210	43530924	43699210	43699951	67045993	43500000	43750000	42	1917	714	168286	wide
SUPER_4	52146094	52193843	IR	346	.	52170451	0.346	0.714	26	47713	52146094	52146144	52193793	52193863	67045993	51950000	52200000	0	3666	50	47649	spaced
SUPER_4	10596694	10798451	IR	346	.	10697403	0.346	0.918	24	201869	10596694	10597113	10798032	10798454	67045993	10550000	10800000	24	2459	419	200919	wide
SUPER_4	1522588	1524618	IR	346	.	1523603	0.346	0.919	22	2043	1522588	1522832	1524379	1524618	67045993	1400000	1650000	22	2059	239	1547	immediate
SUPER_4	26762606	26996044	IR	346	.	26879286	0.346	0.778	22	233400	26762606	26762660	26996002	26996044	67045993	26750000	27000000	220	2155	42	233342	wide
SUPER_4	15450947	15613845	IR	346	.	15532521	0.346	0.792	20	163065	15450947	15451695	15613097	15613866	67045993	15450000	15700000	20	1373	748	161402	wide
SUPER_4	40143954	40164021	IR	345	.	40153869	0.345	0.958	596	22293	40143954	40148038	40159937	40164089	67045993	39950000	40200000	596	3399	4084	11899	spaced
SUPER_4	39541655	39577590	IR	345	.	39560062	0.345	0.890	99	35917	39541655	39542488	39576780	39577590	67045993	39500000	39750000	0	993	810	34292	spaced
SUPER_4	20616292	20730104	IR	345	.	20673401	0.345	0.945	41	113827	20616292	20616721	20729675	20730110	67045993	20600000	20850000	41	1219	429	112954	wide
SUPER_4	64597904	64653985	IR	345	.	64625726	0.345	0.600	35	56033	64597904	64597944	64653945	64654013	67045993	64450000	64700000	321	2932	40	56001	spaced
SUPER_4	44310861	44333810	IR	345	.	44322549	0.345	0.645	30	22921	44310861	44310923	44333770	44333810	67045993	44150000	44400000	234	2872	40	22847	spaced
SUPER_4	8802839	9026001	IR	345	.	8914521	0.345	0.960	23	223116	8802839	8802889	9025953	9026001	67045993	8800000	9050000	248	1906	48	223064	wide
SUPER_4	52353044	52589750	IR	344	.	52471298	0.344	0.898	75	237059	52353044	52354161	52588664	52589750	67045993	52350000	52600000	78	2023	1086	234503	wide
SUPER_4	34373608	34521713	IR	344	.	34447261	0.344	0.622	72	148102	34373608	34380416	34514905	34521741	67045993	34350000	34600000	0	1627	6808	134489	wide
SUPER_4	19486219	19500246	IR	344	.	19492768	0.344	0.977	60	14008	19486219	19486699	19499766	19500246	67045993	19300000	19550000	0	3220	480	13067	spaced
SUPER_4	51329132	51380245	IR	344	.	51354272	0.344	0.522	38	51083	51329132	51329218	51380199	51380245	67045993	51200000	51450000	0	2578	46	50981	spaced
SUPER_4	56628255	56628305	IR	344	.	56628509	0.344	1.000	21	48424	56628255	56628286	56628274	56628305	67045993	56500000	56750000	55	2137	31	-12	overlap
SUPER_4	35916758	36048201	IR	344	.	35982916	0.344	0.800	20	131436	35916758	35916806	36048153	36048213	67045993	35800000	36050000	0	3041	48	131347	wide
SUPER_4	23270728	23496271	IR	343	.	23383300	0.343	0.400	72	227137	23270728	23382403	23384596	23496367	67045993	23250000	23500000	276	2224	111675	2193	spaced
SUPER_4	52901289	52996100	IR	343	.	52948392	0.343	0.404	56	94739	52901289	52948719	52948717	52996100	67045993	52900000	53150000	0	811	47383	-2	overlap
SUPER_4	65843038	66014195	IR	343	.	65928316	0.343	0.396	35	171109	65843038	65880914	65976340	66014195	67045993	65800000	66050000	0	2143	37855	95426	spaced
SUPER_4	7019034	7022470	IR	343	.	7020701	0.343	0.962	32	73302	7019034	7019293	7022211	7022471	67045993	6850000	7100000	32	2845	259	2918	spaced
SUPER_4	60769983	60892580	IR	343	.	60830977	0.343	0.176	29	122563	60769983	60770069	60892546	60892580	67045993	60750000	61000000	0	1354	34	122477	wide
SUPER_4	14211123	14299723	IR	343	.	14255087	0.343	0.450	27	88583	14211123	14211203	14299683	14299723	67045993	14050000	14300000	0	3423	40	88480	spaced
SUPER_4	695461	714507	IR	343	.	705396	0.343	0.686	26	18998	695461	695531	714459	714507	67045993	500000	750000	0	3416	48	18928	spaced
SUPER_4	28224081	28379944	IR	343	.	28302330	0.343	0.750	25	155815	28224081	28224145	28379896	28379944	67045993	28150000	28400000	0	2533	48	155751	wide
SUPER_4	55603703	55606145	IR	343	.	55605202	0.343	0.828	20	2394	55603703	55603751	55606097	55606155	67045993	55400000	55650000	0	3415	48	2346	spaced
SUPER_4	64506406	64510496	IR	342	.	64508439	0.342	0.916	169	4460	64506406	64507806	64509107	64510496	67045993	64400000	64650000	188	1807	1389	1301	immediate
SUPER_4	62872282	62903980	IR	342	.	62887673	0.342	0.833	146	31691	62872282	62874308	62901954	62903994	67045993	62700000	62950000	0	3135	2026	27646	spaced
SUPER_4	66842927	66927728	IR	342	.	66885142	0.342	0.764	45	84907	66842927	66848194	66922472	66927728	67045993	66700000	66950000	45	3088	5256	74278	spaced
SUPER_4	51380201	51587757	IR	342	.	51483881	0.342	0.875	21	207512	51380201	51380243	51587715	51587763	67045993	51350000	51600000	201	2232	42	207472	wide
SUPER_4	4838207	5038220	IR	342	.	4937738	0.342	0.710	20	199969	4838207	4838251	5038176	5038238	67045993	4800000	5050000	0	2303	44	199925	wide
SUPER_4	57764816	57781056	IR	341	.	57772830	0.341	0.952	72	16287	57764816	57765352	57780531	57781056	67045993	57550000	57800000	72	3715	525	15179	spaced
SUPER_4	36900060	36935106	IR	341	.	36917192	0.341	0.949	44	35024	36900060	36900644	36934522	36935106	67045993	36700000	36950000	0	3626	584	33878	spaced
SUPER_4	1422881	1425431	IR	341	.	1424012	0.341	0.871	40	2634	1422881	1423114	1425224	1425431	67045993	1250000	1500000	40	2902	207	2110	spaced
SUPER_4	31721359	31861892	IR	341	.	31791236	0.341	0.759	35	140555	31721359	31723991	31859260	31861933	67045993	31650000	31900000	0	2360	2632	135269	wide
SUPER_4	53858427	53926317	IR	341	.	53892335	0.341	0.836	32	68012	53858427	53859331	53925413	53926343	67045993	53750000	54000000	32	2372	904	66082	spaced
SUPER_4	41547854	41623455	IR	341	.	41585542	0.341	0.979	30	75586	41547854	41547901	41623409	41623455	67045993	41400000	41650000	291	3094	46	75508	spaced
SUPER_4	9386812	9428068	IR	341	.	9407444	0.341	0.917	21	41210	9386812	9386856	9428024	9428072	67045993	9200000	9450000	200	3457	44	41168	spaced
SUPER_4	32421110	32494181	IR	340	.	32457247	0.340	0.613	143	73075	32421110	32429864	32485427	32494233	67045993	32300000	32550000	0	2627	8754	55563	spaced
SUPER_4	60615336	60749827	IR	340	.	60683043	0.340	0.899	94	134448	60615336	60617052	60748122	60749827	67045993	60500000	60750000	0	3042	1705	131070	wide
SUPER_4	22179843	22235225	IR	340	.	22207204	0.340	0.939	76	55366	22179843	22180595	22234473	22235240	67045993	22000000	22250000	0	3458	752	53878	spaced
SUPER_4	48553051	48675416	IR	340	.	48613878	0.340	0.815	49	122125	48553051	48554138	48674329	48675459	67045993	48450000	48700000	0	2737	1087	120191	wide
SUPER_4	32574019	32666830	IR	340	.	32620620	0.340	0.814	31	92842	32574019	32574738	32666174	32666830	67045993	32450000	32700000	31	2840	656	91436	spaced
SUPER_4	27652799	27888560	IR	340	.	27770280	0.340	0.625	30	235713	27652799	27652849	27888510	27888590	67045993	27650000	27900000	0	2011	50	235661	wide
SUPER_4	41801443	41929428	IR	340	.	41865619	0.340	0.885	26	127945	41801443	41801489	41929382	41929434	67045993	41700000	41950000	251	2757	46	127893	wide
SUPER_4	13808220	13915912	IR	340	.	13862408	0.340	0.871	23	107318	13808220	13809308	13914831	13915912	67045993	13750000	14000000	0	1867	1081	105523	wide
SUPER_4	5486738	5576705	IR	340	.	5531526	0.340	0.760	22	89959	5486738	5486788	5576667	5576705	67045993	5350000	5600000	122	3028	38	89879	spaced
SUPER_4	44389457	44477925	IR	339	.	44433233	0.339	0.897	105	88155	44389457	44393777	44473642	44477925	67045993	44250000	44500000	0	3061	4283	79865	spaced
SUPER_4	66704764	66732317	IR	339	.	66719004	0.339	0.811	75	27528	66704764	66708995	66728099	66732317	67045993	66700000	66950000	0	308	4218	19104	spaced
SUPER_4	63671485	63821659	IR	339	.	63746344	0.339	0.935	63	165807	63671485	63672455	63820689	63821659	67045993	63600000	63850000	63	2442	970	148234	wide
SUPER_4	47398647	47408862	IR	339	.	47403982	0.339	0.809	42	10258	47398647	47399906	47407658	47408862	67045993	47250000	47500000	42	2562	1204	7752	spaced
SUPER_4	46877220	46949598	IR	339	.	46913880	0.339	0.692	34	72324	46877220	46877274	46949544	46949622	67045993	46700000	46950000	0	3556	54	72270	spaced
SUPER_4	8633064	8774416	IR	339	.	8703501	0.339	0.846	30	141310	8633064	8633116	8774372	8774416	67045993	8550000	8800000	234	2562	44	141256	wide
SUPER_4	17185229	17291563	IR	338	.	17238020	0.338	0.865	379	106174	17185229	17194454	17282409	17291563	67045993	17150000	17400000	0	1473	9154	87955	spaced
SUPER_4	29735584	29850668	IR	338	.	29793621	0.338	0.880	72	115065	29735584	29737172	29849135	29850668	67045993	29650000	29900000	0	2385	1533	111963	wide
SUPER_4	17851184	17864642	IR	338	.	17857669	0.338	0.947	55	14714	17851184	17851468	17864363	17864642	67045993	17750000	18000000	36	1798	279	12895	spaced
SUPER_4	52704149	52753903	IR	338	.	52728886	0.338	0.688	36	49718	52704149	52704213	52753859	52753903	67045993	52700000	52950000	539	483	44	49646	spaced
SUPER_4	28667852	28673379	IR	338	.	28670530	0.338	0.877	34	5475	28667852	28667902	28673329	28673386	67045993	28450000	28700000	514	3676	50	5427	spaced
SUPER_4	14472971	14528901	IR	338	.	14501401	0.338	0.871	26	55876	14472971	14473033	14528847	14528901	67045993	14300000	14550000	0	3348	54	55814	spaced
SUPER_4	38382512	38425715	IR	338	.	38403952	0.338	0.724	26	43173	38382512	38382570	38425673	38425715	67045993	38300000	38550000	231	1735	42	43103	spaced
SUPER_4	26725462	26762652	IR	338	.	26743901	0.338	0.852	25	37146	26725462	26725508	26762606	26762660	67045993	26550000	26800000	300	3234	46	37098	spaced
SUPER_4	28418857	28557271	IR	338	.	28487694	0.338	0.700	23	138374	28418857	28418917	28557229	28557271	67045993	28400000	28650000	0	1467	42	138312	wide
SUPER_4	3140757	3143166	IR	338	.	3141992	0.338	0.913	21	2367	3140757	3140799	3143124	3143170	67045993	3000000	3250000	140	2365	42	2325	spaced
SUPER_4	13457526	13639895	IR	338	.	13548984	0.338	0.862	21	182321	13457526	13457584	13639845	13639895	67045993	13400000	13650000	0	2478	50	182261	wide
SUPER_4	64262438	64283327	IR	337	.	64273202	0.337	0.896	195	20861	64262438	64264278	64281568	64283327	67045993	64100000	64350000	0	2881	1759	17290	spaced
SUPER_4	17506420	17522117	IR	337	.	17514153	0.337	0.974	137	15920	17506420	17507331	17521206	17522117	67045993	17350000	17600000	137	2737	911	13875	spaced
SUPER_4	34859678	34922948	IR	337	.	34891017	0.337	0.825	46	63251	34859678	34862146	34920501	34922948	67045993	34700000	34950000	0	3188	2447	58355	spaced
SUPER_4	34297344	34329169	IR	337	.	34313175	0.337	0.857	32	32040	34297344	34297645	34328903	34329169	67045993	34200000	34450000	32	1887	266	31258	spaced
SUPER_4	58327252	58336160	IR	337	.	58331532	0.337	0.897	32	8856	58327252	58327310	58336108	58336160	67045993	58100000	58350000	554	3861	52	8798	spaced
SUPER_4	65790983	65843094	IR	337	.	65816811	0.337	0.719	32	52059	65790983	65791029	65843048	65843112	67045993	65600000	65850000	390	3617	46	52019	spaced
SUPER_4	18803422	18937967	IR	337	.	18870561	0.337	0.528	31	134523	18803422	18803488	18937931	18937967	67045993	18800000	19050000	118	1178	36	134443	wide
SUPER_4	33040986	33125595	IR	337	.	33083633	0.337	0.828	31	84583	33040986	33041884	33124697	33125616	67045993	32950000	33200000	0	2221	898	82813	spaced
SUPER_4	64384668	64484476	IR	337	.	64434942	0.337	0.879	29	99768	64384668	64384726	64484418	64484484	67045993	64250000	64500000	0	3076	58	99692	spaced
SUPER_4	10433405	10579687	IR	337	.	10506896	0.337	0.935	26	146224	10433405	10433463	10579629	10579691	67045993	10350000	10600000	0	2608	58	146166	wide
SUPER_4	32897828	33026885	IR	337	.	32961973	0.337	0.826	25	129033	32897828	32898793	33025940	33026885	67045993	32800000	33050000	0	2705	945	127147	wide
SUPER_4	24174028	24282139	IR	336	.	24227659	0.336	0.912	145	108024	24174028	24176701	24279466	24282148	67045993	24100000	24350000	0	2134	2673	102765	wide
SUPER_4	24429837	24449957	IR	336	.	24439650	0.336	0.892	108	20477	24429837	24432414	24447380	24449958	67045993	24350000	24600000	89	1498	2577	14966	spaced
SUPER_4	49702751	49711975	IR	336	.	49706931	0.336	0.905	50	9148	49702751	49702835	49711899	49711975	67045993	49500000	49750000	0	3455	76	9064	spaced
SUPER_4	49163925	49313228	IR	336	.	49238168	0.336	0.922	28	149186	49163925	49164489	49312667	49313228	67045993	49100000	49350000	0	2309	561	148178	wide
SUPER_4	13724952	13802298	IR	336	.	13763202	0.336	0.854	22	77246	13724952	13726131	13801132	13802298	67045993	13700000	13950000	0	1060	1166	75001	spaced
SUPER_4	1925865	1988035	IR	336	.	1956713	0.336	0.750	21	62146	1925865	1925913	1987999	1988035	67045993	1850000	2100000	124	1782	36	62086	spaced
SUPER_4	55830664	55839067	IR	335	.	55835140	0.335	0.934	87	8348	55830664	55831705	55838026	55839070	67045993	55700000	55950000	0	2247	1041	6321	spaced
SUPER_4	66080015	66152099	IR	335	.	66115704	0.335	0.908	75	72059	66080015	66080940	66151174	66152152	67045993	65950000	66200000	0	2767	925	70234	spaced
SUPER_4	16545758	16707038	IR	335	.	16626036	0.335	0.404	73	161212	16545758	16574313	16678483	16707041	67045993	16500000	16750000	0	2106	28555	104170	wide
SUPER_4	49053947	49115619	IR	335	.	49085147	0.335	0.673	36	61515	49053947	49055162	49114404	49115624	67045993	49000000	49250000	0	1412	1215	59242	spaced
SUPER_4	6100737	6155325	IR	335	.	6127877	0.335	0.797	25	54609	6100737	6101800	6154262	6155325	67045993	5950000	6200000	25	2967	1063	52462	spaced
SUPER_4	58881534	58888790	IR	335	.	58885261	0.335	0.817	24	7346	58881534	58881839	58888519	58888790	67045993	58650000	58900000	30	3919	271	6680	spaced
SUPER_4	24388161	24394764	IR	335	.	24391666	0.335	0.875	23	6565	24388161	24388209	24394722	24394764	67045993	24300000	24550000	179	1524	42	6513	spaced
SUPER_4	44579777	44799981	IR	335	.	44689442	0.335	0.833	23	220154	44579777	44579837	44799931	44799981	67045993	44550000	44800000	0	2331	50	220094	wide
SUPER_4	23667274	23739384	IR	334	.	23703064	0.334	0.730	64	72087	23667274	23670146	23736586	23739384	67045993	23550000	23800000	0	2555	2798	66440	spaced
SUPER_4	9479309	9694017	IR	334	.	9586885	0.334	0.895	60	218741	9479309	9480021	9693305	9694017	67045993	9450000	9700000	17	2277	712	213284	wide
SUPER_4	17058692	17062539	IR	334	.	17060484	0.334	0.816	54	3929	17058692	17059031	17062251	17062539	67045993	16850000	17100000	86	3510	288	3220	spaced
SUPER_4	40304382	40426672	IR	333	.	40365322	0.333	0.905	135	122819	40304382	40305942	40425113	40426672	67045993	40250000	40500000	142	1925	1559	119171	wide
SUPER_4	40018014	40127953	IR	333	.	40072914	0.333	0.791	38	110200	40018014	40018732	40127235	40127994	67045993	39950000	40200000	39	2049	718	108503	wide
SUPER_4	25459148	25539200	IR	333	.	25499196	0.333	0.724	33	80016	25459148	25459206	25539158	25539200	67045993	25300000	25550000	334	3319	42	79952	spaced
SUPER_4	47756770	47992820	IR	333	.	47874535	0.333	0.633	22	236012	47756770	47756808	47992782	47992842	67045993	47750000	48000000	0	2079	38	235974	wide
SUPER_4	20234820	20267776	IR	333	.	20250811	0.333	0.862	21	32906	20234820	20234878	20267726	20267776	67045993	20050000	20300000	0	3354	50	32848	spaced
SUPER_4	27386354	27446079	IR	332	.	27415929	0.332	0.907	1360	58953	27386354	27399563	27432870	27446105	67045993	27250000	27500000	0	2770	13209	33307	spaced
SUPER_4	61773899	61830761	IR	332	.	61801880	0.332	0.870	174	56883	61773899	61775880	61828780	61830799	67045993	61600000	61850000	0	3372	1981	52900	spaced
SUPER_4	4091241	4196338	IR	332	.	4143722	0.332	0.944	134	105426	4091241	4092605	4194978	4196338	67045993	4000000	4250000	137	2396	1360	102373	wide
SUPER_4	14433875	14451428	IR	332	.	14442494	0.332	0.604	80	17927	14433875	14437280	14448086	14451428	67045993	14300000	14550000	80	2377	3342	10806	spaced
SUPER_4	56037933	56083446	IR	332	.	56061160	0.332	0.730	64	45003	56037933	56039720	56081659	56083479	67045993	55850000	56100000	0	3511	1787	41939	spaced
SUPER_4	34038815	34140444	IR	332	.	34089581	0.332	0.868	59	101666	34038815	34039801	34139523	34140444	67045993	33950000	34200000	59	2327	921	99722	spaced
SUPER_4	18755123	18803452	IR	332	.	18779342	0.332	0.538	39	48279	18755123	18755163	18803412	18803485	67045993	18700000	18950000	309	1321	40	48249	spaced
SUPER_4	6762395	6943110	IR	332	.	6853196	0.332	0.899	24	180673	6762395	6763049	6942456	6943118	67045993	6700000	6950000	0	2545	654	179407	wide
SUPER_4	21161014	21284961	IR	332	.	21223469	0.332	0.964	23	123893	21161014	21161070	21284907	21284961	67045993	21100000	21350000	0	2049	54	123837	wide
SUPER_4	38003084	38216484	IR	332	.	38109984	0.332	0.955	22	213385	38003084	38003349	38216219	38216484	67045993	38000000	38250000	22	1829	265	212870	wide
SUPER_4	60334507	60370954	IR	332	.	60352763	0.332	0.741	20	36409	60334507	60334561	60370914	60370954	67045993	60150000	60400000	168	3378	40	36353	spaced
SUPER_4	34783446	34838716	IR	331	.	34811378	0.331	0.881	59	55247	34783446	34784560	34837611	34838716	67045993	34700000	34950000	0	1851	1105	53051	spaced
SUPER_4	46232012	46262345	IR	331	.	46246778	0.331	0.798	53	30309	46232012	46233260	46261110	46262345	67045993	46150000	46400000	0	1619	1235	27850	spaced
SUPER_4	17976584	18079448	IR	331	.	18028028	0.331	0.862	47	106348	17976584	17979382	18076650	18079463	67045993	17850000	18100000	47	2966	2798	97268	spaced
SUPER_4	48695227	48754913	IR	331	.	48725054	0.331	0.699	44	59752	48695227	48696209	48754014	48754913	67045993	48650000	48900000	51	1251	899	57805	spaced
SUPER_4	62239031	62343525	IR	331	.	62291166	0.331	0.458	35	104481	62239031	62239102	62343489	62343525	67045993	62200000	62450000	131	1521	36	104387	wide
SUPER_4	64095623	64165149	IR	331	.	64130507	0.331	0.575	35	69500	64095623	64095693	64165109	64165149	67045993	64050000	64300000	297	1339	40	69416	spaced
SUPER_4	29618953	29645985	IR	331	.	29632667	0.331	0.773	33	27247	29618953	29620701	29644347	29645985	67045993	29450000	29700000	33	3041	1638	23646	spaced
SUPER_4	45394371	45570623	IR	331	.	45482980	0.331	0.404	29	98867	45394371	45471803	45493204	45570623	67045993	45350000	45600000	0	2208	77419	21401	spaced
SUPER_4	1883132	1925903	IR	331	.	1904733	0.331	0.815	28	42725	1883132	1883176	1925859	1925913	67045993	1750000	2000000	328	2575	44	42683	spaced
SUPER_4	31601618	31686287	IR	331	.	31643692	0.331	0.411	20	48990	31601618	31639742	31648268	31686287	67045993	31500000	31750000	0	2399	38019	8526	spaced
SUPER_4	15040270	15129839	IR	330	.	15085183	0.330	0.949	88	89717	15040270	15041309	15128810	15129839	67045993	15000000	15250000	88	1417	1029	87501	spaced
SUPER_4	50097397	50198466	IR	330	.	50147534	0.330	0.886	48	100983	50097397	50097930	50197933	50198491	67045993	49950000	50200000	0	3298	533	100003	wide
SUPER_4	32814142	32875450	IR	330	.	32845124	0.330	0.752	41	61267	32814142	32815637	32873955	32875453	67045993	32750000	33000000	0	1579	1495	58318	spaced
SUPER_4	8114079	8232388	IR	330	.	8173379	0.330	0.845	22	118770	8114079	8115990	8230478	8232388	67045993	8000000	8250000	22	2887	1910	114488	wide
SUPER_4	12452961	12535605	IR	330	.	12494749	0.330	0.867	22	82594	12452961	12453013	12535553	12535613	67045993	12300000	12550000	0	3237	52	82540	spaced
SUPER_4	49850628	49864616	IR	329	.	49857155	0.329	0.889	116	14025	49850628	49851503	49863741	49864672	67045993	49650000	49900000	0	3460	875	12238	spaced
SUPER_4	15418153	15441321	IR	329	.	15430201	0.329	0.936	53	23113	15418153	15418765	15440709	15441337	67045993	15200000	15450000	0	3828	612	21944	spaced
SUPER_4	13673432	13712158	IR	329	.	13693081	0.329	0.738	47	38614	13673432	13674836	13710781	13712158	67045993	13650000	13900000	0	713	1377	35945	spaced
SUPER_4	26512698	26555029	IR	329	.	26534122	0.329	0.895	44	42306	26512698	26513518	26554249	26555029	67045993	26450000	26700000	0	1397	780	40731	spaced
SUPER_4	2865872	2890367	IR	329	.	2877704	0.329	0.960	42	24477	2865872	2866327	2889913	2890367	67045993	2850000	3100000	0	468	454	23586	spaced
SUPER_4	52596016	52704193	IR	329	.	52649789	0.329	0.651	38	108121	52596016	52596072	52704137	52704223	67045993	52500000	52750000	0	2501	56	108065	wide
SUPER_4	25370474	25459176	IR	329	.	25415093	0.329	0.389	29	88666	25370474	25370510	25459140	25459216	67045993	25300000	25550000	0	1913	36	88630	spaced
SUPER_4	45631834	45744959	IR	329	.	45688111	0.329	0.874	29	113027	45631834	45632893	45743900	45744986	67045993	45550000	45800000	0	2306	1059	111007	wide
SUPER_4	57411150	57415318	IR	329	.	57413273	0.329	0.852	27	4122	57411150	57411204	57415272	57415318	67045993	57200000	57450000	355	3553	46	4068	spaced
SUPER_4	52193825	52202098	IR	329	.	52198192	0.329	1.000	22	8263	52193825	52193863	52202060	52202098	67045993	52150000	52400000	12	799	38	8197	spaced
SUPER_4	18959336	19184653	IR	329	.	19072473	0.329	0.850	20	225211	18959336	18959716	19184273	19184673	67045993	18950000	19200000	0	2033	380	224557	wide
SUPER_4	39164229	39254976	IR	328	.	39209597	0.328	0.933	224	91586	39164229	39165492	39253745	39254976	67045993	39150000	39400000	242	993	1231	88253	spaced
SUPER_4	54403968	54565371	IR	328	.	54484574	0.328	0.849	54	161619	54403968	54405038	54564375	54565371	67045993	54350000	54600000	56	2244	996	159337	wide
SUPER_4	24904665	25113488	IR	328	.	25009516	0.328	0.844	49	208800	24904665	24909617	25108549	25113488	67045993	24900000	25150000	0	1817	4939	198932	wide
SUPER_4	35175844	35268336	IR	328	.	35222414	0.328	0.476	31	92475	35175844	35175926	35268294	35268336	67045993	35050000	35300000	0	2868	42	92368	spaced
SUPER_4	44128086	44174149	IR	328	.	44151213	0.328	0.960	30	46013	44128086	44128134	44174101	44174151	67045993	44000000	44250000	373	2518	48	45967	spaced
SUPER_4	11477842	11617671	IR	328	.	11547270	0.328	0.929	21	139777	11477842	11477898	11617619	11617671	67045993	11400000	11650000	0	2462	52	139721	wide
SUPER_4	64484418	64489323	IR	328	.	64487344	0.328	0.667	21	4861	64484418	64484484	64489279	64489323	67045993	64250000	64500000	0	3947	44	4795	spaced
SUPER_4	42750926	42905338	IR	327	.	42827827	0.327	0.958	617	154397	42750926	42756711	42899553	42905344	67045993	42700000	42950000	0	2135	5785	142842	wide
SUPER_4	57606587	57637758	IR	327	.	57622081	0.327	0.895	27	31205	57606587	57607279	57637066	57637759	67045993	57600000	57850000	27	369	692	29787	spaced
SUPER_4	3173185	3182710	IR	327	.	3178049	0.327	0.843	26	9528	3173185	3173446	3182449	3182717	67045993	3150000	3400000	26	465	261	9003	spaced
SUPER_4	24738770	24763327	IR	327	.	24750685	0.327	0.785	21	24234	24738770	24740223	24761957	24763327	67045993	24650000	24900000	0	1684	1370	21734	spaced
SUPER_4	62523840	62724130	IR	326	.	62624130	0.326	0.982	673	201433	62523840	62527998	62719972	62724131	67045993	62500000	62750000	673	2066	4158	191974	wide
SUPER_4	8628271	8632841	IR	326	.	8631027	0.326	0.985	221	4537	8628271	8629564	8631568	8632841	67045993	8450000	8700000	0	3009	1273	2004	spaced
SUPER_4	18322198	18359263	IR	326	.	18340309	0.326	0.923	67	37048	18322198	18323089	18358391	18359263	67045993	18150000	18400000	0	3178	872	35302	spaced
SUPER_4	3362064	3380884	IR	326	.	3371567	0.326	0.984	39	19200	3362064	3362371	3380577	3380884	67045993	3150000	3400000	39	3691	307	18206	spaced
SUPER_4	52116184	52146142	IR	326	.	52131331	0.326	0.657	38	29957	52116184	52116254	52146096	52146142	67045993	51900000	52150000	458	3852	46	29842	spaced
SUPER_4	63195638	63340837	IR	326	.	63267903	0.326	0.622	28	145153	63195638	63195712	63340791	63340837	67045993	63150000	63400000	0	1970	46	145079	wide
SUPER_4	39624771	39636594	IR	326	.	39631082	0.326	0.421	26	11785	39624771	39624809	39636556	39636634	67045993	39450000	39700000	0	3011	38	11747	spaced
SUPER_4	20414184	20554629	IR	326	.	20484624	0.326	0.885	23	140403	20414184	20414236	20554583	20554629	67045993	20400000	20650000	247	1406	46	140347	wide
SUPER_4	12726456	12753460	IR	326	.	12739808	0.326	0.898	22	27473	12726456	12726731	12753185	12753467	67045993	12550000	12800000	22	3165	275	26454	spaced
SUPER_4	38429008	38566720	IR	325	.	38497973	0.325	0.919	430	139974	38429008	38435174	38560560	38566720	67045993	38350000	38600000	430	2464	6160	125386	wide
SUPER_4	61842285	61921660	IR	325	.	61882055	0.325	0.850	130	79798	61842285	61843864	61920139	61921660	67045993	61750000	62000000	147	2199	1521	76275	spaced
SUPER_4	13379587	13383512	IR	325	.	13381648	0.325	0.915	115	4142	13379587	13380415	13382684	13383564	67045993	13150000	13400000	115	3859	828	2269	spaced
SUPER_4	31164158	31271813	IR	325	.	31218102	0.325	0.800	53	107751	31164158	31165333	31270638	31271851	67045993	31050000	31300000	53	2799	1175	105305	wide
SUPER_4	61311286	61342502	IR	325	.	61327282	0.325	0.560	36	31166	61311286	61311336	61342452	61342542	67045993	61100000	61350000	0	3781	50	31116	spaced
SUPER_4	32122928	32250752	IR	325	.	32187321	0.325	0.871	27	127770	32122928	32122990	32250698	32250752	67045993	32050000	32300000	0	2280	54	127708	wide
SUPER_4	1991425	2109286	IR	325	.	2050002	0.325	0.579	23	117823	1991425	1991463	2109248	2109314	67045993	1950000	2200000	0	1672	38	117785	wide
SUPER_4	22323887	22366091	IR	325	.	22345431	0.325	0.750	20	42162	22323887	22323943	22366049	22366091	67045993	22150000	22400000	0	3249	42	42106	spaced
SUPER_4	18369765	18442525	IR	324	.	18406440	0.324	0.695	131	69263	18369765	18375343	18437006	18442525	67045993	18250000	18500000	0	2602	5519	61663	spaced
SUPER_4	52782129	52821987	IR	324	.	52802425	0.324	0.921	91	39842	52782129	52783100	52821016	52821990	67045993	52600000	52850000	0	3367	971	37916	spaced
SUPER_4	63157034	63195702	IR	324	.	63175897	0.324	0.865	36	38604	63157034	63157098	63195638	63195712	67045993	63150000	63400000	0	439	64	38540	spaced
SUPER_4	57284017	57322495	IR	324	.	57303133	0.324	0.703	32	39429	57284017	57285005	57321512	57322495	67045993	57100000	57350000	34	3387	983	36507	spaced
SUPER_4	40553764	40578341	IR	324	.	40565881	0.324	0.786	29	24539	40553764	40553820	40578297	40578341	67045993	40350000	40600000	308	3600	44	24477	spaced
SUPER_4	28969552	29134500	IR	324	.	29051848	0.324	0.833	26	164962	28969552	28969840	29134212	29134516	67045993	28950000	29200000	26	1700	288	164372	wide
SUPER_4	14782819	14858398	IR	324	.	14820218	0.324	0.643	25	75537	14782819	14782861	14858356	14858424	67045993	14650000	14900000	0	2843	42	75495	spaced
SUPER_4	60231892	60334551	IR	324	.	60283632	0.324	0.750	21	102656	60231892	60231940	60334503	60334567	67045993	60100000	60350000	0	3053	48	102563	wide
SUPER_4	171431	225579	IR	323	.	198666	0.323	0.920	93	54326	171431	172780	224230	225581	67045993	100000	350000	101	1641	1349	51450	spaced
SUPER_4	66826183	66835244	IR	323	.	66830788	0.323	0.807	39	9166	66826183	66826492	66834935	66835293	67045993	66700000	66950000	68	2178	309	8443	spaced
SUPER_4	41205273	41241056	IR	323	.	41222819	0.323	0.816	37	35750	41205273	41206458	41239871	41241131	67045993	41000000	41250000	0	3719	1185	33413	spaced
SUPER_4	58900638	58903186	IR	323	.	58902112	0.323	0.740	34	2655	58900638	58900925	58902899	58903219	67045993	58750000	59000000	36	2531	287	1974	immediate
SUPER_4	28673323	28744062	IR	323	.	28708987	0.323	0.703	29	70695	28673323	28673397	28744010	28744062	67045993	28500000	28750000	0	3478	52	70613	spaced
SUPER_4	56496276	56563923	IR	323	.	56530588	0.323	0.819	28	67519	56496276	56497304	56562895	56563973	67045993	56350000	56600000	0	3001	1028	65591	spaced
SUPER_4	56628239	56658600	IR	323	.	56643329	0.323	0.759	28	30321	56628239	56628297	56658556	56658600	67045993	56450000	56700000	304	3223	44	30259	spaced
SUPER_4	39772548	39821427	IR	323	.	39796605	0.323	0.550	23	48839	39772548	39772620	39821387	39821427	67045993	39650000	39900000	0	2449	40	48767	spaced
SUPER_4	61385812	61433402	IR	323	.	61409629	0.323	0.957	20	47548	61385812	61385856	61433358	61433404	67045993	61350000	61600000	196	993	44	47502	spaced
SUPER_4	587072	694013	IR	322	.	640376	0.322	0.962	601	108380	587072	592151	688934	694014	67045993	450000	700000	601	3175	5079	96783	spaced
SUPER_4	18079941	18144943	IR	322	.	18112906	0.322	0.700	78	65033	18079941	18082501	18142383	18144998	67045993	17950000	18200000	0	2707	2560	59882	spaced
SUPER_4	50457787	50497084	IR	322	.	50477193	0.322	0.891	58	39205	50457787	50457888	50496984	50497084	67045993	50300000	50550000	4	2957	100	39096	spaced
SUPER_4	44852330	44963099	IR	322	.	44907997	0.322	0.853	54	110778	44852330	44853463	44961966	44963125	67045993	44750000	45000000	0	2628	1133	108503	wide
SUPER_4	422447	472944	IR	321	.	447460	0.321	0.679	40	50449	422447	422485	472906	472962	67045993	300000	550000	122	2461	38	50421	spaced
SUPER_4	50967971	51116783	IR	321	.	51042529	0.321	0.926	30	148760	50967971	50968021	51116733	51116787	67045993	50900000	51150000	396	2372	50	148712	wide
SUPER_4	41406876	41547885	IR	321	.	41477834	0.321	0.727	25	140961	41406876	41406924	41547837	41547903	67045993	41300000	41550000	0	2956	48	140913	wide
SUPER_4	53611451	53716670	IR	321	.	53664278	0.321	0.835	24	105626	53611451	53611973	53716148	53716716	67045993	53600000	53850000	25	1067	522	104175	wide
SUPER_4	11439007	11477890	IR	321	.	11458280	0.321	0.917	23	38839	11439007	11439051	11477846	11477894	67045993	11300000	11550000	240	2640	44	38795	spaced
SUPER_4	57262557	57284138	IR	321	.	57273249	0.321	0.850	20	21625	57262557	57263194	57283513	57284138	67045993	57150000	57400000	20	2055	625	20319	spaced
SUPER_4	26170069	26200345	IR	320	.	26185186	0.320	0.931	260	117651	26170069	26171585	26198829	26200419	67045993	26050000	26300000	273	2253	1516	27244	spaced
SUPER_4	21671033	21807798	IR	320	.	21738946	0.320	0.876	58	136745	21671033	21673104	21805806	21807798	67045993	21650000	21900000	0	1490	1992	132702	wide
SUPER_4	54710283	54805952	IR	320	.	54758336	0.320	0.834	55	96128	54710283	54711094	54805141	54805953	67045993	54650000	54900000	15	1801	811	94047	spaced
SUPER_4	4646391	4715406	IR	320	.	4680960	0.320	0.906	52	69476	4646391	4647211	4714599	4715406	67045993	4550000	4800000	52	2181	807	67388	spaced
SUPER_4	48216700	48226134	IR	320	.	48221714	0.320	0.873	28	9431	48216700	48217126	48225708	48226150	67045993	48200000	48450000	0	356	426	8582	spaced
SUPER_4	66014147	66059799	IR	320	.	66036464	0.320	0.706	27	45614	66014147	66014195	66059751	66059819	67045993	66000000	66250000	0	616	48	45556	spaced
SUPER_4	47426690	47489637	IR	319	.	47457723	0.319	0.965	290	62900	47426690	47429814	47486513	47489639	67045993	47250000	47500000	0	3469	3124	56699	spaced
SUPER_4	24352089	24364108	IR	319	.	24357753	0.319	0.887	127	11994	24352089	24355248	24360957	24364108	67045993	24300000	24550000	0	968	3151	5709	spaced
SUPER_4	17109915	17112585	IR	319	.	17111533	0.319	0.984	36	2652	17109915	17110167	17112333	17112586	67045993	16950000	17200000	0	2687	252	2166	spaced
SUPER_4	40942834	40986821	IR	319	.	40964915	0.319	0.935	35	44009	40942834	40943288	40986367	40986826	67045993	40850000	41100000	35	1913	454	43079	spaced
SUPER_4	7102852	7109927	IR	319	.	7106025	0.319	0.839	26	7025	7102852	7102904	7109875	7109937	67045993	6900000	7150000	0	3439	52	6971	spaced
SUPER_4	39391490	39398116	IR	319	.	39394379	0.319	0.963	21	6574	39391490	39391544	39398064	39398116	67045993	39200000	39450000	0	3246	52	6520	spaced
SUPER_4	22398900	22405629	IR	318	.	22402663	0.318	0.978	246	6699	22398900	22401107	22403423	22405629	67045993	22200000	22450000	0	3370	2206	2316	spaced
SUPER_4	51799274	51881261	IR	318	.	51840390	0.318	0.888	93	82634	51799274	51800330	51880263	51881261	67045993	51750000	52000000	120	1504	998	79933	spaced
SUPER_4	5643206	5651767	IR	318	.	5647246	0.318	0.993	48	8564	5643206	5643482	5651491	5651767	67045993	5450000	5700000	48	3291	276	8009	spaced
SUPER_4	22437086	22539018	IR	318	.	22487820	0.318	0.677	31	101896	22437086	22437148	22538976	22539018	67045993	22350000	22600000	275	2300	42	101828	wide
SUPER_4	31536157	31564571	IR	318	.	31549942	0.318	0.878	30	28162	31536157	31536905	31563837	31564571	67045993	31350000	31600000	0	3339	734	26932	spaced
SUPER_4	34961216	34997216	IR	318	.	34979046	0.318	0.759	28	35956	34961216	34961260	34997172	34997230	67045993	34750000	35000000	327	3820	44	35912	spaced
SUPER_4	40995576	41081134	IR	318	.	41038299	0.318	0.860	20	85615	40995576	40996533	41080181	41081134	67045993	40850000	41100000	20	3139	953	83648	spaced
SUPER_4	495967	502308	IR	317	.	498966	0.317	0.961	85	7345	495967	496581	501709	502308	67045993	450000	700000	87	818	599	5128	spaced
SUPER_4	5193515	5291169	IR	317	.	5242170	0.317	0.827	52	97742	5193515	5193652	5291032	5291188	67045993	5050000	5300000	359	3205	137	97380	spaced
SUPER_4	42237820	42325175	IR	317	.	42281325	0.317	0.625	30	87323	42237820	42237884	42325135	42325175	67045993	42150000	42400000	285	2191	40	87251	spaced
SUPER_4	30434543	30441255	IR	317	.	30437629	0.317	0.771	25	6687	30434543	30435493	30440308	30441255	67045993	30300000	30550000	0	2298	947	4815	spaced
SUPER_4	814413	826815	IR	317	.	820863	0.317	0.840	24	12409	814413	815809	825419	826849	67045993	800000	1050000	0	343	1396	9610	spaced
SUPER_4	33599175	33697245	IR	316	.	33647872	0.316	0.906	124	98044	33599175	33601675	33694807	33697245	67045993	33450000	33700000	0	3303	2438	93132	spaced
SUPER_4	56862970	56923349	IR	316	.	56893112	0.316	0.622	59	60503	56862970	56864793	56921526	56923421	67045993	56700000	56950000	65	3219	1823	56733	spaced
SUPER_4	59542976	59562411	IR	316	.	59552610	0.316	0.863	52	19511	59542976	59543655	59561732	59562435	67045993	59400000	59650000	66	2544	679	18077	spaced
SUPER_4	35496896	35501217	IR	316	.	35499454	0.316	0.929	44	4300	35496896	35497393	35500721	35501217	67045993	35450000	35700000	0	817	496	3328	spaced
SUPER_4	46432182	46504503	IR	316	.	46468068	0.316	0.946	41	72246	46432182	46432748	46503938	46504503	67045993	46400000	46650000	0	1138	565	71190	spaced
SUPER_4	15688812	15695168	IR	316	.	15691915	0.316	0.952	31	6365	15688812	15689106	15694878	15695168	67045993	15450000	15700000	31	4033	290	5772	spaced
SUPER_4	66981815	67027194	IR	315	.	67004608	0.315	0.955	839	47684	66981815	66988500	67020567	67027194	67045993	66800000	67045993	888	3408	6627	32067	spaced
SUPER_4	36191974	36238808	IR	315	.	36215506	0.315	0.921	78	47069	36191974	36193067	36237724	36238808	67045993	36000000	36250000	78	3589	1084	44657	spaced
SUPER_4	51251665	51329186	IR	315	.	51290355	0.315	0.706	41	77467	51251665	51251713	51329138	51329206	67045993	51250000	51500000	684	673	48	77425	spaced
SUPER_4	6603694	6608385	IR	315	.	6606287	0.315	0.940	34	4679	6603694	6604171	6607908	6608392	67045993	6400000	6650000	0	3433	477	3737	spaced
SUPER_4	14886444	14941110	IR	315	.	14913340	0.315	0.730	31	54614	14886444	14886498	14941056	14941130	67045993	14700000	14950000	0	3562	54	54558	spaced
SUPER_4	54055768	54159513	IR	315	.	54107141	0.315	0.906	29	103689	54055768	54055832	54159455	54159513	67045993	53950000	54200000	0	2627	58	103623	wide
SUPER_4	39120185	39145398	IR	315	.	39132715	0.315	0.982	23	25345	39120185	39120348	39145235	39145398	67045993	38900000	39150000	23	3879	163	24887	spaced
SUPER_4	32359031	32371963	IR	315	.	32365273	0.315	0.958	20	12886	32359031	32359077	32371917	32371965	67045993	32150000	32400000	210	3591	46	12840	spaced
SUPER_4	33912114	33990551	IR	314	.	33951497	0.314	0.882	142	82263	33912114	33913259	33989452	33990551	67045993	33800000	34050000	142	2522	1099	76193	spaced
SUPER_4	5663216	5799120	IR	314	.	5731065	0.314	0.891	71	136420	5663216	5663954	5798411	5799120	67045993	5550000	5800000	71	3019	709	134457	wide
SUPER_4	49560450	49702791	IR	314	.	49631177	0.314	0.400	32	142301	49560450	49560490	49702751	49702835	67045993	49500000	49750000	0	2193	40	142261	wide
SUPER_4	48310748	48350004	IR	314	.	48330193	0.314	0.000	26	39483	48310748	48311977	48349655	48350004	67045993	48250000	48500000	26	1339	349	37678	spaced
SUPER_4	6234752	6343879	IR	313	.	6289282	0.313	0.630	45	109093	6234752	6234828	6343833	6343879	67045993	6200000	6450000	592	1488	46	109005	wide
SUPER_4	44339073	44343929	IR	313	.	44341271	0.313	0.963	44	4919	44339073	44339311	44343691	44343937	67045993	44100000	44350000	47	4024	238	4380	spaced
SUPER_4	2354615	2476092	IR	313	.	2415581	0.313	0.808	27	121480	2354615	2354667	2476050	2476092	67045993	2250000	2500000	140	2755	42	121383	wide
SUPER_4	23514692	23615205	IR	313	.	23564762	0.313	0.846	22	100465	23514692	23514736	23615161	23615213	67045993	23450000	23700000	217	1915	44	100425	wide
SUPER_4	21447830	21624993	IR	313	.	21536791	0.313	0.929	21	177111	21447830	21447886	21624941	21624993	67045993	21400000	21650000	0	2273	52	177055	wide
SUPER_4	58443363	58578212	IR	312	.	58510540	0.312	0.973	354	135267	58443363	58444555	58577020	58578214	67045993	58350000	58600000	139	2679	1192	132465	wide
SUPER_4	43255001	43456337	IR	312	.	43355236	0.312	0.881	64	201367	43255001	43256384	43454954	43456387	67045993	43250000	43500000	0	1761	1383	198570	wide
SUPER_4	26567748	26716635	IR	312	.	26642129	0.312	0.620	51	148939	26567748	26568752	26715685	26716635	67045993	26550000	26800000	73	1536	950	146933	wide
SUPER_4	20835815	20894105	IR	312	.	20864971	0.312	0.868	42	58486	20835815	20837508	20892421	20894105	67045993	20650000	20900000	42	3582	1684	54913	spaced
SUPER_4	29144328	29263928	IR	312	.	29203861	0.312	0.857	26	119580	29144328	29145386	29262897	29263928	67045993	29050000	29300000	0	2568	1031	117511	wide
SUPER_4	47557728	47579757	IR	312	.	47569209	0.312	0.857	25	21694	47557728	47559217	47578268	47579776	67045993	47400000	47650000	0	2812	1489	19051	spaced
SUPER_4	29326400	29367161	IR	312	.	29346648	0.312	0.887	22	41041	29326400	29327209	29366352	29367168	67045993	29150000	29400000	22	3279	809	39143	spaced
SUPER_4	49376237	49404317	IR	312	.	49389789	0.312	0.873	22	28062	49376237	49377203	49403363	49404317	67045993	49300000	49550000	0	1504	954	26160	spaced
SUPER_4	53146680	53150560	IR	311	.	53148120	0.311	0.943	103	3850	53146680	53147350	53149890	53150565	67045993	52950000	53200000	0	3310	670	2540	spaced
SUPER_4	30802129	30875288	IR	311	.	30838991	0.311	0.879	84	73155	30802129	30803793	30873624	30875302	67045993	30650000	30900000	0	3145	1664	69831	spaced
SUPER_4	29700029	29704057	IR	311	.	29702348	0.311	0.987	59	4008	29700029	29700489	29703598	29704057	67045993	29600000	29850000	0	1700	459	3109	spaced
SUPER_4	46814730	46877274	IR	311	.	46846359	0.311	0.931	25	62490	46814730	46814788	46877220	46877274	67045993	46650000	46900000	0	3266	54	62432	spaced
SUPER_4	10011902	10066743	IR	311	.	10039387	0.311	0.852	23	54793	10011902	10011948	10066697	10066751	67045993	9850000	10100000	252	3155	46	54749	spaced
SUPER_4	63348589	63461862	IR	310	.	63405723	0.310	0.888	177	113246	63348589	63350638	63459838	63461862	67045993	63300000	63550000	0	1753	2024	109200	wide
SUPER_4	13219945	13291538	IR	310	.	13255509	0.310	1.000	49	72962	13219945	13219975	13291508	13291538	67045993	13150000	13400000	5	1762	30	71533	spaced
SUPER_4	60956685	60961532	IR	310	.	60959287	0.310	0.931	39	4892	60956685	60956928	60961289	60961548	67045993	60800000	61050000	39	2651	243	4361	spaced
SUPER_4	55285133	55322853	IR	310	.	55303722	0.310	0.859	36	37706	55285133	55286028	55321958	55322869	67045993	55200000	55450000	0	1733	895	35930	spaced
SUPER_4	19384988	19413442	IR	310	.	19399706	0.310	0.910	35	28448	19384988	19385687	19412743	19413456	67045993	19200000	19450000	0	3320	699	27056	spaced
SUPER_4	39763603	39772598	IR	310	.	39767884	0.310	0.759	29	8947	39763603	39763647	39772554	39772612	67045993	39650000	39900000	311	1968	44	8907	spaced
SUPER_4	18164804	18169544	IR	309	.	18167307	0.309	0.985	47	4795	18164804	18165068	18169280	18169544	67045993	18100000	18350000	47	1119	264	4212	spaced
SUPER_4	13639849	13647051	IR	309	.	13643449	0.309	0.656	33	7154	13639849	13639891	13647009	13647073	67045993	13400000	13650000	351	4057	42	7118	spaced
SUPER_4	27566927	27567744	IR	309	.	27567199	0.309	0.957	29	26171	27566927	27567248	27567423	27567746	67045993	27500000	27750000	29	1122	321	175	immediate
SUPER_4	50754943	50842573	IR	309	.	50798539	0.309	0.847	28	88097	50754943	50755522	50842038	50842573	67045993	50750000	51000000	34	812	535	86516	spaced
SUPER_4	18565714	18755163	IR	309	.	18660658	0.309	0.714	27	189415	18565714	18565770	18755123	18755163	67045993	18550000	18800000	183	1840	40	189353	wide
SUPER_4	19508880	19567468	IR	309	.	19538328	0.309	1.000	27	58562	19508880	19508928	19567420	19567468	67045993	19350000	19600000	220	3136	48	58492	spaced
SUPER_4	854800	991376	IR	309	.	923086	0.309	0.869	22	136803	854800	855174	991002	991380	67045993	750000	1000000	22	2884	374	135828	wide
SUPER_4	11319133	11422406	IR	308	.	11370702	0.308	0.485	79	106278	11319133	11337282	11404341	11422406	67045993	11200000	11450000	79	2846	18065	67059	spaced
SUPER_4	40751934	40777175	IR	308	.	40764196	0.308	0.879	28	25183	40751934	40752000	40777117	40777175	67045993	40600000	40850000	0	2742	58	25117	spaced
SUPER_4	35145633	35175894	IR	307	.	35160408	0.307	0.125	30	30213	35145633	35145681	35175846	35175974	67045993	35000000	35250000	0	2679	48	30165	spaced
SUPER_4	16781535	16785635	IR	307	.	16783794	0.307	0.698	21	4155	16781535	16781820	16785352	16785635	67045993	16600000	16850000	27	3059	283	3532	spaced
SUPER_4	59138752	59142202	IR	307	.	59140097	0.307	0.889	20	3404	59138752	59138806	59142154	59142202	67045993	58900000	59150000	0	4007	48	3348	spaced
SUPER_4	42030356	42099139	IR	306	.	42064644	0.306	0.968	362	69349	42030356	42033562	42095933	42099139	67045993	41900000	42150000	362	2745	3206	62371	spaced
SUPER_4	55845104	55944274	IR	306	.	55895137	0.306	0.752	138	99088	55845104	55851895	55937530	55944274	67045993	55750000	56000000	0	2411	6744	85635	spaced
SUPER_4	51590382	51627421	IR	306	.	51608444	0.306	0.889	83	37021	51590382	51591708	51626155	51627421	67045993	51450000	51700000	0	2648	1266	34447	spaced
SUPER_4	10066693	10282750	IR	306	.	10175022	0.306	0.774	22	216009	10066693	10066755	10282702	10282750	67045993	10050000	10300000	0	2078	48	215947	wide
SUPER_4	20175228	20234866	IR	306	.	20205451	0.306	0.781	21	59633	20175228	20175278	20234816	20234880	67045993	20000000	20250000	0	3417	50	59538	spaced
SUPER_4	267133	329963	IR	305	.	298434	0.305	0.939	144	63232	267133	268365	328731	329981	67045993	150000	400000	144	2475	1232	60366	spaced
SUPER_4	6430995	6435809	IR	305	.	6433160	0.305	0.987	39	5000	6430995	6431232	6435572	6435809	67045993	6200000	6450000	39	3889	237	4340	spaced
SUPER_4	57847308	57852789	IR	304	.	57849627	0.304	0.941	138	5472	57847308	57849280	57850817	57852799	67045993	57650000	57900000	0	3334	1972	1537	immediate
SUPER_4	23152601	23269808	IR	304	.	23211244	0.304	0.918	75	117185	23152601	23153730	23268679	23269812	67045993	23050000	23300000	87	2686	1129	114949	wide
SUPER_4	45876846	46027731	IR	304	.	45952225	0.304	0.920	25	150839	45876846	45876896	46027685	46027731	67045993	45850000	46100000	297	1704	46	150789	wide
SUPER_4	3913570	3965396	IR	304	.	3939199	0.304	0.931	23	51774	3913570	3913628	3965342	3965396	67045993	3750000	4000000	0	3157	54	51714	spaced
SUPER_4	46290076	46297012	IR	303	.	46293236	0.303	0.977	64	6916	46290076	46290511	46296586	46297012	67045993	46150000	46400000	0	2392	426	6075	spaced
SUPER_4	27888548	27896464	IR	303	.	27892734	0.303	1.000	30	7902	27888548	27888590	27896422	27896464	67045993	27650000	27900000	64	4041	42	7832	spaced
SUPER_4	1542537	1564930	IR	303	.	1553562	0.303	0.645	29	22359	1542537	1542599	1564890	1564930	67045993	1350000	1600000	255	3395	40	22291	spaced
SUPER_4	48135529	48172086	IR	303	.	48153331	0.303	0.967	27	36499	48135529	48135589	48172028	48172086	67045993	47950000	48200000	0	3396	58	36439	spaced
SUPER_4	5801706	5823890	IR	303	.	5813161	0.303	0.781	23	22134	5801706	5801770	5823840	5823890	67045993	5600000	5850000	0	3546	50	22070	spaced
SUPER_4	61279057	61286468	IR	302	.	61282493	0.302	0.982	392	7358	61279057	61281895	61283634	61286468	67045993	61050000	61300000	0	3879	2834	1739	immediate
SUPER_4	62224930	62239051	IR	302	.	62232023	0.302	0.279	40	14072	62224930	62224964	62239017	62239096	67045993	62000000	62250000	76	3866	34	14053	spaced
SUPER_4	2134804	2141197	IR	302	.	2137850	0.302	0.829	36	51967	2134804	2135121	2140911	2141197	67045993	2050000	2300000	36	1466	286	5790	spaced
SUPER_4	59126043	59133275	IR	301	.	59129462	0.301	0.969	52	7261	59126043	59126493	59132825	59133276	67045993	58900000	59150000	52	3827	450	6332	spaced
SUPER_4	58998063	59004384	IR	301	.	59000829	0.301	0.909	23	6273	58998063	58998553	59003894	59004389	67045993	58800000	59050000	0	3353	490	5341	spaced
SUPER_4	42948588	43050696	IR	300	.	42999516	0.300	0.815	25	102060	42948588	42948632	43050652	43050706	67045993	42900000	43150000	247	1660	44	102020	wide
SUPER_4	47207781	47216439	IR	299	.	47211770	0.299	0.973	39	8630	47207781	47208155	47216065	47216440	67045993	47000000	47250000	0	3535	374	7910	spaced
SUPER_4	35767122	35880782	IR	296	.	35824309	0.296	0.442	43	113640	35767122	35805411	35842512	35880782	67045993	35650000	35900000	0	2899	38270	37101	spaced
SUPER_4	64820230	64882309	IR	296	.	64851728	0.296	0.818	29	62025	64820230	64820296	64882255	64882309	67045993	64650000	64900000	0	3354	54	61959	spaced
SUPER_4	21284907	21447884	IR	292	.	21366005	0.292	0.964	22	162927	21284907	21284961	21447830	21447886	67045993	21200000	21450000	0	2773	54	162869	wide
SUPER_4	43504232	43530386	IR	288	.	43517155	0.288	0.817	46	26185	43504232	43505538	43529110	43530386	67045993	43350000	43600000	46	2788	1276	23572	spaced
SUPER_4	53436483	53444617	IR	287	.	53440329	0.287	0.999	211	111633	53436483	53437448	53443652	53444618	67045993	53300000	53550000	212	2342	965	6204	spaced
SUPER_4	28379898	28418903	IR	287	.	28399371	0.287	0.875	24	38963	28379898	28379940	28418861	28418909	67045993	28250000	28500000	185	2489	42	38921	spaced
SUPER_4	43714882	43720480	IR	287	.	43717341	0.287	0.913	22	5561	43714882	43715294	43720068	43720493	67045993	43700000	43950000	0	294	412	4774	spaced
SUPER_5	33729111	33731811	IR	735	.	33730461	0.735	0.989	117	2881	33729111	33729756	33731166	33731811	66738796	33500000	33750000	117	3840	645	1410	immediate
SUPER_5	66670680	66684866	IR	730	.	66677773	0.730	0.775	95	24750	66670680	66676908	66678638	66684888	66738796	66450000	66700000	95	3796	6228	1730	immediate
SUPER_5	33062811	33064951	IR	626	.	33064066	0.626	0.776	65	2196	33062811	33063615	33064171	33064951	66738796	33000000	33250000	156	1064	780	556	immediate
SUPER_5	59080680	59083320	IR	596	.	59082133	0.596	0.691	28	2672	59080680	59081981	59082022	59083320	66738796	58850000	59100000	28	3866	1298	41	immediate
SUPER_5	3253878	3255874	IR	585	.	3254744	0.585	0.893	31	3697	3253878	3254462	3255290	3255877	66738796	3250000	3500000	31	81	584	828	immediate
SUPER_5	14215882	14239117	IR	577	.	14227518	0.577	0.635	89	23753	14215882	14225851	14229185	14239117	66738796	14000000	14250000	89	3791	9932	3334	spaced
SUPER_5	57953902	57973611	IR	570	.	57963314	0.570	0.903	316	19680	57953902	57960639	57966895	57973611	66738796	57750000	58000000	0	3562	6716	6256	spaced
SUPER_5	29239571	29273566	IR	567	.	29256844	0.567	0.456	28	33976	29239571	29256488	29256687	29273566	66738796	29100000	29350000	0	2609	16879	199	immediate
SUPER_5	23176544	23292974	IR	563	.	23235104	0.563	0.406	33	116409	23176544	23233916	23235602	23293001	66738796	23150000	23400000	0	1412	57372	1686	immediate
SUPER_5	43311489	43314659	IR	546	.	43313070	0.546	0.854	59	3670	43311489	43312866	43313290	43314659	66738796	43100000	43350000	59	3551	1369	424	immediate
SUPER_5	33717987	33719862	IR	545	.	33718925	0.545	0.969	78	2015	33717987	33718642	33719208	33719862	66738796	33550000	33800000	78	2815	654	566	immediate
SUPER_5	22311797	22315731	IR	539	.	22313764	0.539	0.850	110	4467	22311797	22313093	22314435	22315810	66738796	22300000	22550000	115	229	1296	1342	immediate
SUPER_5	233083	239501	IR	518	.	236292	0.518	0.908	234	7075	233083	235514	237070	239569	66738796	0	250000	234	3938	2431	1556	immediate
SUPER_5	1446598	1450851	IR	517	.	1448725	0.517	0.959	131	4486	1446598	1447800	1449650	1450851	66738796	1250000	1500000	131	3311	1201	1850	immediate
SUPER_5	34366269	34368190	IR	503	.	34367230	0.503	0.967	88	2136	34366269	34366961	34367498	34368193	66738796	34150000	34400000	88	3620	692	537	immediate
SUPER_5	39350193	39469020	IR	499	.	39409973	0.499	0.817	28	118773	39350193	39351109	39468104	39469049	66738796	39350000	39600000	0	993	916	116995	wide
SUPER_5	66637103	66642100	IR	493	.	66639602	0.493	0.826	28	6321	66637103	66638750	66640453	66642144	66738796	66400000	66650000	28	3993	1647	1703	immediate
SUPER_5	44534463	44537482	IR	492	.	44535973	0.492	0.969	100	3215	44534463	44535224	44536722	44537482	66738796	44300000	44550000	100	3932	760	1498	immediate
SUPER_5	59226509	59240503	IR	478	.	59233897	0.478	0.424	55	13934	59226509	59233164	59233848	59240559	66738796	59050000	59300000	0	3058	6655	684	immediate
SUPER_5	13626986	13690424	IR	472	.	13658560	0.472	0.905	78	63640	13626986	13628198	13689212	13690466	66738796	13600000	13850000	81	978	1212	61014	spaced
SUPER_5	43327796	43365117	IR	468	.	43346257	0.468	0.815	24	37273	43327796	43327840	43365073	43365127	66738796	43150000	43400000	244	3274	44	37233	spaced
SUPER_5	17235159	17237062	IR	464	.	17236111	0.464	0.988	57	2153	17235159	17235490	17236731	17237063	66738796	17150000	17400000	57	1435	331	1241	immediate
SUPER_5	16598109	16744955	IR	458	.	16671523	0.458	0.984	651	148171	16598109	16601925	16741139	16744958	66738796	16500000	16750000	651	2858	3816	139214	wide
SUPER_5	15065217	15066662	IR	457	.	15065942	0.457	0.957	59	36370	15065217	15065747	15066137	15066662	66738796	15000000	15250000	59	1098	525	390	immediate
SUPER_5	49266275	49268191	IR	455	.	49267233	0.455	0.919	28	2046	49266275	49266714	49267761	49268191	66738796	49050000	49300000	28	3620	430	1047	immediate
SUPER_5	55520512	55523587	IR	450	.	55521992	0.450	0.605	26	3228	55520512	55521274	55522904	55523587	66738796	55500000	55750000	26	367	683	1630	immediate
SUPER_5	18256472	18345566	IR	441	.	18301433	0.441	0.849	36	89052	18256472	18257512	18344543	18345566	66738796	18100000	18350000	0	3350	1023	87031	spaced
SUPER_5	13010951	13126290	IR	436	.	13068745	0.436	0.667	27	115289	13010951	13010991	13126250	13126310	66738796	12900000	13150000	203	2810	40	115259	wide
SUPER_5	8656291	8864531	IR	424	.	8760215	0.424	0.922	34	208369	8656291	8656904	8863919	8864531	66738796	8650000	8900000	34	1840	612	207015	wide
SUPER_5	25915888	25936345	IR	422	.	25925911	0.422	0.951	244	21510	25915888	25918497	25933747	25936345	66738796	25700000	25950000	244	3768	2598	15250	spaced
SUPER_5	52707058	52760084	IR	422	.	52733376	0.422	0.906	100	53792	52707058	52708188	52758954	52760150	66738796	52550000	52800000	109	3059	1130	50766	spaced
SUPER_5	30048272	30191682	IR	422	.	30120431	0.422	0.396	79	143333	30048272	30119981	30119973	30191687	66738796	29950000	30200000	0	2832	71709	-8	overlap
SUPER_5	40589233	40590123	IR	422	.	40589689	0.422	0.884	44	18786	40589233	40589501	40589855	40590148	66738796	40500000	40750000	52	1494	268	354	immediate
SUPER_5	18238998	18245899	IR	422	.	18242436	0.422	0.529	24	6925	18238998	18241335	18243562	18245899	66738796	18000000	18250000	25	4040	2337	2227	spaced
SUPER_5	6937779	6967103	IR	419	.	6952891	0.419	0.948	153	29304	6937779	6939811	6965080	6967103	66738796	6750000	7000000	0	3373	2023	25269	spaced
SUPER_5	12351212	12549785	IR	413	.	12450331	0.413	0.639	119	198929	12351212	12356064	12544970	12549785	66738796	12300000	12550000	120	2508	4815	188906	wide
SUPER_5	35396560	35541676	IR	411	.	35469321	0.411	0.826	23	145182	35396560	35397101	35541135	35541709	66738796	35350000	35600000	27	1985	541	144034	wide
SUPER_5	10700052	10811853	IR	410	.	10756428	0.410	0.711	296	110772	10700052	10709733	10802172	10811880	66738796	10650000	10900000	0	1765	9681	92439	spaced
SUPER_5	5937927	5978743	IR	406	.	5958012	0.406	0.404	26	40752	5937927	5958349	5958333	5978743	66738796	5800000	6050000	0	2638	20410	-16	overlap
SUPER_5	65691524	65693864	IR	404	.	65692695	0.404	0.934	68	2847	65691524	65692572	65692816	65693867	66738796	65500000	65750000	68	3211	1048	244	immediate
SUPER_5	23955107	24059530	IR	399	.	24007120	0.399	0.835	110	106331	23955107	23968833	24045804	24059616	66738796	23950000	24200000	150	955	13726	76971	spaced
SUPER_5	27974631	28130897	IR	399	.	28052988	0.399	0.841	41	156531	27974631	27975493	28130035	28130908	66738796	27950000	28200000	38	1712	862	154542	wide
SUPER_5	2515185	2540621	IR	395	.	2528038	0.395	0.914	103	26175	2515185	2517529	2538289	2540621	66738796	2300000	2550000	103	3798	2332	20760	spaced
SUPER_5	53006676	53103612	IR	395	.	53055297	0.395	0.885	23	96886	53006676	53006722	53103566	53103618	66738796	52900000	53150000	270	2585	46	96844	spaced
SUPER_5	9334852	9363864	IR	393	.	9349826	0.393	0.910	156	28987	9334852	9337534	9361214	9363864	66738796	9150000	9400000	0	3322	2650	23680	spaced
SUPER_5	16529682	16556566	IR	392	.	16542627	0.392	0.591	219	26846	16529682	16539475	16546773	16556570	66738796	16350000	16600000	0	3218	9793	7298	spaced
SUPER_5	15504266	15602929	IR	392	.	15554090	0.392	0.781	43	98639	15504266	15505639	15601591	15602929	66738796	15450000	15700000	0	1726	1338	95952	spaced
SUPER_5	10268619	10437120	IR	392	.	10353280	0.392	0.789	37	168372	10268619	10272714	10433097	10437120	66738796	10250000	10500000	0	1714	4023	160383	wide
SUPER_5	41919462	42094141	IR	390	.	42006665	0.390	0.843	77	174867	41919462	41920646	42092957	42094191	66738796	41850000	42100000	89	2613	1184	172311	wide
SUPER_5	15095479	15286486	IR	390	.	15191204	0.390	0.918	32	191181	15095479	15095971	15285994	15286490	66738796	15050000	15300000	29	2349	492	190023	wide
SUPER_5	57508300	57537409	IR	389	.	57522979	0.389	0.878	72	29321	57508300	57509210	57536499	57537453	66738796	57400000	57650000	72	2047	910	27289	spaced
SUPER_5	28471363	28474178	IR	389	.	28472771	0.389	0.934	54	3033	28471363	28472277	28473264	28474179	66738796	28250000	28500000	54	3712	914	987	immediate
SUPER_5	2631380	2834609	IR	389	.	2733260	0.389	0.832	24	203196	2631380	2632516	2833473	2834629	66738796	2600000	2850000	0	2216	1136	200957	wide
SUPER_5	27560699	27592727	IR	389	.	27576611	0.389	0.920	23	31984	27560699	27560749	27592681	27592727	66738796	27350000	27600000	238	3778	46	31932	spaced
SUPER_5	32509407	32732322	IR	387	.	32620588	0.387	0.487	77	222942	32509407	32538145	32703584	32732376	66738796	32500000	32750000	0	2014	28738	165439	wide
SUPER_5	16401903	16486360	IR	387	.	16443945	0.387	0.881	29	84563	16401903	16403098	16485170	16486360	66738796	16250000	16500000	30	3235	1190	82072	spaced
SUPER_5	4226527	4341249	IR	387	.	4284364	0.387	0.643	21	114684	4226527	4226595	4341207	4341249	66738796	4100000	4350000	0	3064	42	114612	wide
SUPER_5	8982307	9028152	IR	387	.	9005719	0.387	0.667	20	45805	8982307	8982367	9028112	9028152	66738796	8800000	9050000	0	3420	40	45745	spaced
SUPER_5	33285818	33355863	IR	386	.	33321043	0.386	0.851	40	71009	33285818	33286632	33355049	33355881	66738796	33150000	33400000	40	2847	814	68417	spaced
SUPER_5	24064055	24131144	IR	385	.	24097762	0.385	0.690	28	67099	24064055	24064095	24131104	24131162	66738796	24050000	24300000	133	793	40	67009	spaced
SUPER_5	48416003	48528252	IR	383	.	48472370	0.383	0.956	279	112237	48416003	48419146	48525109	48528261	66738796	48300000	48550000	0	2868	3143	105963	wide
SUPER_5	47337086	47443953	IR	381	.	47390207	0.381	0.450	29	106827	47337086	47337126	47443913	47443993	66738796	47200000	47450000	0	3175	40	106787	wide
SUPER_5	63211122	63342730	IR	380	.	63277418	0.380	0.927	71	131547	63211122	63212191	63341661	63342749	66738796	63150000	63400000	0	2115	1069	129470	wide
SUPER_5	20229260	20314707	IR	380	.	20272356	0.380	0.631	30	85421	20229260	20231842	20312146	20314707	66738796	20100000	20350000	0	2866	2561	80304	spaced
SUPER_5	29316619	29490270	IR	378	.	29403055	0.378	0.853	52	173631	29316619	29319404	29487530	29490270	66738796	29250000	29500000	0	2557	2740	168126	wide
SUPER_5	10862999	10899741	IR	378	.	10881024	0.378	0.866	39	36626	10862999	10865029	10897711	10899747	66738796	10750000	11000000	0	2189	2030	32682	spaced
SUPER_5	64082739	64093557	IR	377	.	64088565	0.377	0.639	148	10835	64082739	64088175	64088121	64093598	66738796	63950000	64200000	0	2302	5436	-54	overlap
SUPER_5	3686983	3690124	IR	377	.	3688566	0.377	0.723	43	3158	3686983	3688005	3689145	3690124	66738796	3500000	3750000	45	3142	979	1140	immediate
SUPER_5	38366668	38459132	IR	377	.	38413323	0.377	0.361	23	92428	38366668	38366704	38459096	38459174	66738796	38350000	38600000	0	1048	36	92392	spaced
SUPER_5	60388246	60586341	IR	376	.	60487507	0.376	0.956	144	198639	60388246	60389441	60585146	60586352	66738796	60350000	60600000	154	2288	1195	195705	wide
SUPER_5	64356079	64562770	IR	375	.	64459719	0.375	0.848	46	206687	64356079	64358849	64560000	64562786	66738796	64350000	64600000	0	1823	2770	201151	wide
SUPER_5	8518435	8647864	IR	375	.	8583409	0.375	0.825	29	129409	8518435	8519139	8647188	8647864	66738796	8400000	8650000	0	3052	676	128049	wide
SUPER_5	5658981	5833027	IR	375	.	5746475	0.375	0.855	27	174031	5658981	5661376	5830632	5833033	66738796	5650000	5900000	0	1599	2395	169256	wide
SUPER_5	30849994	30857248	IR	374	.	30853996	0.374	0.964	23	7200	30849994	30850050	30857194	30857248	66738796	30650000	30900000	0	3393	54	7144	spaced
SUPER_5	25238007	25397914	IR	372	.	25317600	0.372	0.634	20	159890	25238007	25238074	25397873	25397914	66738796	25150000	25400000	0	2799	41	159799	wide
SUPER_5	28155836	28176963	IR	371	.	28166070	0.371	0.848	35	20971	28155836	28158372	28174462	28176963	66738796	28000000	28250000	0	2773	2501	16090	spaced
SUPER_5	32814891	32924763	IR	369	.	32870116	0.369	0.840	37	109891	32814891	32816121	32923533	32924800	66738796	32700000	32950000	0	2830	1230	107412	wide
SUPER_5	26844790	26887648	IR	369	.	26865821	0.369	0.804	36	42852	26844790	26845872	26886566	26887730	66738796	26700000	26950000	0	2770	1082	40694	spaced
SUPER_5	58210457	58323559	IR	368	.	58266524	0.368	0.921	74	113100	58210457	58211443	58322573	58323581	66738796	58100000	58350000	0	2783	986	111130	wide
SUPER_5	41515859	41738562	IR	366	.	41626744	0.366	0.880	155	222694	41515859	41523058	41731363	41738578	66738796	41500000	41750000	0	2120	7199	208305	wide
SUPER_5	24361931	24370411	IR	366	.	24365852	0.366	0.904	58	8460	24361931	24363578	24368764	24370411	66738796	24150000	24400000	0	3602	1647	5186	spaced
SUPER_5	42247798	42430353	IR	366	.	42339116	0.366	0.955	21	182511	42247798	42247842	42430311	42430353	66738796	42200000	42450000	177	2317	42	182469	wide
SUPER_5	29717234	29901338	IR	366	.	29808847	0.366	0.917	20	184086	29717234	29717703	29900870	29901338	66738796	29700000	29950000	0	1821	468	183167	wide
SUPER_5	917475	1072430	IR	365	.	995136	0.365	0.960	220	155308	917475	919325	1070580	1072450	66738796	850000	1100000	220	2415	1850	151255	wide
SUPER_5	9614116	9645230	IR	365	.	9630091	0.365	0.917	120	31092	9614116	9615358	9644047	9645230	66738796	9450000	9700000	0	2994	1183	28689	spaced
SUPER_5	24919822	25016374	IR	365	.	24967611	0.365	0.843	26	96546	24919822	24920982	25015214	25016389	66738796	24800000	25050000	0	2801	1160	94232	spaced
SUPER_5	51814610	51882137	IR	365	.	51848182	0.365	0.750	23	67489	51814610	51814666	51882095	51882137	66738796	51700000	51950000	232	2472	42	67429	spaced
SUPER_5	65932943	65954928	IR	365	.	65943764	0.365	0.833	20	52402	65932943	65932991	65954888	65954928	66738796	65850000	66100000	110	1565	40	21897	spaced
SUPER_5	47266140	47309166	IR	364	.	47287820	0.364	0.759	83	43165	47266140	47267169	47308137	47309263	66738796	47150000	47400000	84	2294	1029	40968	spaced
SUPER_5	1807357	1945001	IR	364	.	1876344	0.364	0.735	67	137950	1807357	1808397	1943961	1945075	66738796	1750000	2000000	76	2102	1040	135564	wide
SUPER_5	47443921	47601892	IR	364	.	47522695	0.364	0.774	35	157929	47443921	47443983	47601844	47601892	66738796	47400000	47650000	465	2048	48	157861	wide
SUPER_5	22367181	22550975	IR	364	.	22459406	0.364	0.875	26	183771	22367181	22368168	22549991	22550975	66738796	22350000	22600000	0	1817	984	181823	wide
SUPER_5	32414390	32455893	IR	363	.	32435262	0.363	0.889	39	41582	32414390	32415022	32455261	32455915	66738796	32300000	32550000	39	2252	632	40239	spaced
SUPER_5	25654912	25658054	IR	363	.	25656500	0.363	0.907	32	3269	25654912	25655497	25657471	25658054	66738796	25600000	25850000	32	941	583	1974	immediate
SUPER_5	1652891	1662624	IR	363	.	1657913	0.363	0.821	26	9691	1652891	1652947	1662578	1662624	66738796	1450000	1700000	306	3462	46	9631	spaced
SUPER_5	628778	631754	IR	362	.	630267	0.362	0.976	62	3008	628778	629315	631219	631754	66738796	400000	650000	62	3837	535	1904	immediate
SUPER_5	58439757	58597085	IR	362	.	58518564	0.362	0.904	29	157477	58439757	58440401	58596441	58597085	66738796	58350000	58600000	30	2806	644	156040	wide
SUPER_5	35756557	35857421	IR	361	.	35807017	0.361	0.890	130	102924	35756557	35759674	35854304	35857441	66738796	35650000	35900000	130	2616	3117	94630	spaced
SUPER_5	1331225	1430213	IR	361	.	1381070	0.361	0.928	92	98874	1331225	1332616	1428822	1430216	66738796	1200000	1450000	0	3011	1391	96206	spaced
SUPER_5	55101847	55200568	IR	361	.	55151659	0.361	0.904	59	98719	55101847	55102836	55199579	55200586	66738796	55100000	55350000	0	853	989	96743	spaced
SUPER_5	66107897	66170043	IR	361	.	66139066	0.361	0.958	22	62100	66107897	66107945	66169997	66170043	66738796	65950000	66200000	209	3149	46	62052	spaced
SUPER_5	58770767	58796742	IR	361	.	58783719	0.361	0.880	21	25933	58770767	58770817	58796698	58796742	66738796	58550000	58800000	187	3895	44	25881	spaced
SUPER_5	7648574	7708712	IR	361	.	7678965	0.361	0.528	20	60102	7648574	7648610	7708676	7708742	66738796	7500000	7750000	0	2977	36	60066	spaced
SUPER_5	35278088	35377322	IR	360	.	35328185	0.360	0.924	117	99224	35278088	35279518	35375892	35377346	66738796	35150000	35400000	0	2961	1430	96374	spaced
SUPER_5	51672000	51814672	IR	360	.	51743057	0.360	1.000	35	142604	51672000	51672068	51814604	51814672	66738796	51650000	51900000	0	1555	68	142536	wide
SUPER_5	49615043	49695700	IR	359	.	49655797	0.359	0.931	165	80663	49615043	49616972	49693771	49695727	66738796	49550000	49800000	0	1756	1929	76799	spaced
SUPER_5	64890924	64972891	IR	358	.	64931472	0.358	0.425	150	81948	64890924	64908171	64955704	64972891	66738796	64800000	65050000	0	2198	17187	47533	spaced
SUPER_5	27030011	27245964	IR	358	.	27137670	0.358	0.895	71	215952	27030011	27031425	27244550	27245995	66738796	27000000	27250000	0	2299	1414	213125	wide
SUPER_5	57830772	57834150	IR	358	.	57832851	0.358	0.828	40	3402	57830772	57831127	57833795	57834201	66738796	57600000	57850000	0	3874	355	2668	spaced
SUPER_5	27661239	27851881	IR	358	.	27756740	0.358	1.000	20	190594	27661239	27661285	27851835	27851881	66738796	27650000	27900000	178	1775	46	190550	wide
SUPER_5	5066482	5069917	IR	357	.	5068356	0.357	0.725	38	3444	5066482	5067358	5069055	5069917	66738796	4850000	5100000	38	3636	862	1697	immediate
SUPER_5	59671411	59790775	IR	357	.	59731038	0.357	0.840	23	119328	59671411	59671453	59790733	59790783	66738796	59550000	59800000	198	3018	42	119280	wide
SUPER_5	30315893	30533821	IR	356	.	30424747	0.356	0.926	80	218077	30315893	30316869	30532845	30533843	66738796	30300000	30550000	80	2080	976	215976	wide
SUPER_5	59240443	59299434	IR	356	.	59269487	0.356	0.000	45	58951	59240443	59240559	59299394	59299434	66738796	59100000	59350000	0	2832	40	58835	spaced
SUPER_5	27305202	27323737	IR	356	.	27314056	0.356	0.821	31	18427	27305202	27308072	27320917	27323737	66738796	27100000	27350000	0	3574	2820	12845	spaced
SUPER_5	40380057	40510669	IR	356	.	40445045	0.356	0.892	23	130590	40380057	40380344	40510402	40510669	66738796	40300000	40550000	0	2422	267	130058	wide
SUPER_5	45822059	46039296	IR	356	.	45931109	0.356	0.667	21	217197	45822059	45822099	46039256	46039316	66738796	45800000	46050000	0	2177	40	217157	wide
SUPER_5	7035280	7233602	IR	356	.	7134587	0.356	0.704	20	198276	7035280	7035318	7233564	7233618	66738796	7000000	7250000	101	2240	38	198246	wide
SUPER_5	37569212	37572268	IR	355	.	37571203	0.355	0.735	27	3006	37569212	37569280	37572218	37572268	66738796	37550000	37800000	0	345	50	2938	spaced
SUPER_5	5293262	5307205	IR	354	.	5300251	0.354	0.926	233	15038	5293262	5297387	5303080	5307212	66738796	5100000	5350000	233	3337	4125	5693	spaced
SUPER_5	19026670	19029390	IR	354	.	19027787	0.354	0.975	51	2805	19026670	19026949	19029111	19029391	66738796	18800000	19050000	51	3800	279	2162	spaced
SUPER_5	21596866	21596934	IR	353	.	21597078	0.353	0.917	25	204154	21596866	21596914	21596890	21596934	66738796	21450000	21700000	449	2448	44	-24	overlap
SUPER_5	21942012	22033250	IR	352	.	21987387	0.352	0.941	178	91228	21942012	21942387	22032877	22033250	66738796	21800000	22050000	23	3127	373	90490	spaced
SUPER_5	2876013	2906762	IR	352	.	2890963	0.352	0.874	96	30726	2876013	2877919	2904857	2906762	66738796	2700000	2950000	0	3189	1905	26938	spaced
SUPER_5	20630131	20720915	IR	352	.	20675170	0.352	0.806	32	90726	20630131	20630189	20720857	20720929	66738796	20500000	20750000	0	2925	58	90668	spaced
SUPER_5	43842483	43853046	IR	352	.	43847283	0.352	0.571	25	10578	43842483	43842525	43853004	43853078	66738796	43700000	43950000	0	2462	42	10479	spaced
SUPER_5	33952030	34059371	IR	352	.	34005448	0.352	0.960	21	107324	33952030	33952205	34059196	34059373	66738796	33900000	34150000	0	1761	175	106991	wide
SUPER_5	7272640	7317075	IR	352	.	7295211	0.352	0.390	20	22546	7272640	7294533	7295186	7317075	66738796	7250000	7500000	0	747	21889	653	immediate
SUPER_5	9899873	10094303	IR	351	.	9997122	0.351	0.825	75	194687	9899873	9902660	10091545	10094303	66738796	9850000	10100000	75	2451	2758	188885	wide
SUPER_5	45206979	45210208	IR	351	.	45208766	0.351	0.933	54	3306	45206979	45207543	45209663	45210208	66738796	45000000	45250000	54	3476	545	2120	spaced
SUPER_5	38498657	38686733	IR	351	.	38592363	0.351	0.926	33	188026	38498657	38499114	38686276	38686735	66738796	38450000	38700000	0	2378	457	187162	wide
SUPER_5	47003561	47048876	IR	350	.	47026001	0.350	0.874	125	46499	47003561	47005424	47047021	47048876	66738796	46800000	47050000	85	3770	1855	41597	spaced
SUPER_5	11415613	11568717	IR	350	.	11491807	0.350	0.780	39	152956	11415613	11422851	11561479	11568800	66738796	11350000	11600000	0	2369	7238	138628	wide
SUPER_5	55721044	55939745	IR	350	.	55830779	0.350	0.384	33	218657	55721044	55747097	55913757	55939745	66738796	55700000	55950000	0	2173	25988	166660	wide
SUPER_5	38324351	38360759	IR	349	.	38342708	0.349	0.773	53	36441	38324351	38325633	38359484	38360759	66738796	38200000	38450000	57	2375	1275	33851	spaced
SUPER_5	59790723	59959676	IR	349	.	59874855	0.349	0.625	20	168913	59790723	59790787	59959636	59959676	66738796	59750000	60000000	0	2086	40	168849	wide
SUPER_5	62049235	62162717	IR	348	.	62106302	0.348	0.906	106	113461	62049235	62050890	62161086	62162717	66738796	61950000	62200000	0	2599	1631	110196	wide
SUPER_5	4514819	4518758	IR	348	.	4516738	0.348	0.906	35	3981	4514819	4515628	4517951	4518758	66738796	4350000	4600000	35	2779	807	2323	spaced
SUPER_5	56866578	57032269	IR	348	.	56949743	0.348	0.392	31	159200	56866578	56948079	56950768	57032323	66738796	56800000	57050000	0	2490	81501	2689	spaced
SUPER_5	52201357	52284983	IR	347	.	52242879	0.347	0.417	138	83588	52201357	52243170	52243170	52285010	66738796	52050000	52300000	0	3219	41813	0	overlap
SUPER_5	51943428	52033425	IR	347	.	51988839	0.347	1.000	29	89935	51943428	51943490	52033363	52033425	66738796	51900000	52150000	0	1473	62	89873	spaced
SUPER_5	63712555	63786011	IR	347	.	63749493	0.347	1.000	29	73430	63712555	63712582	63785984	63786011	66738796	63600000	63850000	3	2487	27	73402	spaced
SUPER_5	47669503	47748410	IR	347	.	47709052	0.347	0.913	21	78869	47669503	47669549	47748368	47748410	66738796	47650000	47900000	135	982	42	78819	spaced
SUPER_5	53319894	53543689	IR	346	.	53432146	0.346	0.554	69	223360	53319894	53323840	53539743	53543695	66738796	53300000	53550000	0	2196	3946	215903	wide
SUPER_5	20396121	20406179	IR	346	.	20400738	0.346	0.897	60	9766	20396121	20397416	20404884	20406182	66738796	20200000	20450000	0	3352	1295	7468	spaced
SUPER_5	59540963	59642523	IR	346	.	59592173	0.346	0.860	59	101536	59540963	59542145	59641342	59642523	66738796	59400000	59650000	0	3195	1181	99197	spaced
SUPER_5	48557676	48673152	IR	346	.	48615132	0.346	0.874	57	115475	48557676	48559421	48671407	48673174	66738796	48500000	48750000	0	1923	1745	111986	wide
SUPER_5	8158958	8289756	IR	346	.	8224799	0.346	0.902	40	130779	8158958	8160360	8288357	8289756	66738796	8100000	8350000	0	2072	1399	127997	wide
SUPER_5	40050871	40067506	IR	346	.	40059162	0.346	0.793	32	16588	40050871	40050917	40067460	40067518	66738796	39850000	40100000	379	3486	46	16543	spaced
SUPER_5	58825608	58915315	IR	346	.	58870366	0.346	0.976	24	89725	58825608	58825771	58915152	58915316	66738796	58800000	59050000	24	1174	163	89381	spaced
SUPER_5	60783175	60808149	IR	346	.	60795838	0.346	0.513	21	25003	60783175	60788092	60803232	60808188	66738796	60700000	60950000	40	1594	4917	15140	spaced
SUPER_5	64703842	64774538	IR	345	.	64738952	0.345	0.928	243	70964	64703842	64705641	64772739	64774559	66738796	64650000	64900000	120	1486	1799	67098	spaced
SUPER_5	62915235	62921437	IR	345	.	62918468	0.345	0.988	160	6375	62915235	62916117	62920556	62921437	66738796	62700000	62950000	160	3638	881	4439	spaced
SUPER_5	56271823	56368048	IR	345	.	56320286	0.345	0.793	93	96201	56271823	56273833	56366042	56368048	66738796	56250000	56500000	0	1165	2006	92209	spaced
SUPER_5	7943560	7984303	IR	345	.	7963694	0.345	0.846	89	40937	7943560	7944365	7983515	7984303	66738796	7750000	8000000	47	3565	788	39150	spaced
SUPER_5	40354134	40373662	IR	345	.	40363882	0.345	0.917	36	19484	40354134	40354182	40373618	40373662	66738796	40150000	40400000	262	3564	44	19436	spaced
SUPER_5	64276579	64351278	IR	345	.	64313569	0.345	0.820	30	74631	64276579	64277526	64350331	64351305	66738796	64200000	64450000	0	1898	947	72805	spaced
SUPER_5	43853004	44077903	IR	345	.	43965057	0.345	0.386	27	224859	43853004	43921131	44009803	44077903	66738796	43850000	44100000	0	1924	68100	88672	spaced
SUPER_5	48092314	48113362	IR	345	.	48103280	0.345	0.844	27	20994	48092314	48092378	48113308	48113362	66738796	48000000	48250000	0	1713	54	20930	spaced
SUPER_5	9028114	9193566	IR	345	.	9110672	0.345	0.783	21	165416	9028114	9028150	9193530	9193576	66738796	9000000	9250000	130	1847	36	165380	wide
SUPER_5	66226990	66281026	IR	345	.	66254026	0.345	1.000	20	53990	66226990	66227034	66280982	66281026	66738796	66100000	66350000	172	2566	44	53948	spaced
SUPER_5	53752319	53925247	IR	344	.	53839139	0.344	0.969	82	172875	53752319	53753114	53924461	53925247	66738796	53700000	53950000	0	2312	786	171347	wide
SUPER_5	50707459	50938708	IR	344	.	50822853	0.344	0.866	36	231471	50707459	50708280	50937887	50938738	66738796	50700000	50950000	36	2051	821	229607	wide
SUPER_5	47998453	47998527	IR	344	.	47998492	0.344	0.927	31	5269	47998453	47998504	47998476	47998531	66738796	47850000	48100000	738	2474	51	-28	overlap
SUPER_5	47998451	47998508	IR	344	.	47998492	0.344	0.844	24	5269	47998451	47998489	47998470	47998515	66738796	47800000	48050000	277	3307	38	-19	overlap
SUPER_5	37338025	37341414	IR	344	.	37339536	0.344	0.958	23	3343	37338025	37338071	37341368	37341416	66738796	37100000	37350000	241	3995	46	3297	spaced
SUPER_5	34672078	34738350	IR	344	.	34705051	0.344	0.790	22	67406	34672078	34672452	34737976	34738363	66738796	34600000	34850000	27	1753	374	65524	spaced
SUPER_5	3182197	3252903	IR	343	.	3218019	0.343	0.949	44	70683	3182197	3182801	3252299	3252906	66738796	3150000	3400000	0	1125	604	69498	spaced
SUPER_5	48772606	48953414	IR	343	.	48863379	0.343	0.389	34	180744	48772606	48840908	48885141	48953414	66738796	48750000	49000000	0	1883	68273	44233	spaced
SUPER_5	6398216	6506860	IR	343	.	6453015	0.343	0.804	33	108039	6398216	6399255	6505821	6506863	66738796	6300000	6550000	0	2542	1039	106566	wide
SUPER_5	36208511	36314405	IR	343	.	36261232	0.343	0.939	33	106181	36208511	36208930	36313986	36314410	66738796	36100000	36350000	33	2690	419	105056	wide
SUPER_5	11950048	11985041	IR	343	.	11967122	0.343	0.622	26	34947	11950048	11950094	11984995	11985069	66738796	11750000	12000000	0	3625	46	34901	spaced
SUPER_5	21705948	21906328	IR	343	.	21805859	0.343	0.688	22	200336	21705948	21706012	21906284	21906328	66738796	21700000	21950000	0	1768	44	200272	wide
SUPER_5	31622129	31752118	IR	343	.	31686843	0.343	0.656	22	129947	31622129	31622171	31752076	31752140	66738796	31550000	31800000	0	2285	42	129905	wide
SUPER_5	50031113	50068060	IR	343	.	50049973	0.343	0.897	22	36928	50031113	50031171	50068008	50068060	66738796	49950000	50200000	0	1659	52	36837	spaced
SUPER_5	9734444	9774047	IR	342	.	9753824	0.342	0.946	206	39473	9734444	9737466	9771025	9774055	66738796	9600000	9850000	0	2570	3022	33559	spaced
SUPER_5	54650110	54758694	IR	342	.	54704441	0.342	0.942	133	109035	54650110	54651962	54756842	54758694	66738796	54550000	54800000	133	2573	1852	104880	wide
SUPER_5	27324936	27392968	IR	342	.	27358505	0.342	0.603	90	68029	27324936	27329199	27388705	27392983	66738796	27150000	27400000	0	3482	4263	59506	spaced
SUPER_5	34066857	34217360	IR	342	.	34141949	0.342	0.765	53	150732	34066857	34068734	34215483	34217430	66738796	34000000	34250000	55	2368	1877	146749	wide
SUPER_5	15874509	16016873	IR	342	.	15945671	0.342	0.844	43	142374	15874509	15876201	16015181	16016879	66738796	15850000	16100000	43	1594	1692	138980	wide
SUPER_5	60276049	60339176	IR	342	.	60307339	0.342	0.750	24	63083	60276049	60276113	60339128	60339176	66738796	60100000	60350000	0	3460	48	63015	spaced
SUPER_5	44556040	44753814	IR	342	.	44655355	0.342	0.879	23	197754	44556040	44556914	44752940	44753816	66738796	44550000	44800000	0	1748	874	196026	wide
SUPER_5	16976932	17030678	IR	342	.	17003520	0.342	0.893	22	53729	16976932	16977486	17030124	17030682	66738796	16800000	17050000	0	3396	554	52638	spaced
SUPER_5	51882093	51943476	IR	342	.	51913078	0.342	0.767	20	61337	51882093	51882139	51943430	51943490	66738796	51700000	51950000	0	3546	46	61291	spaced
SUPER_5	26454331	26461666	IR	341	.	26458274	0.341	0.996	551	7317	26454331	26457682	26458317	26461666	66738796	26250000	26500000	0	3466	3349	635	immediate
SUPER_5	61927605	61986368	IR	341	.	61957019	0.341	0.916	73	60144	61927605	61928990	61984994	61986368	66738796	61750000	62000000	73	3449	1374	56004	spaced
SUPER_5	54898218	54976818	IR	341	.	54937544	0.341	0.882	56	78739	54898218	54899086	54975950	54976845	66738796	54750000	55000000	62	3125	868	76864	spaced
SUPER_5	37585776	37724821	IR	341	.	37654983	0.341	0.855	48	139060	37585776	37587186	37723411	37724861	66738796	37500000	37750000	0	2588	1410	136225	wide
SUPER_5	24766512	24848744	IR	341	.	24807541	0.341	0.162	44	82219	24766512	24766599	24848710	24848744	66738796	24600000	24850000	171	3460	34	82111	spaced
SUPER_5	41411875	41431558	IR	341	.	41422137	0.341	0.941	23	19643	41411875	41412243	41431190	41431558	66738796	41250000	41500000	0	2861	368	18947	spaced
SUPER_5	17549179	17749079	IR	341	.	17648869	0.341	0.893	21	199850	17549179	17549235	17749029	17749079	66738796	17500000	17750000	0	2485	50	199794	wide
SUPER_5	41761861	41903395	IR	341	.	41832430	0.341	0.840	20	141496	41761861	41761911	41903353	41903395	66738796	41700000	41950000	130	2210	42	141442	wide
SUPER_5	18649615	18724691	IR	340	.	18686760	0.340	0.980	284	75047	18649615	18651952	18722354	18724694	66738796	18500000	18750000	0	3119	2337	70402	spaced
SUPER_5	23036990	23068808	IR	340	.	23052774	0.340	0.885	86	32066	23036990	23038675	23067123	23068827	66738796	22850000	23100000	87	3381	1685	28448	spaced
SUPER_5	58059213	58157084	IR	340	.	58107875	0.340	0.887	72	97858	58059213	58061072	58155225	58157088	66738796	57950000	58200000	0	2635	1859	94153	spaced
SUPER_5	65460601	65475206	IR	340	.	65467979	0.340	0.962	33	14553	65460601	65460651	65475156	65475208	66738796	65250000	65500000	492	3631	50	14505	spaced
SUPER_5	5978677	6046575	IR	340	.	6012196	0.340	0.643	22	67879	5978677	5978745	6046533	6046575	66738796	5800000	6050000	0	3543	42	67788	spaced
SUPER_5	11090850	11243942	IR	340	.	11167006	0.340	0.500	21	153054	11090850	11090888	11243904	11243976	66738796	11050000	11300000	0	1956	38	153016	wide
SUPER_5	28718111	28910294	IR	340	.	28814062	0.340	0.741	21	192139	28718111	28718151	28910254	28910308	66738796	28700000	28950000	195	1903	40	192103	wide
SUPER_5	65579054	65666876	IR	339	.	65623490	0.339	0.891	75	87773	65579054	65580289	65665641	65666950	66738796	65500000	65750000	0	2049	1235	85352	spaced
SUPER_5	17100025	17226000	IR	339	.	17162982	0.339	0.848	62	127218	17100025	17104082	17221970	17226000	66738796	17050000	17300000	62	1883	4030	117888	wide
SUPER_5	61357008	61391578	IR	339	.	61374570	0.339	0.775	35	34488	61357008	61358057	61390586	61391578	66738796	61300000	61550000	0	1238	992	32529	spaced
SUPER_5	56718728	56831277	IR	339	.	56775476	0.339	0.754	28	112583	56718728	56720061	56829944	56831328	66738796	56600000	56850000	0	2916	1333	109883	wide
SUPER_5	55939695	56046600	IR	339	.	55993090	0.339	0.889	24	106857	55939695	55939743	56046552	56046606	66738796	55850000	56100000	290	2385	48	106809	wide
SUPER_5	47616008	47669543	IR	339	.	47642688	0.339	0.870	21	53493	47616008	47616048	47669503	47669549	66738796	47450000	47700000	165	3212	40	53455	spaced
SUPER_5	44981881	45134586	IR	339	.	45058512	0.339	0.767	20	152659	44981881	44981927	45134540	45134600	66738796	44900000	45150000	0	2637	46	152613	wide
SUPER_5	46970465	47001672	IR	338	.	46985927	0.338	0.754	118	31479	46970465	46973342	46998832	47001672	66738796	46800000	47050000	120	3101	2840	25490	spaced
SUPER_5	65731438	65859183	IR	338	.	65795746	0.338	0.870	107	127743	65731438	65733471	65857150	65859203	66738796	65650000	65900000	0	2421	2033	123679	wide
SUPER_5	4071439	4161972	IR	338	.	4116967	0.338	0.630	27	90487	4071439	4071515	4161926	4161972	66738796	3950000	4200000	0	2778	46	90411	spaced
SUPER_5	14727073	14906921	IR	338	.	14816772	0.338	0.769	27	179810	14727073	14727125	14906881	14906921	66738796	14700000	14950000	252	1949	40	179756	wide
SUPER_5	34481134	34546525	IR	337	.	34514045	0.337	0.925	154	69791	34481134	34484299	34543360	34546526	66738796	34350000	34600000	154	2730	3165	59061	spaced
SUPER_5	20841698	20920666	IR	337	.	20881214	0.337	0.898	87	79021	20841698	20843086	20919322	20920666	66738796	20750000	21000000	88	2186	1344	76236	spaced
SUPER_5	37940313	38074875	IR	337	.	38007908	0.337	0.840	57	134607	37940313	37940898	38074290	38074939	66738796	37850000	38100000	0	2626	585	133392	wide
SUPER_5	1442265	1446356	IR	337	.	1444491	0.337	0.836	56	4243	1442265	1443127	1445552	1446356	66738796	1200000	1450000	56	4071	804	2425	spaced
SUPER_5	6590191	6595329	IR	337	.	6593213	0.337	0.396	33	2528	6590191	6592790	6592730	6595367	66738796	6400000	6650000	0	3212	2599	-60	overlap
SUPER_5	50068010	50202280	IR	337	.	50135219	0.337	0.920	23	134222	50068010	50068056	50202234	50202284	66738796	50000000	50250000	234	2252	46	134178	wide
SUPER_5	58664124	58721185	IR	336	.	58692626	0.336	0.921	261	57770	58664124	58666144	58719165	58721292	66738796	58600000	58850000	265	1544	2020	53021	spaced
SUPER_5	20940667	21079322	IR	336	.	21010433	0.336	0.940	100	138593	20940667	20942219	21077770	21079325	66738796	20850000	21100000	0	2666	1552	135551	wide
SUPER_5	26731822	26757055	IR	336	.	26743978	0.336	1.000	29	25171	26731822	26731884	26756993	26757055	66738796	26550000	26800000	0	3240	62	25109	spaced
SUPER_5	46743025	46926657	IR	336	.	46835321	0.336	0.705	29	183591	46743025	46743918	46925764	46926665	66738796	46700000	46950000	0	2247	893	181846	wide
SUPER_5	3711065	3891681	IR	336	.	3801564	0.336	0.886	28	180946	3711065	3711823	3890923	3891687	66738796	3700000	3950000	28	1689	758	179100	wide
SUPER_5	42779682	42878636	IR	336	.	42829291	0.336	0.632	28	98908	42779682	42779720	42878598	42878660	66738796	42750000	43000000	294	1319	38	98878	spaced
SUPER_5	21374287	21446730	IR	336	.	21410093	0.336	0.964	23	72391	21374287	21374341	21446676	21446732	66738796	21200000	21450000	0	3508	54	72335	spaced
SUPER_5	44299983	44300048	IR	336	.	44300049	0.336	0.978	22	51127	44299983	44300027	44300004	44300049	66738796	44200000	44450000	376	1666	44	-23	overlap
SUPER_5	28221395	28302126	IR	335	.	28261513	0.335	0.909	98	80719	28221395	28221591	28301930	28302126	66738796	28150000	28400000	7	1862	196	80339	spaced
SUPER_5	40708794	40717120	IR	335	.	40712957	0.335	0.788	28	8326	40708794	40710744	40715251	40717120	66738796	40500000	40750000	28	3549	1869	4507	spaced
SUPER_5	49275137	49350469	IR	335	.	49312846	0.335	0.000	21	75296	49275137	49275154	49350452	49350501	66738796	49150000	49400000	21	2713	17	75298	spaced
SUPER_5	62938807	63129059	IR	334	.	63034299	0.334	0.937	111	190235	62938807	62939934	63127932	63129098	66738796	62900000	63150000	0	2232	1127	187998	wide
SUPER_5	18421119	18489813	IR	334	.	18455837	0.334	0.899	68	68709	18421119	18421837	18489095	18489849	66738796	18350000	18600000	0	1757	718	67258	spaced
SUPER_5	38949553	39133450	IR	334	.	39041021	0.334	0.765	59	183873	38949553	38951592	39131485	39133450	66738796	38900000	39150000	0	2358	1965	179893	wide
SUPER_5	40122728	40163616	IR	334	.	40143206	0.334	0.648	43	40976	40122728	40124202	40162142	40163642	66738796	40100000	40350000	43	719	1474	37940	spaced
SUPER_5	38250068	38256794	IR	334	.	38253408	0.334	0.902	42	7091	38250068	38250996	38255866	38256795	66738796	38050000	38300000	42	3390	928	4870	spaced
SUPER_5	29937360	30030405	IR	334	.	29983594	0.334	0.783	37	93072	29937360	29940785	30026980	30030450	66738796	29850000	30100000	0	2231	3425	86195	spaced
SUPER_5	20720857	20755979	IR	334	.	20738685	0.334	0.667	28	35074	20720857	20720929	20755931	20755979	66738796	20550000	20800000	0	3140	48	35002	spaced
SUPER_5	10590354	10672757	IR	334	.	10631671	0.334	0.795	21	82871	10590354	10591889	10671222	10672771	66738796	10450000	10700000	21	3025	1535	79333	spaced
SUPER_5	22698419	22895554	IR	333	.	22796838	0.333	0.963	130	197834	22698419	22699522	22894451	22895557	66738796	22650000	22900000	144	2449	1103	194929	wide
SUPER_5	21171378	21190350	IR	333	.	21180835	0.333	0.862	83	19927	21171378	21174199	21187529	21190357	66738796	21000000	21250000	83	3014	2821	13330	spaced
SUPER_5	5377095	5523980	IR	333	.	5450108	0.333	0.882	56	146866	5377095	5378788	5522313	5523980	66738796	5350000	5600000	0	1675	1667	143525	wide
SUPER_5	26485189	26499053	IR	333	.	26492182	0.333	0.793	36	13893	26485189	26485889	26498353	26499067	66738796	26450000	26700000	36	701	700	12464	spaced
SUPER_5	50498879	50671848	IR	333	.	50585525	0.333	0.927	36	173127	50498879	50499441	50671289	50671848	66738796	50450000	50700000	38	2255	559	171848	wide
SUPER_5	32998284	33037259	IR	333	.	33018177	0.333	0.871	25	38921	32998284	32998338	33037205	33037267	66738796	32800000	33050000	0	3629	54	38867	spaced
SUPER_5	51287747	51490327	IR	333	.	51388964	0.333	0.643	23	202540	51287747	51287783	51490291	51490347	66738796	51250000	51500000	76	2317	36	202508	wide
SUPER_5	3313054	3484909	IR	333	.	3398626	0.333	0.821	21	171791	3313054	3313329	3484634	3484953	66738796	3300000	3550000	0	1649	275	171305	wide
SUPER_5	6899608	6936693	IR	332	.	6918594	0.332	0.586	179	37068	6899608	6906575	6929728	6936693	66738796	6800000	7050000	0	1969	6965	23153	spaced
SUPER_5	64037629	64045573	IR	332	.	64041351	0.332	0.986	35	7919	64037629	64037918	64045284	64045573	66738796	63900000	64150000	0	2359	289	7366	spaced
SUPER_5	14010369	14068956	IR	332	.	14039787	0.332	0.834	32	58713	14010369	14011032	14068293	14068994	66738796	13900000	14150000	32	2327	663	57261	spaced
SUPER_5	18502995	18527563	IR	332	.	18515501	0.332	0.579	30	24715	18502995	18503880	18526678	18527618	66738796	18500000	18750000	30	254	885	22798	spaced
SUPER_5	56506261	56534653	IR	332	.	56520358	0.332	0.742	29	28679	56506261	56508041	56532958	56534653	66738796	56450000	56700000	30	1174	1695	24917	spaced
SUPER_5	30210360	30272850	IR	332	.	30241779	0.332	0.808	24	62450	30210360	30210412	30272808	30272850	66738796	30050000	30300000	308	3193	42	62396	spaced
SUPER_5	58326434	58412663	IR	332	.	58369780	0.332	1.000	22	86161	58326434	58326470	58412627	58412663	66738796	58200000	58450000	4	2825	36	86157	spaced
SUPER_5	20411875	20467292	IR	332	.	20439398	0.332	0.679	21	55389	20411875	20411931	20467254	20467292	66738796	20250000	20500000	99	3159	38	55323	spaced
SUPER_5	40815629	40846548	IR	332	.	40831564	0.332	0.774	21	30871	40815629	40815677	40846500	40846562	66738796	40600000	40850000	0	3851	48	30823	spaced
SUPER_5	34933036	35133588	IR	331	.	35033705	0.331	0.906	85	200525	34933036	34935516	35131122	35133588	66738796	34900000	35150000	0	2221	2466	195606	wide
SUPER_5	14266893	14414046	IR	331	.	14340261	0.331	0.887	75	147460	14266893	14268058	14412914	14414046	66738796	14200000	14450000	85	2341	1132	144856	wide
SUPER_5	10124540	10157595	IR	331	.	10141190	0.331	0.857	52	33091	10124540	10128359	10153838	10157595	66738796	10100000	10350000	52	684	3757	25479	spaced
SUPER_5	52886924	53006027	IR	331	.	52946831	0.331	0.868	44	119075	52886924	52888080	53004915	53006027	66738796	52800000	53050000	0	2441	1112	116835	wide
SUPER_5	561535	584092	IR	331	.	572703	0.331	0.878	25	22651	561535	562102	583525	584112	66738796	450000	700000	25	2046	567	21423	spaced
SUPER_5	13773631	13807734	IR	330	.	13790733	0.330	0.842	135	35277	13773631	13779690	13801736	13807734	66738796	13700000	13950000	135	1511	5998	22046	spaced
SUPER_5	14544899	14690875	IR	330	.	14617432	0.330	0.921	38	145676	14544899	14545660	14690114	14690877	66738796	14450000	14700000	0	2797	761	144454	wide
SUPER_5	49059221	49151648	IR	330	.	49105053	0.330	0.774	32	92406	49059221	49061168	49149802	49151648	66738796	49000000	49250000	0	1757	1846	88634	spaced
SUPER_5	44406928	44434539	IR	330	.	44421159	0.330	0.818	29	27429	44406928	44410269	44431228	44434539	66738796	44250000	44500000	0	2845	3311	20959	spaced
SUPER_5	57250701	57258604	IR	330	.	57254569	0.330	0.924	27	7905	57250701	57251096	57258212	57258604	66738796	57050000	57300000	27	3410	392	7116	spaced
SUPER_5	906976	912059	IR	330	.	909553	0.330	0.845	25	5101	906976	907887	911182	912059	66738796	750000	1000000	25	2658	877	3295	spaced
SUPER_5	53182076	53186129	IR	329	.	53184102	0.329	1.000	379	4475	53182076	53183722	53184483	53186129	66738796	53000000	53250000	382	3068	1646	761	immediate
SUPER_5	47785318	47793992	IR	329	.	47789520	0.329	0.983	74	9078	47785318	47785738	47793572	47793995	66738796	47750000	48000000	79	660	420	7834	spaced
SUPER_5	25746837	25850653	IR	329	.	25798688	0.329	0.895	66	103920	25746837	25748349	25849141	25850663	66738796	25650000	25900000	66	2478	1512	100792	wide
SUPER_5	41240530	41377623	IR	329	.	41308814	0.329	0.846	66	136842	41240530	41244581	41373597	41377623	66738796	41150000	41400000	0	2651	4026	129016	wide
SUPER_5	19517588	19612534	IR	329	.	19564942	0.329	0.907	47	95067	19517588	19518230	19611892	19612544	66738796	19450000	19700000	47	1917	642	93662	spaced
SUPER_5	28405024	28438645	IR	329	.	28422223	0.329	0.930	45	33600	28405024	28405988	28437681	28438645	66738796	28200000	28450000	0	3697	964	31693	spaced
SUPER_5	2303838	2441632	IR	329	.	2372496	0.329	0.962	44	137865	2303838	2304181	2441289	2441632	66738796	2200000	2450000	32	2878	343	137108	wide
SUPER_5	65258863	65284608	IR	329	.	65271460	0.329	0.810	28	25726	65258863	65260624	65282854	65284608	66738796	65050000	65300000	0	3695	1754	22230	spaced
SUPER_5	31302692	31314253	IR	329	.	31308476	0.329	0.741	20	11515	31302692	31302732	31314213	31314267	66738796	31100000	31350000	116	3474	40	11481	spaced
SUPER_5	49518905	49601093	IR	328	.	49560163	0.328	0.926	72	82657	49518905	49519738	49600276	49601093	66738796	49400000	49650000	72	2666	817	80538	spaced
SUPER_5	19899824	20084770	IR	328	.	19991931	0.328	0.454	59	172435	19899824	19913203	20071452	20084770	66738796	19850000	20100000	0	2371	13318	158249	wide
SUPER_5	54359690	54528316	IR	328	.	54444229	0.328	0.633	47	168546	54359690	54359728	54528278	54528338	66738796	54350000	54600000	182	1566	38	168550	wide
SUPER_5	54528236	54567502	IR	328	.	54547511	0.328	0.159	47	39222	54528236	54528350	54567458	54567502	66738796	54400000	54650000	0	2464	44	39108	spaced
SUPER_5	21596855	21612034	IR	328	.	21604774	0.328	0.633	32	15161	21596855	21596936	21611985	21612034	66738796	21400000	21650000	0	3407	49	15049	spaced
SUPER_5	40846506	41005090	IR	328	.	40925916	0.328	0.885	23	158540	40846506	40846558	41005044	41005090	66738796	40800000	41050000	312	2096	46	158486	wide
SUPER_5	39868103	39961197	IR	328	.	39915020	0.328	0.993	21	93064	39868103	39868240	39961060	39961197	66738796	39750000	40000000	0	2744	137	92820	spaced
SUPER_5	64994491	65199243	IR	328	.	65096486	0.328	0.918	21	204734	64994491	64994961	65198774	65199243	66738796	64950000	65200000	0	2447	469	203813	wide
SUPER_5	26191134	26262056	IR	327	.	26226770	0.327	0.977	352	71805	26191134	26193454	26259740	26262056	66738796	26050000	26300000	352	2943	2316	66286	spaced
SUPER_5	31389367	31506964	IR	327	.	31448493	0.327	0.846	62	117657	31389367	31391031	31505300	31507041	66738796	31300000	31550000	0	2469	1664	114269	wide
SUPER_5	24485755	24563841	IR	327	.	24524436	0.327	0.930	53	78069	24485755	24486579	24563029	24563841	66738796	24450000	24700000	0	1246	812	76450	spaced
SUPER_5	19826374	19832674	IR	327	.	19829864	0.327	0.831	42	6362	19826374	19827043	19832005	19832754	66738796	19600000	19850000	0	3825	669	4962	spaced
SUPER_5	25605930	25651689	IR	327	.	25628903	0.327	0.918	33	45842	25605930	25606568	25651052	25651689	66738796	25600000	25850000	33	480	637	44484	spaced
SUPER_5	39621443	39644920	IR	327	.	39633139	0.327	1.000	31	23427	39621443	39621497	39644866	39644920	66738796	39400000	39650000	489	3886	54	23369	spaced
SUPER_5	65914757	65932995	IR	327	.	65924171	0.327	0.964	22	18188	65914757	65914813	65932941	65932995	66738796	65700000	65950000	0	3731	54	18128	spaced
SUPER_5	30659534	30806474	IR	327	.	30733081	0.327	0.957	21	146896	30659534	30659578	30806430	30806476	66738796	30600000	30850000	240	2216	44	146852	wide
SUPER_5	13414605	13525910	IR	326	.	13470219	0.326	0.989	141	111630	13414605	13415332	13525183	13525910	66738796	13300000	13550000	141	2837	727	109851	wide
SUPER_5	24605138	24615968	IR	326	.	24610105	0.326	0.928	107	10801	24605138	24606864	24614251	24615968	66738796	24400000	24650000	0	3509	1717	7387	spaced
SUPER_5	18543219	18614878	IR	326	.	18579399	0.326	0.898	105	71514	18543219	18544347	18613786	18614878	66738796	18450000	18700000	0	2150	1092	69439	spaced
SUPER_5	50307301	50310966	IR	326	.	50309281	0.326	0.827	33	3734	50307301	50307663	50310604	50311007	66738796	50250000	50500000	33	985	362	2941	spaced
SUPER_5	51492402	51499592	IR	326	.	51496174	0.326	0.815	24	7179	51492402	51493522	51498487	51499592	66738796	51250000	51500000	24	4099	1105	4965	spaced
SUPER_5	55221148	55375091	IR	326	.	55298359	0.326	0.951	24	153925	55221148	55221386	55374853	55375095	66738796	55200000	55450000	0	1635	238	153467	wide
SUPER_5	38775310	38868148	IR	326	.	38821341	0.326	0.750	21	92808	38775310	38775366	38868106	38868148	66738796	38650000	38900000	0	2862	42	92740	spaced
SUPER_5	5117359	5236299	IR	326	.	5177250	0.326	0.829	20	118671	5117359	5118121	5235552	5236299	66738796	5000000	5250000	0	2947	747	117431	wide
SUPER_5	22909795	22933142	IR	325	.	22921780	0.325	0.883	98	23328	22909795	22912597	22930346	22933142	66738796	22750000	23000000	0	2857	2796	17749	spaced
SUPER_5	61709149	61774915	IR	325	.	61741869	0.325	0.914	76	114047	61709149	61710888	61773176	61774915	66738796	61600000	61850000	78	2367	1739	62288	spaced
SUPER_5	31871255	32088833	IR	325	.	31979676	0.325	0.901	49	217578	31871255	31872430	32087658	32088856	66738796	31850000	32100000	0	2167	1175	215228	wide
SUPER_5	29308000	29315173	IR	325	.	29311155	0.325	0.777	35	7146	29308000	29308873	29314369	29315173	66738796	29100000	29350000	0	3526	804	5496	spaced
SUPER_5	46619774	46639606	IR	325	.	46629310	0.325	0.780	35	19820	46619774	46621458	46637922	46639612	66738796	46450000	46700000	0	2994	1684	16464	spaced
SUPER_5	41496000	41505965	IR	325	.	41501066	0.325	1.000	26	9917	41496000	41496048	41505917	41505965	66738796	41300000	41550000	338	3349	48	9869	spaced
SUPER_5	60679344	60714127	IR	324	.	60697173	0.324	0.909	307	34809	60679344	60685630	60707841	60714194	66738796	60600000	60850000	0	1612	6286	22211	spaced
SUPER_5	18352571	18390820	IR	324	.	18371200	0.324	0.698	79	38230	18352571	18355995	18387397	18390820	66738796	18300000	18550000	0	1194	3423	31402	spaced
SUPER_5	33792784	33921299	IR	324	.	33857168	0.324	0.965	40	129939	33792784	33793185	33920898	33921300	66738796	33700000	33950000	40	2617	401	127713	wide
SUPER_5	7478251	7511934	IR	324	.	7494862	0.324	0.824	31	33696	7478251	7478641	7511548	7511934	66738796	7300000	7550000	33	3251	386	32907	spaced
SUPER_5	43068108	43192290	IR	324	.	43129979	0.324	0.751	28	124456	43068108	43069216	43191182	43192341	66738796	42950000	43200000	28	3003	1108	121966	wide
SUPER_5	2050955	2060575	IR	324	.	2055442	0.324	0.777	24	9598	2050955	2051899	2059631	2060580	66738796	1850000	2100000	0	3429	944	7732	spaced
SUPER_5	31048752	31213440	IR	324	.	31130997	0.324	0.783	24	164648	31048752	31048788	31213404	31213450	66738796	31000000	31250000	69	2184	36	164616	wide
SUPER_5	9814127	9897298	IR	324	.	9856144	0.324	0.960	21	83123	9814127	9814177	9897250	9897298	66738796	9650000	9900000	0	3428	48	83073	spaced
SUPER_5	24131100	24131161	IR	324	.	24131063	0.324	0.935	21	133223	24131100	24131143	24131118	24131164	66738796	23950000	24200000	325	3018	43	-25	overlap
SUPER_5	24131100	24131161	IR	324	.	24131063	0.324	0.935	21	133223	24131100	24131143	24131118	24131164	66738796	24000000	24250000	325	2185	43	-25	overlap
SUPER_5	24131104	24131164	IR	324	.	24131063	0.324	0.927	21	133223	24131104	24131145	24131126	24131164	66738796	24050000	24300000	205	1352	38	-19	overlap
SUPER_5	33564796	33581889	IR	324	.	33573596	0.324	0.605	20	17055	33564796	33564834	33581851	33581915	66738796	33350000	33600000	0	3722	38	17017	spaced
SUPER_5	15667285	15714866	IR	323	.	15690579	0.323	0.899	168	47197	15667285	15672409	15709742	15714873	66738796	15500000	15750000	0	3184	5124	37333	spaced
SUPER_5	64199740	64204697	IR	323	.	64202455	0.323	0.922	102	4939	64199740	64201177	64203260	64204698	66738796	64000000	64250000	0	3370	1437	2083	spaced
SUPER_5	57287129	57491191	IR	323	.	57389014	0.323	0.834	95	205293	57287129	57290316	57488038	57491191	66738796	57250000	57500000	100	2319	3153	197722	wide
SUPER_5	26336451	26361204	IR	323	.	26348955	0.323	0.891	42	25670	26336451	26337547	26360112	26361204	66738796	26150000	26400000	42	3313	1092	22565	spaced
SUPER_5	48228953	48266810	IR	323	.	48248189	0.323	0.786	42	37324	48228953	48234731	48261091	48266810	66738796	48150000	48400000	0	1631	5719	26360	spaced
SUPER_5	45478619	45602635	IR	323	.	45540858	0.323	0.963	40	124193	45478619	45478782	45602472	45602635	66738796	45400000	45650000	15	2343	163	123690	wide
SUPER_5	37119621	37338077	IR	323	.	37228431	0.323	0.824	28	218437	37119621	37119689	37338021	37338077	66738796	37100000	37350000	0	2147	56	218332	wide
SUPER_5	18128483	18232650	IR	323	.	18180471	0.323	0.842	27	108444	18128483	18129929	18231212	18232650	66738796	18000000	18250000	27	3009	1438	101283	wide
SUPER_5	60017931	60114750	IR	323	.	60066043	0.323	0.548	25	96800	60017931	60018007	60114708	60114750	66738796	59900000	60150000	0	2772	42	96701	spaced
SUPER_5	3896414	3932624	IR	323	.	3914026	0.323	0.900	24	36194	3896414	3897018	3932020	3932627	66738796	3750000	4000000	0	2741	604	35002	spaced
SUPER_5	32158523	32287805	IR	323	.	32223060	0.323	0.618	24	129254	32158523	32158579	32287771	32287805	66738796	32100000	32350000	152	2052	34	129192	wide
SUPER_5	21242976	21343197	IR	322	.	21292844	0.322	0.974	184	134405	21242976	21243284	21342889	21343197	66738796	21200000	21450000	40	1551	308	99605	spaced
SUPER_5	42753506	42764105	IR	322	.	42758432	0.322	0.743	53	10578	42753506	42754730	42762906	42764105	66738796	42650000	42900000	0	1813	1199	8176	spaced
SUPER_5	49415747	49508047	IR	322	.	49461415	0.322	0.734	48	92301	49415747	49417830	49505964	49508066	66738796	49300000	49550000	0	2698	2083	88134	spaced
SUPER_5	8886882	8889616	IR	322	.	8887934	0.322	0.902	34	2712	8886882	8887269	8889257	8889616	66738796	8650000	8900000	0	3970	359	1988	immediate
SUPER_5	46039260	46151157	IR	322	.	46095225	0.322	0.962	32	111847	46039260	46039310	46151107	46151159	66738796	46000000	46250000	433	1586	50	111797	wide
SUPER_5	12680825	12801088	IR	322	.	12740993	0.322	0.960	24	120219	12680825	12680873	12801040	12801090	66738796	12600000	12850000	277	2349	48	120167	wide
SUPER_5	31234970	31284674	IR	322	.	31259795	0.322	0.945	24	49712	31234970	31235206	31284438	31284674	66738796	31050000	31300000	24	3496	236	49232	spaced
SUPER_5	51208715	51260254	IR	321	.	51234820	0.321	0.863	61	51520	51208715	51210152	51258833	51260254	66738796	51100000	51350000	0	2241	1421	48681	spaced
SUPER_5	24430644	24470916	IR	321	.	24450775	0.321	0.957	57	40638	24430644	24431241	24470319	24470920	66738796	24400000	24650000	57	846	597	39078	spaced
SUPER_5	55669278	55721035	IR	321	.	55695524	0.321	0.392	45	51766	55669278	55681303	55709010	55721112	66738796	55550000	55800000	0	2419	12025	27707	spaced
SUPER_5	16890265	16914851	IR	321	.	16902603	0.321	0.894	44	25690	16890265	16891658	16913471	16914851	66738796	16800000	17050000	44	1709	1380	21813	spaced
SUPER_5	56251692	56263815	IR	321	.	56257571	0.321	0.813	43	12462	56251692	56252876	56262645	56263815	66738796	56050000	56300000	47	3462	1170	9769	spaced
SUPER_5	55664341	55669328	IR	321	.	55666824	0.321	0.786	33	4939	55664341	55664385	55669284	55669340	66738796	55450000	55700000	365	3613	44	4899	spaced
SUPER_5	384867	471377	IR	321	.	428375	0.321	0.432	26	84911	384867	386475	469775	471377	66738796	250000	500000	0	2968	1602	83300	spaced
SUPER_5	49350435	49375665	IR	321	.	49363421	0.321	0.575	23	25190	49350435	49350505	49375625	49375665	66738796	49150000	49400000	0	3550	40	25120	spaced
SUPER_5	3998544	4071481	IR	321	.	4034804	0.321	0.559	22	72895	3998544	3998578	4071447	4071507	66738796	3850000	4100000	42	3083	34	72869	spaced
SUPER_5	1642337	1652925	IR	321	.	1647888	0.321	0.600	20	10548	1642337	1642377	1652885	1652953	66738796	1450000	1700000	0	3293	40	10508	spaced
SUPER_5	26672978	26722190	IR	320	.	26697740	0.320	0.850	118	50119	26672978	26675646	26719559	26722190	66738796	26550000	26800000	118	2459	2631	43913	spaced
SUPER_5	66497088	66520464	IR	320	.	66508709	0.320	0.878	46	23891	66497088	66497634	66519918	66520469	66738796	66300000	66550000	46	3479	546	22284	spaced
SUPER_5	59431132	59474430	IR	320	.	59452859	0.320	0.751	44	43320	59431132	59433049	59472550	59474430	66738796	59300000	59550000	44	2546	1880	39501	spaced
SUPER_5	32128248	32140345	IR	320	.	32134472	0.320	0.717	36	12121	32128248	32129049	32139606	32140345	66738796	31900000	32150000	36	3904	739	10557	spaced
SUPER_5	42129456	42193789	IR	320	.	42161561	0.320	0.739	24	64372	42129456	42130622	42192669	42193789	66738796	42050000	42300000	24	1860	1120	62047	spaced
SUPER_5	43604807	43774943	IR	320	.	43690029	0.320	0.945	22	170327	43604807	43605166	43774586	43774943	66738796	43600000	43850000	22	1497	357	169420	wide
SUPER_5	10165348	10176664	IR	319	.	10170929	0.319	0.959	346	11859	10165348	10168323	10173720	10176664	66738796	9950000	10200000	349	3683	2944	5397	spaced
SUPER_5	36370256	36404247	IR	319	.	36386894	0.319	0.902	118	33975	36370256	36371396	36403107	36404253	66738796	36300000	36550000	0	1454	1140	31711	spaced
SUPER_5	17438766	17519423	IR	319	.	17479397	0.319	0.919	94	80658	17438766	17440408	17517781	17519442	66738796	17300000	17550000	0	2984	1642	77373	spaced
SUPER_5	35178570	35201121	IR	319	.	35189300	0.319	0.772	82	22488	35178570	35180254	35199437	35201123	66738796	35000000	35250000	0	3163	1684	19183	spaced
SUPER_5	6251489	6349768	IR	319	.	6300798	0.319	0.877	32	98324	6251489	6251890	6349367	6349785	66738796	6150000	6400000	32	2510	401	97477	spaced
SUPER_5	63610046	63614926	IR	319	.	63612326	0.319	0.965	29	4902	63610046	63610274	63614698	63614926	66738796	63500000	63750000	29	1874	228	4424	spaced
SUPER_5	49712720	49788545	IR	319	.	49750341	0.319	0.798	21	75796	49712720	49713430	49787847	49788545	66738796	49700000	49950000	0	843	698	74417	spaced
SUPER_5	28980853	29003143	IR	319	.	28991627	0.319	0.625	20	22250	28980853	28980919	29003103	29003143	66738796	28850000	29100000	0	2366	40	22184	spaced
SUPER_5	50025407	50031089	IR	318	.	50028276	0.318	0.625	152	5712	50025407	50026894	50029602	50031159	66738796	49900000	50150000	283	2137	1487	2708	spaced
SUPER_5	63517740	63588269	IR	318	.	63553223	0.318	0.879	126	70922	63517740	63518951	63587117	63588269	66738796	63350000	63600000	126	3383	1152	68166	spaced
SUPER_5	36773228	36809439	IR	318	.	36791673	0.318	0.857	47	36181	36773228	36774150	36808517	36809447	66738796	36600000	36850000	0	3188	922	34367	spaced
SUPER_5	29083388	29191527	IR	318	.	29137905	0.318	0.922	43	108124	29083388	29084116	29190799	29191530	66738796	29000000	29250000	0	2290	728	106683	wide
SUPER_5	62324381	62428502	IR	318	.	62376282	0.318	0.782	36	104119	62324381	62325226	62427670	62428502	66738796	62200000	62450000	36	2940	832	102444	wide
SUPER_5	32144582	32158565	IR	318	.	32151687	0.318	0.690	24	13935	32144582	32144622	32158525	32158583	66738796	31950000	32200000	150	3359	40	13903	spaced
SUPER_5	36504658	36568062	IR	318	.	36535953	0.318	0.926	21	63354	36504658	36504712	36568012	36568062	66738796	36350000	36600000	0	3105	50	63300	spaced
SUPER_5	65335189	65460643	IR	318	.	65397587	0.318	0.767	21	125408	65335189	65335235	65460597	65460657	66738796	65250000	65500000	0	2465	46	125362	wide
SUPER_5	57804620	57808601	IR	317	.	57806122	0.317	0.911	40	3939	57804620	57804984	57808237	57808610	66738796	57600000	57850000	0	3443	364	3253	spaced
SUPER_5	47969921	47998503	IR	317	.	47984177	0.317	0.643	35	28530	47969921	47969963	47998461	47998529	66738796	47750000	48000000	377	3903	42	28498	spaced
SUPER_5	12964585	12979499	IR	317	.	12971728	0.317	0.915	34	14870	12964585	12965416	12978668	12979502	66738796	12750000	13000000	0	3700	831	13252	spaced
SUPER_5	26034727	26054053	IR	317	.	26044878	0.317	0.835	32	19329	26034727	26036976	26051804	26054080	66738796	26000000	26250000	0	739	2249	14828	spaced
SUPER_5	31752082	31868815	IR	317	.	31810329	0.317	0.962	30	116685	31752082	31752134	31868765	31868815	66738796	31700000	31950000	438	1840	50	116631	wide
SUPER_5	22065528	22195714	IR	316	.	22130586	0.316	0.909	305	130810	22065528	22068399	22192891	22195714	66738796	21950000	22200000	309	3010	2823	124492	wide
SUPER_5	28547591	28553381	IR	316	.	28550861	0.316	0.991	166	5766	28547591	28548542	28552430	28553387	66738796	28350000	28600000	0	3341	951	3888	spaced
SUPER_5	62465992	62469727	IR	316	.	62468141	0.316	0.986	37	3689	62465992	62466270	62469449	62469727	66738796	62250000	62500000	0	3630	278	3179	spaced
SUPER_5	7710189	7895465	IR	316	.	7803314	0.316	0.839	26	185224	7710189	7710251	7895413	7895465	66738796	7700000	7950000	0	1713	52	185162	wide
SUPER_5	40749138	40759621	IR	316	.	40754357	0.316	0.845	25	10590	40749138	40751097	40757674	40759621	66738796	40550000	40800000	25	3406	1947	6577	spaced
SUPER_5	49832186	49986924	IR	316	.	49909523	0.316	1.000	22	154704	49832186	49832230	49986880	49986924	66738796	49750000	50000000	178	2659	44	154650	wide
SUPER_5	22268962	22310812	IR	315	.	22289716	0.315	0.877	132	43129	22268962	22273206	22306602	22310812	66738796	22100000	22350000	132	3164	4210	33396	spaced
SUPER_5	23124837	23147682	IR	315	.	23135789	0.315	0.894	125	22843	23124837	23128832	23143687	23147704	66738796	22950000	23200000	0	3104	3995	14855	spaced
SUPER_5	45280521	45325758	IR	315	.	45303594	0.315	0.891	58	45205	45280521	45281597	45324698	45325758	66738796	45100000	45350000	0	3385	1060	43101	spaced
SUPER_5	17869157	17978959	IR	315	.	17923940	0.315	0.698	56	110106	17869157	17869996	17978120	17979054	66738796	17800000	18050000	56	2067	839	108124	wide
SUPER_5	27592679	27607712	IR	315	.	27599743	0.315	0.781	25	14983	27592679	27592729	27607662	27607726	66738796	27400000	27650000	0	3336	50	14933	spaced
SUPER_5	9193528	9275987	IR	315	.	9235158	0.315	0.852	20	82413	9193528	9193582	9275941	9275987	66738796	9050000	9300000	0	3079	46	82359	spaced
SUPER_5	63833082	63863789	IR	314	.	63848594	0.314	0.909	352	32734	63833082	63835557	63861314	63863812	66738796	63750000	64000000	390	1640	2475	25757	spaced
SUPER_5	31383422	31388975	IR	314	.	31386256	0.314	0.856	115	6757	31383422	31385002	31387395	31389012	66738796	31150000	31400000	116	3936	1580	2393	spaced
SUPER_5	42937661	42966406	IR	314	.	42951979	0.314	0.786	88	29102	42937661	42940477	42963622	42966406	66738796	42900000	43150000	88	867	2784	23145	spaced
SUPER_5	37774997	37843583	IR	314	.	37809778	0.314	0.818	29	68568	37774997	37778103	37840529	37843583	66738796	37600000	37850000	0	3488	3054	62426	spaced
SUPER_5	6697588	6888376	IR	314	.	6793204	0.314	0.924	27	190936	6697588	6697940	6888026	6888376	66738796	6650000	6900000	27	2382	350	190086	wide
SUPER_5	21348281	21374341	IR	314	.	21361637	0.314	0.967	25	26043	21348281	21348340	21374282	21374343	66738796	21150000	21400000	0	3521	59	25942	spaced
SUPER_5	43410005	43545093	IR	314	.	43477058	0.314	0.808	25	135071	43410005	43412006	43543098	43545093	66738796	43400000	43650000	0	1292	1995	131092	wide
SUPER_5	1961205	1975213	IR	314	.	1968203	0.314	0.840	24	13966	1961205	1961247	1975171	1975221	66738796	1900000	2150000	252	1136	42	13924	spaced
SUPER_5	59959634	60017975	IR	314	.	59989160	0.314	0.571	24	58299	59959634	59959676	60017933	60018007	66738796	59800000	60050000	0	3146	42	58257	spaced
SUPER_5	36568016	36617609	IR	314	.	36592911	0.314	0.880	23	49557	36568016	36568060	36617565	36617615	66738796	36450000	36700000	199	2380	44	49505	spaced
SUPER_5	49986878	50025453	IR	314	.	50006289	0.314	0.958	22	38529	49986878	49986924	50025407	50025455	66738796	49850000	50100000	253	2602	46	38483	spaced
SUPER_5	60977023	61195044	IR	314	.	61085788	0.314	0.957	22	217979	60977023	60977067	61195000	61195046	66738796	60950000	61200000	92	2267	44	217933	wide
SUPER_5	46151103	46309827	IR	314	.	46230868	0.314	0.389	20	158690	46151103	46222299	46238670	46309827	66738796	46100000	46350000	0	2174	71157	16371	spaced
SUPER_5	26060103	26103477	IR	313	.	26081998	0.313	0.931	98	43654	26060103	26061250	26102330	26103477	66738796	25950000	26200000	98	2196	1147	41080	spaced
SUPER_5	16049620	16154160	IR	313	.	16101656	0.313	0.915	26	104797	16049620	16050047	16153733	16154178	66738796	16000000	16250000	24	1698	427	103686	wide
SUPER_5	24131098	24323226	IR	313	.	24227595	0.313	0.676	26	192082	24131098	24131166	24323180	24323226	66738796	24100000	24350000	0	2119	46	192014	wide
SUPER_5	27851831	27951506	IR	313	.	27901972	0.313	0.931	24	99621	27851831	27851885	27951452	27951510	66738796	27750000	28000000	0	2527	54	99567	spaced
SUPER_5	48696668	48772646	IR	313	.	48734151	0.313	0.645	20	75938	48696668	48696708	48772606	48772668	66738796	48650000	48900000	0	1410	40	75898	spaced
SUPER_5	44127530	44149584	IR	312	.	44138316	0.312	0.928	235	23117	44127530	44130217	44146897	44149592	66738796	43950000	44200000	172	3142	2687	16680	spaced
SUPER_5	17274151	17413313	IR	312	.	17343819	0.312	0.842	40	139284	17274151	17274587	17412909	17413313	66738796	17200000	17450000	40	2395	404	138322	wide
SUPER_5	24638026	24766551	IR	312	.	24702627	0.312	0.225	38	128491	24638026	24638066	24766511	24766609	66738796	24550000	24800000	0	2538	40	128445	wide
SUPER_5	35936321	35970892	IR	312	.	35953327	0.312	0.783	32	34553	35936321	35937270	35969955	35970892	66738796	35900000	36150000	0	893	937	32685	spaced
SUPER_5	11985005	12195830	IR	312	.	12090640	0.312	0.690	26	210793	11985005	11985063	12195790	12195830	66738796	11950000	12200000	246	2340	40	210727	wide
SUPER_5	62706718	62753367	IR	312	.	62729576	0.312	0.583	26	46678	62706718	62707913	62752172	62753419	66738796	62600000	62850000	0	2167	1195	44259	spaced
SUPER_5	66383370	66387677	IR	312	.	66385039	0.312	0.906	24	4202	66383370	66383727	66387327	66387677	66738796	66250000	66500000	0	2258	350	3600	spaced
SUPER_5	60205038	60259499	IR	312	.	60232412	0.312	0.957	20	54417	60205038	60205082	60259455	60259501	66738796	60050000	60300000	167	3037	44	54373	spaced
SUPER_5	1114658	1168106	IR	311	.	1141803	0.311	0.814	112	53421	1114658	1116669	1166103	1168106	66738796	1000000	1250000	0	2356	2003	49434	spaced
SUPER_5	21616365	21679919	IR	311	.	21648545	0.311	0.868	51	63535	21616365	21617610	21678716	21679919	66738796	21450000	21700000	0	3302	1203	61106	spaced
SUPER_5	52399908	52406957	IR	311	.	52403645	0.311	0.992	44	7099	52399908	52400153	52406712	52406957	66738796	52200000	52450000	44	3390	245	6559	spaced
SUPER_5	4161926	4226573	IR	311	.	4193895	0.311	0.719	21	64609	4161926	4161972	4226527	4226591	66738796	4050000	4300000	0	2404	46	64555	spaced
SUPER_5	8023429	8029682	IR	311	.	8026058	0.311	0.725	20	6085	8023429	8024309	8028815	8029682	66738796	8000000	8250000	0	442	867	4506	spaced
SUPER_5	41054429	41081342	IR	310	.	41068326	0.310	0.902	75	26903	41054429	41056047	41079724	41081351	66738796	40850000	41100000	0	3631	1618	23677	spaced
SUPER_5	66303907	66345964	IR	310	.	66324655	0.310	0.900	73	42040	66303907	66304872	66345023	66345964	66738796	66200000	66450000	0	2082	941	40151	spaced
SUPER_5	4876153	5053013	IR	310	.	4964189	0.310	0.879	46	176633	4876153	4877920	5051256	5053013	66738796	4850000	5100000	0	1909	1757	173336	wide
SUPER_5	27607662	27661287	IR	310	.	27633970	0.310	0.781	25	53575	27607662	27607726	27661237	27661287	66738796	27450000	27700000	0	3074	50	53511	spaced
SUPER_5	13126248	13314514	IR	310	.	13220539	0.310	0.529	24	188240	13126248	13126310	13314480	13314514	66738796	13100000	13350000	45	2006	34	188170	wide
SUPER_5	56565426	56570222	IR	309	.	56568271	0.309	0.957	46	4773	56565426	56565771	56569887	56570222	66738796	56350000	56600000	0	3630	335	4116	spaced
SUPER_5	38868108	38903005	IR	309	.	38885472	0.309	0.632	33	34851	38868108	38868146	38902967	38903029	66738796	38850000	39100000	357	592	38	34821	spaced
SUPER_5	60259457	60276099	IR	309	.	60267980	0.309	0.846	26	16598	60259457	60259501	60276055	60276107	66738796	60050000	60300000	304	3629	44	16554	spaced
SUPER_5	59397759	59403533	IR	309	.	59400546	0.309	0.943	24	5786	59397759	59398019	59403273	59403533	66738796	59350000	59600000	24	843	260	5254	spaced
SUPER_5	36978459	37118762	IR	308	.	37048650	0.308	0.939	107	141258	36978459	36979484	37117761	37118762	66738796	36900000	37150000	107	2476	1001	138277	wide
SUPER_5	28612443	28641433	IR	308	.	28627405	0.308	0.929	21	28938	28612443	28612495	28641381	28641437	66738796	28400000	28650000	0	3782	52	28886	spaced
SUPER_5	38772179	38775348	IR	308	.	38773563	0.308	0.769	20	3127	38772179	38772219	38775308	38775360	66738796	38550000	38800000	154	3729	40	3089	spaced
SUPER_5	36424773	36504708	IR	307	.	36464594	0.307	0.697	44	79895	36424773	36424839	36504662	36504708	66738796	36300000	36550000	705	2745	46	79823	spaced
SUPER_5	9534111	9537463	IR	307	.	9535528	0.307	0.858	34	3334	9534111	9534455	9537156	9537463	66738796	9300000	9550000	0	3929	307	2701	spaced
SUPER_5	8300431	8487256	IR	307	.	8393916	0.307	0.880	26	186785	8300431	8300481	8487212	8487256	66738796	8250000	8500000	256	2397	44	186731	wide
SUPER_5	42566566	42627977	IR	306	.	42597674	0.306	0.917	231	61393	42566566	42569598	42624955	42627977	66738796	42400000	42650000	0	3287	3022	55357	spaced
SUPER_5	8948754	8957605	IR	306	.	8952832	0.306	0.863	57	8905	8948754	8950076	8956283	8957677	66738796	8900000	9150000	0	886	1322	6207	spaced
SUPER_5	3088172	3165114	IR	306	.	3126906	0.306	0.904	42	76920	3088172	3088721	3164585	3165114	66738796	3000000	3250000	0	2110	529	75864	spaced
SUPER_5	37513680	37569272	IR	306	.	37541668	0.306	0.964	42	55540	37513680	37513736	37569218	37569272	66738796	37400000	37650000	729	2357	54	55482	spaced
SUPER_5	56146281	56228726	IR	306	.	56187690	0.306	0.901	31	82628	56146281	56147092	56227928	56228726	66738796	56050000	56300000	31	2291	798	80836	spaced
SUPER_5	62642832	62648077	IR	306	.	62645941	0.306	0.720	27	4902	62642832	62643562	62647443	62648077	66738796	62500000	62750000	0	2424	634	3881	spaced
SUPER_5	22653508	22670528	IR	305	.	22661823	0.305	0.954	52	17547	22653508	22654027	22670009	22670528	66738796	22550000	22800000	54	1866	519	15982	spaced
SUPER_5	33207659	33245558	IR	305	.	33226291	0.305	0.849	49	37889	33207659	33210509	33242708	33245566	66738796	33150000	33400000	0	1276	2850	32199	spaced
SUPER_5	47998461	48092372	IR	305	.	48045639	0.305	0.900	45	93867	47998461	47998521	48092318	48092372	66738796	47850000	48100000	609	3256	54	93797	spaced
SUPER_5	13871612	13958220	IR	305	.	13915044	0.305	0.556	29	86556	13871612	13871648	13958184	13958248	66738796	13750000	14000000	83	2748	36	86536	spaced
SUPER_5	36882187	36954397	IR	305	.	36918307	0.305	0.667	29	72495	36882187	36882247	36954357	36954397	66738796	36750000	37000000	192	2804	40	72110	spaced
SUPER_5	4400870	4438661	IR	304	.	4420057	0.304	0.789	92	37771	4400870	4402703	4436872	4438661	66738796	4250000	4500000	0	2829	1789	34169	spaced
SUPER_5	53249606	53255900	IR	304	.	53253116	0.304	0.868	32	6272	53249606	53250005	53255501	53255901	66738796	53150000	53400000	0	1712	399	5496	spaced
SUPER_5	26950534	26985876	IR	304	.	26967737	0.304	0.794	25	35328	26950534	26951411	26984999	26985881	66738796	26750000	27000000	0	3636	877	33588	spaced
SUPER_5	54288411	54295810	IR	303	.	54291650	0.303	0.948	160	7376	54288411	54290045	54294176	54295824	66738796	54050000	54300000	0	4035	1634	4131	spaced
SUPER_5	48113312	48183270	IR	303	.	48148402	0.303	1.000	23	69912	48113312	48113358	48183224	48183270	66738796	48000000	48250000	242	2471	46	69866	spaced
SUPER_5	53981409	53985699	IR	302	.	53983204	0.302	0.841	29	4266	53981409	53982362	53984746	53985702	66738796	53800000	54050000	0	3059	953	2384	spaced
SUPER_5	15331033	15484933	IR	302	.	15407981	0.302	0.870	20	153862	15331033	15331073	15484893	15484939	66738796	15300000	15550000	133	1799	40	153820	wide
SUPER_5	50202234	50299018	IR	302	.	50250773	0.302	0.840	20	96744	50202234	50202284	50298976	50299018	66738796	50050000	50300000	169	3343	42	96692	spaced
SUPER_5	3496997	3581114	IR	301	.	3539156	0.301	1.000	28	84065	3496997	3497049	3581062	3581114	66738796	3350000	3600000	430	3150	52	84013	spaced
SUPER_5	25563380	25589554	IR	301	.	25576912	0.301	0.686	26	26126	25563380	25563428	25589506	25589576	66738796	25350000	25600000	0	3774	48	26078	spaced
SUPER_5	33432245	33444497	IR	300	.	33438146	0.300	0.946	151	12844	33432245	33433717	33443037	33444497	66738796	33300000	33550000	145	2306	1460	9320	spaced
SUPER_5	59218187	59223189	IR	300	.	59220768	0.300	0.978	108	5274	59218187	59219017	59222359	59223189	66738796	59200000	59450000	108	344	830	3342	spaced
SUPER_5	62812143	62819149	IR	300	.	62815937	0.300	0.872	60	6910	62812143	62814140	62817229	62819149	66738796	62700000	62950000	0	1927	1920	3089	spaced
SUPER_5	4632476	4674976	IR	299	.	4654163	0.299	0.933	378	42228	4632476	4637911	4669541	4674995	66738796	4450000	4700000	0	3395	5435	31630	spaced
SUPER_5	22671771	22680120	IR	299	.	22675652	0.299	0.937	57	8288	22671771	22672594	22679297	22680123	66738796	22500000	22750000	0	2932	823	6703	spaced
SUPER_5	50981430	51139919	IR	299	.	51060879	0.299	0.760	21	158445	50981430	50981468	51139881	51139931	66738796	50950000	51200000	173	1844	38	158413	wide
SUPER_5	59325385	59332689	IR	298	.	59329453	0.298	0.994	58	7282	59325385	59325731	59332344	59332689	66738796	59250000	59500000	0	1317	345	6613	spaced
SUPER_5	2977058	3015619	IR	298	.	2995996	0.298	0.814	35	38548	2977058	2980100	3012577	3015623	66738796	2900000	3150000	0	1605	3042	32477	spaced
SUPER_5	40067462	40074973	IR	298	.	40071245	0.298	0.618	23	7485	40067462	40067518	40074939	40074973	66738796	39950000	40200000	84	2020	34	7421	spaced
SUPER_5	4700972	4786476	IR	296	.	4743954	0.296	0.871	42	85554	4700972	4701859	4785595	4786476	66738796	4650000	4900000	27	1561	881	83736	spaced
SUPER_5	99456	210778	IR	295	.	155129	0.295	0.966	258	112094	99456	101701	208534	210778	66738796	50000	300000	258	1751	2244	106833	wide
SUPER_5	28910254	28980911	IR	289	.	28945574	0.289	0.963	31	70605	28910254	28910306	28980859	28980913	66738796	28750000	29000000	480	3259	52	70553	spaced
SUPER_6	51402298	51405941	IR	784	.	51404118	0.784	0.973	332	4048	51402298	51403876	51404363	51405947	65959058	51300000	51550000	346	1735	1578	487	immediate
SUPER_6	33482440	33485627	IR	692	.	33484068	0.692	0.870	72	6596	33482440	33483552	33484584	33485627	65959058	33300000	33550000	72	3067	1043	1032	immediate
SUPER_6	8463406	8464554	IR	680	.	8463980	0.680	0.996	94	4288	8463406	8463891	8464069	8464554	65959058	8300000	8550000	102	2732	485	178	immediate
SUPER_6	30671526	30699202	IR	672	.	30685071	0.672	0.727	268	27524	30671526	30685025	30685713	30699202	65959058	30450000	30700000	0	3922	13489	688	immediate
SUPER_6	59963142	59965588	IR	669	.	59964365	0.669	0.992	124	2766	59963142	59963788	59964942	59965588	65959058	59850000	60100000	124	1905	646	1154	immediate
SUPER_6	46455674	46457862	IR	638	.	46456768	0.638	0.950	68	2717	46455674	46456295	46457241	46457862	65959058	46300000	46550000	68	2612	621	946	immediate
SUPER_6	2734669	2736692	IR	635	.	2735682	0.635	0.978	138	2429	2734669	2735518	2735844	2736692	65959058	2550000	2800000	138	3094	848	326	immediate
SUPER_6	25493756	25499654	IR	631	.	25496308	0.631	0.695	46	5865	25493756	25496705	25496708	25499654	65959058	25250000	25500000	0	4111	2946	3	immediate
SUPER_6	39039809	39041122	IR	600	.	39040476	0.600	0.916	60	44711	39039809	39040366	39040586	39041122	65959058	38850000	39100000	60	3174	536	220	immediate
SUPER_6	15162580	15164066	IR	577	.	15163323	0.577	0.871	56	2363	15162580	15162983	15163698	15164066	65959058	14950000	15200000	69	3555	368	715	immediate
SUPER_6	29797655	29801299	IR	563	.	29799477	0.563	0.917	174	4190	29797655	29799037	29799917	29801300	65959058	29650000	29900000	183	2491	1382	880	immediate
SUPER_6	63456332	63459159	IR	558	.	63457791	0.558	0.939	67	3177	63456332	63457182	63458309	63459172	65959058	63250000	63500000	68	3462	850	1127	immediate
SUPER_6	22453097	22467346	IR	545	.	22459957	0.545	0.520	34	14281	22453097	22459869	22460574	22467397	65959058	22250000	22500000	0	3503	6772	705	immediate
SUPER_6	24223536	24388670	IR	516	.	24306172	0.516	0.405	103	166492	24223536	24305606	24306600	24388721	65959058	24200000	24450000	110	1768	82070	994	immediate
SUPER_6	48392889	48394814	IR	513	.	48393852	0.513	0.999	174	2159	48392889	48393680	48394024	48394814	65959058	48150000	48400000	174	4064	790	344	immediate
SUPER_6	64802457	64804071	IR	511	.	64803269	0.511	0.953	40	80688	64802457	64802808	64803720	64804081	65959058	64650000	64900000	40	2554	351	912	immediate
SUPER_6	54369317	54371205	IR	497	.	54370261	0.497	0.967	101	2132	54369317	54370043	54370480	54371205	65959058	54150000	54400000	101	3670	725	437	immediate
SUPER_6	8992635	8994165	IR	494	.	8993400	0.494	0.774	24	21306	8992635	8993254	8993553	8994165	65959058	8950000	9200000	25	723	612	299	immediate
SUPER_6	30252385	30470844	IR	483	.	30361638	0.483	0.907	207	218916	30252385	30254785	30468451	30470844	65959058	30250000	30500000	208	1860	2393	213666	wide
SUPER_6	64167174	64169251	IR	483	.	64168578	0.483	0.907	96	2055	64167174	64168135	64168300	64169251	65959058	63950000	64200000	0	3636	951	165	immediate
SUPER_6	30168449	30198715	IR	479	.	30183791	0.479	0.554	65	30155	30168449	30176761	30190403	30198715	65959058	29950000	30200000	95	3892	8312	13642	spaced
SUPER_6	7670493	7673805	IR	478	.	7672150	0.478	0.936	50	3363	7670493	7671361	7672939	7673805	65959058	7500000	7750000	50	2869	866	1578	immediate
SUPER_6	18484507	18629463	IR	472	.	18557374	0.472	0.394	30	144920	18484507	18493480	18620505	18629463	65959058	18400000	18650000	0	2616	8958	127025	wide
SUPER_6	33393558	33395415	IR	471	.	33394487	0.471	0.978	130	2047	33393558	33394378	33394595	33395416	65959058	33200000	33450000	131	3241	820	217	immediate
SUPER_6	60821501	60823364	IR	463	.	60822443	0.463	0.915	47	2051	60821501	60822236	60822629	60823390	65959058	60750000	61000000	47	1207	735	393	immediate
SUPER_6	14418410	14631730	IR	461	.	14524839	0.461	0.690	27	213276	14418410	14418450	14631690	14631748	65959058	14400000	14650000	219	2084	40	213240	wide
SUPER_6	5372641	5373821	IR	456	.	5373238	0.456	0.919	62	61121	5372641	5373134	5373328	5373835	65959058	5250000	5500000	62	2053	493	194	immediate
SUPER_6	45110295	45126144	IR	454	.	45118092	0.454	0.505	79	16143	45110295	45114083	45122405	45126144	65959058	44950000	45200000	79	2803	3739	8322	spaced
SUPER_6	26896260	26902804	IR	447	.	26899630	0.447	0.832	28	6931	26896260	26897711	26901353	26902858	65959058	26750000	27000000	28	2492	1451	3642	spaced
SUPER_6	47500163	47503264	IR	444	.	47501716	0.444	0.912	83	3482	47500163	47501359	47502068	47503269	65959058	47300000	47550000	83	3361	1196	709	immediate
SUPER_6	65195346	65286499	IR	444	.	65241330	0.444	0.706	25	91105	65195346	65195394	65286451	65286519	65959058	65100000	65350000	0	2348	48	91057	spaced
SUPER_6	25025008	25082732	IR	443	.	25053663	0.443	0.905	83	59254	25025008	25025354	25082386	25082734	65959058	24950000	25200000	20	1731	346	57032	spaced
SUPER_6	42060727	42091826	IR	437	.	42076128	0.437	0.889	65	31826	42060727	42063152	42089401	42091832	65959058	41850000	42100000	65	3771	2425	26249	spaced
SUPER_6	26386853	26389693	IR	436	.	26388268	0.436	0.963	56	3072	26386853	26387283	26389264	26389693	65959058	26250000	26500000	59	2304	429	1981	immediate
SUPER_6	4751009	4757869	IR	436	.	4754393	0.436	0.531	28	6885	4751009	4753316	4755562	4757869	65959058	4700000	4950000	28	907	2307	2246	spaced
SUPER_6	30859717	30948794	IR	434	.	30904190	0.434	0.813	556	101727	30859717	30893105	30915471	30948794	65959058	30850000	31100000	558	904	33323	22366	spaced
SUPER_6	26351551	26353273	IR	434	.	26352412	0.434	0.991	66	6604	26351551	26351901	26352924	26353273	65959058	26250000	26500000	67	1706	349	1023	immediate
SUPER_6	38338134	38341593	IR	427	.	38340195	0.427	0.801	29	3390	38338134	38339044	38340683	38341638	65959058	38100000	38350000	0	3997	910	1639	immediate
SUPER_6	9602187	9605633	IR	424	.	9603481	0.424	0.984	43	3426	9602187	9602552	9605268	9605633	65959058	9400000	9650000	0	3398	365	2716	spaced
SUPER_6	9606858	9608805	IR	419	.	9607831	0.419	0.889	39	2112	9606858	9607656	9608007	9608833	65959058	9400000	9650000	39	3463	798	351	immediate
SUPER_6	3716096	3824446	IR	416	.	3770487	0.416	0.778	22	108304	3716096	3716138	3824404	3824458	65959058	3650000	3900000	143	2004	42	108266	wide
SUPER_6	16277312	16473513	IR	415	.	16375811	0.415	0.908	45	196182	16277312	16278661	16472170	16473513	65959058	16250000	16500000	0	2090	1343	193509	wide
SUPER_6	2896069	2900454	IR	414	.	2898267	0.414	0.878	158	4606	2896069	2898036	2898487	2900525	65959058	2700000	2950000	158	3304	1967	451	immediate
SUPER_6	4555104	4623036	IR	411	.	4589470	0.411	0.882	329	68007	4555104	4562037	4616103	4623128	65959058	4400000	4650000	0	3151	6933	54066	spaced
SUPER_6	18055831	18264226	IR	410	.	18159583	0.410	0.906	73	208376	18055831	18057450	18262644	18264226	65959058	18050000	18300000	0	1833	1582	205194	wide
SUPER_6	22228963	22411580	IR	410	.	22320100	0.410	0.733	29	182581	22228963	22229023	22411536	22411580	65959058	22200000	22450000	316	2004	44	182513	wide
SUPER_6	24810544	24907009	IR	409	.	24859237	0.409	0.893	155	96466	24810544	24812839	24904714	24907036	65959058	24800000	25050000	0	979	2295	91875	spaced
SUPER_6	36840617	36853453	IR	408	.	36847008	0.408	0.502	68	12919	36840617	36846194	36847876	36853500	65959058	36750000	37000000	75	1617	5577	1682	immediate
SUPER_6	50591730	50733252	IR	407	.	50662236	0.407	0.781	24	141482	50591730	50591794	50733202	50733252	65959058	50500000	50750000	0	2708	50	141408	wide
SUPER_6	27734497	27900824	IR	406	.	27817639	0.406	0.805	21	166618	27734497	27735230	27900095	27900824	65959058	27700000	27950000	21	1960	729	164865	wide
SUPER_6	27324845	27370272	IR	405	.	27347178	0.405	0.633	37	45396	27324845	27326611	27368506	27370284	65959058	27250000	27500000	0	1625	1766	41895	spaced
SUPER_6	28728518	28809052	IR	405	.	28768746	0.405	0.823	29	80779	28728518	28730373	28807209	28809052	65959058	28650000	28900000	29	1979	1843	76836	spaced
SUPER_6	62508204	62548982	IR	403	.	62528110	0.403	0.858	65	40772	62508204	62512496	62544690	62548996	65959058	62350000	62600000	0	2976	4292	32194	spaced
SUPER_6	13063114	13231449	IR	402	.	13146916	0.402	0.643	24	168297	13063114	13063156	13231407	13231475	65959058	13050000	13300000	0	1621	42	168251	wide
SUPER_6	31169099	31180766	IR	402	.	31174951	0.402	0.536	20	11655	31169099	31172280	31177601	31180766	65959058	31150000	31400000	20	415	3165	5321	spaced
SUPER_6	974583	975700	IR	400	.	975142	0.400	0.948	34	12302	974583	975046	975237	975701	65959058	950000	1200000	34	418	463	191	immediate
SUPER_6	45842791	45868627	IR	397	.	45855351	0.397	0.727	27	25792	45842791	45842857	45868579	45868627	65959058	45650000	45900000	0	3428	48	25722	spaced
SUPER_6	56020842	56023704	IR	396	.	56021784	0.396	0.560	28	2707	56020842	56022300	56022284	56023704	65959058	55850000	56100000	0	2871	1420	-16	overlap
SUPER_6	37041145	37083610	IR	394	.	37062304	0.394	0.852	30	42907	37041145	37043189	37081573	37083610	65959058	36850000	37100000	30	3539	2037	38384	spaced
SUPER_6	58278056	58401499	IR	393	.	58339816	0.393	0.976	173	124006	58278056	58279217	58400343	58401499	65959058	58200000	58450000	173	2329	1156	121126	wide
SUPER_6	18281360	18296029	IR	393	.	18288975	0.393	0.915	71	14660	18281360	18281956	18295433	18296045	65959058	18150000	18400000	0	2311	596	13477	spaced
SUPER_6	63876794	64021695	IR	392	.	63948908	0.392	0.850	58	144879	63876794	63878419	64020129	64021695	65959058	63800000	64050000	0	2487	1566	141710	wide
SUPER_6	65062358	65071156	IR	392	.	65066738	0.392	0.815	28	8758	65062358	65062412	65071112	65071156	65959058	64900000	65150000	357	2779	44	8700	spaced
SUPER_6	37208908	37296922	IR	392	.	37253441	0.392	0.793	27	88066	37208908	37209712	37296118	37296998	65959058	37150000	37400000	0	1715	804	86406	spaced
SUPER_6	4675246	4715035	IR	391	.	4694978	0.391	0.849	71	39875	4675246	4675806	4714487	4715035	65959058	4650000	4900000	71	752	548	38681	spaced
SUPER_6	41350905	41580347	IR	390	.	41465957	0.390	0.393	29	129908	41350905	41450439	41480813	41580347	65959058	41350000	41600000	0	1926	99534	30374	spaced
SUPER_6	10404234	10404301	IR	388	.	10404419	0.388	0.979	23	3843	10404234	10404280	10404255	10404302	65959058	10200000	10450000	383	3404	46	-25	overlap
SUPER_6	10404234	10404301	IR	388	.	10404419	0.388	0.979	23	3843	10404234	10404280	10404255	10404302	65959058	10300000	10550000	383	1737	46	-25	overlap
SUPER_6	10404234	10404301	IR	388	.	10404419	0.388	0.979	23	3843	10404234	10404280	10404255	10404302	65959058	10350000	10600000	383	904	46	-25	overlap
SUPER_6	10404242	10404304	IR	388	.	10404419	0.388	0.927	21	3843	10404242	10404283	10404266	10404304	65959058	10250000	10500000	174	2571	38	-17	overlap
SUPER_6	50198246	50273106	IR	387	.	50236090	0.387	0.897	57	74782	50198246	50199356	50272046	50273106	65959058	50050000	50300000	0	3094	1060	72690	spaced
SUPER_6	11257419	11371465	IR	387	.	11314071	0.387	0.962	20	113996	11257419	11257471	11371415	11371465	65959058	11200000	11450000	0	1907	50	113944	wide
SUPER_6	47197234	47229553	IR	385	.	47213071	0.385	0.526	22	32281	47197234	47197304	47229515	47229553	65959058	47000000	47250000	0	3556	38	32211	spaced
SUPER_6	38392550	38401350	IR	383	.	38397351	0.383	0.912	56	8746	38392550	38393711	38400200	38401350	65959058	38300000	38550000	0	1615	1150	6489	spaced
SUPER_6	13606459	13740390	IR	383	.	13673241	0.383	0.880	22	133889	13606459	13606509	13740346	13740390	65959058	13500000	13750000	251	2890	44	133837	wide
SUPER_6	37615546	37758683	IR	382	.	37686727	0.382	0.761	110	141890	37615546	37618718	37755519	37758683	65959058	37550000	37800000	0	2285	3164	136801	wide
SUPER_6	42527192	42644020	IR	381	.	42585738	0.381	0.838	21	117809	42527192	42529111	42642101	42644020	65959058	42450000	42700000	21	2259	1919	112990	wide
SUPER_6	22606965	22834508	IR	380	.	22720718	0.380	0.840	20	227503	22606965	22607015	22834466	22834508	65959058	22600000	22850000	151	2012	42	227451	wide
SUPER_6	47648832	47651954	IR	379	.	47650397	0.379	0.957	97	3229	47648832	47649437	47651357	47651954	65959058	47550000	47800000	99	1673	597	1920	immediate
SUPER_6	51010482	51169026	IR	379	.	51089482	0.379	0.830	44	158404	51010482	51011775	51167829	51169026	65959058	50950000	51200000	0	2329	1197	156054	wide
SUPER_6	51557136	51743329	IR	379	.	51650108	0.379	0.611	26	186163	51557136	51557196	51743293	51743329	65959058	51550000	51800000	184	1670	36	186097	wide
SUPER_6	54609369	54732826	IR	376	.	54670696	0.376	0.879	30	123399	54609369	54609427	54732768	54732834	65959058	54600000	54850000	0	1184	58	123341	wide
SUPER_6	31880962	31939605	IR	376	.	31909816	0.376	0.571	25	58601	31880962	31881036	31939563	31939605	65959058	31750000	32000000	0	2671	42	58527	spaced
SUPER_6	57233163	57352785	IR	376	.	57292745	0.376	0.885	25	119622	57233163	57233209	57352739	57352791	65959058	57150000	57400000	254	2382	46	119530	wide
SUPER_6	65486531	65486591	IR	376	.	65486749	0.376	0.951	21	81130	65486531	65486570	65486552	65486593	65959058	65350000	65600000	195	2275	39	-18	overlap
SUPER_6	65486533	65486595	IR	376	.	65486749	0.376	1.000	21	81130	65486533	65486574	65486554	65486595	65959058	65400000	65650000	261	1442	41	-20	overlap
SUPER_6	142311	181311	IR	375	.	162240	0.375	0.889	196	38931	142311	148423	175258	181311	65959058	100000	350000	0	1030	6053	26835	spaced
SUPER_6	15910655	15914693	IR	375	.	15912846	0.375	0.860	40	4156	15910655	15910954	15914394	15914711	65959058	15700000	15950000	54	3544	299	3440	spaced
SUPER_6	21830992	21886318	IR	375	.	21858197	0.375	0.676	30	55276	21830992	21831042	21886268	21886342	65959058	21650000	21900000	0	3477	50	55226	spaced
SUPER_6	2917892	2917963	IR	374	.	2917924	0.374	0.980	24	64936	2917892	2917941	2917914	2917964	65959058	2750000	3000000	527	2798	49	-27	overlap
SUPER_6	2917892	2917964	IR	374	.	2917924	0.374	0.980	24	64936	2917892	2917942	2917915	2917964	65959058	2800000	3050000	524	1965	49	-27	overlap
SUPER_6	58678586	58838030	IR	374	.	58757969	0.374	0.840	24	159477	58678586	58679190	58837426	58838081	65959058	58600000	58850000	0	2638	604	158236	wide
SUPER_6	2917902	2917966	IR	374	.	2917924	0.374	0.907	23	64934	2917902	2917945	2917927	2917966	65959058	2850000	3100000	254	1132	39	-18	overlap
SUPER_6	570223	572230	IR	373	.	571239	0.373	0.963	92	2154	570223	570982	571475	572230	65959058	450000	700000	92	2020	755	493	immediate
SUPER_6	37533093	37556884	IR	372	.	37544485	0.372	0.550	25	23751	37533093	37533165	37556844	37556884	65959058	37350000	37600000	0	3249	40	23679	spaced
SUPER_6	10999942	11052002	IR	372	.	11025489	0.372	0.766	23	52046	10999942	11001220	11050724	11052009	65959058	10900000	11150000	0	2099	1278	49504	spaced
SUPER_6	2067393	2070676	IR	371	.	2069461	0.371	0.771	29	3229	2067393	2067447	2070622	2070692	65959058	1950000	2200000	0	1983	54	3175	spaced
SUPER_6	48062927	48141638	IR	370	.	48102394	0.370	0.907	62	82293	48062927	48063420	48141145	48141649	65959058	48050000	48300000	63	871	493	77725	spaced
SUPER_6	21361362	21519647	IR	370	.	21440430	0.370	0.758	39	158237	21361362	21361428	21519597	21519647	65959058	21300000	21550000	743	2341	50	158169	wide
SUPER_6	26688865	26800903	IR	370	.	26744598	0.370	0.941	31	112019	26688865	26688933	26800839	26800903	65959058	26600000	26850000	0	2414	64	111906	wide
SUPER_6	12047177	12196556	IR	369	.	12122352	0.369	0.849	83	149357	12047177	12049170	12194641	12196556	65959058	11950000	12200000	0	2864	1915	145471	wide
SUPER_6	44794399	44814233	IR	369	.	44804365	0.369	0.734	66	20918	44794399	44800480	44808729	44814233	65959058	44750000	45000000	66	904	5504	8249	spaced
SUPER_6	15351440	15449334	IR	369	.	15399969	0.369	0.848	38	97895	15351440	15353689	15447085	15449353	65959058	15250000	15500000	0	2506	2249	93396	spaced
SUPER_6	56895339	57047570	IR	368	.	56970996	0.368	0.460	241	151703	56895339	56948037	56994872	57047654	65959058	56850000	57100000	0	2024	52698	46835	spaced
SUPER_6	7847369	7898783	IR	368	.	7872914	0.368	0.919	182	52165	7847369	7849413	7896739	7898783	65959058	7650000	7900000	182	3717	2044	47326	spaced
SUPER_6	13231411	13423357	IR	368	.	13327032	0.368	0.875	28	191890	13231411	13231475	13423301	13423357	65959058	13200000	13450000	0	2122	56	191826	wide
SUPER_6	44239515	44241326	IR	367	.	44240421	0.367	0.986	147	2044	44239515	44240314	44240527	44241326	65959058	44000000	44250000	147	4006	799	213	immediate
SUPER_6	61894038	61928014	IR	367	.	61910641	0.367	0.895	39	33908	61894038	61894106	61927946	61928022	65959058	61800000	62050000	0	1850	68	33840	spaced
SUPER_6	55701432	55779162	IR	367	.	55740395	0.367	0.885	26	77688	55701432	55701484	55779116	55779162	65959058	55650000	55900000	314	1504	46	77632	spaced
SUPER_6	7927443	7929542	IR	365	.	7928847	0.365	0.981	126	2069	7927443	7928450	7928535	7929542	65959058	7700000	7950000	0	3808	1007	85	immediate
SUPER_6	56696460	56802742	IR	365	.	56750084	0.365	0.808	43	106262	56696460	56701352	56797935	56802742	65959058	56600000	56850000	0	2493	4807	96583	spaced
SUPER_6	6743985	6869791	IR	365	.	6806744	0.365	0.857	35	126040	6743985	6744944	6868832	6869811	65959058	6650000	6900000	35	2614	959	123888	wide
SUPER_6	37482527	37484669	IR	365	.	37483734	0.365	0.880	21	2102	37482527	37482577	37484625	37484669	65959058	37250000	37500000	210	3893	44	2048	spaced
SUPER_6	40104356	40311333	IR	365	.	40207832	0.365	0.840	21	206970	40104356	40104406	40311291	40311333	65959058	40100000	40350000	165	1797	42	206885	wide
SUPER_6	48961098	49120663	IR	364	.	49040669	0.364	0.843	44	159890	48961098	48961920	49119857	49120663	65959058	48950000	49200000	44	1514	806	157937	wide
SUPER_6	10404236	10509204	IR	364	.	10456937	0.364	0.926	33	104920	10404236	10404290	10509154	10509204	65959058	10300000	10550000	351	2611	50	104864	wide
SUPER_6	57642056	57765938	IR	364	.	57704151	0.364	0.584	31	124166	57642056	57643413	57764581	57766013	65959058	57600000	57850000	31	1733	1357	121168	wide
SUPER_6	7006420	7177168	IR	364	.	7092198	0.364	0.724	22	170706	7006420	7006462	7177126	7177184	65959058	6950000	7200000	0	2363	42	170664	wide
SUPER_6	7177126	7224304	IR	363	.	7200300	0.363	0.829	35	47138	7177126	7177184	7224246	7224316	65959058	7000000	7250000	0	3345	58	47062	spaced
SUPER_6	52753284	52997084	IR	363	.	52874956	0.363	0.759	30	243761	52753284	52753342	52997040	52997084	65959058	52750000	53000000	400	2086	44	243698	wide
SUPER_6	38523001	38597319	IR	363	.	38560529	0.363	0.790	25	74299	38523001	38526210	38594137	38597319	65959058	38400000	38650000	0	2669	3182	67927	spaced
SUPER_6	21189754	21361392	IR	363	.	21275996	0.363	0.553	20	171600	21189754	21189792	21361354	21361422	65959058	21150000	21400000	0	2092	38	171562	wide
SUPER_6	25162236	25327150	IR	362	.	25244692	0.362	0.399	59	165806	25162236	25242372	25247014	25327212	65959058	25100000	25350000	59	2411	80136	4642	spaced
SUPER_6	39757064	39762567	IR	362	.	39759819	0.362	0.605	22	5837	39757064	39759388	39760243	39762571	65959058	39600000	39850000	23	2663	2324	855	immediate
SUPER_6	47229515	47336368	IR	362	.	47283370	0.362	0.690	22	106815	47229515	47229555	47336328	47336386	65959058	47200000	47450000	0	1382	40	106773	wide
SUPER_6	5700002	5733979	IR	361	.	5717284	0.361	0.763	34	33937	5700002	5700078	5733921	5733979	65959058	5700000	5950000	0	283	58	33843	spaced
SUPER_6	8311301	8432001	IR	360	.	8371954	0.360	0.401	63	120660	8311301	8348974	8394328	8432011	65959058	8200000	8450000	0	2860	37673	45354	spaced
SUPER_6	15635132	15645314	IR	360	.	15640606	0.360	0.974	31	10158	15635132	15635397	15645049	15645314	65959058	15550000	15800000	0	1503	265	9652	spaced
SUPER_6	6454675	6458043	IR	360	.	6456368	0.360	0.763	30	3381	6454675	6455838	6456909	6458043	65959058	6350000	6600000	36	1772	1134	1071	immediate
SUPER_6	51528295	51557180	IR	360	.	51543055	0.360	0.676	30	28835	51528295	51528345	51557130	51557204	65959058	51350000	51600000	0	3212	50	28785	spaced
SUPER_6	9169540	9298562	IR	359	.	9233554	0.359	0.972	36	128919	9169540	9169970	9298132	9298562	65959058	9050000	9300000	0	3067	430	128162	wide
SUPER_6	64808056	64816053	IR	358	.	64811858	0.358	1.000	34	7973	64808056	64808108	64816001	64816053	65959058	64750000	65000000	352	1034	52	7893	spaced
SUPER_6	62779547	62917498	IR	356	.	62848532	0.356	0.910	27	138032	62779547	62779980	62917065	62917505	65959058	62700000	62950000	27	2475	433	137085	wide
SUPER_6	10111070	10339288	IR	356	.	10225489	0.356	0.394	25	228174	10111070	10177258	10273186	10339288	65959058	10100000	10350000	0	2086	66102	95928	spaced
SUPER_6	28402659	28576008	IR	356	.	28488891	0.356	0.933	24	173303	28402659	28402715	28575952	28576012	65959058	28350000	28600000	0	2322	56	173237	wide
SUPER_6	14226686	14287858	IR	356	.	14257044	0.356	0.829	23	61177	14226686	14227499	14287045	14287865	65959058	14200000	14450000	23	954	813	59546	spaced
SUPER_6	22995295	23015371	IR	356	.	23005360	0.356	0.831	21	20138	22995295	22996356	23014310	23015429	65959058	22900000	23150000	21	1755	1061	17954	spaced
SUPER_6	35626596	35742479	IR	355	.	35684743	0.355	0.391	30	81069	35626596	35661405	35707670	35742541	65959058	35550000	35800000	116	2242	34809	46265	spaced
SUPER_6	58408859	58507018	IR	354	.	58457546	0.354	0.525	23	98121	58408859	58408899	58506978	58507052	65959058	58400000	58650000	0	965	40	98079	spaced
SUPER_6	34480416	34656419	IR	353	.	34567940	0.353	0.396	91	175984	34480416	34549017	34587824	34656419	65959058	34450000	34700000	0	1973	68595	38807	spaced
SUPER_6	17032372	17077807	IR	353	.	17055355	0.353	0.413	38	45397	17032372	17032468	17077761	17077807	65959058	16850000	17100000	0	3418	46	45293	spaced
SUPER_6	38705461	38906118	IR	353	.	38805391	0.353	0.250	36	200619	38705461	38705501	38906078	38906174	65959058	38700000	38950000	0	1763	40	200577	wide
SUPER_6	26209586	26300782	IR	353	.	26255467	0.353	0.773	21	91174	26209586	26213522	26296915	26300782	65959058	26100000	26350000	0	2586	3867	83393	spaced
SUPER_6	55064920	55258873	IR	352	.	55162041	0.352	0.931	133	194159	55064920	55066343	55257464	55258873	65959058	55050000	55300000	133	1864	1409	191121	wide
SUPER_6	8245065	8248467	IR	352	.	8247021	0.352	0.874	55	3339	8245065	8245877	8247678	8248467	65959058	8000000	8250000	0	4112	789	1801	immediate
SUPER_6	55004279	55064751	IR	352	.	55034936	0.352	0.834	40	60419	55004279	55006251	55062779	55064760	65959058	54850000	55100000	0	3075	1972	56528	spaced
SUPER_6	62193459	62319074	IR	352	.	62256675	0.352	0.926	24	125565	62193459	62193513	62319024	62319074	65959058	62100000	62350000	0	2604	50	125511	wide
SUPER_6	7476033	7610509	IR	352	.	7543319	0.352	0.756	22	134447	7476033	7476078	7610475	7610509	65959058	7450000	7700000	120	1554	34	134397	wide
SUPER_6	1091830	1218575	IR	350	.	1154730	0.350	0.797	107	126723	1091830	1093850	1216555	1218580	65959058	1000000	1250000	0	2586	2020	122705	wide
SUPER_6	19378593	19526774	IR	350	.	19452865	0.350	0.815	75	150737	19378593	19379635	19525732	19526858	65959058	19300000	19550000	76	2544	1042	146097	wide
SUPER_6	61454405	61548312	IR	350	.	61501282	0.350	0.884	31	93959	61454405	61454822	61547895	61548343	65959058	61350000	61600000	31	2522	417	93073	spaced
SUPER_6	27412207	27455514	IR	349	.	27433761	0.349	0.920	360	44446	27412207	27416357	27451364	27455534	65959058	27350000	27600000	369	1397	4150	35007	spaced
SUPER_6	61630524	61733828	IR	349	.	61681940	0.349	0.924	71	103470	61630524	61631587	61732765	61733831	65959058	61550000	61800000	76	2202	1063	101178	wide
SUPER_6	33662553	33782364	IR	349	.	33722857	0.349	0.854	52	119793	33662553	33663785	33781229	33782364	65959058	33550000	33800000	0	2874	1135	117444	wide
SUPER_6	5985368	6108163	IR	349	.	6046993	0.349	0.905	50	122799	5985368	5986028	6107505	6108163	65959058	5900000	6150000	34	2445	658	121477	wide
SUPER_6	41808478	41876315	IR	349	.	41841991	0.349	0.870	50	67782	41808478	41811139	41873667	41876315	65959058	41800000	42050000	0	706	2648	62528	spaced
SUPER_6	41580261	41626068	IR	349	.	41603391	0.349	0.000	29	45717	41580261	41580341	41626051	41626068	65959058	41500000	41750000	28	1719	17	45710	spaced
SUPER_6	62702211	62778462	IR	349	.	62740139	0.349	0.717	28	76306	62702211	62702729	62777944	62778513	65959058	62650000	62900000	29	1505	518	75215	spaced
SUPER_6	41017940	41045800	IR	349	.	41032098	0.349	1.000	23	27812	41017940	41017984	41045756	41045800	65959058	40800000	41050000	144	3864	44	27772	spaced
SUPER_6	44044395	44189087	IR	348	.	44116896	0.348	0.968	58	144771	44044395	44044858	44188624	44189087	65959058	43950000	44200000	58	2778	463	143766	wide
SUPER_6	47735390	47756762	IR	348	.	47745643	0.348	0.512	45	21402	47735390	47741703	47750449	47756819	65959058	47650000	47900000	0	1601	6313	8746	spaced
SUPER_6	11686478	11873551	IR	348	.	11779555	0.348	0.675	35	187019	11686478	11686558	11873497	11873551	65959058	11650000	11900000	0	2166	54	186939	wide
SUPER_6	62113364	62193509	IR	348	.	62153361	0.348	0.852	28	80101	62113364	62113418	62193463	62193509	65959058	61950000	62200000	380	3390	46	80045	spaced
SUPER_6	26842392	26858201	IR	348	.	26850587	0.348	0.900	27	15744	26842392	26843118	26857475	26858203	65959058	26650000	26900000	0	3338	726	14357	spaced
SUPER_6	27661055	27708345	IR	348	.	27684630	0.348	0.724	25	47256	27661055	27661113	27708303	27708345	65959058	27500000	27750000	172	3078	42	47190	spaced
SUPER_6	33986204	34046812	IR	348	.	34016340	0.348	0.769	22	60576	33986204	33986256	34046772	34046812	65959058	33800000	34050000	127	3608	40	60516	spaced
SUPER_6	14063090	14146711	IR	347	.	14104950	0.347	0.946	92	83581	14063090	14063606	14146201	14146711	65959058	13950000	14200000	208	2581	510	82595	spaced
SUPER_6	60331047	60460002	IR	347	.	60395276	0.347	0.880	67	129173	60331047	60331656	60459393	60460002	65959058	60250000	60500000	8	2425	609	127737	wide
SUPER_6	35421179	35457231	IR	347	.	35439691	0.347	0.896	48	36059	35421179	35422350	35456060	35457278	65959058	35400000	35650000	0	653	1171	33710	spaced
SUPER_6	13794220	13873510	IR	347	.	13833403	0.347	0.933	39	79247	13794220	13794951	13872779	13873524	65959058	13750000	14000000	0	1397	731	77828	spaced
SUPER_6	56649941	56681657	IR	347	.	56665860	0.347	0.618	22	31690	56649941	56649997	56681623	56681657	65959058	56500000	56750000	40	2763	34	31626	spaced
SUPER_6	52753280	52753346	IR	347	.	52753318	0.347	1.000	21	24246	52753280	52753325	52753301	52753346	65959058	52550000	52800000	363	3388	45	-24	overlap
SUPER_6	52753280	52753344	IR	347	.	52753318	0.347	0.956	21	24246	52753280	52753325	52753301	52753344	65959058	52650000	52900000	357	1721	43	-24	overlap
SUPER_6	52753280	52753346	IR	347	.	52753318	0.347	1.000	21	24246	52753280	52753325	52753301	52753346	65959058	52700000	52950000	363	888	45	-24	overlap
SUPER_6	61325244	61332935	IR	347	.	61329194	0.347	0.917	20	7649	61325244	61325292	61332891	61332935	65959058	61200000	61450000	149	2151	44	7599	spaced
SUPER_6	44548453	44601074	IR	346	.	44574437	0.346	0.933	76	52574	44548453	44549454	44600073	44601086	65959058	44400000	44650000	0	2912	1001	50619	spaced
SUPER_6	37921817	37956000	IR	346	.	37938685	0.346	0.859	52	34392	37921817	37923943	37953874	37956010	65959058	37900000	38150000	52	648	2126	29931	spaced
SUPER_6	5815803	5881537	IR	346	.	5848403	0.346	0.444	23	65743	5815803	5830586	5866754	5881590	65959058	5650000	5900000	0	3311	14783	36168	spaced
SUPER_6	47538810	47554730	IR	345	.	47546773	0.345	0.948	186	16422	47538810	47540539	47553016	47554730	65959058	47350000	47600000	186	3279	1714	12477	spaced
SUPER_6	24638533	24781130	IR	345	.	24709849	0.345	0.792	32	142654	24638533	24639764	24779919	24781130	65959058	24550000	24800000	32	2663	1211	140155	wide
SUPER_6	33858273	33956793	IR	344	.	33907757	0.344	0.953	95	98761	33858273	33859065	33956002	33956793	65959058	33850000	34100000	87	958	791	96937	spaced
SUPER_6	61152263	61202996	IR	344	.	61177358	0.344	0.938	43	50714	61152263	61153322	61201941	61202996	65959058	61000000	61250000	0	2960	1055	48619	spaced
SUPER_6	60923806	61077841	IR	344	.	61000425	0.344	0.481	30	154016	60923806	60928859	61072798	61077841	65959058	60900000	61150000	0	1680	5043	143939	wide
SUPER_6	42891545	42941725	IR	344	.	42916584	0.344	0.800	29	91930	42891545	42891595	42941685	42941725	65959058	42750000	43000000	138	2777	40	50090	spaced
SUPER_6	62319024	62351240	IR	344	.	62334797	0.344	0.962	22	32166	62319024	62319074	62351190	62351242	65959058	62150000	62400000	0	3085	50	32116	spaced
SUPER_6	64170239	64197297	IR	344	.	64184050	0.344	0.500	21	27022	64170239	64170277	64197259	64197331	65959058	64000000	64250000	0	3062	38	26982	spaced
SUPER_6	20414942	20430417	IR	343	.	20422764	0.343	0.947	70	15539	20414942	20415699	20429660	20430427	65959058	20400000	20650000	70	377	757	13961	spaced
SUPER_6	36132075	36292574	IR	343	.	36212677	0.343	0.824	54	159045	36132075	36137358	36287293	36292574	65959058	36050000	36300000	0	2705	5281	149935	wide
SUPER_6	20981654	21059367	IR	343	.	21020991	0.343	0.805	36	77696	20981654	20981736	21059301	21059367	65959058	20850000	21100000	0	2841	66	77565	spaced
SUPER_6	3502312	3709822	IR	343	.	3606145	0.343	0.656	30	207478	3502312	3502376	3709780	3709822	65959058	3500000	3750000	204	1767	42	207404	wide
SUPER_6	11101683	11176755	IR	343	.	11138932	0.343	0.147	28	75038	11101683	11101717	11176721	11176809	65959058	10950000	11200000	0	3153	34	75004	spaced
SUPER_6	46740731	46872385	IR	342	.	46806303	0.342	0.915	116	131656	46740731	46742242	46870874	46872406	65959058	46650000	46900000	0	2609	1511	128632	wide
SUPER_6	56218067	56393946	IR	342	.	56305810	0.342	0.774	41	175827	56218067	56218115	56393898	56393960	65959058	56200000	56450000	659	1766	48	175783	wide
SUPER_6	32902226	33084870	IR	342	.	32993521	0.342	0.706	38	182661	32902226	32902274	33084822	33084890	65959058	32850000	33100000	506	2392	48	182548	wide
SUPER_6	4765131	4828625	IR	342	.	4796984	0.342	0.968	26	63526	4765131	4765318	4828438	4828625	65959058	4700000	4950000	39	1614	187	63120	spaced
SUPER_6	3860418	4095045	IR	342	.	3978064	0.342	0.727	24	234588	3860418	3860473	4095005	4095045	65959058	3850000	4100000	0	2128	40	234532	wide
SUPER_6	10684056	10818001	IR	342	.	10750624	0.342	0.750	24	133897	10684056	10684120	10817953	10818001	65959058	10650000	10900000	0	1683	48	133833	wide
SUPER_6	36506053	36536237	IR	342	.	36521278	0.342	0.725	24	30223	36506053	36508632	36533658	36536286	65959058	36500000	36750000	24	352	2579	25026	spaced
SUPER_6	29108414	29270928	IR	342	.	29190105	0.342	0.412	22	162480	29108414	29108484	29270894	29270928	65959058	29100000	29350000	0	1494	34	162410	wide
SUPER_6	40581780	40686637	IR	342	.	40633720	0.342	0.821	20	104811	40581780	40581826	40686591	40686647	65959058	40550000	40800000	0	1403	46	104765	wide
SUPER_6	52385432	52464101	IR	341	.	52424811	0.341	0.948	42	241973	52385432	52386022	52463512	52464101	65959058	52300000	52550000	42	2079	589	77490	spaced
SUPER_6	39667560	39690262	IR	341	.	39678430	0.341	0.969	32	22640	39667560	39667622	39690200	39690264	65959058	39650000	39900000	0	481	62	22578	spaced
SUPER_6	11176733	11251437	IR	341	.	11214110	0.341	0.600	31	74674	11176733	11176801	11251397	11251437	65959058	11050000	11300000	274	2734	40	74596	spaced
SUPER_6	53885391	54011296	IR	340	.	53948732	0.340	0.840	52	125882	53885391	53886897	54009869	54011296	65959058	53800000	54050000	0	2472	1427	122972	wide
SUPER_6	35620101	35623327	IR	340	.	35621390	0.340	0.970	37	3198	35620101	35620493	35622936	35623327	65959058	35400000	35650000	0	3695	391	2443	spaced
SUPER_6	19204575	19293065	IR	340	.	19249102	0.340	0.914	36	88351	19204575	19205475	19292165	19293068	65959058	19100000	19350000	0	2480	900	86690	spaced
SUPER_6	52473674	52479757	IR	340	.	52476606	0.340	0.802	31	53673	52473674	52474275	52479156	52479760	65959058	52350000	52600000	31	2111	601	4881	spaced
SUPER_6	51828499	51886070	IR	340	.	51857522	0.340	0.955	21	57543	51828499	51828879	51885691	51886070	65959058	51750000	52000000	0	1787	379	56812	spaced
SUPER_6	48467570	48488694	IR	339	.	48477924	0.339	0.949	199	21378	48467570	48469185	48487079	48488694	65959058	48250000	48500000	207	3802	1615	17894	spaced
SUPER_6	51438110	51471612	IR	339	.	51454391	0.339	0.863	133	33452	51438110	51439999	51469723	51471702	65959058	51250000	51500000	0	3414	1889	29724	spaced
SUPER_6	46237172	46304607	IR	339	.	46270920	0.339	0.942	109	67887	46237172	46238139	46303640	46304627	65959058	46100000	46350000	109	2848	967	65501	spaced
SUPER_6	63025424	63038102	IR	339	.	63032095	0.339	0.861	70	12655	63025424	63026337	63037242	63038102	65959058	62850000	63100000	0	3029	860	10905	spaced
SUPER_6	52635948	52753342	IR	339	.	52694333	0.339	0.914	35	117330	52635948	52636012	52753278	52753348	65959058	52550000	52800000	0	2410	64	117266	wide
SUPER_6	49748097	49830541	IR	339	.	49789385	0.339	0.934	29	82611	49748097	49748400	49830242	49830541	65959058	49650000	49900000	29	2321	299	81842	spaced
SUPER_6	13423301	13606511	IR	339	.	13514434	0.339	0.966	25	183154	13423301	13423357	13606455	13606513	65959058	13400000	13650000	0	1914	56	183098	wide
SUPER_6	19737400	19804445	IR	339	.	19770691	0.339	1.000	24	179836	19737400	19737417	19804428	19804445	65959058	19650000	19900000	1	2015	17	67011	spaced
SUPER_6	15752416	15877487	IR	338	.	15814486	0.338	0.848	426	124910	15752416	15761408	15868495	15877518	65959058	15650000	15900000	0	2749	8992	107087	wide
SUPER_6	17361363	17485413	IR	338	.	17423726	0.338	0.957	144	124033	17361363	17363007	17483771	17485413	65959058	17250000	17500000	0	2889	1642	120764	wide
SUPER_6	23648340	23699129	IR	338	.	23673533	0.338	0.947	134	224325	23648340	23649422	23698079	23699129	65959058	23550000	23800000	134	2062	1050	48657	spaced
SUPER_6	49151033	49159851	IR	338	.	49155912	0.338	0.930	132	8804	49151033	49152584	49158300	49159857	65959058	48950000	49200000	0	3423	1551	5716	spaced
SUPER_6	23134991	23346691	IR	338	.	23241035	0.338	0.889	76	212866	23134991	23135860	23345879	23346691	65959058	23100000	23350000	76	2347	812	210019	wide
SUPER_6	5225848	5269090	IR	338	.	5247311	0.338	0.894	74	43596	5225848	5227140	5267851	5269090	65959058	5050000	5300000	77	3291	1239	40711	spaced
SUPER_6	55577978	55696663	IR	338	.	55637165	0.338	0.838	49	118834	55577978	55579478	55695163	55696751	65959058	55550000	55800000	49	1455	1500	115685	wide
SUPER_6	32166370	32260608	IR	338	.	32213843	0.338	0.797	37	94171	32166370	32167743	32259265	32260608	65959058	32150000	32400000	0	1058	1343	91522	spaced
SUPER_6	64197261	64358447	IR	338	.	64277402	0.338	0.771	32	161132	64197261	64197331	64358393	64358447	65959058	64150000	64400000	0	2130	54	161062	wide
SUPER_6	61773230	61894104	IR	338	.	61833897	0.338	1.000	26	120814	61773230	61773274	61894060	61894104	65959058	61650000	61900000	48	3060	44	120786	wide
SUPER_6	45975409	46097485	IR	338	.	46036757	0.338	0.657	25	122030	45975409	45975479	46097439	46097485	65959058	45850000	46100000	0	3107	46	121960	wide
SUPER_6	31611194	31643225	IR	338	.	31626912	0.338	0.909	24	32007	31611194	31611878	31642541	31643228	65959058	31550000	31800000	0	1286	684	30663	spaced
SUPER_6	10881921	10975110	IR	338	.	10928988	0.338	0.828	23	93184	10881921	10882984	10974047	10975123	65959058	10750000	11000000	0	2975	1063	91063	spaced
SUPER_6	65071112	65088144	IR	338	.	65079627	0.338	0.957	23	16990	65071112	65071156	65088100	65088146	65959058	64900000	65150000	231	2993	44	16944	spaced
SUPER_6	29317555	29336641	IR	337	.	29327182	0.337	0.882	107	19702	29317555	29319478	29334718	29336685	65959058	29200000	29450000	109	2118	1923	15240	spaced
SUPER_6	8590704	8659367	IR	337	.	8624956	0.337	0.795	43	68693	8590704	8590992	8659136	8659367	65959058	8550000	8800000	66	1250	231	68144	spaced
SUPER_6	3153929	3326190	IR	337	.	3239771	0.337	0.788	25	172209	3153929	3153995	3326138	3326190	65959058	3100000	3350000	0	2334	52	172143	wide
SUPER_6	23913181	23960878	IR	336	.	23936844	0.336	0.817	103	48058	23913181	23915274	23958785	23960996	65959058	23800000	24050000	106	2283	2093	43511	spaced
SUPER_6	13957836	14018497	IR	336	.	13987886	0.336	0.912	77	60644	13957836	13959466	14016893	14018497	65959058	13850000	14100000	0	2302	1604	57427	spaced
SUPER_6	57168010	57215857	IR	336	.	57191963	0.336	0.824	37	68245	57168010	57169641	57214226	57215858	65959058	57050000	57300000	37	2365	1631	44585	spaced
SUPER_6	47681372	47721515	IR	336	.	47701064	0.336	0.649	33	40006	47681372	47682488	47720399	47721518	65959058	47600000	47850000	0	1690	1116	37911	spaced
SUPER_6	7688698	7773545	IR	336	.	7730621	0.336	0.938	29	84787	7688698	7688762	7773485	7773545	65959058	7550000	7800000	0	3018	60	84723	spaced
SUPER_6	14151273	14173329	IR	336	.	14162110	0.336	0.899	27	22101	14151273	14151571	14173042	14173329	65959058	14150000	14400000	27	204	287	21471	spaced
SUPER_6	16605533	16711907	IR	336	.	16658995	0.336	0.575	22	106334	16605533	16605603	16711867	16711907	65959058	16600000	16850000	0	978	40	106264	wide
SUPER_6	12910464	12912606	IR	336	.	12911520	0.336	0.825	20	9387	12910464	12911098	12911972	12912609	65959058	12700000	12950000	22	3525	634	874	immediate
SUPER_6	28869565	29043218	IR	335	.	28956051	0.335	0.945	29	173636	28869565	28869893	29042890	29043218	65959058	28800000	29050000	0	2606	328	172997	wide
SUPER_6	63699775	63825811	IR	335	.	63763169	0.335	0.850	29	126040	63699775	63700350	63825236	63825842	65959058	63600000	63850000	0	2713	575	124886	wide
SUPER_6	50733204	50789564	IR	335	.	50761430	0.335	0.885	25	56310	50733204	50733250	50789518	50789570	65959058	50600000	50850000	297	2689	46	56268	spaced
SUPER_6	16019210	16077721	IR	335	.	16048191	0.335	0.833	24	58493	16019210	16019833	16077122	16077721	65959058	15900000	16150000	0	2474	599	57289	spaced
SUPER_6	2998575	3153977	IR	335	.	3076068	0.335	0.778	23	155356	2998575	2998617	3153935	3153989	65959058	2950000	3200000	208	2104	42	155318	wide
SUPER_6	40476948	40502415	IR	335	.	40489912	0.335	1.000	20	25425	40476948	40476984	40502379	40502415	65959058	40400000	40650000	12	1494	36	25395	spaced
SUPER_6	25852714	25901275	IR	334	.	25876505	0.334	0.954	687	48565	25852714	25861014	25892975	25901332	65959058	25750000	26000000	0	2116	8300	31961	spaced
SUPER_6	59341302	59429157	IR	334	.	59385311	0.334	0.970	150	87987	59341302	59342428	59428031	59429158	65959058	59200000	59450000	150	3087	1126	85603	spaced
SUPER_6	25537750	25572166	IR	334	.	25554920	0.334	0.908	127	35004	25537750	25540020	25569896	25572178	65959058	25400000	25650000	127	2582	2270	29876	spaced
SUPER_6	26099769	26146221	IR	334	.	26123313	0.334	0.859	40	46424	26099769	26101029	26144976	26146221	65959058	25900000	26150000	0	3716	1245	43947	spaced
SUPER_6	33084812	33189551	IR	334	.	33136725	0.334	0.375	31	104699	33084812	33084898	33189511	33189551	65959058	33000000	33250000	0	2286	40	104613	wide
SUPER_6	11472616	11587722	IR	334	.	11529806	0.334	0.777	30	114733	11472616	11479594	11580744	11587821	65959058	11450000	11700000	0	1336	6978	101150	wide
SUPER_6	64557247	64681035	IR	334	.	64619584	0.334	0.342	29	123750	64557247	64557331	64680997	64681035	65959058	64500000	64750000	0	1985	38	123666	wide
SUPER_6	21059309	21120724	IR	334	.	21090311	0.334	0.966	23	61359	21059309	21059365	21120668	21120726	65959058	20900000	21150000	0	3166	56	61303	spaced
SUPER_6	43386413	43496591	IR	334	.	43441055	0.334	0.628	22	110150	43386413	43386601	43496403	43496603	65959058	43250000	43500000	0	3191	188	109802	wide
SUPER_6	49539086	49652682	IR	334	.	49595552	0.334	0.619	22	113554	49539086	49539156	49652640	49652682	65959058	49450000	49700000	0	2431	42	113484	wide
SUPER_6	12223969	12240064	IR	333	.	12232433	0.333	0.928	279	16075	12223969	12227102	12236933	12240064	65959058	12000000	12250000	0	3866	3131	9831	spaced
SUPER_6	2474629	2585236	IR	333	.	2530257	0.333	0.897	71	110634	2474629	2475878	2583987	2585281	65959058	2450000	2700000	0	1332	1249	108109	wide
SUPER_6	1804493	1948974	IR	333	.	1876903	0.333	0.902	41	144989	1804493	1804921	1948572	1948974	65959058	1800000	2050000	41	1278	402	143651	wide
SUPER_6	53059502	53107851	IR	333	.	53083180	0.333	0.491	34	48299	53059502	53059816	53107631	53107851	65959058	53050000	53300000	0	561	220	47815	spaced
SUPER_6	64718171	64788773	IR	333	.	64753794	0.333	0.801	28	70182	64718171	64721343	64785611	64788773	65959058	64600000	64850000	0	2557	3162	64268	spaced
SUPER_6	20731518	20745811	IR	333	.	20738954	0.333	0.800	27	14302	20731518	20734006	20743323	20745848	65959058	20500000	20750000	0	3977	2488	9317	spaced
SUPER_6	43610384	43639282	IR	333	.	43624465	0.333	0.933	27	28842	43610384	43610444	43639226	43639282	65959058	43500000	43750000	0	2080	56	28782	spaced
SUPER_6	11873497	11970168	IR	333	.	11921332	0.333	0.867	26	96619	11873497	11873549	11970116	11970176	65959058	11750000	12000000	0	2863	52	96567	spaced
SUPER_6	27975501	27988204	IR	333	.	27982212	0.333	0.830	25	12625	27975501	27977566	27986164	27988204	65959058	27750000	28000000	0	3864	2040	8598	spaced
SUPER_6	50363625	50591780	IR	333	.	50477985	0.333	0.781	24	228105	50363625	50363675	50591730	50591794	65959058	50350000	50600000	0	2128	50	228055	wide
SUPER_6	62019137	62081570	IR	333	.	62050014	0.333	0.629	24	62389	62019137	62019181	62081526	62081596	65959058	61950000	62200000	0	1672	44	62345	spaced
SUPER_6	48437486	48446066	IR	332	.	48442203	0.332	0.871	81	8537	48437486	48438899	48444683	48446066	65959058	48200000	48450000	0	4029	1383	5784	spaced
SUPER_6	321675	392999	IR	332	.	357131	0.332	0.954	77	72590	321675	322505	392169	392999	65959058	200000	450000	77	2622	830	69664	spaced
SUPER_6	44353567	44487802	IR	332	.	44420178	0.332	0.901	33	134215	44353567	44354998	44486371	44487802	65959058	44350000	44600000	0	1177	1431	131373	wide
SUPER_6	32817017	32822262	IR	331	.	32819469	0.331	0.994	272	5628	32817017	32818370	32820909	32822262	65959058	32650000	32900000	274	2827	1353	2539	spaced
SUPER_6	25819307	25852242	IR	331	.	25836127	0.331	0.904	152	32905	25819307	25820866	25850749	25852242	65959058	25650000	25900000	0	3096	1493	29883	spaced
SUPER_6	10519088	10523589	IR	331	.	10521329	0.331	0.760	73	4731	10519088	10519922	10522782	10523589	65959058	10400000	10650000	73	2022	807	2860	spaced
SUPER_6	987958	1023523	IR	331	.	1005420	0.331	0.839	59	35548	987958	989399	1022171	1023523	65959058	900000	1150000	0	1762	1352	32772	spaced
SUPER_6	52155963	52174429	IR	331	.	52165418	0.331	0.857	58	21379	52155963	52158353	52172095	52174429	65959058	52000000	52250000	58	2753	2334	13742	spaced
SUPER_6	42437013	42465756	IR	331	.	42451258	0.331	0.828	29	29759	42437013	42438622	42464149	42465756	65959058	42400000	42650000	29	856	1607	25527	spaced
SUPER_6	3426128	3502336	IR	331	.	3463751	0.331	0.206	27	76174	3426128	3426162	3502302	3502386	65959058	3400000	3650000	0	1070	34	76140	spaced
SUPER_6	22049743	22160046	IR	331	.	22104439	0.331	0.806	24	110255	22049743	22049805	22159996	22160046	65959058	21950000	22200000	0	2581	50	110191	wide
SUPER_6	4369103	4542393	IR	330	.	4455642	0.330	0.960	255	177876	4369103	4370934	4540574	4542393	65959058	4300000	4550000	269	2595	1819	169640	wide
SUPER_6	55402653	55453779	IR	330	.	55428237	0.330	0.950	62	51169	55402653	55403509	55452923	55453779	65959058	55250000	55500000	62	2970	856	49414	spaced
SUPER_6	53604455	53661459	IR	330	.	53632513	0.330	0.793	38	57031	53604455	53608488	53657426	53661538	65959058	53450000	53700000	0	3049	4033	48938	spaced
SUPER_6	1297238	1396051	IR	330	.	1347040	0.330	0.889	37	98804	1297238	1297983	1395306	1396059	65959058	1150000	1400000	0	3277	745	97323	spaced
SUPER_6	14868854	14889742	IR	330	.	14879243	0.330	0.920	34	20936	14868854	14869166	14889448	14889742	65959058	14700000	14950000	34	2988	294	20282	spaced
SUPER_6	51989464	52092789	IR	330	.	52041464	0.330	0.706	27	103277	51989464	51989532	52092741	52092789	65959058	51850000	52100000	0	3185	48	103209	wide
SUPER_6	54563302	54565535	IR	330	.	54564233	0.330	0.815	24	2191	54563302	54563356	54565491	54565535	65959058	54350000	54600000	255	3573	44	2135	spaced
SUPER_6	13740344	13742553	IR	330	.	13741940	0.330	0.962	21	2175	13740344	13740394	13742503	13742555	65959058	13650000	13900000	0	1524	50	2109	spaced
SUPER_6	17895517	18001323	IR	330	.	17947980	0.330	0.500	21	105770	17895517	17895553	18001287	18001355	65959058	17800000	18050000	0	2473	36	105734	wide
SUPER_6	7224248	7224314	IR	330	.	7224269	0.330	1.000	20	74430	7224248	7224293	7224269	7224314	65959058	7050000	7300000	362	2904	45	-24	overlap
SUPER_6	17270726	17293462	IR	329	.	17281644	0.329	0.903	145	22585	17270726	17272638	17291550	17293495	65959058	17050000	17300000	0	3868	1912	18912	spaced
SUPER_6	750555	899644	IR	329	.	825051	0.329	0.820	83	149450	750555	751344	898855	899695	65959058	650000	900000	97	2918	789	147511	wide
SUPER_6	23478093	23561417	IR	329	.	23519838	0.329	0.898	77	83929	23478093	23479057	23560486	23561417	65959058	23350000	23600000	77	2829	931	81429	spaced
SUPER_6	37760211	37790194	IR	329	.	37774959	0.329	0.929	32	29997	37760211	37760550	37789864	37790194	65959058	37550000	37800000	31	3753	330	29314	spaced
SUPER_6	31717545	31847223	IR	329	.	31782749	0.329	0.686	27	129630	31717545	31717615	31847175	31847223	65959058	31600000	31850000	0	3039	48	129560	wide
SUPER_6	7261985	7476074	IR	329	.	7368760	0.329	0.821	25	214043	7261985	7262031	7476028	7476084	65959058	7250000	7500000	0	1983	46	213997	wide
SUPER_6	60119257	60226425	IR	329	.	60173257	0.329	0.575	24	107128	60119257	60119327	60226385	60226425	65959058	60000000	60250000	0	2880	40	107058	wide
SUPER_6	6687317	6715107	IR	329	.	6701241	0.329	0.799	23	27887	6687317	6688335	6714089	6715198	65959058	6550000	6800000	23	2520	1018	25754	spaced
SUPER_6	45593615	45626116	IR	328	.	45609434	0.328	0.551	164	26192	45593615	45606802	45612929	45626131	65959058	45450000	45700000	0	2664	13187	6127	spaced
SUPER_6	39366224	39517320	IR	328	.	39441598	0.328	0.929	108	151306	39366224	39367358	39516186	39517334	65959058	39350000	39600000	111	1529	1134	148828	wide
SUPER_6	28151317	28338027	IR	328	.	28244695	0.328	0.956	103	187231	28151317	28152162	28337195	28338027	65959058	28100000	28350000	103	2411	832	185033	wide
SUPER_6	17839452	17881807	IR	328	.	17861041	0.328	0.839	62	41429	17839452	17844311	17876956	17881807	65959058	17750000	18000000	0	1843	4851	32645	spaced
SUPER_6	56393890	56483488	IR	328	.	56438272	0.328	0.714	38	89540	56393890	56393974	56483428	56483488	65959058	56250000	56500000	0	3144	60	89454	spaced
SUPER_6	4329629	4367325	IR	328	.	4348253	0.328	0.586	35	37672	4329629	4332788	4364209	4367325	65959058	4250000	4500000	11	1641	3116	31421	spaced
SUPER_6	11627854	11686522	IR	328	.	11657003	0.328	0.639	29	58626	11627854	11627890	11686486	11686544	65959058	11500000	11750000	124	2619	36	58596	spaced
SUPER_6	44879586	45047954	IR	328	.	44964100	0.328	0.129	28	168337	44879586	44879617	45047923	45048004	65959058	44800000	45050000	0	2729	31	168306	wide
SUPER_6	37855167	37868231	IR	328	.	37862096	0.328	0.758	27	13014	37855167	37855217	37868181	37868247	65959058	37650000	37900000	0	3528	50	12964	spaced
SUPER_6	14631684	14669660	IR	328	.	14650331	0.328	0.500	24	37938	14631684	14631756	14669622	14669660	65959058	14600000	14850000	0	844	38	37866	spaced
SUPER_6	57352739	57437740	IR	328	.	57395402	0.328	0.880	23	84959	57352739	57352789	57437696	57437740	65959058	57200000	57450000	213	3253	44	84907	spaced
SUPER_6	45295385	45359898	IR	328	.	45327846	0.328	0.808	20	64465	45295385	45295427	45359856	45359908	65959058	45150000	45400000	140	2960	42	64429	spaced
SUPER_6	65575826	65742432	IR	328	.	65659418	0.328	0.889	20	166558	65575826	65575880	65742384	65742432	65959058	65550000	65800000	0	1818	48	166504	wide
SUPER_6	24558489	24607060	IR	327	.	24582449	0.327	0.834	104	46735	24558489	24565543	24600006	24607082	65959058	24400000	24650000	0	3046	7054	34463	spaced
SUPER_6	27059052	27113129	IR	327	.	27085900	0.327	0.901	52	56572	27059052	27059831	27112360	27113129	65959058	27000000	27250000	55	1434	769	52529	spaced
SUPER_6	27632942	27647271	IR	327	.	27639672	0.327	0.815	37	14312	27632942	27637716	27642497	27647283	65959058	27400000	27650000	0	4001	4774	4781	spaced
SUPER_6	33553979	33584668	IR	327	.	33569303	0.327	0.964	37	30878	33553979	33554253	33584394	33584668	65959058	33450000	33700000	37	1988	274	30141	spaced
SUPER_6	38099232	38181202	IR	327	.	38139716	0.327	0.838	31	81992	38099232	38099596	38180838	38181244	65959058	38050000	38300000	0	1503	364	81242	spaced
SUPER_6	37484625	37533145	IR	327	.	37508733	0.327	0.759	26	48470	37484625	37484669	37533101	37533159	65959058	37300000	37550000	292	3481	44	48432	spaced
SUPER_6	46133194	46181152	IR	327	.	46157118	0.327	0.811	25	47959	46133194	46134372	46179974	46181153	65959058	46000000	46250000	25	2619	1178	45602	spaced
SUPER_6	32408867	32461842	IR	327	.	32435437	0.327	0.633	24	52937	32408867	32408905	32461804	32461864	65959058	32250000	32500000	105	3089	38	52899	spaced
SUPER_6	5501447	5693258	IR	327	.	5597714	0.327	0.893	23	191761	5501447	5501497	5693208	5693264	65959058	5450000	5700000	0	2455	50	191711	wide
SUPER_6	44768526	44793960	IR	327	.	44780955	0.327	0.842	22	25177	44768526	44769281	44793212	44793960	65959058	44750000	45000000	0	520	748	23931	spaced
SUPER_6	4926307	5110595	IR	327	.	5018204	0.327	0.905	20	184254	4926307	4926328	5110576	5110595	65959058	4900000	5150000	7	1974	19	184248	wide
SUPER_6	54374374	54442100	IR	326	.	54408608	0.326	0.902	159	67760	54374374	54378006	54438468	54442155	65959058	54200000	54450000	0	3470	3632	60462	spaced
SUPER_6	26429516	26518902	IR	326	.	26474437	0.326	0.837	137	233646	26429516	26431576	26516842	26518946	65959058	26350000	26600000	137	2070	2060	85266	spaced
SUPER_6	2935508	2989941	IR	326	.	2962609	0.326	0.856	135	54733	2935508	2937000	2988531	2989941	65959058	2900000	3150000	150	1045	1410	51531	spaced
SUPER_6	24908037	24965711	IR	326	.	24936468	0.326	0.890	82	57703	24908037	24908972	24964776	24965759	65959058	24900000	25150000	0	614	935	55804	spaced
SUPER_6	62582952	62587592	IR	326	.	62584857	0.326	0.851	52	4675	62582952	62583310	62587234	62587649	65959058	62350000	62600000	0	3921	358	3924	spaced
SUPER_6	19004482	19058374	IR	326	.	19031546	0.326	0.831	50	54262	19004482	19005626	19057284	19058374	65959058	18900000	19150000	52	2190	1090	51658	spaced
SUPER_6	49332015	49539130	IR	326	.	49435950	0.326	0.629	23	207071	49332015	49332059	49539086	49539156	65959058	49300000	49550000	0	2259	44	207027	wide
SUPER_6	20119910	20297396	IR	326	.	20208236	0.326	0.793	22	177446	20119910	20119968	20297350	20297396	65959058	20050000	20300000	0	2644	46	177382	wide
SUPER_6	48556160	48761460	IR	326	.	48658983	0.326	0.960	22	205252	48556160	48556208	48761412	48761462	65959058	48550000	48800000	272	1813	48	205204	wide
SUPER_6	8016419	8222698	IR	325	.	8119631	0.325	0.412	71	206520	8016419	8041769	8197348	8222755	65959058	8000000	8250000	71	1992	25350	155579	wide
SUPER_6	34717605	34890615	IR	325	.	34804046	0.325	0.829	49	173606	34717605	34718532	34889688	34890623	65959058	34650000	34900000	57	2568	927	171156	wide
SUPER_6	29954772	29966084	IR	325	.	29960427	0.325	0.830	39	11329	29954772	29956117	29964765	29966084	65959058	29850000	30100000	39	1840	1319	8648	spaced
SUPER_6	20758117	20783069	IR	325	.	20770403	0.325	0.962	28	24902	20758117	20758169	20783019	20783069	65959058	20550000	20800000	362	3676	50	24850	spaced
SUPER_6	35839626	35994712	IR	325	.	35916895	0.325	0.782	28	155075	35839626	35844270	35990068	35994722	65959058	35750000	36000000	0	2786	4644	145798	wide
SUPER_6	65540698	65575870	IR	325	.	65558273	0.325	0.870	20	35130	65540698	65540738	65575830	65575876	65959058	65500000	65750000	142	971	40	35092	spaced
SUPER_6	49949730	50147233	IR	324	.	50048579	0.324	0.923	170	197853	49949730	49952673	50144292	50147233	65959058	49900000	50150000	170	2474	2941	191619	wide
SUPER_6	38906095	39006545	IR	324	.	38956509	0.324	0.812	52	100429	38906095	38906164	39006489	39006545	65959058	38800000	39050000	1104	2605	56	100325	wide
SUPER_6	23966512	24031574	IR	324	.	23999114	0.324	0.708	35	65189	23966512	23968113	24029979	24031574	65959058	23950000	24200000	35	817	1595	61866	spaced
SUPER_6	466947	536278	IR	324	.	501523	0.324	0.915	30	69348	466947	467369	535856	536293	65959058	450000	700000	32	860	422	68487	spaced
SUPER_6	53866532	53870595	IR	324	.	53868873	0.324	0.936	30	4044	53866532	53866892	53870235	53870595	65959058	53700000	53950000	0	2809	360	3343	spaced
SUPER_6	40795945	40902671	IR	324	.	40849188	0.324	0.905	29	106747	40795945	40796212	40902404	40902683	65959058	40700000	40950000	29	2488	267	106192	wide
SUPER_6	38678329	38699113	IR	324	.	38689077	0.324	0.809	28	20686	38678329	38679339	38698151	38699113	65959058	38450000	38700000	0	3978	962	18812	spaced
SUPER_6	47015674	47197290	IR	324	.	47106710	0.324	0.875	27	181562	47015674	47015716	47197248	47197296	65959058	46950000	47200000	130	2607	42	181532	wide
SUPER_6	65486531	65499754	IR	324	.	65493540	0.324	0.697	23	13177	65486531	65486597	65499708	65499754	65959058	65250000	65500000	0	4052	46	13111	spaced
SUPER_6	33314905	33361157	IR	324	.	33338105	0.324	0.840	22	46210	33314905	33314955	33361115	33361157	65959058	33150000	33400000	240	3133	42	46160	spaced
SUPER_6	45359854	45373069	IR	324	.	45366457	0.324	0.731	21	13184	45359854	45359906	45373031	45373069	65959058	45150000	45400000	109	3607	38	13125	spaced
SUPER_6	65770203	65827658	IR	324	.	65799287	0.324	0.688	21	57411	65770203	65770267	65827614	65827658	65959058	65600000	65850000	0	3315	44	57347	spaced
SUPER_6	27178626	27261770	IR	323	.	27220233	0.323	0.949	246	84316	27178626	27181519	27258877	27261790	65959058	27050000	27300000	246	2836	2893	77358	spaced
SUPER_6	63552416	63564097	IR	323	.	63558739	0.323	0.824	85	11655	63552416	63556540	63559984	63564097	65959058	63550000	63800000	0	137	4113	3444	spaced
SUPER_6	53815504	53842196	IR	323	.	53829340	0.323	0.425	30	26717	53815504	53815544	53842156	53842238	65959058	53600000	53850000	0	3814	40	26612	spaced
SUPER_6	10550404	10561576	IR	323	.	10555953	0.323	0.768	29	12940	10550404	10554191	10557789	10561635	65959058	10450000	10700000	29	1766	3787	3598	spaced
SUPER_6	19618010	19650653	IR	323	.	19634140	0.323	0.750	23	32646	19618010	19621487	19647210	19650653	65959058	19550000	19800000	23	1405	3443	25723	spaced
SUPER_6	4122282	4269745	IR	323	.	4196296	0.323	0.392	21	147444	4122282	4180000	4212040	4269745	65959058	4050000	4300000	0	2433	57705	32040	spaced
SUPER_6	20088403	20119954	IR	323	.	20104505	0.323	0.759	20	31507	20088403	20088447	20119910	20119968	65959058	19950000	20200000	0	2569	44	31463	spaced
SUPER_6	23779811	23878887	IR	322	.	23828995	0.322	0.831	84	99045	23779811	23780823	23877989	23878887	65959058	23650000	23900000	0	2989	898	97166	spaced
SUPER_6	59751912	59792938	IR	322	.	59772041	0.322	0.854	75	41044	59751912	59753461	59791389	59792974	65959058	59600000	59850000	0	2873	1549	37928	spaced
SUPER_6	10629974	10684114	IR	322	.	10657105	0.322	1.000	32	54088	10629974	10630026	10684062	10684114	65959058	10500000	10750000	480	2617	52	54036	spaced
SUPER_6	31523578	31606331	IR	322	.	31564837	0.322	0.579	32	82723	31523578	31523644	31606293	31606331	65959058	31400000	31650000	171	2749	38	82649	spaced
SUPER_6	40537635	40541021	IR	322	.	40539695	0.322	0.931	23	3332	40537635	40537693	40540967	40541021	65959058	40350000	40600000	0	3155	54	3274	spaced
SUPER_6	6949247	7006464	IR	322	.	6978219	0.322	0.688	22	57200	6949247	6949311	7006420	7006464	65959058	6800000	7050000	0	2964	44	57109	spaced
SUPER_6	65093519	65177146	IR	322	.	65135707	0.322	0.895	21	83503	65093519	65093981	65176689	65177146	65959058	64950000	65200000	0	3088	457	82708	spaced
SUPER_6	1687857	1707939	IR	322	.	1698327	0.322	0.963	20	20030	1687857	1687909	1707887	1707941	65959058	1500000	1750000	0	3298	52	19978	spaced
SUPER_6	24164555	24215447	IR	321	.	24189657	0.321	0.894	85	50826	24164555	24165998	24214062	24215447	65959058	24050000	24300000	0	2333	1385	48064	spaced
SUPER_6	1556576	1617296	IR	321	.	1586502	0.321	0.872	71	60609	1556576	1558145	1615762	1617296	65959058	1400000	1650000	0	3115	1534	57617	spaced
SUPER_6	15724727	15733787	IR	321	.	15728894	0.321	0.884	45	9018	15724727	15726639	15731875	15733812	65959058	15550000	15800000	0	2987	1912	5236	spaced
SUPER_6	46310747	46357493	IR	321	.	46333838	0.321	0.824	29	46690	46310747	46310803	46357437	46357505	65959058	46150000	46400000	0	3068	56	46634	spaced
SUPER_6	10061397	10111118	IR	321	.	10086478	0.321	0.750	24	49675	10061397	10061439	10111076	10111132	65959058	9900000	10150000	252	3104	42	49637	spaced
SUPER_6	20461480	20541076	IR	321	.	20500809	0.321	0.862	20	79579	20461480	20461538	20541026	20541076	65959058	20350000	20600000	0	2521	50	79488	spaced
SUPER_6	19905106	20033363	IR	320	.	19969238	0.320	0.742	159	128672	19905106	19909823	20028698	20033363	65959058	19850000	20100000	159	1987	4665	118875	wide
SUPER_6	25003613	25020324	IR	320	.	25012463	0.320	0.890	48	16697	25003613	25004826	25019111	25020363	65959058	24950000	25200000	0	1032	1213	14285	spaced
SUPER_6	49224756	49326060	IR	320	.	49275446	0.320	0.862	35	101319	49224756	49225247	49325587	49326060	65959058	49100000	49350000	35	2923	473	100340	wide
SUPER_6	59079646	59248387	IR	320	.	59163592	0.320	0.382	23	168724	59079646	59100982	59227141	59248387	65959058	59050000	59300000	0	1900	21246	126159	wide
SUPER_6	22031723	22049434	IR	320	.	22040595	0.320	0.919	22	17727	22031723	22031983	22049181	22049434	65959058	21900000	22150000	22	2342	253	17198	spaced
SUPER_6	26623624	26666357	IR	319	.	26644774	0.319	0.931	199	65247	26623624	26626152	26663868	26666357	65959058	26500000	26750000	215	2416	2489	37716	spaced
SUPER_6	37013930	37040651	IR	319	.	37026810	0.319	0.909	164	26695	37013930	37016910	37037671	37040658	65959058	36850000	37100000	0	2954	2980	20761	spaced
SUPER_6	17143497	17258865	IR	319	.	17201336	0.319	0.895	140	115693	17143497	17145069	17257338	17258865	65959058	17100000	17350000	140	1686	1527	112269	wide
SUPER_6	24503288	24537698	IR	319	.	24520468	0.319	0.848	57	37919	24503288	24506206	24534780	24537753	65959058	24500000	24750000	57	341	2918	28574	spaced
SUPER_6	52532377	52607438	IR	319	.	52570101	0.319	0.861	55	75322	52532377	52533651	52606164	52607438	65959058	52400000	52650000	55	2831	1274	72513	spaced
SUPER_6	16553371	16605587	IR	319	.	16579083	0.319	0.771	29	52162	16553371	16553425	16605533	16605603	65959058	16400000	16650000	0	2991	54	52108	spaced
SUPER_6	20336488	20366388	IR	319	.	20351761	0.319	0.643	27	29858	20336488	20336530	20366346	20366414	65959058	20150000	20400000	0	3357	42	29816	spaced
SUPER_6	43639230	43710783	IR	319	.	43674846	0.319	1.000	22	71507	43639230	43639276	43710737	43710783	65959058	43500000	43750000	264	2916	46	71461	spaced
SUPER_6	58857876	58951393	IR	318	.	58904625	0.318	0.862	32	94285	58857876	58859448	58949847	58951393	65959058	58750000	59000000	32	2577	1546	90399	spaced
SUPER_6	35028222	35169269	IR	318	.	35098649	0.318	0.896	27	141084	35028222	35029116	35168383	35169269	65959058	35000000	35250000	28	1645	886	139267	wide
SUPER_6	8897383	8962849	IR	318	.	8930389	0.318	0.686	26	65422	8897383	8897431	8962801	8962871	65959058	8750000	9000000	0	3001	48	65370	spaced
SUPER_6	39690206	39736813	IR	318	.	39713481	0.318	0.769	24	46573	39690206	39690258	39736773	39736813	65959058	39650000	39900000	138	1058	40	46515	spaced
SUPER_6	2741957	2843926	IR	318	.	2793304	0.318	0.806	23	101919	2741957	2742007	2843876	2843938	65959058	2600000	2850000	0	3215	50	101869	wide
SUPER_6	48853455	48862325	IR	318	.	48857406	0.318	0.839	23	8869	48853455	48854952	48860828	48862342	65959058	48650000	48900000	0	3464	1497	5876	spaced
SUPER_6	29902360	29906858	IR	318	.	29905004	0.318	0.899	21	4477	29902360	29902851	29906375	29906858	65959058	29900000	30150000	0	76	483	3524	spaced
SUPER_6	614092	702576	IR	318	.	658088	0.318	1.000	20	88442	614092	614134	702534	702576	65959058	500000	750000	56	2638	42	88400	spaced
SUPER_6	48352600	48377755	IR	317	.	48365643	0.317	0.893	85	25075	48352600	48354244	48376114	48377755	65959058	48200000	48450000	0	2752	1641	21870	spaced
SUPER_6	5118229	5122597	IR	317	.	5120789	0.317	0.912	29	4348	5118229	5118912	5121915	5122597	65959058	4950000	5200000	0	2840	682	3003	spaced
SUPER_6	59880002	59914646	IR	317	.	59896941	0.317	0.900	25	34590	59880002	59880056	59914592	59914652	65959058	59700000	59950000	0	3288	54	34536	spaced
SUPER_6	21886268	21949046	IR	317	.	21917308	0.317	0.417	22	62742	21886268	21886342	21949010	21949046	65959058	21850000	22100000	0	1127	36	62668	spaced
SUPER_6	60840109	60900581	IR	316	.	60870239	0.316	0.970	144	60846	60840109	60841186	60899506	60900581	65959058	60750000	61000000	144	2005	1075	58320	spaced
SUPER_6	45711268	45797884	IR	316	.	45754225	0.316	0.898	89	86602	45711268	45712883	45796269	45797889	65959058	45550000	45800000	0	3409	1615	83386	spaced
SUPER_6	59826572	59880054	IR	316	.	59853428	0.316	0.920	28	112077	59826572	59826622	59880008	59880054	65959058	59700000	59950000	238	2555	46	53386	spaced
SUPER_6	23391437	23433508	IR	316	.	23412860	0.316	0.850	24	42029	23391437	23392738	23432219	23433508	65959058	23200000	23450000	0	3541	1289	39481	spaced
SUPER_6	16930255	16949172	IR	316	.	16940183	0.316	0.817	23	18928	16930255	16931427	16948000	16949207	65959058	16700000	16950000	0	3995	1172	16573	spaced
SUPER_6	42849843	42891593	IR	316	.	42870741	0.316	0.957	22	41704	42849843	42849887	42891549	42891595	65959058	42650000	42900000	178	3678	44	41662	spaced
SUPER_6	52326292	52332598	IR	315	.	52329598	0.315	0.999	269	6675	52326292	52327570	52331320	52332598	65959058	52200000	52450000	271	2157	1278	3750	spaced
SUPER_6	5202011	5216333	IR	315	.	5209015	0.315	0.865	147	14667	5202011	5204052	5214292	5216435	65959058	5000000	5250000	147	3486	2041	10240	spaced
SUPER_6	48500380	48504154	IR	315	.	48502549	0.315	0.976	104	3755	48500380	48501286	48503248	48504154	65959058	48400000	48650000	0	1704	906	1962	immediate
SUPER_6	42393681	42420527	IR	315	.	42407229	0.315	0.804	68	29131	42393681	42395767	42418441	42420540	65959058	42200000	42450000	68	3451	2086	22674	spaced
SUPER_6	52997040	53059552	IR	315	.	53028230	0.315	0.815	27	62466	52997040	52997084	53059508	53059562	65959058	52850000	53100000	357	2971	44	62424	spaced
SUPER_6	6939750	6949303	IR	315	.	6944891	0.315	0.871	25	9499	6939750	6939804	6949249	6949311	65959058	6700000	6950000	0	4075	54	9445	spaced
SUPER_6	14810142	14814959	IR	314	.	14812342	0.314	0.995	383	5296	14810142	14811982	14813119	14814959	65959058	14600000	14850000	383	3542	1840	1137	immediate
SUPER_6	5462394	5493726	IR	314	.	5477670	0.314	0.926	147	31298	5462394	5464034	5492133	5493726	65959058	5300000	5550000	0	2967	1593	28099	spaced
SUPER_6	63338619	63377156	IR	314	.	63358342	0.314	0.888	85	38519	63338619	63341294	63374509	63377156	65959058	63150000	63400000	0	3464	2647	33215	spaced
SUPER_6	65286457	65486591	IR	314	.	65386631	0.314	0.964	34	200082	65286457	65286513	65486537	65486591	65959058	65250000	65500000	575	2275	54	200024	wide
SUPER_6	24542225	24552356	IR	314	.	24547358	0.314	0.667	27	10097	24542225	24542285	24552316	24552356	65959058	24400000	24650000	236	2454	40	10031	spaced
SUPER_6	26924978	26929350	IR	314	.	26926801	0.314	0.728	20	4283	26924978	26925334	26929055	26929350	65959058	26800000	27050000	0	2119	295	3721	spaced
SUPER_6	54511228	54525860	IR	313	.	54518630	0.313	0.916	105	14911	54511228	54513032	54524085	54525860	65959058	54300000	54550000	105	3642	1775	11053	spaced
SUPER_6	22914460	22918411	IR	313	.	22916458	0.313	0.894	47	3976	22914460	22915005	22917875	22918411	65959058	22750000	23000000	47	2773	536	2870	spaced
SUPER_6	16234785	16269126	IR	313	.	16251762	0.313	0.727	39	34283	16234785	16234833	16269078	16269144	65959058	16100000	16350000	552	2532	48	34245	spaced
SUPER_6	2058025	2061233	IR	313	.	2059140	0.313	0.910	32	3195	2058025	2058326	2060932	2061242	65959058	1900000	2150000	0	2660	301	2606	spaced
SUPER_6	39850645	39855503	IR	313	.	39853243	0.313	0.977	30	4917	39850645	39850862	39855286	39855503	65959058	39750000	40000000	30	1717	217	4424	spaced
SUPER_6	63429337	63445113	IR	313	.	63436854	0.313	0.917	28	15716	63429337	63430157	63444296	63445113	65959058	63200000	63450000	0	3953	817	14139	spaced
SUPER_6	10339246	10404278	IR	313	.	10371915	0.313	0.667	26	64988	10339246	10339286	10404238	10404298	65959058	10200000	10450000	234	2862	40	64952	spaced
SUPER_6	53109079	53289806	IR	313	.	53199139	0.313	0.595	24	180685	53109079	53109151	53289764	53289806	65959058	53050000	53300000	0	2490	42	180613	wide
SUPER_6	9642177	9748140	IR	313	.	9695322	0.313	0.810	21	105991	9642177	9644224	9746093	9748149	65959058	9550000	9800000	21	2419	2047	101869	wide
SUPER_6	32010512	32014920	IR	313	.	32012476	0.313	1.000	21	4958	32010512	32010529	32014903	32014920	65959058	31900000	32150000	2	1878	17	4374	spaced
SUPER_6	31428046	31450884	IR	313	.	31439219	0.313	0.950	20	43319	31428046	31428084	31450846	31450886	65959058	31250000	31500000	20	3157	38	22762	spaced
SUPER_6	7228537	7238540	IR	312	.	7233968	0.312	0.963	62	9983	7228537	7229262	7237815	7238540	65959058	7200000	7450000	0	558	725	8553	spaced
SUPER_6	36293867	36396490	IR	312	.	36345439	0.312	0.941	47	102606	36293867	36294595	36395762	36396491	65959058	36150000	36400000	0	3252	728	101167	wide
SUPER_6	18701612	18779339	IR	312	.	18740567	0.312	0.822	45	77841	18701612	18702002	18778949	18779368	65959058	18550000	18800000	45	3174	390	76947	spaced
SUPER_6	40912216	41017986	IR	312	.	40965385	0.312	0.648	38	105716	40912216	40912304	41017932	41017986	65959058	40800000	41050000	0	2751	54	105628	wide
SUPER_6	32527677	32748696	IR	312	.	32638624	0.312	0.943	25	220999	32527677	32528064	32748309	32748696	65959058	32500000	32750000	0	2302	387	220245	wide
SUPER_6	36787627	36812436	IR	311	.	36799688	0.311	0.866	106	24789	36787627	36792256	36807918	36812436	65959058	36700000	36950000	0	1667	4518	15662	spaced
SUPER_6	24389869	24489680	IR	311	.	24440183	0.311	0.713	90	99624	24389869	24393541	24486008	24489784	65959058	24350000	24600000	0	1496	3672	92467	spaced
SUPER_6	34407947	34429374	IR	311	.	34418247	0.311	0.869	54	21104	34407947	34409266	34428055	34429404	65959058	34200000	34450000	0	3644	1319	18789	spaced
SUPER_6	21569859	21616834	IR	311	.	21593546	0.311	0.919	33	46985	21569859	21570265	21616444	21616834	65959058	21500000	21750000	33	1555	390	46179	spaced
SUPER_6	20783017	20981706	IR	311	.	20882417	0.311	0.960	28	198641	20783017	20783065	20981658	20981708	65959058	20750000	21000000	244	2205	48	198593	wide
SUPER_6	49178009	49185490	IR	311	.	49181944	0.311	0.939	22	7480	49178009	49178203	49185296	49185494	65959058	49050000	49300000	22	2195	194	7093	spaced
SUPER_6	55779118	55815156	IR	311	.	55796990	0.311	1.000	20	35996	55779118	55779162	55815112	55815156	65959058	55650000	55900000	186	2452	44	35950	spaced
SUPER_6	29876926	29882436	IR	310	.	29879529	0.310	0.917	27	5606	29876926	29877336	29882026	29882436	65959058	29700000	29950000	27	2994	410	4690	spaced
SUPER_6	17720890	17753057	IR	310	.	17736514	0.310	0.645	20	32127	17720890	17720930	17753017	17753079	65959058	17550000	17800000	0	3116	40	32087	spaced
SUPER_6	9130843	9137838	IR	309	.	9133944	0.309	0.989	62	6976	9130843	9131279	9137402	9137839	65959058	8950000	9200000	0	3072	436	6123	spaced
SUPER_6	45141180	45281237	IR	309	.	45210721	0.309	0.875	46	139791	45141180	45142252	45280165	45281289	65959058	45100000	45350000	0	1853	1072	137913	wide
SUPER_6	9546364	9561403	IR	309	.	9553920	0.309	0.858	38	15388	9546364	9548577	9559190	9561438	65959058	9400000	9650000	38	2564	2213	10613	spaced
SUPER_6	55489978	55543790	IR	309	.	55517330	0.309	0.414	31	53800	55489978	55494290	55539478	55543838	65959058	55350000	55600000	0	2781	4312	45188	spaced
SUPER_6	46196045	46201397	IR	309	.	46198567	0.309	0.939	26	5388	46196045	46196365	46201077	46201402	65959058	46000000	46250000	26	3311	320	4712	spaced
SUPER_6	22164584	22228997	IR	309	.	22196639	0.309	0.643	25	64371	22164584	22164620	22228961	22229017	65959058	22050000	22300000	126	2446	36	64341	spaced
SUPER_6	56077947	56218119	IR	308	.	56147542	0.308	0.651	43	140116	56077947	56078033	56218063	56218119	65959058	56050000	56300000	0	1633	56	140030	wide
SUPER_6	43142142	43207033	IR	308	.	43174701	0.308	0.802	32	65865	43142142	43144116	43205075	43207033	65959058	43050000	43300000	32	2076	1958	60959	spaced
SUPER_6	61118137	61144352	IR	308	.	61131474	0.308	1.000	26	26141	61118137	61118175	61144314	61144352	65959058	60900000	61150000	29	3853	38	26139	spaced
SUPER_6	7814434	7819119	IR	307	.	7817227	0.307	0.742	31	4723	7814434	7814741	7818812	7819208	65959058	7700000	7950000	0	1946	307	4071	spaced
SUPER_6	62965056	62978174	IR	307	.	62971683	0.307	0.760	22	13078	62965056	62965094	62978136	62978186	65959058	62750000	63000000	106	3693	38	13042	spaced
SUPER_6	39220653	39276626	IR	306	.	39248235	0.306	0.827	39	55548	39220653	39222727	39274558	39276626	65959058	39200000	39450000	0	810	2068	51831	spaced
SUPER_6	6145145	6243626	IR	306	.	6194810	0.306	0.385	22	69338	6145145	6174345	6214426	6243656	65959058	6000000	6250000	0	3239	29200	40081	spaced
SUPER_6	64703339	64708508	IR	305	.	64706349	0.305	0.994	103	5141	64703339	64704008	64707839	64708508	65959058	64500000	64750000	0	3431	669	3831	spaced
SUPER_6	35290247	35366584	IR	305	.	35328937	0.305	0.782	63	76384	35290247	35292623	35364208	35366652	65959058	35200000	35450000	0	2140	2376	71585	spaced
SUPER_6	14918331	15064375	IR	305	.	14991356	0.305	0.840	33	146454	14918331	14919595	15063120	15064375	65959058	14900000	15150000	33	1522	1255	143525	wide
SUPER_6	63052884	63251615	IR	305	.	63152186	0.305	0.918	29	198720	63052884	63053542	63250957	63251615	65959058	63050000	63300000	29	1704	658	197415	wide
SUPER_6	33282281	33314953	IR	305	.	33298544	0.305	0.958	23	32630	33282281	33282327	33314907	33314955	65959058	33100000	33350000	279	3310	46	32580	spaced
SUPER_6	34962632	35024546	IR	305	.	34993108	0.305	0.643	21	61880	34962632	34962688	35024510	35024546	65959058	34800000	35050000	0	3226	36	61822	spaced
SUPER_6	36934505	36951434	IR	304	.	36942662	0.304	0.787	61	16932	36934505	36935896	36950043	36951463	65959058	36800000	37050000	0	2382	1391	14147	spaced
SUPER_6	46460720	46464917	IR	304	.	46463292	0.304	0.808	27	4228	46460720	46461120	46464517	46464971	65959058	46350000	46600000	0	1880	400	3397	spaced
SUPER_6	12356608	12421341	IR	303	.	12388752	0.303	0.785	62	64816	12356608	12357203	12420746	12421374	65959058	12250000	12500000	19	2316	595	63543	spaced
SUPER_6	2420645	2471019	IR	303	.	2446017	0.303	0.885	23	50326	2420645	2420691	2470973	2471025	65959058	2250000	2500000	252	3263	46	50282	spaced
SUPER_6	48011373	48015838	IR	302	.	48013557	0.302	0.968	82	4574	48011373	48011897	48015314	48015841	65959058	47850000	48100000	82	2726	524	3417	spaced
SUPER_6	60047713	60119311	IR	302	.	60083602	0.302	0.821	36	116506	60047713	60047759	60119265	60119321	65959058	60000000	60250000	405	1391	46	71506	spaced
SUPER_6	17625273	17687108	IR	302	.	17656147	0.302	0.721	23	61910	17625273	17626214	17686247	17687108	65959058	17500000	17750000	23	2603	861	60033	spaced
SUPER_6	12439048	12521779	IR	301	.	12480150	0.301	0.905	73	82714	12439048	12440867	12519970	12521779	65959058	12300000	12550000	0	3006	1809	79103	spaced
SUPER_6	46426217	46443244	IR	301	.	46434734	0.301	0.837	24	17012	46426217	46428285	46441177	46443244	65959058	46400000	46650000	24	578	2067	12892	spaced
SUPER_6	64359279	64448963	IR	301	.	64404609	0.301	0.929	23	89632	64359279	64359335	64448911	64448963	65959058	64200000	64450000	0	3401	52	89576	spaced
SUPER_6	13011208	13036453	IR	301	.	13024247	0.301	0.962	20	25195	13011208	13011258	13036403	13036455	65959058	12800000	13050000	0	3730	50	25145	spaced
SUPER_6	36399181	36441219	IR	300	.	36420586	0.300	0.937	433	42020	36399181	36405217	36435192	36441219	65959058	36250000	36500000	0	2836	6027	29975	spaced
SUPER_6	46930463	46934271	IR	300	.	46932329	0.300	1.000	27	3807	46930463	46930603	46934131	46934271	65959058	46750000	47000000	27	3039	140	3528	spaced
SUPER_6	34677407	34712698	IR	299	.	34695504	0.299	0.638	25	35270	34677407	34678724	34711383	34712698	65959058	34550000	34800000	0	2417	1315	32659	spaced
SUPER_6	59637456	59673084	IR	299	.	59654862	0.299	0.800	20	35588	59637456	59637496	59673044	59673094	65959058	59500000	59750000	0	2587	40	35548	spaced
SUPER_6	31359624	31410406	IR	298	.	31385427	0.298	0.860	81	50662	31359624	31361399	31408633	31410406	65959058	31200000	31450000	0	3083	1773	47234	spaced
SUPER_6	35198084	35203315	IR	298	.	35200769	0.298	0.897	68	5570	35198084	35199730	35201701	35203315	65959058	35050000	35300000	68	2511	1614	1971	immediate
SUPER_6	31217727	31233451	IR	298	.	31225744	0.298	0.892	57	65564	31217727	31219614	31231564	31233466	65959058	31150000	31400000	57	1259	1887	11950	spaced
SUPER_6	26520287	26589415	IR	298	.	26554624	0.298	0.818	56	69321	26520287	26523135	26586647	26589415	65959058	26350000	26600000	56	3413	2768	63512	spaced
SUPER_6	39609047	39638359	IR	298	.	39623806	0.298	0.828	24	29572	39609047	39610457	39636964	39638359	65959058	39400000	39650000	24	3728	1395	26507	spaced
SUPER_6	64921604	65005798	IR	296	.	64963434	0.296	0.780	31	83668	64921604	64926065	65001422	65005798	65959058	64800000	65050000	0	2728	4376	75357	spaced
SUPER_6	29565954	29796628	IR	295	.	29681796	0.295	0.910	203	230744	29565954	29568781	29793801	29796741	65959058	29550000	29800000	0	2188	2827	225020	wide
SUPER_6	47336335	47405482	IR	295	.	47371004	0.295	0.851	24	69110	47336335	47336382	47405442	47405482	65959058	47200000	47450000	204	2848	40	69060	spaced
SUPER_6	31689709	31717591	IR	295	.	31703494	0.295	0.654	20	27836	31689709	31689743	31717557	31717609	65959058	31550000	31800000	57	2560	34	27814	spaced
SUPER_6	19848134	19861458	IR	292	.	19854468	0.292	0.952	381	13306	19848134	19852372	19857245	19861458	65959058	19650000	19900000	0	3413	4213	4873	spaced
SUPER_6	53301632	53319454	IR	292	.	53310940	0.292	0.830	27	17538	53301632	53302227	53318890	53319454	65959058	53150000	53400000	0	2675	564	16663	spaced
SUPER_6	56483428	56649993	IR	291	.	56566209	0.291	0.811	34	166560	56483428	56483488	56649933	56650007	65959058	56450000	56700000	0	1945	60	166445	wide
SUPER_6	54330367	54336308	IR	291	.	54333081	0.291	0.844	31	5852	54330367	54331773	54334921	54336308	65959058	54150000	54400000	0	3055	1387	3148	spaced
SUPER_6	8471670	8511860	IR	288	.	8491459	0.288	0.876	63	40166	8471670	8473285	8510278	8511860	65959058	8400000	8650000	0	1529	1582	36993	spaced
SUPER_7	51141339	51143245	IR	933	.	51142292	0.933	0.993	151	2081	51141339	51142144	51142440	51143245	64730185	50900000	51150000	152	4038	805	296	immediate
SUPER_7	5143106	5146932	IR	866	.	5145019	0.866	0.953	163	4210	5143106	5144670	5145368	5146954	64730185	4900000	5150000	163	4083	1564	698	immediate
SUPER_7	24398798	24400986	IR	846	.	24399892	0.846	0.982	165	2609	24398798	24399681	24400103	24400986	64730185	24200000	24450000	277	3331	883	422	immediate
SUPER_7	57818475	57821748	IR	766	.	57820109	0.766	0.905	186	3496	57818475	57819696	57820610	57821748	64730185	57600000	57850000	186	3668	1138	914	immediate
SUPER_7	32493714	32496142	IR	745	.	32494928	0.745	0.960	99	2486	32493714	32494623	32495233	32496142	64730185	32300000	32550000	99	3248	909	610	immediate
SUPER_7	4956064	4958149	IR	712	.	4957107	0.712	0.955	105	2260	4956064	4957014	4957199	4958159	64730185	4900000	5150000	105	951	950	185	immediate
SUPER_7	18857335	18859867	IR	678	.	18858601	0.678	0.921	89	2749	18857335	18858270	18858954	18859867	64730185	18800000	19050000	89	976	913	684	immediate
SUPER_7	25621074	25624668	IR	657	.	25622871	0.657	0.961	164	3789	25621074	25622508	25623234	25624679	64730185	25400000	25650000	164	3714	1434	726	immediate
SUPER_7	221565	228572	IR	648	.	225065	0.648	0.777	126	7077	221565	224239	225918	228572	64730185	0	250000	126	3750	2654	1679	immediate
SUPER_7	22320567	22322520	IR	628	.	22321545	0.628	0.965	99	2129	22320567	22321357	22321733	22322520	64730185	22100000	22350000	99	3692	787	376	immediate
SUPER_7	3232069	3234800	IR	625	.	3233433	0.625	0.905	137	3290	3232069	3233113	3233756	3234815	64730185	3000000	3250000	166	3890	1044	643	immediate
SUPER_7	44101101	44104050	IR	599	.	44102442	0.599	0.608	26	2987	44101101	44102557	44102595	44104050	64730185	43900000	44150000	26	3376	1455	38	immediate
SUPER_7	40551736	40554164	IR	563	.	40552950	0.563	0.978	100	2586	40551736	40552359	40553541	40554166	64730185	40350000	40600000	100	3382	623	1182	immediate
SUPER_7	5191491	5193422	IR	552	.	5192461	0.552	0.923	78	2141	5191491	5192023	5192898	5193422	64730185	4950000	5200000	78	4040	524	875	immediate
SUPER_7	30823256	30868532	IR	552	.	30845894	0.552	0.474	64	74287	30823256	30845318	30846470	30868593	64730185	30700000	30950000	64	2431	22062	1152	immediate
SUPER_7	32970223	33149329	IR	522	.	33059450	0.522	0.388	25	179036	32970223	33058881	33060698	33149329	64730185	32950000	33200000	0	1829	88631	1817	immediate
SUPER_7	63605156	63607570	IR	521	.	63606363	0.521	0.897	27	2446	63605156	63605844	63606883	63607570	64730185	63450000	63700000	27	2605	687	1039	immediate
SUPER_7	32794514	32798852	IR	515	.	32796683	0.515	0.917	62	4462	32794514	32795919	32797447	32798852	64730185	32550000	32800000	62	4111	1405	1528	immediate
SUPER_7	27295180	27303759	IR	513	.	27299545	0.513	0.584	29	9050	27295180	27299073	27299866	27303765	64730185	27150000	27400000	29	2491	3893	793	immediate
SUPER_7	21597560	21718978	IR	509	.	21658288	0.509	0.393	53	123459	21597560	21658116	21658460	21718978	64730185	21550000	21800000	53	1804	60518	344	immediate
SUPER_7	42163502	42165581	IR	497	.	42164541	0.497	0.861	25	2107	42163502	42164168	42164937	42165581	64730185	42150000	42400000	26	242	644	769	immediate
SUPER_7	60164778	60166717	IR	492	.	60165748	0.492	0.922	49	2033	60164778	60165329	60166167	60166717	64730185	59950000	60200000	49	3595	550	838	immediate
SUPER_7	46051058	46157988	IR	487	.	46105008	0.487	0.894	26	106849	46051058	46051694	46157352	46158000	64730185	45950000	46200000	0	2575	636	105658	wide
SUPER_7	63078350	63086170	IR	486	.	63082183	0.486	0.947	35	7875	63078350	63078747	63085775	63086170	64730185	62900000	63150000	35	3037	395	7028	spaced
SUPER_7	15345704	15347650	IR	480	.	15346677	0.480	0.995	121	2043	15345704	15346299	15347056	15347650	64730185	15150000	15400000	121	3277	594	757	immediate
SUPER_7	53621781	53659932	IR	465	.	53641257	0.465	0.556	43	38097	53621781	53621879	53659878	53659932	64730185	53500000	53750000	0	2347	54	37999	spaced
SUPER_7	17460737	17462573	IR	464	.	17461657	0.464	0.989	135	2077	17460737	17461469	17461841	17462577	64730185	17300000	17550000	135	2694	732	372	immediate
SUPER_7	10170887	10173543	IR	463	.	10172212	0.463	0.939	77	2868	10170887	10171555	10172875	10173545	64730185	10000000	10250000	77	2870	668	1320	immediate
SUPER_7	30891554	30899774	IR	463	.	30895856	0.463	0.744	64	8436	30891554	30893501	30898007	30899774	64730185	30650000	30900000	66	4094	1767	4506	spaced
SUPER_7	10567548	10744997	IR	442	.	10655772	0.442	0.591	26	177407	10567548	10567592	10744953	10745029	64730185	10550000	10800000	0	1771	44	177361	wide
SUPER_7	19727699	19868933	IR	441	.	19798789	0.441	0.718	56	141216	19727699	19734087	19862549	19868933	64730185	19650000	19900000	0	2471	6384	128462	wide
SUPER_7	49875797	50094820	IR	439	.	49985575	0.439	0.625	23	218989	49875797	49875863	50094780	50094820	64730185	49850000	50100000	0	2255	40	218917	wide
SUPER_7	28642396	28721960	IR	437	.	28682379	0.437	0.970	78	79763	28642396	28643068	28721288	28721960	64730185	28500000	28750000	78	3036	672	78220	spaced
SUPER_7	58503701	58505430	IR	436	.	58504566	0.436	0.926	86	77174	58503701	58504350	58504811	58505430	64730185	58400000	58650000	89	1742	619	461	immediate
SUPER_7	43648136	43649248	IR	436	.	43648697	0.436	0.923	41	42068	43648136	43648552	43648832	43649253	64730185	43450000	43700000	41	3311	416	280	immediate
SUPER_7	40612773	40706466	IR	432	.	40659850	0.432	0.828	59	96390	40612773	40613283	40705956	40706523	64730185	40600000	40850000	33	993	510	92673	spaced
SUPER_7	56800621	56943803	IR	426	.	56872691	0.426	0.865	118	143176	56800621	56802582	56941842	56943824	64730185	56800000	57050000	0	1203	1961	139260	wide
SUPER_7	23505267	23507792	IR	426	.	23506529	0.426	0.937	76	2659	23505267	23505686	23507373	23507813	64730185	23300000	23550000	76	3442	419	1687	immediate
SUPER_7	59466631	59469844	IR	423	.	59468238	0.423	0.932	65	3258	59466631	59467608	59468868	59469844	64730185	59300000	59550000	65	2803	976	1260	immediate
SUPER_7	14105682	14110421	IR	421	.	14108052	0.421	0.785	66	4969	14105682	14107468	14108815	14110421	64730185	13900000	14150000	66	3467	1606	1347	immediate
SUPER_7	34401714	34500299	IR	421	.	34451129	0.421	0.754	56	98941	34401714	34404143	34497870	34500311	64730185	34350000	34600000	56	1683	2429	93727	spaced
SUPER_7	41964690	42012502	IR	420	.	41989002	0.420	0.792	37	47791	41964690	41965875	42011317	42012589	64730185	41800000	42050000	0	3143	1185	45442	spaced
SUPER_7	56329225	56333838	IR	419	.	56331562	0.419	0.864	85	5646	56329225	56331314	56331791	56333838	64730185	56150000	56400000	85	3025	2047	477	immediate
SUPER_7	46940074	46999862	IR	416	.	46970359	0.416	0.882	32	59777	46940074	46940996	46998940	46999871	64730185	46850000	47100000	0	1999	922	57944	spaced
SUPER_7	25330618	25364059	IR	412	.	25347366	0.412	0.975	77	35610	25330618	25331132	25363545	25364059	64730185	25250000	25500000	77	1622	514	32413	spaced
SUPER_7	37110155	37113533	IR	409	.	37111866	0.409	0.975	121	3549	37110155	37110790	37112907	37113533	64730185	36900000	37150000	121	3530	626	2117	spaced
SUPER_7	15886391	16086153	IR	408	.	15986398	0.408	0.955	113	199905	15886391	15887293	16085251	16086155	64730185	15850000	16100000	113	2271	902	197958	wide
SUPER_7	43305774	43465250	IR	408	.	43385971	0.408	0.217	46	159430	43305774	43305888	43465204	43465250	64730185	43250000	43500000	0	2258	46	159316	wide
SUPER_7	63311170	63437512	IR	407	.	63373909	0.407	0.636	23	126300	63311170	63311236	63437470	63437512	64730185	63200000	63450000	0	2905	42	126234	wide
SUPER_7	12617909	12621135	IR	406	.	12619539	0.406	0.829	53	3305	12617909	12619059	12619985	12621182	64730185	12600000	12850000	60	325	1150	926	immediate
SUPER_7	1296516	1299726	IR	405	.	1298121	0.405	0.909	23	3327	1296516	1297447	1298795	1299727	64730185	1050000	1300000	23	4135	931	1348	immediate
SUPER_7	30454782	30600337	IR	403	.	30527441	0.403	0.906	94	145849	30454782	30457087	30598032	30600341	64730185	30450000	30700000	94	1292	2305	140945	wide
SUPER_7	31605337	31678591	IR	403	.	31641490	0.403	0.890	51	73219	31605337	31606368	31677560	31678613	64730185	31550000	31800000	0	1532	1031	71192	spaced
SUPER_7	10932504	11111731	IR	402	.	11022044	0.402	0.875	166	179580	10932504	10935319	11109007	11111731	64730185	10900000	11150000	166	2035	2724	173688	wide
SUPER_7	4223373	4326493	IR	401	.	4275377	0.401	0.893	50	103141	4223373	4224595	4325271	4326533	64730185	4150000	4400000	0	2082	1222	100676	wide
SUPER_7	49022646	49111648	IR	400	.	49067209	0.400	0.925	108	89733	49022646	49024458	49109836	49111654	64730185	48900000	49150000	108	2785	1812	85378	spaced
SUPER_7	8401140	8485870	IR	397	.	8443673	0.397	0.886	52	84768	8401140	8402131	8484879	8485896	64730185	8300000	8550000	52	2391	991	82748	spaced
SUPER_7	34767360	34982498	IR	397	.	34875353	0.397	0.474	23	215104	34767360	34767398	34982460	34982534	64730185	34750000	35000000	0	2082	38	215062	wide
SUPER_7	29423306	29473576	IR	396	.	29448880	0.396	0.854	30	50105	29423306	29424793	29472119	29473576	64730185	29400000	29650000	0	807	1457	47326	spaced
SUPER_7	9264624	9319399	IR	395	.	9292230	0.395	0.970	167	54991	9264624	9265667	9318360	9319399	64730185	9200000	9450000	167	1533	1039	52693	spaced
SUPER_7	11169210	11234055	IR	395	.	11201237	0.395	0.391	39	32383	11169210	11201676	11201610	11234055	64730185	11000000	11250000	0	3360	32445	-66	overlap
SUPER_7	3392489	3553208	IR	394	.	3472339	0.394	0.774	24	160671	3392489	3392537	3553160	3553222	64730185	3350000	3600000	0	2047	48	160623	wide
SUPER_7	45681471	45898892	IR	393	.	45790400	0.393	0.851	22	217440	45681471	45682120	45898276	45898892	64730185	45650000	45900000	22	2336	616	216156	wide
SUPER_7	15148292	15262218	IR	393	.	15205110	0.393	0.760	20	113892	15148292	15148342	15262180	15262218	64730185	15050000	15300000	100	2587	38	113838	wide
SUPER_7	29050764	29157989	IR	393	.	29104750	0.393	0.828	20	107177	29050764	29050822	29157941	29157989	64730185	28950000	29200000	0	2572	48	107119	wide
SUPER_7	39962895	40178858	IR	392	.	40070713	0.392	0.917	20	215921	39962895	39962943	40178814	40178858	64730185	39950000	40200000	160	2014	44	215871	wide
SUPER_7	12745518	12889341	IR	390	.	12817177	0.390	0.941	123	143801	12745518	12746982	12887877	12889345	64730185	12650000	12900000	0	2790	1464	140895	wide
SUPER_7	31870124	32092636	IR	388	.	31980987	0.388	0.727	27	222464	31870124	31870172	32092588	32092654	64730185	31850000	32100000	0	2189	48	222416	wide
SUPER_7	42503661	42521842	IR	386	.	42513096	0.386	0.650	34	18131	42503661	42503741	42521790	42521842	64730185	42300000	42550000	0	3545	52	18049	spaced
SUPER_7	13054906	13125736	IR	385	.	13089915	0.385	0.770	27	70817	13054906	13055427	13125215	13125741	64730185	13050000	13300000	0	671	521	69788	spaced
SUPER_7	56669690	56713328	IR	384	.	56691024	0.384	0.858	71	43619	56669690	56670831	56712230	56713328	64730185	56550000	56800000	0	2358	1098	41399	spaced
SUPER_7	18639955	18748356	IR	384	.	18693683	0.384	0.667	28	108353	18639955	18640027	18748308	18748356	64730185	18500000	18750000	0	3235	48	108281	wide
SUPER_7	15063378	15148332	IR	384	.	15105774	0.384	0.800	22	84912	15063378	15063418	15148292	15148342	64730185	14900000	15150000	158	3430	40	84874	spaced
SUPER_7	31049277	31167575	IR	383	.	31108473	0.383	0.964	113	123658	31049277	31050220	31166632	31167577	64730185	30950000	31200000	113	2640	943	116412	wide
SUPER_7	46273664	46415930	IR	383	.	46344926	0.383	0.955	87	142506	46273664	46274515	46415079	46415932	64730185	46250000	46500000	87	1579	851	140564	wide
SUPER_7	60487684	60547228	IR	383	.	60517684	0.383	0.888	31	61309	60487684	60487941	60546971	60547229	64730185	60350000	60600000	18	2790	257	59030	spaced
SUPER_7	55700747	55700815	IR	383	.	55700693	0.383	0.959	27	81474	55700747	55700794	55700768	55700817	64730185	55600000	55850000	426	1679	47	-26	overlap
SUPER_7	57264211	57295938	IR	381	.	57279804	0.381	0.977	1382	31706	57264211	57273894	57286339	57295938	64730185	57100000	57350000	0	3001	9599	12445	spaced
SUPER_7	51154323	51353083	IR	381	.	51254021	0.381	0.862	85	198737	51154323	51156932	51350537	51353083	64730185	51150000	51400000	0	1728	2546	193605	wide
SUPER_7	30954644	30974413	IR	379	.	30964315	0.379	0.641	54	20472	30954644	30959594	30969463	30974464	64730185	30900000	31150000	50	1075	4950	9869	spaced
SUPER_7	37982012	38019605	IR	378	.	38000308	0.378	0.939	30	37531	37982012	37982078	38019543	38019605	64730185	37800000	38050000	0	3346	62	37465	spaced
SUPER_7	43133121	43227618	IR	378	.	43180652	0.378	0.786	21	94453	43133121	43133165	43227574	43227630	64730185	43050000	43300000	0	2172	44	94409	spaced
SUPER_7	25996448	26022130	IR	375	.	26009616	0.375	0.944	121	25661	25996448	25998171	26020429	26022130	64730185	25800000	26050000	0	3488	1701	22258	spaced
SUPER_7	34504761	34650846	IR	373	.	34577947	0.373	0.906	21	146256	34504761	34505209	34650398	34650847	64730185	34500000	34750000	21	1296	448	145189	wide
SUPER_7	8725971	8909553	IR	372	.	8818019	0.372	0.397	134	183562	8725971	8807355	8828169	8909567	64730185	8700000	8950000	0	1962	81384	20814	spaced
SUPER_7	59704698	59706605	IR	371	.	59705652	0.371	0.988	137	2083	59704698	59705471	59705832	59706605	64730185	59600000	59850000	137	1760	773	361	immediate
SUPER_7	6506613	6582898	IR	371	.	6544596	0.371	0.000	28	76251	6506613	6506747	6582858	6582898	64730185	6450000	6700000	216	1579	40	76111	spaced
SUPER_7	13302505	13338308	IR	371	.	13320800	0.371	0.964	27	35749	13302505	13302559	13338254	13338310	64730185	13100000	13350000	0	3673	54	35695	spaced
SUPER_7	9802514	9817619	IR	370	.	9810288	0.370	0.972	489	16670	9802514	9806266	9813882	9817619	64730185	9650000	9900000	490	2667	3737	7616	spaced
SUPER_7	6886380	7058587	IR	369	.	6972542	0.369	0.697	39	172155	6886380	6886426	7058541	7058607	64730185	6850000	7100000	566	2041	46	172115	wide
SUPER_7	59572340	59636086	IR	369	.	59604597	0.369	0.931	25	63692	59572340	59572398	59636032	59636086	64730185	59400000	59650000	0	3403	54	63634	spaced
SUPER_7	40253556	40490953	IR	368	.	40372219	0.368	0.943	221	241722	40253556	40255818	40488733	40490953	64730185	40250000	40500000	221	2037	2220	232915	wide
SUPER_7	44906348	44922157	IR	368	.	44913751	0.368	0.582	50	15783	44906348	44909966	44918544	44922157	64730185	44850000	45100000	0	1070	3613	8578	spaced
SUPER_7	818740	828171	IR	368	.	823706	0.368	0.896	39	9409	818740	819321	827591	828171	64730185	700000	950000	0	2057	580	8270	spaced
SUPER_7	44139267	44218796	IR	368	.	44178583	0.368	0.837	33	79483	44139267	44139929	44218203	44218796	64730185	44050000	44300000	0	2150	593	78274	spaced
SUPER_7	55718571	55764982	IR	367	.	55741536	0.367	0.966	95	46570	55718571	55719330	55764224	55764982	64730185	55600000	55850000	95	2362	758	44894	spaced
SUPER_7	33861500	33980370	IR	367	.	33920947	0.367	0.852	31	118832	33861500	33861546	33980324	33980378	64730185	33850000	34100000	321	1182	46	118778	wide
SUPER_7	24171761	24276645	IR	366	.	24223971	0.366	0.884	34	104937	24171761	24172326	24276081	24276645	64730185	24050000	24300000	34	2903	564	103755	wide
SUPER_7	16725756	16881108	IR	365	.	16803041	0.365	0.958	94	155331	16725756	16726999	16879865	16881108	64730185	16650000	16900000	0	2557	1243	152866	wide
SUPER_7	52906525	52925756	IR	365	.	52916371	0.365	1.000	24	19211	52906525	52906563	52925718	52925756	64730185	52750000	53000000	20	2768	38	19155	spaced
SUPER_7	30903292	30943743	IR	364	.	30923908	0.364	0.470	88	40093	30903292	30922027	30925008	30943767	64730185	30700000	30950000	0	3725	18735	2981	spaced
SUPER_7	58195101	58285941	IR	364	.	58240074	0.364	0.383	22	45970	58195101	58240090	58240952	58286013	64730185	58050000	58300000	0	3175	44989	862	immediate
SUPER_7	7772489	7903635	IR	363	.	7837925	0.363	0.960	82	131372	7772489	7773357	7902767	7903635	64730185	7750000	8000000	82	1467	868	129410	wide
SUPER_7	12217840	12303516	IR	363	.	12260210	0.363	0.838	35	85616	12217840	12217914	12303454	12303516	64730185	12100000	12350000	0	2677	62	85540	spaced
SUPER_7	24725298	24916822	IR	363	.	24820647	0.363	0.967	26	191466	24725298	24725358	24916764	24916822	64730185	24700000	24950000	0	2017	58	191406	wide
SUPER_7	7381445	7464389	IR	363	.	7423393	0.363	0.647	22	82900	7381445	7381513	7464345	7464389	64730185	7300000	7550000	0	2048	44	82832	spaced
SUPER_7	26253392	26256690	IR	362	.	26255043	0.362	0.908	40	3453	26253392	26253869	26256216	26256690	64730185	26100000	26350000	41	2583	474	2347	spaced
SUPER_7	14259971	14262986	IR	362	.	14261495	0.362	0.533	21	3132	14259971	14261458	14261532	14262986	64730185	14250000	14500000	21	191	1454	74	immediate
SUPER_7	61577113	61704143	IR	362	.	61640394	0.362	0.808	20	127021	61577113	61577165	61704101	61704143	64730185	61500000	61750000	137	2343	42	126936	wide
SUPER_7	16311530	16527605	IR	361	.	16419315	0.361	0.942	251	216036	16311530	16314606	16524544	16527605	64730185	16300000	16550000	0	1992	3061	209938	wide
SUPER_7	1442327	1649965	IR	360	.	1545838	0.360	0.969	542	207619	1442327	1447038	1645297	1649965	64730185	1400000	1650000	0	2435	4668	198259	wide
SUPER_7	22277750	22289529	IR	360	.	22283634	0.360	0.691	61	12699	22277750	22282103	22285176	22289603	64730185	22150000	22400000	61	2227	4353	3073	spaced
SUPER_7	2840875	2853011	IR	360	.	2847005	0.360	0.968	46	12096	2840875	2840937	2852951	2853011	64730185	2650000	2900000	978	3282	60	12014	spaced
SUPER_7	43658100	43679546	IR	359	.	43668345	0.359	0.630	31	21400	43658100	43658146	43679500	43679576	64730185	43650000	43900000	0	313	46	21354	spaced
SUPER_7	43719210	43885765	IR	359	.	43802349	0.359	0.954	27	166663	43719210	43719515	43885460	43885765	64730185	43700000	43950000	27	1707	305	165945	wide
SUPER_7	62482387	62579602	IR	359	.	62531173	0.359	0.714	21	97206	62482387	62482443	62579562	62579602	64730185	62450000	62700000	105	1349	40	97119	spaced
SUPER_7	2165944	2180965	IR	358	.	2173097	0.358	0.901	178	15000	2165944	2169719	2177218	2180965	64730185	1950000	2200000	0	3724	3747	7499	spaced
SUPER_7	49743951	49768154	IR	358	.	49756314	0.358	0.619	22	24161	49743951	49744021	49768112	49768154	64730185	49550000	49800000	0	3434	42	24091	spaced
SUPER_7	36775189	36830178	IR	357	.	36802615	0.357	0.793	28	54947	36775189	36775247	36830132	36830178	64730185	36650000	36900000	314	2544	46	54885	spaced
SUPER_7	64405178	64427406	IR	356	.	64416581	0.356	0.923	84	22238	64405178	64406609	64425975	64427435	64730185	64250000	64500000	0	2771	1431	19366	spaced
SUPER_7	54369003	54477271	IR	356	.	54423277	0.356	0.957	21	108265	54369003	54369049	54477227	54477271	64730185	54250000	54500000	168	2885	44	108178	wide
SUPER_7	33488125	33608873	IR	355	.	33548227	0.355	0.916	173	120652	33488125	33491909	33605130	33608873	64730185	33450000	33700000	0	1641	3743	113221	wide
SUPER_7	26047748	26115878	IR	354	.	26081406	0.354	0.864	103	67500	26047748	26051630	26112105	26115878	64730185	25900000	26150000	0	3030	3773	60475	spaced
SUPER_7	61136372	61161627	IR	354	.	61148654	0.354	0.854	44	25025	61136372	61138345	61159675	61161627	64730185	60950000	61200000	0	3316	1952	21330	spaced
SUPER_7	36274491	36277829	IR	354	.	36276181	0.354	0.866	42	3502	36274491	36275618	36276745	36277829	64730185	36150000	36400000	42	2102	1084	1127	immediate
SUPER_7	12049410	12217898	IR	354	.	12133880	0.354	0.808	29	168432	12049410	12049452	12217856	12217908	64730185	12000000	12250000	232	2227	42	168404	wide
SUPER_7	38907686	38949618	IR	354	.	38928490	0.354	0.769	22	41898	38907686	38907738	38949578	38949618	64730185	38700000	38950000	105	3810	40	41840	spaced
SUPER_7	19065619	19126966	IR	353	.	19095989	0.353	0.950	122	61325	19065619	19066761	19125838	19126966	64730185	18900000	19150000	0	3271	1128	59077	spaced
SUPER_7	57914257	58082728	IR	353	.	57998066	0.353	0.855	104	168430	57914257	57916322	58080722	58082728	64730185	57900000	58150000	0	1641	2006	164400	wide
SUPER_7	2902274	2917593	IR	353	.	2910396	0.353	0.799	36	14891	2902274	2905823	2914044	2917603	64730185	2800000	3050000	0	1832	3549	8221	spaced
SUPER_7	3796365	3867506	IR	353	.	3832418	0.353	0.667	26	71099	3796365	3796409	3867462	3867528	64730185	3650000	3900000	0	3032	44	71053	spaced
SUPER_7	6354539	6448778	IR	352	.	6401225	0.352	0.880	40	94254	6354539	6355467	6447850	6448824	64730185	6250000	6500000	0	2527	928	92383	spaced
SUPER_7	62702253	62899721	IR	352	.	62801447	0.352	0.391	31	197420	62702253	62732196	62869835	62899721	64730185	62650000	62900000	0	2516	29886	137639	wide
SUPER_7	9432221	9432291	IR	352	.	9432249	0.352	0.857	29	63154	9432221	9432270	9432249	9432291	64730185	9300000	9550000	407	2204	42	-21	overlap
SUPER_7	64180403	64187763	IR	352	.	64183835	0.352	1.000	26	7356	64180403	64180420	64187746	64187763	64730185	63950000	64200000	1	3901	17	7326	spaced
SUPER_7	37374367	37521398	IR	352	.	37448061	0.352	0.731	22	146997	37374367	37374419	37521360	37521398	64730185	37300000	37550000	178	2464	38	146941	wide
SUPER_7	62181983	62354585	IR	351	.	62268697	0.351	0.411	248	172581	62181983	62268284	62268351	62354585	64730185	62150000	62400000	0	1971	86234	67	immediate
SUPER_7	60023402	60026578	IR	351	.	60024931	0.351	0.524	42	3146	60023402	60023480	60026536	60026578	64730185	60000000	60250000	375	416	42	3056	spaced
SUPER_7	8014455	8230754	IR	351	.	8122925	0.351	0.580	38	216249	8014455	8014543	8230704	8230754	64730185	8000000	8250000	0	2043	50	216161	wide
SUPER_7	34727597	34767398	IR	351	.	34747023	0.351	0.368	28	39763	34727597	34727679	34767360	34767398	64730185	34550000	34800000	0	3291	38	39681	spaced
SUPER_7	35186587	35234926	IR	351	.	35211170	0.351	0.963	27	48287	35186587	35186641	35234874	35234926	64730185	35000000	35250000	0	3512	52	48233	spaced
SUPER_7	63530168	63566923	IR	351	.	63548906	0.351	0.761	23	36550	63530168	63531974	63565157	63566923	64730185	63450000	63700000	0	1642	1766	33183	spaced
SUPER_7	17854660	18062406	IR	350	.	17958688	0.350	0.942	365	209433	17854660	17859850	18057227	18062406	64730185	17850000	18100000	365	1808	5179	197377	wide
SUPER_7	51780612	51831472	IR	350	.	51805579	0.350	0.533	320	40357	51780612	51794080	51818004	51831509	64730185	51650000	51900000	0	2600	13468	23924	spaced
SUPER_7	13439958	13485545	IR	350	.	13463132	0.350	0.896	108	45569	13439958	13441470	13484045	13485545	64730185	13250000	13500000	0	3545	1500	42575	spaced
SUPER_7	34103070	34238819	IR	350	.	34171038	0.350	0.956	98	136632	34103070	34104055	34237846	34238819	64730185	34100000	34350000	98	1182	973	133791	wide
SUPER_7	14490822	14569661	IR	350	.	14529913	0.350	0.875	49	78818	14490822	14492235	14568268	14569661	64730185	14400000	14650000	0	2170	1393	76033	spaced
SUPER_7	32188242	32240574	IR	350	.	32214764	0.350	0.877	30	52306	32188242	32188819	32240031	32240574	64730185	32150000	32400000	0	1073	543	51212	spaced
SUPER_7	36297140	36299528	IR	350	.	36298565	0.350	1.000	22	2531	36297140	36297181	36299487	36299528	64730185	36200000	36450000	7	1638	41	2306	spaced
SUPER_7	19368108	19427958	IR	349	.	19397763	0.349	0.912	124	59789	19368108	19370245	19425821	19427971	64730185	19200000	19450000	0	3300	2137	55576	spaced
SUPER_7	48115069	48124871	IR	349	.	48120067	0.349	0.915	34	9832	48115069	48115591	48124349	48124878	64730185	47950000	48200000	34	2832	522	8758	spaced
SUPER_7	7166909	7330391	IR	348	.	7248423	0.348	0.979	162	163766	7166909	7167770	7329537	7330391	64730185	7100000	7350000	162	2477	854	161767	wide
SUPER_7	13523994	13543971	IR	348	.	13533771	0.348	0.931	149	20578	13523994	13525423	13542542	13544019	64730185	13350000	13600000	156	3066	1429	17119	spaced
SUPER_7	439567	611645	IR	348	.	525822	0.348	0.905	124	172628	439567	441206	610023	611645	64730185	400000	650000	132	2093	1622	168817	wide
SUPER_7	52505164	52516670	IR	348	.	52510898	0.348	0.657	41	11492	52505164	52505234	52516624	52516670	64730185	52300000	52550000	497	3515	46	11390	spaced
SUPER_7	47924576	48080634	IR	348	.	48003054	0.348	0.854	40	156108	47924576	47925815	48079395	48080701	64730185	47850000	48100000	0	2543	1239	153580	wide
SUPER_7	20242464	20255453	IR	348	.	20248583	0.348	0.885	25	12963	20242464	20243939	20253978	20255453	64730185	20050000	20300000	0	3315	1475	10039	spaced
SUPER_7	5019461	5049260	IR	347	.	5034357	0.347	0.799	55	30567	5019461	5023489	5045232	5049283	64730185	4850000	5100000	55	3072	4028	21743	spaced
SUPER_7	47070409	47241511	IR	347	.	47156422	0.347	0.836	39	171071	47070409	47071329	47240591	47241513	64730185	47000000	47250000	0	2599	920	169262	wide
SUPER_7	60818468	60924326	IR	347	.	60871270	0.347	0.828	22	105849	60818468	60819178	60923633	60924326	64730185	60700000	60950000	22	2856	693	104455	wide
SUPER_7	36010070	36100583	IR	347	.	36055651	0.347	0.677	20	90471	36010070	36010112	36100541	36100603	64730185	35900000	36150000	0	2588	42	90429	spaced
SUPER_7	9900795	10032227	IR	346	.	9966020	0.346	0.945	568	131387	9900795	9907676	10025366	10032227	64730185	9850000	10100000	0	1941	6861	117690	wide
SUPER_7	29269098	29269168	IR	346	.	29269136	0.346	1.000	25	223410	29269098	29269147	29269119	29269168	64730185	29150000	29400000	445	1985	49	-28	overlap
SUPER_7	57718381	57721859	IR	346	.	57720123	0.346	0.873	22	3477	57718381	57718995	57721246	57721859	64730185	57600000	57850000	22	2001	613	2251	spaced
SUPER_7	59837888	59942411	IR	346	.	59890579	0.346	0.875	22	104464	59837888	59838452	59941855	59942411	64730185	59800000	60050000	0	1502	556	103403	wide
SUPER_7	6761243	6843738	IR	346	.	6802123	0.346	0.911	21	82429	6761243	6761701	6843283	6843738	64730185	6600000	6850000	0	3374	455	81582	spaced
SUPER_7	39695672	39832624	IR	345	.	39764289	0.345	0.863	74	137126	39695672	39697104	39831192	39832682	64730185	39650000	39900000	75	1902	1432	134088	wide
SUPER_7	52634987	52834845	IR	345	.	52735366	0.345	0.633	37	199873	52634987	52636495	52833337	52834879	64730185	52600000	52850000	0	2248	1508	196842	wide
SUPER_7	55058878	55086879	IR	345	.	55073325	0.345	0.675	37	23814	55058878	55072237	55073520	55086937	64730185	55050000	55300000	0	381	13359	1283	immediate
SUPER_7	13681467	13819091	IR	345	.	13750242	0.345	0.958	21	137578	13681467	13681515	13819045	13819091	64730185	13600000	13850000	242	2504	46	137530	wide
SUPER_7	18748310	18825659	IR	345	.	18786850	0.345	0.917	20	77303	18748310	18748354	18825615	18825663	64730185	18700000	18950000	185	1449	44	77261	spaced
SUPER_7	32786522	32788529	IR	344	.	32787490	0.344	0.910	44	2369	32786522	32787271	32787794	32788529	64730185	32550000	32800000	44	3958	735	523	immediate
SUPER_7	55551516	55556437	IR	344	.	55553508	0.344	0.593	42	4871	55551516	55551570	55556383	55556477	64730185	55550000	55800000	0	66	54	4813	spaced
SUPER_7	61248637	61266620	IR	344	.	61257459	0.344	0.824	35	18037	61248637	61249187	61266070	61266635	64730185	61150000	61400000	36	1793	550	16883	spaced
SUPER_7	18198983	18317760	IR	344	.	18258801	0.344	0.866	27	118720	18198983	18199399	18317344	18317799	64730185	18100000	18350000	0	2639	416	117945	wide
SUPER_7	29255465	29269142	IR	344	.	29262104	0.344	0.690	26	13631	29255465	29255505	29269102	29269160	64730185	29050000	29300000	168	3538	40	13597	spaced
SUPER_7	14183114	14238682	IR	344	.	14210555	0.344	0.688	21	55526	14183114	14183158	14238638	14238702	64730185	14000000	14250000	0	3514	44	55480	spaced
SUPER_7	37705286	37813581	IR	344	.	37759714	0.344	0.964	21	108249	37705286	37705342	37813527	37813581	64730185	37600000	37850000	0	2657	54	108185	wide
SUPER_7	49350601	49385871	IR	343	.	49368207	0.343	0.867	51	44505	49350601	49352647	49383871	49385871	64730185	49150000	49400000	51	3637	2000	31224	spaced
SUPER_7	35234888	35416518	IR	343	.	35325933	0.343	1.000	38	181566	35234888	35234926	35416480	35416518	64730185	35200000	35450000	12	2094	38	181554	wide
SUPER_7	15836292	15854100	IR	343	.	15845453	0.343	0.545	34	17770	15836292	15836336	15854056	15854136	64730185	15650000	15900000	0	3253	44	17720	spaced
SUPER_7	2701673	2840907	IR	343	.	2771403	0.343	0.632	26	139190	2701673	2701711	2840869	2840931	64730185	2600000	2850000	114	2854	38	139158	wide
SUPER_7	15429788	15443450	IR	343	.	15436842	0.343	0.904	24	13894	15429788	15430181	15443060	15443450	64730185	15350000	15600000	22	1443	390	12879	spaced
SUPER_7	1088055	1110888	IR	343	.	1099862	0.343	0.949	23	22777	1088055	1088111	1110832	1110891	64730185	900000	1150000	0	3324	56	22721	spaced
SUPER_7	17262209	17333383	IR	343	.	17297402	0.343	0.774	23	71126	17262209	17262257	17333335	17333397	64730185	17100000	17350000	0	3296	48	71078	spaced
SUPER_7	52111961	52204117	IR	343	.	52158162	0.343	0.833	23	92114	52111961	52112001	52204077	52204125	64730185	52000000	52250000	207	2633	40	92076	spaced
SUPER_7	51941138	52033856	IR	342	.	51987260	0.342	0.868	256	92546	51941138	51941310	52033684	52033858	64730185	51900000	52150000	2	1458	172	92374	spaced
SUPER_7	38510684	38564341	IR	342	.	38537528	0.342	0.878	76	53861	38510684	38511801	38563264	38564341	64730185	38400000	38650000	76	2291	1077	51463	spaced
SUPER_7	12474711	12542210	IR	342	.	12508384	0.342	0.784	50	67521	12474711	12476301	12540620	12542214	64730185	12300000	12550000	61	3474	1590	64319	spaced
SUPER_7	21982060	22063851	IR	342	.	22022782	0.342	0.750	25	81753	21982060	21982116	22063809	22063851	64730185	21850000	22100000	246	2882	42	81693	spaced
SUPER_7	23857867	24037004	IR	341	.	23947667	0.341	0.956	275	179437	23857867	23858684	24036194	24037004	64730185	23850000	24100000	114	1623	810	177510	wide
SUPER_7	21078294	21148930	IR	341	.	21113206	0.341	0.820	120	70612	21078294	21080372	21146928	21148930	64730185	20900000	21150000	0	3560	2002	66556	spaced
SUPER_7	33615540	33627533	IR	341	.	33621852	0.341	0.727	73	11900	33615540	33618186	33624887	33627539	64730185	33500000	33750000	0	2025	2646	6701	spaced
SUPER_7	56480739	56600484	IR	341	.	56540356	0.341	0.876	49	119750	56480739	56481860	56599363	56600515	64730185	56450000	56700000	0	1510	1121	117503	wide
SUPER_7	31206768	31310350	IR	341	.	31258934	0.341	0.841	37	103535	31206768	31209138	31307995	31310350	64730185	31100000	31350000	0	2642	2355	98857	spaced
SUPER_7	58881459	58991746	IR	341	.	58936640	0.341	0.515	31	110244	58881459	58881493	58991712	58991775	64730185	58800000	59050000	108	2276	34	110219	wide
SUPER_7	23640933	23785078	IR	341	.	23712552	0.341	0.833	25	144095	23640933	23640993	23785028	23785078	64730185	23550000	23800000	0	2716	50	144035	wide
SUPER_7	44459643	44512650	IR	341	.	44485819	0.341	0.957	25	52983	44459643	44460107	44512186	44512650	64730185	44300000	44550000	0	3102	464	52079	spaced
SUPER_7	60938263	60999833	IR	340	.	60968724	0.340	0.891	78	61464	60938263	60940065	60998087	60999833	64730185	60800000	61050000	0	2817	1746	58022	spaced
SUPER_7	20783653	20889929	IR	340	.	20836288	0.340	0.934	42	106170	20783653	20784613	20888970	20889929	64730185	20650000	20900000	0	3113	959	104357	wide
SUPER_7	33807529	33809683	IR	340	.	33808983	0.340	0.765	35	2102	33807529	33807597	33809631	33809683	64730185	33600000	33850000	0	3476	52	2034	spaced
SUPER_7	59255320	59345529	IR	340	.	59300862	0.340	0.903	34	90097	59255320	59256292	59344565	59345529	64730185	59200000	59450000	0	1673	964	88273	spaced
SUPER_7	30015280	30166046	IR	340	.	30090823	0.340	0.828	31	150720	30015280	30015338	30165998	30166046	64730185	29950000	30200000	463	2344	48	150660	wide
SUPER_7	23026446	23149625	IR	340	.	23087611	0.340	0.835	21	123160	23026446	23027357	23148731	23149625	64730185	22900000	23150000	0	3133	894	121374	wide
SUPER_7	39164497	39252948	IR	339	.	39209042	0.339	0.854	72	88443	39164497	39165801	39251644	39252962	64730185	39050000	39300000	0	2645	1304	85843	spaced
SUPER_7	23159876	23337405	IR	339	.	23248406	0.339	0.847	25	177582	23159876	23160443	23336838	23337405	64730185	23100000	23350000	13	2477	567	176395	wide
SUPER_7	4429929	4615621	IR	339	.	4523247	0.339	0.400	24	172436	4429929	4443274	4602276	4615667	64730185	4400000	4650000	0	2046	13345	159002	wide
SUPER_7	28562905	28634908	IR	338	.	28598552	0.338	0.966	109	71982	28562905	28564163	28633650	28634909	64730185	28400000	28650000	0	3314	1258	69487	spaced
SUPER_7	17527858	17699896	IR	338	.	17613719	0.338	0.912	75	173002	17527858	17529944	17697817	17699896	64730185	17500000	17750000	75	1897	2079	167873	wide
SUPER_7	9056327	9165513	IR	338	.	9110443	0.338	0.000	46	109150	9056327	9056447	9165475	9165513	64730185	9050000	9300000	0	1015	38	109028	wide
SUPER_7	40841983	40864064	IR	338	.	40853165	0.338	0.781	38	22168	40841983	40843055	40863061	40864064	64730185	40700000	40950000	38	2550	1003	20006	spaced
SUPER_7	7058531	7110105	IR	338	.	7084736	0.338	0.542	35	51528	7058531	7058619	7110057	7110105	64730185	6950000	7200000	0	2238	48	51438	spaced
SUPER_7	43679500	43707599	IR	338	.	43693875	0.338	0.658	35	28049	43679500	43679576	43707549	43707599	64730185	43650000	43900000	0	725	50	27973	spaced
SUPER_7	26615519	26669149	IR	338	.	26642028	0.338	0.833	29	53605	26615519	26616185	26668483	26669210	64730185	26450000	26700000	0	3205	666	52298	spaced
SUPER_7	51670842	51742221	IR	338	.	51706182	0.338	0.403	29	71309	51670842	51703546	51709517	51742237	64730185	51600000	51850000	0	1775	32704	5971	spaced
SUPER_7	4842072	4896735	IR	338	.	4868928	0.338	0.622	28	54617	4842072	4842118	4896689	4896763	64730185	4650000	4900000	0	3656	46	54571	spaced
SUPER_7	19510884	19596803	IR	338	.	19554075	0.338	0.950	28	168736	19510884	19510924	19596765	19596803	64730185	19450000	19700000	18	1730	38	85841	spaced
SUPER_7	42422250	42464101	IR	338	.	42442696	0.338	0.837	20	41826	42422250	42422833	42463564	42464101	64730185	42250000	42500000	0	3219	537	40731	spaced
SUPER_7	49484047	49618773	IR	338	.	49551378	0.338	0.802	20	135252	49484047	49485870	49616950	49618803	64730185	49450000	49700000	20	1690	1823	131080	wide
SUPER_7	16932116	17066833	IR	337	.	16999757	0.337	0.971	114	134684	16932116	16932921	17066042	17066833	64730185	16850000	17100000	0	2491	791	133121	wide
SUPER_7	25535512	25544605	IR	337	.	25540537	0.337	0.923	93	9087	25535512	25536706	25543411	25544617	64730185	25300000	25550000	0	4000	1194	6705	spaced
SUPER_7	28287613	28391965	IR	337	.	28340150	0.337	0.395	32	104330	28287613	28287651	28391927	28392007	64730185	28150000	28400000	0	3163	38	104276	wide
SUPER_7	52401687	52505192	IR	337	.	52453373	0.337	0.840	26	103461	52401687	52401729	52505150	52505200	64730185	52350000	52600000	205	1723	42	103421	wide
SUPER_7	29675694	29805371	IR	337	.	29740964	0.337	0.595	23	129635	29675694	29675766	29805329	29805371	64730185	29600000	29850000	0	2342	42	129563	wide
SUPER_7	19953719	19972846	IR	337	.	19962853	0.337	0.833	22	19077	19953719	19953769	19972796	19972856	64730185	19750000	20000000	0	3554	50	19027	spaced
SUPER_7	24948912	25016773	IR	336	.	24982663	0.336	0.939	390	69787	24948912	24953995	25011734	25016773	64730185	24900000	25150000	390	1380	5039	57739	spaced
SUPER_7	42225407	42324511	IR	336	.	42275185	0.336	0.583	29	99082	42225407	42225469	42324475	42324511	64730185	42150000	42400000	94	2082	36	99006	spaced
SUPER_7	40178812	40219952	IR	336	.	40198963	0.336	0.686	26	41092	40178812	40178860	40219904	40219974	64730185	40050000	40300000	0	2489	48	41044	spaced
SUPER_7	64019034	64089682	IR	336	.	64054348	0.336	0.667	26	70610	64019034	64019070	64089646	64089700	64730185	63900000	64150000	230	2572	36	70576	spaced
SUPER_7	1260747	1266905	IR	336	.	1263665	0.336	0.800	22	6116	1260747	1260787	1266865	1266915	64730185	1100000	1350000	210	2730	40	6078	spaced
SUPER_7	39321692	39518691	IR	336	.	39419950	0.336	0.833	21	196971	39321692	39321740	39518651	39518691	64730185	39300000	39550000	120	2003	40	196911	wide
SUPER_7	11751441	11951675	IR	335	.	11851780	0.335	0.968	253	200554	11751441	11753608	11949508	11951676	64730185	11750000	12000000	253	1692	2167	195900	wide
SUPER_7	22777623	22797232	IR	335	.	22787569	0.335	0.895	71	19805	22777623	22778923	22795958	22797232	64730185	22600000	22850000	71	3123	1274	17035	spaced
SUPER_7	43560227	43603959	IR	335	.	43582298	0.335	0.864	67	44045	43560227	43562776	43601413	43603959	64730185	43450000	43700000	67	2201	2546	38637	spaced
SUPER_7	18472829	18605382	IR	335	.	18539377	0.335	0.846	58	132536	18472829	18474264	18603994	18605382	64730185	18400000	18650000	0	2318	1388	129730	wide
SUPER_7	32424404	32478861	IR	335	.	32451263	0.335	0.706	25	54409	32424404	32424472	32478813	32478861	64730185	32250000	32500000	0	3360	48	54341	spaced
SUPER_7	5719639	5931308	IR	335	.	5825624	0.335	0.529	24	211631	5719639	5719673	5931274	5931336	64730185	5700000	5950000	44	2091	34	211601	wide
SUPER_7	7471803	7680695	IR	335	.	7576352	0.335	0.785	24	208887	7471803	7475737	7676783	7680695	64730185	7450000	7700000	24	2104	3912	201046	wide
SUPER_7	53145166	53298303	IR	335	.	53221718	0.335	0.958	24	153099	53145166	53145212	53298257	53298305	64730185	53050000	53300000	224	2862	46	153045	wide
SUPER_7	25175616	25330203	IR	334	.	25252590	0.334	0.856	444	153042	25175616	25180659	25325196	25330203	64730185	25100000	25350000	0	2548	5007	144537	wide
SUPER_7	10346476	10401673	IR	334	.	10374225	0.334	0.888	128	55293	10346476	10348146	10400032	10401673	64730185	10300000	10550000	130	1234	1641	51886	spaced
SUPER_7	49119412	49330570	IR	334	.	49225488	0.334	0.918	58	211140	49119412	49120649	49329347	49330570	64730185	49100000	49350000	0	2083	1223	208698	wide
SUPER_7	21149374	21304340	IR	334	.	21227035	0.334	0.789	55	155104	21149374	21150421	21303322	21304340	64730185	21100000	21350000	56	2113	1018	152901	wide
SUPER_7	45326492	45395550	IR	334	.	45361399	0.334	0.973	47	69032	45326492	45326869	45395173	45395550	64730185	45150000	45400000	0	3516	377	68304	spaced
SUPER_7	18113861	18159730	IR	334	.	18137083	0.334	0.782	32	45841	18113861	18114913	18158730	18159730	64730185	18100000	18350000	0	613	1000	43817	spaced
SUPER_7	8563446	8566809	IR	334	.	8565153	0.334	0.982	30	3377	8563446	8563667	8566588	8566809	64730185	8450000	8700000	30	1918	221	2921	spaced
SUPER_7	44749731	44766655	IR	334	.	44758633	0.334	0.595	24	16907	44749731	44749803	44766613	44766655	64730185	44550000	44800000	0	3469	42	16810	spaced
SUPER_7	41626479	41842493	IR	333	.	41734546	0.333	0.951	399	217404	41626479	41630682	41838290	41842510	64730185	41600000	41850000	399	2241	4203	207608	wide
SUPER_7	57539847	57545021	IR	333	.	57542223	0.333	0.946	104	6062	57539847	57540983	57543885	57545027	64730185	57350000	57600000	101	3207	1136	2902	spaced
SUPER_7	28430514	28474410	IR	333	.	28451985	0.333	0.854	102	43311	28430514	28436722	28468202	28474415	64730185	28250000	28500000	0	3374	6208	31480	spaced
SUPER_7	59009480	59093588	IR	333	.	59051397	0.333	0.877	63	84914	59009480	59010391	59092713	59093588	64730185	58950000	59200000	63	1692	875	82322	spaced
SUPER_7	36528125	36655671	IR	333	.	36591597	0.333	0.556	45	127536	36528125	36530777	36653019	36655680	64730185	36450000	36700000	0	2364	2652	122242	wide
SUPER_7	33804900	33807573	IR	333	.	33806673	0.333	0.657	32	2629	33804900	33804946	33807527	33807597	64730185	33600000	33850000	0	3437	46	2581	spaced
SUPER_7	33433713	33477757	IR	333	.	33455274	0.333	0.719	27	43998	33433713	33433759	33477711	33477775	64730185	33250000	33500000	0	3428	46	43952	spaced
SUPER_7	62042350	62098614	IR	333	.	62070604	0.333	0.960	24	56216	62042350	62042398	62098566	62098616	64730185	61850000	62100000	312	3674	48	56168	spaced
SUPER_7	4010220	4024379	IR	333	.	4016959	0.333	0.867	23	14107	4010220	4010272	4024327	4024387	64730185	3900000	4150000	0	1954	52	14055	spaced
SUPER_7	42842579	42982114	IR	333	.	42912735	0.333	0.383	23	139545	42842579	42900785	42923908	42982145	64730185	42750000	43000000	0	2705	58206	23123	spaced
SUPER_7	41023435	41041384	IR	332	.	41032842	0.332	0.820	68	17954	41023435	41025148	41039671	41041409	64730185	40800000	41050000	0	3873	1713	14523	spaced
SUPER_7	627165	710877	IR	332	.	668775	0.332	0.955	54	83900	627165	627761	710281	710877	64730185	500000	750000	54	2816	596	82520	spaced
SUPER_7	8930302	9056380	IR	332	.	8993363	0.332	0.434	40	126025	8930302	8930340	9056342	9056419	64730185	8900000	9150000	182	1555	38	126002	wide
SUPER_7	64488376	64535903	IR	332	.	64511925	0.332	1.000	39	47475	64488376	64488428	64535851	64535903	64730185	64300000	64550000	429	3535	52	47423	spaced
SUPER_7	23573094	23640979	IR	332	.	23606963	0.332	0.808	27	67843	23573094	23573136	23640937	23640989	64730185	23400000	23650000	338	3450	42	67801	spaced
SUPER_7	21756695	21982100	IR	332	.	21869414	0.332	0.808	26	225363	21756695	21756737	21982058	21982110	64730185	21750000	22000000	234	1989	42	225321	wide
SUPER_7	33980306	33980378	IR	332	.	33980349	0.332	0.940	26	115491	33980306	33980356	33980331	33980378	64730185	33850000	34100000	523	2172	47	-25	overlap
SUPER_7	25632550	25670212	IR	332	.	25651403	0.332	1.000	23	172778	25632550	25632596	25670166	25670212	64730185	25500000	25750000	193	2522	46	37570	spaced
SUPER_7	41074582	41257343	IR	332	.	41166042	0.332	0.960	23	182752	41074582	41074632	41257295	41257343	64730185	41050000	41300000	251	1932	48	182663	wide
SUPER_7	2544772	2564847	IR	332	.	2555132	0.332	0.806	21	20056	2544772	2544834	2564797	2564847	64730185	2350000	2600000	0	3413	50	19963	spaced
SUPER_7	18436210	18468359	IR	332	.	18452218	0.332	0.563	21	32136	18436210	18437786	18466788	18468359	64730185	18250000	18500000	22	3371	1571	29002	spaced
SUPER_7	50494209	50662655	IR	332	.	50578549	0.332	0.640	21	168414	50494209	50494593	50662327	50662655	64730185	50450000	50700000	61	2140	328	167734	wide
SUPER_7	38714064	38848736	IR	331	.	38781888	0.331	0.923	73	134611	38714064	38714843	38847992	38848736	64730185	38600000	38850000	0	3023	744	133149	wide
SUPER_7	46708953	46781550	IR	331	.	46745069	0.331	0.868	41	73400	46708953	46710343	46780212	46781550	64730185	46550000	46800000	41	3254	1338	69869	spaced
SUPER_7	2246815	2365116	IR	331	.	2305722	0.331	0.818	29	118647	2246815	2249306	2362625	2365119	64730185	2200000	2450000	29	1765	2491	113319	wide
SUPER_7	33757601	33762634	IR	331	.	33760196	0.331	0.885	27	5322	33757601	33758298	33761948	33762634	64730185	33700000	33950000	27	1001	686	3650	spaced
SUPER_7	55164837	55233294	IR	331	.	55198606	0.331	0.649	27	68409	55164837	55164911	55233246	55233294	64730185	55000000	55250000	0	3317	48	68335	spaced
SUPER_7	38120913	38145075	IR	331	.	38133334	0.331	0.968	25	24145	38120913	38121131	38144860	38145075	64730185	38100000	38350000	0	549	215	23729	spaced
SUPER_7	23785030	23856785	IR	331	.	23820885	0.331	0.917	24	71711	23785030	23785074	23856741	23856789	64730185	23650000	23900000	216	2848	44	71667	spaced
SUPER_7	15376333	15399472	IR	331	.	15387477	0.331	0.856	22	22965	15376333	15377185	15398620	15399512	64730185	15350000	15600000	0	631	852	21435	spaced
SUPER_7	29024588	29033361	IR	331	.	29029087	0.331	0.982	22	8836	29024588	29024751	29033198	29033361	64730185	28800000	29050000	22	3816	163	8447	spaced
SUPER_7	20441935	20456532	IR	330	.	20448926	0.330	0.928	243	14498	20441935	20445042	20453425	20456542	64730185	20250000	20500000	0	3320	3107	8383	spaced
SUPER_7	63844078	63974186	IR	330	.	63909536	0.330	0.939	214	130073	63844078	63847189	63971078	63974186	64730185	63800000	64050000	0	1818	3108	123889	wide
SUPER_7	47597178	47670493	IR	330	.	47633674	0.330	0.913	158	74007	47597178	47600319	47667352	47670529	64730185	47500000	47750000	158	2230	3141	67033	spaced
SUPER_7	1325905	1402002	IR	330	.	1363940	0.330	0.907	116	76233	1325905	1326903	1401031	1402002	64730185	1200000	1450000	128	2732	971	74128	spaced
SUPER_7	28046294	28092686	IR	330	.	28069963	0.330	0.928	110	46272	28046294	28047850	28091130	28092706	64730185	27850000	28100000	0	3658	1556	43280	spaced
SUPER_7	27432350	27535925	IR	330	.	27484243	0.330	0.947	87	103911	27432350	27433351	27534941	27535925	64730185	27400000	27650000	87	1402	984	101590	wide
SUPER_7	35834782	35944741	IR	330	.	35889901	0.330	0.886	32	110789	35834782	35836217	35943306	35944741	64730185	35800000	36050000	32	1495	1435	107089	wide
SUPER_7	16223231	16289316	IR	330	.	16256507	0.330	0.928	22	66057	16223231	16223519	16289028	16289318	64730185	16050000	16300000	0	3437	288	65509	spaced
SUPER_7	53375448	53480994	IR	329	.	53428077	0.329	0.971	132	105736	53375448	53376524	53479918	53480996	64730185	53300000	53550000	132	2136	1076	103394	wide
SUPER_7	39885931	39937728	IR	329	.	39911884	0.329	0.911	81	52105	39885931	39887172	39936500	39937728	64730185	39700000	39950000	81	3530	1228	49328	spaced
SUPER_7	54102644	54169649	IR	329	.	54136433	0.329	0.889	73	66924	54102644	54103816	54168540	54169649	64730185	53950000	54200000	0	3102	1109	64724	spaced
SUPER_7	48269716	48333497	IR	329	.	48302042	0.329	0.897	45	63712	48269716	48270788	48332425	48333511	64730185	48150000	48400000	0	2526	1072	61637	spaced
SUPER_7	15513453	15596976	IR	329	.	15555073	0.329	0.821	33	84055	15513453	15513945	15596529	15596976	64730185	15450000	15700000	38	1753	447	82584	spaced
SUPER_7	25749398	25764333	IR	329	.	25756631	0.329	0.808	20	14891	25749398	25749440	25764291	25764343	64730185	25700000	25950000	176	947	42	14851	spaced
SUPER_7	29842563	29870523	IR	328	.	29856102	0.328	0.861	34	27974	29842563	29843214	29869872	29870559	64730185	29750000	30000000	0	1775	651	26658	spaced
SUPER_7	49810563	49846203	IR	328	.	49827943	0.328	0.754	32	35617	49810563	49811636	49845136	49846203	64730185	49600000	49850000	0	3806	1067	33500	spaced
SUPER_7	839002	972855	IR	328	.	905971	0.328	0.759	29	133813	839002	839060	972811	972855	64730185	750000	1000000	352	2598	44	133751	wide
SUPER_7	64223624	64249462	IR	328	.	64236331	0.328	0.958	24	25792	64223624	64223672	64249416	64249462	64730185	64200000	64450000	180	608	46	25744	spaced
SUPER_7	32673165	32760258	IR	327	.	32716419	0.327	0.861	129	86993	32673165	32676865	32756587	32760258	64730185	32550000	32800000	0	2778	3671	79722	spaced
SUPER_7	47504837	47530119	IR	327	.	47517563	0.327	0.926	115	25387	47504837	47506278	47528682	47530119	64730185	47300000	47550000	115	3624	1437	22404	spaced
SUPER_7	46248589	46262756	IR	327	.	46255313	0.327	0.843	77	13721	46248589	46253690	46257655	46262864	64730185	46150000	46400000	0	1761	5101	3965	spaced
SUPER_7	6138031	6164817	IR	327	.	6151447	0.327	0.828	36	26809	6138031	6141082	6161766	6164822	64730185	5950000	6200000	36	3356	3051	20684	spaced
SUPER_7	51607607	51668948	IR	327	.	51638733	0.327	0.795	34	61118	51607607	51611175	51665386	51668948	64730185	51450000	51700000	0	3137	3562	54211	spaced
SUPER_7	64556786	64598914	IR	326	.	64577708	0.326	0.927	104	43569	64556786	64557838	64597862	64598921	64730185	64350000	64600000	124	3797	1052	40024	spaced
SUPER_7	11562312	11592770	IR	326	.	11577661	0.326	0.992	97	30515	11562312	11562796	11592286	11592770	64730185	11350000	11600000	97	3792	484	29490	spaced
SUPER_7	22425253	22510383	IR	326	.	22468029	0.326	0.936	65	85276	22425253	22426289	22509348	22510383	64730185	22350000	22600000	65	1963	1035	83059	spaced
SUPER_7	24928823	24935978	IR	326	.	24931958	0.326	0.919	65	7045	24928823	24930361	24934443	24935978	64730185	24750000	25000000	0	3039	1535	4082	spaced
SUPER_7	5267316	5347236	IR	326	.	5307672	0.326	0.406	59	79870	5267316	5303780	5310773	5347236	64730185	5250000	5500000	0	954	36463	6993	spaced
SUPER_7	41259160	41281830	IR	326	.	41270499	0.326	0.918	53	23535	41259160	41260062	41280928	41281852	64730185	41050000	41300000	53	3674	902	20866	spaced
SUPER_7	20987066	21072617	IR	326	.	21030272	0.326	0.832	45	85583	20987066	20988471	21071212	21072667	64730185	20850000	21100000	0	2997	1405	82741	spaced
SUPER_7	32115355	32131391	IR	326	.	32123329	0.326	0.964	35	15982	32115355	32115411	32131337	32131391	64730185	31900000	32150000	592	3722	54	15926	spaced
SUPER_7	37890145	37982062	IR	326	.	37936464	0.326	0.750	23	91869	37890145	37890193	37982014	37982078	64730185	37750000	38000000	0	3101	48	91821	spaced
SUPER_7	56392357	56477039	IR	325	.	56435160	0.325	0.857	136	84747	56392357	56398588	56470808	56477128	64730185	56250000	56500000	0	3078	6231	72220	spaced
SUPER_7	36970580	37090813	IR	325	.	37030397	0.325	0.871	66	120158	36970580	36974341	37087063	37090813	64730185	36950000	37200000	0	1344	3750	112722	wide
SUPER_7	37120466	37205538	IR	325	.	37162709	0.325	0.175	39	85034	37120466	37120506	37205498	37205600	64730185	37050000	37300000	0	1883	40	84992	spaced
SUPER_7	33807532	33807593	IR	325	.	33807565	0.325	0.957	35	2046	33807532	33807576	33807549	33807595	64730185	33600000	33850000	430	3459	44	-27	overlap
SUPER_7	58683866	58731726	IR	325	.	58707707	0.325	0.855	35	48180	58683866	58684597	58730995	58731767	64730185	58600000	58850000	39	1796	731	46398	spaced
SUPER_7	2412811	2484855	IR	325	.	2448455	0.325	0.815	31	72015	2412811	2414194	2483526	2484855	64730185	2300000	2550000	0	2480	1329	69332	spaced
SUPER_7	56078401	56124473	IR	325	.	56101464	0.325	0.880	25	46038	56078401	56078451	56124429	56124473	64730185	55900000	56150000	301	3357	44	45978	spaced
SUPER_7	44971631	45121241	IR	324	.	45046273	0.324	0.900	185	150701	44971631	44973807	45119065	45121312	64730185	44950000	45200000	185	1607	2176	145258	wide
SUPER_7	54523767	54614154	IR	324	.	54568773	0.324	0.882	92	90962	54523767	54524635	54613319	54614154	64730185	54500000	54750000	92	1149	835	88684	spaced
SUPER_7	38339219	38429174	IR	324	.	38384350	0.324	0.894	71	94110	38339219	38341410	38426991	38429174	64730185	38200000	38450000	71	3069	2183	85581	spaced
SUPER_7	33246692	33340571	IR	324	.	33293707	0.324	0.754	69	94177	33246692	33248095	33339245	33340571	64730185	33100000	33350000	69	3227	1326	91150	spaced
SUPER_7	55237603	55445386	IR	324	.	55341897	0.324	0.938	45	207770	55237603	55238426	55444563	55445394	64730185	55200000	55450000	0	2358	823	206137	wide
SUPER_7	7962	57113	IR	324	.	33043	0.324	0.458	37	49071	7962	29568	35507	57140	64730185	0	250000	0	542	21606	5939	spaced
SUPER_7	9382056	9432245	IR	324	.	9406927	0.324	0.474	36	50135	9382056	9382094	9432207	9432281	64730185	9200000	9450000	170	3452	38	50113	spaced
SUPER_7	29959112	30008851	IR	324	.	29983947	0.324	0.871	36	50201	29959112	29959979	30007984	30008890	64730185	29800000	30050000	36	3066	867	48005	spaced
SUPER_7	31312868	31479155	IR	324	.	31396216	0.324	0.963	32	166237	31312868	31312922	31479103	31479155	64730185	31250000	31500000	458	2433	52	166181	wide
SUPER_7	14292689	14335345	IR	324	.	14313517	0.324	0.833	21	42606	14292689	14292749	14335295	14335345	64730185	14100000	14350000	0	3566	50	42546	spaced
SUPER_7	36143788	36200297	IR	323	.	36171680	0.323	0.910	116	56357	36143788	36146020	36198065	36200336	64730185	36000000	36250000	0	2867	2232	52045	spaced
SUPER_7	27840841	27955578	IR	323	.	27898715	0.323	0.859	82	114794	27840841	27845590	27950829	27955654	64730185	27750000	28000000	0	2470	4749	105239	wide
SUPER_7	52256670	52260982	IR	323	.	52258854	0.323	0.956	61	4754	52256670	52257367	52260285	52260983	64730185	52250000	52500000	61	146	697	2918	spaced
SUPER_7	34982426	35003344	IR	323	.	34993316	0.323	0.423	46	20866	34982426	34982534	35003292	35003344	64730185	34850000	35100000	0	2381	52	20758	spaced
SUPER_7	26875853	27022956	IR	323	.	26948979	0.323	0.882	38	146954	26875853	26876803	27022011	27022956	64730185	26800000	27050000	0	2489	945	145208	wide
SUPER_7	55870322	55976903	IR	323	.	55923488	0.323	0.827	29	106717	55870322	55871834	55975391	55976941	64730185	55800000	56050000	35	2060	1512	103557	wide
SUPER_7	42638408	42688038	IR	323	.	42663613	0.323	0.389	21	49611	42638408	42655086	42671360	42688044	64730185	42550000	42800000	0	1886	16678	16274	spaced
SUPER_7	29634832	29675728	IR	323	.	29654973	0.323	0.382	20	40862	29634832	29634866	29675694	29675766	64730185	29450000	29700000	0	3421	34	40828	spaced
SUPER_7	1721061	1727274	IR	322	.	1724659	0.322	0.955	215	6195	1721061	1722786	1725572	1727274	64730185	1550000	1800000	0	2902	1702	2786	spaced
SUPER_7	49448892	49453624	IR	322	.	49450753	0.322	0.869	74	4714	49448892	49450032	49452546	49453624	64730185	49250000	49500000	0	3354	1078	2514	spaced
SUPER_7	42133939	42141569	IR	322	.	42137500	0.322	0.937	71	7611	42133939	42135227	42140281	42141573	64730185	41950000	42200000	0	3129	1288	5054	spaced
SUPER_7	37205500	37339438	IR	322	.	37272941	0.322	0.132	37	133900	37205500	37205600	37339400	37339438	64730185	37100000	37350000	0	2874	38	133800	wide
SUPER_7	14615205	14638589	IR	322	.	14627330	0.322	0.525	28	23380	14615205	14617035	14636759	14638657	64730185	14450000	14700000	0	2948	1830	19724	spaced
SUPER_7	57170913	57172908	IR	321	.	57172031	0.321	0.996	49	2033	57170913	57171187	57172634	57172908	64730185	56950000	57200000	49	3698	274	1447	immediate
SUPER_7	3033892	3044510	IR	321	.	3039665	0.321	0.804	32	10627	3033892	3035629	3042773	3044537	64730185	2950000	3200000	0	1486	1737	7144	spaced
SUPER_7	2024172	2116637	IR	321	.	2070158	0.321	0.895	30	92431	2024172	2024206	2116603	2116641	64730185	2000000	2250000	5	1173	34	92397	spaced
SUPER_7	12303456	12396849	IR	321	.	12350546	0.321	1.000	28	93333	12303456	12303518	12396787	12396849	64730185	12150000	12400000	0	3335	62	93269	spaced
SUPER_7	50916851	51021422	IR	321	.	50968926	0.321	0.962	27	104521	50916851	50916901	51021372	51021424	64730185	50800000	51050000	351	2818	50	104471	wide
SUPER_7	37813527	37890195	IR	321	.	37852282	0.321	0.929	20	76618	37813527	37813583	37890143	37890195	64730185	37750000	38000000	0	1697	52	76560	spaced
SUPER_7	48670813	48709266	IR	320	.	48690201	0.320	0.921	143	38629	48670813	48671939	48708140	48709266	64730185	48500000	48750000	143	3167	1126	36201	spaced
SUPER_7	32855642	32867713	IR	320	.	32861486	0.320	0.882	84	12695	32855642	32856905	32866450	32867793	64730185	32750000	33000000	94	1861	1263	9545	spaced
SUPER_7	32902580	32948302	IR	320	.	32925389	0.320	0.933	77	45870	32902580	32903465	32947427	32948302	64730185	32800000	33050000	78	2090	875	43962	spaced
SUPER_7	11596378	11603516	IR	320	.	11600031	0.320	0.841	48	7244	11596378	11597590	11602304	11603591	64730185	11550000	11800000	60	832	1212	4714	spaced
SUPER_7	53957759	54102106	IR	319	.	54029530	0.319	0.765	70	144296	53957759	53960816	54099064	54102106	64730185	53900000	54150000	0	2165	3042	138248	wide
SUPER_7	31487581	31569092	IR	319	.	31528412	0.319	0.866	60	82313	31487581	31488715	31567987	31569092	64730185	31450000	31700000	66	1305	1105	79272	spaced
SUPER_7	12217842	12217904	IR	319	.	12217877	0.319	0.915	22	53026	12217842	12217885	12217861	12217908	64730185	12050000	12300000	379	2797	43	-24	overlap
SUPER_7	18325089	18372737	IR	319	.	18348989	0.319	0.655	21	47604	18325089	18325127	18372699	18372757	64730185	18150000	18400000	76	3315	38	47572	spaced
SUPER_7	1650005	1705355	IR	318	.	1677334	0.318	0.948	239	55379	1650005	1652198	1703162	1705415	64730185	1650000	1900000	0	461	2193	50964	spaced
SUPER_7	4395923	4425740	IR	318	.	4410388	0.318	0.922	110	29800	4395923	4397442	4424221	4425757	64730185	4350000	4600000	0	1013	1519	26779	spaced
SUPER_7	54171359	54335741	IR	318	.	54253120	0.318	0.411	106	164412	54171359	54214289	54292811	54335790	64730185	54100000	54350000	0	2559	42930	78522	spaced
SUPER_7	14761304	14959995	IR	318	.	14860379	0.318	0.882	66	198680	14761304	14765267	14956032	14960004	64730185	14750000	15000000	0	1844	3963	190765	wide
SUPER_7	976757	1016535	IR	318	.	996267	0.318	0.848	48	39748	976757	978386	1014916	1016535	64730185	900000	1150000	0	1610	1619	36530	spaced
SUPER_7	20058556	20066506	IR	318	.	20062124	0.318	0.500	34	7914	20058556	20058640	20066462	20066506	64730185	20000000	20250000	0	1042	44	7822	spaced
SUPER_7	26334142	26544963	IR	318	.	26439226	0.318	0.646	31	210773	26334142	26334220	26544915	26544963	64730185	26300000	26550000	0	2325	48	210695	wide
SUPER_7	32269598	32424442	IR	318	.	32347297	0.318	0.553	21	154806	32269598	32269636	32424404	32424472	64730185	32200000	32450000	0	2450	38	154768	wide
SUPER_7	25855744	25859351	IR	317	.	25857649	0.317	0.935	46	4686	25855744	25856019	25859084	25859351	64730185	25700000	25950000	46	2625	267	3065	spaced
SUPER_7	44403630	44416356	IR	317	.	44409616	0.317	0.985	45	12708	44403630	44403964	44416022	44416356	64730185	44200000	44450000	0	3499	334	12058	spaced
SUPER_7	48153597	48200697	IR	317	.	48177132	0.317	0.929	45	60800	48153597	48153934	48200360	48200712	64730185	48000000	48250000	45	2952	337	46426	spaced
SUPER_7	27665055	27735771	IR	317	.	27700258	0.317	0.798	44	72310	27665055	27666953	27733873	27735864	64730185	27500000	27750000	44	3340	1898	66920	spaced
SUPER_7	38966526	38996847	IR	317	.	38981873	0.317	0.612	36	30752	38966526	38968019	38995415	38996847	64730185	38900000	39150000	36	1361	1432	27396	spaced
SUPER_7	26324841	26334194	IR	317	.	26329356	0.317	0.677	28	9301	26324841	26324883	26334152	26334214	64730185	26100000	26350000	216	3825	42	9269	spaced
SUPER_7	30166000	30250705	IR	317	.	30208570	0.317	0.870	22	84677	30166000	30166046	30250665	30250705	64730185	30050000	30300000	142	2639	40	84619	spaced
SUPER_7	35451070	35473845	IR	317	.	35462703	0.317	0.915	22	22660	35451070	35451606	35473309	35473849	64730185	35350000	35600000	0	1874	536	21703	spaced
SUPER_7	61773418	61950824	IR	317	.	61862329	0.317	0.800	21	177368	61773418	61773468	61950784	61950824	64730185	61750000	62000000	159	1868	40	177316	wide
SUPER_7	43001807	43028951	IR	316	.	43015179	0.316	0.942	127	27575	43001807	43003854	43026904	43028955	64730185	42800000	43050000	127	3589	2047	23050	spaced
SUPER_7	35660440	35769076	IR	316	.	35714791	0.316	0.629	38	114850	35660440	35660510	35769032	35769076	64730185	35600000	35850000	444	1912	44	108522	wide
SUPER_7	33980300	33997130	IR	316	.	33988261	0.316	0.640	33	16780	33980300	33980382	33997080	33997130	64730185	33900000	34150000	0	1478	50	16698	spaced
SUPER_7	9432209	9466020	IR	316	.	9449069	0.316	0.444	32	33787	9432209	9432281	9465984	9466020	64730185	9300000	9550000	63	2485	36	33703	spaced
SUPER_7	16533795	16687590	IR	316	.	16611055	0.316	0.390	20	153789	16533795	16568021	16653364	16687605	64730185	16500000	16750000	0	1844	34226	85343	spaced
SUPER_7	41462309	41579936	IR	315	.	41520698	0.315	0.801	369	117605	41462309	41473740	41568510	41579936	64730185	41350000	41600000	0	2851	11426	94770	spaced
SUPER_7	1914489	1971341	IR	315	.	1942687	0.315	0.870	86	57047	1914489	1915234	1970609	1971341	64730185	1750000	2000000	75	3215	732	55375	spaced
SUPER_7	47266703	47404414	IR	315	.	47335900	0.315	0.871	80	137677	47266703	47268397	47402803	47404414	64730185	47200000	47450000	0	2259	1611	134406	wide
SUPER_7	11408966	11470592	IR	315	.	11439985	0.315	0.879	65	62319	11408966	11410073	11469505	11470592	64730185	11300000	11550000	78	2329	1087	59432	spaced
SUPER_7	25078030	25128828	IR	315	.	25103256	0.315	0.859	41	51580	25078030	25078743	25128115	25128876	64730185	25050000	25300000	43	890	713	49372	spaced
SUPER_7	19203965	19207349	IR	315	.	19206096	0.315	0.858	28	3354	19203965	19204404	19206910	19207374	64730185	19200000	19450000	0	94	439	2506	spaced
SUPER_7	19931854	19939106	IR	315	.	19935621	0.315	0.840	28	8262	19931854	19933498	19937462	19939117	64730185	19850000	20100000	28	1424	1644	3964	spaced
SUPER_7	3301600	3357823	IR	315	.	3329841	0.315	0.835	22	56418	3301600	3304294	3355129	3357877	64730185	3150000	3400000	22	2995	2694	50835	spaced
SUPER_7	27142064	27292071	IR	315	.	27217515	0.315	0.742	21	149961	27142064	27142126	27292025	27292071	64730185	27050000	27300000	0	2784	46	149899	wide
SUPER_7	24613458	24617408	IR	314	.	24615484	0.314	0.862	94	4212	24613458	24614343	24616523	24617503	64730185	24600000	24850000	94	257	885	2180	spaced
SUPER_7	35068172	35179825	IR	314	.	35123971	0.314	0.925	38	111915	35068172	35068990	35179007	35179836	64730185	35050000	35300000	38	1233	818	110017	wide
SUPER_7	2116603	2161113	IR	314	.	2138505	0.314	0.409	34	44466	2116603	2116695	2161069	2161113	64730185	1950000	2200000	0	3147	44	44374	spaced
SUPER_7	5931276	6048948	IR	314	.	5990277	0.314	0.793	29	117632	5931276	5931334	6048902	6048948	64730185	5800000	6050000	336	3168	46	117568	wide
SUPER_7	13338254	13416390	IR	314	.	13376834	0.314	0.964	27	78084	13338254	13338310	13416336	13416390	64730185	13200000	13450000	0	2955	54	78026	spaced
SUPER_7	39062874	39130311	IR	314	.	39096486	0.314	0.399	24	67492	39062874	39083211	39109974	39130348	64730185	38900000	39150000	24	3276	20337	26763	spaced
SUPER_7	22063809	22110893	IR	314	.	22087560	0.314	0.808	21	47040	22063809	22063851	22110851	22110903	64730185	22000000	22250000	189	1455	42	47000	spaced
SUPER_7	57402255	57419742	IR	313	.	57411120	0.313	0.920	94	18150	57402255	57402970	57419027	57419775	64730185	57350000	57600000	95	1016	715	16057	spaced
SUPER_7	17811668	17819185	IR	313	.	17815765	0.313	0.891	76	7499	17811668	17814601	17816256	17819185	64730185	17600000	17850000	0	3590	2929	1655	immediate
SUPER_7	3911496	3923484	IR	313	.	3917914	0.313	0.904	48	11868	3911496	3911967	3923039	3923484	64730185	3800000	4050000	0	1958	445	11072	spaced
SUPER_7	38257444	38336274	IR	313	.	38296895	0.313	0.843	36	78945	38257444	38258148	38335570	38336314	64730185	38150000	38400000	36	2447	704	77422	spaced
SUPER_7	3867459	3886511	IR	313	.	3877223	0.313	0.942	32	18987	3867459	3867528	3886446	3886511	64730185	3650000	3900000	0	3782	65	18918	spaced
SUPER_7	54652686	54879911	IR	313	.	54765926	0.313	0.834	24	227232	54652686	54653739	54878858	54879953	64730185	54650000	54900000	0	1938	1053	225119	wide
SUPER_7	59131711	59239232	IR	312	.	59185145	0.312	0.810	185	107497	59131711	59137923	59233094	59239232	64730185	59000000	59250000	0	3091	6138	95171	spaced
SUPER_7	16104702	16150175	IR	312	.	16127434	0.312	0.842	59	45859	16104702	16105422	16149455	16150259	64730185	15950000	16200000	59	2957	720	44033	spaced
SUPER_7	22604020	22692160	IR	312	.	22648050	0.312	0.909	54	88241	22604020	22604430	22691765	22692160	64730185	22500000	22750000	54	2468	395	87335	spaced
SUPER_7	41340765	41457524	IR	312	.	41398651	0.312	0.641	36	116709	41340765	41340815	41457474	41457552	64730185	41250000	41500000	0	2485	50	116659	wide
SUPER_7	45584217	45589108	IR	312	.	45586954	0.312	0.972	32	4869	45584217	45584468	45588857	45589108	64730185	45350000	45600000	0	3944	251	4389	spaced
SUPER_7	55478305	55517328	IR	312	.	55497914	0.312	1.000	31	39018	55478305	55478359	55517274	55517328	64730185	55300000	55550000	441	3296	54	38915	spaced
SUPER_7	50798606	50803921	IR	312	.	50801476	0.312	0.920	29	5369	50798606	50798858	50803669	50803930	64730185	50700000	50950000	21	1687	252	4811	spaced
SUPER_7	15693519	15836336	IR	312	.	15764551	0.312	0.815	24	142773	15693519	15693573	15836292	15836336	64730185	15600000	15850000	0	2748	44	142719	wide
SUPER_7	54477227	54494555	IR	312	.	54485906	0.312	0.880	22	17282	54477227	54477271	54494511	54494561	64730185	54250000	54500000	204	3931	44	17240	spaced
SUPER_7	55978518	56059039	IR	312	.	56018907	0.312	0.939	22	80593	55978518	55978777	56058780	56059041	64730185	55850000	56100000	27	2812	259	80003	spaced
SUPER_7	5569639	5578556	IR	312	.	5574348	0.312	1.000	21	8865	5569639	5569691	5578504	5578556	64730185	5350000	5600000	0	3734	52	8813	spaced
SUPER_7	57315941	57356670	IR	311	.	57336309	0.311	0.915	276	96735	57315941	57319725	57352886	57356724	64730185	57200000	57450000	276	2271	3784	33161	spaced
SUPER_7	41937663	41951185	IR	311	.	41944227	0.311	0.955	172	13806	41937663	41938942	41949921	41951185	64730185	41750000	42000000	172	3240	1264	10979	spaced
SUPER_7	6188253	6268532	IR	311	.	6228841	0.311	0.824	41	80321	6188253	6190115	6266670	6268596	64730185	6150000	6400000	0	1306	1862	76555	spaced
SUPER_7	19470191	19510924	IR	311	.	19490229	0.311	0.795	36	40671	19470191	19470269	19510862	19510924	64730185	19300000	19550000	0	3175	62	40593	spaced
SUPER_7	64284371	64289004	IR	311	.	64286572	0.311	0.732	33	4808	64284371	64284596	64288779	64289059	64730185	64100000	64350000	61	3111	225	4183	spaced
SUPER_7	63677300	63732476	IR	310	.	63704701	0.310	0.824	29	55697	63677300	63679147	63730702	63732476	64730185	63550000	63800000	29	2581	1774	51555	spaced
SUPER_7	45979640	46017232	IR	310	.	45998662	0.310	0.765	26	37537	45979640	45979679	46017193	46017244	64730185	45850000	46100000	151	2473	39	37514	spaced
SUPER_7	25045479	25059045	IR	309	.	25052724	0.309	0.948	416	13497	25045479	25049279	25055282	25059045	64730185	24950000	25200000	0	1704	3763	6003	spaced
SUPER_7	24491971	24509888	IR	309	.	24501431	0.309	0.474	22	17859	24491971	24492086	24509830	24509888	64730185	24350000	24600000	0	2515	58	17744	spaced
SUPER_7	4615652	4837764	IR	309	.	4727028	0.309	0.929	21	222060	4615652	4615708	4837712	4837764	64730185	4600000	4850000	0	2111	52	222004	wide
SUPER_7	50205242	50349259	IR	308	.	50277110	0.308	0.937	123	144221	50205242	50206637	50347864	50349265	64730185	50150000	50400000	127	2120	1395	141227	wide
SUPER_7	51408393	51420965	IR	308	.	51414671	0.308	0.939	62	12706	51408393	51409071	51420287	51420978	64730185	51250000	51500000	62	2744	678	11216	spaced
SUPER_7	34276032	34286848	IR	308	.	34281320	0.308	0.854	49	11177	34276032	34278304	34284588	34286848	64730185	34150000	34400000	49	2190	2260	6284	spaced
SUPER_7	35577747	35660486	IR	308	.	35619129	0.308	0.629	36	82685	35577747	35577791	35660442	35660512	64730185	35450000	35700000	442	2818	44	82651	spaced
SUPER_7	3246289	3293497	IR	308	.	3269519	0.308	0.968	28	47148	3246289	3246349	3293437	3293499	64730185	3050000	3300000	0	3664	60	47088	spaced
SUPER_7	38604138	38686282	IR	308	.	38644932	0.308	0.928	23	82129	38604138	38604491	38685929	38686288	64730185	38600000	38850000	0	753	353	81438	spaced
SUPER_7	10452719	10457922	IR	307	.	10455809	0.307	0.813	23	5180	10452719	10452969	10457706	10457922	64730185	10350000	10600000	0	1755	216	4737	spaced
SUPER_7	63137665	63232404	IR	306	.	63185098	0.306	0.876	96	95459	63137665	63138593	63231476	63232436	64730185	63050000	63300000	96	2250	928	92883	spaced
SUPER_7	58663052	58667854	IR	306	.	58665630	0.306	0.876	46	4915	58663052	58663282	58667624	58667880	64730185	58450000	58700000	46	3590	230	4342	spaced
SUPER_7	58783281	58789045	IR	306	.	58786006	0.306	0.978	35	23833	58783281	58783555	58788771	58789048	64730185	58700000	58950000	35	1435	274	5216	spaced
SUPER_7	53740428	53901155	IR	304	.	53820509	0.304	0.838	147	160708	53740428	53741898	53899685	53901159	64730185	53700000	53950000	0	2013	1470	157787	wide
SUPER_7	44665727	44749787	IR	304	.	44707918	0.304	0.828	28	84008	44665727	44665775	44749739	44749797	64730185	44500000	44750000	342	3462	48	83964	spaced
SUPER_7	60622513	60658874	IR	304	.	60640201	0.304	0.838	24	36259	60622513	60623561	60657826	60658929	64730185	60450000	60700000	0	3178	1048	34265	spaced
SUPER_7	60167306	60205585	IR	304	.	60186148	0.304	0.824	20	38212	60167306	60167640	60205261	60205585	64730185	60100000	60350000	0	1440	324	37621	spaced
SUPER_7	27985697	27993011	IR	303	.	27988944	0.303	0.872	58	7370	27985697	27986853	27991855	27993092	64730185	27750000	28000000	0	3989	1156	5002	spaced
SUPER_7	26544915	26596534	IR	300	.	26570395	0.300	0.667	28	51571	26544915	26544963	26596486	26596558	64730185	26350000	26600000	0	3678	48	51523	spaced
SUPER_7	274555	387024	IR	300	.	330559	0.300	0.920	23	112421	274555	274601	386978	387028	64730185	200000	450000	238	2179	46	112377	wide
SUPER_7	39300952	39321732	IR	300	.	39310879	0.300	0.742	22	20734	39300952	39300998	39321686	39321748	64730185	39100000	39350000	0	3522	46	20688	spaced
SUPER_7	56237484	56315651	IR	299	.	56276632	0.299	0.898	87	78261	56237484	56238453	56314682	56315702	64730185	56150000	56400000	88	2109	969	76229	spaced
SUPER_7	38504549	38510321	IR	298	.	38507844	0.298	0.951	139	5766	38504549	38506287	38508583	38510334	64730185	38300000	38550000	0	3457	1738	2296	spaced
SUPER_7	29269096	29380164	IR	298	.	29325018	0.298	0.919	38	111000	29269096	29269170	29380096	29380164	64730185	29150000	29400000	0	2910	68	110926	wide
SUPER_7	61704099	61773460	IR	298	.	61738992	0.298	0.840	20	69315	61704099	61704141	61773418	61773468	64730185	61600000	61850000	129	2312	42	69277	spaced
SUPER_7	50674281	50750108	IR	297	.	50711999	0.297	0.573	61	76150	50674281	50677967	50746463	50750108	64730185	50550000	50800000	63	2703	3645	68496	spaced
SUPER_7	10465959	10556719	IR	297	.	10511697	0.297	0.857	26	90739	10465959	10466394	10556322	10556719	64730185	10450000	10700000	0	1022	397	89928	spaced
SUPER_7	8516759	8522465	IR	294	.	8519818	0.294	0.831	50	5742	8516759	8518216	8521032	8522465	64730185	8300000	8550000	56	3660	1433	2816	spaced
SUPER_7	29506350	29609024	IR	294	.	29557699	0.294	0.891	27	102774	29506350	29506722	29608652	29609036	64730185	29500000	29750000	27	961	372	101930	wide
SUPER_7	37572901	37705338	IR	293	.	37638764	0.293	0.929	20	132385	37572901	37572953	37705286	37705342	64730185	37500000	37750000	0	2318	52	132333	wide
SUPER_7	54937249	55048073	IR	292	.	54993028	0.292	0.976	39	110754	54937249	54937588	55047734	55048073	64730185	54850000	55100000	0	2377	339	110146	wide
SUPER_8	63456307	63463857	IR	971	.	63460082	0.971	0.921	390	8779	63456307	63459666	63460498	63463908	63469118	63250000	63469118	390	3501	3359	832	immediate
SUPER_8	6019026	6023035	IR	805	.	6021051	0.805	0.967	327	4561	6019026	6020616	6021486	6023035	63469118	5900000	6150000	365	2017	1549	870	immediate
SUPER_8	28355927	28535759	IR	768	.	28445764	0.768	0.935	91	192377	28355927	28442873	28448854	28535759	63469118	28300000	28550000	95	2430	86905	5981	spaced
SUPER_8	4877507	4881360	IR	644	.	4879433	0.644	0.975	282	92348	4877507	4879000	4879867	4881380	63469118	4800000	5050000	282	1323	1493	867	immediate
SUPER_8	10157561	10158692	IR	626	.	10158127	0.626	0.976	71	56704	10157561	10158022	10158232	10158692	63469118	10000000	10250000	79	2635	460	210	immediate
SUPER_8	55854875	55861869	IR	605	.	55858372	0.605	0.607	89	7205	55854875	55857712	55859032	55861940	63469118	55700000	55950000	89	2639	2837	1320	immediate
SUPER_8	18463838	18482182	IR	595	.	18473417	0.595	0.954	35	18332	18463838	18464226	18481794	18482187	63469118	18400000	18650000	0	1216	388	17568	spaced
SUPER_8	31331567	31333752	IR	585	.	31332661	0.585	0.968	54	2237	31331567	31332062	31333260	31333752	63469118	31100000	31350000	54	3877	492	1198	immediate
SUPER_8	27411974	27414026	IR	569	.	27413000	0.569	0.972	109	91680	27411974	27412608	27413392	27414028	63469118	27300000	27550000	111	1883	634	784	immediate
SUPER_8	40755609	40756875	IR	568	.	40756242	0.568	0.954	34	3997	40755609	40755977	40756507	40756875	63469118	40650000	40900000	34	1770	368	530	immediate
SUPER_8	15137244	15195089	IR	539	.	15166379	0.539	0.913	176	58253	15137244	15138632	15193750	15195089	63469118	15000000	15250000	180	2769	1339	55118	spaced
SUPER_8	53206749	53212651	IR	530	.	53209702	0.530	0.952	227	6455	53206749	53209142	53210275	53212651	63469118	53050000	53300000	227	2661	2376	1133	immediate
SUPER_8	32459227	32461306	IR	530	.	32460266	0.530	0.956	54	2381	32459227	32459887	32460650	32461306	63469118	32350000	32600000	54	1837	656	763	immediate
SUPER_8	7821196	7823287	IR	527	.	7822338	0.527	0.626	26	2143	7821196	7822052	7822460	7823287	63469118	7800000	8050000	31	370	827	408	immediate
SUPER_8	57950813	57952148	IR	522	.	57951483	0.522	0.868	66	2035	57950813	57951335	57951631	57952148	63469118	57750000	58000000	85	3357	517	296	immediate
SUPER_8	11258848	11263437	IR	516	.	11260783	0.516	0.787	74	4606	11258848	11259897	11262388	11263472	63469118	11250000	11500000	0	185	1049	2491	spaced
SUPER_8	27700022	27776366	IR	510	.	27738651	0.510	0.507	78	75931	27700022	27737456	27738932	27776387	63469118	27700000	27950000	0	636	37434	1476	immediate
SUPER_8	52630326	52632377	IR	506	.	52631174	0.506	0.894	28	2145	52630326	52630966	52631760	52632377	63469118	52450000	52700000	28	3022	617	794	immediate
SUPER_8	33704949	33708158	IR	505	.	33706591	0.505	0.831	37	3584	33704949	33705900	33707282	33708158	63469118	33550000	33800000	37	2609	876	1382	immediate
SUPER_8	21590626	21595396	IR	500	.	21593011	0.500	0.831	64	4951	21590626	21592281	21593741	21595397	63469118	21350000	21600000	67	4050	1655	1460	immediate
SUPER_8	19387641	19389802	IR	498	.	19388723	0.498	0.820	27	2154	19387641	19388206	19389272	19389802	63469118	19150000	19400000	27	3978	530	1066	immediate
SUPER_8	2011556	2178819	IR	480	.	2095147	0.480	0.390	24	167274	2011556	2094794	2095581	2178870	63469118	2000000	2250000	63	1586	83238	787	immediate
SUPER_8	55661561	55662748	IR	473	.	55662154	0.473	0.951	87	176451	55661561	55662057	55662253	55662748	63469118	55550000	55800000	87	1869	495	196	immediate
SUPER_8	32568974	32576213	IR	471	.	32572967	0.471	0.909	109	7242	32568974	32570942	32574245	32576246	63469118	32400000	32650000	0	2876	1968	3303	spaced
SUPER_8	63147335	63148897	IR	469	.	63148116	0.469	0.959	95	86996	63147335	63147970	63148262	63148913	63469118	63050000	63300000	95	1635	635	292	immediate
SUPER_8	29652364	29883844	IR	469	.	29767707	0.469	0.440	80	231456	29652364	29688816	29847450	29883844	63469118	29650000	29900000	0	1968	36394	158634	wide
SUPER_8	30024607	30103544	IR	468	.	30064076	0.468	0.872	173	79337	30024607	30026486	30101693	30103544	63469118	29900000	30150000	174	2734	1851	75207	spaced
SUPER_8	55197293	55280404	IR	461	.	55238855	0.461	0.401	112	83499	55197293	55238662	55239035	55280519	63469118	55100000	55350000	117	2314	41369	373	immediate
SUPER_8	46754068	46970751	IR	461	.	46862615	0.461	0.843	37	217121	46754068	46754779	46970040	46970762	63469118	46750000	47000000	37	1873	711	215261	wide
SUPER_8	42393195	42395156	IR	459	.	42394365	0.459	0.940	92	2065	42393195	42394047	42394317	42395156	63469118	42150000	42400000	92	4069	839	270	immediate
SUPER_8	6944567	7097333	IR	457	.	7020936	0.457	0.954	105	153464	6944567	6945730	7096170	7097333	63469118	6850000	7100000	105	2849	1163	150440	wide
SUPER_8	1093176	1173293	IR	456	.	1133692	0.456	0.406	23	40767	1093176	1133233	1133236	1173391	63469118	1050000	1300000	0	1387	40057	3	immediate
SUPER_8	61034146	61036309	IR	444	.	61035233	0.444	0.872	29	2167	61034146	61034491	61035975	61036309	63469118	60900000	61150000	29	2253	334	1484	immediate
SUPER_8	40230331	40389344	IR	439	.	40309345	0.439	0.838	31	158996	40230331	40231827	40387851	40389344	63469118	40200000	40450000	0	1830	1493	156024	wide
SUPER_8	33798484	33887162	IR	433	.	33842328	0.433	0.906	55	88657	33798484	33799740	33885906	33887163	63469118	33650000	33900000	0	3213	1256	86166	spaced
SUPER_8	21343119	21485167	IR	432	.	21414143	0.432	0.843	60	143625	21343119	21346945	21481348	21485167	63469118	21250000	21500000	60	2735	3819	134403	wide
SUPER_8	62409144	62411158	IR	429	.	62410151	0.429	0.836	49	2102	62409144	62409425	62410919	62411158	63469118	62200000	62450000	73	3502	239	1494	immediate
SUPER_8	14250809	14338269	IR	426	.	14294975	0.426	0.759	21	87490	14250809	14253268	14335810	14338317	63469118	14100000	14350000	0	3242	2459	82542	spaced
SUPER_8	63159293	63162073	IR	422	.	63160683	0.422	0.928	84	2964	63159293	63160207	63161184	63162073	63469118	62950000	63200000	84	3511	889	977	immediate
SUPER_8	2606607	2609358	IR	422	.	2607983	0.422	0.973	71	2798	2606607	2607120	2608846	2609358	63469118	2500000	2750000	71	1799	512	1726	immediate
SUPER_8	35404058	35407158	IR	419	.	35405617	0.419	0.816	37	3164	35404058	35405227	35406007	35407158	63469118	35250000	35500000	37	2593	1151	780	immediate
SUPER_8	21883524	22060495	IR	417	.	21972034	0.417	0.391	85	177825	21883524	21971099	21972972	22060495	63469118	21850000	22100000	86	2033	87523	1873	immediate
SUPER_8	12837182	12875177	IR	412	.	12856664	0.412	0.729	132	35521	12837182	12844651	12867710	12875177	63469118	12650000	12900000	0	3436	7467	23059	spaced
SUPER_8	27160888	27298039	IR	409	.	27229820	0.409	0.818	22	137147	27160888	27161754	27297173	27298057	63469118	27100000	27350000	0	2157	866	135419	wide
SUPER_8	26092952	26131718	IR	408	.	26112547	0.408	0.921	123	39397	26092952	26095327	26129344	26131718	63469118	25900000	26150000	123	3538	2374	34017	spaced
SUPER_8	27457957	27609983	IR	408	.	27534075	0.408	0.516	114	231829	27457957	27499956	27568017	27609983	63469118	27400000	27650000	122	2232	41966	68061	spaced
SUPER_8	8210530	8268352	IR	407	.	8239713	0.407	0.794	23	57810	8210530	8212868	8266014	8268359	63469118	8100000	8350000	0	2323	2338	53146	spaced
SUPER_8	58922785	58942317	IR	406	.	58932778	0.406	0.840	23	19494	58922785	58922835	58942275	58942317	63469118	58700000	58950000	190	3875	42	19440	spaced
SUPER_8	60964962	60969239	IR	405	.	60966927	0.405	0.937	57	4609	60964962	60965910	60968291	60969251	63469118	60850000	61100000	57	1951	948	2381	spaced
SUPER_8	27379319	27389185	IR	396	.	27383764	0.396	0.612	25	9558	27379319	27382176	27386328	27389235	63469118	27150000	27400000	0	3904	2857	4152	spaced
SUPER_8	27612655	27687943	IR	395	.	27650510	0.395	0.623	100	183924	27612655	27633452	27667180	27687943	63469118	27550000	27800000	84	1671	20763	33728	spaced
SUPER_8	9442851	9455558	IR	395	.	9449598	0.395	0.840	59	12721	9442851	9443848	9454561	9455591	63469118	9300000	9550000	0	2486	997	10713	spaced
SUPER_8	19193960	19234570	IR	394	.	19214754	0.394	0.854	63	40545	19193960	19196422	19232145	19234570	63469118	19050000	19300000	0	2737	2425	35723	spaced
SUPER_8	28011758	28125732	IR	393	.	28068286	0.393	0.895	97	112073	28011758	28063734	28073756	28125737	63469118	28000000	28250000	0	1145	51976	10022	spaced
SUPER_8	15259920	15356344	IR	390	.	15307669	0.390	0.838	36	96362	15259920	15259982	15356282	15356356	63469118	15150000	15400000	0	2635	62	96300	spaced
SUPER_8	59868743	59972523	IR	390	.	59920440	0.390	0.880	22	103738	59868743	59868793	59972479	59972523	63469118	59800000	60050000	251	2010	44	103686	wide
SUPER_8	62893131	62957803	IR	389	.	62925631	0.389	0.903	82	65172	62893131	62894567	62956367	62957835	63469118	62750000	63000000	89	2924	1436	61800	spaced
SUPER_8	26759266	26785698	IR	389	.	26772891	0.389	0.741	34	26409	26759266	26762381	26782591	26785698	63469118	26700000	26950000	0	1207	3107	20210	spaced
SUPER_8	13506548	13568905	IR	387	.	13538153	0.387	0.921	26	62331	13506548	13507153	13568304	13568905	63469118	13350000	13600000	0	3128	601	61151	spaced
SUPER_8	16885923	17047522	IR	385	.	16966696	0.385	0.807	30	161681	16885923	16886499	17046946	17047540	63469118	16800000	17050000	30	2778	576	160447	wide
SUPER_8	27299045	27345128	IR	384	.	27322030	0.384	0.936	82	46429	27299045	27299726	27344454	27345128	63469118	27100000	27350000	82	3701	674	44728	spaced
SUPER_8	12250647	12387543	IR	384	.	12319083	0.384	1.000	29	136874	12250647	12250695	12387495	12387543	63469118	12150000	12400000	273	2818	48	136800	wide
SUPER_8	52439951	52621873	IR	383	.	52531261	0.383	0.812	26	181870	52439951	52440003	52621821	52621885	63469118	52400000	52650000	0	2181	52	181818	wide
SUPER_8	56550607	56673996	IR	382	.	56612059	0.382	0.953	256	123404	56550607	56550861	56673744	56673996	63469118	56550000	56800000	19	1038	252	122883	wide
SUPER_8	19755090	19998830	IR	381	.	19876726	0.381	0.952	122	243973	19755090	19756349	19997571	19998832	63469118	19750000	20000000	122	2115	1259	241222	wide
SUPER_8	36627584	36793223	IR	381	.	36710306	0.381	0.923	23	165595	36627584	36627636	36793175	36793223	63469118	36550000	36800000	266	2673	48	165539	wide
SUPER_8	28556373	28676739	IR	380	.	28616467	0.380	0.920	88	125960	28556373	28576428	28656684	28676825	63469118	28550000	28800000	89	1109	20055	80256	spaced
SUPER_8	5874151	5967937	IR	380	.	5921360	0.380	0.877	56	93756	5874151	5877448	5964640	5967949	63469118	5750000	6000000	0	2850	3297	87192	spaced
SUPER_8	16165217	16396284	IR	380	.	16280510	0.380	0.630	36	233082	16165217	16167729	16393772	16396445	63469118	16150000	16400000	36	2176	2512	226043	wide
SUPER_8	54291480	54351335	IR	380	.	54321888	0.380	0.891	33	59866	54291480	54292032	54350783	54351364	63469118	54150000	54400000	0	2856	552	58751	spaced
SUPER_8	23458822	23507588	IR	379	.	23482993	0.379	0.822	59	48813	23458822	23460195	23506215	23507642	63469118	23450000	23700000	18	553	1373	46020	spaced
SUPER_8	13407285	13450606	IR	379	.	13429332	0.379	0.615	38	43269	13407285	13407373	13450554	13450606	63469118	13250000	13500000	0	2982	52	43181	spaced
SUPER_8	39654574	39693434	IR	378	.	39674443	0.378	0.667	22	38820	39654574	39654614	39693394	39693454	63469118	39450000	39700000	0	3733	40	38780	spaced
SUPER_8	7609082	7611300	IR	378	.	7610573	0.378	0.793	20	2180	7609082	7609128	7611254	7611312	63469118	7400000	7650000	0	3503	46	2126	spaced
SUPER_8	10807208	10846040	IR	377	.	10826712	0.377	0.957	20	38831	10807208	10807346	10845905	10846040	63469118	10650000	10900000	20	2943	135	38559	spaced
SUPER_8	57568705	57614079	IR	375	.	57591331	0.375	0.746	36	45610	57568705	57570668	57612188	57614079	63469118	57500000	57750000	36	1523	1891	41520	spaced
SUPER_8	52729648	52782469	IR	375	.	52755875	0.375	0.821	27	54547	52729648	52733009	52779108	52782471	63469118	52650000	52900000	27	1767	3361	46099	spaced
SUPER_8	23514998	23517820	IR	374	.	23516413	0.374	0.918	43	3066	23514998	23515973	23516851	23517820	63469118	23500000	23750000	43	273	969	878	immediate
SUPER_8	2293895	2301149	IR	373	.	2297528	0.373	0.940	228	7591	2293895	2296401	2298654	2301149	63469118	2150000	2400000	228	2458	2495	2253	spaced
SUPER_8	49553358	49633220	IR	372	.	49593585	0.372	0.886	32	79853	49553358	49553420	49633158	49633228	63469118	49450000	49700000	0	2388	62	79738	spaced
SUPER_8	15633426	15699309	IR	371	.	15666262	0.371	0.897	138	68023	15633426	15637347	15695388	15699337	63469118	15550000	15800000	138	1939	3921	58041	spaced
SUPER_8	53594648	53596721	IR	371	.	53596039	0.371	0.983	126	2045	53594648	53595633	53595736	53596721	63469118	53350000	53600000	0	4094	985	103	immediate
SUPER_8	48744576	48793846	IR	371	.	48769654	0.371	0.772	38	49249	48744576	48745503	48792958	48793846	63469118	48550000	48800000	0	3653	888	47455	spaced
SUPER_8	9890132	9945838	IR	370	.	9917641	0.370	0.899	330	55725	9890132	9892919	9943051	9945874	63469118	9800000	10050000	0	1966	2787	50132	spaced
SUPER_8	54639121	54849832	IR	368	.	54744003	0.368	0.765	26	210694	54639121	54639189	54849780	54849832	63469118	54600000	54850000	0	2407	52	210591	wide
SUPER_8	25029662	25084493	IR	368	.	25056827	0.368	0.767	21	54648	25029662	25031710	25082511	25084493	63469118	24850000	25100000	0	3451	1982	50801	spaced
SUPER_8	19486203	19570597	IR	367	.	19527974	0.367	0.423	32	84367	19486203	19526065	19530785	19570597	63469118	19450000	19700000	0	1306	39812	4720	spaced
SUPER_8	60260647	60273261	IR	367	.	60267308	0.367	0.630	27	12570	60260647	60260693	60273215	60273291	63469118	60100000	60350000	0	2782	46	12522	spaced
SUPER_8	39122266	39298477	IR	367	.	39209969	0.367	0.706	26	176163	39122266	39122334	39298429	39298477	63469118	39050000	39300000	0	2672	48	176095	wide
SUPER_8	41034476	41038520	IR	366	.	41036506	0.366	0.878	83	4608	41034476	41035426	41037647	41038520	63469118	40850000	41100000	83	3108	873	2221	spaced
SUPER_8	9625418	9719723	IR	365	.	9672073	0.365	0.736	155	91761	9625418	9630812	9714329	9719774	63469118	9500000	9750000	0	2876	5394	83517	spaced
SUPER_8	32665640	32832153	IR	365	.	32749229	0.365	0.926	48	166495	32665640	32666409	32831384	32832154	63469118	32650000	32900000	0	1648	769	164975	wide
SUPER_8	17137041	17176009	IR	365	.	17156834	0.365	0.387	40	20018	17137041	17156044	17157007	17176009	63469118	16950000	17200000	0	3441	19002	963	immediate
SUPER_8	53755146	53807642	IR	365	.	53781542	0.365	0.878	30	52837	53755146	53756423	53806380	53807642	63469118	53700000	53950000	30	1356	1262	49957	spaced
SUPER_8	55501714	55514484	IR	365	.	55508370	0.365	0.964	22	12716	55501714	55501770	55514430	55514484	63469118	55300000	55550000	0	3468	54	12660	spaced
SUPER_8	4974810	5086780	IR	365	.	5030438	0.365	0.857	20	111924	4974810	4974866	5086732	5086780	63469118	4850000	5100000	0	3013	48	111866	wide
SUPER_8	55975596	55983105	IR	364	.	55979662	0.364	0.842	38	7445	55975596	55975660	55983041	55983117	63469118	55750000	56000000	0	3822	64	7381	spaced
SUPER_8	1615766	1668417	IR	364	.	1642002	0.364	0.733	34	52611	1615766	1615826	1668373	1668417	63469118	1450000	1700000	460	3201	44	52547	spaced
SUPER_8	34285549	34355094	IR	362	.	34320665	0.362	0.929	129	69505	34285549	34286949	34353702	34355094	63469118	34150000	34400000	0	2838	1392	66753	spaced
SUPER_8	42972850	42980688	IR	362	.	42976428	0.362	0.283	43	7792	42972850	42972896	42980642	42980750	63469118	42750000	43000000	0	3779	46	7746	spaced
SUPER_8	58681444	58683817	IR	362	.	58682660	0.362	0.807	43	2514	58681444	58681795	58683466	58683876	63469118	58450000	58700000	56	3877	351	1671	immediate
SUPER_8	50598936	50737799	IR	362	.	50668300	0.362	0.462	42	138881	50598936	50603273	50733483	50737799	63469118	50550000	50800000	42	1972	4316	130210	wide
SUPER_8	44987901	45128932	IR	362	.	45058744	0.362	0.649	30	140983	44987901	44987975	45128884	45128932	63469118	44900000	45150000	0	2640	48	140909	wide
SUPER_8	61388649	61509770	IR	362	.	61449002	0.362	0.858	22	121243	61388649	61389807	61508612	61509784	63469118	61300000	61550000	22	2486	1158	118805	wide
SUPER_8	22752621	22979746	IR	361	.	22865849	0.361	0.927	101	227145	22752621	22754220	22978147	22979791	63469118	22750000	23000000	0	1936	1599	223927	wide
SUPER_8	42051623	42154855	IR	360	.	42103308	0.360	0.992	130	103931	42051623	42052277	42154203	42154855	63469118	42050000	42300000	130	887	652	101926	wide
SUPER_8	31076301	31127011	IR	360	.	31102053	0.360	0.797	49	50686	31076301	31077574	31125785	31127011	63469118	30950000	31200000	0	2527	1226	48211	spaced
SUPER_8	3000395	3119484	IR	360	.	3060210	0.360	0.889	36	119084	3000395	3001174	3118705	3119505	63469118	2950000	3200000	0	1832	779	117531	wide
SUPER_8	49413594	49461663	IR	360	.	49437926	0.360	0.392	31	24264	49413594	49437606	49437651	49461684	63469118	49400000	49650000	0	627	24012	45	immediate
SUPER_8	59828186	59868789	IR	360	.	59848320	0.360	0.920	27	40555	59828186	59828232	59868743	59868793	63469118	59700000	59950000	252	2474	46	40511	spaced
SUPER_8	59367092	59469415	IR	359	.	59418168	0.359	0.976	749	104098	59367092	59372351	59464156	59469416	63469118	59250000	59500000	749	2804	5259	91805	spaced
SUPER_8	40465108	40541401	IR	359	.	40503160	0.359	0.887	57	76709	40465108	40465795	40540758	40541401	63469118	40300000	40550000	61	3387	643	74963	spaced
SUPER_8	54211456	54220760	IR	359	.	54215988	0.359	0.636	39	9259	54211456	54211498	54220718	54220784	63469118	54200000	54450000	552	268	42	9220	spaced
SUPER_8	56883629	56907914	IR	358	.	56895531	0.358	0.939	63	25092	56883629	56884045	56907498	56907925	63469118	56800000	57050000	41	1596	416	23453	spaced
SUPER_8	49874522	49943383	IR	358	.	49909233	0.358	0.874	41	68812	49874522	49875712	49942243	49943383	63469118	49700000	49950000	0	3482	1140	66531	spaced
SUPER_8	17385504	17469296	IR	357	.	17427346	0.357	0.890	41	84026	17385504	17386182	17468618	17469309	63469118	17250000	17500000	42	2956	678	82436	spaced
SUPER_8	60711221	60890119	IR	357	.	60800175	0.357	0.834	35	178878	60711221	60713039	60888326	60890119	63469118	60650000	60900000	0	2511	1793	175287	wide
SUPER_8	52041135	52246236	IR	357	.	52143288	0.357	0.568	28	205061	52041135	52041179	52246192	52246270	63469118	52000000	52250000	0	2394	44	205013	wide
SUPER_8	44953773	44987937	IR	357	.	44970514	0.357	0.475	25	34128	44953773	44953813	44987897	44987975	63469118	44800000	45050000	0	2847	40	34084	spaced
SUPER_8	21734377	21782486	IR	356	.	21758134	0.356	0.950	148	48087	21734377	21735897	21780967	21782486	63469118	21550000	21800000	0	3473	1519	45070	spaced
SUPER_8	36285306	36289702	IR	356	.	36287504	0.356	0.878	62	6752	36285306	36286595	36288413	36289709	63469118	36100000	36350000	62	3124	1289	1818	immediate
SUPER_8	54949163	55040633	IR	355	.	54994708	0.355	0.886	138	91798	54949163	54951231	55038565	55040697	63469118	54800000	55050000	138	3248	2068	87334	spaced
SUPER_8	47905660	47962054	IR	355	.	47933392	0.355	0.519	35	56306	47905660	47909985	47957729	47962138	63469118	47900000	48150000	0	564	4325	47744	spaced
SUPER_8	4620315	4720607	IR	354	.	4670384	0.354	0.937	96	101268	4620315	4621282	4719640	4720625	63469118	4550000	4800000	96	2007	967	98358	spaced
SUPER_8	4051139	4078909	IR	354	.	4065289	0.354	0.851	47	27701	4051139	4052434	4077617	4078909	63469118	3850000	4100000	0	3583	1292	25183	spaced
SUPER_8	61087710	61282368	IR	354	.	61184716	0.354	0.914	34	194641	61087710	61087780	61282304	61282368	63469118	61050000	61300000	0	2250	64	194524	wide
SUPER_8	48826857	48984441	IR	354	.	48905290	0.354	0.898	26	157467	48826857	48827533	48983782	48984441	63469118	48800000	49050000	0	1760	659	156249	wide
SUPER_8	20325843	20394718	IR	354	.	20360509	0.354	0.933	23	68874	20325843	20326079	20394482	20394719	63469118	20200000	20450000	23	2671	236	68403	spaced
SUPER_8	50257536	50421913	IR	353	.	50339771	0.353	0.792	32	164414	50257536	50257905	50421544	50421979	63469118	50250000	50500000	37	1495	369	163639	wide
SUPER_8	31957205	32134087	IR	353	.	32045221	0.353	0.568	30	176838	31957205	31957283	32134043	32134087	63469118	31900000	32150000	0	2427	44	176760	wide
SUPER_8	5314878	5512182	IR	353	.	5413266	0.353	0.963	20	197268	5314878	5314932	5512130	5512182	63469118	5300000	5550000	0	1892	52	197198	wide
SUPER_8	37040203	37162723	IR	352	.	37101611	0.352	0.963	30	122470	37040203	37040257	37162671	37162723	63469118	36950000	37200000	460	2524	52	122414	wide
SUPER_8	5512130	5650907	IR	352	.	5581255	0.352	0.897	21	138725	5512130	5512182	5650855	5650913	63469118	5450000	5700000	0	2191	52	138673	wide
SUPER_8	12939892	13060875	IR	351	.	13000432	0.351	0.414	64	121890	12939892	12980485	13020331	13060875	63469118	12850000	13100000	78	2506	40544	39846	spaced
SUPER_8	62010350	62213633	IR	351	.	62111701	0.351	0.811	31	201548	62010350	62015302	62208721	62213633	63469118	62000000	62250000	0	1866	4912	193419	wide
SUPER_8	11724514	11941971	IR	351	.	11833533	0.351	0.781	23	217452	11724514	11724564	11941921	11941985	63469118	11700000	11950000	0	2220	50	217357	wide
SUPER_8	1366805	1551930	IR	350	.	1459466	0.350	0.920	140	185733	1366805	1368741	1549994	1551956	63469118	1350000	1600000	141	1822	1936	181253	wide
SUPER_8	14513083	14558892	IR	350	.	14535786	0.350	0.961	36	46005	14513083	14513464	14558512	14558892	63469118	14400000	14650000	37	2266	380	45048	spaced
SUPER_8	2695159	2796160	IR	349	.	2745310	0.349	0.952	115	101004	2695159	2696294	2795025	2796185	63469118	2600000	2850000	0	2427	1135	98731	spaced
SUPER_8	42628602	42648099	IR	348	.	42637997	0.348	0.836	64	19444	42628602	42633827	42642880	42648099	63469118	42400000	42650000	0	3972	5219	9053	spaced
SUPER_8	25148524	25339136	IR	348	.	25244165	0.348	0.906	59	190601	25148524	25149651	25338009	25339145	63469118	25100000	25350000	0	2397	1127	188358	wide
SUPER_8	40079347	40121788	IR	348	.	40100156	0.348	0.000	40	42405	40079347	40079383	40121752	40121862	63469118	39950000	40200000	0	2509	36	42369	spaced
SUPER_8	42484802	42614535	IR	348	.	42549524	0.348	0.755	37	129731	42484802	42486391	42613047	42614535	63469118	42450000	42700000	37	1661	1488	126656	wide
SUPER_8	51466396	51639265	IR	348	.	51552356	0.348	0.827	25	172818	51466396	51467509	51638228	51639265	63469118	51400000	51650000	0	2547	1037	170719	wide
SUPER_8	52621823	52621881	IR	348	.	52621841	0.348	0.951	25	61493	52621823	52621862	52621842	52621883	63469118	52500000	52750000	249	2030	39	-20	overlap
SUPER_8	18117704	18301129	IR	348	.	18209160	0.348	0.500	21	183387	18117704	18117776	18301091	18301129	63469118	18100000	18350000	0	1823	38	183315	wide
SUPER_8	53262081	53418570	IR	347	.	53339826	0.347	0.960	37	156469	53262081	53262460	53418191	53418570	63469118	53250000	53500000	0	1505	379	155731	wide
SUPER_8	16532295	16656972	IR	347	.	16595108	0.347	0.847	32	124659	16532295	16533557	16655740	16656972	63469118	16450000	16700000	0	2410	1232	122183	wide
SUPER_8	31689558	31790425	IR	347	.	31739637	0.347	0.474	27	100829	31689558	31689632	31790387	31790425	63469118	31550000	31800000	0	3166	38	100755	wide
SUPER_8	61690459	61850241	IR	347	.	61770327	0.347	0.704	21	159789	61690459	61690497	61850203	61850257	63469118	61650000	61900000	81	2005	38	159706	wide
SUPER_8	9962357	10109811	IR	347	.	10036053	0.347	0.864	20	147414	9962357	9962395	10109773	10109817	63469118	9950000	10200000	78	1434	38	147378	wide
SUPER_8	22333492	22421910	IR	346	.	22377461	0.346	0.947	292	93317	22333492	22335058	22420344	22421915	63469118	22250000	22500000	153	2128	1566	85286	spaced
SUPER_8	40668589	40677883	IR	346	.	40673054	0.346	0.889	110	9559	40668589	40670542	40675930	40677975	63469118	40500000	40750000	112	2887	1953	5388	spaced
SUPER_8	30765595	30901722	IR	346	.	30833932	0.346	0.907	105	136108	30765595	30767550	30899794	30901722	63469118	30700000	30950000	0	2227	1928	132244	wide
SUPER_8	9344166	9346381	IR	346	.	9345292	0.346	0.854	72	2342	9344166	9344674	9345887	9346381	63469118	9150000	9400000	84	3254	494	1213	immediate
SUPER_8	4111356	4266654	IR	346	.	4188839	0.346	0.800	35	155254	4111356	4111416	4266606	4266654	63469118	4050000	4300000	475	2316	48	155190	wide
SUPER_8	39041657	39122310	IR	346	.	39082238	0.346	0.647	26	80609	39041657	39041701	39122266	39122334	63469118	38950000	39200000	0	2199	44	80565	spaced
SUPER_8	33392767	33453996	IR	345	.	33423237	0.345	0.910	44	62413	33392767	33393465	33453313	33453996	63469118	33300000	33550000	44	2056	683	59848	spaced
SUPER_8	20144659	20296531	IR	345	.	20220212	0.345	0.413	38	151928	20144659	20165878	20275312	20296614	63469118	20050000	20300000	0	2843	21219	109434	wide
SUPER_8	10905499	11103685	IR	345	.	11004281	0.345	0.600	20	198146	10905499	10905539	11103645	11103713	63469118	10900000	11150000	0	1743	40	198106	wide
SUPER_8	8374038	8573966	IR	344	.	8473644	0.344	0.946	216	199951	8374038	8376820	8571184	8574008	63469118	8350000	8600000	0	2066	2782	194364	wide
SUPER_8	22454084	22622849	IR	344	.	22538691	0.344	0.904	90	169275	22454084	22455366	22621567	22622902	63469118	22450000	22700000	88	1474	1282	166201	wide
SUPER_8	36361555	36369970	IR	344	.	36365573	0.344	0.667	26	8365	36361555	36361595	36369930	36369990	63469118	36200000	36450000	158	2762	40	8335	spaced
SUPER_8	45556206	45760512	IR	344	.	45658836	0.344	0.403	26	204254	45556206	45625283	45691438	45760512	63469118	45550000	45800000	0	1805	69074	66155	spaced
SUPER_8	16661275	16843499	IR	343	.	16752716	0.343	0.887	71	182241	16661275	16663251	16841523	16843538	63469118	16600000	16850000	0	2539	1976	178272	wide
SUPER_8	57014083	57151415	IR	343	.	57082686	0.343	0.438	46	137302	57014083	57014164	57151375	57151415	63469118	56950000	57200000	510	2212	40	137211	wide
SUPER_8	6195355	6390730	IR	343	.	6293502	0.343	0.854	43	195358	6195355	6197412	6388684	6390730	63469118	6150000	6400000	0	2383	2046	191272	wide
SUPER_8	25903608	26037296	IR	343	.	25970836	0.343	0.907	30	133619	25903608	25904138	26036766	26037301	63469118	25800000	26050000	0	2840	530	132628	wide
SUPER_8	40545613	40630830	IR	343	.	40588632	0.343	0.802	25	84481	40545613	40548854	40627589	40630855	63469118	40500000	40750000	0	1470	3241	78735	spaced
SUPER_8	3811142	3979438	IR	343	.	3895783	0.343	0.111	22	168261	3811142	3811238	3979402	3979438	63469118	3750000	4000000	0	2421	36	168164	wide
SUPER_8	25467473	25575344	IR	343	.	25521888	0.343	0.770	21	107841	25467473	25468228	25574589	25575346	63469118	25350000	25600000	0	2856	755	106361	wide
SUPER_8	46570860	46661169	IR	342	.	46615573	0.342	0.905	87	90292	46570860	46572387	46659674	46661169	63469118	46500000	46750000	0	1933	1495	87287	spaced
SUPER_8	39308901	39367859	IR	342	.	39338497	0.342	0.832	70	59896	39308901	39312925	39363842	39367859	63469118	39150000	39400000	70	3139	4017	50917	spaced
SUPER_8	57851737	57857194	IR	342	.	57854571	0.342	0.935	63	6030	57851737	57852710	57856221	57857196	63469118	57700000	57950000	63	2574	973	3511	spaced
SUPER_8	23888427	24076731	IR	342	.	23982338	0.342	0.956	55	188330	23888427	23888789	24076372	24076731	63469118	23850000	24100000	39	2209	359	187583	wide
SUPER_8	25804521	25892827	IR	342	.	25849143	0.342	0.849	45	88206	25804521	25806055	25891368	25892827	63469118	25800000	26050000	0	811	1459	85313	spaced
SUPER_8	40121762	40121856	IR	342	.	40121805	0.342	0.868	44	119401	40121762	40121830	40121797	40121856	63469118	39950000	40200000	1305	2863	59	-33	overlap
SUPER_8	45877515	46068125	IR	342	.	45972831	0.342	0.868	44	192726	45877515	45879682	46065960	46068125	63469118	45850000	46100000	44	2046	2165	186278	wide
SUPER_8	60978972	60995010	IR	342	.	60986690	0.342	0.969	30	15976	60978972	60979036	60994948	60995010	63469118	60750000	61000000	0	3949	62	15912	spaced
SUPER_8	4757264	4851335	IR	342	.	4804125	0.342	0.703	20	95653	4757264	4758463	4850171	4851335	63469118	4650000	4900000	22	2571	1164	91708	spaced
SUPER_8	51793557	51870672	IR	341	.	51832153	0.341	0.901	53	78239	51793557	51794738	51869491	51870689	63469118	51650000	51900000	53	3035	1181	74753	spaced
SUPER_8	2804903	2892139	IR	341	.	2848881	0.341	0.767	28	87190	2804903	2804949	2892093	2892153	63469118	2650000	2900000	0	3308	46	87144	spaced
SUPER_8	17564008	17567115	IR	341	.	17565767	0.341	0.920	24	3063	17564008	17564058	17567069	17567115	63469118	17350000	17600000	272	3592	46	3011	spaced
SUPER_8	63021023	63097706	IR	341	.	63058984	0.341	0.394	22	38397	63021023	63059309	63059420	63097756	63469118	62850000	63100000	0	3489	38286	111	immediate
SUPER_8	23223302	23289939	IR	340	.	23256420	0.340	0.841	131	71821	23223302	23229520	23283723	23289939	63469118	23100000	23350000	131	2610	6216	54203	spaced
SUPER_8	31433517	31480817	IR	340	.	31457311	0.340	0.934	119	47826	31433517	31434750	31479584	31480842	63469118	31400000	31650000	119	952	1233	44834	spaced
SUPER_8	46537164	46564061	IR	340	.	46550233	0.340	0.851	56	26971	46537164	46538345	46562880	46564157	63469118	46400000	46650000	0	2510	1181	24535	spaced
SUPER_8	9369287	9374775	IR	340	.	9371547	0.340	0.744	48	5557	9369287	9371075	9372987	9374864	63469118	9200000	9450000	0	2867	1788	1912	immediate
SUPER_8	39488369	39541333	IR	340	.	39514396	0.340	0.936	41	52946	39488369	39489401	39540301	39541335	63469118	39300000	39550000	0	3580	1032	50900	spaced
SUPER_8	26925791	27005217	IR	340	.	26965036	0.340	0.740	39	78622	26925791	26927595	27003413	27005229	63469118	26800000	27050000	0	2758	1804	75818	spaced
SUPER_8	571127	683893	IR	340	.	627621	0.340	0.921	32	113916	571127	571736	683284	683898	63469118	550000	800000	32	1291	609	111548	wide
SUPER_8	13788058	13869136	IR	340	.	13828925	0.340	0.306	32	81042	13788058	13788140	13869100	13869136	63469118	13650000	13900000	0	2976	36	80960	spaced
SUPER_8	5650859	5755743	IR	340	.	5703167	0.340	1.000	27	104834	5650859	5650909	5755693	5755743	63469118	5600000	5850000	324	1721	50	104784	wide
SUPER_8	56699138	56816340	IR	339	.	56757381	0.339	0.490	297	117179	56699138	56736324	56779163	56816340	63469118	56650000	56900000	0	1795	37177	42839	spaced
SUPER_8	63189744	63238863	IR	339	.	63214339	0.339	0.930	144	59155	63189744	63192497	63236110	63238871	63469118	63000000	63250000	144	3571	2753	43613	spaced
SUPER_8	22266954	22280013	IR	339	.	22273314	0.339	0.874	58	13205	22266954	22268177	22278824	22280013	63469118	22250000	22500000	58	391	1189	10647	spaced
SUPER_8	7334499	7532124	IR	339	.	7433618	0.339	0.872	56	197606	7334499	7336845	7529782	7532124	63469118	7300000	7550000	0	2221	2342	192937	wide
SUPER_8	50895044	51009734	IR	339	.	50952560	0.339	0.922	32	114953	50895044	50895537	51009241	51009738	63469118	50800000	51050000	32	2539	493	113704	wide
SUPER_8	43498365	43698945	IR	339	.	43598554	0.339	0.960	25	200534	43498365	43498415	43698897	43698945	63469118	43450000	43700000	265	2477	48	200482	wide
SUPER_8	18602786	18798660	IR	339	.	18700608	0.339	0.667	22	195830	18602786	18602822	18798624	18798678	63469118	18600000	18850000	39	1678	36	195802	wide
SUPER_8	42260311	42366153	IR	338	.	42313250	0.338	0.947	72	106017	42260311	42261218	42365247	42366153	63469118	42150000	42400000	72	2720	906	104029	wide
SUPER_8	34567411	34573629	IR	338	.	34570723	0.338	0.875	60	6473	34567411	34568050	34573047	34573629	63469118	34350000	34600000	60	3675	582	4997	spaced
SUPER_8	43187560	43202093	IR	338	.	43194359	0.338	0.325	34	14493	43187560	43187650	43202053	43202093	63469118	43100000	43350000	0	1580	40	14403	spaced
SUPER_8	3535990	3598780	IR	338	.	3566942	0.338	0.565	31	62746	3535990	3536072	3598734	3598780	63469118	3400000	3650000	0	2789	46	62662	spaced
SUPER_8	44636451	44669231	IR	338	.	44652456	0.338	0.804	31	32756	44636451	44638079	44667644	44669231	63469118	44450000	44700000	0	3380	1587	29565	spaced
SUPER_8	30270926	30463213	IR	338	.	30367596	0.338	0.818	26	192342	30270926	30272064	30462075	30463288	63469118	30250000	30500000	0	1951	1138	190011	wide
SUPER_8	54236816	54240710	IR	338	.	54239220	0.338	0.775	24	3866	54236816	54237568	54240048	54240710	63469118	54000000	54250000	0	3979	662	2480	spaced
SUPER_8	36029468	36198937	IR	337	.	36114315	0.337	0.789	118	169965	36029468	36031724	36196681	36198990	63469118	36000000	36250000	124	1903	2256	164957	wide
SUPER_8	41561612	41644272	IR	337	.	41602788	0.337	0.924	73	82938	41561612	41562629	41643255	41644285	63469118	41400000	41650000	73	3382	1017	80626	spaced
SUPER_8	11613961	11641189	IR	337	.	11627177	0.337	0.856	69	27202	11613961	11617370	11637780	11641199	63469118	11400000	11650000	0	3792	3409	20410	spaced
SUPER_8	56346483	56529048	IR	337	.	56437808	0.337	0.846	66	182677	56346483	56349198	56526333	56529051	63469118	56300000	56550000	66	2295	2715	177135	wide
SUPER_8	56124755	56185012	IR	337	.	56155185	0.337	0.919	62	60245	56124755	56125999	56183768	56185029	63469118	55950000	56200000	0	3414	1244	57769	spaced
SUPER_8	37355795	37547391	IR	337	.	37451180	0.337	0.389	37	107541	37355795	37439895	37463303	37547391	63469118	37300000	37550000	0	2526	84088	23408	spaced
SUPER_8	56908139	57014125	IR	337	.	56960901	0.337	0.639	34	149962	56908139	56908175	57014089	57014147	63469118	56850000	57100000	63	1852	36	105914	wide
SUPER_8	30119023	30237529	IR	337	.	30178632	0.337	0.867	24	118458	30119023	30119083	30237477	30237529	63469118	30000000	30250000	0	2971	52	118394	wide
SUPER_8	48652439	48704301	IR	337	.	48678600	0.337	0.703	24	51845	48652439	48652748	48704011	48704301	63469118	48500000	48750000	6	2972	290	51263	spaced
SUPER_8	12686460	12824733	IR	336	.	12755124	0.336	0.909	107	138254	12686460	12688082	12823150	12824733	63469118	12600000	12850000	0	2593	1583	135068	wide
SUPER_8	24446439	24529173	IR	336	.	24487303	0.336	0.819	53	82749	24446439	24449961	24525651	24529207	63469118	24350000	24600000	0	2296	3522	75690	spaced
SUPER_8	53652622	53670870	IR	336	.	53662071	0.336	0.790	53	18227	53652622	53654630	53668881	53670870	63469118	53650000	53900000	0	195	1989	14251	spaced
SUPER_8	49951571	50082917	IR	336	.	50017723	0.336	0.904	48	131318	49951571	49951999	50082526	50082917	63469118	49850000	50100000	0	2787	391	130527	wide
SUPER_8	51094518	51267537	IR	336	.	51181132	0.336	0.852	25	172977	51094518	51094572	51267491	51267537	63469118	51050000	51300000	295	2183	46	172919	wide
SUPER_8	33180508	33246459	IR	336	.	33213092	0.336	0.688	20	65907	33180508	33180552	33246415	33246479	63469118	33050000	33300000	0	2724	44	65863	spaced
SUPER_8	41366422	41487510	IR	335	.	41427104	0.335	0.927	97	121197	41366422	41367257	41486706	41487510	63469118	41350000	41600000	97	1282	804	119449	wide
SUPER_8	9051279	9152506	IR	335	.	9102145	0.335	0.917	79	101086	9051279	9052385	9151402	9152506	63469118	8950000	9200000	0	2531	1104	99017	spaced
SUPER_8	32509076	32526344	IR	335	.	32517993	0.335	0.846	38	17249	32509076	32510460	32524960	32526349	63469118	32300000	32550000	0	3628	1384	14500	spaced
SUPER_8	35517069	35729087	IR	335	.	35623554	0.335	0.790	24	212028	35517069	35521158	35724998	35729116	63469118	35500000	35750000	0	2051	4089	203840	wide
SUPER_8	30938192	31042492	IR	335	.	30990267	0.335	0.741	21	104264	30938192	30938246	31042452	31042492	63469118	30800000	31050000	222	3172	40	104206	wide
SUPER_8	24791841	24814708	IR	335	.	24803177	0.335	0.769	20	22821	24791841	24791881	24814668	24814720	63469118	24700000	24950000	128	1721	40	22787	spaced
SUPER_8	13660806	13750604	IR	334	.	13705936	0.334	0.909	48	89834	13660806	13661961	13749451	13750604	63469118	13550000	13800000	47	2594	1153	87490	spaced
SUPER_8	26477722	26546911	IR	334	.	26512064	0.334	0.404	38	35350	26477722	26512288	26512345	26546936	63469118	26300000	26550000	0	3538	34566	57	immediate
SUPER_8	58455933	58622732	IR	334	.	58539827	0.334	0.827	30	166845	58455933	58458882	58619783	58622797	63469118	58400000	58650000	0	2322	2949	160901	wide
SUPER_8	60404798	60557821	IR	334	.	60481229	0.334	0.849	24	153543	60404798	60405238	60557418	60557821	63469118	60350000	60600000	24	2188	403	152180	wide
SUPER_8	57247490	57310767	IR	334	.	57278672	0.334	0.805	22	63211	57247490	57248436	57309877	57310767	63469118	57100000	57350000	0	2985	890	61441	spaced
SUPER_8	26139257	26157514	IR	334	.	26147958	0.334	0.444	21	18221	26139257	26139329	26157478	26157514	63469118	25950000	26200000	0	3306	36	18149	spaced
SUPER_8	24250849	24436435	IR	334	.	24343582	0.334	0.917	20	185546	24250849	24250897	24436391	24436435	63469118	24200000	24450000	133	2393	44	185494	wide
SUPER_8	14691212	14709907	IR	333	.	14700087	0.333	0.838	68	18668	14691212	14693244	14707933	14709907	63469118	14550000	14800000	0	2509	1974	14689	spaced
SUPER_8	37943844	37990490	IR	333	.	37966856	0.333	0.969	65	46618	37943844	37944480	37989856	37990490	63469118	37800000	38050000	0	2785	634	45376	spaced
SUPER_8	57337449	57473087	IR	333	.	57404854	0.333	0.392	31	106136	57337449	57366988	57443583	57473087	63469118	57250000	57500000	0	2587	29504	76595	spaced
SUPER_8	42927489	42957548	IR	333	.	42942016	0.333	0.800	29	30006	42927489	42928600	42956450	42957548	63469118	42800000	43050000	0	2375	1098	27850	spaced
SUPER_8	21224532	21282901	IR	333	.	21253981	0.333	0.385	28	58325	21224532	21253722	21253739	21282901	63469118	21050000	21300000	0	3395	29162	17	immediate
SUPER_8	53841794	54022980	IR	333	.	53932179	0.333	0.847	23	181267	53841794	53842422	54022352	54022985	63469118	53800000	54050000	23	2206	628	179930	wide
SUPER_8	41096281	41100862	IR	333	.	41098676	0.333	0.643	21	4541	41096281	41096317	41100826	41100882	63469118	40900000	41150000	55	3309	36	4509	spaced
SUPER_8	10401009	10546620	IR	332	.	10473638	0.332	0.780	69	146231	10401009	10402132	10545497	10546639	63469118	10350000	10600000	79	2063	1123	143365	wide
SUPER_8	2541305	2578738	IR	332	.	2560194	0.332	0.882	65	37568	2541305	2542364	2577679	2578807	63469118	2350000	2600000	65	3500	1059	35315	spaced
SUPER_8	41963569	42000756	IR	332	.	41981916	0.332	0.740	53	37193	41963569	41965298	41999027	42000759	63469118	41850000	42100000	28	2202	1729	33729	spaced
SUPER_8	7995533	8050524	IR	332	.	8022622	0.332	0.897	26	54968	7995533	7996110	8049947	8050525	63469118	7850000	8100000	0	2883	577	53837	spaced
SUPER_8	17486705	17564052	IR	332	.	17525048	0.332	0.812	24	77299	17486705	17486757	17564000	17564064	63469118	17350000	17600000	0	2922	52	77243	spaced
SUPER_8	20005301	20097465	IR	331	.	20051547	0.331	0.833	155	93197	20005301	20009280	20093773	20097465	63469118	19950000	20200000	156	1689	3692	84493	spaced
SUPER_8	34269234	34284673	IR	331	.	34277185	0.331	0.934	54	15601	34269234	34269789	34284118	34284676	63469118	34050000	34300000	49	3782	555	14329	spaced
SUPER_8	27832406	27846908	IR	331	.	27839588	0.331	0.909	53	15595	27832406	27833227	27846087	27846926	63469118	27800000	28050000	53	660	821	12860	spaced
SUPER_8	49229575	49313080	IR	331	.	49270838	0.331	0.933	48	83492	49229575	49230176	49312479	49313093	63469118	49100000	49350000	0	2855	601	82303	spaced
SUPER_8	54527798	54571858	IR	331	.	54550107	0.331	0.644	27	43737	54527798	54528346	54571310	54571883	63469118	54350000	54600000	0	3330	548	42964	spaced
SUPER_8	6653534	6826856	IR	331	.	6739784	0.331	0.643	20	173282	6653534	6653602	6826814	6826856	63469118	6600000	6850000	0	2336	42	173212	wide
SUPER_8	14718385	14768192	IR	330	.	14743613	0.330	0.903	138	49755	14718385	14720712	14765889	14768192	63469118	14550000	14800000	0	3221	2303	45177	spaced
SUPER_8	26461455	26465582	IR	330	.	26463977	0.330	0.936	137	4100	26461455	26463152	26463913	26465582	63469118	26250000	26500000	0	3558	1669	761	immediate
SUPER_8	22215806	22238343	IR	330	.	22227159	0.330	0.873	91	22640	22215806	22218006	22236143	22238375	63469118	22050000	22300000	91	2951	2200	18137	spaced
SUPER_8	47574247	47662719	IR	330	.	47618398	0.330	0.948	82	88709	47574247	47575236	47661739	47662719	63469118	47500000	47750000	82	1974	980	86503	spaced
SUPER_8	59502772	59655976	IR	330	.	59579805	0.330	0.863	75	152883	59502772	59506086	59652662	59656030	63469118	59450000	59700000	0	2156	3314	146576	wide
SUPER_8	15470453	15594698	IR	330	.	15532427	0.330	0.858	58	124757	15470453	15471664	15593487	15594713	63469118	15350000	15600000	58	3042	1211	121823	wide
SUPER_8	24076917	24171039	IR	330	.	24124440	0.330	0.846	51	93930	24076917	24081484	24166472	24171062	63469118	23950000	24200000	0	2899	4567	84988	spaced
SUPER_8	36369928	36379431	IR	330	.	36374754	0.330	0.774	35	9461	36369928	36369990	36379383	36379431	63469118	36150000	36400000	475	3744	48	9393	spaced
SUPER_8	35159237	35161834	IR	330	.	35160755	0.330	0.951	33	2610	35159237	35159524	35161554	35161834	63469118	35100000	35350000	33	1008	280	2030	spaced
SUPER_8	15960538	16074758	IR	330	.	16017468	0.330	0.779	25	126084	15960538	15964106	16071221	16074758	63469118	15900000	16150000	25	1960	3537	107115	wide
SUPER_8	14145412	14163817	IR	330	.	14154218	0.330	0.847	24	18180	14145412	14146636	14162593	14163881	63469118	14050000	14300000	0	1743	1224	15957	spaced
SUPER_8	43830639	43883623	IR	330	.	43857162	0.330	0.920	24	52940	43830639	43830689	43883577	43883623	63469118	43700000	43950000	270	2618	46	52888	spaced
SUPER_8	61073183	61087764	IR	330	.	61080034	0.330	0.742	23	14537	61073183	61073229	61087718	61087780	63469118	61000000	61250000	0	1341	46	14489	spaced
SUPER_8	197717	328592	IR	329	.	263313	0.329	0.964	1029	133198	197717	205758	320551	328655	63469118	100000	350000	1029	2719	8041	114793	wide
SUPER_8	11149826	11243546	IR	329	.	11196435	0.329	0.904	135	93777	11149826	11151681	11241691	11243622	63469118	11100000	11350000	0	1611	1855	90010	spaced
SUPER_8	41691501	41720458	IR	329	.	41705484	0.329	0.896	50	28973	41691501	41692000	41719959	41720499	63469118	41550000	41800000	0	2599	499	27959	spaced
SUPER_8	15881084	15885044	IR	329	.	15883064	0.329	0.933	38	4137	15881084	15881635	15884493	15885044	63469118	15650000	15900000	38	3884	551	2858	spaced
SUPER_8	30501146	30543500	IR	329	.	30521900	0.329	0.905	36	42334	30501146	30501864	30542782	30543530	63469118	30300000	30550000	0	3705	718	40918	spaced
SUPER_8	31828019	31957261	IR	329	.	31892754	0.329	0.742	31	129251	31828019	31828065	31957215	31957277	63469118	31750000	32000000	397	2377	46	129150	wide
SUPER_8	41100822	41295060	IR	329	.	41197693	0.329	1.000	22	194204	41100822	41100856	41295026	41295060	63469118	41050000	41300000	2	2465	34	194170	wide
SUPER_8	39939157	39968211	IR	329	.	39953243	0.329	0.928	21	29019	39939157	39939694	39967674	39968211	63469118	39750000	40000000	0	3394	537	27980	spaced
SUPER_8	37863775	37943810	IR	328	.	37904146	0.328	0.938	182	80010	37863775	37865948	37941681	37943810	63469118	37700000	37950000	0	3396	2129	75733	spaced
SUPER_8	1680965	1794331	IR	328	.	1737399	0.328	0.929	77	113292	1680965	1682238	1793058	1794340	63469118	1650000	1900000	0	1460	1273	110820	wide
SUPER_8	44805990	44919453	IR	328	.	44862695	0.328	0.945	44	113783	44805990	44806425	44919018	44919455	63469118	44700000	44950000	44	2711	435	112593	wide
SUPER_8	43988022	44130619	IR	328	.	44059150	0.328	0.851	37	142600	43988022	43988808	44129850	44130619	63469118	43900000	44150000	37	2655	769	141042	wide
SUPER_8	44505844	44564781	IR	328	.	44535693	0.328	0.862	25	58913	44505844	44506807	44563853	44564781	63469118	44350000	44600000	0	3088	928	57046	spaced
SUPER_8	13936326	14051546	IR	328	.	13994340	0.328	0.937	24	115198	13936326	13936781	14051091	14051547	63469118	13900000	14150000	0	1565	455	114310	wide
SUPER_8	719009	920261	IR	328	.	819940	0.328	0.897	21	201239	719009	719240	920030	920270	63469118	700000	950000	0	1993	231	200790	wide
SUPER_8	4266602	4268826	IR	328	.	4267332	0.328	0.929	20	2172	4266602	4266658	4268774	4268826	63469118	4050000	4300000	0	3628	52	2116	spaced
SUPER_8	43202053	43330328	IR	328	.	43266674	0.328	0.625	20	128235	43202053	43202093	43330288	43330354	63469118	43200000	43450000	0	1103	40	128195	wide
SUPER_8	43330296	43419972	IR	328	.	43375125	0.328	0.704	20	89646	43330296	43330350	43419934	43419972	63469118	43200000	43450000	116	2918	38	89584	spaced
SUPER_8	37678844	37764467	IR	327	.	37721255	0.327	0.921	264	85648	37678844	37682216	37761095	37764551	63469118	37650000	37900000	0	1194	3372	78879	spaced
SUPER_8	9758583	9790721	IR	327	.	9775090	0.327	0.859	108	32215	9758583	9761359	9787945	9790815	63469118	9550000	9800000	0	3744	2776	26586	spaced
SUPER_8	21174244	21189411	IR	327	.	21182047	0.327	0.958	58	16236	21174244	21174869	21188786	21189411	63469118	20950000	21200000	58	3863	625	13917	spaced
SUPER_8	9490517	9534296	IR	327	.	9512101	0.327	0.475	48	43583	9490517	9511559	9513326	9534296	63469118	9400000	9650000	0	1873	20970	1767	immediate
SUPER_8	48426776	48504421	IR	327	.	48465610	0.327	0.852	42	78036	48426776	48427308	48503889	48504440	63469118	48350000	48600000	42	1926	532	76581	spaced
SUPER_8	47998136	48112608	IR	327	.	48055670	0.327	0.631	36	113720	47998136	47999472	48111357	48112608	63469118	47950000	48200000	0	1756	1251	111885	wide
SUPER_8	20851011	20873292	IR	327	.	20862016	0.327	0.872	34	22547	20851011	20851898	20872416	20873292	63469118	20650000	20900000	34	3535	876	20518	spaced
SUPER_8	40961402	41008494	IR	327	.	40984810	0.327	0.760	24	47482	40961402	40965350	41004553	41008494	63469118	40800000	41050000	24	3082	3941	39203	spaced
SUPER_8	33943937	33962415	IR	327	.	33953044	0.327	0.917	22	18436	33943937	33943985	33962371	33962415	63469118	33750000	34000000	224	3386	44	18386	spaced
SUPER_8	33931538	33943977	IR	327	.	33937955	0.327	0.833	21	12399	33931538	33931578	33943937	33943985	63469118	33700000	33950000	231	3962	40	12359	spaced
SUPER_8	5755689	5811886	IR	327	.	5783324	0.327	0.690	20	56157	5755689	5755747	5811846	5811886	63469118	5700000	5950000	0	1396	40	56099	spaced
SUPER_8	24653342	24662084	IR	327	.	24657422	0.327	0.471	20	8708	24653342	24653408	24662050	24662084	63469118	24500000	24750000	0	2628	34	8642	spaced
SUPER_8	54572799	54639173	IR	327	.	54605811	0.327	0.808	20	66326	54572799	54572841	54639131	54639183	63469118	54450000	54700000	148	2599	42	66290	spaced
SUPER_8	59042131	59044959	IR	327	.	59043383	0.327	0.950	20	2817	59042131	59042412	59044679	59044959	63469118	58850000	59100000	20	3225	280	2267	spaced
SUPER_8	9802255	9855373	IR	326	.	9828530	0.326	0.960	581	53158	9802255	9807820	9849808	9855433	63469118	9650000	9900000	0	2980	5565	41988	spaced
SUPER_8	26680110	26743618	IR	326	.	26711387	0.326	0.787	232	63569	26680110	26688000	26735728	26743705	63469118	26600000	26850000	0	1864	7890	47728	spaced
SUPER_8	23359316	23389762	IR	326	.	23374791	0.326	0.919	210	30423	23359316	23362176	23386935	23389762	63469118	23150000	23400000	0	3742	2827	24759	spaced
SUPER_8	35880161	36008081	IR	326	.	35943855	0.326	0.909	51	127833	35880161	35881369	36006897	36008081	63469118	35850000	36100000	0	1568	1184	125528	wide
SUPER_8	20779793	20849731	IR	326	.	20814417	0.326	0.848	30	69909	20779793	20780129	20849395	20849776	63469118	20600000	20850000	0	3579	336	69266	spaced
SUPER_8	55419980	55501768	IR	326	.	55460713	0.326	1.000	28	81768	55419980	55420026	55501722	55501768	63469118	55300000	55550000	240	2681	46	81696	spaced
SUPER_8	26211452	26310760	IR	326	.	26260752	0.326	0.395	24	99270	26211452	26244971	26277319	26310760	63469118	26200000	26450000	0	1018	33441	32348	spaced
SUPER_8	36841714	36862132	IR	326	.	36852033	0.326	0.643	21	20390	36841714	36841770	36862096	36862132	63469118	36750000	37000000	40	1698	36	20326	spaced
SUPER_8	46216101	46359242	IR	326	.	46287705	0.326	0.833	21	143107	46216101	46216149	46359202	46359242	63469118	46150000	46400000	186	2294	40	143053	wide
SUPER_8	38628596	38844321	IR	326	.	38735987	0.326	0.392	20	215681	38628596	38690197	38782733	38844321	63469118	38600000	38850000	0	2274	61588	92536	spaced
SUPER_8	381479	441048	IR	325	.	411243	0.325	0.969	526	60637	381479	385556	436971	441058	63469118	200000	450000	526	3520	4077	51415	spaced
SUPER_8	34911825	35112022	IR	325	.	35011920	0.325	0.906	384	201682	34911825	34919015	35104832	35112028	63469118	34900000	35150000	384	1865	7190	185817	wide
SUPER_8	14773251	14808958	IR	325	.	14790666	0.325	0.964	185	35689	14773251	14775006	14807203	14808958	63469118	14650000	14900000	0	2351	1755	32197	spaced
SUPER_8	14872319	14959689	IR	325	.	14916448	0.325	0.886	150	87378	14872319	14875336	14956672	14959720	63469118	14800000	15050000	0	1933	3017	81336	spaced
SUPER_8	14346238	14419339	IR	325	.	14382387	0.325	0.939	33	73039	14346238	14346300	14419277	14419343	63469118	14200000	14450000	0	3046	62	72977	spaced
SUPER_8	57645160	57653566	IR	325	.	57649829	0.325	0.808	26	8074	57645160	57647538	57651188	57653589	63469118	57600000	57850000	0	822	2378	3650	spaced
SUPER_8	37162667	37184211	IR	325	.	37173913	0.325	0.839	23	21494	37162667	37162729	37184159	37184211	63469118	37050000	37300000	0	2057	52	21430	spaced
SUPER_8	38855439	38936867	IR	325	.	38896380	0.325	0.488	23	81657	38855439	38856065	38936261	38936867	63469118	38750000	39000000	9	2435	606	80196	spaced
SUPER_8	58757465	58905610	IR	325	.	58831541	0.325	0.762	22	148282	58757465	58759163	58903912	58905707	63469118	58700000	58950000	22	2192	1698	144749	wide
SUPER_8	36835098	36841740	IR	325	.	36838174	0.325	0.889	21	6608	36835098	36835130	36841708	36841744	63469118	36750000	37000000	9	1473	32	6578	spaced
SUPER_8	17803131	17900756	IR	324	.	17851438	0.324	0.892	79	97591	17803131	17804703	17899197	17900756	63469118	17700000	17950000	0	2532	1559	94494	spaced
SUPER_8	5092124	5259712	IR	324	.	5176182	0.324	0.455	59	140258	5092124	5123331	5228564	5259712	63469118	5050000	5300000	0	2098	31148	105233	wide
SUPER_8	5262889	5278326	IR	324	.	5270933	0.324	0.780	46	15363	5262889	5265162	5276064	5278326	63469118	5250000	5500000	0	343	2262	10902	spaced
SUPER_8	23709860	23828562	IR	324	.	23769003	0.324	0.347	38	118647	23709860	23709896	23828526	23828605	63469118	23700000	23950000	112	1153	36	118630	wide
SUPER_8	16445431	16511565	IR	324	.	16478569	0.324	0.818	24	66780	16445431	16446654	16510342	16511574	63469118	16300000	16550000	24	2974	1223	63688	spaced
SUPER_8	8657571	8660961	IR	324	.	8658916	0.324	0.893	21	3340	8657571	8657621	8660911	8660967	63469118	8450000	8700000	0	3487	50	3290	spaced
SUPER_8	58942275	58977634	IR	324	.	58959927	0.324	0.875	21	35321	58942275	58942317	58977592	58977640	63469118	58750000	59000000	236	3499	42	35275	spaced
SUPER_8	31189744	31235897	IR	323	.	31212607	0.323	0.813	140	52887	31189744	31190300	31235359	31235897	63469118	31100000	31350000	28	1880	538	45059	spaced
SUPER_8	54123663	54175378	IR	323	.	54149496	0.323	0.886	91	51802	54123663	54125079	54173962	54175388	63469118	54000000	54250000	95	2491	1416	48883	spaced
SUPER_8	3212624	3386510	IR	323	.	3299266	0.323	0.860	54	173877	3212624	3213590	3385544	3386527	63469118	3150000	3400000	0	2492	966	171954	wide
SUPER_8	63343002	63349175	IR	323	.	63346247	0.323	0.821	29	6123	63343002	63343048	63349129	63349185	63469118	63100000	63350000	361	4101	46	6081	spaced
SUPER_8	67135	159811	IR	323	.	113852	0.323	0.657	28	92636	67135	67205	159765	159811	63469118	0	250000	0	1891	46	92560	spaced
SUPER_8	38123799	38232573	IR	323	.	38177807	0.323	0.762	24	108793	38123799	38124625	38231747	38232609	63469118	38000000	38250000	0	2969	826	107122	wide
SUPER_8	43698899	43830685	IR	323	.	43764903	0.323	0.920	24	131740	43698899	43698945	43830639	43830689	63469118	43600000	43850000	284	2746	46	131694	wide
SUPER_8	507831	536474	IR	323	.	521861	0.323	0.719	23	28597	507831	507895	536428	536474	63469118	300000	550000	0	3702	46	28533	spaced
SUPER_8	33246421	33279015	IR	323	.	33262536	0.323	0.769	22	32558	33246421	33246473	33278975	33279015	63469118	33050000	33300000	184	3545	40	32502	spaced
SUPER_8	58197367	58359961	IR	323	.	58278789	0.323	0.957	22	162552	58197367	58197413	58359917	58359961	63469118	58150000	58400000	168	2144	44	162504	wide
SUPER_8	23037953	23222381	IR	322	.	23130092	0.322	0.895	123	185368	23037953	23039556	23220778	23222443	63469118	23000000	23250000	124	2169	1603	181222	wide
SUPER_8	479938	483209	IR	322	.	481931	0.322	0.894	53	3289	479938	480664	482483	483254	63469118	400000	650000	0	1359	726	1819	immediate
SUPER_8	15417543	15421988	IR	322	.	15419271	0.322	0.921	47	4428	15417543	15418362	15421169	15421993	63469118	15250000	15500000	0	2829	819	2807	spaced
SUPER_8	8890102	8954117	IR	322	.	8922598	0.322	0.454	42	64059	8890102	8900510	8943709	8954182	63469118	8750000	9000000	0	2868	10408	43199	spaced
SUPER_8	20584338	20659004	IR	322	.	20621170	0.322	0.868	42	74658	20584338	20585478	20657864	20659018	63469118	20550000	20800000	0	1194	1140	72386	spaced
SUPER_8	1337247	1340937	IR	322	.	1339038	0.322	0.865	31	3747	1337247	1337571	1340613	1340961	63469118	1300000	1550000	40	651	324	3042	spaced
SUPER_8	41645809	41662699	IR	322	.	41654099	0.322	0.921	28	17294	41645809	41646277	41662233	41662699	63469118	41450000	41700000	28	3404	466	15956	spaced
SUPER_8	47281369	47473898	IR	322	.	47378038	0.322	0.776	26	192568	47281369	47286274	47468993	47473956	63469118	47250000	47500000	0	2127	4905	182719	wide
SUPER_8	33510527	33697176	IR	322	.	33603805	0.322	0.454	21	186621	33510527	33511206	33696515	33697176	63469118	33450000	33700000	86	2564	661	185309	wide
SUPER_8	7172404	7254585	IR	322	.	7213017	0.322	0.441	20	82147	7172404	7172438	7254551	7254619	63469118	7100000	7350000	0	1891	34	82113	spaced
SUPER_8	11426514	11602660	IR	321	.	11514899	0.321	0.884	291	175632	11426514	11431114	11598060	11602684	63469118	11400000	11650000	0	1909	4600	166946	wide
SUPER_8	43064950	43083933	IR	321	.	43074001	0.321	0.885	27	18880	43064950	43065906	43082983	43083933	63469118	42850000	43100000	0	3740	950	17077	spaced
SUPER_8	57952535	57970947	IR	321	.	57961268	0.321	0.900	26	18392	57952535	57952786	57970716	57970947	63469118	57850000	58100000	0	1862	231	17930	spaced
SUPER_8	3705131	3749512	IR	320	.	3726954	0.320	0.845	58	44391	3705131	3707575	3747068	3749540	63469118	3650000	3900000	0	1288	2444	39493	spaced
SUPER_8	21552202	21582587	IR	320	.	21567651	0.320	0.885	48	30357	21552202	21552993	21581796	21582622	63469118	21350000	21600000	0	3623	791	28803	spaced
SUPER_8	59084682	59241189	IR	320	.	59163348	0.320	0.714	31	156457	59084682	59084752	59241139	59241189	63469118	59000000	59250000	0	2715	50	156387	wide
SUPER_8	62269575	62294693	IR	320	.	62282593	0.320	0.926	30	25079	62269575	62269887	62294395	62294693	63469118	62050000	62300000	0	3868	298	24508	spaced
SUPER_8	17641425	17708570	IR	320	.	17675222	0.320	0.784	25	67101	17641425	17642195	17707800	17708578	63469118	17600000	17850000	13	1249	770	65605	spaced
SUPER_8	39735110	39793492	IR	320	.	39764245	0.320	0.934	21	58387	39735110	39735551	39793052	39793492	63469118	39700000	39950000	21	1071	440	57501	spaced
SUPER_8	24714127	24739461	IR	320	.	24726499	0.320	0.820	20	25215	24714127	24715039	24738549	24739487	63469118	24500000	24750000	0	3779	912	23510	spaced
SUPER_8	18902665	19128754	IR	319	.	19015732	0.319	0.939	235	226645	18902665	18905214	19126205	19128777	63469118	18900000	19150000	241	1928	2549	220991	wide
SUPER_8	56205445	56265653	IR	319	.	56235823	0.319	0.408	77	60174	56205445	56232271	56238858	56265653	63469118	56100000	56350000	0	2259	26795	6587	spaced
SUPER_8	57786737	57824013	IR	319	.	57805101	0.319	0.907	61	37267	57786737	57788879	57821871	57824021	63469118	57600000	57850000	0	3422	2142	32992	spaced
SUPER_8	39001244	39012127	IR	319	.	39006666	0.319	0.897	58	11064	39001244	39002159	39011212	39012164	63469118	38850000	39100000	59	2611	915	9053	spaced
SUPER_8	987569	991642	IR	319	.	989194	0.319	0.759	46	4089	987569	988768	990443	991678	63469118	850000	1100000	0	2326	1199	1675	immediate
SUPER_8	52385807	52405871	IR	319	.	52395391	0.319	0.835	23	20047	52385807	52387401	52404286	52405871	63469118	52350000	52600000	0	763	1585	16885	spaced
SUPER_8	7111182	7141305	IR	318	.	7126611	0.318	0.846	72	30078	7111182	7113297	7139193	7141305	63469118	6950000	7200000	0	2937	2112	25896	spaced
SUPER_8	34355324	34442196	IR	318	.	34398574	0.318	0.962	48	86982	34355324	34355717	34441803	34442196	63469118	34350000	34600000	49	812	393	86086	spaced
SUPER_8	38298739	38305126	IR	318	.	38301972	0.318	0.898	37	6846	38298739	38299955	38303910	38305133	63469118	38100000	38350000	37	3365	1216	3955	spaced
SUPER_8	31130945	31145186	IR	318	.	31137659	0.318	0.793	33	14242	31130945	31134286	31141845	31145213	63469118	31100000	31350000	0	634	3341	7559	spaced
SUPER_8	45300078	45462990	IR	317	.	45381044	0.317	0.934	84	162806	45300078	45301617	45461453	45462990	63469118	45300000	45550000	0	1358	1537	159836	wide
SUPER_8	21193885	21198640	IR	317	.	21195809	0.317	0.904	53	4623	21193885	21194992	21197561	21198640	63469118	20950000	21200000	0	4104	1079	2569	spaced
SUPER_8	10623646	10699495	IR	317	.	10661286	0.317	0.930	22	75835	10623646	10623699	10699442	10699499	63469118	10450000	10700000	0	3526	53	75743	spaced
SUPER_8	4946441	4974858	IR	317	.	4960414	0.317	0.917	20	28371	4946441	4946485	4974814	4974862	63469118	4750000	5000000	180	3510	44	28329	spaced
SUPER_8	32958903	32965260	IR	316	.	32962466	0.316	0.949	90	6333	32958903	32960314	32963851	32965260	63469118	32750000	33000000	0	3534	1409	3537	spaced
SUPER_8	7711014	7719104	IR	316	.	7715421	0.316	0.761	62	8069	7711014	7713027	7717143	7719104	63469118	7500000	7750000	0	3584	1961	4116	spaced
SUPER_8	3181240	3212452	IR	316	.	3196827	0.316	0.859	53	31995	3181240	3184888	3208804	3212458	63469118	3000000	3250000	53	3280	3648	23916	spaced
SUPER_8	8660915	8829566	IR	316	.	8745320	0.316	0.958	23	168609	8660915	8660963	8829520	8829566	63469118	8600000	8850000	226	2420	46	168557	wide
SUPER_8	20491865	20546133	IR	316	.	20519291	0.316	0.811	23	53945	20491865	20494971	20543027	20546165	63469118	20350000	20600000	0	2816	3106	48056	spaced
SUPER_8	47669950	47787298	IR	315	.	47728527	0.315	0.879	108	122081	47669950	47673978	47783270	47787329	63469118	47650000	47900000	112	1310	4028	109292	wide
SUPER_8	13074050	13078762	IR	315	.	13076317	0.315	0.700	32	4796	13074050	13074360	13078498	13078762	63469118	12850000	13100000	44	3773	264	4138	spaced
SUPER_8	40132915	40215680	IR	314	.	40174001	0.314	0.874	82	82630	40132915	40137755	40210852	40215680	63469118	40000000	40250000	0	2904	4828	73097	spaced
SUPER_8	10197446	10396344	IR	314	.	10296819	0.314	0.917	67	198944	10197446	10198859	10394935	10396344	63469118	10150000	10400000	67	2448	1409	196076	wide
SUPER_8	62617251	62777773	IR	314	.	62697606	0.314	0.808	43	161229	62617251	62621176	62773848	62777781	63469118	62550000	62800000	43	2458	3925	152672	wide
SUPER_8	6167954	6189394	IR	313	.	6178271	0.313	0.849	182	21399	6167954	6173284	6184124	6189394	63469118	6050000	6300000	0	2144	5270	10840	spaced
SUPER_8	47001561	47017705	IR	313	.	47009784	0.313	0.876	96	17234	47001561	47004453	47014849	47017705	63469118	46850000	47100000	96	2660	2856	10396	spaced
SUPER_8	51034908	51094560	IR	313	.	51065153	0.313	0.750	24	59604	51034908	51034956	51094512	51094576	63469118	50850000	51100000	0	3578	48	59556	spaced
SUPER_8	54026834	54057987	IR	313	.	54042166	0.313	0.952	22	31115	54026834	54026876	54057947	54057987	63469118	53850000	54100000	70	3206	40	31071	spaced
SUPER_8	51372690	51388208	IR	313	.	51380766	0.313	0.679	21	15453	51372690	51379078	51381820	51388215	63469118	51150000	51400000	0	3840	6388	2742	spaced
SUPER_8	18010788	18117754	IR	312	.	18064701	0.312	0.694	28	106916	18010788	18010838	18117704	18117776	63469118	17900000	18150000	0	2737	50	106866	wide
SUPER_8	50776837	50781169	IR	311	.	50778720	0.311	0.798	37	4312	50776837	50777288	50780802	50781169	63469118	50750000	51000000	0	483	367	3514	spaced
SUPER_8	44283442	44488149	IR	311	.	44385639	0.311	0.833	21	204827	44283442	44283922	44487669	44488180	63469118	44250000	44500000	21	2263	480	203747	wide
SUPER_8	60182027	60216351	IR	310	.	60198810	0.310	0.506	173	34369	60182027	60199158	60199220	60216415	63469118	60100000	60350000	0	1653	17131	62	immediate
SUPER_8	6640479	6645333	IR	310	.	6642987	0.310	0.938	48	4905	6640479	6640719	6645093	6645349	63469118	6400000	6650000	48	4048	240	4374	spaced
SUPER_8	34182348	34263529	IR	310	.	34222657	0.310	0.758	25	81131	34182348	34182398	34263479	34263545	63469118	34050000	34300000	0	2882	50	81081	spaced
SUPER_8	26559368	26605862	IR	309	.	26582524	0.309	0.883	82	46991	26559368	26562366	26602864	26605899	63469118	26400000	26650000	82	3043	2998	40498	spaced
SUPER_8	25661161	25696076	IR	309	.	25678943	0.309	0.944	60	34883	25661161	25661946	25695291	25696085	63469118	25650000	25900000	0	476	785	33345	spaced
SUPER_8	6849036	6899428	IR	308	.	6873904	0.308	0.920	189	50393	6849036	6852888	6895576	6899447	63469118	6650000	6900000	0	3737	3852	42688	spaced
SUPER_8	32383676	32390357	IR	308	.	32387052	0.308	0.991	85	6838	32383676	32384140	32389893	32390357	63469118	32150000	32400000	85	3950	464	5753	spaced
SUPER_8	37842397	37849742	IR	308	.	37845610	0.308	0.963	20	7307	37842397	37842451	37849690	37849742	63469118	37600000	37850000	0	4101	52	7239	spaced
SUPER_8	15229050	15259976	IR	307	.	15244821	0.307	0.903	27	30884	15229050	15229106	15259920	15259982	63469118	15150000	15400000	0	1575	56	30814	spaced
SUPER_8	60273217	60326441	IR	307	.	60299467	0.307	0.614	25	53182	60273217	60273291	60326397	60326441	63469118	60100000	60350000	0	3330	44	53106	spaced
SUPER_8	34024567	34141883	IR	306	.	34083407	0.306	0.765	55	117959	34024567	34026190	34140274	34141883	63469118	33900000	34150000	55	3053	1609	114084	wide
SUPER_8	42803737	42927392	IR	306	.	42865354	0.306	0.791	36	123681	42803737	42804450	42926717	42927392	63469118	42700000	42950000	36	2759	675	122267	wide
SUPER_8	50887649	50893447	IR	306	.	50890608	0.306	0.938	34	6035	50887649	50887959	50893137	50893457	63469118	50750000	51000000	34	2342	310	5178	spaced
SUPER_8	36511860	36546201	IR	305	.	36528782	0.305	0.895	59	34940	36511860	36513362	36544699	36546201	63469118	36500000	36750000	52	483	1502	31337	spaced
SUPER_8	45153708	45164510	IR	305	.	45158735	0.305	0.971	37	10783	45153708	45154022	45164200	45164510	63469118	45000000	45250000	0	2651	310	10178	spaced
SUPER_8	12162409	12167302	IR	305	.	12164971	0.305	0.925	28	4933	12162409	12162673	12167038	12167318	63469118	11950000	12200000	28	3580	264	4365	spaced
SUPER_8	35310936	35319735	IR	305	.	35315736	0.305	0.828	20	8835	35310936	35311426	35319245	35319790	63469118	35150000	35400000	0	2755	490	7819	spaced
SUPER_8	52793556	52938756	IR	304	.	52865983	0.304	0.769	22	145162	52793556	52793608	52938716	52938756	63469118	52700000	52950000	196	2769	40	145108	wide
SUPER_8	36427250	36487123	IR	303	.	36456746	0.303	0.891	63	59853	36427250	36427934	36486439	36487126	63469118	36400000	36650000	0	952	684	58505	spaced
SUPER_8	4450177	4469109	IR	303	.	4460092	0.303	0.753	26	18876	4450177	4451803	4467483	4469140	63469118	4450000	4700000	0	160	1626	15680	spaced
SUPER_8	11958983	12078037	IR	302	.	12018069	0.302	0.828	41	118937	11958983	11960009	12077038	12078037	63469118	11850000	12100000	0	2808	999	117029	wide
SUPER_8	39908853	39911993	IR	302	.	39910050	0.302	0.816	35	3078	39908853	39908929	39911931	39911993	63469118	39750000	40000000	0	2673	62	3002	spaced
SUPER_8	53562622	53588503	IR	301	.	53575348	0.301	0.884	22	25844	53562622	53562660	53588465	53588508	63469118	53350000	53600000	159	3759	38	25805	spaced
SUPER_8	49082382	49153796	IR	299	.	49117841	0.299	1.000	39	71397	49082382	49082414	49153764	49153796	63469118	49000000	49250000	8	1968	32	71350	spaced
SUPER_8	1192565	1333252	IR	299	.	1262994	0.299	0.875	27	171477	1192565	1193266	1332569	1333252	63469118	1100000	1350000	28	2715	683	139303	wide
SUPER_8	20904996	20963210	IR	298	.	20934158	0.298	0.838	77	58795	20904996	20906984	20961255	20963210	63469118	20750000	21000000	77	3068	1955	54271	spaced
SUPER_8	49318866	49405284	IR	298	.	49362195	0.298	0.957	22	86384	49318866	49318912	49405240	49405284	63469118	49200000	49450000	181	2701	44	86328	spaced
SUPER_8	14457661	14509102	IR	297	.	14483819	0.297	0.939	106	51387	14457661	14460016	14506747	14509103	63469118	14300000	14550000	0	3056	2355	46731	spaced
SUPER_8	18798622	18824748	IR	296	.	18811474	0.296	0.714	27	26090	18798622	18798678	18824708	18824748	63469118	18650000	18900000	213	2694	40	26030	spaced
SUPER_8	44572643	44630937	IR	296	.	44601334	0.296	0.793	24	58189	44572643	44573714	44629866	44631016	63469118	44400000	44650000	0	3363	1071	56152	spaced
SUPER_8	10593550	10601255	IR	295	.	10597709	0.295	0.919	75	7680	10593550	10594697	10600117	10601255	63469118	10450000	10700000	0	2456	1138	5420	spaced
SUPER_8	29973751	29995350	IR	293	.	29984770	0.293	0.918	234	21992	29973751	29975980	29993121	29995381	63469118	29850000	30100000	235	2242	2229	17141	spaced
SUPER_8	15748458	15780473	IR	290	.	15764436	0.290	0.745	30	32346	15748458	15749132	15779807	15780473	63469118	15650000	15900000	34	1907	666	30675	spaced
SUPER_9	16848700	16850599	IR	812	.	16849650	0.812	0.987	145	2076	16848700	16849489	16849810	16850600	62693920	16700000	16950000	145	2494	789	321	immediate
SUPER_9	19134609	19136394	IR	788	.	19135502	0.788	0.967	85	12275	19134609	19135340	19135663	19136395	62693920	19000000	19250000	85	2258	731	323	immediate
SUPER_9	16214795	16217167	IR	782	.	16215982	0.782	0.949	173	2605	16214795	16215845	16216117	16217202	62693920	16050000	16300000	180	2766	1050	272	immediate
SUPER_9	49058416	49060537	IR	710	.	49059478	0.710	0.939	73	2167	49058416	49059248	49059705	49060541	62693920	48850000	49100000	73	3491	832	457	immediate
SUPER_9	6479313	6481699	IR	623	.	6480506	0.623	0.958	176	2723	6479313	6480279	6480733	6481717	62693920	6300000	6550000	179	3008	966	454	immediate
SUPER_9	36412527	36414567	IR	572	.	36413548	0.572	0.903	28	2119	36412527	36413103	36413993	36414567	62693920	36350000	36600000	28	1058	574	890	immediate
SUPER_9	44415864	44449163	IR	540	.	44432842	0.540	0.844	315	33275	44415864	44426318	44438725	44449163	62693920	44200000	44450000	0	3875	10438	12407	spaced
SUPER_9	41853280	41856266	IR	535	.	41854773	0.535	0.944	123	4450	41853280	41854128	41855418	41856280	62693920	41650000	41900000	123	3412	848	1290	immediate
SUPER_9	31999411	32022120	IR	530	.	32010782	0.530	0.427	116	23475	31999411	32010637	32010938	32022120	62693920	31950000	32200000	116	1012	11182	301	immediate
SUPER_9	11409243	11410771	IR	530	.	11410007	0.530	0.934	46	2729	11409243	11409728	11410289	11410771	62693920	11250000	11500000	48	2666	482	561	immediate
SUPER_9	43520602	43522586	IR	514	.	43521356	0.514	0.889	25	26276	43520602	43520844	43522344	43522605	62693920	43300000	43550000	29	3693	242	1500	immediate
SUPER_9	46880082	46899736	IR	481	.	46889477	0.481	0.883	152	19625	46880082	46881581	46898244	46899736	62693920	46750000	47000000	0	2331	1492	16663	spaced
SUPER_9	24502020	24626099	IR	480	.	24564059	0.480	0.421	116	126021	24502020	24563707	24564412	24626115	62693920	24400000	24650000	119	2734	61687	705	immediate
SUPER_9	55049220	55064224	IR	480	.	55056854	0.480	0.425	23	15003	55049220	55056444	55057000	55064226	62693920	54900000	55150000	23	2611	7224	556	immediate
SUPER_9	60471552	60476445	IR	478	.	60473998	0.478	0.938	168	5244	60471552	60473505	60474492	60476461	62693920	60250000	60500000	168	3733	1953	987	immediate
SUPER_9	50904781	50933897	IR	472	.	50919052	0.472	0.460	74	29089	50904781	50919237	50919457	50933897	62693920	50700000	50950000	0	3655	14440	220	immediate
SUPER_9	36775795	36947277	IR	471	.	36861270	0.471	0.630	21	171286	36775795	36776165	36946907	36947304	62693920	36700000	36950000	0	2692	370	170742	wide
SUPER_9	39722204	39730317	IR	470	.	39726277	0.470	0.861	34	8119	39722204	39724277	39728258	39730317	62693920	39600000	39850000	34	2104	2059	3981	spaced
SUPER_9	34181500	34201007	IR	462	.	34191334	0.462	0.966	129	19835	34181500	34182426	34200081	34201013	62693920	34000000	34250000	129	3187	926	17655	spaced
SUPER_9	6705234	6706671	IR	459	.	6705960	0.459	0.870	27	76546	6705234	6705791	6706129	6706671	62693920	6550000	6800000	27	2599	542	338	immediate
SUPER_9	55523671	55582485	IR	452	.	55552597	0.452	0.761	374	58705	55523671	55530453	55575713	55582485	62693920	55350000	55600000	0	3384	6772	45260	spaced
SUPER_9	54270665	54336537	IR	447	.	54303116	0.447	0.636	25	65828	54270665	54270709	54336493	54336565	62693920	54100000	54350000	0	3393	44	65784	spaced
SUPER_9	46023268	46090563	IR	444	.	46056418	0.444	0.524	366	67275	46023268	46056787	46057097	46090563	62693920	45850000	46100000	0	3448	33466	310	immediate
SUPER_9	55096110	55247007	IR	433	.	55171114	0.433	0.901	33	150795	55096110	55096919	55246198	55247020	62693920	55000000	55250000	0	2859	809	149279	wide
SUPER_9	30762129	30822792	IR	427	.	30792849	0.427	0.431	30	60032	30762129	30789541	30795380	30822866	62693920	30650000	30900000	0	2374	27412	5839	spaced
SUPER_9	53939107	54127019	IR	423	.	54033284	0.423	0.891	42	188470	53939107	53940258	54125869	54127019	62693920	53900000	54150000	42	2217	1150	185611	wide
SUPER_9	53548747	53672287	IR	422	.	53610119	0.422	0.871	214	123481	53548747	53555224	53665831	53672287	62693920	53450000	53700000	0	2675	6456	110607	wide
SUPER_9	50014190	50093170	IR	419	.	50054038	0.419	0.389	22	39793	50014190	50053623	50053794	50093170	62693920	49900000	50150000	0	2561	39376	171	immediate
SUPER_9	7652153	7801706	IR	417	.	7726979	0.417	0.950	143	149941	7652153	7653102	7800757	7801737	62693920	7600000	7850000	143	2115	949	147655	wide
SUPER_9	42296586	42303418	IR	415	.	42299954	0.415	0.514	21	6876	42296586	42298994	42301011	42303418	62693920	42200000	42450000	23	1666	2407	2017	spaced
SUPER_9	32961439	32963578	IR	411	.	32962129	0.411	0.856	59	2132	32961439	32962365	32962652	32963589	62693920	32850000	33100000	0	1875	926	287	immediate
SUPER_9	59031166	59036739	IR	407	.	59034175	0.407	0.646	36	5861	59031166	59031945	59035960	59036768	62693920	58900000	59150000	29	2232	779	4015	spaced
SUPER_9	31653770	31756343	IR	406	.	31704857	0.406	0.881	110	103049	31653770	31655722	31754391	31756432	62693920	31550000	31800000	108	2584	1952	98669	spaced
SUPER_9	11279396	11377343	IR	405	.	11328092	0.405	0.804	36	97804	11279396	11280667	11376072	11377408	62693920	11200000	11450000	0	2139	1271	95405	spaced
SUPER_9	10379820	10584716	IR	404	.	10482374	0.404	0.901	109	205098	10379820	10381522	10583049	10584716	62693920	10350000	10600000	109	2204	1667	201527	wide
SUPER_9	37447436	37649247	IR	400	.	37548767	0.400	0.394	70	201790	37447436	37548262	37548422	37649247	62693920	37400000	37650000	0	2472	100825	160	immediate
SUPER_9	19778091	19847248	IR	400	.	19812182	0.400	0.539	50	62957	19778091	19784773	19840597	19847248	62693920	19650000	19900000	0	2711	6651	55824	spaced
SUPER_9	31038724	31149142	IR	396	.	31093494	0.396	0.910	154	109146	31038724	31091141	31096790	31149142	62693920	30900000	31150000	0	3232	52352	5649	spaced
SUPER_9	56466015	56498306	IR	396	.	56482033	0.396	0.950	73	32353	56466015	56466932	56497389	56498310	62693920	56400000	56650000	73	1369	917	30457	spaced
SUPER_9	57160621	57342897	IR	395	.	57252020	0.395	0.963	111	182254	57160621	57161964	57341554	57342897	62693920	57100000	57350000	0	2529	1343	179590	wide
SUPER_9	45556316	45591195	IR	395	.	45573471	0.395	0.887	101	34828	45556316	45559968	45587553	45591195	62693920	45350000	45600000	0	3729	3642	27585	spaced
SUPER_9	26845375	26866907	IR	394	.	26855856	0.394	0.877	201	21517	26845375	26848855	26863427	26866921	62693920	26650000	26900000	0	3435	3480	14572	spaced
SUPER_9	20999823	21026660	IR	392	.	21013123	0.392	0.837	32	26917	20999823	21002577	21023906	21026662	62693920	20800000	21050000	32	3553	2754	21329	spaced
SUPER_9	60066020	60071143	IR	391	.	60068492	0.391	0.962	32	5169	60066020	60066390	60070773	60071143	62693920	60050000	60300000	32	309	370	4383	spaced
SUPER_9	32031641	32067989	IR	389	.	32049705	0.389	0.884	53	36443	32031641	32032566	32067085	32067989	62693920	31850000	32100000	53	3330	904	34519	spaced
SUPER_9	16842682	16844788	IR	388	.	16843735	0.388	0.961	29	2129	16842682	16842886	16844584	16844788	62693920	16700000	16950000	29	2395	204	1698	immediate
SUPER_9	56368912	56439126	IR	387	.	56404419	0.387	0.946	215	70174	56368912	56371505	56436533	56439127	62693920	56200000	56450000	0	3400	2593	65028	spaced
SUPER_9	7104388	7342860	IR	385	.	7223379	0.385	1.000	39	238432	7104388	7104428	7342820	7342860	62693920	7100000	7350000	64	2060	40	238392	wide
SUPER_9	3812575	3830068	IR	383	.	3820917	0.383	0.893	90	17505	3812575	3813805	3828838	3830104	62693920	3600000	3850000	0	3688	1230	15033	spaced
SUPER_9	41745244	41750808	IR	383	.	41748476	0.383	0.447	24	5526	41745244	41745320	41750770	41750808	62693920	41550000	41800000	0	3300	38	5450	spaced
SUPER_9	53133192	53234902	IR	382	.	53183944	0.382	1.000	21	101664	53133192	53133238	53234856	53234902	62693920	53000000	53250000	221	3067	46	101618	wide
SUPER_9	29415068	29447171	IR	381	.	29431615	0.381	0.913	253	31989	29415068	29418300	29444007	29447171	62693920	29300000	29550000	0	2185	3164	25707	spaced
SUPER_9	55800666	55998991	IR	380	.	55899610	0.380	0.947	318	199514	55800666	55804144	55995519	55998991	62693920	55800000	56050000	318	1663	3472	191375	wide
SUPER_9	12279206	12380034	IR	380	.	12330010	0.380	0.867	148	100822	12279206	12281214	12378026	12380078	62693920	12150000	12400000	0	2993	2008	96812	spaced
SUPER_9	31781193	31966824	IR	379	.	31874053	0.379	0.866	109	246974	31781193	31813058	31934996	31966824	62693920	31750000	32000000	111	2066	31828	121938	wide
SUPER_9	3407056	3633118	IR	379	.	3520072	0.379	0.805	66	226388	3407056	3409691	3630513	3633118	62693920	3400000	3650000	68	2001	2605	220822	wide
SUPER_9	34306586	34509552	IR	378	.	34408456	0.378	0.452	29	202930	34306586	34306628	34509510	34509594	62693920	34300000	34550000	0	1801	42	202882	wide
SUPER_9	29500952	29613173	IR	377	.	29556780	0.377	1.000	36	112153	29500952	29501020	29613105	29613173	62693920	29400000	29650000	0	2617	68	112085	wide
SUPER_9	46575990	46613192	IR	376	.	46594303	0.376	0.559	73	36279	46575990	46585377	46603805	46613237	62693920	46400000	46650000	0	3243	9387	18428	spaced
SUPER_9	61632183	61743056	IR	376	.	61687113	0.376	0.750	27	110825	61632183	61632247	61743008	61743056	62693920	61500000	61750000	0	3126	48	110761	wide
SUPER_9	35650287	35656452	IR	375	.	35653292	0.375	0.880	25	6119	35650287	35650331	35656408	35656458	62693920	35600000	35850000	249	889	44	6077	spaced
SUPER_9	7857408	8099637	IR	374	.	7978646	0.374	0.887	78	242795	7857408	7860137	8096913	8099637	62693920	7850000	8100000	78	2141	2724	236776	wide
SUPER_9	33505412	33660321	IR	374	.	33582376	0.374	0.865	67	154814	33505412	33506665	33659068	33660339	62693920	33450000	33700000	0	2214	1253	152403	wide
SUPER_9	14758849	14897410	IR	373	.	14828508	0.373	0.929	36	138543	14758849	14759448	14896816	14897410	62693920	14750000	15000000	0	1302	594	137368	wide
SUPER_9	44573138	44644999	IR	372	.	44609055	0.372	0.948	44	71870	44573138	44573541	44644607	44644999	62693920	44500000	44750000	44	1817	392	71066	spaced
SUPER_9	30884532	30999647	IR	372	.	30942426	0.372	0.776	43	115001	30884532	30911942	30972237	30999721	62693920	30750000	31000000	0	3201	27410	60295	spaced
SUPER_9	48874089	49045323	IR	372	.	48959764	0.372	0.935	42	171176	48874089	48874151	49045265	49045323	62693920	48800000	49050000	943	2661	58	171114	wide
SUPER_9	46968242	47192482	IR	372	.	47080624	0.372	0.391	22	224125	46968242	47080379	47080345	47192516	62693920	46950000	47200000	0	2172	112137	-34	overlap
SUPER_9	14939712	14944902	IR	372	.	14942636	0.372	0.800	21	5142	14939712	14939760	14944854	14944914	62693920	14800000	15050000	0	2371	48	5094	spaced
SUPER_9	25222590	25288919	IR	371	.	25255690	0.371	1.000	26	66297	25222590	25222636	25288873	25288919	62693920	25050000	25300000	252	3429	46	66237	spaced
SUPER_9	60529802	60657998	IR	370	.	60593734	0.370	0.865	170	128724	60529802	60532758	60655106	60657998	62693920	60450000	60700000	172	2398	2892	122348	wide
SUPER_9	26297253	26499977	IR	368	.	26398178	0.368	0.913	68	202706	26297253	26298290	26498961	26499977	62693920	26250000	26500000	0	2476	1016	200671	wide
SUPER_9	11516272	11633916	IR	368	.	11574767	0.368	0.777	58	117632	11516272	11517446	11632742	11633922	62693920	11450000	11700000	0	2084	1174	115296	wide
SUPER_9	13818056	13916893	IR	368	.	13867877	0.368	0.690	41	98779	13818056	13818140	13916835	13916893	62693920	13750000	14000000	0	1957	58	98695	spaced
SUPER_9	32161617	32250441	IR	368	.	32206063	0.368	0.832	24	88875	32161617	32162676	32249389	32250441	62693920	32050000	32300000	24	2600	1052	86713	spaced
SUPER_9	26203754	26284516	IR	367	.	26243645	0.367	0.731	24	80732	26203754	26205235	26283076	26284516	62693920	26050000	26300000	0	3235	1440	77841	spaced
SUPER_9	39554610	39586490	IR	366	.	39570063	0.366	0.447	24	31842	39554610	39554648	39586452	39586528	62693920	39400000	39650000	0	2842	38	31804	spaced
SUPER_9	57725061	57727649	IR	365	.	57726388	0.365	0.870	63	2834	57725061	57725723	57727018	57727649	62693920	57500000	57750000	87	3772	631	1295	immediate
SUPER_9	42625381	42721662	IR	365	.	42673708	0.365	0.921	38	96346	42625381	42625749	42721294	42721669	62693920	42500000	42750000	38	2891	368	95545	spaced
SUPER_9	13791036	13818091	IR	365	.	13804300	0.365	0.000	28	27087	13791036	13791056	13818071	13818143	62693920	13600000	13850000	0	3409	20	27015	spaced
SUPER_9	48339468	48370319	IR	365	.	48354540	0.365	0.595	27	30011	48339468	48340830	48368957	48370333	62693920	48250000	48500000	0	1748	1362	28127	spaced
SUPER_9	906310	1037232	IR	364	.	972194	0.364	0.864	28	130870	906310	909387	1034158	1037232	62693920	800000	1050000	0	2862	3074	124771	wide
SUPER_9	5767161	5940981	IR	363	.	5854165	0.363	0.933	42	173762	5767161	5767217	5940925	5940985	62693920	5700000	5950000	792	2567	56	173708	wide
SUPER_9	9992780	10048971	IR	362	.	10020369	0.362	0.824	29	56141	9992780	9992848	10048915	10048971	62693920	9800000	10050000	0	3681	56	56067	spaced
SUPER_9	8637253	8642883	IR	362	.	8639901	0.362	0.875	23	5594	8637253	8637288	8642848	8642888	62693920	8450000	8700000	156	3167	35	5560	spaced
SUPER_9	52874550	52949246	IR	361	.	52911492	0.361	0.913	74	74680	52874550	52876139	52947657	52949253	62693920	52700000	52950000	0	3531	1589	71518	spaced
SUPER_9	27040456	27069160	IR	361	.	27054866	0.361	0.878	71	28827	27040456	27041861	27067798	27069160	62693920	27000000	27250000	80	913	1362	25937	spaced
SUPER_9	34930408	34952098	IR	361	.	34940844	0.361	0.864	65	21476	34930408	34931544	34951031	34952098	62693920	34750000	35000000	0	3187	1067	19487	spaced
SUPER_9	23539104	23543727	IR	361	.	23541399	0.361	0.632	24	4633	23539104	23540951	23541894	23543727	62693920	23300000	23550000	24	4023	1833	943	immediate
SUPER_9	9556055	9718973	IR	361	.	9637812	0.361	0.656	20	162876	9556055	9556097	9718931	9718995	62693920	9500000	9750000	0	2291	42	162834	wide
SUPER_9	25391951	25453047	IR	361	.	25422039	0.361	0.424	20	61046	25391951	25398390	25446692	25453047	62693920	25350000	25600000	0	1208	6355	48302	spaced
SUPER_9	15178018	15269077	IR	360	.	15223658	0.360	0.917	333	91871	15178018	15182879	15264265	15269077	62693920	15150000	15400000	336	1225	4812	81386	spaced
SUPER_9	23585940	23601888	IR	360	.	23593910	0.360	0.934	76	16167	23585940	23586634	23601194	23601907	62693920	23450000	23700000	76	2398	694	14560	spaced
SUPER_9	39243251	39263094	IR	360	.	39253383	0.360	0.784	31	19939	39243251	39244070	39262275	39263116	62693920	39050000	39300000	31	3386	819	18205	spaced
SUPER_9	43102888	43328227	IR	359	.	43215938	0.359	0.914	77	225313	43102888	43103771	43327351	43328227	62693920	43100000	43350000	0	1925	876	223580	wide
SUPER_9	1618649	1686973	IR	359	.	1653020	0.359	0.898	36	68818	1618649	1619241	1686381	1687007	62693920	1550000	1800000	36	1713	592	67140	spaced
SUPER_9	60301627	60315551	IR	359	.	60308333	0.359	0.755	28	13964	60301627	60302494	60314684	60315608	62693920	60100000	60350000	0	3476	867	12190	spaced
SUPER_9	24702560	24735526	IR	358	.	24718533	0.358	0.738	59	32861	24702560	24704554	24733551	24735526	62693920	24650000	24900000	0	1150	1975	28997	spaced
SUPER_9	15421275	15465387	IR	358	.	15442934	0.358	0.914	26	44091	15421275	15421787	15464875	15465387	62693920	15400000	15650000	0	722	512	43088	spaced
SUPER_9	29861354	29947767	IR	357	.	29904792	0.357	0.950	179	91669	29861354	29861792	29947329	29947767	62693920	29750000	30000000	34	2575	438	85537	spaced
SUPER_9	24346575	24443402	IR	357	.	24394797	0.357	0.797	70	97328	24346575	24349813	24440164	24443408	62693920	24250000	24500000	71	2416	3238	90351	spaced
SUPER_9	3053042	3295435	IR	357	.	3174651	0.357	0.826	37	242304	3053042	3054998	3293525	3295435	62693920	3050000	3300000	0	2070	1910	238527	wide
SUPER_9	5520485	5690481	IR	357	.	5604982	0.357	0.392	34	119889	5520485	5601921	5609045	5690520	62693920	5450000	5700000	0	2591	81436	7124	spaced
SUPER_9	1117584	1239686	IR	357	.	1178498	0.357	0.714	23	122058	1117584	1117624	1239646	1239702	62693920	1000000	1250000	131	2977	40	122022	wide
SUPER_9	15746444	15753206	IR	357	.	15749688	0.357	0.965	20	8350	15746444	15746671	15752979	15753206	62693920	15600000	15850000	20	2496	227	6308	spaced
SUPER_9	5021076	5160867	IR	356	.	5091282	0.356	0.911	154	139768	5021076	5022564	5159470	5160867	62693920	5000000	5250000	0	1516	1397	136906	wide
SUPER_9	43673519	43721603	IR	356	.	43697136	0.356	0.898	43	48089	43673519	43674299	43720823	43721634	62693920	43500000	43750000	0	3292	780	46524	spaced
SUPER_9	5979784	6110646	IR	356	.	6045178	0.356	0.864	42	131337	5979784	5981043	6109387	6110674	62693920	5900000	6150000	42	2420	1259	128344	wide
SUPER_9	22818297	22929365	IR	356	.	22874242	0.356	0.850	33	111051	22818297	22819169	22928495	22929365	62693920	22750000	23000000	0	2063	870	109326	wide
SUPER_9	1326206	1469655	IR	356	.	1397608	0.356	0.571	25	143407	1326206	1326280	1469613	1469655	62693920	1250000	1500000	0	2465	42	143333	wide
SUPER_9	33022850	33024966	IR	356	.	33023908	0.356	0.994	25	2122	33022850	33023007	33024809	33024966	62693920	32850000	33100000	25	2898	157	1802	immediate
SUPER_9	49879006	50013612	IR	355	.	49946274	0.355	0.941	32	135356	49879006	49879497	50013121	50013613	62693920	49800000	50050000	32	2438	491	133624	wide
SUPER_9	54336493	54478934	IR	355	.	54407282	0.355	0.381	21	142419	54336493	54389218	54426209	54478948	62693920	54300000	54550000	0	1795	52725	36991	spaced
SUPER_9	23640945	23824769	IR	354	.	23733212	0.354	0.784	163	183473	23640945	23651363	23814431	23824769	62693920	23600000	23850000	0	2214	10338	163068	wide
SUPER_9	12459798	12480139	IR	354	.	12469491	0.354	1.000	32	20277	12459798	12459862	12480075	12480139	62693920	12300000	12550000	0	2832	64	20213	spaced
SUPER_9	29824302	29829014	IR	354	.	29826393	0.354	0.858	29	4678	29824302	29824975	29828341	29829038	62693920	29650000	29900000	0	2944	673	3366	spaced
SUPER_9	4442071	4481125	IR	354	.	4461240	0.354	0.793	20	39008	4442071	4442117	4481079	4481137	62693920	4250000	4500000	0	3526	46	38962	spaced
SUPER_9	50390686	50590645	IR	353	.	50491071	0.353	0.500	37	199911	50390686	50390778	50590597	50590645	62693920	50350000	50600000	0	2344	48	199819	wide
SUPER_9	14357074	14497618	IR	353	.	14427259	0.353	0.868	32	140947	14357074	14359112	14495580	14497631	62693920	14250000	14500000	32	2955	2038	136468	wide
SUPER_9	6151593	6266656	IR	353	.	6208732	0.353	0.523	31	115019	6151593	6151675	6266612	6266656	62693920	6100000	6350000	0	1818	44	114937	wide
SUPER_9	60907369	61032428	IR	353	.	60969936	0.353	0.800	26	125023	60907369	60907419	61032388	61032428	62693920	60800000	61050000	207	2831	40	124969	wide
SUPER_9	35759842	35995896	IR	352	.	35877622	0.352	0.962	76	237142	35759842	35759974	35995764	35995897	62693920	35750000	36000000	18	2131	132	235790	wide
SUPER_9	18594857	18646915	IR	352	.	18620533	0.352	0.399	53	51895	18594857	18617061	18624795	18646915	62693920	18550000	18800000	0	1181	22120	7734	spaced
SUPER_9	42858311	43039840	IR	352	.	42948600	0.352	0.828	40	181581	42858311	42859881	43038270	43039910	62693920	42850000	43100000	0	1651	1570	178389	wide
SUPER_9	12715526	12865504	IR	352	.	12790509	0.352	0.763	20	150508	12715526	12717652	12863378	12865513	62693920	12650000	12900000	20	2341	2126	145726	wide
SUPER_9	51427131	51434615	IR	351	.	51430879	0.351	0.976	511	8016	51427131	51429630	51432160	51434615	62693920	51300000	51550000	526	2181	2455	2530	spaced
SUPER_9	28417321	28499593	IR	350	.	28458198	0.350	0.733	269	82242	28417321	28423512	28493410	28499593	62693920	28250000	28500000	0	3474	6183	69898	spaced
SUPER_9	48160512	48315191	IR	350	.	48237582	0.350	0.829	56	154716	48160512	48161726	48313977	48315256	62693920	48100000	48350000	0	2297	1214	152251	wide
SUPER_9	536688	730553	IR	350	.	633971	0.350	0.879	28	193807	536688	536746	730495	730561	62693920	500000	750000	0	2226	58	193749	wide
SUPER_9	39586452	39706097	IR	350	.	39645884	0.350	0.475	25	119607	39586452	39586530	39706057	39706097	62693920	39550000	39800000	0	1604	40	119527	wide
SUPER_9	9087836	9087920	IR	349	.	9087873	0.349	1.000	38	153898	9087836	9087895	9087861	9087920	62693920	9000000	9250000	914	1464	59	-34	overlap
SUPER_9	48820053	48874135	IR	349	.	48847124	0.349	0.690	27	86543	48820053	48820093	48874095	48874153	62693920	48750000	49000000	175	1618	40	54002	spaced
SUPER_9	41013757	41020617	IR	348	.	41017289	0.348	0.973	427	7706	41013757	41016555	41017826	41020617	62693920	40800000	41050000	427	3619	2791	1271	immediate
SUPER_9	26541091	26648193	IR	348	.	26594312	0.348	0.823	58	107104	26541091	26543724	26645560	26648215	62693920	26450000	26700000	0	2410	2633	101836	wide
SUPER_9	50703812	50888181	IR	348	.	50796294	0.348	0.947	55	184350	50703812	50704787	50887206	50888181	62693920	50650000	50900000	0	2433	975	182419	wide
SUPER_9	32367225	32369042	IR	348	.	32368092	0.348	0.932	54	2007	32367225	32367646	32368621	32369058	62693920	32150000	32400000	54	3635	421	975	immediate
SUPER_9	20549070	20625568	IR	348	.	20586922	0.348	0.916	48	76445	20549070	20550180	20624458	20625568	62693920	20400000	20650000	0	3121	1110	74278	spaced
SUPER_9	30431832	30442751	IR	348	.	30437486	0.348	0.799	40	11143	30431832	30433386	30441272	30442751	62693920	30300000	30550000	40	2288	1479	7886	spaced
SUPER_9	49650500	49701210	IR	348	.	49676308	0.348	0.391	29	50632	49650500	49675706	49676031	49701210	62693920	49550000	49800000	0	2097	25179	325	immediate
SUPER_9	8642846	8755218	IR	348	.	8699497	0.348	0.903	27	112316	8642846	8642902	8755162	8755224	62693920	8550000	8800000	0	2483	56	112260	wide
SUPER_9	13103323	13103359	IR	348	.	13103559	0.348	0.920	24	109260	13103323	13103346	13103336	13103361	62693920	12950000	13200000	21	2555	23	-10	overlap
SUPER_9	13103323	13343904	IR	348	.	13223809	0.348	0.731	23	240541	13103323	13103361	13343866	13343918	62693920	13100000	13350000	149	2060	38	240505	wide
SUPER_9	271806	396363	IR	347	.	334398	0.347	0.916	271	124614	271806	277329	390840	396441	62693920	250000	500000	0	1401	5523	113511	wide
SUPER_9	51471836	51541804	IR	347	.	51506325	0.347	0.886	158	69950	51471836	51474880	51538841	51541804	62693920	51400000	51650000	0	1780	2963	63961	spaced
SUPER_9	36044604	36088470	IR	347	.	36066057	0.347	0.702	39	43876	36044604	36045812	36087262	36088498	62693920	35900000	36150000	0	2775	1208	41450	spaced
SUPER_9	57795027	57906322	IR	347	.	57851039	0.347	0.929	26	111253	57795027	57795083	57906270	57906322	62693920	57700000	57950000	0	2511	52	111187	wide
SUPER_9	32810671	32894983	IR	346	.	32852675	0.346	0.945	112	84459	32810671	32811234	32894447	32894983	62693920	32800000	33050000	117	880	536	83213	spaced
SUPER_9	56769363	56785793	IR	346	.	56777736	0.346	0.333	39	16404	56769363	56769443	56785757	56785793	62693920	56650000	56900000	115	2126	36	16314	spaced
SUPER_9	8946441	8985202	IR	346	.	8965495	0.346	0.813	22	38658	8946441	8948776	8982875	8985202	62693920	8850000	9100000	0	1930	2327	34099	spaced
SUPER_9	4825287	4919534	IR	345	.	4872893	0.345	0.854	136	94314	4825287	4826952	4917869	4919633	62693920	4750000	5000000	0	2040	1665	90917	spaced
SUPER_9	28915932	29010248	IR	345	.	28963173	0.345	0.954	109	94736	28915932	28916983	29009202	29010248	62693920	28900000	29150000	111	1051	1046	92219	spaced
SUPER_9	54892520	54930744	IR	345	.	54911975	0.345	0.586	81	38205	54892520	54897421	54925863	54930744	62693920	54700000	54950000	0	3527	4881	28442	spaced
SUPER_9	49124489	49133907	IR	345	.	49129246	0.345	0.647	20	9378	49124489	49124523	49133873	49133927	62693920	49100000	49350000	88	486	34	9350	spaced
SUPER_9	56882453	56917015	IR	344	.	56899955	0.344	0.882	163	37036	56882453	56886524	56912944	56917024	62693920	56700000	56950000	153	3328	4071	26420	spaced
SUPER_9	62290228	62469248	IR	344	.	62379265	0.344	0.920	139	179003	62290228	62291880	62467641	62469248	62693920	62250000	62500000	0	2162	1607	175761	wide
SUPER_9	27220325	27242583	IR	344	.	27231117	0.344	0.889	74	22195	27220325	27221700	27241252	27242583	62693920	27050000	27300000	0	3024	1331	19552	spaced
SUPER_9	12038218	12177139	IR	344	.	12107960	0.344	0.849	45	138934	12038218	12038823	12176534	12177170	62693920	12000000	12250000	0	1794	605	137711	wide
SUPER_9	9087832	9164835	IR	344	.	9126086	0.344	1.000	37	76967	9087832	9087868	9164799	9164835	62693920	9000000	9250000	9	2105	36	76931	spaced
SUPER_9	13705444	13783466	IR	344	.	13744622	0.344	0.776	20	78036	13705444	13706497	13782413	13783474	62693920	13550000	13800000	20	3240	1053	75916	spaced
SUPER_9	51551643	51675183	IR	344	.	51612952	0.344	0.688	20	123496	51551643	51551687	51675139	51675203	62693920	51450000	51700000	0	2723	44	123452	wide
SUPER_9	9238569	9394079	IR	343	.	9316813	0.343	0.883	28	155484	9238569	9239416	9393238	9394079	62693920	9200000	9450000	0	1938	841	153822	wide
SUPER_9	3985189	4190920	IR	343	.	4087621	0.343	0.627	23	205615	3985189	3986356	4189753	4190934	62693920	3950000	4200000	0	2300	1167	203397	wide
SUPER_9	46944159	46967125	IR	342	.	46955812	0.342	0.991	493	23493	46944159	46946840	46964444	46967125	62693920	46750000	47000000	493	3427	2681	17604	spaced
SUPER_9	16028435	16081781	IR	342	.	16054898	0.342	0.951	488	54786	16028435	16031042	16079174	16081822	62693920	15850000	16100000	545	3418	2607	48132	spaced
SUPER_9	7019367	7095510	IR	342	.	7057795	0.342	0.757	31	76087	7019367	7019423	7095454	7095528	62693920	6850000	7100000	0	3457	56	76031	spaced
SUPER_9	61429870	61493045	IR	342	.	61461031	0.342	0.915	24	63156	61429870	61430217	61492705	61493045	62693920	61300000	61550000	0	2690	340	62488	spaced
SUPER_9	30382645	30387377	IR	342	.	30384920	0.342	0.893	21	4817	30382645	30383341	30386685	30387377	62693920	30150000	30400000	21	3916	692	3344	spaced
SUPER_9	48559324	48751365	IR	342	.	48655212	0.342	0.800	21	191995	48559324	48559364	48751325	48751375	62693920	48550000	48800000	150	1755	40	191961	wide
SUPER_9	20201181	20290343	IR	341	.	20246239	0.341	0.940	164	89141	20201181	20202829	20288714	20290343	62693920	20100000	20350000	0	2429	1629	85885	spaced
SUPER_9	53268830	53399804	IR	341	.	53334766	0.341	0.875	140	130949	53268830	53274981	53393665	53399804	62693920	53150000	53400000	0	3071	6139	118684	wide
SUPER_9	58694021	58763375	IR	341	.	58729086	0.341	0.658	32	69308	58694021	58694071	58763325	58763401	62693920	58550000	58800000	0	2978	50	69254	spaced
SUPER_9	51675139	51899484	IR	341	.	51786800	0.341	0.938	28	224285	51675139	51675203	51899424	51899484	62693920	51650000	51900000	0	2288	60	224221	wide
SUPER_9	59442552	59617967	IR	340	.	59530459	0.340	0.830	52	175443	59442552	59446222	59614311	59617967	62693920	59400000	59650000	52	2170	3656	168089	wide
SUPER_9	46615318	46848736	IR	340	.	46732388	0.340	0.727	35	232441	46615318	46617540	46846587	46848736	62693920	46600000	46850000	0	2200	2149	229047	wide
SUPER_9	41168944	41310733	IR	340	.	41239993	0.340	0.710	32	141741	41168944	41168988	41310689	41310751	62693920	41150000	41400000	332	1497	44	141701	wide
SUPER_9	2001304	2023436	IR	340	.	2012502	0.340	0.868	30	91946	2001304	2002251	2022489	2023471	62693920	1850000	2100000	30	2706	947	20238	spaced
SUPER_9	54139510	54244197	IR	340	.	54191437	0.340	0.408	29	104718	54139510	54169565	54214142	54244251	62693920	54050000	54300000	0	2364	30055	44577	spaced
SUPER_9	24025333	24215179	IR	340	.	24119892	0.340	0.549	27	189659	24025333	24025641	24214871	24215283	62693920	24000000	24250000	0	2004	308	189230	wide
SUPER_9	55262197	55298755	IR	340	.	55280734	0.340	0.528	20	36522	55262197	55262233	55298719	55298785	62693920	55050000	55300000	0	3841	36	36486	spaced
SUPER_9	2631414	2727617	IR	339	.	2679008	0.339	0.989	131	96176	2631414	2632298	2726733	2727617	62693920	2550000	2800000	0	2158	884	94435	spaced
SUPER_9	36699141	36703627	IR	339	.	36701373	0.339	0.791	65	4882	36699141	36700624	36702185	36703627	62693920	36600000	36850000	66	1689	1442	1561	immediate
SUPER_9	47680412	47706123	IR	339	.	47693665	0.339	0.915	39	25673	47680412	47681401	47705134	47706138	62693920	47550000	47800000	0	2387	989	23733	spaced
SUPER_9	52973533	53055452	IR	338	.	53014122	0.338	0.871	151	81555	52973533	52980292	53048705	53055452	62693920	52850000	53100000	0	2741	6747	68413	spaced
SUPER_9	11176393	11183480	IR	338	.	11180075	0.338	0.869	38	7105	11176393	11177091	11182796	11183480	62693920	10950000	11200000	38	3832	684	5705	spaced
SUPER_9	59720496	59947665	IR	338	.	59834277	0.338	0.811	32	228578	59720496	59721922	59946252	59947665	62693920	59700000	59950000	32	2234	1413	224330	wide
SUPER_9	13355263	13520665	IR	338	.	13437753	0.338	0.770	24	165397	13355263	13358859	13517133	13520665	62693920	13300000	13550000	21	2299	3532	158274	wide
SUPER_9	17392983	17597349	IR	338	.	17494833	0.338	0.733	22	204322	17392983	17393043	17597305	17597349	62693920	17350000	17600000	0	2419	44	204262	wide
SUPER_9	730501	790153	IR	338	.	760133	0.338	0.704	21	59618	730501	730555	790115	790153	62693920	550000	800000	186	3505	38	59560	spaced
SUPER_9	16496934	16537208	IR	338	.	16516806	0.338	0.821	20	40228	16496934	16496980	16537162	16537218	62693920	16350000	16600000	0	2784	46	40182	spaced
SUPER_9	56107043	56348546	IR	338	.	56228172	0.338	0.875	20	241486	56107043	56108597	56346992	56348552	62693920	56100000	56350000	0	2129	1554	238395	wide
SUPER_9	25316479	25378436	IR	337	.	25347572	0.337	0.865	213	72102	25316479	25317982	25376933	25378521	62693920	25250000	25500000	227	1624	1503	58951	spaced
SUPER_9	11132703	11155751	IR	337	.	11144575	0.337	0.908	156	22951	11132703	11137761	11150700	11155751	62693920	11000000	11250000	0	2403	5051	12939	spaced
SUPER_9	58099230	58126802	IR	337	.	58112568	0.337	0.815	105	27629	58099230	58101152	58124880	58126904	62693920	57900000	58150000	0	3550	1922	23728	spaced
SUPER_9	59395312	59405198	IR	337	.	59399832	0.337	0.858	78	9906	59395312	59397098	59403412	59405235	62693920	59200000	59450000	0	3337	1786	6314	spaced
SUPER_9	38330575	38498066	IR	337	.	38414519	0.337	0.846	27	167447	38330575	38330627	38498022	38498066	62693920	38250000	38500000	315	2738	44	167395	wide
SUPER_9	54633480	54849997	IR	336	.	54741266	0.336	0.413	202	216493	54633480	54679660	54803825	54849997	62693920	54600000	54850000	0	2362	46172	124165	wide
SUPER_9	40275368	40288055	IR	336	.	40281368	0.336	0.845	119	12748	40275368	40276490	40286933	40288136	62693920	40150000	40400000	0	2195	1122	10443	spaced
SUPER_9	58190707	58241802	IR	336	.	58216671	0.336	0.932	112	51071	58190707	58192094	58240415	58241833	62693920	58000000	58250000	0	3604	1387	48321	spaced
SUPER_9	51337403	51358749	IR	336	.	51348560	0.336	0.882	55	21063	51337403	51339578	51356574	51358754	62693920	51150000	51400000	0	3301	2175	16996	spaced
SUPER_9	16908417	16958256	IR	336	.	16932917	0.336	0.969	29	49777	16908417	16908481	16958194	16958256	62693920	16850000	17100000	0	1388	62	49713	spaced
SUPER_9	37950796	37981723	IR	336	.	37966120	0.336	0.724	27	30881	37950796	37950838	37981681	37981739	62693920	37850000	38100000	248	1937	42	30843	spaced
SUPER_9	40070766	40076697	IR	336	.	40073470	0.336	0.000	25	5903	40070766	40070794	40076669	40076749	62693920	39950000	40200000	0	2062	28	5875	spaced
SUPER_9	19971440	20086708	IR	336	.	20028853	0.336	0.958	23	115220	19971440	19971486	20086662	20086710	62693920	19850000	20100000	239	2984	46	115176	wide
SUPER_9	53715334	53875046	IR	335	.	53794717	0.335	0.554	89	159686	53715334	53727178	53863207	53875046	62693920	53650000	53900000	0	2419	11839	136029	wide
SUPER_9	22458216	22602613	IR	335	.	22529919	0.335	0.788	60	144466	22458216	22459623	22601206	22602710	62693920	22450000	22700000	0	1340	1407	141583	wide
SUPER_9	27602690	27788265	IR	335	.	27695620	0.335	0.929	56	185640	27602690	27603252	27787703	27788267	62693920	27550000	27800000	59	2424	562	184451	wide
SUPER_9	35299807	35350882	IR	335	.	35325674	0.335	0.644	33	50909	35299807	35301190	35349557	35350882	62693920	35150000	35400000	0	2922	1325	48367	spaced
SUPER_9	8158574	8323005	IR	335	.	8240355	0.335	0.800	20	164383	8158574	8158622	8322957	8323017	62693920	8100000	8350000	0	2346	48	164335	wide
SUPER_9	23041033	23164729	IR	334	.	23103076	0.334	0.973	1043	125846	23041033	23048000	23157762	23164738	62693920	23000000	23250000	1043	1714	6967	109762	wide
SUPER_9	22376235	22394332	IR	334	.	22385740	0.334	0.807	144	18074	22376235	22379289	22391294	22394332	62693920	22150000	22400000	0	3921	3038	12005	spaced
SUPER_9	52251030	52339519	IR	334	.	52294976	0.334	0.965	129	88469	52251030	52252208	52338347	52339519	62693920	52100000	52350000	0	3254	1172	86139	spaced
SUPER_9	55298727	55440333	IR	334	.	55369455	0.334	0.963	40	141559	55298727	55298779	55440281	55440335	62693920	55200000	55450000	800	2825	52	141502	wide
SUPER_9	12977645	13068568	IR	334	.	13022795	0.334	0.880	39	90862	12977645	12978405	13067842	13068568	62693920	12900000	13150000	0	2051	726	89437	spaced
SUPER_9	51113559	51160553	IR	334	.	51137020	0.334	0.955	32	47118	51113559	51113870	51160242	51160555	62693920	51100000	51350000	32	617	311	46372	spaced
SUPER_9	36221375	36248930	IR	334	.	36234708	0.334	0.806	31	27511	36221375	36221447	36248872	36248930	62693920	36000000	36250000	0	3919	58	27425	spaced
SUPER_9	18864949	18912911	IR	334	.	18889161	0.334	0.816	27	48224	18864949	18866025	18911871	18912911	62693920	18750000	19000000	5	2315	1040	45846	spaced
SUPER_9	40076669	40100247	IR	334	.	40087970	0.334	0.265	25	23544	40076669	40076749	40100213	40100247	62693920	39950000	40200000	0	2307	34	23464	spaced
SUPER_9	438200	452484	IR	334	.	445011	0.334	0.798	24	14350	438200	439829	450855	452568	62693920	300000	550000	0	2422	1629	11026	spaced
SUPER_9	44824743	44982552	IR	334	.	44903784	0.334	0.958	21	157765	44824743	44824791	44982506	44982552	62693920	44750000	45000000	200	2560	46	157715	wide
SUPER_9	25026888	25125624	IR	333	.	25075978	0.333	0.953	161	98718	25026888	25028531	25123981	25125625	62693920	24900000	25150000	0	2937	1643	95450	spaced
SUPER_9	18257771	18488382	IR	333	.	18372570	0.333	0.953	132	230559	18257771	18259730	18486427	18488382	62693920	18250000	18500000	0	2051	1955	226697	wide
SUPER_9	7417979	7516358	IR	333	.	7467223	0.333	0.876	60	98592	7417979	7419300	7515037	7516387	62693920	7350000	7600000	60	1952	1321	95737	spaced
SUPER_9	33868720	33873953	IR	333	.	33871082	0.333	0.955	57	5204	33868720	33869609	33873064	33873953	62693920	33650000	33900000	0	3688	889	3455	spaced
SUPER_9	21356565	21526056	IR	333	.	21441227	0.333	0.825	52	170846	21356565	21357220	21525401	21526149	62693920	21300000	21550000	53	2355	655	168181	wide
SUPER_9	10812495	10857783	IR	333	.	10835356	0.333	0.732	45	45361	10812495	10813330	10857007	10857783	62693920	10650000	10900000	46	3085	776	43677	spaced
SUPER_9	46330615	46372241	IR	333	.	46351505	0.333	1.000	42	80256	46330615	46330675	46372181	46372241	62693920	46200000	46450000	855	2523	60	41506	spaced
SUPER_9	49315590	49356133	IR	333	.	49335722	0.333	0.933	36	40810	49315590	49315931	49355801	49356133	62693920	49150000	49400000	36	3097	332	39870	spaced
SUPER_9	50347695	50382138	IR	333	.	50364751	0.333	0.847	28	37317	50347695	50349343	50380493	50382138	62693920	50250000	50500000	28	1915	1645	31150	spaced
SUPER_9	33942766	33967976	IR	333	.	33955374	0.333	0.387	25	25160	33942766	33955274	33955474	33967976	62693920	33750000	34000000	57	3422	12502	200	immediate
SUPER_9	37813850	37895419	IR	332	.	37854201	0.332	0.964	57	81547	37813850	37814355	37894914	37895420	62693920	37800000	38050000	0	910	505	80559	spaced
SUPER_9	36436774	36472817	IR	332	.	36454675	0.332	0.868	50	36062	36436774	36437797	36471794	36472823	62693920	36350000	36600000	53	1746	1023	33997	spaced
SUPER_9	40351775	40574876	IR	332	.	40463014	0.332	0.781	24	223051	40351775	40351839	40574826	40574876	62693920	40350000	40600000	0	1888	50	222987	wide
SUPER_9	50988714	51111828	IR	331	.	51050692	0.331	0.943	106	123091	50988714	50989667	51110875	51111828	62693920	50950000	51200000	0	1671	953	121208	wide
SUPER_9	16560869	16774050	IR	331	.	16667668	0.331	0.879	51	213418	16560869	16561668	16773251	16774069	62693920	16550000	16800000	53	1957	799	211583	wide
SUPER_9	38548746	38551502	IR	331	.	38550569	0.331	0.946	39	2690	38548746	38548820	38551432	38551502	62693920	38350000	38600000	0	3335	70	2612	spaced
SUPER_9	38551438	38746199	IR	331	.	38648598	0.331	0.923	30	194717	38551438	38551490	38746151	38746199	62693920	38550000	38800000	348	1646	48	194661	wide
SUPER_9	37981683	38109173	IR	331	.	38045650	0.331	0.690	25	127456	37981683	37981741	38109133	38109173	62693920	37900000	38150000	229	2423	40	127392	wide
SUPER_9	14944854	15054050	IR	331	.	14999000	0.331	0.800	21	109148	14944854	14944914	15054002	15054050	62693920	14850000	15100000	0	2490	48	109088	wide
SUPER_9	17784935	17912313	IR	331	.	17848581	0.331	0.912	21	127388	17784935	17785344	17911905	17912313	62693920	17700000	17950000	21	2476	408	126561	wide
SUPER_9	41882688	42008718	IR	331	.	41945752	0.331	0.973	20	126040	41882688	41882834	42008573	42008718	62693920	41800000	42050000	20	2428	145	125739	wide
SUPER_9	42076373	42293214	IR	330	.	42184735	0.330	0.975	676	225824	42076373	42080925	42288662	42293226	62693920	42050000	42300000	680	2246	4552	207737	wide
SUPER_9	28120008	28287811	IR	330	.	28203890	0.330	0.949	70	167999	28120008	28120544	28287275	28287826	62693920	28050000	28300000	70	2565	536	166731	wide
SUPER_9	27356860	27566038	IR	330	.	27461777	0.330	0.880	48	209117	27356860	27357569	27565372	27566038	62693920	27350000	27600000	0	1857	666	207803	wide
SUPER_9	14168017	14285804	IR	330	.	14226536	0.330	0.405	45	69128	14168017	14218146	14235777	14285804	62693920	14100000	14350000	0	2115	50027	17631	spaced
SUPER_9	23294378	23434503	IR	330	.	23363972	0.330	0.831	42	140173	23294378	23298321	23430560	23434577	62693920	23250000	23500000	0	1907	3943	132239	wide
SUPER_9	57519199	57599866	IR	330	.	57559216	0.330	0.772	42	80662	57519199	57521191	57597874	57599889	62693920	57400000	57650000	0	2658	1992	76683	spaced
SUPER_9	28625050	28746874	IR	330	.	28686219	0.330	0.770	40	121781	28625050	28626367	28745587	28746874	62693920	28600000	28850000	0	1432	1287	119220	wide
SUPER_9	21704288	21874751	IR	330	.	21789306	0.330	0.916	24	170957	21704288	21705082	21873957	21874751	62693920	21650000	21900000	24	2325	794	168875	wide
SUPER_9	4481077	4613183	IR	330	.	4547520	0.330	0.767	20	132068	4481077	4481137	4613137	4613183	62693920	4400000	4650000	0	2452	46	132000	wide
SUPER_9	35003888	35036500	IR	329	.	35019979	0.329	0.969	230	33031	35003888	35005742	35034647	35036500	62693920	34800000	35050000	230	3669	1853	28905	spaced
SUPER_9	7567393	7572023	IR	329	.	7569934	0.329	0.948	183	5001	7567393	7568347	7571107	7572023	62693920	7350000	7600000	175	3661	916	2760	spaced
SUPER_9	52089991	52161462	IR	329	.	52125273	0.329	0.876	59	71521	52089991	52091601	52159852	52161531	62693920	52000000	52250000	0	2095	1610	68251	spaced
SUPER_9	30013912	30077159	IR	329	.	30045884	0.329	0.769	42	63174	30013912	30019199	30071911	30077159	62693920	29950000	30200000	0	1592	5248	52712	spaced
SUPER_9	46093123	46141685	IR	329	.	46117834	0.329	0.557	34	48538	46093123	46095767	46139122	46141685	62693920	46050000	46300000	0	1123	2563	43355	spaced
SUPER_9	36330398	36398531	IR	329	.	36364056	0.329	0.477	31	68113	36330398	36330484	36398487	36398531	62693920	36150000	36400000	0	3574	44	68003	spaced
SUPER_9	45312568	45549822	IR	329	.	45430813	0.329	0.781	28	237237	45312568	45312632	45549772	45549822	62693920	45300000	45550000	0	2186	50	237140	wide
SUPER_9	41729082	41745286	IR	329	.	41736720	0.329	0.548	27	16162	41729082	41729124	41745244	41745320	62693920	41550000	41800000	0	3119	42	16120	spaced
SUPER_9	45962490	45973513	IR	329	.	45968418	0.329	0.822	26	10998	45962490	45964902	45971127	45973513	62693920	45750000	46000000	0	3633	2386	6225	spaced
SUPER_9	19244474	19343683	IR	329	.	19293638	0.329	0.526	22	99171	19244474	19244544	19343645	19343683	62693920	19100000	19350000	0	3234	38	99101	spaced
SUPER_9	33353290	33438220	IR	329	.	33395950	0.329	0.870	20	84922	33353290	33353336	33438180	33438220	62693920	33200000	33450000	120	3262	40	84844	spaced
SUPER_9	56601245	56671041	IR	328	.	56636639	0.328	0.895	287	69358	56601245	56607254	56665052	56671041	62693920	56450000	56700000	0	3102	5989	57798	spaced
SUPER_9	38118794	38289546	IR	328	.	38204235	0.328	0.895	119	170877	38118794	38119843	38288547	38289546	62693920	38050000	38300000	128	2569	999	168704	wide
SUPER_9	60089792	60233681	IR	328	.	60161698	0.328	0.974	117	144134	60089792	60090702	60232771	60233681	62693920	60000000	60250000	117	2695	910	142069	wide
SUPER_9	33164174	33307047	IR	328	.	33235741	0.328	0.956	104	143103	33164174	33165221	33306002	33307047	62693920	33100000	33350000	104	2260	1045	140781	wide
SUPER_9	17359923	17389155	IR	328	.	17374876	0.328	0.879	85	29209	17359923	17361550	17387542	17389155	62693920	17250000	17500000	0	2075	1613	25992	spaced
SUPER_9	43806836	43999778	IR	328	.	43903127	0.328	0.891	64	193137	43806836	43808289	43998374	43999778	62693920	43800000	44050000	66	1721	1404	190085	wide
SUPER_9	22572	124855	IR	328	.	74181	0.328	0.878	60	102092	22572	23734	123693	124855	62693920	0	250000	0	1228	1162	99959	spaced
SUPER_9	25664640	25747746	IR	328	.	25705840	0.328	0.863	53	83086	25664640	25665550	25746905	25747746	62693920	25500000	25750000	0	3436	841	81355	spaced
SUPER_9	45715183	45945049	IR	328	.	45830211	0.328	0.889	45	229888	45715183	45717287	45942945	45945063	62693920	45700000	45950000	45	2168	2104	225658	wide
SUPER_9	845732	849682	IR	328	.	848082	0.328	0.927	38	3926	845732	846335	849089	849682	62693920	700000	950000	0	2461	593	2754	spaced
SUPER_9	37169724	37280110	IR	328	.	37224529	0.328	0.839	36	110070	37169724	37172452	37277382	37280192	62693920	37050000	37300000	0	2915	2728	104930	wide
SUPER_9	58357137	58583737	IR	328	.	58469943	0.328	0.986	36	226571	58357137	58357424	58583450	58583737	62693920	58350000	58600000	0	2007	287	226026	wide
SUPER_9	16302817	16310421	IR	328	.	16307054	0.328	0.859	28	7587	16302817	16303913	16309327	16310421	62693920	16150000	16400000	0	2610	1094	5414	spaced
SUPER_9	32756282	32759092	IR	328	.	32757420	0.328	0.862	22	2760	32756282	32756340	32759042	32759092	62693920	32550000	32800000	0	3461	50	2702	spaced
SUPER_9	19514383	19710588	IR	327	.	19612053	0.327	0.481	1386	196185	19514383	19590523	19634479	19710588	62693920	19500000	19750000	0	1874	76109	43956	spaced
SUPER_9	55584248	55603485	IR	327	.	55594093	0.327	0.956	814	22395	55584248	55584452	55603281	55603485	62693920	55400000	55650000	14	3230	204	18829	spaced
SUPER_9	62110981	62217919	IR	327	.	62164656	0.327	0.875	56	107248	62110981	62111681	62217237	62217919	62693920	62000000	62250000	56	2740	682	105556	wide
SUPER_9	1285522	1326280	IR	327	.	1306276	0.327	0.860	46	40684	1285522	1285608	1326206	1326280	62693920	1250000	1500000	0	931	74	40598	spaced
SUPER_9	30408499	30415839	IR	327	.	30412155	0.327	0.843	46	7397	30408499	30408945	30415454	30415839	62693920	30300000	30550000	67	1869	385	6509	spaced
SUPER_9	47441857	47515845	IR	327	.	47479111	0.327	0.750	22	73940	47441857	47441921	47515797	47515845	62693920	47300000	47550000	0	2980	48	73876	spaced
SUPER_9	15558412	15565413	IR	327	.	15562313	0.327	0.840	20	7029	15558412	15558766	15565059	15565460	62693920	15400000	15650000	0	2698	354	6293	spaced
SUPER_9	20628994	20707661	IR	327	.	20668058	0.327	0.862	20	78619	20628994	20629044	20707611	20707669	62693920	20500000	20750000	0	2805	50	78567	spaced
SUPER_9	24939305	24944374	IR	327	.	24942163	0.327	0.931	20	4999	24939305	24939640	24944052	24944374	62693920	24800000	25050000	0	2363	322	4412	spaced
SUPER_9	44491875	44507812	IR	326	.	44499710	0.326	0.952	572	16675	44491875	44497471	44502216	44507846	62693920	44300000	44550000	572	3330	5596	4745	spaced
SUPER_9	33118972	33148072	IR	326	.	33133178	0.326	0.896	78	29078	33118972	33120558	33146497	33148072	62693920	32950000	33200000	0	3058	1575	25939	spaced
SUPER_9	16381768	16425159	IR	326	.	16403397	0.326	0.827	51	43754	16381768	16383090	16423920	16425159	62693920	16300000	16550000	52	1724	1239	40830	spaced
SUPER_9	19211698	19244522	IR	326	.	19228369	0.326	0.686	28	32776	19211698	19211746	19244474	19244544	62693920	19000000	19250000	0	3801	48	32728	spaced
SUPER_9	27962236	28077264	IR	326	.	28020176	0.326	0.693	27	115079	27962236	27964509	28074991	28077356	62693920	27850000	28100000	0	2829	2273	110482	wide
SUPER_9	16958208	16979778	IR	326	.	16968950	0.326	1.000	25	21548	16958208	16958254	16979732	16979778	62693920	16850000	17100000	169	1983	46	21478	spaced
SUPER_9	6915259	6976455	IR	326	.	6946145	0.326	0.799	20	61176	6915259	6917049	6974678	6976455	62693920	6900000	7150000	0	764	1777	57629	spaced
SUPER_9	45066775	45191988	IR	325	.	45129238	0.325	0.913	139	125668	45066775	45068733	45190030	45192015	62693920	44950000	45200000	139	2989	1958	121297	wide
SUPER_9	23928736	24000133	IR	325	.	23964203	0.325	0.869	110	71894	23928736	23930564	23998315	24000133	62693920	23800000	24050000	109	2740	1818	67751	spaced
SUPER_9	37393130	37395651	IR	325	.	37394598	0.325	0.740	30	2680	37393130	37393405	37395376	37395734	62693920	37150000	37400000	31	4073	275	1971	immediate
SUPER_9	51899428	52066074	IR	325	.	51982699	0.325	0.880	24	166604	51899428	51899478	52066030	52066074	62693920	51850000	52100000	234	2212	44	166552	wide
SUPER_9	9718931	9829121	IR	325	.	9773521	0.325	0.719	22	110144	9718931	9718995	9829075	9829121	62693920	9600000	9850000	0	2900	46	110080	wide
SUPER_9	39361580	39486111	IR	325	.	39423673	0.325	0.877	22	124753	39361580	39362532	39485161	39486111	62693920	39250000	39500000	22	2897	950	122629	wide
SUPER_9	3893527	3934695	IR	324	.	3914242	0.324	0.826	160	43259	3893527	3895298	3932924	3934749	62693920	3750000	4000000	169	2735	1771	37626	spaced
SUPER_9	5304495	5353920	IR	324	.	5328925	0.324	0.933	37	49383	5304495	5304973	5353442	5353926	62693920	5300000	5550000	0	486	478	48469	spaced
SUPER_9	20713522	20719661	IR	324	.	20716836	0.324	0.808	32	6122	20713522	20715262	20717921	20719665	62693920	20650000	20900000	0	1109	1740	2659	spaced
SUPER_9	35560359	35632982	IR	324	.	35597128	0.324	0.853	29	72565	35560359	35560427	35632924	35632982	62693920	35400000	35650000	0	3277	58	72497	spaced
SUPER_9	56009459	56103372	IR	324	.	56056011	0.324	0.735	23	93522	56009459	56011466	56101365	56103391	62693920	55950000	56200000	0	1773	2007	89899	spaced
SUPER_9	44817275	44824799	IR	323	.	44821462	0.323	0.789	36	7506	44817275	44817351	44824739	44824799	62693920	44600000	44850000	0	3683	60	7388	spaced
SUPER_9	10601379	10629006	IR	323	.	10615084	0.323	0.821	34	31291	10601379	10604307	10626078	10629011	62693920	10500000	10750000	34	1919	2928	21771	spaced
SUPER_9	9003227	9087882	IR	323	.	9045513	0.323	0.526	33	84609	9003227	9003265	9087844	9087914	62693920	9000000	9250000	174	759	38	84579	spaced
SUPER_9	20463077	20480517	IR	323	.	20471562	0.323	0.938	24	17447	20463077	20463384	20480210	20480518	62693920	20250000	20500000	24	3696	307	16826	spaced
SUPER_9	23186565	23248540	IR	323	.	23217671	0.323	0.808	22	61929	23186565	23186607	23248498	23248550	62693920	23000000	23250000	186	3625	42	61891	spaced
SUPER_9	61182871	61231995	IR	322	.	61207386	0.322	0.793	181	55080	61182871	61185670	61229305	61231995	62693920	61000000	61250000	183	3457	2690	43635	spaced
SUPER_9	43548190	43654374	IR	322	.	43600862	0.322	0.922	147	106182	43548190	43550513	43652051	43654395	62693920	43450000	43700000	0	2521	2323	101538	wide
SUPER_9	49363993	49491605	IR	322	.	49427914	0.322	0.924	119	127968	49363993	49365227	49490378	49491605	62693920	49250000	49500000	119	2963	1227	125151	wide
SUPER_9	14030460	14078750	IR	322	.	14054553	0.322	0.490	83	48870	14030460	14037226	14071984	14078751	62693920	13950000	14200000	83	1743	6766	34758	spaced
SUPER_9	37021077	37169598	IR	322	.	37095272	0.322	0.851	46	148550	37021077	37022486	37168214	37169598	62693920	36950000	37200000	52	2422	1384	145728	wide
SUPER_9	29804772	29809049	IR	322	.	29806579	0.322	0.916	36	4163	29804772	29805544	29808292	29809049	62693920	29600000	29850000	0	3448	757	2748	spaced
SUPER_9	38833462	38835970	IR	322	.	38834717	0.322	0.948	32	2527	38833462	38833746	38835688	38835970	62693920	38750000	39000000	32	1411	282	1942	immediate
SUPER_9	12480081	12603908	IR	322	.	12542144	0.322	0.889	24	123783	12480081	12480135	12603860	12603908	62693920	12400000	12650000	294	2366	48	123725	wide
SUPER_9	52514050	52546522	IR	322	.	52530593	0.322	0.893	20	32422	52514050	52514106	52546472	52546522	62693920	52350000	52600000	0	3004	50	32366	spaced
SUPER_9	29217474	29377883	IR	321	.	29297302	0.321	0.902	237	160061	29217474	29222668	29372689	29377930	62693920	29150000	29400000	0	2461	5194	150021	wide
SUPER_9	58871907	58997695	IR	321	.	58934789	0.321	0.930	203	127079	58871907	58874534	58995073	58997695	62693920	58850000	59100000	203	1413	2622	120539	wide
SUPER_9	46404647	46444327	IR	321	.	46424206	0.321	0.809	193	39666	46404647	46411594	46437380	46444340	62693920	46200000	46450000	0	3741	6947	25786	spaced
SUPER_9	33967934	34165971	IR	321	.	34067150	0.321	0.390	49	198011	33967934	34016277	34117695	34165971	62693920	33950000	34200000	181	1949	48276	101418	wide
SUPER_9	2199926	2233671	IR	321	.	2217274	0.321	0.860	44	33781	2199926	2201177	2232420	2233734	62693920	2000000	2250000	0	3613	1251	31243	spaced
SUPER_9	35391709	35394958	IR	321	.	35393763	0.321	0.819	28	3163	35391709	35392008	35394659	35394967	62693920	35150000	35400000	0	4055	299	2651	spaced
SUPER_9	61073408	61076744	IR	321	.	61074918	0.321	0.787	25	3400	61073408	61073696	61076456	61076804	62693920	60850000	61100000	25	3751	288	2760	spaced
SUPER_9	30293609	30319906	IR	320	.	30306404	0.320	0.910	78	26161	30293609	30295211	30318349	30319906	62693920	30150000	30400000	0	2612	1557	23138	spaced
SUPER_9	34509492	34604413	IR	320	.	34557292	0.320	0.396	43	94881	34509492	34509594	34604365	34604413	62693920	34500000	34750000	0	949	48	94771	spaced
SUPER_9	14730366	14754511	IR	320	.	14742541	0.320	0.697	34	24257	14730366	14732789	14752088	14754591	62693920	14550000	14800000	34	3207	2423	19299	spaced
SUPER_9	41512442	41599735	IR	320	.	41556534	0.320	0.843	31	87289	41512442	41513565	41598612	41599753	62693920	41350000	41600000	0	3434	1123	85047	spaced
SUPER_9	35656408	35688912	IR	320	.	35672680	0.320	0.885	25	32460	35656408	35656460	35688866	35688912	62693920	35650000	35900000	235	377	46	32406	spaced
SUPER_9	26986428	26993844	IR	319	.	26989899	0.319	0.954	260	8007	26986428	26988770	26991509	26993844	62693920	26750000	27000000	260	4002	2335	2739	spaced
SUPER_9	1788404	1881219	IR	319	.	1834941	0.319	0.892	129	94292	1788404	1792004	1877640	1881219	62693920	1700000	1950000	129	2246	3579	85636	spaced
SUPER_9	11710704	11927045	IR	319	.	11818815	0.319	0.876	82	216533	11710704	11712039	11925710	11927123	62693920	11700000	11950000	84	1981	1335	213671	wide
SUPER_9	33699275	33850491	IR	319	.	33774800	0.319	0.705	61	151481	33699275	33700448	33849336	33850491	62693920	33650000	33900000	67	2081	1155	148888	wide
SUPER_9	47642490	47650413	IR	319	.	47646771	0.319	0.969	35	7904	47642490	47642848	47650056	47650413	62693920	47450000	47700000	0	3274	357	7208	spaced
SUPER_9	60331840	60369354	IR	319	.	60350414	0.319	0.841	28	37542	60331840	60332335	60368859	60369371	62693920	60150000	60400000	28	3343	495	36524	spaced
SUPER_9	59660887	59703715	IR	319	.	59682239	0.319	0.923	22	42778	59660887	59660935	59703667	59703719	62693920	59500000	59750000	252	3038	48	42732	spaced
SUPER_9	25812363	26023773	IR	319	.	25917617	0.319	0.821	20	211364	25812363	25812419	26023727	26023773	62693920	25800000	26050000	0	1967	46	211308	wide
SUPER_9	30555651	30558394	IR	319	.	30556545	0.319	0.889	20	2695	30555651	30555699	30558346	30558400	62693920	30350000	30600000	0	3450	48	2647	spaced
SUPER_9	38855561	38872612	IR	319	.	38864437	0.319	0.822	20	17030	38855561	38856818	38871397	38872612	62693920	38850000	39100000	0	234	1215	14579	spaced
SUPER_9	2399416	2558967	IR	318	.	2479654	0.318	0.908	279	159624	2399416	2404647	2553736	2559060	62693920	2350000	2600000	0	2153	5231	149089	wide
SUPER_9	28389737	28415690	IR	318	.	28402508	0.318	0.938	242	26900	28389737	28392354	28413105	28415690	62693920	28250000	28500000	242	2545	2585	20751	spaced
SUPER_9	44154533	44295115	IR	318	.	44225170	0.318	0.939	146	140548	44154533	44156180	44293478	44295115	62693920	44050000	44300000	0	2913	1637	137298	wide
SUPER_9	6597784	6696668	IR	318	.	6646725	0.318	0.847	60	98932	6597784	6600023	6694429	6696736	62693920	6550000	6800000	0	1620	2239	94406	spaced
SUPER_9	20815672	20916516	IR	318	.	20866433	0.318	0.838	41	100929	20815672	20817163	20915025	20916620	62693920	20700000	20950000	0	2768	1491	97862	spaced
SUPER_9	45594554	45714580	IR	318	.	45654522	0.318	0.930	25	120026	45594554	45594946	45714188	45714585	62693920	45550000	45800000	25	1742	392	119242	wide
SUPER_9	2739230	2925173	IR	318	.	2832012	0.318	0.629	20	186025	2739230	2740732	2923671	2925228	62693920	2700000	2950000	20	2203	1502	182939	wide
SUPER_9	29613115	29648259	IR	318	.	29630778	0.318	0.704	20	35116	29613115	29613169	29648221	29648259	62693920	29550000	29800000	110	1344	38	35052	spaced
SUPER_9	42729470	42777161	IR	318	.	42753183	0.318	0.917	20	47643	42729470	42729514	42777117	42777165	62693920	42550000	42800000	223	3388	44	47603	spaced
SUPER_9	61271182	61354459	IR	317	.	61313090	0.317	0.895	61	83268	61271182	61272882	61352759	61354495	62693920	61200000	61450000	0	1880	1700	79877	spaced
SUPER_9	7342856	7408003	IR	317	.	7375658	0.317	0.952	31	65139	7342856	7342898	7407963	7408003	62693920	7200000	7450000	88	2923	40	65065	spaced
SUPER_9	6781866	6785840	IR	317	.	6783410	0.317	0.828	29	3985	6781866	6782222	6785484	6785875	62693920	6550000	6800000	0	3897	356	3262	spaced
SUPER_9	38841523	38843707	IR	317	.	38842793	0.317	0.761	26	2256	38841523	38841658	38843572	38843747	62693920	38750000	39000000	26	1543	135	1914	immediate
SUPER_9	32555146	32756340	IR	317	.	32656220	0.317	0.381	24	201136	32555146	32603536	32707968	32756340	62693920	32550000	32800000	0	1762	48372	104432	wide
SUPER_9	30634952	30639688	IR	317	.	30637678	0.317	0.770	22	4572	30634952	30635426	30639275	30639688	62693920	30550000	30800000	0	1455	413	3849	spaced
SUPER_9	36176851	36185895	IR	317	.	36181653	0.317	0.525	22	9025	36176851	36176925	36185855	36185895	62693920	35950000	36200000	0	3856	40	8930	spaced
SUPER_9	59112250	59246498	IR	316	.	59179306	0.316	0.834	73	134555	59112250	59113525	59245307	59246498	62693920	59050000	59300000	73	2156	1191	131782	wide
SUPER_9	49149036	49268366	IR	316	.	49208471	0.316	0.864	52	119406	49149036	49149784	49267642	49268366	62693920	49100000	49350000	53	1811	724	117858	wide
SUPER_9	27345690	27355643	IR	316	.	27351029	0.316	0.855	26	9875	27345690	27346211	27355160	27355643	62693920	27300000	27550000	0	844	483	8949	spaced
SUPER_9	23248489	23281128	IR	316	.	23265110	0.316	0.701	23	32621	23248489	23248556	23281081	23281128	62693920	23100000	23350000	0	2746	47	32525	spaced
SUPER_9	60787043	60820828	IR	316	.	60803903	0.316	0.862	23	33964	60787043	60787526	60820358	60820828	62693920	60700000	60950000	23	1732	470	32832	spaced
SUPER_9	16433987	16477256	IR	316	.	16455803	0.316	1.000	22	43221	16433987	16434035	16477208	16477256	62693920	16250000	16500000	200	3426	48	43173	spaced
SUPER_9	61971630	62090291	IR	316	.	62031310	0.316	0.806	21	118632	61971630	61971954	62090016	62090291	62693920	61900000	62150000	0	2182	275	118062	wide
SUPER_9	22029029	22031652	IR	316	.	22030288	0.316	0.926	20	2658	22029029	22029469	22031212	22031656	62693920	21800000	22050000	24	3838	440	1743	immediate
SUPER_9	44077641	44082202	IR	315	.	44080220	0.315	0.969	128	4547	44077641	44078794	44081049	44082208	62693920	43950000	44200000	0	2165	1153	2255	spaced
SUPER_9	40135308	40232096	IR	315	.	40183246	0.315	0.945	98	96593	40135308	40136698	40230711	40232096	62693920	40000000	40250000	0	3061	1385	94013	spaced
SUPER_9	22176142	22314235	IR	315	.	22245494	0.315	0.867	80	138072	22176142	22177767	22312632	22314235	62693920	22100000	22350000	0	2419	1603	134865	wide
SUPER_9	52605467	52829793	IR	315	.	52718089	0.315	0.876	33	224240	52605467	52606611	52828649	52829808	62693920	52600000	52850000	0	1960	1144	222038	wide
SUPER_9	16979718	17126340	IR	315	.	17053469	0.315	0.742	21	146586	16979718	16979780	17126294	17126340	62693920	16950000	17200000	0	1717	46	146514	wide
SUPER_9	17695495	17754562	IR	315	.	17725327	0.315	0.686	20	55837	17695495	17702262	17747860	17754562	62693920	17550000	17800000	0	2917	6702	45598	spaced
SUPER_9	39045954	39137875	IR	315	.	39092319	0.315	0.893	20	91871	39045954	39046004	39137825	39137881	62693920	38900000	39150000	0	3198	50	91821	spaced
SUPER_9	40879880	40962246	IR	314	.	40920660	0.314	0.873	33	82338	40879880	40880281	40961845	40962247	62693920	40750000	41000000	0	2850	401	81564	spaced
SUPER_9	57343130	57350290	IR	314	.	57346998	0.314	0.892	28	7142	57343130	57343887	57349533	57350295	62693920	57200000	57450000	0	2445	757	5646	spaced
SUPER_9	20500655	20525296	IR	314	.	20513322	0.314	0.826	27	24619	20500655	20501247	20524752	20525296	62693920	20300000	20550000	0	3549	544	23505	spaced
SUPER_9	891898	896799	IR	314	.	894464	0.314	0.660	24	38028	891898	892127	896570	896897	62693920	800000	1050000	26	1572	229	4443	spaced
SUPER_9	35048890	35116257	IR	314	.	35082568	0.314	0.880	21	67323	35048890	35048934	35116213	35116263	62693920	34900000	35150000	240	3042	44	67279	spaced
SUPER_9	47323982	47339155	IR	313	.	47331857	0.313	0.902	28	15002	47323982	47324923	47338214	47339155	62693920	47100000	47350000	0	3859	941	13291	spaced
SUPER_9	48393362	48415809	IR	313	.	48404627	0.313	1.000	20	22401	48393362	48393408	48415763	48415809	62693920	48200000	48450000	180	3409	46	22355	spaced
SUPER_9	6817814	6846821	IR	312	.	6831938	0.312	0.952	160	28990	6817814	6819430	6845218	6846821	62693920	6600000	6850000	0	3871	1603	25788	spaced
SUPER_9	54527593	54532502	IR	312	.	54529805	0.312	0.993	55	4962	54527593	54527860	54532235	54532502	62693920	54350000	54600000	55	3000	267	4375	spaced
SUPER_9	27884394	27930199	IR	312	.	27907431	0.312	0.697	40	45789	27884394	27884460	27930153	27930199	62693920	27800000	28050000	489	1788	46	45693	spaced
SUPER_9	4339469	4357199	IR	312	.	4348388	0.312	0.771	32	17940	4339469	4341487	4355181	4357203	62693920	4150000	4400000	32	3305	2018	13694	spaced
SUPER_9	20342978	20379421	IR	312	.	20360847	0.312	0.806	28	36008	20342978	20344816	20377583	20379432	62693920	20250000	20500000	0	1853	1838	32767	spaced
SUPER_9	30472328	30555697	IR	312	.	30514063	0.312	0.815	27	83329	30472328	30472382	30555653	30555697	62693920	30350000	30600000	272	2733	44	83271	spaced
SUPER_9	34165907	34180191	IR	312	.	34172753	0.312	0.625	20	14244	34165907	34165973	34180151	34180191	62693920	34100000	34350000	0	1217	40	14178	spaced
SUPER_9	32472375	32492107	IR	311	.	32481892	0.311	0.913	78	19510	32472375	32473839	32490682	32492107	62693920	32400000	32650000	0	1370	1425	16843	spaced
SUPER_9	29113518	29216385	IR	311	.	29165137	0.311	0.934	49	103131	29113518	29114031	29215872	29216390	62693920	29050000	29300000	51	1915	513	101841	wide
SUPER_9	49511074	49530482	IR	311	.	49521092	0.311	0.931	43	19382	49511074	49511538	49530026	49530482	62693920	49400000	49650000	0	2012	456	18488	spaced
SUPER_9	41310691	41377861	IR	311	.	41344429	0.311	0.821	33	67128	41310691	41310747	41377815	41377861	62693920	41150000	41400000	447	3237	46	67068	spaced
SUPER_9	18103281	18173861	IR	311	.	18138795	0.311	0.916	30	70733	18103281	18103864	18173279	18173861	62693920	17950000	18200000	27	3142	582	69415	spaced
SUPER_9	4704275	4772833	IR	310	.	4738321	0.310	0.982	168	68803	4704275	4705178	4771930	4772836	62693920	4550000	4800000	155	3142	903	66752	spaced
SUPER_9	2559689	2599920	IR	310	.	2579877	0.310	0.979	159	40539	2559689	2560768	2598841	2599920	62693920	2450000	2700000	159	2163	1079	38073	spaced
SUPER_9	41029124	41037141	IR	310	.	41033082	0.310	0.864	156	8425	41029124	41032694	41033655	41037141	62693920	40800000	41050000	166	3885	3486	961	immediate
SUPER_9	39933131	39975014	IR	310	.	39953809	0.310	0.906	75	41902	39933131	39934612	39973533	39975050	62693920	39750000	40000000	0	3401	1481	38921	spaced
SUPER_9	38782802	38787719	IR	310	.	38784954	0.310	0.940	35	4899	38782802	38783137	38787394	38787719	62693920	38600000	38850000	0	3087	325	4257	spaced
SUPER_9	19069548	19072521	IR	310	.	19070615	0.310	1.000	34	2945	19069548	19069750	19072319	19072521	62693920	18850000	19100000	0	3683	202	2569	spaced
SUPER_9	15689841	15717394	IR	310	.	15703285	0.310	0.839	27	27501	15689841	15689893	15717342	15717404	62693920	15650000	15900000	0	893	52	27449	spaced
SUPER_9	15956128	16011766	IR	309	.	15983587	0.309	0.894	78	55615	15956128	15957776	16010148	16011766	62693920	15800000	16050000	0	3065	1618	52372	spaced
SUPER_9	39908954	39919969	IR	309	.	39914061	0.309	0.873	42	10982	39908954	39910020	39918903	39920002	62693920	39800000	40050000	0	1907	1066	8883	spaced
SUPER_9	28807888	28817709	IR	309	.	28813016	0.309	0.835	30	9852	28807888	28809151	28816446	28817719	62693920	28650000	28900000	30	2713	1263	7295	spaced
SUPER_9	50161438	50197552	IR	309	.	50179806	0.309	0.800	20	36066	50161438	50161498	50197504	50197552	62693920	49950000	50200000	0	3824	48	36006	spaced
SUPER_9	10166200	10184640	IR	308	.	10175038	0.308	0.876	84	18471	10166200	10166966	10183874	10184694	62693920	10050000	10300000	0	2090	766	16908	spaced
SUPER_9	44347132	44351175	IR	307	.	44349108	0.307	0.967	206	4399	44347132	44348509	44349805	44351175	62693920	44250000	44500000	206	1652	1370	1296	immediate
SUPER_9	2138659	2160309	IR	307	.	2149562	0.307	0.810	22	21635	2138659	2139122	2159879	2160309	62693920	1950000	2200000	23	3324	430	20757	spaced
SUPER_9	18817530	18851127	IR	307	.	18833972	0.307	0.805	22	33452	18817530	18818887	18849770	18851157	62693920	18700000	18950000	0	2238	1357	30883	spaced
SUPER_9	49536595	49545697	IR	306	.	49540900	0.306	0.976	171	9450	49536595	49537763	49544529	49545702	62693920	49350000	49600000	162	3185	1168	6766	spaced
SUPER_9	44728622	44782995	IR	306	.	44755860	0.306	0.936	79	54669	44728622	44729656	44781961	44782995	62693920	44550000	44800000	79	3430	1034	52305	spaced
SUPER_9	59951462	59991637	IR	306	.	59971102	0.306	0.544	38	40139	59951462	59959461	59983666	59991637	62693920	59750000	60000000	0	3692	7971	24205	spaced
SUPER_9	56978616	57133433	IR	306	.	57056087	0.306	0.695	20	154814	56978616	56980502	57131569	57133433	62693920	56900000	57150000	23	2600	1864	151067	wide
SUPER_9	44391420	44404536	IR	305	.	44398132	0.305	0.931	37	13062	44391420	44391478	44404482	44404536	62693920	44200000	44450000	663	3299	54	13004	spaced
SUPER_9	38498022	38548796	IR	305	.	38523338	0.305	0.733	32	50728	38498022	38498066	38548752	38548812	62693920	38300000	38550000	432	3723	44	50686	spaced
SUPER_9	46245042	46298248	IR	304	.	46271432	0.304	0.924	170	53744	46245042	46246518	46296772	46298283	62693920	46100000	46350000	181	2860	1476	50254	spaced
SUPER_9	41151834	41161766	IR	304	.	41156569	0.304	0.941	166	12084	41151834	41153806	41159794	41161777	62693920	40950000	41200000	152	3446	1972	5988	spaced
SUPER_9	28579184	28586322	IR	304	.	28582296	0.304	0.945	106	7117	28579184	28580832	28584674	28586322	62693920	28500000	28750000	0	1379	1648	3842	spaced
SUPER_9	34682126	34685787	IR	303	.	34684421	0.303	0.978	29	3635	34682126	34682439	34685474	34685787	62693920	34550000	34800000	0	2232	313	3035	spaced
SUPER_9	34750757	34795410	IR	303	.	34773288	0.303	0.916	28	44733	34750757	34751471	34794696	34795411	62693920	34600000	34850000	30	2884	714	43225	spaced
SUPER_9	33017979	33020248	IR	302	.	33018981	0.302	0.985	58	2386	33017979	33018323	33019904	33020248	62693920	32850000	33100000	58	2818	344	1581	immediate
SUPER_9	24771651	24929093	IR	302	.	24850013	0.302	0.788	27	157404	24771651	24771717	24929041	24929093	62693920	24700000	24950000	0	2506	52	157324	wide
SUPER_9	59713310	59717548	IR	302	.	59715445	0.302	0.767	27	4327	59713310	59714263	59716595	59717599	62693920	59550000	59800000	33	2757	953	2332	spaced
SUPER_9	28367211	28371726	IR	300	.	28369776	0.300	0.897	23	4463	28367211	28367263	28371674	28371732	62693920	28150000	28400000	0	3657	52	4411	spaced
SUPER_9	56861011	56879945	IR	300	.	56870189	0.300	0.870	21	18916	56861011	56861567	56879394	56879945	62693920	56850000	57100000	0	341	551	17827	spaced
SUPER_9	28566313	28579174	IR	298	.	28572968	0.298	0.971	140	12817	28566313	28566554	28578933	28579174	62693920	28550000	28800000	25	378	241	12379	spaced
SUPER_9	204803	268950	IR	295	.	236862	0.295	0.755	25	64226	204803	205546	268207	268984	62693920	50000	300000	25	3114	743	62661	spaced
SUPER_9	36728212	36735754	IR	290	.	36731530	0.290	0.860	33	7515	36728212	36729485	36734511	36735754	62693920	36500000	36750000	0	3866	1243	5026	spaced
SUPER_9	58763345	58861511	IR	290	.	58812413	0.290	0.692	21	98146	58763345	58763397	58861475	58861511	62693920	58700000	58950000	79	1873	36	98078	spaced
SUPER_9	8843541	8934205	IR	288	.	8889075	0.288	0.966	57	90677	8843541	8843977	8933769	8934205	62693920	8700000	8950000	45	3147	436	89792	spaced
SUPER_9	5725438	5767197	IR	285	.	5745868	0.285	0.643	23	41717	5725438	5725480	5767155	5767223	62693920	5600000	5850000	0	2438	42	41675	spaced
SUPER_9	35632928	35650331	IR	283	.	35641800	0.283	0.880	21	17361	35632928	35632978	35650287	35650331	62693920	35600000	35850000	231	693	44	17309	spaced
SUPER_10	10124461	10131215	IR	929	.	10127838	0.929	0.997	642	7502	10124461	10127386	10128299	10131215	61729720	9900000	10150000	643	3797	2916	913	immediate
SUPER_10	50896173	50898061	IR	686	.	50897133	0.686	0.938	94	2032	50896173	50896868	50897366	50898093	61729720	50650000	50900000	94	4118	695	498	immediate
SUPER_10	56375099	56489692	IR	683	.	56432427	0.683	0.397	47	114804	56375099	56432222	56432632	56489692	61729720	56300000	56550000	47	2206	57060	410	immediate
SUPER_10	2598062	2603427	IR	636	.	2600746	0.636	0.966	258	5799	2598062	2600187	2601305	2603427	61729720	2400000	2650000	258	3345	2122	1118	immediate
SUPER_10	9919549	9921309	IR	636	.	9920429	0.636	0.978	118	2130	9919549	9920227	9920631	9921311	61729720	9700000	9950000	118	3673	678	404	immediate
SUPER_10	20306220	20307376	IR	629	.	20306804	0.629	0.945	60	125583	20306220	20306718	20306878	20307388	61729720	20200000	20450000	79	1779	498	160	immediate
SUPER_10	32167769	32169655	IR	625	.	32168712	0.625	0.968	113	2131	32167769	32168557	32168867	32169656	61729720	31950000	32200000	113	3645	788	310	immediate
SUPER_10	28257174	28266848	IR	613	.	28261949	0.613	0.964	373	10144	28257174	28260175	28263847	28266860	61729720	28150000	28400000	373	1866	3001	3672	spaced
SUPER_10	24749990	24753239	IR	607	.	24751218	0.607	0.715	42	3230	24749990	24751597	24751632	24753240	61729720	24550000	24800000	0	3360	1607	35	immediate
SUPER_10	24703305	24705833	IR	597	.	24704845	0.597	0.706	26	2507	24703305	24704268	24704897	24705833	61729720	24500000	24750000	0	3409	936	629	immediate
SUPER_10	6938846	6940718	IR	588	.	6939644	0.588	0.712	20	2018	6938846	6939755	6939809	6940737	61729720	6850000	7100000	24	1496	909	54	immediate
SUPER_10	38031529	38039769	IR	581	.	38035649	0.581	1.000	828	9187	38031529	38035165	38036134	38039769	61729720	37800000	38050000	828	3927	3635	969	immediate
SUPER_10	19302863	19303804	IR	548	.	19303243	0.548	0.685	29	2597	19302863	19303070	19303597	19303885	61729720	19200000	19450000	29	1722	207	527	immediate
SUPER_10	58037389	58040240	IR	543	.	58039251	0.543	0.709	35	2833	58037389	58038856	58038859	58040240	61729720	57950000	58200000	0	1480	1381	3	immediate
SUPER_10	18975805	19135947	IR	540	.	19055651	0.540	0.933	38	160524	18975805	18976211	19135547	19135947	61729720	18900000	19150000	38	2597	400	159336	wide
SUPER_10	11033714	11035629	IR	537	.	11034671	0.537	0.876	38	2510	11033714	11034164	11035194	11035629	61729720	10900000	11150000	56	2244	435	1030	immediate
SUPER_10	601163	603421	IR	519	.	601942	0.519	0.885	40	2212	601163	602062	602568	603421	61729720	550000	800000	0	871	853	506	immediate
SUPER_10	45179612	45181586	IR	518	.	45180599	0.518	0.919	31	2019	45179612	45180206	45180992	45181586	61729720	45000000	45250000	31	3009	594	786	immediate
SUPER_10	34198325	34211654	IR	513	.	34205011	0.513	0.692	54	47167	34198325	34204201	34205821	34211654	61729720	34050000	34300000	57	2583	5833	1620	immediate
SUPER_10	33261739	33438940	IR	513	.	33349934	0.513	0.393	27	177164	33261739	33350270	33350409	33438942	61729720	33250000	33500000	0	1672	88531	139	immediate
SUPER_10	30346351	30397559	IR	500	.	30371503	0.500	0.938	144	51119	30346351	30348796	30395115	30397559	61729720	30150000	30400000	0	3699	2444	46319	spaced
SUPER_10	15784852	15789010	IR	498	.	15786697	0.498	0.978	174	5210	15784852	15785786	15788076	15789011	61729720	15650000	15900000	147	2282	934	2290	spaced
SUPER_10	22588830	22724264	IR	492	.	22656543	0.492	0.694	40	135603	22588830	22590455	22722639	22724292	61729720	22550000	22800000	43	1775	1625	132184	wide
SUPER_10	40604878	40609046	IR	481	.	40607450	0.481	0.873	26	4003	40604878	40605981	40607943	40609048	61729720	40450000	40700000	0	2615	1103	1962	immediate
SUPER_10	34005530	34054477	IR	468	.	34029846	0.468	0.916	323	158150	34005530	34008549	34051485	34054477	61729720	33950000	34200000	325	1333	2992	42936	spaced
SUPER_10	25557654	25703487	IR	462	.	25630572	0.462	0.400	54	145860	25557654	25629640	25631501	25703523	61729720	25500000	25750000	154	2176	71986	1861	immediate
SUPER_10	33925043	33998815	IR	461	.	33961888	0.461	0.727	64	17036	33925043	33940511	33983402	33998815	61729720	33750000	34000000	70	3532	15413	42891	spaced
SUPER_10	61697892	61708685	IR	451	.	61703293	0.451	0.981	669	11825	61697892	61702038	61704548	61708685	61729720	61500000	61729720	669	3388	4137	2510	spaced
SUPER_10	44890187	44957107	IR	448	.	44923571	0.448	0.815	31	67248	44890187	44892869	44954427	44957107	61729720	44850000	45100000	31	1227	2680	61558	spaced
SUPER_10	48543580	48667517	IR	447	.	48605306	0.447	0.870	21	123897	48543580	48543626	48667477	48667517	61729720	48450000	48700000	131	2592	40	123851	wide
SUPER_10	48408824	48457980	IR	446	.	48433614	0.446	0.893	194	49365	48408824	48411500	48455361	48457980	61729720	48300000	48550000	194	2223	2619	43861	spaced
SUPER_10	41126055	41127385	IR	443	.	41126720	0.443	0.971	31	20971	41126055	41126294	41127146	41127387	61729720	41000000	41250000	31	2111	239	852	immediate
SUPER_10	49070871	49284066	IR	440	.	49176996	0.440	0.912	128	213177	49070871	49072874	49282063	49284072	61729720	49050000	49300000	0	2124	2003	209189	wide
SUPER_10	11384332	11386836	IR	437	.	11385584	0.437	0.883	41	2559	11384332	11384897	11386271	11386853	61729720	11250000	11500000	41	2259	565	1374	immediate
SUPER_10	17985945	17991509	IR	435	.	17988722	0.435	0.927	130	6054	17985945	17987839	17989615	17991518	61729720	17800000	18050000	130	3145	1894	1776	immediate
SUPER_10	40358257	40418654	IR	434	.	40388591	0.434	0.605	27	60347	40358257	40358295	40418616	40418680	61729720	40250000	40500000	127	2307	38	60321	spaced
SUPER_10	8657721	8810200	IR	433	.	8733651	0.433	0.396	34	152405	8657721	8717406	8750536	8810200	61729720	8600000	8850000	0	2232	59664	33130	spaced
SUPER_10	18152021	18211961	IR	433	.	18182380	0.433	0.879	29	59902	18152021	18152087	18211903	18211961	61729720	18000000	18250000	0	3033	58	59816	spaced
SUPER_10	51991612	52017861	IR	432	.	52004791	0.432	0.769	22	26207	51991612	51991652	52017821	52017873	61729720	51800000	52050000	202	3412	40	26169	spaced
SUPER_10	21683249	21842061	IR	430	.	21762216	0.430	0.939	147	158780	21683249	21685188	21840122	21842068	61729720	21600000	21850000	0	2710	1939	154934	wide
SUPER_10	61250193	61278155	IR	430	.	61264468	0.430	0.781	25	27912	61250193	61250257	61278105	61278155	61729720	61050000	61300000	0	3569	50	27848	spaced
SUPER_10	12487966	12521926	IR	429	.	12504598	0.429	0.443	32	33979	12487966	12504733	12505159	12521970	61729720	12350000	12600000	0	2582	16767	426	immediate
SUPER_10	8636313	8638237	IR	426	.	8637285	0.426	0.888	35	2003	8636313	8637016	8637564	8638237	61729720	8400000	8650000	35	3954	673	548	immediate
SUPER_10	17204143	17259298	IR	426	.	17232105	0.426	0.893	20	55105	17204143	17204199	17259248	17259298	61729720	17050000	17300000	0	3028	50	55049	spaced
SUPER_10	3755476	3911782	IR	424	.	3833984	0.424	0.909	30	156270	3755476	3755536	3911722	3911788	61729720	3700000	3950000	0	2227	60	156186	wide
SUPER_10	53492078	53676161	IR	422	.	53583725	0.422	0.387	23	144236	53492078	53531927	53636312	53676202	61729720	53450000	53700000	0	2235	39849	104385	wide
SUPER_10	27723257	27752297	IR	418	.	27737973	0.418	0.861	39	29159	27723257	27724889	27750665	27752327	61729720	27600000	27850000	39	2296	1632	25776	spaced
SUPER_10	45703519	45832956	IR	418	.	45767820	0.418	0.667	21	129393	45703519	45703585	45832912	45832956	61729720	45650000	45900000	0	1970	44	129327	wide
SUPER_10	34345162	34370211	IR	413	.	34358114	0.413	0.896	104	25029	34345162	34347267	34368125	34370211	61729720	34150000	34400000	0	3461	2086	20858	spaced
SUPER_10	35969006	36047243	IR	409	.	36008506	0.409	0.950	121	78219	35969006	35970781	36045468	36047251	61729720	35850000	36100000	0	2635	1775	74687	spaced
SUPER_10	57235445	57446117	IR	409	.	57340864	0.409	0.793	32	210632	57235445	57235503	57446071	57446117	61729720	57200000	57450000	380	2346	46	210568	wide
SUPER_10	55260692	55318946	IR	405	.	55289375	0.405	0.386	30	29882	55260692	55289115	55290574	55318946	61729720	55150000	55400000	0	2330	28372	1459	immediate
SUPER_10	20407893	20492989	IR	405	.	20450513	0.405	0.655	24	85054	20407893	20407931	20492951	20493009	61729720	20400000	20650000	190	840	38	85020	spaced
SUPER_10	60851422	60853742	IR	405	.	60852596	0.405	0.689	24	2441	60851422	60851636	60853528	60853803	61729720	60750000	61000000	26	1709	214	1892	immediate
SUPER_10	4916418	5099348	IR	405	.	5008118	0.405	0.900	23	182911	4916418	4916718	5099048	5099349	61729720	4850000	5100000	0	2631	300	182330	wide
SUPER_10	53319687	53379079	IR	404	.	53349538	0.404	0.896	65	59596	53319687	53320285	53378481	53379123	61729720	53200000	53450000	65	2489	598	58196	spaced
SUPER_10	50834335	50836503	IR	404	.	50835419	0.404	0.996	47	57664	50834335	50834561	50836277	50836503	61729720	50650000	50900000	47	3090	226	1716	immediate
SUPER_10	19152306	19154300	IR	403	.	19153303	0.403	0.770	31	2099	19152306	19152532	19154074	19154357	61729720	18950000	19200000	38	3388	226	1542	immediate
SUPER_10	47310193	47437855	IR	403	.	47374421	0.403	0.933	26	127606	47310193	47310249	47437799	47437859	61729720	47200000	47450000	0	2900	56	127550	wide
SUPER_10	55660646	55698154	IR	402	.	55679615	0.402	0.951	126	37778	55660646	55661794	55697017	55698154	61729720	55500000	55750000	124	2989	1137	35223	spaced
SUPER_10	48692502	48789759	IR	402	.	48740693	0.402	0.933	37	97232	48692502	48693139	48789124	48789759	61729720	48550000	48800000	0	3185	635	95985	spaced
SUPER_10	20750323	20816605	IR	401	.	20783532	0.401	0.995	1349	75952	20750323	20756938	20810000	20816605	61729720	20600000	20850000	1378	3057	6605	53062	spaced
SUPER_10	56714549	56913727	IR	401	.	56813768	0.401	0.958	135	199151	56714549	56715674	56912618	56913727	61729720	56700000	56950000	0	1902	1109	196944	wide
SUPER_10	2356168	2574264	IR	399	.	2465681	0.399	0.391	24	218145	2356168	2375410	2555022	2574367	61729720	2350000	2600000	0	1920	19242	179612	wide
SUPER_10	4127919	4217055	IR	395	.	4172096	0.395	1.000	26	89078	4127919	4127977	4216997	4217055	61729720	4000000	4250000	0	2874	58	89020	spaced
SUPER_10	42952746	42963761	IR	394	.	42958262	0.394	0.767	49	11075	42952746	42957981	42958543	42963761	61729720	42850000	43100000	52	1804	5218	562	immediate
SUPER_10	12832388	12854946	IR	391	.	12843320	0.391	0.856	122	22440	12832388	12834701	12852700	12854946	61729720	12700000	12950000	0	2394	2246	17999	spaced
SUPER_10	7941613	8098105	IR	390	.	8019738	0.390	0.949	152	156848	7941613	7943072	8096646	8098112	61729720	7850000	8100000	152	2830	1459	153574	wide
SUPER_10	6478346	6564987	IR	389	.	6521880	0.389	0.825	36	90124	6478346	6478795	6564545	6564987	61729720	6400000	6650000	10	2027	442	85750	spaced
SUPER_10	59113586	59114965	IR	388	.	59114284	0.388	0.876	22	66618	59113586	59114019	59114549	59114965	61729720	59000000	59250000	22	1904	416	530	immediate
SUPER_10	25396466	25472791	IR	386	.	25435097	0.386	0.500	24	76289	25396466	25396506	25472751	25472827	61729720	25250000	25500000	0	3077	40	76245	spaced
SUPER_10	52724816	52899561	IR	383	.	52812649	0.383	0.974	383	174720	52724816	52728398	52895979	52899561	61729720	52700000	52950000	0	1869	3582	167581	wide
SUPER_10	27406081	27476152	IR	383	.	27440658	0.383	0.931	126	70056	27406081	27408563	27473670	27476154	61729720	27250000	27500000	0	3185	2482	65107	spaced
SUPER_10	42568742	42610469	IR	383	.	42589748	0.383	0.940	39	41852	42568742	42569353	42609858	42610471	61729720	42450000	42700000	39	2326	611	40505	spaced
SUPER_10	11163662	11320271	IR	381	.	11242238	0.381	1.000	25	156555	11163662	11163719	11320214	11320271	61729720	11100000	11350000	0	2365	57	156495	wide
SUPER_10	21308697	21372307	IR	379	.	21340495	0.379	0.913	22	63572	21308697	21308743	21372265	21372307	61729720	21150000	21400000	111	3174	42	63522	spaced
SUPER_10	15028278	15063847	IR	379	.	15046328	0.379	0.926	20	35519	15028278	15028328	15063797	15063851	61729720	14850000	15100000	0	3267	50	35469	spaced
SUPER_10	32936413	33092042	IR	378	.	33014325	0.378	0.645	29	155581	32936413	32936453	33092002	33092064	61729720	32900000	33150000	182	1903	40	155549	wide
SUPER_10	6080438	6119850	IR	378	.	6100288	0.378	0.655	22	39366	6080438	6080476	6119812	6119870	61729720	5900000	6150000	136	3335	38	39336	spaced
SUPER_10	20492949	20547213	IR	377	.	20520034	0.377	0.962	32	54216	20492949	20493001	20547163	20547213	61729720	20300000	20550000	325	3667	50	54162	spaced
SUPER_10	48475116	48530426	IR	376	.	48502808	0.376	0.989	218	55558	48475116	48476268	48529274	48530430	61729720	48300000	48550000	218	3379	1152	53006	spaced
SUPER_10	14705574	14742903	IR	376	.	14724083	0.376	0.834	49	37738	14705574	14707351	14741217	14742903	61729720	14650000	14900000	49	1237	1686	33866	spaced
SUPER_10	58588067	58741842	IR	375	.	58665182	0.375	0.750	21	153743	58588067	58588115	58741806	58741842	61729720	58500000	58750000	84	2749	36	153691	wide
SUPER_10	29850606	29977816	IR	374	.	29914079	0.374	0.700	34	127164	29850606	29850648	29977774	29977834	61729720	29750000	30000000	344	2736	42	127126	wide
SUPER_10	18016720	18024967	IR	374	.	18020947	0.374	0.808	21	8203	18016720	18016762	18024925	18024977	61729720	17950000	18200000	196	1180	42	8163	spaced
SUPER_10	33438903	33530527	IR	374	.	33484720	0.374	0.667	21	91582	33438903	33438939	33530491	33530545	61729720	33300000	33550000	87	3078	36	91552	spaced
SUPER_10	10205025	10280677	IR	373	.	10242762	0.373	0.836	34	75713	10205025	10206912	10278792	10280677	61729720	10100000	10350000	34	2380	1885	71880	spaced
SUPER_10	43804008	44018175	IR	372	.	43910829	0.372	0.959	712	214136	43804008	43810868	44011336	44018175	61729720	43800000	44050000	0	1851	6839	200468	wide
SUPER_10	22444904	22451806	IR	372	.	22448464	0.372	0.590	27	7125	22444904	22446570	22450200	22451806	61729720	22300000	22550000	32	2472	1606	3630	spaced
SUPER_10	39915160	40020156	IR	372	.	39967471	0.372	0.874	27	105365	39915160	39915766	40019550	40020164	61729720	39800000	40050000	27	2794	606	103784	wide
SUPER_10	48247566	48297061	IR	372	.	48272393	0.372	0.655	27	49457	48247566	48247604	48297023	48297081	61729720	48050000	48300000	222	3705	38	49419	spaced
SUPER_10	5353465	5500895	IR	371	.	5427472	0.371	0.930	194	147402	5353465	5356467	5497893	5500951	61729720	5350000	5600000	0	1286	3002	141426	wide
SUPER_10	54747268	54927971	IR	371	.	54837274	0.371	0.831	98	180671	54747268	54748750	54926531	54927971	61729720	54700000	54950000	0	2293	1440	177781	wide
SUPER_10	13689093	13851370	IR	371	.	13770270	0.371	0.870	34	162869	13689093	13689927	13850550	13851370	61729720	13650000	13900000	34	2003	820	160623	wide
SUPER_10	45920341	46102321	IR	371	.	46011479	0.371	0.893	33	181934	45920341	45920397	46102271	46102321	61729720	45900000	46150000	480	1855	50	181874	wide
SUPER_10	36159497	36221534	IR	371	.	36190253	0.371	0.758	24	62034	36159497	36159547	36221484	36221550	61729720	36000000	36250000	0	3175	50	61937	spaced
SUPER_10	12057002	12112650	IR	370	.	12084436	0.370	0.897	43	55578	12057002	12057080	12112580	12112650	61729720	11900000	12150000	0	3080	70	55500	spaced
SUPER_10	25729623	25739348	IR	370	.	25734856	0.370	0.507	33	9624	25729623	25731986	25737007	25739348	61729720	25700000	25950000	0	574	2341	5021	spaced
SUPER_10	38639655	38742528	IR	370	.	38690819	0.370	0.758	20	102104	38639655	38645185	38737034	38742528	61729720	38600000	38850000	0	1518	5494	91849	spaced
SUPER_10	33716308	33746085	IR	369	.	33731190	0.369	0.926	509	33188	33716308	33721981	33740412	33746133	61729720	33600000	33850000	511	2186	5673	18431	spaced
SUPER_10	52912633	53029731	IR	369	.	52971671	0.369	0.920	378	117074	52912633	52919136	53023302	53029731	61729720	52900000	53150000	0	1186	6429	104166	wide
SUPER_10	60858381	60925627	IR	369	.	60892222	0.369	1.000	26	33775	60858381	60858398	60925610	60925627	61729720	60750000	61000000	1	2366	17	67212	spaced
SUPER_10	55476224	55534386	IR	369	.	55504939	0.369	0.575	21	58122	55476224	55476294	55534346	55534386	61729720	55300000	55550000	0	3421	40	58052	spaced
SUPER_10	9615681	9617340	IR	368	.	9616511	0.368	0.988	99	98756	9615681	9616286	9616735	9617340	61729720	9500000	9750000	99	1941	605	449	immediate
SUPER_10	17636729	17841373	IR	368	.	17738559	0.368	0.881	80	204623	17636729	17639912	17838241	17841373	61729720	17600000	17850000	0	2317	3132	198329	wide
SUPER_10	17910106	17912913	IR	367	.	17911671	0.367	0.932	20	2799	17910106	17910500	17912519	17912914	61729720	17700000	17950000	20	3525	394	2019	spaced
SUPER_10	8906769	9084683	IR	365	.	8995360	0.365	0.893	31	177897	8906769	8907575	9083897	9084683	61729720	8850000	9100000	0	2428	786	176322	wide
SUPER_10	15638708	15644921	IR	364	.	15641757	0.364	0.906	133	7256	15638708	15640317	15643322	15644921	61729720	15450000	15700000	134	3196	1599	3005	spaced
SUPER_10	29983276	30136716	IR	364	.	30060181	0.364	0.911	47	153513	29983276	29983873	30136119	30136722	61729720	29900000	30150000	47	2666	597	152246	wide
SUPER_10	1399001	1598770	IR	364	.	1499374	0.364	0.389	23	199769	1399001	1482796	1514975	1598810	61729720	1350000	1600000	0	2481	83795	32179	spaced
SUPER_10	16439600	16541628	IR	363	.	16490311	0.363	0.407	64	102007	16439600	16489848	16491389	16541628	61729720	16300000	16550000	0	3176	50239	1541	immediate
SUPER_10	16645333	16649066	IR	363	.	16647204	0.363	0.870	38	4268	16645333	16646600	16647809	16649066	61729720	16500000	16750000	38	2453	1257	1209	immediate
SUPER_10	59880197	59926987	IR	362	.	59903132	0.362	0.944	177	46769	59880197	59882107	59925082	59926987	61729720	59850000	60100000	0	893	1905	42975	spaced
SUPER_10	1623639	1757589	IR	362	.	1690836	0.362	0.950	36	133974	1623639	1623977	1757251	1757590	61729720	1550000	1800000	36	2343	338	133274	wide
SUPER_10	13204061	13318343	IR	362	.	13261264	0.362	0.667	28	114234	13204061	13204101	13318303	13318363	61729720	13100000	13350000	280	2686	40	114202	wide
SUPER_10	5133428	5173810	IR	362	.	5153228	0.362	0.742	20	40336	5133428	5133474	5173764	5173826	61729720	4950000	5200000	0	3393	46	40290	spaced
SUPER_10	22869819	22882503	IR	361	.	22875842	0.361	0.918	59	12666	22869819	22871010	22881346	22882503	61729720	22750000	23000000	0	2102	1157	10336	spaced
SUPER_10	24684728	24691939	IR	360	.	24688315	0.360	0.871	53	7311	24684728	24686066	24690601	24691956	61729720	24550000	24800000	53	2305	1338	4535	spaced
SUPER_10	55093251	55245347	IR	359	.	55169163	0.359	0.858	33	152306	55093251	55094394	55244204	55245356	61729720	55050000	55300000	33	1988	1143	149810	wide
SUPER_10	35543149	35616840	IR	358	.	35579760	0.358	0.854	40	74400	35543149	35544074	35615932	35616840	61729720	35400000	35650000	40	2999	908	71858	spaced
SUPER_10	35663123	35826072	IR	358	.	35744381	0.358	0.881	28	166968	35663123	35664453	35824742	35826073	61729720	35650000	35900000	28	1576	1330	160289	wide
SUPER_10	56979743	57041228	IR	358	.	57010965	0.358	0.800	21	61437	56979743	56979791	57041180	57041240	61729720	56850000	57100000	0	2674	48	61389	spaced
SUPER_10	18314875	18463040	IR	357	.	18388883	0.357	0.719	39	148123	18314875	18314939	18462994	18463040	61729720	18300000	18550000	585	1482	46	148055	wide
SUPER_10	32502846	32506416	IR	357	.	32504663	0.357	0.757	20	3600	32502846	32503856	32505470	32506416	61729720	32450000	32700000	20	910	946	1614	immediate
SUPER_10	37087451	37128932	IR	356	.	37107895	0.356	0.885	96	41345	37087451	37089560	37126830	37128932	61729720	36900000	37150000	0	3469	2102	37270	spaced
SUPER_10	46321738	46358988	IR	356	.	46340837	0.356	0.925	76	37113	46321738	46323314	46357414	46358988	61729720	46150000	46400000	0	3172	1574	34100	spaced
SUPER_10	59955394	60115991	IR	355	.	60035345	0.355	0.860	22	160579	59955394	59955451	60115942	60115991	61729720	59900000	60150000	0	2261	49	160491	wide
SUPER_10	18514425	18603721	IR	354	.	18559335	0.354	0.858	123	89277	18514425	18516403	18601751	18603721	61729720	18450000	18700000	0	1817	1970	85348	spaced
SUPER_10	28534922	28598561	IR	354	.	28567139	0.354	0.884	108	63578	28534922	28536657	28596899	28598561	61729720	28350000	28600000	0	3612	1662	60242	spaced
SUPER_10	61098010	61234303	IR	354	.	61165949	0.354	0.667	27	136306	61098010	61098050	61234263	61234323	61729720	61000000	61250000	178	2769	40	136213	wide
SUPER_10	56086632	56169935	IR	354	.	56128070	0.354	0.750	24	83267	56086632	56086688	56169893	56169935	61729720	55950000	56200000	240	2971	42	83205	spaced
SUPER_10	25703473	25705077	IR	354	.	25704268	0.354	0.792	23	3420	25703473	25703521	25705039	25705077	61729720	25600000	25850000	99	1737	38	1518	immediate
SUPER_10	54560686	54609439	IR	353	.	54585202	0.353	0.893	97	49876	54560686	54561224	54608931	54609439	61729720	54400000	54650000	135	3084	508	47707	spaced
SUPER_10	51606564	51803395	IR	352	.	51704518	0.352	0.950	232	196803	51606564	51608590	51801369	51803402	61729720	51600000	51850000	0	1749	2026	192779	wide
SUPER_10	26038564	26196547	IR	352	.	26117661	0.352	0.925	78	158270	26038564	26039555	26195573	26196547	61729720	25950000	26200000	78	2792	974	156018	wide
SUPER_10	21101874	21224754	IR	352	.	21163432	0.352	0.947	54	122955	21101874	21102616	21224013	21224754	61729720	21050000	21300000	54	1888	741	121397	wide
SUPER_10	28607867	28698202	IR	352	.	28653393	0.352	0.876	39	90329	28607867	28609682	28696387	28698213	61729720	28550000	28800000	0	1717	1815	86705	spaced
SUPER_10	52314467	52449454	IR	352	.	52382331	0.352	0.848	27	134931	52314467	52314523	52449398	52449464	61729720	52200000	52450000	0	3032	56	134875	wide
SUPER_10	49648395	49673541	IR	352	.	49660693	0.352	0.619	23	25104	49648395	49648465	49673499	49673541	61729720	49500000	49750000	0	2682	42	25034	spaced
SUPER_10	23404401	23648708	IR	352	.	23526950	0.352	0.000	22	244288	23404401	23404419	23648690	23648802	61729720	23400000	23650000	0	2109	18	244271	wide
SUPER_10	37369300	37430225	IR	351	.	37399350	0.351	0.930	256	60908	37369300	37374040	37425485	37430226	61729720	37200000	37450000	0	3329	4740	51445	spaced
SUPER_10	47865145	47940134	IR	351	.	47902555	0.351	0.939	180	76747	47865145	47866511	47938774	47940134	61729720	47800000	48050000	191	1710	1360	72263	spaced
SUPER_10	46231808	46249406	IR	351	.	46240769	0.351	0.888	58	17620	46231808	46232739	46248476	46249406	61729720	46050000	46300000	58	3176	930	15737	spaced
SUPER_10	43171843	43210503	IR	351	.	43190951	0.351	0.886	51	39417	43171843	43172958	43209388	43210522	61729720	43000000	43250000	49	3186	1115	36430	spaced
SUPER_10	39376634	39434041	IR	351	.	39405727	0.351	0.200	37	57367	39376634	39376674	39434001	39434101	61729720	39200000	39450000	0	3422	40	57327	spaced
SUPER_10	4436548	4441089	IR	351	.	4438583	0.351	0.808	20	4503	4436548	4436600	4441047	4441089	61729720	4350000	4600000	188	1480	42	4447	spaced
SUPER_10	39273412	39350948	IR	350	.	39311867	0.350	0.802	31	77560	39273412	39274786	39349574	39350996	61729720	39250000	39500000	0	1036	1374	74788	spaced
SUPER_10	30674678	30873870	IR	350	.	30773842	0.350	0.875	30	199179	30674678	30675239	30873309	30873874	61729720	30650000	30900000	0	2071	561	198070	wide
SUPER_10	31289712	31386326	IR	350	.	31337585	0.350	0.951	27	96535	31289712	31289995	31386043	31386326	61729720	31200000	31450000	0	2300	283	96048	spaced
SUPER_10	37654801	37703523	IR	350	.	37678783	0.350	0.897	21	48670	37654801	37654853	37703471	37703529	61729720	37500000	37750000	0	2985	52	48618	spaced
SUPER_10	36433085	36436754	IR	349	.	36434919	0.349	0.952	75	3809	36433085	36433945	36435895	36436754	61729720	36200000	36450000	75	3915	859	1950	immediate
SUPER_10	45555643	45640712	IR	349	.	45598457	0.349	0.866	25	85053	45555643	45556359	45639996	45640755	61729720	45450000	45700000	0	2469	716	83637	spaced
SUPER_10	32185522	32255453	IR	349	.	32220173	0.349	0.966	23	69875	32185522	32185580	32255397	32255453	61729720	32150000	32400000	0	1174	56	69817	spaced
SUPER_10	53723047	53738023	IR	348	.	53730146	0.348	0.951	286	14957	53723047	53726264	53734820	53738023	61729720	53500000	53750000	0	3842	3203	8556	spaced
SUPER_10	7393927	7467140	IR	348	.	7430110	0.348	0.702	48	73147	7393927	7393993	7467074	7467168	61729720	7250000	7500000	0	3008	66	73081	spaced
SUPER_10	33230891	33253386	IR	348	.	33242081	0.348	0.963	45	22652	33230891	33231350	33252927	33253386	61729720	33050000	33300000	45	3202	459	21577	spaced
SUPER_10	8519152	8535800	IR	348	.	8527073	0.348	0.638	44	16600	8519152	8519210	8535742	8535838	61729720	8300000	8550000	0	3791	58	16532	spaced
SUPER_10	9508632	9510828	IR	348	.	9510007	0.348	0.719	22	2150	9508632	9508678	9510782	9510846	61729720	9300000	9550000	0	3495	46	2104	spaced
SUPER_10	2924732	2958080	IR	348	.	2941704	0.348	0.937	20	33263	2924732	2925219	2957595	2958080	61729720	2900000	3150000	0	689	485	32376	spaced
SUPER_10	9114157	9249582	IR	347	.	9182096	0.347	0.920	274	136247	9114157	9118266	9245473	9249592	61729720	9050000	9300000	259	2197	4109	127207	wide
SUPER_10	10831654	10976865	IR	347	.	10903790	0.347	0.821	147	145193	10831654	10833690	10974838	10976865	61729720	10750000	11000000	0	2570	2027	141148	wide
SUPER_10	5191443	5211505	IR	347	.	5201750	0.347	0.922	54	20041	5191443	5192742	5210206	5211510	61729720	5150000	5400000	0	857	1299	17464	spaced
SUPER_10	61521528	61654732	IR	347	.	61588502	0.347	0.892	51	133181	61521528	61522658	61653636	61654732	61729720	61500000	61729720	0	1468	1096	130978	wide
SUPER_10	38948714	39035529	IR	347	.	38991644	0.347	0.814	34	86821	38948714	38951662	39032581	39035553	61729720	38850000	39100000	0	2368	2948	80919	spaced
SUPER_10	24431364	24507130	IR	347	.	24469677	0.347	0.701	21	75746	24431364	24433953	24504585	24507130	61729720	24350000	24600000	0	1987	2545	70632	spaced
SUPER_10	57513209	57574961	IR	345	.	57543605	0.345	0.893	152	61734	57513209	57514499	57573752	57574961	61729720	57400000	57650000	0	2401	1209	59253	spaced
SUPER_10	30214309	30254300	IR	345	.	30233902	0.345	0.921	140	39974	30214309	30215960	30252670	30254300	61729720	30050000	30300000	0	3071	1630	36710	spaced
SUPER_10	45460909	45464496	IR	345	.	45462687	0.345	0.979	117	3820	45460909	45461714	45463691	45464496	61729720	45250000	45500000	117	3544	805	1977	immediate
SUPER_10	24239005	24392201	IR	345	.	24315785	0.345	0.938	71	153220	24239005	24239579	24391637	24392201	61729720	24200000	24450000	79	1926	564	152058	wide
SUPER_10	60429865	60621949	IR	345	.	60526353	0.345	0.703	58	192096	60429865	60433201	60618613	60622008	61729720	60400000	60650000	0	2098	3336	185412	wide
SUPER_10	18091139	18140528	IR	344	.	18115622	0.344	0.822	194	50287	18091139	18096600	18135102	18140528	61729720	17900000	18150000	194	3597	5426	38502	spaced
SUPER_10	4050980	4086525	IR	344	.	4068247	0.344	0.869	38	35527	4050980	4052102	4085411	4086525	61729720	3900000	4150000	0	2812	1114	33309	spaced
SUPER_10	34637260	34793197	IR	344	.	34715647	0.344	0.829	28	155667	34637260	34638578	34791879	34793213	61729720	34600000	34850000	0	1920	1318	153301	wide
SUPER_10	50264099	50308061	IR	344	.	50285710	0.344	0.918	22	43947	50264099	50264658	50307502	50308064	61729720	50100000	50350000	0	3101	559	42844	spaced
SUPER_10	59260977	59349162	IR	344	.	59305194	0.344	0.778	22	88141	59260977	59261019	59349120	59349174	61729720	59250000	59500000	195	917	42	88101	spaced
SUPER_10	52268042	52314515	IR	344	.	52290883	0.344	0.857	20	46425	52268042	52268090	52314467	52314523	61729720	52100000	52350000	0	3187	48	46377	spaced
SUPER_10	19723184	19910033	IR	343	.	19816482	0.343	0.822	63	187115	19723184	19724442	19908786	19910033	61729720	19700000	19950000	73	1943	1247	184344	wide
SUPER_10	41253445	41426773	IR	343	.	41339921	0.343	0.833	57	173360	41253445	41255058	41425170	41426773	61729720	41200000	41450000	61	2335	1603	170112	wide
SUPER_10	44464856	44593370	IR	343	.	44528644	0.343	0.888	48	128491	44464856	44465403	44592868	44593370	61729720	44350000	44600000	0	2985	502	127465	wide
SUPER_10	25030722	25095875	IR	343	.	25063025	0.343	0.876	46	65119	25030722	25032619	25093978	25095916	61729720	24900000	25150000	0	2721	1897	61359	spaced
SUPER_10	13075672	13109956	IR	343	.	13093212	0.343	0.790	39	34257	13075672	13077259	13108378	13109956	61729720	12900000	13150000	0	3213	1578	31119	spaced
SUPER_10	34421175	34497581	IR	343	.	34459876	0.343	0.838	38	76383	34421175	34422395	34496409	34497581	61729720	34400000	34650000	0	989	1172	74014	spaced
SUPER_10	36781456	36852206	IR	343	.	36816381	0.343	0.902	35	70725	36781456	36782091	36851586	36852206	61729720	36750000	37000000	0	1113	620	69495	spaced
SUPER_10	6609132	6722799	IR	343	.	6666150	0.343	0.880	24	113627	6609132	6609182	6722755	6722799	61729720	6550000	6800000	218	1932	44	113573	wide
SUPER_10	26665696	26883853	IR	343	.	26774697	0.343	0.886	23	218183	26665696	26666469	26883087	26883853	61729720	26650000	26900000	23	2079	766	216618	wide
SUPER_10	261497	318755	IR	342	.	290413	0.342	0.880	156	57235	261497	266961	313310	318755	61729720	100000	350000	0	3168	5445	46349	spaced
SUPER_10	14051570	14205949	IR	342	.	14128812	0.342	0.737	82	154707	14051570	14052257	14205262	14206013	61729720	14000000	14250000	86	2145	687	153005	wide
SUPER_10	4496870	4505894	IR	342	.	4500944	0.342	0.905	58	8996	4496870	4497466	4505336	4505894	61729720	4300000	4550000	0	3356	558	7870	spaced
SUPER_10	2210856	2305770	IR	342	.	2257837	0.342	0.414	31	94870	2210856	2227394	2289336	2305770	61729720	2150000	2400000	0	1805	16434	61942	spaced
SUPER_10	42638813	42773775	IR	342	.	42706550	0.342	0.900	24	134908	42638813	42638873	42773721	42773775	61729720	42550000	42800000	0	2604	54	134848	wide
SUPER_10	11779762	11820117	IR	342	.	11800403	0.342	0.471	20	40321	11779762	11779828	11820083	11820117	61729720	11750000	12000000	0	832	34	40255	spaced
SUPER_10	4845994	4858025	IR	341	.	4852194	0.341	0.769	49	12218	4845994	4847087	4856932	4858114	61729720	4750000	5000000	49	1700	1093	9845	spaced
SUPER_10	17348228	17433930	IR	341	.	17391424	0.341	0.767	42	85621	17348228	17349811	17432361	17433930	61729720	17300000	17550000	0	1517	1569	82550	spaced
SUPER_10	4234570	4240808	IR	341	.	4237898	0.341	0.864	40	6352	4234570	4235321	4240057	4240849	61729720	4050000	4300000	40	3128	751	4736	spaced
SUPER_10	1758884	1961816	IR	341	.	1859946	0.341	0.748	36	202770	1758884	1760248	1960500	1961816	61729720	1750000	2000000	0	1839	1316	200252	wide
SUPER_10	1278105	1399065	IR	341	.	1338126	0.341	0.970	35	120896	1278105	1278169	1399001	1399067	61729720	1150000	1400000	0	3142	64	120832	wide
SUPER_10	17039667	17198072	IR	341	.	17118918	0.341	0.730	33	158883	17039667	17041139	17196600	17198154	61729720	17000000	17250000	38	1981	1472	155461	wide
SUPER_10	39731423	39793759	IR	341	.	39762121	0.341	0.722	31	62296	39731423	39731475	39793707	39793779	61729720	39550000	39800000	0	3543	52	62232	spaced
SUPER_10	7708619	7890510	IR	341	.	7799381	0.341	0.938	30	182325	7708619	7709004	7890126	7890510	61729720	7650000	7900000	30	2492	384	181122	wide
SUPER_10	4279403	4310584	IR	341	.	4294580	0.341	0.921	29	31105	4279403	4279881	4310113	4310584	61729720	4100000	4350000	0	3249	471	30232	spaced
SUPER_10	33530491	33595038	IR	341	.	33562885	0.341	0.815	25	64509	33530491	33530545	33594994	33595038	61729720	33400000	33650000	256	2712	44	64449	spaced
SUPER_10	53084831	53223324	IR	341	.	53154399	0.341	0.775	21	138103	53084831	53086219	53221958	53223324	61729720	53050000	53300000	0	1734	1366	135739	wide
SUPER_10	29142239	29228742	IR	340	.	29185040	0.340	0.900	93	86445	29142239	29143884	29227159	29228742	61729720	29000000	29250000	0	3091	1583	83275	spaced
SUPER_10	12188005	12302719	IR	340	.	12245473	0.340	0.919	59	114810	12188005	12188862	12301862	12302736	61729720	12100000	12350000	59	2422	857	113000	wide
SUPER_10	34918359	35007358	IR	340	.	34963242	0.340	0.805	46	88979	34918359	34920868	35004857	35007358	61729720	34900000	35150000	0	1047	2501	83989	spaced
SUPER_10	38328499	38417026	IR	340	.	38372362	0.340	0.902	43	88189	38328499	38329847	38415678	38417059	61729720	38200000	38450000	0	2879	1348	85831	spaced
SUPER_10	43327673	43467617	IR	340	.	43397912	0.340	0.796	41	139923	43327673	43329693	43465607	43467617	61729720	43250000	43500000	0	2460	2010	135914	wide
SUPER_10	39434011	39466985	IR	340	.	39450379	0.340	0.500	37	32944	39434011	39434087	39466945	39466985	61729720	39400000	39650000	235	841	40	32858	spaced
SUPER_10	6571569	6573966	IR	340	.	6572805	0.340	0.800	24	2567	6571569	6572266	6573285	6573966	61729720	6400000	6650000	27	2879	681	1019	immediate
SUPER_10	29483870	29641294	IR	340	.	29562340	0.340	0.826	23	157388	29483870	29483916	29641256	29641294	61729720	29450000	29700000	46	1876	38	157340	wide
SUPER_10	40184744	40206341	IR	339	.	40195971	0.339	0.909	73	21587	40184744	40185837	40205248	40206353	61729720	40050000	40300000	0	2425	1093	19411	spaced
SUPER_10	14532952	14619840	IR	339	.	14576594	0.339	0.426	63	88555	14532952	14547413	14605396	14619840	61729720	14450000	14700000	191	2106	14444	57983	spaced
SUPER_10	39488992	39529199	IR	339	.	39509294	0.339	0.868	42	40699	39488992	39490537	39527669	39529199	61729720	39350000	39600000	42	2651	1530	37132	spaced
SUPER_10	6739112	6746788	IR	339	.	6742465	0.339	0.903	40	7639	6739112	6740207	6745695	6746788	61729720	6500000	6750000	0	4049	1093	5488	spaced
SUPER_10	8271653	8394926	IR	339	.	8332829	0.339	0.698	31	122944	8271653	8273837	8392742	8394943	61729720	8150000	8400000	0	3054	2184	118905	wide
SUPER_10	42154748	42384262	IR	338	.	42269670	0.338	0.964	126	230427	42154748	42155790	42383227	42384262	61729720	42150000	42400000	126	1991	1035	227437	wide
SUPER_10	46860503	46907682	IR	338	.	46884436	0.338	0.840	77	47249	46860503	46861446	46906739	46907775	61729720	46700000	46950000	0	3068	943	45293	spaced
SUPER_10	41805820	41899208	IR	338	.	41852940	0.338	0.704	58	93344	41805820	41805896	41899132	41899240	61729720	41650000	41900000	0	3375	76	93236	spaced
SUPER_10	6119810	6202040	IR	338	.	6160782	0.338	0.759	31	82188	6119810	6119868	6201996	6202040	61729720	6050000	6300000	449	1848	44	82128	spaced
SUPER_10	54344216	54453608	IR	337	.	54398765	0.337	0.925	144	109540	54344216	54345120	54452704	54453648	61729720	54250000	54500000	146	2481	904	107584	wide
SUPER_10	45192655	45340978	IR	337	.	45266382	0.337	0.921	92	148236	45192655	45194249	45339384	45341002	61729720	45100000	45350000	0	2780	1594	145135	wide
SUPER_10	18611348	18648238	IR	337	.	18629790	0.337	0.898	80	37095	18611348	18612456	18647130	18648273	61729720	18450000	18700000	83	2996	1108	34674	spaced
SUPER_10	46533072	46593979	IR	337	.	46563985	0.337	0.758	27	60857	46533072	46533122	46593929	46593995	61729720	46350000	46600000	0	3558	50	60807	spaced
SUPER_10	4611717	4841871	IR	336	.	4726985	0.336	0.679	22	230161	4611717	4611755	4841833	4841889	61729720	4600000	4850000	90	2113	38	230078	wide
SUPER_10	40706531	40775132	IR	335	.	40740458	0.335	0.959	87	68527	40706531	40707622	40774041	40775132	61729720	40600000	40850000	0	2347	1091	66419	spaced
SUPER_10	10419183	10514786	IR	335	.	10466537	0.335	0.877	48	95581	10419183	10420264	10513705	10514844	61729720	10400000	10650000	0	1116	1081	93441	spaced
SUPER_10	43682835	43750920	IR	335	.	43716506	0.335	0.429	47	68068	43682835	43692084	43741739	43750920	61729720	43550000	43800000	0	2781	9181	49655	spaced
SUPER_10	16666520	16866372	IR	335	.	16766715	0.335	0.796	41	199293	16666520	16668481	16864411	16866380	61729720	16650000	16900000	0	1940	1961	195930	wide
SUPER_10	58464969	58588109	IR	335	.	58526207	0.335	0.676	27	123094	58464969	58465015	58588063	58588131	61729720	58350000	58600000	0	2942	46	123048	wide
SUPER_10	25472753	25557696	IR	335	.	25515493	0.335	0.614	26	84899	25472753	25472827	25557652	25557696	61729720	25350000	25600000	0	2753	44	84825	spaced
SUPER_10	47995010	48082033	IR	335	.	48038560	0.335	0.885	25	86975	47995010	47995056	48081987	48082039	61729720	47900000	48150000	329	2308	46	86931	spaced
SUPER_10	47437803	47627446	IR	335	.	47532584	0.335	0.880	23	189601	47437803	47437853	47627402	47627446	61729720	47400000	47650000	227	2210	44	189549	wide
SUPER_10	38205559	38274104	IR	334	.	38240049	0.334	0.937	114	68829	38205559	38206662	38273001	38274128	61729720	38050000	38300000	114	3163	1103	66339	spaced
SUPER_10	51278632	51317707	IR	334	.	51297950	0.334	0.817	63	39560	51278632	51278832	51317507	51317742	61729720	51200000	51450000	33	1636	200	38675	spaced
SUPER_10	7576053	7632741	IR	334	.	7604750	0.334	0.863	55	56697	7576053	7577599	7631195	7632777	61729720	7400000	7650000	0	3406	1546	53596	spaced
SUPER_10	55047614	55070734	IR	334	.	55058760	0.334	0.865	50	22832	55047614	55049643	55068717	55070734	61729720	54850000	55100000	0	3486	2017	19074	spaced
SUPER_10	17440521	17445411	IR	334	.	17443363	0.334	0.265	27	4856	17440521	17440555	17445377	17445457	61729720	17350000	17600000	0	1549	34	4822	spaced
SUPER_10	28330983	28353850	IR	334	.	28342282	0.334	0.815	26	22819	28330983	28331027	28353806	28353860	61729720	28150000	28400000	268	3206	44	22779	spaced
SUPER_10	145150	226019	IR	334	.	185575	0.334	0.690	24	80833	145150	145208	225979	226019	61729720	50000	300000	186	2259	40	80771	spaced
SUPER_10	46593935	46723754	IR	334	.	46658883	0.334	0.731	22	129787	46593935	46593987	46723716	46723754	61729720	46500000	46750000	112	2647	38	129729	wide
SUPER_10	23970292	24045188	IR	333	.	24007697	0.333	0.936	91	75108	23970292	23971289	24044214	24045188	61729720	23800000	24050000	91	3462	974	72925	spaced
SUPER_10	50373965	50539620	IR	333	.	50456431	0.333	0.844	70	165632	50373965	50375393	50538253	50539620	61729720	50300000	50550000	0	2613	1367	162860	wide
SUPER_10	973209	1146225	IR	333	.	1059848	0.333	0.903	55	173148	973209	974336	1145135	1146225	61729720	950000	1200000	55	1828	1090	170799	wide
SUPER_10	37157173	37290092	IR	333	.	37224041	0.333	0.807	25	132743	37157173	37158667	37288602	37290092	61729720	37100000	37350000	0	2060	1490	129935	wide
SUPER_10	11523631	11713948	IR	333	.	11618363	0.333	0.931	24	190292	11523631	11524135	11713446	11713948	61729720	11500000	11750000	0	1979	502	189311	wide
SUPER_10	49449214	49478176	IR	333	.	49463961	0.333	0.807	22	28929	49449214	49450228	49477162	49478231	61729720	49300000	49550000	0	2728	1014	26934	spaced
SUPER_10	20008437	20064633	IR	332	.	20036169	0.332	0.876	146	56210	20008437	20010154	20062916	20064682	61729720	19950000	20200000	0	1442	1717	52762	spaced
SUPER_10	35334367	35350672	IR	332	.	35342153	0.332	0.896	44	16298	35334367	35335171	35349868	35350693	61729720	35300000	35550000	0	708	804	14697	spaced
SUPER_10	24102483	24207644	IR	332	.	24154929	0.332	0.742	31	105523	24102483	24106573	24203554	24207687	61729720	24000000	24250000	31	2584	4090	96981	spaced
SUPER_10	13318293	13353826	IR	332	.	13335774	0.332	0.684	30	35481	13318293	13318369	13353774	13353826	61729720	13200000	13450000	0	2267	52	35405	spaced
SUPER_10	12931989	13016597	IR	332	.	12973934	0.332	0.839	27	84556	12931989	12932051	13016545	13016597	61729720	12800000	13050000	0	2904	52	84494	spaced
SUPER_10	58836073	58967201	IR	332	.	58901967	0.332	0.387	27	109517	58836073	58895592	58907750	58967201	61729720	58750000	59000000	0	2527	59451	12158	spaced
SUPER_10	18694100	18807477	IR	332	.	18750777	0.332	0.395	23	78164	18694100	18729314	18772263	18807481	61729720	18650000	18900000	65	1679	35214	42949	spaced
SUPER_10	22124446	22200240	IR	331	.	22162471	0.331	0.755	62	76073	22124446	22126605	22198081	22200275	61729720	22000000	22250000	62	2705	2159	71476	spaced
SUPER_10	57933275	57944280	IR	331	.	57938278	0.331	0.645	41	10778	57933275	57935194	57942361	57944323	61729720	57700000	57950000	0	3979	1919	7167	spaced
SUPER_10	20958455	21022739	IR	331	.	20990184	0.331	0.289	31	64246	20958455	20958493	21022701	21022789	61729720	20800000	21050000	0	3176	38	64208	spaced
SUPER_10	32650348	32759227	IR	331	.	32705100	0.331	0.871	26	108825	32650348	32650410	32759173	32759227	61729720	32550000	32800000	0	2579	54	108763	wide
SUPER_10	31987928	32033309	IR	330	.	32010445	0.330	0.928	158	45646	31987928	31989356	32031916	32033309	61729720	31800000	32050000	162	3510	1393	42560	spaced
SUPER_10	26310815	26476761	IR	330	.	26394269	0.330	0.887	138	165938	26310815	26314853	26472723	26476772	61729720	26250000	26500000	0	2396	4038	157870	wide
SUPER_10	9672527	9845014	IR	330	.	9759213	0.330	0.923	109	172483	9672527	9674889	9842652	9845032	61729720	9600000	9850000	0	2646	2362	167763	wide
SUPER_10	27141061	27153063	IR	330	.	27146989	0.330	0.896	83	12417	27141061	27142269	27151894	27153063	61729720	27050000	27300000	84	1617	1169	9625	spaced
SUPER_10	27328779	27373041	IR	330	.	27351287	0.330	0.893	73	44242	27328779	27330217	27371619	27373041	61729720	27150000	27400000	0	3348	1422	41402	spaced
SUPER_10	7467071	7477939	IR	330	.	7472213	0.330	0.610	47	10850	7467071	7467172	7477880	7477939	61729720	7250000	7500000	0	3708	59	10708	spaced
SUPER_10	3076296	3173147	IR	330	.	3124816	0.330	0.880	36	97077	3076296	3077259	3172184	3173161	61729720	2950000	3200000	36	2911	963	94925	spaced
SUPER_10	39653032	39693320	IR	330	.	39673663	0.330	0.773	30	39447	39653032	39657898	39688454	39693366	61729720	39450000	39700000	0	3719	4866	30556	spaced
SUPER_10	3911722	3974783	IR	330	.	3942794	0.330	0.906	29	63003	3911722	3911786	3974725	3974783	61729720	3800000	4050000	0	2387	58	62939	spaced
SUPER_10	28754728	28854064	IR	330	.	28804087	0.330	0.572	26	99333	28754728	28757325	28851467	28854156	61729720	28650000	28900000	0	2573	2597	94142	spaced
SUPER_10	52059104	52268088	IR	330	.	52163805	0.330	0.880	23	208946	52059104	52059154	52268044	52268088	61729720	52050000	52300000	226	1893	44	208890	wide
SUPER_10	3374794	3594543	IR	330	.	3484277	0.330	0.862	22	219699	3374794	3374844	3594493	3594551	61729720	3350000	3600000	0	2244	50	219649	wide
SUPER_10	55855884	55907671	IR	329	.	55881850	0.329	0.923	308	52173	55855884	55859598	55903957	55907672	61729720	55700000	55950000	308	3029	3714	44359	spaced
SUPER_10	58362890	58458354	IR	329	.	58411068	0.329	0.923	156	95216	58362890	58365632	58455612	58458392	61729720	58300000	58550000	0	1843	2742	89980	spaced
SUPER_10	15879817	15979738	IR	329	.	15929381	0.329	0.891	79	99913	15879817	15881324	15978231	15979802	61729720	15750000	16000000	0	2996	1507	96907	spaced
SUPER_10	8607415	8616864	IR	329	.	8612443	0.329	0.860	70	9426	8607415	8608797	8615492	8616864	61729720	8400000	8650000	0	3535	1372	6695	spaced
SUPER_10	47037999	47095177	IR	329	.	47066635	0.329	0.945	47	57544	47037999	47038487	47094689	47095177	61729720	46850000	47100000	47	3609	488	56202	spaced
SUPER_10	15312985	15427764	IR	329	.	15370851	0.329	0.935	30	114721	15312985	15313043	15427706	15427768	61729720	15300000	15550000	0	1172	58	114663	wide
SUPER_10	57616472	57786155	IR	329	.	57701440	0.329	0.889	27	169639	57616472	57616526	57786107	57786155	61729720	57550000	57800000	330	2521	48	169581	wide
SUPER_10	12042102	12057036	IR	329	.	12050033	0.329	0.294	24	14902	12042102	12042136	12057002	12057080	61729720	11850000	12100000	0	3326	34	14866	spaced
SUPER_10	17868488	17908275	IR	329	.	17888115	0.329	0.444	21	39751	17868488	17868524	17908239	17908311	61729720	17700000	17950000	0	3139	36	39715	spaced
SUPER_10	29408794	29483908	IR	329	.	29446037	0.329	0.625	20	75074	29408794	29408834	29483868	29483934	61729720	29400000	29650000	0	772	40	75034	spaced
SUPER_10	31113111	31238506	IR	329	.	31175857	0.329	0.909	20	125355	31113111	31113151	31238466	31238510	61729720	31050000	31300000	160	2096	40	125315	wide
SUPER_10	49484467	49575141	IR	329	.	49529977	0.329	0.654	20	90628	49484467	49484501	49575107	49575159	61729720	49350000	49600000	56	2996	34	90606	spaced
SUPER_10	51846944	51878032	IR	328	.	51862793	0.328	0.966	111	31073	51846944	51847908	51877068	51878044	61729720	51650000	51900000	0	3541	964	29160	spaced
SUPER_10	32624666	32627302	IR	328	.	32625883	0.328	0.743	22	2700	32624666	32625097	32626950	32627302	61729720	32400000	32650000	22	3766	352	1853	immediate
SUPER_10	39696933	39719673	IR	328	.	39708163	0.328	0.926	21	23050	39696933	39697331	39719275	39719680	61729720	39500000	39750000	21	3471	398	21944	spaced
SUPER_10	51009998	51021938	IR	327	.	51015836	0.327	0.977	699	13046	51009998	51013914	51018073	51021938	61729720	50800000	51050000	700	3599	3865	4159	spaced
SUPER_10	50675784	50746562	IR	327	.	50710929	0.327	0.794	60	70759	50675784	50682815	50739539	50746562	61729720	50550000	50800000	4	2686	7023	56724	spaced
SUPER_10	37805071	37867350	IR	327	.	37835805	0.327	0.905	53	62258	37805071	37806458	37865973	37867350	61729720	37750000	38000000	0	1436	1377	59515	spaced
SUPER_10	25197011	25341363	IR	327	.	25269017	0.327	0.748	45	144367	25197011	25198067	25340488	25341363	61729720	25100000	25350000	46	2819	875	142421	wide
SUPER_10	36563692	36741976	IR	327	.	36652796	0.327	0.691	29	178269	36563692	36563747	36741938	36741976	61729720	36500000	36750000	264	2547	38	178191	wide
SUPER_10	52601380	52616835	IR	327	.	52608756	0.327	0.763	24	15433	52601380	52601940	52616297	52616835	61729720	52600000	52850000	0	151	538	14357	spaced
SUPER_10	37476928	37654853	IR	327	.	37566224	0.327	0.963	21	177873	37476928	37476982	37654801	37654853	61729720	37450000	37700000	0	1931	52	177819	wide
SUPER_10	42391754	42548940	IR	327	.	42470197	0.327	0.808	21	157150	42391754	42391806	42548898	42548940	61729720	42350000	42600000	196	2005	42	157092	wide
SUPER_10	48108790	48177755	IR	326	.	48143195	0.326	0.891	103	69890	48108790	48111797	48174748	48177772	61729720	48100000	48350000	103	721	3007	62951	spaced
SUPER_10	19526053	19617810	IR	326	.	19571819	0.326	0.932	100	92023	19526053	19526909	19616954	19617835	61729720	19400000	19650000	100	2865	856	90045	spaced
SUPER_10	56580365	56595837	IR	326	.	56588461	0.326	0.903	63	15464	56580365	56581690	56594512	56595850	61729720	56450000	56700000	0	2301	1325	12822	spaced
SUPER_10	41445674	41593314	IR	326	.	41519401	0.326	0.759	31	147590	41445674	41445718	41593270	41593328	61729720	41350000	41600000	349	2824	44	147552	wide
SUPER_10	30402616	30596090	IR	326	.	30499631	0.326	0.857	21	193432	30402616	30402672	30596042	30596090	61729720	30350000	30600000	0	2489	48	193370	wide
SUPER_10	16059259	16091026	IR	325	.	16074651	0.325	0.969	152	31710	16059259	16060855	16089432	16091026	61729720	15850000	16100000	0	3752	1594	28577	spaced
SUPER_10	545817	564169	IR	325	.	554972	0.325	0.859	139	18511	545817	547764	562310	564169	61729720	400000	650000	144	2583	1859	14546	spaced
SUPER_10	35141232	35266048	IR	325	.	35203293	0.325	0.909	96	124763	35141232	35144215	35263071	35266048	61729720	35050000	35300000	0	2560	2977	118856	wide
SUPER_10	26959609	27019830	IR	325	.	26989395	0.325	0.421	88	60197	26959609	26978582	27000951	27019830	61729720	26900000	27150000	0	1495	18879	22369	spaced
SUPER_10	34863619	34891331	IR	325	.	34877216	0.325	0.929	47	27672	34863619	34864293	34890658	34891331	61729720	34650000	34900000	0	3791	673	26365	spaced
SUPER_10	43023999	43063735	IR	325	.	43043856	0.325	0.940	44	40155	43023999	43024483	43063251	43063736	61729720	42850000	43100000	44	3230	484	38768	spaced
SUPER_10	15427712	15587385	IR	325	.	15507460	0.325	0.806	42	159619	15427712	15427762	15587335	15587397	61729720	15350000	15600000	877	2625	50	159573	wide
SUPER_10	27192797	27200290	IR	325	.	27196520	0.325	0.645	30	7461	27192797	27192859	27200250	27200290	61729720	27000000	27250000	250	3275	40	7391	spaced
SUPER_10	3024749	3048687	IR	325	.	3036360	0.325	0.824	26	23626	3024749	3025852	3047613	3048687	61729720	2900000	3150000	0	2278	1074	21761	spaced
SUPER_10	61278107	61381588	IR	325	.	61330007	0.325	0.793	26	103431	61278107	61278153	61381542	61381600	61729720	61250000	61500000	304	1330	46	103389	wide
SUPER_10	5229347	5236220	IR	325	.	5233236	0.325	0.500	25	6835	5229347	5229385	5236182	5236254	61729720	5150000	5400000	0	1379	38	6797	spaced
SUPER_10	7512107	7551962	IR	325	.	7532492	0.325	0.697	25	39809	7512107	7512153	7551916	7551982	61729720	7500000	7750000	0	533	46	39763	spaced
SUPER_10	59695183	59834456	IR	325	.	59764874	0.325	0.053	23	71039	59695183	59695234	59834437	59834456	61729720	59650000	59900000	44	1913	19	139203	wide
SUPER_10	20733081	20741123	IR	325	.	20737247	0.325	0.917	20	7996	20733081	20733125	20741079	20741127	61729720	20500000	20750000	204	3951	44	7954	spaced
SUPER_10	55948557	56086668	IR	325	.	56017822	0.325	0.643	20	138069	55948557	55948593	56086632	56086688	61729720	55900000	56150000	73	1960	36	138039	wide
SUPER_10	23104499	23320657	IR	324	.	23212549	0.324	0.917	141	216500	23104499	23105913	23319279	23320657	61729720	23100000	23350000	143	1876	1378	213366	wide
SUPER_10	7249650	7281874	IR	324	.	7265489	0.324	0.889	130	32266	7249650	7251435	7280089	7281939	61729720	7150000	7400000	0	1929	1785	28654	spaced
SUPER_10	40926602	41032060	IR	324	.	40979824	0.324	0.844	89	105486	40926602	40928629	41030033	41032106	61729720	40900000	41150000	0	1322	2027	101404	wide
SUPER_10	49965713	50004174	IR	324	.	49985134	0.324	0.947	62	38578	49965713	49966590	50003297	50004175	61729720	49800000	50050000	62	3082	877	36707	spaced
SUPER_10	10801619	10826574	IR	324	.	10813893	0.324	0.816	51	25068	10801619	10802751	10825442	10826654	61729720	10600000	10850000	57	3568	1132	22691	spaced
SUPER_10	40418604	40558208	IR	324	.	40488856	0.324	0.786	42	139538	40418604	40418688	40558142	40558208	61729720	40350000	40600000	0	2306	66	139454	wide
SUPER_10	5838378	5841516	IR	324	.	5839582	0.324	0.250	41	3094	5838378	5838484	5841472	5841516	61729720	5700000	5950000	0	2332	44	2988	spaced
SUPER_10	58207741	58308936	IR	324	.	58257873	0.324	0.768	28	101172	58207741	58209080	58307644	58308936	61729720	58200000	58450000	0	972	1292	98564	spaced
SUPER_10	28353806	28496215	IR	324	.	28425120	0.324	0.679	25	142375	28353806	28353862	28496177	28496215	61729720	28250000	28500000	234	2916	38	142315	wide
SUPER_10	41939652	42023890	IR	324	.	41982256	0.324	0.806	21	83362	41939652	41941616	42021926	42023895	61729720	41800000	42050000	0	3029	1964	80310	spaced
SUPER_10	53966061	54022493	IR	323	.	53994555	0.323	0.930	267	56432	53966061	53970330	54018224	54022510	61729720	53800000	54050000	0	3237	4269	47894	spaced
SUPER_10	58996902	59014568	IR	323	.	59005618	0.323	0.951	123	18868	58996902	58998137	59013333	59014573	61729720	58850000	59100000	145	2595	1235	15196	spaced
SUPER_10	31492696	31560302	IR	323	.	31526469	0.323	0.937	90	68759	31492696	31493630	31559390	31560302	61729720	31350000	31600000	90	2941	912	65760	spaced
SUPER_10	22787487	22864334	IR	323	.	22826175	0.323	0.912	76	76827	22787487	22789195	22862633	22864334	61729720	22750000	23000000	0	1265	1701	73438	spaced
SUPER_10	20550104	20593233	IR	323	.	20571343	0.323	0.686	36	43141	20550104	20551007	20592330	20593342	61729720	20550000	20800000	0	361	903	41323	spaced
SUPER_10	37445029	37476982	IR	323	.	37461324	0.323	0.794	31	31899	37445029	37445097	37476928	37476982	61729720	37400000	37650000	0	1016	54	31831	spaced
SUPER_10	21997302	22010569	IR	323	.	22003559	0.323	0.885	24	13239	21997302	21997763	22010108	22010583	61729720	21900000	22150000	0	1732	461	12345	spaced
SUPER_10	5568523	5750824	IR	323	.	5660165	0.323	0.890	20	182281	5568523	5568992	5750362	5750824	61729720	5550000	5800000	0	1827	462	181370	wide
SUPER_10	17628329	17634100	IR	323	.	17630775	0.323	0.702	20	5830	17628329	17629200	17633229	17634180	61729720	17450000	17700000	0	3020	871	4029	spaced
SUPER_10	47637599	47655933	IR	322	.	47646768	0.322	0.907	258	22079	47637599	47641298	47652234	47655950	61729720	47550000	47800000	259	1612	3699	10936	spaced
SUPER_10	377847	431775	IR	322	.	404939	0.322	0.855	54	54073	377847	378696	430928	431775	61729720	300000	550000	54	1746	847	52232	spaced
SUPER_10	34509482	34536183	IR	322	.	34522615	0.322	0.846	23	26793	34509482	34510025	34535640	34536229	61729720	34500000	34750000	23	380	543	25615	spaced
SUPER_10	30988714	31004193	IR	322	.	30996189	0.322	0.682	22	15462	30988714	30989181	31003750	31004193	61729720	30800000	31050000	0	3274	443	14569	spaced
SUPER_10	51469947	51505262	IR	322	.	51487741	0.322	0.792	20	35275	51469947	51469985	51505224	51505272	61729720	51300000	51550000	148	3126	38	35239	spaced
SUPER_10	39087388	39226518	IR	321	.	39156642	0.321	0.946	198	139124	39087388	39089441	39224465	39226536	61729720	39050000	39300000	0	1782	2053	135024	wide
SUPER_10	26496236	26586599	IR	321	.	26541188	0.321	0.959	106	91244	26496236	26497103	26585732	26586599	61729720	26450000	26700000	106	1523	867	88629	spaced
SUPER_10	44623535	44692678	IR	321	.	44658079	0.321	0.867	74	69918	44623535	44624458	44691834	44692678	61729720	44450000	44700000	86	3468	844	67376	spaced
SUPER_10	28901068	29049488	IR	321	.	28975334	0.321	0.936	45	148492	28901068	28901474	29049082	29049504	61729720	28800000	29050000	47	2921	406	147608	wide
SUPER_10	25942331	25946875	IR	321	.	25944189	0.321	0.912	26	4412	25942331	25942937	25946269	25946883	61729720	25750000	26000000	0	3243	606	3332	spaced
SUPER_10	22024068	22028489	IR	321	.	22026239	0.321	0.928	22	4707	22024068	22024389	22028172	22028489	61729720	21900000	22150000	22	2104	317	3783	spaced
SUPER_10	51505224	51517300	IR	321	.	51511462	0.321	0.913	20	12038	51505224	51505270	51517258	51517300	61729720	51300000	51550000	132	3520	42	11988	spaced
SUPER_10	14901336	14950094	IR	320	.	14925246	0.320	0.721	48	48711	14901336	14903497	14947966	14950094	61729720	14750000	15000000	0	2928	2128	44469	spaced
SUPER_10	2080641	2210912	IR	320	.	2145364	0.320	0.933	24	130215	2080641	2080701	2210856	2210912	61729720	2000000	2250000	0	2429	56	130155	wide
SUPER_10	49575101	49583362	IR	320	.	49578997	0.320	0.704	23	8229	49575101	49575155	49583324	49583362	61729720	49350000	49600000	93	3820	38	8169	spaced
SUPER_10	9398699	9405553	IR	319	.	9401628	0.319	0.996	132	6835	9398699	9399485	9404767	9405553	61729720	9200000	9450000	0	3368	786	5282	spaced
SUPER_10	7109574	7186873	IR	319	.	7148306	0.319	0.883	103	77577	7109574	7110321	7186152	7186873	61729720	7000000	7250000	128	2470	721	75831	spaced
SUPER_10	54113502	54306967	IR	319	.	54210004	0.319	0.611	82	195754	54113502	54113870	54306607	54306967	61729720	54100000	54350000	2	1837	360	192737	wide
SUPER_10	27836835	28019669	IR	319	.	27928656	0.319	0.920	75	182690	27836835	27837985	28018519	28019685	61729720	27800000	28050000	0	2137	1150	180534	wide
SUPER_10	16016214	16051277	IR	319	.	16033961	0.319	0.641	62	35050	16016214	16016674	16050818	16051277	61729720	15950000	16200000	8	1395	459	34144	spaced
SUPER_10	2603683	2609487	IR	319	.	2606272	0.319	0.979	53	5785	2603683	2604071	2609099	2609488	61729720	2600000	2850000	0	109	388	5028	spaced
SUPER_10	18211903	18314925	IR	319	.	18263749	0.319	0.707	38	102964	18211903	18211961	18314867	18314949	61729720	18100000	18350000	0	2723	58	102906	wide
SUPER_10	45832912	45920377	IR	319	.	45876274	0.319	0.636	26	87421	45832912	45832956	45920333	45920405	61729720	45750000	46000000	0	2110	44	87377	spaced
SUPER_10	55534346	55621802	IR	319	.	55578457	0.319	0.525	23	87416	55534346	55534386	55621762	55621836	61729720	55450000	55700000	0	2134	40	87376	spaced
SUPER_10	10582147	10592658	IR	319	.	10587401	0.319	0.808	22	10467	10582147	10582189	10592616	10592668	61729720	10350000	10600000	220	3956	42	10427	spaced
SUPER_10	22256223	22371369	IR	318	.	22313698	0.318	0.887	166	115492	22256223	22257372	22370220	22371438	61729720	22250000	22500000	198	1063	1149	112848	wide
SUPER_10	3177951	3185623	IR	318	.	3182000	0.318	0.967	119	7780	3177951	3178815	3184759	3185632	61729720	3050000	3300000	120	2196	864	5944	spaced
SUPER_10	49287699	49317045	IR	318	.	49302051	0.318	0.667	22	29302	49287699	49287765	49317001	49317045	61729720	49100000	49350000	0	3372	44	29236	spaced
SUPER_10	2655150	2813150	IR	317	.	2733903	0.317	1.000	66	157974	2655150	2655176	2813124	2813150	61729720	2650000	2900000	3	1402	26	157948	wide
SUPER_10	42859575	42890410	IR	317	.	42875160	0.317	0.807	54	31739	42859575	42860746	42889239	42890488	61729720	42750000	43000000	54	2083	1171	28493	spaced
SUPER_10	44791049	44797181	IR	317	.	44794399	0.317	0.930	35	6108	44791049	44791546	44796698	44797181	61729720	44600000	44850000	0	3235	483	5152	spaced
SUPER_10	36493477	36563725	IR	317	.	36528685	0.317	0.710	34	70200	36493477	36493521	36563681	36563743	61729720	36350000	36600000	364	2976	44	70160	spaced
SUPER_10	7654445	7680386	IR	317	.	7667036	0.317	0.687	31	25738	7654445	7655610	7679266	7680386	61729720	7450000	7700000	0	3623	1120	23656	spaced
SUPER_10	44317578	44461455	IR	317	.	44389832	0.317	0.906	30	143827	44317578	44317636	44461397	44461461	61729720	44250000	44500000	0	2325	58	143761	wide
SUPER_10	31034868	31079139	IR	316	.	31056711	0.316	0.727	61	44250	31034868	31036458	31077554	31079139	61729720	30900000	31150000	0	2616	1585	41096	spaced
SUPER_10	27589631	27593160	IR	316	.	27591214	0.316	0.676	41	3483	27589631	27589677	27593114	27593182	61729720	27350000	27600000	441	4023	46	3437	spaced
SUPER_10	59418271	59422889	IR	316	.	59420904	0.316	0.806	23	4565	59418271	59418662	59422498	59422929	61729720	59200000	59450000	0	3676	391	3836	spaced
SUPER_10	47945162	47995058	IR	316	.	47970566	0.316	0.867	22	49844	47945162	47945222	47995006	47995058	61729720	47750000	48000000	0	3668	52	49784	spaced
SUPER_10	26481381	26490129	IR	315	.	26485749	0.315	0.942	110	9025	26481381	26482434	26489103	26490129	61729720	26250000	26500000	110	3929	1026	6669	spaced
SUPER_10	46948058	46961896	IR	315	.	46955053	0.315	0.928	105	15325	46948058	46949814	46960140	46961896	61729720	46750000	47000000	105	3416	1756	10326	spaced
SUPER_10	32441431	32483177	IR	315	.	32461885	0.315	0.844	46	41739	32441431	32442905	32481703	32483196	61729720	32350000	32600000	0	1871	1474	38798	spaced
SUPER_10	50753477	50758476	IR	315	.	50755697	0.315	0.991	45	4981	50753477	50753823	50758131	50758476	61729720	50550000	50800000	0	3432	345	4308	spaced
SUPER_10	56608029	56614040	IR	315	.	56611199	0.315	0.553	33	5983	56608029	56608097	56614002	56614040	61729720	56400000	56650000	143	3517	38	5905	spaced
SUPER_10	52051056	52059146	IR	315	.	52054893	0.315	0.917	25	8044	52051056	52051100	52059102	52059150	61729720	52050000	52300000	228	84	44	8002	spaced
SUPER_10	51064291	51154860	IR	315	.	51109260	0.315	0.774	24	90521	51064291	51064353	51154812	51154860	61729720	51000000	51250000	0	1826	48	90459	spaced
SUPER_10	35617570	35633680	IR	314	.	35625811	0.314	0.632	52	16277	35617570	35618954	35632296	35633752	61729720	35400000	35650000	52	3760	1384	13342	spaced
SUPER_10	8814356	8818086	IR	314	.	8815845	0.314	0.822	30	3742	8814356	8814675	8817767	8818120	61729720	8650000	8900000	0	2770	319	3092	spaced
SUPER_10	32584219	32592790	IR	314	.	32588369	0.314	0.838	20	9484	32584219	32586005	32591004	32592812	61729720	32450000	32700000	20	2308	1786	4999	spaced
SUPER_10	43770925	43783031	IR	313	.	43776718	0.313	0.932	247	12159	43770925	43774487	43779469	43783111	61729720	43650000	43900000	0	2116	3562	4982	spaced
SUPER_10	6589256	6593596	IR	313	.	6591424	0.313	0.947	136	5099	6589256	6590357	6592515	6593596	61729720	6400000	6650000	136	3190	1081	2158	spaced
SUPER_10	1250589	1269074	IR	313	.	1259630	0.313	0.920	109	18662	1250589	1251966	1267732	1269074	61729720	1050000	1300000	109	3497	1342	15766	spaced
SUPER_10	6830889	6882892	IR	313	.	6857122	0.313	1.000	100	54827	6830889	6830915	6882866	6882892	61729720	6700000	6950000	4	2614	26	51951	spaced
SUPER_10	15831893	15850180	IR	313	.	15840817	0.313	0.899	74	18378	15831893	15833146	15848927	15850217	61729720	15700000	15950000	74	2350	1253	15781	spaced
SUPER_10	44782589	44786903	IR	313	.	44785174	0.313	0.994	56	4291	44782589	44782924	44786568	44786903	61729720	44550000	44800000	0	3912	335	3644	spaced
SUPER_10	3594497	3741392	IR	313	.	3667993	0.313	0.962	29	146890	3594497	3594547	3741342	3741394	61729720	3550000	3800000	327	1965	50	146795	wide
SUPER_10	43276602	43282269	IR	313	.	43279738	0.313	0.983	25	5635	43276602	43276841	43282030	43282269	61729720	43050000	43300000	0	3823	239	5189	spaced
SUPER_10	29107888	29130688	IR	312	.	29119163	0.312	0.936	61	22977	29107888	29108557	29130027	29130688	61729720	28900000	29150000	61	3654	661	21470	spaced
SUPER_10	26278920	26286915	IR	312	.	26282732	0.312	0.979	57	8041	26278920	26279304	26286531	26286916	61729720	26050000	26300000	57	3881	384	7227	spaced
SUPER_10	10339137	10398186	IR	312	.	10368281	0.312	0.776	51	59043	10339137	10341156	10396167	10398201	61729720	10150000	10400000	0	3644	2019	55011	spaced
SUPER_10	52017817	52034416	IR	312	.	52026374	0.312	1.000	30	16539	52017817	52017877	52034356	52034416	61729720	51800000	52050000	0	3768	60	16479	spaced
SUPER_10	18904	23496	IR	312	.	20992	0.312	0.938	28	4612	18904	19242	23162	23496	61729720	0	250000	28	353	334	3920	spaced
SUPER_10	55391495	55476268	IR	312	.	55434185	0.312	0.629	23	84729	55391495	55391539	55476224	55476294	61729720	55300000	55550000	0	2231	44	84685	spaced
SUPER_10	29660537	29732015	IR	311	.	29696716	0.311	0.827	30	71537	29660537	29661795	29730757	29732092	61729720	29500000	29750000	0	3271	1258	68962	spaced
SUPER_10	2055476	2062399	IR	311	.	2059422	0.311	0.737	28	6867	2055476	2055878	2062094	2062399	61729720	1850000	2100000	0	3482	305	6216	spaced
SUPER_10	44968432	44973476	IR	310	.	44970935	0.310	0.984	138	5280	44968432	44969187	44972721	44973476	61729720	44750000	45000000	138	3682	755	3534	spaced
SUPER_10	57446071	57490310	IR	310	.	57468222	0.310	0.719	34	44187	57446071	57446117	57490264	57490328	61729720	57250000	57500000	466	3636	46	44147	spaced
SUPER_10	22935559	23013517	IR	310	.	22974496	0.310	0.769	22	77914	22935559	22935599	23013477	23013529	61729720	22800000	23050000	103	2908	40	77878	spaced
SUPER_10	57608533	57616506	IR	310	.	57612101	0.310	0.625	21	7933	57608533	57608573	57616466	57616532	61729720	57600000	57850000	0	208	40	7893	spaced
SUPER_10	48208254	48213723	IR	309	.	48211238	0.309	0.907	47	5436	48208254	48209601	48212376	48213736	61729720	48150000	48400000	0	1016	1347	2775	spaced
SUPER_10	56180977	56187257	IR	309	.	56184336	0.309	0.778	40	6361	56180977	56182645	56185589	56187316	61729720	56150000	56400000	41	568	1668	2944	spaced
SUPER_10	16239634	16244552	IR	309	.	16242344	0.309	0.954	27	4900	16239634	16239936	16244252	16244552	61729720	16050000	16300000	0	3201	300	4316	spaced
SUPER_10	41719667	41765571	IR	309	.	41742174	0.309	0.777	26	45882	41719667	41720545	41764786	41765571	61729720	41550000	41800000	0	3210	785	44241	spaced
SUPER_10	10311692	10314551	IR	309	.	10313405	0.309	0.792	24	2844	10311692	10311966	10314277	10314555	61729720	10150000	10400000	0	2718	274	2311	spaced
SUPER_10	36122065	36158927	IR	308	.	36140693	0.308	0.908	56	36887	36122065	36122711	36158297	36158927	61729720	36050000	36300000	56	1508	630	35586	spaced
SUPER_10	36968374	37047579	IR	308	.	37007972	0.308	0.912	49	79275	36968374	36969246	37046707	37047582	61729720	36800000	37050000	49	3466	872	77461	spaced
SUPER_10	22522009	22547057	IR	308	.	22534730	0.308	0.867	36	24996	22522009	22522061	22547005	22547065	61729720	22300000	22550000	615	3908	52	24944	spaced
SUPER_10	57149340	57235491	IR	308	.	57192491	0.308	0.852	36	86103	57149340	57149386	57235445	57235499	61729720	57000000	57250000	474	3206	46	86059	spaced
SUPER_10	15587325	15635260	IR	308	.	15611751	0.308	0.583	33	47887	15587325	15587409	15635212	15635260	61729720	15400000	15650000	0	3521	48	47803	spaced
SUPER_10	10664705	10669473	IR	308	.	10667245	0.308	0.984	29	4836	10664705	10664893	10669285	10669473	61729720	10600000	10850000	29	1118	188	4392	spaced
SUPER_10	9932909	10035236	IR	308	.	9984552	0.308	0.811	27	102148	9932909	9933667	10034478	10035253	61729720	9850000	10100000	0	2234	758	100811	wide
SUPER_10	7357270	7362164	IR	308	.	7360083	0.308	0.849	23	4747	7357270	7357593	7361841	7362189	61729720	7300000	7550000	0	995	323	4248	spaced
SUPER_10	26010425	26015024	IR	308	.	26013172	0.308	0.727	22	4584	26010425	26010802	26014647	26015028	61729720	25800000	26050000	0	3545	377	3845	spaced
SUPER_10	41222726	41227185	IR	308	.	41225160	0.308	0.858	20	4514	41222726	41222963	41226948	41227186	61729720	41100000	41350000	23	2082	237	3985	spaced
SUPER_10	59483413	59669724	IR	307	.	59576117	0.307	0.840	50	185996	59483413	59486706	59666485	59669724	61729720	59450000	59700000	0	2109	3239	179779	wide
SUPER_10	44301651	44306252	IR	307	.	44303459	0.307	0.918	36	4606	44301651	44301945	44305958	44306274	61729720	44100000	44350000	0	3399	294	4013	spaced
SUPER_10	44164949	44185827	IR	307	.	44175000	0.307	0.771	35	20318	44164949	44166319	44184463	44185827	61729720	43950000	44200000	0	3756	1364	18144	spaced
SUPER_10	9603608	9611609	IR	307	.	9607875	0.307	0.923	28	7974	9603608	9604065	9611161	9611609	61729720	9550000	9800000	0	960	448	7096	spaced
SUPER_10	35834741	35964297	IR	307	.	35899864	0.307	0.846	21	129549	35834741	35835481	35963557	35964311	61729720	35800000	36050000	0	1658	740	128076	wide
SUPER_10	9270585	9279932	IR	306	.	9275345	0.306	0.905	83	9565	9270585	9271455	9279086	9279932	61729720	9200000	9450000	84	1254	846	7631	spaced
SUPER_10	13502588	13528184	IR	306	.	13515350	0.306	0.858	63	25888	13502588	13505303	13525475	13528184	61729720	13500000	13750000	63	256	2709	20172	spaced
SUPER_10	37301631	37350413	IR	305	.	37326136	0.305	0.447	36	48758	37301631	37301707	37350375	37350413	61729720	37150000	37400000	136	2933	38	48668	spaced
SUPER_10	11043627	11163716	IR	305	.	11104110	0.305	0.737	34	120049	11043627	11043703	11163660	11163716	61729720	10950000	11200000	0	2561	56	119957	wide
SUPER_10	16289097	16387340	IR	305	.	16338326	0.305	1.000	22	98199	16289097	16289143	16387294	16387340	61729720	16150000	16400000	202	3136	46	98151	spaced
SUPER_10	14210056	14264895	IR	304	.	14237507	0.304	0.932	84	55024	14210056	14211026	14263925	14264918	61729720	14050000	14300000	84	3124	970	52899	spaced
SUPER_10	52522446	52583656	IR	304	.	52553079	0.304	0.793	33	61172	52522446	52522504	52583610	52583656	61729720	52450000	52700000	462	1717	46	61106	spaced
SUPER_10	61381536	61429528	IR	304	.	61405979	0.304	0.575	22	47952	61381536	61381606	61429488	61429528	61729720	61250000	61500000	0	2592	40	47882	spaced
SUPER_10	61709315	61721065	IR	303	.	61714775	0.303	0.770	60	10828	61709315	61712276	61718148	61721065	61729720	61500000	61729720	0	3586	2917	5872	spaced
SUPER_10	7203547	7247471	IR	303	.	7225948	0.303	0.810	23	43876	7203547	7203610	7247420	7247471	61729720	7000000	7250000	0	3758	51	43810	spaced
SUPER_10	7050690	7106853	IR	302	.	7079146	0.302	0.899	120	56137	7050690	7052370	7105263	7106853	61729720	6950000	7200000	0	2146	1590	52893	spaced
SUPER_10	3250649	3304962	IR	301	.	3278037	0.301	0.707	96	56318	3250649	3257261	3298358	3304962	61729720	3200000	3450000	11	1296	6604	41097	spaced
SUPER_10	58747643	58822425	IR	301	.	58785409	0.301	0.844	27	74397	58747643	58749387	58820681	58822456	61729720	58650000	58900000	0	2250	1744	71294	spaced
SUPER_10	49743047	49859641	IR	300	.	49800993	0.300	0.910	172	116552	49743047	49747901	49854787	49859677	61729720	49650000	49900000	0	2522	4854	106886	wide
SUPER_10	40779197	40788053	IR	300	.	40783140	0.300	0.872	146	8861	40779197	40781709	40785541	40788090	61729720	40600000	40850000	0	3060	2512	3832	spaced
SUPER_10	19281145	19292026	IR	300	.	19286560	0.300	0.885	56	10941	19281145	19281500	19291697	19292026	61729720	19150000	19400000	80	2276	329	10197	spaced
SUPER_10	50008495	50089450	IR	299	.	50049338	0.299	0.731	27	81021	50008495	50009865	50088080	50089543	61729720	50000000	50250000	0	816	1370	78215	spaced
SUPER_10	32519999	32542978	IR	299	.	32531393	0.299	0.948	20	23110	32519999	32520231	32542746	32542979	61729720	32400000	32650000	20	2191	232	22515	spaced
SUPER_10	50912424	50977482	IR	298	.	50945368	0.298	0.194	30	65024	50912424	50912460	50977446	50977536	61729720	50750000	51000000	0	3249	36	64986	spaced
SUPER_10	8101418	8251427	IR	297	.	8176794	0.297	0.938	100	149940	8101418	8103194	8249651	8251427	61729720	8050000	8300000	0	2106	1776	146457	wide
SUPER_10	57842200	57931853	IR	296	.	57886862	0.296	0.967	21	89667	57842200	57842350	57931703	57931854	61729720	57700000	57950000	22	3116	150	89353	spaced
SUPER_10	494229	499482	IR	291	.	496625	0.291	0.971	218	5831	494229	495977	497734	499483	61729720	250000	500000	218	4114	1748	1757	immediate
SUPER_10	3741344	3755532	IR	288	.	3748304	0.288	0.960	27	14148	3741344	3741394	3755484	3755532	61729720	3550000	3800000	345	3307	48	14090	spaced
SUPER_11	13786833	13789513	IR	894	.	13788173	0.894	0.940	125	3050	13786833	13787891	13788455	13789524	57203491	13550000	13800000	125	3969	1058	564	immediate
SUPER_11	24624992	24627754	IR	680	.	24626372	0.680	0.912	76	2851	24624992	24625839	24626947	24627754	57203491	24450000	24700000	76	2939	807	1108	immediate
SUPER_11	7615296	7617534	IR	670	.	7616415	0.670	0.985	95	2451	7615296	7615847	7616983	7617534	57203491	7400000	7650000	95	3606	551	1136	immediate
SUPER_11	54066025	54067945	IR	658	.	54066985	0.658	0.990	107	2003	54066025	54066614	54067356	54067946	57203491	53950000	54200000	107	1949	589	742	immediate
SUPER_11	33633751	33638710	IR	629	.	33636363	0.629	0.694	33	5051	33633751	33635858	33636603	33638740	57203491	33500000	33750000	33	2270	2107	745	immediate
SUPER_11	6433136	6434384	IR	613	.	6433773	0.613	0.913	70	179457	6433136	6433700	6433847	6434384	57203491	6300000	6550000	82	2229	537	147	immediate
SUPER_11	11564590	11567662	IR	608	.	11566126	0.608	0.699	31	3137	11564590	11565665	11566587	11567663	57203491	11550000	11800000	31	268	1075	922	immediate
SUPER_11	19780905	19785462	IR	591	.	19783188	0.591	0.803	45	5319	19780905	19782579	19783820	19785462	57203491	19750000	20000000	46	552	1642	1241	immediate
SUPER_11	13617909	13624927	IR	566	.	13621173	0.566	1.000	53	6292	13617909	13617926	13624910	13624927	57203491	13500000	13750000	1	2023	17	6984	spaced
SUPER_11	15816875	15819971	IR	562	.	15818467	0.562	0.684	33	3132	15816875	15817986	15818948	15819971	57203491	15750000	16000000	33	1140	1023	962	immediate
SUPER_11	42144466	42149386	IR	535	.	42146926	0.535	0.719	52	5269	42144466	42146255	42147597	42149390	57203491	42050000	42300000	52	1615	1789	1342	immediate
SUPER_11	35488565	35596864	IR	533	.	35542731	0.533	0.416	42	108666	35488565	35542594	35542868	35596864	57203491	35400000	35650000	42	2378	53996	274	immediate
SUPER_11	10649030	10651447	IR	512	.	10650269	0.512	0.846	35	2443	10649030	10649982	10650557	10651447	57203491	10600000	10850000	35	837	890	575	immediate
SUPER_11	25214947	25443954	IR	504	.	25329405	0.504	0.561	86	238321	25214947	25306205	25352696	25444023	57203491	25200000	25450000	112	2157	91258	46491	spaced
SUPER_11	7851715	7853051	IR	504	.	7852383	0.504	0.891	71	51778	7851715	7852337	7852429	7853081	57203491	7750000	8000000	87	1706	622	92	immediate
SUPER_11	55261541	55333800	IR	501	.	55297894	0.501	0.412	47	72352	55261541	55297606	55297735	55333856	57203491	55150000	55400000	59	2461	36065	129	immediate
SUPER_11	26124871	26282148	IR	491	.	26203506	0.491	0.559	95	159780	26124871	26153986	26253071	26282148	57203491	26050000	26300000	97	2558	29077	99085	spaced
SUPER_11	17925291	17926574	IR	484	.	17925934	0.484	0.922	76	146783	17925291	17925829	17926039	17926574	57203491	17750000	18000000	77	2932	535	210	immediate
SUPER_11	56265136	56277179	IR	482	.	56271159	0.482	0.969	646	13127	56265136	56269620	56272695	56277213	57203491	56050000	56300000	646	3685	4484	3075	spaced
SUPER_11	43743036	43745909	IR	480	.	43744475	0.480	0.951	100	2964	43743036	43744051	43744894	43745913	57203491	43500000	43750000	100	4074	1015	843	immediate
SUPER_11	33986409	33989199	IR	479	.	33987804	0.479	0.880	32	3129	33986409	33987201	33988407	33989234	57203491	33900000	34150000	32	1463	792	1206	immediate
SUPER_11	38041899	38043987	IR	476	.	38042943	0.476	0.972	112	2190	38041899	38042707	38043179	38043989	57203491	37800000	38050000	112	4048	808	472	immediate
SUPER_11	18368466	18370158	IR	475	.	18369334	0.475	0.763	66	7417	18368466	18369077	18369547	18370214	57203491	18250000	18500000	66	1988	611	470	immediate
SUPER_11	44098160	44100035	IR	474	.	44099258	0.474	0.839	73	2164	44098160	44098826	44099369	44100094	57203491	43900000	44150000	80	3318	666	543	immediate
SUPER_11	47848197	47850289	IR	464	.	47849731	0.464	0.734	24	2082	47848197	47848886	47849600	47850298	57203491	47800000	48050000	0	820	689	714	immediate
SUPER_11	7612631	7614482	IR	461	.	7613604	0.461	0.834	51	2042	7612631	7613493	7613620	7614577	57203491	7400000	7650000	51	3559	862	127	immediate
SUPER_11	55778009	55885631	IR	460	.	55832000	0.460	0.963	40	107584	55778009	55778063	55885579	55885631	57203491	55650000	55900000	614	3030	52	107516	wide
SUPER_11	20980925	20985378	IR	459	.	20983154	0.459	0.902	120	4900	20980925	20982813	20983490	20985397	57203491	20850000	21100000	122	2219	1888	677	immediate
SUPER_11	18632767	18641147	IR	458	.	18637161	0.458	0.883	55	10147	18632767	18634720	18639211	18641147	57203491	18400000	18650000	55	3949	1936	4491	spaced
SUPER_11	52921381	52924153	IR	457	.	52922771	0.457	0.903	111	2858	52921381	52921965	52923577	52924153	57203491	52700000	52950000	113	3712	576	1612	immediate
SUPER_11	33881847	33883664	IR	455	.	33882752	0.455	0.962	92	2142	33881847	33882478	33883033	33883668	57203491	33650000	33900000	94	3879	631	555	immediate
SUPER_11	4417463	4419797	IR	454	.	4418630	0.454	0.816	61	2396	4417463	4418486	4418774	4419821	57203491	4200000	4450000	61	3643	1023	288	immediate
SUPER_11	50547999	50566618	IR	453	.	50557781	0.453	0.499	32	18602	50547999	50556938	50557679	50566620	57203491	50350000	50600000	0	3455	8939	741	immediate
SUPER_11	22047000	22082645	IR	440	.	22065184	0.440	0.394	30	35583	22047000	22060122	22069610	22082645	57203491	21850000	22100000	0	3580	13035	9488	spaced
SUPER_11	17158711	17206112	IR	435	.	17182464	0.435	0.382	37	47381	17158711	17182242	17182686	17206112	57203491	17000000	17250000	97	3040	23426	444	immediate
SUPER_11	18458458	18487793	IR	433	.	18473390	0.433	0.848	54	29187	18458458	18459674	18486587	18487793	57203491	18250000	18500000	0	3718	1206	26913	spaced
SUPER_11	21365233	21491396	IR	432	.	21428624	0.432	0.848	55	126242	21365233	21366459	21490170	21491494	57203491	21350000	21600000	0	1305	1226	123711	wide
SUPER_11	9024478	9028398	IR	431	.	9026421	0.431	0.541	32	3971	9024478	9025789	9027087	9028444	57203491	8850000	9100000	32	2940	1311	1298	immediate
SUPER_11	51225006	51309841	IR	430	.	51266985	0.430	0.921	190	84839	51225006	51228082	51306765	51309866	57203491	51100000	51350000	0	2790	3076	78683	spaced
SUPER_11	19444726	19476189	IR	427	.	19459996	0.427	1.000	21	31411	19444726	19444778	19476137	19476189	57203491	19350000	19600000	0	1840	52	31359	spaced
SUPER_11	25650999	25716652	IR	424	.	25683875	0.424	0.691	166	104205	25650999	25673451	25694200	25716726	57203491	25550000	25800000	172	2230	22452	20749	spaced
SUPER_11	23678591	23782761	IR	422	.	23730214	0.422	0.910	52	104103	23678591	23679742	23781610	23782767	57203491	23550000	23800000	0	3011	1151	101868	wide
SUPER_11	18709539	18791269	IR	418	.	18750752	0.418	0.932	249	81578	18709539	18713439	18787369	18791308	57203491	18600000	18850000	0	2506	3900	73930	spaced
SUPER_11	27273836	27483657	IR	418	.	27378237	0.418	1.000	21	209803	27273836	27273891	27483602	27483657	57203491	27250000	27500000	0	2145	55	209711	wide
SUPER_11	34433401	34607712	IR	416	.	34521032	0.416	0.795	21	174279	34433401	34433648	34607465	34607740	57203491	34400000	34650000	0	2009	247	173817	wide
SUPER_11	9786535	9959230	IR	415	.	9872800	0.415	0.946	27	172697	9786535	9786887	9958878	9959231	57203491	9750000	10000000	27	2047	352	171991	wide
SUPER_11	38871778	38883438	IR	409	.	38877542	0.409	0.983	102	11828	38871778	38872487	38882729	38883438	57203491	38650000	38900000	102	3793	709	10242	spaced
SUPER_11	43376852	43398202	IR	406	.	43387222	0.406	0.932	342	21302	43376852	43380885	43394239	43398202	57203491	43200000	43450000	0	3125	3963	13354	spaced
SUPER_11	29165976	29228403	IR	406	.	29197182	0.406	0.399	37	63035	29165976	29176525	29217854	29228439	57203491	29150000	29400000	69	786	10549	41329	spaced
SUPER_11	25076227	25187717	IR	402	.	25131857	0.402	0.579	101	116675	25076227	25088882	25175122	25187717	57203491	25000000	25250000	102	2199	12595	86240	spaced
SUPER_11	35384405	35406708	IR	400	.	35395074	0.400	0.904	146	22280	35384405	35387516	35403664	35406708	57203491	35350000	35600000	0	759	3044	16148	spaced
SUPER_11	35048044	35142097	IR	400	.	35095450	0.400	0.396	57	94033	35048044	35094582	35095563	35142097	57203491	34950000	35200000	0	2417	46534	981	immediate
SUPER_11	25461314	25637147	IR	398	.	25548985	0.398	0.465	81	176560	25461314	25541413	25557050	25637147	57203491	25400000	25650000	5	2487	80097	15637	spaced
SUPER_11	51074110	51163510	IR	398	.	51118941	0.398	0.840	20	89356	51074110	51074152	51163468	51163518	57203491	50950000	51200000	182	2813	42	89316	spaced
SUPER_11	52438459	52473540	IR	388	.	52456366	0.388	0.893	118	35022	52438459	52441582	52470455	52473540	57203491	52250000	52500000	0	3433	3085	28873	spaced
SUPER_11	47158285	47321102	IR	388	.	47240161	0.388	0.847	34	162796	47158285	47159433	47320053	47321102	57203491	47100000	47350000	0	2328	1049	160620	wide
SUPER_11	50670106	50843591	IR	387	.	50756520	0.387	0.867	24	173433	50670106	50670158	50843539	50843599	57203491	50650000	50900000	0	1780	52	173381	wide
SUPER_11	26700642	26926217	IR	383	.	26813152	0.383	0.631	119	219200	26700642	26709999	26916895	26926217	57203491	26700000	26950000	0	1890	9322	206896	wide
SUPER_11	42770667	42816963	IR	382	.	42793905	0.382	0.690	24	46250	42770667	42770707	42816923	42816981	57203491	42600000	42850000	163	3230	40	46216	spaced
SUPER_11	14186034	14205091	IR	381	.	14195541	0.381	0.806	47	19011	14186034	14186088	14205037	14205104	57203491	14000000	14250000	1004	3259	54	18949	spaced
SUPER_11	57119204	57172493	IR	381	.	57145626	0.381	0.573	35	62436	57119204	57124091	57167617	57172493	57203491	57000000	57203491	35	2430	4876	43526	spaced
SUPER_11	52593657	52782145	IR	381	.	52687496	0.381	0.772	28	188426	52593657	52594559	52781243	52782209	57203491	52550000	52800000	0	2298	902	186684	wide
SUPER_11	53215765	53364372	IR	379	.	53290468	0.379	0.952	333	148584	53215765	53220083	53360078	53364372	57203491	53150000	53400000	0	2334	4294	139995	wide
SUPER_11	48504949	48691740	IR	379	.	48598224	0.379	0.655	26	186757	48504949	48505007	48691702	48691740	57203491	48450000	48700000	200	2472	38	186695	wide
SUPER_11	43858631	43987503	IR	377	.	43923140	0.377	0.929	111	129431	43858631	43860515	43985623	43987503	57203491	43750000	44000000	111	2884	1880	125108	wide
SUPER_11	7332065	7430714	IR	377	.	7380931	0.377	0.811	35	98615	7332065	7332125	7430654	7430728	57203491	7200000	7450000	0	3023	60	98529	spaced
SUPER_11	34327197	34329317	IR	375	.	34328685	0.375	0.707	37	2062	34327197	34327255	34329259	34329341	57203491	34200000	34450000	0	2137	58	2004	spaced
SUPER_11	22718026	22725878	IR	375	.	22721658	0.375	0.793	20	7808	22718026	22718072	22725832	22725890	57203491	22550000	22800000	0	2865	46	7760	spaced
SUPER_11	51784643	51883448	IR	374	.	51833820	0.374	0.942	42	99295	51784643	51785109	51882982	51883450	57203491	51750000	52000000	42	1400	466	97873	spaced
SUPER_11	5404577	5523322	IR	374	.	5464062	0.374	0.829	39	118797	5404577	5405504	5522395	5523342	57203491	5300000	5550000	49	2732	927	116891	wide
SUPER_11	22860068	23054749	IR	373	.	22957066	0.373	0.883	402	194733	22860068	22869016	23045801	23054820	57203491	22850000	23100000	0	1790	8948	176785	wide
SUPER_11	16968662	17083400	IR	373	.	17026061	0.373	0.770	39	114882	16968662	16969997	17082065	17083489	57203491	16950000	17200000	49	1267	1335	112068	wide
SUPER_11	49708013	49852273	IR	373	.	49779727	0.373	0.934	35	144237	49708013	49708528	49851758	49852273	57203491	49650000	49900000	0	2168	515	143230	wide
SUPER_11	28216404	28346703	IR	373	.	28281438	0.373	0.872	28	130620	28216404	28216777	28346364	28346703	57203491	28200000	28450000	34	1359	339	129587	wide
SUPER_11	5633924	5738753	IR	373	.	5686651	0.373	0.391	21	104804	5633924	5686347	5686330	5738784	57203491	5500000	5750000	0	3105	52423	-17	overlap
SUPER_11	48196423	48240854	IR	372	.	48218474	0.372	0.916	85	44572	48196423	48197782	48239495	48240856	57203491	48150000	48400000	85	1143	1359	41713	spaced
SUPER_11	42816915	42881226	IR	372	.	42848674	0.372	0.864	48	64237	42816915	42816991	42881150	42881238	57203491	42700000	42950000	0	2484	76	64159	spaced
SUPER_11	56950694	56991321	IR	372	.	56970568	0.372	0.306	25	40591	56950694	56950730	56991285	56991367	57203491	56900000	57150000	0	1183	36	40555	spaced
SUPER_11	36719863	36727275	IR	371	.	36723283	0.371	0.615	38	7363	36719863	36722278	36724964	36727275	57203491	36650000	36900000	0	1226	2311	2686	spaced
SUPER_11	31014525	31016673	IR	371	.	31015598	0.371	0.925	33	2148	31014525	31014849	31016349	31016676	57203491	30800000	31050000	33	3593	324	1500	immediate
SUPER_11	40383013	40383091	IR	371	.	40383120	0.371	1.000	28	35098	40383013	40383068	40383036	40383091	57203491	40250000	40500000	747	2217	55	-32	overlap
SUPER_11	40383021	40383093	IR	371	.	40383120	0.371	0.843	28	35138	40383021	40383072	40383050	40383093	57203491	40300000	40550000	457	1384	43	-22	overlap
SUPER_11	22533603	22572546	IR	370	.	22552652	0.370	0.867	96	38976	22533603	22538252	22567897	22572603	57203491	22500000	22750000	0	884	4649	29645	spaced
SUPER_11	50018052	50246809	IR	370	.	50132302	0.370	0.931	23	228873	50018052	50018482	50246379	50246813	57203491	50000000	50250000	23	2207	430	227897	wide
SUPER_11	35805511	36013020	IR	369	.	35908901	0.369	0.974	49	207480	35805511	35805966	36012565	36013020	57203491	35800000	36050000	0	1820	455	206599	wide
SUPER_11	49218838	49247971	IR	368	.	49233235	0.368	0.944	160	29265	49218838	49220034	49246819	49247971	57203491	49100000	49350000	169	2223	1152	26785	spaced
SUPER_11	3290231	3370517	IR	368	.	3330141	0.368	0.750	20	80254	3290231	3290279	3370481	3370517	57203491	3250000	3500000	71	1339	36	80202	spaced
SUPER_11	8292489	8295405	IR	367	.	8293986	0.367	0.833	42	2941	8292489	8293057	8294915	8295405	57203491	8250000	8500000	42	732	490	1858	immediate
SUPER_11	43434795	43471142	IR	367	.	43452629	0.367	0.791	30	36245	43434795	43435745	43470199	43471142	57203491	43400000	43650000	0	882	943	34454	spaced
SUPER_11	10041856	10164596	IR	366	.	10102964	0.366	0.937	123	122718	10041856	10042939	10163524	10164596	57203491	10000000	10250000	0	1720	1072	120585	wide
SUPER_11	56076472	56201557	IR	366	.	56139246	0.366	0.409	31	125005	56076472	56108972	56169079	56201557	57203491	56000000	56250000	2	2316	32478	60107	spaced
SUPER_11	11888883	12097132	IR	366	.	11993039	0.366	0.917	21	208203	11888883	11888927	12097088	12097136	57203491	11850000	12100000	197	2383	44	208161	wide
SUPER_11	20415555	20490230	IR	365	.	20452651	0.365	0.863	44	75331	20415555	20418125	20487668	20490230	57203491	20350000	20600000	44	1714	2562	69543	spaced
SUPER_11	39822873	39969153	IR	363	.	39896197	0.363	0.938	213	148120	39822873	39826001	39966026	39969153	57203491	39750000	40000000	213	2433	3127	140025	wide
SUPER_11	1348639	1416649	IR	363	.	1382376	0.363	0.905	94	67882	1348639	1350163	1415125	1416668	57203491	1250000	1500000	0	2210	1524	64962	spaced
SUPER_11	8282128	8292221	IR	362	.	8287676	0.362	0.810	89	10066	8282128	8284183	8290207	8292221	57203491	8150000	8400000	0	2286	2014	6024	spaced
SUPER_11	18838436	18881476	IR	362	.	18859922	0.362	0.922	78	43147	18838436	18839406	18880506	18881481	57203491	18800000	19050000	78	999	970	41100	spaced
SUPER_11	44333485	44339359	IR	362	.	44336317	0.362	0.871	32	6111	44333485	44334480	44338364	44339392	57203491	44100000	44350000	32	3940	995	3884	spaced
SUPER_11	42404032	42546913	IR	361	.	42475006	0.361	0.869	110	142866	42404032	42405055	42545890	42546929	57203491	42300000	42550000	0	2924	1023	140835	wide
SUPER_11	38210755	38419768	IR	361	.	38314800	0.361	0.818	27	208959	38210755	38210809	38419714	38419780	57203491	38200000	38450000	0	1920	54	208905	wide
SUPER_11	4985302	5130374	IR	361	.	5057484	0.361	0.804	24	145026	4985302	4986170	5129561	5130374	57203491	4950000	5200000	0	1797	813	143391	wide
SUPER_11	19050978	19266413	IR	361	.	19158447	0.361	1.000	23	215399	19050978	19051014	19266377	19266413	57203491	19050000	19300000	6	1811	36	215363	wide
SUPER_11	41419721	41534404	IR	360	.	41477212	0.360	1.000	26	114639	41419721	41419767	41534358	41534404	57203491	41300000	41550000	231	2950	46	114591	wide
SUPER_11	11681720	11855179	IR	359	.	11768895	0.359	0.918	71	173309	11681720	11683163	11853748	11855179	57203491	11650000	11900000	0	1974	1431	170585	wide
SUPER_11	33247834	33353180	IR	359	.	33300144	0.359	0.889	65	105323	33247834	33249362	33351665	33353180	57203491	33150000	33400000	0	2508	1515	102303	wide
SUPER_11	35282394	35285163	IR	359	.	35284141	0.359	0.744	39	2721	35282394	35282452	35285105	35285183	57203491	35050000	35300000	0	3896	58	2653	spaced
SUPER_11	47528791	47536290	IR	359	.	47533008	0.359	0.600	23	7459	47528791	47528831	47536250	47536318	57203491	47300000	47550000	0	3875	40	7419	spaced
SUPER_11	15277879	15346922	IR	358	.	15312040	0.358	0.392	36	38484	15277879	15308438	15316363	15346925	57203491	15100000	15350000	0	3539	30559	7925	spaced
SUPER_11	150003	376506	IR	357	.	262774	0.357	0.803	73	226472	150003	152193	374343	376506	57203491	150000	400000	0	1887	2163	222150	wide
SUPER_11	33891136	33932189	IR	357	.	33911529	0.357	0.655	24	41007	33891136	33891174	33932151	33932209	57203491	33850000	34100000	232	1027	38	40977	spaced
SUPER_11	12627533	12639221	IR	357	.	12633138	0.357	0.808	20	11642	12627533	12627575	12639179	12639231	57203491	12400000	12650000	130	3889	42	11604	spaced
SUPER_11	15428406	15525973	IR	356	.	15477701	0.356	0.967	1137	97540	15428406	15437557	15516901	15525973	57203491	15300000	15550000	0	2953	9072	79344	spaced
SUPER_11	1519773	1527483	IR	356	.	1523469	0.356	0.925	40	7721	1519773	1520482	1526777	1527483	57203491	1350000	1600000	40	2893	706	6295	spaced
SUPER_11	5738734	5908134	IR	356	.	5823404	0.356	1.000	24	169366	5738734	5738782	5908086	5908134	57203491	5700000	5950000	194	2057	48	169304	wide
SUPER_11	31612664	31745004	IR	356	.	31678771	0.356	0.955	23	132306	31612664	31612706	31744962	31745006	57203491	31550000	31800000	212	2147	42	132256	wide
SUPER_11	6560386	6624775	IR	355	.	6592475	0.355	0.701	65	64767	6560386	6561666	6623645	6624775	57203491	6500000	6750000	66	1542	1130	61979	spaced
SUPER_11	7016740	7137961	IR	355	.	7077753	0.355	0.795	42	120829	7016740	7019819	7134921	7137961	57203491	6950000	7200000	0	2122	3040	115102	wide
SUPER_11	5909043	6020463	IR	355	.	5964815	0.355	0.870	27	111704	5909043	5909581	6019944	6020463	57203491	5800000	6050000	28	2745	519	110363	wide
SUPER_11	46276232	46366944	IR	355	.	46321856	0.355	0.397	24	90688	46276232	46321608	46321592	46366944	57203491	46150000	46400000	0	2859	45352	-16	overlap
SUPER_11	44655584	44828278	IR	354	.	44741963	0.354	1.000	20	172648	44655584	44655630	44828232	44828278	57203491	44600000	44850000	220	2365	46	172602	wide
SUPER_11	31323981	31392737	IR	353	.	31358149	0.353	0.953	326	71210	31323981	31327517	31389202	31392737	57203491	31150000	31400000	326	3472	3535	61685	spaced
SUPER_11	28536267	28649933	IR	353	.	28593547	0.353	0.875	81	113685	28536267	28537549	28648651	28649976	57203491	28400000	28650000	0	3218	1282	111102	wide
SUPER_11	56825942	56841970	IR	353	.	56834421	0.353	0.897	23	15980	56825942	56825994	56841918	56841976	57203491	56600000	56850000	0	3899	52	15924	spaced
SUPER_11	39039995	39207430	IR	352	.	39123278	0.352	0.928	251	167336	39039995	39043142	39204283	39207440	57203491	39000000	39250000	0	2061	3147	161141	wide
SUPER_11	35600222	35804540	IR	352	.	35702664	0.352	0.920	97	204290	35600222	35601482	35803291	35804540	57203491	35600000	35850000	0	1706	1249	201809	wide
SUPER_11	24570178	24582885	IR	351	.	24576501	0.351	0.910	56	12784	24570178	24570686	24582397	24582885	57203491	24500000	24750000	57	1275	488	11711	spaced
SUPER_11	49913001	49964185	IR	351	.	49938968	0.351	0.891	33	51165	49913001	49913605	49963604	49964185	57203491	49850000	50100000	0	1476	581	49999	spaced
SUPER_11	27583774	27611111	IR	351	.	27597356	0.351	0.392	26	27565	27583774	27596180	27599070	27611111	57203491	27500000	27750000	26	1623	12041	2890	spaced
SUPER_11	4766508	4978546	IR	351	.	4872757	0.351	1.000	20	212020	4766508	4766546	4978508	4978546	57203491	4750000	5000000	20	2041	38	211962	wide
SUPER_11	9613917	9783418	IR	350	.	9698653	0.350	0.892	151	170063	9613917	9617080	9780255	9783482	57203491	9600000	9850000	151	1644	3163	163175	wide
SUPER_11	30007518	30117921	IR	350	.	30063132	0.350	0.912	74	110402	30007518	30008521	30116918	30117945	57203491	29950000	30200000	0	1878	1003	108397	wide
SUPER_11	32012310	32015246	IR	350	.	32013778	0.350	0.895	53	2989	32012310	32013491	32014065	32015246	57203491	31800000	32050000	55	3562	1181	574	immediate
SUPER_11	1852670	1945217	IR	350	.	1899041	0.350	0.717	48	92709	1852670	1853892	1944049	1945217	57203491	1750000	2000000	48	2482	1168	90157	spaced
SUPER_11	21632151	21721834	IR	350	.	21676541	0.350	0.383	35	44922	21632151	21677024	21676961	21721880	57203491	21550000	21800000	0	2116	44873	-63	overlap
SUPER_11	34157945	34179401	IR	350	.	34168807	0.350	0.805	35	21475	34157945	34159293	34178121	34179401	57203491	33950000	34200000	36	3644	1280	18828	spaced
SUPER_11	8416818	8601566	IR	350	.	8509247	0.350	0.691	24	184706	8416818	8416856	8601528	8601583	57203491	8400000	8650000	200	1819	38	184672	wide
SUPER_11	40672340	40849545	IR	350	.	40760504	0.350	0.828	23	177157	40672340	40672388	40849497	40849555	57203491	40600000	40850000	0	2682	48	177109	wide
SUPER_11	54277041	54440132	IR	350	.	54359054	0.350	0.828	22	163043	54277041	54277099	54440084	54440132	57203491	54250000	54500000	0	1809	48	162985	wide
SUPER_11	11428019	11525222	IR	350	.	11476851	0.350	0.950	21	97141	11428019	11428057	11525184	11525224	57203491	11300000	11550000	24	2943	38	97127	spaced
SUPER_11	14022405	14144671	IR	349	.	14083195	0.349	0.905	247	122315	14022405	14026225	14140851	14144761	57203491	14000000	14250000	0	1392	3820	114626	wide
SUPER_11	51330590	51429591	IR	349	.	51379913	0.349	0.903	40	98943	51330590	51330646	51429535	51429597	57203491	51300000	51550000	790	1334	56	98889	spaced
SUPER_11	45419121	45465775	IR	349	.	45442809	0.349	0.591	29	46610	45419121	45419197	45465731	45465775	57203491	45250000	45500000	0	3207	44	46534	spaced
SUPER_11	38419720	38567187	IR	349	.	38493657	0.349	0.724	27	147429	38419720	38419778	38567145	38567187	57203491	38350000	38600000	239	2390	42	147367	wide
SUPER_11	53059395	53094801	IR	348	.	53077422	0.348	0.864	155	35382	53059395	53061455	53092763	53094801	57203491	52950000	53200000	0	2118	2038	31308	spaced
SUPER_11	38627014	38697752	IR	348	.	38662554	0.348	0.808	31	70932	38627014	38630234	38694574	38697752	57203491	38500000	38750000	31	2706	3178	64340	spaced
SUPER_11	29007736	29133167	IR	348	.	29070658	0.348	0.810	26	125704	29007736	29008618	29132285	29133248	57203491	28950000	29200000	26	2007	882	123667	wide
SUPER_11	32254050	32450944	IR	347	.	32352108	0.347	0.963	773	196874	32254050	32261712	32443289	32450944	57203491	32250000	32500000	0	1708	7655	181577	wide
SUPER_11	2807285	2916458	IR	347	.	2862257	0.347	0.771	30	109119	2807285	2807355	2916404	2916458	57203491	2700000	2950000	0	2697	54	109049	wide
SUPER_11	30474587	30528953	IR	347	.	30501291	0.347	0.785	24	54427	30474587	30476342	30527198	30529067	57203491	30400000	30650000	0	1696	1755	50856	spaced
SUPER_11	37198986	37202519	IR	347	.	37200528	0.347	0.917	23	3529	37198986	37199030	37202475	37202523	57203491	37000000	37250000	153	3345	44	3445	spaced
SUPER_11	16083676	16152876	IR	347	.	16118013	0.347	0.786	22	69156	16083676	16083720	16152832	16152888	57203491	15950000	16200000	0	2804	44	69112	spaced
SUPER_11	13813234	13889826	IR	346	.	13851160	0.346	0.483	104	76096	13813234	13831430	13871630	13889834	57203491	13650000	13900000	0	3358	18196	40200	spaced
SUPER_11	32741743	32861424	IR	346	.	32802042	0.346	0.895	82	119677	32741743	32743333	32859834	32861442	57203491	32650000	32900000	0	2526	1590	116501	wide
SUPER_11	13408890	13485211	IR	346	.	13446699	0.346	0.833	50	76290	13408890	13410117	13484003	13485211	57203491	13250000	13500000	0	3284	1208	73886	spaced
SUPER_11	20007118	20007373	IR	346	.	20007353	0.346	1.000	25	139549	20007118	20007166	20007325	20007373	57203491	19850000	20100000	357	2620	48	159	immediate
SUPER_11	36094719	36173917	IR	346	.	36134334	0.346	0.920	23	79152	36094719	36094769	36173871	36173917	57203491	35950000	36200000	286	3071	46	79102	spaced
SUPER_11	49352077	49587061	IR	345	.	49469746	0.345	0.891	83	235278	49352077	49354118	49585020	49587064	57203491	49350000	49600000	83	1992	2041	230902	wide
SUPER_11	16551230	16622639	IR	345	.	16586985	0.345	0.836	39	71404	16551230	16551685	16622226	16622639	57203491	16550000	16800000	60	615	413	70541	spaced
SUPER_11	8174228	8242801	IR	345	.	8208125	0.345	0.822	37	68436	8174228	8175378	8241654	8242801	57203491	8150000	8400000	0	975	1147	66276	spaced
SUPER_11	841892	865536	IR	345	.	853820	0.345	0.744	36	23651	841892	842947	864608	865536	57203491	800000	1050000	36	895	928	21661	spaced
SUPER_11	14205065	14285775	IR	345	.	14245647	0.345	0.818	36	80716	14205065	14205109	14285739	14285775	57203491	14200000	14450000	112	756	36	80630	spaced
SUPER_11	32971751	32985773	IR	345	.	32978992	0.345	0.823	36	14780	32971751	32972574	32984965	32985773	57203491	32750000	33000000	34	3812	808	12391	spaced
SUPER_11	20753360	20892757	IR	345	.	20823139	0.345	0.874	28	139561	20753360	20754232	20891904	20892757	57203491	20650000	20900000	28	2884	853	137672	wide
SUPER_11	3915510	4007294	IR	344	.	3961469	0.344	0.852	85	92632	3915510	3919107	4003709	4007294	57203491	3800000	4050000	85	2689	3585	84602	spaced
SUPER_11	21493183	21548979	IR	344	.	21521298	0.344	0.808	53	56073	21493183	21494881	21547281	21549119	57203491	21300000	21550000	56	3684	1698	52400	spaced
SUPER_11	5135645	5159397	IR	344	.	5147237	0.344	0.435	38	23706	5135645	5135691	5159351	5159445	57203491	5000000	5250000	0	2458	46	23660	spaced
SUPER_11	40216822	40346769	IR	344	.	40281706	0.344	0.907	35	130160	40216822	40217155	40346436	40346786	57203491	40150000	40400000	35	2196	333	129281	wide
SUPER_11	1033847	1143281	IR	344	.	1088959	0.344	0.497	25	109434	1033847	1048918	1128210	1143302	57203491	900000	1150000	0	3142	15071	79292	spaced
SUPER_11	41363128	41388246	IR	344	.	41376029	0.344	0.571	24	25078	41363128	41363170	41388204	41388278	57203491	41150000	41400000	0	3761	42	25034	spaced
SUPER_11	22383957	22517189	IR	344	.	22450115	0.344	0.667	23	133188	22383957	22384001	22517145	22517211	57203491	22300000	22550000	0	2509	44	133144	wide
SUPER_11	13545505	13548180	IR	343	.	13546391	0.343	0.419	37	2613	13545505	13546870	13546868	13548180	57203491	13400000	13650000	0	2447	1312	-2	overlap
SUPER_11	55963661	56075995	IR	343	.	56019692	0.343	0.711	36	112388	55963661	55966852	56073272	56075995	57203491	55950000	56200000	36	1163	2723	106420	wide
SUPER_11	55540888	55593264	IR	343	.	55567532	0.343	0.882	28	52330	55540888	55541403	55592780	55593264	57203491	55400000	55650000	0	2784	484	51377	spaced
SUPER_11	26533614	26688668	IR	343	.	26610835	0.343	0.900	26	155000	26533614	26533668	26688614	26688674	57203491	26450000	26700000	0	2685	54	154946	wide
SUPER_11	37117115	37166492	IR	342	.	37142242	0.342	0.901	102	49355	37117115	37119100	37164530	37166492	57203491	37000000	37250000	0	2363	1962	45430	spaced
SUPER_11	18101700	18340364	IR	342	.	18220626	0.342	0.867	90	238662	18101700	18103490	18338574	18340391	57203491	18100000	18350000	0	2017	1790	235084	wide
SUPER_11	10705700	10838953	IR	342	.	10772489	0.342	0.885	25	133205	10705700	10705746	10838907	10838959	57203491	10650000	10900000	263	2038	46	133161	wide
SUPER_11	49056862	49121050	IR	341	.	49088862	0.341	0.922	490	66819	49056862	49063176	49114736	49121115	57203491	48900000	49150000	490	3149	6314	51560	spaced
SUPER_11	29290619	29309561	IR	341	.	29300521	0.341	0.914	105	18928	29290619	29292279	29307901	29309604	57203491	29150000	29400000	0	2501	1660	15622	spaced
SUPER_11	30205535	30231470	IR	341	.	30218149	0.341	0.911	47	25852	30205535	30206300	30230705	30231470	57203491	30200000	30450000	0	308	765	24405	spaced
SUPER_11	4225229	4261924	IR	341	.	4243762	0.341	0.809	41	36796	4225229	4226245	4260908	4261944	57203491	4050000	4300000	41	3226	1016	34663	spaced
SUPER_11	12680528	12738577	IR	341	.	12709569	0.341	0.841	31	58758	12680528	12681220	12737885	12738590	57203491	12650000	12900000	31	992	692	56665	spaced
SUPER_11	24051907	24119910	IR	341	.	24085677	0.341	0.677	28	67953	24051907	24051949	24119868	24119930	57203491	24000000	24250000	223	1431	42	67919	spaced
SUPER_11	10838909	10971026	IR	341	.	10904947	0.341	0.846	23	132077	10838909	10838961	10970982	10971026	57203491	10750000	11000000	249	2582	44	132021	wide
SUPER_11	27176486	27192279	IR	340	.	27184612	0.340	0.828	97	16100	27176486	27178131	27190634	27192286	57203491	26950000	27200000	100	3906	1645	12503	spaced
SUPER_11	5252883	5371432	IR	340	.	5312586	0.340	0.863	31	117915	5252883	5255198	5369124	5371432	57203491	5150000	5400000	0	2702	2308	113926	wide
SUPER_11	45920508	45988445	IR	340	.	45954705	0.340	0.833	25	67909	45920508	45920556	45988405	45988445	57203491	45750000	46000000	145	3407	40	67849	spaced
SUPER_11	51512285	51643005	IR	340	.	51577796	0.340	0.885	25	130717	51512285	51512331	51642959	51643011	57203491	51450000	51700000	277	2127	46	130628	wide
SUPER_11	546051	736850	IR	340	.	641078	0.340	0.786	24	190755	546051	546107	736806	736850	57203491	500000	750000	0	2357	44	190699	wide
SUPER_11	6063013	6155740	IR	340	.	6109214	0.340	0.643	22	92683	6063013	6063049	6155704	6155760	57203491	5950000	6200000	78	2656	36	92655	spaced
SUPER_11	21162409	21321538	IR	340	.	21241537	0.340	0.760	22	159111	21162409	21166279	21317681	21321538	57203491	21150000	21400000	0	1532	3857	151402	wide
SUPER_11	37766176	37906945	IR	340	.	37836791	0.340	1.000	20	140757	37766176	37766210	37906911	37906945	57203491	37700000	37950000	9	2275	34	140701	wide
SUPER_11	22634818	22671804	IR	339	.	22653772	0.339	0.911	73	36966	22634818	22636496	22670135	22671804	57203491	22500000	22750000	0	2555	1669	33639	spaced
SUPER_11	52139135	52276984	IR	339	.	52207559	0.339	0.388	55	137806	52139135	52207501	52208662	52276984	57203491	52050000	52300000	0	2634	68322	1161	immediate
SUPER_11	9532792	9600203	IR	339	.	9566032	0.339	0.704	51	67392	9532792	9535544	9597451	9600204	57203491	9500000	9750000	0	1108	2752	61907	spaced
SUPER_11	31134867	31228099	IR	339	.	31181436	0.339	0.943	34	93247	31134867	31135236	31227731	31228099	57203491	31050000	31300000	34	2191	368	92495	spaced
SUPER_11	55759413	55778046	IR	339	.	55768389	0.339	0.644	27	18643	55759413	55759458	55778001	55778074	57203491	55550000	55800000	0	3645	45	18543	spaced
SUPER_11	2536866	2670581	IR	339	.	2603626	0.339	0.778	22	133679	2536866	2536920	2670539	2670581	57203491	2500000	2750000	150	1728	42	133619	wide
SUPER_11	22725834	22770481	IR	339	.	22748472	0.339	0.750	20	44605	22725834	22725890	22770439	22770481	57203491	22550000	22800000	0	3302	42	44549	spaced
SUPER_11	17637938	17844612	IR	338	.	17741195	0.338	0.949	154	206863	17637938	17639228	17843328	17844612	57203491	17600000	17850000	154	2354	1284	204100	wide
SUPER_11	30792502	30923639	IR	338	.	30858577	0.338	0.398	60	130723	30792502	30842847	30873317	30923639	57203491	30700000	30950000	0	2634	50322	30470	spaced
SUPER_11	27862579	27939562	IR	338	.	27900888	0.338	0.815	40	77308	27862579	27865530	27936611	27939660	57203491	27700000	27950000	40	3351	2951	71081	spaced
SUPER_11	4266349	4270541	IR	338	.	4268579	0.338	0.859	38	4438	4266349	4267280	4269610	4270590	57203491	4100000	4350000	41	2807	931	2330	spaced
SUPER_11	38122668	38163122	IR	338	.	38142923	0.338	0.956	35	41125	38122668	38123080	38162711	38163122	57203491	37950000	38200000	40	3214	411	39631	spaced
SUPER_11	53654452	53778472	IR	338	.	53716410	0.338	0.911	33	124165	53654452	53654836	53778101	53778472	57203491	53550000	53800000	33	2774	371	123265	wide
SUPER_11	56399201	56531214	IR	338	.	56464704	0.338	0.401	32	131989	56399201	56453531	56476946	56531214	57203491	56300000	56550000	0	2753	54268	23415	spaced
SUPER_11	40007024	40199079	IR	338	.	40102612	0.338	0.906	28	191997	40007024	40007088	40199021	40199079	57203491	39950000	40200000	0	2550	58	191933	wide
SUPER_11	24964132	25015459	IR	338	.	24989596	0.338	0.923	25	51285	24964132	24964180	25015411	25015463	57203491	24800000	25050000	302	3163	48	51231	spaced
SUPER_11	2180311	2315536	IR	338	.	2247637	0.338	0.966	24	135169	2180311	2180369	2315480	2315536	57203491	2150000	2400000	0	1631	56	135111	wide
SUPER_11	54802215	54967595	IR	337	.	54884882	0.337	0.888	124	165903	54802215	54803389	54966421	54967637	57203491	54750000	55000000	157	2248	1174	163032	wide
SUPER_11	40463411	40484578	IR	337	.	40474418	0.337	0.898	78	21064	40463411	40464860	40483129	40484583	57203491	40250000	40500000	0	3733	1449	18269	spaced
SUPER_11	29453146	29485527	IR	337	.	29469481	0.337	0.757	65	32475	29453146	29454802	29483900	29485527	57203491	29300000	29550000	65	2822	1627	29098	spaced
SUPER_11	2084616	2138122	IR	337	.	2111860	0.337	0.609	30	53460	2084616	2084662	2138076	2138154	57203491	1900000	2150000	0	3522	46	53414	spaced
SUPER_11	56681403	56767665	IR	337	.	56724250	0.337	0.781	24	86212	56681403	56681467	56767615	56767665	57203491	56550000	56800000	0	2908	50	86148	spaced
SUPER_11	3675529	3699182	IR	337	.	3686982	0.337	0.768	22	23632	3675529	3676532	3698219	3699182	57203491	3500000	3750000	0	3122	963	21687	spaced
SUPER_11	51994276	52130636	IR	336	.	52062795	0.336	0.790	239	136338	51994276	51999776	52125222	52130636	57203491	51950000	52200000	0	1874	5414	125446	wide
SUPER_11	3029817	3209816	IR	336	.	3120115	0.336	0.857	58	179915	3029817	3029901	3209732	3209830	57203491	3000000	3250000	0	1996	84	179831	wide
SUPER_11	54206706	54240457	IR	336	.	54223340	0.336	1.000	55	33744	54206706	54206750	54240413	54240457	57203491	54150000	54400000	8	1226	44	33663	spaced
SUPER_11	13292270	13332000	IR	336	.	13312066	0.336	0.782	47	39773	13292270	13293316	13331017	13332000	57203491	13150000	13400000	47	2702	983	37701	spaced
SUPER_11	45272330	45419173	IR	336	.	45346092	0.336	0.684	32	146803	45272330	45272382	45419121	45419197	57203491	45200000	45450000	0	2429	52	146739	wide
SUPER_11	17383796	17434782	IR	336	.	17409296	0.336	0.832	31	51066	17383796	17384351	17434227	17434783	57203491	17300000	17550000	33	1821	555	49876	spaced
SUPER_11	31772136	31810381	IR	336	.	31790920	0.336	0.851	31	38228	31772136	31772986	31809531	31810383	57203491	31750000	32000000	0	687	850	36545	spaced
SUPER_11	3502273	3576007	IR	336	.	3539059	0.336	0.793	27	73694	3502273	3502331	3575961	3576007	57203491	3350000	3600000	339	3152	46	73630	spaced
SUPER_11	15604140	15657930	IR	336	.	15630894	0.336	1.000	26	53760	15604140	15604186	15657884	15657930	57203491	15450000	15700000	260	3017	46	53698	spaced
SUPER_11	32499474	32619456	IR	336	.	32559002	0.336	0.388	22	88461	32499474	32531018	32587912	32619478	57203491	32400000	32650000	0	2657	31544	56894	spaced
SUPER_11	36248341	36396083	IR	336	.	36321811	0.336	0.806	22	147700	36248341	36248391	36396033	36396095	57203491	36150000	36400000	0	2870	50	147642	wide
SUPER_11	39977287	39998914	IR	335	.	39988525	0.335	0.859	145	21606	39977287	39980065	39996136	39998950	57203491	39750000	40000000	0	3968	2778	16071	spaced
SUPER_11	21077741	21096282	IR	335	.	21087448	0.335	0.934	77	18543	21077741	21078529	21095494	21096310	57203491	20850000	21100000	0	3950	788	16965	spaced
SUPER_11	1708131	1722924	IR	335	.	1715972	0.335	0.887	70	14789	1708131	1709738	1721317	1722947	57203491	1550000	1800000	0	2758	1607	11579	spaced
SUPER_11	3712576	3731118	IR	335	.	3721877	0.335	0.869	67	19008	3712576	3713396	3730298	3731169	57203491	3500000	3750000	68	3697	820	16902	spaced
SUPER_11	33716439	33863670	IR	335	.	33789693	0.335	0.382	35	75215	33716439	33788498	33791611	33863699	57203491	33650000	33900000	0	2334	72059	3113	spaced
SUPER_11	33370892	33582938	IR	335	.	33476843	0.335	0.750	27	212014	33370892	33370948	33582896	33582938	57203491	33350000	33600000	269	2115	42	211948	wide
SUPER_11	17551190	17580687	IR	335	.	17565928	0.335	0.000	26	29898	17551190	17552278	17580235	17580687	57203491	17450000	17700000	26	1931	452	27957	spaced
SUPER_11	46611403	46667762	IR	334	.	46639757	0.334	0.985	89	56549	46611403	46611944	46667221	46667762	57203491	46450000	46700000	89	3159	541	55277	spaced
SUPER_11	28840874	28857550	IR	334	.	28849105	0.334	0.902	82	17910	28840874	28842080	28856344	28857553	57203491	28750000	29000000	84	1653	1206	14264	spaced
SUPER_11	9421318	9439477	IR	334	.	9430894	0.334	0.801	42	18162	9421318	9422733	9438062	9439500	57203491	9250000	9500000	0	3006	1415	15329	spaced
SUPER_11	46848859	46891704	IR	334	.	46869866	0.334	0.942	28	42813	46848859	46849241	46891325	46891704	57203491	46650000	46900000	0	3671	379	42084	spaced
SUPER_11	14285739	14473425	IR	334	.	14379578	0.334	0.692	26	187652	14285739	14285775	14473389	14473441	57203491	14250000	14500000	127	2159	36	187614	wide
SUPER_11	53894372	53965639	IR	334	.	53929882	0.334	0.769	20	71233	53894372	53894424	53965599	53965639	57203491	53800000	54050000	124	2166	40	71175	spaced
SUPER_11	19799869	19929187	IR	333	.	19864605	0.333	0.901	78	129890	19799869	19802455	19926602	19929187	57203491	19750000	20000000	78	1908	2585	124147	wide
SUPER_11	43136493	43318252	IR	333	.	43227731	0.333	0.910	74	181717	43136493	43137711	43317034	43318260	57203491	43100000	43350000	0	2122	1218	179323	wide
SUPER_11	24349004	24438364	IR	333	.	24393719	0.333	0.815	32	92127	24349004	24351536	24435832	24438366	57203491	24300000	24550000	32	1561	2532	84296	spaced
SUPER_11	40570029	40599593	IR	333	.	40584632	0.333	0.944	30	29798	40570029	40570362	40599260	40599596	57203491	40500000	40750000	30	1413	333	28898	spaced
SUPER_11	16323902	16327037	IR	333	.	16324996	0.333	0.907	28	3106	16323902	16324588	16326363	16327037	57203491	16150000	16400000	0	2924	674	1775	immediate
SUPER_11	6652424	6655243	IR	333	.	6654255	0.333	0.833	25	2769	6652424	6652474	6655193	6655253	57203491	6650000	6900000	0	63	50	2719	spaced
SUPER_11	16276193	16282745	IR	333	.	16279471	0.333	0.812	24	6583	16276193	16276328	16282610	16282775	57203491	16250000	16500000	24	491	135	6282	spaced
SUPER_11	41666404	41716033	IR	333	.	41691131	0.333	0.741	21	49634	41666404	41666444	41715993	41716047	57203491	41600000	41850000	111	1520	40	49549	spaced
SUPER_11	20113959	20135665	IR	332	.	20125117	0.332	0.897	399	21684	20113959	20121091	20128612	20135665	57203491	20000000	20250000	0	2080	7053	7521	spaced
SUPER_11	44531598	44562090	IR	332	.	44547070	0.332	0.854	98	32965	44531598	44531694	44561995	44562090	57203491	44350000	44600000	4	3280	95	30301	spaced
SUPER_11	5567246	5567571	IR	332	.	5567170	0.332	0.959	54	103934	5567246	5567295	5567522	5567571	57203491	5450000	5700000	4	1956	49	227	immediate
SUPER_11	8015576	8106313	IR	332	.	8061172	0.332	0.891	50	91580	8015576	8016086	8105803	8106314	57203491	7900000	8150000	18	2682	510	89717	spaced
SUPER_11	46593583	46597460	IR	332	.	46595527	0.332	0.825	44	38221	46593583	46595145	46595898	46597498	57203491	46400000	46650000	44	3258	1562	753	immediate
SUPER_11	19313981	19349509	IR	332	.	19331613	0.332	0.821	30	35478	19313981	19314027	19349463	19349519	57203491	19100000	19350000	448	3862	46	35436	spaced
SUPER_11	8351183	8384326	IR	332	.	8368226	0.332	0.771	28	33095	8351183	8351253	8384272	8384326	57203491	8300000	8550000	0	1129	54	33019	spaced
SUPER_11	11612252	11661676	IR	332	.	11636603	0.332	0.759	28	49241	11612252	11613946	11659982	11661742	57203491	11550000	11800000	0	1449	1694	46036	spaced
SUPER_11	17954949	18057610	IR	332	.	18006374	0.332	0.793	25	102719	17954949	17955944	18056639	18057610	57203491	17850000	18100000	25	2604	971	100695	wide
SUPER_11	10293342	10364894	IR	332	.	10328649	0.332	0.421	24	71514	10293342	10293420	10364856	10364894	57203491	10250000	10500000	0	1318	38	71436	spaced
SUPER_11	36396033	36398513	IR	332	.	36396870	0.332	0.839	24	2436	36396033	36396095	36398461	36398513	57203491	36150000	36400000	0	4121	52	2366	spaced
SUPER_11	47908937	48085660	IR	331	.	47997767	0.331	0.879	319	176689	47908937	47914902	48079740	48085660	57203491	47900000	48150000	0	1621	5920	164838	wide
SUPER_11	28916134	28942053	IR	331	.	28928982	0.331	0.868	109	26180	28916134	28917399	28940812	28942053	57203491	28800000	29050000	110	2151	1241	23413	spaced
SUPER_11	23918399	24003742	IR	331	.	23960736	0.331	0.886	87	85256	23918399	23920016	24002166	24003742	57203491	23800000	24050000	0	2684	1576	82150	spaced
SUPER_11	24139314	24228181	IR	331	.	24183768	0.331	0.912	74	89300	24139314	24141374	24226126	24228181	57203491	24100000	24350000	74	1395	2055	84752	spaced
SUPER_11	47451946	47458056	IR	331	.	47455148	0.331	0.785	44	6617	47451946	47453051	47457059	47458056	57203491	47300000	47550000	46	2583	997	4008	spaced
SUPER_11	31810828	31821507	IR	331	.	31815722	0.331	0.837	38	10660	31810828	31812970	31819383	31821507	57203491	31750000	32000000	0	1102	2124	6413	spaced
SUPER_11	43508784	43520248	IR	331	.	43514502	0.331	0.814	31	12015	43508784	43509995	43519051	43520248	57203491	43400000	43650000	31	1908	1197	9056	spaced
SUPER_11	44365986	44371402	IR	331	.	44368672	0.331	0.642	31	5498	44365986	44367433	44369955	44371449	57203491	44250000	44500000	31	1978	1447	2522	spaced
SUPER_11	29677412	29781977	IR	331	.	29729620	0.331	0.391	29	105364	29677412	29729656	29729817	29781977	57203491	29650000	29900000	30	1328	52160	161	immediate
SUPER_11	1239137	1329358	IR	331	.	1283771	0.331	0.821	26	89844	1239137	1240257	1328238	1329409	57203491	1150000	1400000	0	2237	1120	87981	spaced
SUPER_11	23507900	23542998	IR	331	.	23525894	0.331	0.733	24	35054	23507900	23507944	23542954	23543014	57203491	23300000	23550000	0	3757	44	35010	spaced
SUPER_11	12920627	12992141	IR	331	.	12956405	0.331	0.920	22	71470	12920627	12920677	12992095	12992141	57203491	12750000	13000000	228	3439	46	71418	spaced
SUPER_11	10478328	10639324	IR	331	.	10558715	0.331	0.783	21	160956	10478328	10478364	10639288	10639334	57203491	10450000	10700000	85	1813	36	160924	wide
SUPER_11	7802498	7804937	IR	331	.	7803862	0.331	0.647	20	2411	7802498	7802552	7804903	7804937	57203491	7600000	7850000	160	3395	34	2351	spaced
SUPER_11	44922932	45023908	IR	330	.	44973243	0.330	0.912	74	101150	44922932	44924498	45022342	45023917	57203491	44850000	45100000	74	2056	1566	97844	spaced
SUPER_11	24747352	24867433	IR	330	.	24807712	0.330	0.917	50	120069	24747352	24748419	24866366	24867439	57203491	24650000	24900000	0	2623	1067	117947	wide
SUPER_11	41388212	41419771	IR	330	.	41403898	0.330	0.862	34	31511	41388212	41388270	41419721	41419771	57203491	41200000	41450000	555	3399	50	31451	spaced
SUPER_11	7430656	7430726	IR	330	.	7430712	0.330	0.959	29	14731	7430656	7430705	7430679	7430726	57203491	7250000	7500000	429	3011	47	-26	overlap
SUPER_11	7430662	7430728	IR	330	.	7430712	0.330	0.889	29	14731	7430662	7430707	7430688	7430728	57203491	7300000	7550000	276	2178	40	-19	overlap
SUPER_11	7430656	7430726	IR	330	.	7430712	0.330	0.959	29	14731	7430656	7430705	7430679	7430726	57203491	7400000	7650000	429	511	47	-26	overlap
SUPER_11	7430656	7430724	IR	330	.	7430712	0.330	0.938	23	14247	7430656	7430704	7430679	7430724	57203491	7200000	7450000	417	3844	45	-25	overlap
SUPER_11	7430656	7430724	IR	330	.	7430712	0.330	0.938	23	14247	7430656	7430704	7430679	7430724	57203491	7350000	7600000	417	1344	45	-25	overlap
SUPER_11	8601532	8846885	IR	330	.	8723916	0.330	0.767	20	245317	8601532	8601592	8846839	8846885	57203491	8600000	8850000	0	2070	46	245247	wide
SUPER_11	9116832	9330420	IR	329	.	9223161	0.329	0.912	136	213437	9116832	9119941	9327311	9330435	57203491	9100000	9350000	0	2060	3109	207370	wide
SUPER_11	21761386	21777207	IR	329	.	21769234	0.329	0.915	49	15947	21761386	21762227	21776366	21777211	57203491	21600000	21850000	52	2821	841	14139	spaced
SUPER_11	52814069	52844537	IR	329	.	52829650	0.329	0.824	36	30450	52814069	52816266	52842358	52844537	57203491	52600000	52850000	0	3821	2179	26092	spaced
SUPER_11	52513939	52578956	IR	329	.	52546148	0.329	0.803	24	65009	52513939	52517229	52575666	52578985	57203491	52450000	52700000	0	1607	3290	58437	spaced
SUPER_11	16761741	16908170	IR	329	.	16834566	0.329	0.391	20	79047	16761741	16829207	16840704	16908215	57203491	16700000	16950000	0	2249	67466	11497	spaced
SUPER_11	20031756	20054386	IR	328	.	20043411	0.328	0.791	262	22390	20031756	20041746	20044492	20054386	57203491	19950000	20200000	0	1551	9894	2746	spaced
SUPER_11	385721	546107	IR	328	.	465641	0.328	0.966	30	160340	385721	385779	546051	546107	57203491	300000	550000	0	2765	56	160272	wide
SUPER_11	23819672	23899257	IR	328	.	23859081	0.328	0.933	25	79529	23819672	23819732	23899201	23899257	57203491	23650000	23900000	0	3490	56	79469	spaced
SUPER_11	41622942	41645141	IR	327	.	41634212	0.327	0.970	179	22541	41622942	41624236	41643857	41645141	57203491	41400000	41650000	179	3900	1284	19621	spaced
SUPER_11	22110861	22153509	IR	327	.	22132301	0.327	0.864	44	42662	22110861	22112151	22152219	22153512	57203491	22100000	22350000	44	536	1290	40068	spaced
SUPER_11	40877131	40902882	IR	327	.	40889620	0.327	0.920	43	25749	40877131	40877793	40902220	40902902	57203491	40850000	41100000	0	666	662	24427	spaced
SUPER_11	46370876	46424322	IR	327	.	46397879	0.327	0.867	36	53425	46370876	46371889	46423360	46424322	57203491	46200000	46450000	0	3293	962	51471	spaced
SUPER_11	34725435	34731475	IR	327	.	34728838	0.327	0.909	28	5984	34725435	34726247	34730663	34731483	57203491	34550000	34800000	0	2974	812	4416	spaced
SUPER_11	1951608	2040243	IR	327	.	1995804	0.327	0.839	27	88657	1951608	1951986	2039893	2040243	57203491	1950000	2200000	27	765	350	87907	spaced
SUPER_11	30298497	30399139	IR	327	.	30348377	0.327	0.775	24	100112	30298497	30300388	30397266	30399139	57203491	30250000	30500000	0	1646	1873	96878	spaced
SUPER_11	55013040	55044805	IR	327	.	55029152	0.327	1.000	20	31707	55013040	55013078	55044767	55044805	57203491	54800000	55050000	32	3815	38	31689	spaced
SUPER_11	48448183	48462099	IR	326	.	48455006	0.326	0.934	91	14135	48448183	48449209	48461073	48462126	57203491	48350000	48600000	91	1752	1026	11864	spaced
SUPER_11	12181702	12200643	IR	326	.	12191214	0.326	0.981	77	19268	12181702	12182215	12200131	12200643	57203491	12150000	12400000	77	686	512	17916	spaced
SUPER_11	46956858	46974632	IR	326	.	46966201	0.326	0.807	57	17756	46956858	46958885	46972619	46974632	57203491	46750000	47000000	0	3595	2013	13734	spaced
SUPER_11	19378529	19383992	IR	326	.	19380916	0.326	0.835	41	5472	19378529	19379709	19382812	19384079	57203491	19300000	19550000	0	1354	1180	3103	spaced
SUPER_11	35995	75700	IR	326	.	56039	0.326	0.852	33	39655	35995	36041	75654	75708	57203491	0	250000	364	930	46	39613	spaced
SUPER_11	36557501	36681399	IR	326	.	36618970	0.326	0.816	33	123956	36557501	36558368	36680532	36681480	57203491	36450000	36700000	0	2824	867	122164	wide
SUPER_11	2315484	2396393	IR	326	.	2355702	0.326	0.923	25	80863	2315484	2315532	2396345	2396397	57203491	2150000	2400000	331	3432	48	80813	spaced
SUPER_11	4749152	4766534	IR	326	.	4758058	0.326	0.885	24	17332	4749152	4749198	4766488	4766540	57203491	4600000	4850000	282	2630	46	17290	spaced
SUPER_11	14906713	15005655	IR	326	.	14956301	0.326	0.800	24	98941	14906713	14908995	15003439	15005655	57203491	14900000	15150000	24	936	2216	94444	spaced
SUPER_11	44175874	44259164	IR	326	.	44218001	0.326	0.820	24	82845	44175874	44177603	44257437	44259164	57203491	44100000	44350000	0	1958	1727	79834	spaced
SUPER_11	2396345	2483862	IR	326	.	2440058	0.326	0.880	21	87475	2396345	2396395	2483818	2483862	57203491	2250000	2500000	211	3168	44	87423	spaced
SUPER_11	46747607	46751087	IR	326	.	46749192	0.326	0.811	21	3783	46747607	46748294	46750428	46751087	57203491	46700000	46950000	21	822	659	2134	spaced
SUPER_11	48760750	48970440	IR	326	.	48865194	0.326	0.710	20	209646	48760750	48760794	48970396	48970458	57203491	48750000	49000000	0	1926	44	209602	wide
SUPER_11	21890848	22002209	IR	325	.	21946685	0.325	0.930	72	112156	21890848	21891781	22001299	22002209	57203491	21800000	22050000	72	2442	910	109518	wide
SUPER_11	18562792	18622150	IR	325	.	18592083	0.325	0.862	51	59331	18562792	18564404	18620544	18622150	57203491	18450000	18700000	0	2374	1606	56140	spaced
SUPER_11	44405587	44466564	IR	325	.	44436442	0.325	0.729	40	60955	44405587	44408964	44463209	44466564	57203491	44250000	44500000	0	3101	3355	54245	spaced
SUPER_11	34329259	34386330	IR	325	.	34358174	0.325	0.565	30	57025	34329259	34329341	34386284	34386330	57203491	34250000	34500000	0	1796	46	56943	spaced
SUPER_11	47536250	47732297	IR	325	.	47633971	0.325	0.765	29	195995	47536250	47536318	47732245	47732297	57203491	47500000	47750000	0	2237	52	195927	wide
SUPER_11	39534092	39726732	IR	324	.	39630167	0.324	0.940	203	194405	39534092	39537069	39723755	39726739	57203491	39500000	39750000	5	2173	2977	186686	wide
SUPER_11	13037026	13201632	IR	324	.	13119243	0.324	0.843	32	165514	13037026	13038420	13200238	13201633	57203491	13000000	13250000	32	1988	1394	161818	wide
SUPER_11	1832143	1837280	IR	324	.	1835087	0.324	0.872	31	5136	1832143	1832986	1836437	1837301	57203491	1650000	1900000	0	3078	843	3451	spaced
SUPER_11	36057479	36074205	IR	324	.	36066265	0.324	0.804	29	16709	36057479	36057874	36073821	36074205	57203491	35900000	36150000	0	2763	384	15947	spaced
SUPER_11	45133144	45174319	IR	324	.	45153492	0.324	0.875	24	66522	45133144	45133192	45174277	45174319	57203491	45050000	45300000	188	1728	42	41085	spaced
SUPER_11	36834491	36892482	IR	324	.	36863860	0.324	0.966	23	57972	36834491	36834549	36892426	36892482	57203491	36700000	36950000	0	2724	56	57877	spaced
SUPER_11	45861195	45920536	IR	324	.	45890477	0.324	0.636	21	59299	45861195	45861237	45920494	45920560	57203491	45750000	46000000	0	2347	42	59257	spaced
SUPER_11	53100009	53184828	IR	323	.	53142776	0.323	0.978	133	84801	53100009	53101080	53183757	53184829	57203491	53100000	53350000	0	706	1071	82677	spaced
SUPER_11	14646161	14655127	IR	323	.	14650373	0.323	0.896	108	9015	14646161	14647408	14653880	14655198	57203491	14550000	14800000	0	1677	1247	6472	spaced
SUPER_11	37551162	37579471	IR	323	.	37565307	0.323	0.846	79	28507	37551162	37552029	37578692	37579471	57203491	37550000	37800000	79	255	779	26663	spaced
SUPER_11	40984681	41156992	IR	323	.	41070350	0.323	0.916	64	172265	40984681	40986357	41155316	41157001	57203491	40950000	41200000	0	2013	1676	168959	wide
SUPER_11	2916404	3029871	IR	323	.	2972729	0.323	0.643	35	113413	2916404	2916458	3029817	3029901	57203491	2850000	3100000	0	2052	54	113359	wide
SUPER_11	54527905	54626447	IR	323	.	54577226	0.323	0.769	22	98560	54527905	54528412	54625940	54626463	57203491	54500000	54750000	22	1286	507	97528	spaced
SUPER_11	42630359	42693532	IR	323	.	42662138	0.323	0.679	21	63141	42630359	42630415	42693494	42693532	57203491	42550000	42800000	105	1865	38	63079	spaced
SUPER_11	6312495	6328454	IR	322	.	6320025	0.322	0.813	83	15943	6312495	6314539	6326410	6328462	57203491	6150000	6400000	0	2841	2044	11871	spaced
SUPER_11	48094770	48111993	IR	322	.	48102889	0.322	0.906	29	17165	48094770	48094828	48111935	48111999	57203491	47900000	48150000	0	3389	58	17107	spaced
SUPER_11	3443670	3502317	IR	322	.	3473042	0.322	0.741	24	58605	3443670	3443710	3502277	3502331	57203491	3300000	3550000	218	2883	40	58567	spaced
SUPER_11	53517630	53536426	IR	322	.	53526766	0.322	0.911	24	18650	53517630	53518267	53535791	53536426	57203491	53500000	53750000	0	450	635	17524	spaced
SUPER_11	6746014	6785677	IR	322	.	6765473	0.322	0.926	23	39613	6746014	6746068	6785627	6785677	57203491	6700000	6950000	0	1097	50	39559	spaced
SUPER_11	16152850	16205825	IR	322	.	16179568	0.322	1.000	22	52945	16152850	16152888	16205787	16205825	57203491	16000000	16250000	12	2988	38	52899	spaced
SUPER_11	41836096	41979428	IR	322	.	41907926	0.322	0.643	21	143288	41836096	41836132	41979392	41979448	57203491	41750000	42000000	41	2629	36	143260	wide
SUPER_11	48349513	48440516	IR	321	.	48394600	0.321	0.889	217	90778	48349513	48352088	48437941	48440577	57203491	48200000	48450000	0	3250	2575	85853	spaced
SUPER_11	56244759	56252775	IR	321	.	56248678	0.321	0.987	148	8265	56244759	56245649	56251885	56252775	57203491	56050000	56300000	148	3312	890	6236	spaced
SUPER_11	27035702	27160983	IR	321	.	27097990	0.321	0.865	98	125261	27035702	27038822	27157879	27160983	57203491	26950000	27200000	0	2472	3104	119057	wide
SUPER_11	33640281	33677680	IR	321	.	33658833	0.321	0.881	56	37512	33640281	33641341	33676637	33677680	57203491	33450000	33700000	56	3482	1043	35296	spaced
SUPER_11	16352136	16357515	IR	321	.	16354712	0.321	0.938	39	5913	16352136	16352647	16357004	16357517	57203491	16150000	16400000	39	3413	511	4357	spaced
SUPER_11	9360926	9397525	IR	321	.	9378937	0.321	0.728	35	36302	9360926	9368819	9389632	9397537	57203491	9250000	9500000	0	2153	7893	20813	spaced
SUPER_11	6701080	6704097	IR	321	.	6703031	0.321	0.938	30	2946	6701080	6701496	6703689	6704097	57203491	6500000	6750000	0	3376	408	2193	spaced
SUPER_11	48463071	48504991	IR	321	.	48483844	0.321	0.700	30	41874	48463071	48463113	48504949	48505009	57203491	48350000	48600000	205	2233	42	41836	spaced
SUPER_11	36892426	36962473	IR	321	.	36927901	0.321	0.964	23	70011	36892426	36892480	36962419	36962475	57203491	36800000	37050000	0	2124	54	69939	spaced
SUPER_11	43590278	43597267	IR	320	.	43593635	0.320	0.896	95	7306	43590278	43591390	43596155	43597283	57203491	43400000	43650000	99	3229	1112	4765	spaced
SUPER_11	30703487	30748920	IR	320	.	30726403	0.320	0.929	82	45825	30703487	30704577	30747835	30748920	57203491	30600000	30850000	84	2103	1085	43258	spaced
SUPER_11	20539537	20543948	IR	320	.	20541780	0.320	0.771	49	4419	20539537	20540990	20542561	20543948	57203491	20400000	20650000	49	2362	1387	1571	immediate
SUPER_11	23208644	23289933	IR	320	.	23248979	0.320	0.800	33	81250	23208644	23209366	23289211	23290020	57203491	23100000	23350000	0	2488	722	79845	spaced
SUPER_11	30190484	30203087	IR	319	.	30196783	0.319	0.860	63	12655	30190484	30192102	30201548	30203087	57203491	30050000	30300000	67	2446	1539	9446	spaced
SUPER_11	25027975	25046221	IR	319	.	25037289	0.319	0.860	58	25609	25027975	25031849	25042347	25046247	57203491	24850000	25100000	58	3118	3874	10498	spaced
SUPER_11	32036995	32084960	IR	319	.	32061448	0.319	0.940	41	47929	32036995	32037530	32084438	32084960	57203491	31850000	32100000	0	3516	522	46908	spaced
SUPER_11	51726552	51741048	IR	319	.	51733397	0.319	0.780	38	14478	51726552	51730006	51737645	51741048	57203491	51500000	51750000	0	3896	3403	7639	spaced
SUPER_11	31418892	31538937	IR	319	.	31478938	0.319	0.600	35	119995	31418892	31418932	31538897	31538965	57203491	31350000	31600000	360	2148	40	119965	wide
SUPER_11	2138076	2143331	IR	319	.	2140275	0.319	0.650	33	5205	2138076	2138156	2143279	2143331	57203491	1900000	2150000	0	4011	52	5123	spaced
SUPER_11	39250601	39285465	IR	319	.	39268151	0.319	1.000	30	93324	39250601	39250649	39285417	39285465	57203491	39150000	39400000	190	1967	48	34768	spaced
SUPER_11	6155700	6218647	IR	319	.	6187209	0.319	0.643	29	62913	6155700	6155756	6218611	6218647	57203491	6000000	6250000	251	3119	36	62855	spaced
SUPER_11	13912568	13938160	IR	319	.	13925561	0.319	0.750	26	126662	13912568	13912624	13938118	13938160	57203491	13800000	14050000	196	2089	42	25494	spaced
SUPER_11	4347473	4401622	IR	319	.	4374969	0.319	0.389	23	54113	4347473	4347509	4401586	4401662	57203491	4300000	4550000	0	1242	36	54077	spaced
SUPER_11	56991285	56993799	IR	318	.	56992270	0.318	0.553	32	2470	56991285	56991370	56993752	56993799	57203491	56850000	57100000	0	2375	47	2382	spaced
SUPER_11	9978834	10027836	IR	317	.	10002935	0.317	0.924	86	48975	9978834	9979898	10026772	10027837	57203491	9800000	10050000	0	3388	1064	46874	spaced
SUPER_11	28812230	28820068	IR	317	.	28816234	0.317	0.788	40	7792	28812230	28812296	28820016	28820068	57203491	28600000	28850000	742	3602	52	7720	spaced
SUPER_11	23410339	23507944	IR	317	.	23458771	0.317	0.786	22	97561	23410339	23410395	23507900	23507944	57203491	23400000	23650000	0	985	44	97505	spaced
SUPER_11	41214439	41218608	IR	316	.	41216910	0.316	0.948	52	4162	41214439	41215219	41217828	41218618	57203491	41000000	41250000	0	3608	780	2609	spaced
SUPER_11	33015729	33060226	IR	316	.	33037761	0.316	0.812	43	44983	33015729	33016688	33059290	33060226	57203491	32950000	33200000	37	1466	936	42602	spaced
SUPER_11	39782902	39790635	IR	316	.	39786488	0.316	0.847	30	7716	39782902	39783221	39790357	39790635	57203491	39550000	39800000	0	3946	278	7136	spaced
SUPER_11	8384272	8395042	IR	316	.	8389413	0.316	0.952	29	10728	8384272	8384314	8395002	8395042	57203491	8300000	8550000	101	1494	40	10688	spaced
SUPER_11	10997098	11123505	IR	316	.	11060745	0.316	0.966	24	126351	10997098	10997154	11123449	11123507	57203491	10900000	11150000	0	2671	56	126295	wide
SUPER_11	45032968	45133182	IR	316	.	45082649	0.316	0.750	22	100172	45032968	45033010	45133140	45133196	57203491	44900000	45150000	0	3051	42	100130	wide
SUPER_11	10166397	10182899	IR	315	.	10175133	0.315	0.963	186	16481	10166397	10168824	10180472	10182899	57203491	9950000	10200000	0	3743	2427	11648	spaced
SUPER_11	29814151	29940568	IR	315	.	29877333	0.315	0.912	99	127861	29814151	29815382	29939337	29940580	57203491	29750000	30000000	110	2122	1231	123955	wide
SUPER_11	42338214	42364016	IR	315	.	42351550	0.315	0.875	61	25793	42338214	42340330	42361900	42364024	57203491	42200000	42450000	0	2518	2116	21570	spaced
SUPER_11	27948575	28044627	IR	315	.	27996612	0.315	0.875	21	96010	27948575	27948617	28044585	28044633	57203491	27800000	28050000	171	3276	42	95968	spaced
SUPER_11	34049072	34151446	IR	314	.	34099782	0.314	0.833	42	102355	34049072	34049156	34151376	34151446	57203491	33950000	34200000	0	2504	70	102220	wide
SUPER_11	38745457	38790852	IR	314	.	38768393	0.314	0.851	22	45097	38745457	38747528	38788781	38790852	57203491	38650000	38900000	0	1969	2071	41253	spaced
SUPER_11	41269415	41277737	IR	313	.	41273587	0.313	0.946	368	9140	41269415	41272253	41274957	41277737	57203491	41050000	41300000	371	3726	2780	2704	spaced
SUPER_11	19545042	19668479	IR	313	.	19607176	0.313	0.820	122	123317	19545042	19547609	19665956	19668479	57203491	19450000	19700000	0	2612	2523	118347	wide
SUPER_11	54777557	54781558	IR	313	.	54779104	0.313	0.822	34	3965	54777557	54777932	54781227	54781558	57203491	54600000	54850000	0	2992	331	3295	spaced
SUPER_11	2670539	2807327	IR	313	.	2739383	0.313	0.619	25	136746	2670539	2670581	2807285	2807355	57203491	2600000	2850000	0	2315	42	136704	wide
SUPER_11	7568035	7587629	IR	313	.	7578265	0.313	0.921	22	19587	7568035	7568632	7587032	7587639	57203491	7350000	7600000	0	3797	597	18400	spaced
SUPER_11	24455537	24495795	IR	312	.	24475558	0.312	0.865	136	41803	24455537	24461286	24490046	24495815	57203491	24350000	24600000	136	2094	5749	28760	spaced
SUPER_11	3748995	3795472	IR	312	.	3771819	0.312	0.903	66	46455	3748995	3750426	3794088	3795472	57203491	3650000	3900000	0	2037	1384	43662	spaced
SUPER_11	28060546	28145014	IR	312	.	28103173	0.312	0.857	45	84320	28060546	28061751	28143809	28145019	57203491	28000000	28250000	0	1712	1205	82058	spaced
SUPER_11	15724605	15734140	IR	312	.	15729847	0.312	0.800	34	9545	15724605	15726100	15732645	15734167	57203491	15700000	15950000	0	489	1495	6545	spaced
SUPER_11	10208139	10293390	IR	312	.	10250771	0.312	0.645	27	85205	10208139	10208179	10293350	10293412	57203491	10100000	10350000	220	2512	40	85171	spaced
SUPER_11	4488136	4660215	IR	312	.	4573829	0.312	0.444	21	172045	4488136	4488172	4660179	4660251	57203491	4450000	4700000	0	2069	36	172007	wide
SUPER_11	35144742	35170838	IR	311	.	35157437	0.311	0.856	180	26122	35144742	35149935	35165645	35170882	57203491	34950000	35200000	0	3463	5193	15710	spaced
SUPER_11	41180359	41195276	IR	311	.	41188207	0.311	0.856	97	14895	41180359	41185323	41190312	41195322	57203491	40950000	41200000	0	3963	4964	4989	spaced
SUPER_11	6812493	7014113	IR	311	.	6913034	0.311	0.921	88	201595	6812493	6814378	7012231	7014113	57203491	6800000	7050000	0	1888	1882	197853	wide
SUPER_11	51909219	51916385	IR	311	.	51913175	0.311	0.968	50	7146	51909219	51909662	51915943	51916385	57203491	51750000	52000000	0	2713	442	6281	spaced
SUPER_11	17279519	17383534	IR	311	.	17331756	0.311	1.000	49	106974	17279519	17279542	17383511	17383534	57203491	17200000	17450000	3	2191	23	103969	wide
SUPER_11	14715702	14719730	IR	311	.	14717219	0.311	0.854	33	4018	14715702	14715977	14719455	14719740	57203491	14550000	14800000	0	2795	275	3478	spaced
SUPER_11	55392006	55497529	IR	311	.	55444633	0.311	0.960	25	105525	55392006	55392054	55497481	55497531	57203491	55300000	55550000	220	2412	48	105427	wide
SUPER_11	2483816	2536908	IR	311	.	2509947	0.311	0.727	24	53044	2483816	2483864	2536860	2536926	57203491	2350000	2600000	0	2672	48	52996	spaced
SUPER_11	53802256	53867564	IR	309	.	53835330	0.309	0.924	157	65051	53802256	53805292	53864552	53867564	57203491	53650000	53900000	0	3081	3012	59260	spaced
SUPER_11	53483165	53487942	IR	309	.	53485730	0.309	0.956	51	4830	53483165	53483440	53487675	53487942	57203491	53350000	53600000	52	2259	267	4235	spaced
SUPER_11	27812232	27817613	IR	309	.	27815021	0.309	0.951	31	5387	27812232	27812616	27817229	27817613	57203491	27650000	27900000	31	2748	384	4613	spaced
SUPER_11	26291214	26441712	IR	308	.	26366231	0.308	0.910	196	151091	26291214	26292745	26440181	26441754	57203491	26200000	26450000	196	2774	1531	147436	wide
SUPER_11	23364185	23405175	IR	307	.	23384632	0.307	0.805	74	41269	23364185	23366157	23403203	23405194	57203491	23250000	23500000	74	2244	1972	37046	spaced
SUPER_11	45737234	45792713	IR	307	.	45764502	0.307	0.811	46	55436	45737234	45739243	45790712	45792713	57203491	45600000	45850000	0	2749	2001	51469	spaced
SUPER_11	50533894	50538870	IR	307	.	50536352	0.307	0.766	31	29498	50533894	50534213	50538582	50538870	57203491	50350000	50600000	33	3106	288	4369	spaced
SUPER_11	51429535	51512331	IR	307	.	51470947	0.307	0.767	31	82756	51429535	51429595	51512285	51512331	57203491	51300000	51550000	397	2848	46	82690	spaced
SUPER_11	34891854	34945011	IR	307	.	34918607	0.307	0.840	23	75918	34891854	34891896	34944969	34945019	57203491	34750000	35000000	167	2807	42	53073	spaced
SUPER_11	56603266	56681447	IR	306	.	56642721	0.306	0.688	22	78137	56603266	56603310	56681403	56681467	57203491	56450000	56700000	0	3205	44	78093	spaced
SUPER_11	6471250	6477082	IR	305	.	6473671	0.305	0.930	47	5793	6471250	6471751	6476581	6477089	57203491	6350000	6600000	0	2069	501	4830	spaced
SUPER_11	18881456	18901001	IR	304	.	18891111	0.304	0.742	215	19860	18881456	18885482	18897050	18901001	57203491	18850000	19100000	215	687	3951	11568	spaced
SUPER_11	52924518	52931462	IR	304	.	52927744	0.304	1.000	175	6965	52924518	52924741	52931239	52931462	57203491	52700000	52950000	55	3799	223	6498	spaced
SUPER_11	20144029	20328500	IR	304	.	20236687	0.304	0.976	59	184453	20144029	20144495	20328034	20328502	57203491	20100000	20350000	0	2270	466	183539	wide
SUPER_11	37220745	37449896	IR	304	.	37335308	0.304	0.788	25	229184	37220745	37221700	37448987	37449896	57203491	37200000	37450000	25	2255	909	227287	wide
SUPER_11	28681306	28693400	IR	303	.	28687393	0.303	0.639	48	12608	28681306	28683422	28691296	28693400	57203491	28550000	28800000	50	2289	2104	7874	spaced
SUPER_11	12107334	12118792	IR	302	.	12113315	0.302	0.947	114	11319	12107334	12108565	12117561	12118807	57203491	11950000	12200000	0	2717	1231	8996	spaced
SUPER_11	41251461	41262343	IR	302	.	41257200	0.302	0.860	68	10777	41251461	41254748	41259141	41262343	57203491	41050000	41300000	0	3448	3202	4393	spaced
SUPER_11	54460726	54497790	IR	302	.	54479455	0.302	0.971	31	37106	54460726	54460935	54497581	54497791	57203491	54300000	54550000	31	2987	209	36646	spaced
SUPER_11	50843537	50954018	IR	302	.	50898446	0.302	0.389	25	110429	50843537	50862134	50935440	50954018	57203491	50750000	51000000	0	2479	18578	73306	spaced
SUPER_11	29606225	29643526	IR	302	.	29624505	0.302	0.163	23	37253	29606225	29606277	29643474	29643609	57203491	29500000	29750000	0	2081	52	37197	spaced
SUPER_11	37639609	37647263	IR	301	.	37643014	0.301	1.000	20	7635	37639609	37639663	37647209	37647263	57203491	37400000	37650000	0	4057	54	7546	spaced
SUPER_11	36778577	36834547	IR	300	.	36806860	0.300	0.964	21	55916	36778577	36778631	36834493	36834549	57203491	36600000	36850000	0	3442	54	55862	spaced
SUPER_11	8919589	8926146	IR	299	.	8922810	0.299	0.964	158	6781	8919589	8920509	8925244	8926146	57203491	8700000	8950000	158	3714	902	4735	spaced
SUPER_11	32929809	32956857	IR	299	.	32943307	0.299	0.936	113	27231	32929809	32930927	32955739	32956866	57203491	32750000	33000000	113	3222	1118	24812	spaced
SUPER_11	26469287	26491371	IR	299	.	26480134	0.299	0.927	84	22740	26469287	26470412	26490261	26491371	57203491	26250000	26500000	84	3838	1110	19849	spaced
SUPER_11	4109219	4122599	IR	297	.	4116395	0.297	0.796	29	12992	4109219	4113174	4118647	4122599	57203491	4100000	4350000	0	265	3952	5473	spaced
SUPER_11	19730100	19757610	IR	297	.	19743732	0.297	0.885	24	27466	19730100	19730152	19757564	19757610	57203491	19550000	19800000	304	3230	46	27412	spaced
SUPER_11	46431468	46513700	IR	297	.	46472593	0.297	0.908	23	82224	46431468	46431978	46513190	46513707	57203491	46400000	46650000	24	1209	510	81212	spaced
SUPER_11	12899751	12920669	IR	296	.	12910134	0.296	0.840	21	20874	12899751	12899793	12920627	12920677	57203491	12700000	12950000	192	3503	42	20834	spaced
SUPER_11	31538897	31612706	IR	294	.	31575848	0.294	0.657	37	73773	31538897	31538967	31612660	31612706	57203491	31450000	31700000	538	2096	46	73693	spaced
SUPER_11	21056571	21062495	IR	290	.	21059117	0.290	0.947	108	5921	21056571	21057832	21061234	21062510	57203491	20850000	21100000	0	3492	1261	3402	spaced
SUPER_11	46144327	46251551	IR	288	.	46198283	0.288	0.771	33	107200	46144327	46148327	46247599	46251551	57203491	46050000	46300000	0	2465	3952	99272	spaced
SUPER_12	2292367	2293921	IR	759	.	2293144	0.759	0.979	99	67901	2292367	2292888	2293400	2293921	56897606	2200000	2450000	99	1552	521	512	immediate
SUPER_12	1425179	1429894	IR	686	.	1427537	0.686	0.989	320	5124	1425179	1426920	1428154	1429894	56897606	1200000	1450000	320	3792	1740	1234	immediate
SUPER_12	41429479	41431545	IR	638	.	41430512	0.638	0.934	111	2164	41429479	41430422	41430602	41431577	56897606	41400000	41650000	112	508	943	180	immediate
SUPER_12	18194615	18199180	IR	623	.	18197030	0.623	0.723	88	5065	18194615	18196534	18197261	18199189	56897606	18100000	18350000	88	1614	1919	727	immediate
SUPER_12	26793648	26901089	IR	617	.	26846985	0.617	0.936	104	107395	26793648	26795700	26899037	26901089	56897606	26700000	26950000	0	2456	2052	103337	wide
SUPER_12	29330277	29333518	IR	601	.	29331500	0.601	0.712	35	3216	29330277	29331896	29331899	29333519	56897606	29150000	29400000	0	3031	1619	3	immediate
SUPER_12	5585684	5588372	IR	544	.	5587041	0.544	0.926	93	2777	5585684	5586585	5587497	5588372	56897606	5350000	5600000	94	3950	875	912	immediate
SUPER_12	12368762	12372016	IR	538	.	12370409	0.538	0.854	36	3367	12368762	12369406	12371397	12372016	56897606	12350000	12600000	36	339	619	1991	immediate
SUPER_12	5517022	5518377	IR	536	.	5517698	0.536	0.933	86	53336	5517022	5517479	5517939	5518377	56897606	5400000	5650000	86	1961	438	460	immediate
SUPER_12	52896149	52898342	IR	533	.	52897247	0.533	0.981	76	2418	52896149	52896626	52897867	52898342	56897606	52800000	53050000	99	1620	475	1241	immediate
SUPER_12	22136903	22269292	IR	526	.	22202606	0.526	0.537	43	132335	22136903	22137003	22269238	22269292	56897606	22100000	22350000	0	1718	54	132235	wide
SUPER_12	37722069	37902129	IR	514	.	37811854	0.514	1.000	36	182059	37722069	37722086	37902112	37902129	56897606	37700000	37950000	1	1868	17	180026	wide
SUPER_12	17837664	18004610	IR	496	.	17920951	0.496	0.964	232	167237	17837664	17839079	18003195	18004627	56897606	17800000	18050000	232	2018	1415	164116	wide
SUPER_12	17090283	17091869	IR	487	.	17091078	0.487	0.940	86	23592	17090283	17090930	17091234	17091869	56897606	17000000	17250000	86	1517	635	304	immediate
SUPER_12	28042572	28152299	IR	486	.	28097304	0.486	0.588	27	109709	28042572	28042630	28152265	28152299	56897606	27950000	28200000	71	2457	34	109635	wide
SUPER_12	21092709	21096118	IR	474	.	21094447	0.474	0.839	95	3611	21092709	21094152	21094675	21096144	56897606	21050000	21300000	95	740	1443	523	immediate
SUPER_12	36576074	36578036	IR	469	.	36577060	0.469	0.883	55	2172	36576074	36576923	36577243	36578036	56897606	36350000	36600000	55	3784	793	320	immediate
SUPER_12	39800919	39802908	IR	467	.	39801712	0.467	0.566	26	2376	39800919	39801565	39802262	39802955	56897606	39600000	39850000	8	3365	646	697	immediate
SUPER_12	49078313	49082063	IR	466	.	49080188	0.466	0.967	133	4550	49078313	49079358	49081018	49082063	56897606	48850000	49100000	133	3836	1045	1660	immediate
SUPER_12	16900006	17078524	IR	464	.	16989625	0.464	0.921	92	178460	16900006	16901221	17077330	17078524	56897606	16900000	17150000	0	1487	1194	176109	wide
SUPER_12	14811542	14908598	IR	463	.	14860022	0.463	0.583	27	97008	14811542	14811578	14908562	14908624	56897606	14700000	14950000	122	2667	36	96984	spaced
SUPER_12	10967369	10986211	IR	461	.	10976411	0.461	0.462	92	18810	10967369	10976312	10977268	10986249	56897606	10800000	11050000	0	2946	8943	956	immediate
SUPER_12	34653737	34877130	IR	453	.	34765190	0.453	0.970	123	224017	34653737	34654688	34876180	34877130	56897606	34650000	34900000	122	1923	950	221492	wide
SUPER_12	33360342	33566178	IR	452	.	33463662	0.452	0.477	82	205815	33360342	33462030	33464500	33566178	56897606	33350000	33600000	0	1887	101678	2470	spaced
SUPER_12	23305256	23380939	IR	449	.	23342602	0.449	0.392	27	75639	23305256	23342701	23343515	23380939	56897606	23150000	23400000	0	3218	37424	814	immediate
SUPER_12	48781861	48784853	IR	448	.	48783357	0.448	0.966	83	3046	48781861	48782531	48784183	48784857	56897606	48550000	48800000	83	3889	670	1652	immediate
SUPER_12	26664940	26666858	IR	447	.	26665899	0.447	0.877	69	2180	26664940	26665634	26666164	26666875	56897606	26450000	26700000	69	3598	694	530	immediate
SUPER_12	23134717	23138339	IR	445	.	23136528	0.445	0.973	211	4062	23134717	23136012	23137044	23138355	56897606	22950000	23200000	211	3108	1295	1032	immediate
SUPER_12	45927957	46034168	IR	442	.	45980592	0.442	0.605	26	106173	45927957	45927995	46034130	46034194	56897606	45800000	46050000	0	3017	38	106135	wide
SUPER_12	40655548	40657495	IR	438	.	40656517	0.438	0.901	61	2143	40655548	40656462	40656581	40657500	56897606	40450000	40700000	61	3441	914	119	immediate
SUPER_12	33578444	33618050	IR	434	.	33598247	0.434	0.466	63	138638	33578444	33598105	33598389	33618125	56897606	33500000	33750000	63	1637	19661	284	immediate
SUPER_12	17185115	17205727	IR	428	.	17195239	0.428	0.815	22	20564	17185115	17185159	17205683	17205737	56897606	17050000	17300000	232	2423	44	20524	spaced
SUPER_12	25104698	25116511	IR	427	.	25110632	0.427	0.499	24	7082	25104698	25109529	25111693	25116511	56897606	24950000	25200000	24	2676	4818	2164	spaced
SUPER_12	1608838	1766178	IR	423	.	1687735	0.423	0.850	45	158896	1608838	1609106	1765910	1766187	56897606	1600000	1850000	11	1458	268	156804	wide
SUPER_12	19837469	19844321	IR	422	.	19840872	0.422	0.526	21	6921	19837469	19839788	19842002	19844359	56897606	19800000	20050000	24	681	2319	2214	spaced
SUPER_12	51081709	51083888	IR	421	.	51082799	0.421	0.927	35	2248	51081709	51082228	51083377	51083888	56897606	50850000	51100000	35	3879	511	1149	immediate
SUPER_12	13780012	13923249	IR	420	.	13851936	0.420	0.387	26	143201	13780012	13812251	13891039	13923249	56897606	13700000	13950000	0	2527	32210	78788	spaced
SUPER_12	13729276	13780068	IR	419	.	13754641	0.419	0.957	24	50788	13729276	13729320	13780024	13780070	56897606	13700000	13950000	147	911	44	50704	spaced
SUPER_12	4028997	4174161	IR	418	.	4101667	0.418	1.000	21	145120	4028997	4029043	4174115	4174161	56897606	3950000	4200000	221	2526	46	145072	wide
SUPER_12	16749792	16751912	IR	417	.	16750840	0.417	0.737	31	2250	16749792	16750013	16751691	16751940	56897606	16700000	16950000	43	847	221	1678	immediate
SUPER_12	24751177	24797314	IR	414	.	24774349	0.414	0.813	20	47278	24751177	24753072	24795419	24797314	56897606	24550000	24800000	20	3737	1895	42347	spaced
SUPER_12	54624183	54778014	IR	407	.	54700610	0.407	0.643	27	153789	54624183	54624251	54777972	54778014	56897606	54550000	54800000	0	2518	42	153721	wide
SUPER_12	49553250	49555908	IR	404	.	49554579	0.404	0.989	78	2733	49553250	49553718	49555440	49555908	56897606	49350000	49600000	78	3409	468	1722	immediate
SUPER_12	18448658	18600972	IR	404	.	18524923	0.404	0.920	29	152292	18448658	18448708	18600926	18600972	56897606	18400000	18650000	286	2080	46	152218	wide
SUPER_12	42655953	42696496	IR	403	.	42676226	0.403	0.926	538	41728	42655953	42663074	42689404	42696496	56897606	42450000	42700000	538	3770	7092	26330	spaced
SUPER_12	3258171	3434781	IR	401	.	3346841	0.401	0.951	218	176618	3258171	3259676	3433276	3434834	56897606	3200000	3450000	0	2441	1505	173600	wide
SUPER_12	26979670	27006133	IR	397	.	26992796	0.397	0.945	39	26597	26979670	26980144	27005659	27006133	56897606	26950000	27200000	39	714	474	25515	spaced
SUPER_12	43256990	43259684	IR	397	.	43258337	0.397	0.932	22	2682	43256990	43257445	43259229	43259684	56897606	43250000	43500000	22	138	455	1784	immediate
SUPER_12	47650347	47726945	IR	395	.	47688716	0.395	0.964	38	76708	47650347	47650683	47726610	47726945	56897606	47650000	47900000	38	643	335	75927	spaced
SUPER_12	55050970	55127781	IR	394	.	55089188	0.394	0.530	43	76827	55050970	55052684	55126147	55127781	56897606	55050000	55300000	43	656	1634	73463	spaced
SUPER_12	27602823	27733473	IR	393	.	27668262	0.393	0.769	22	130608	27602823	27602863	27733433	27733485	56897606	27500000	27750000	181	2802	40	130570	wide
SUPER_12	42207937	42209705	IR	391	.	42208821	0.391	0.869	47	2007	42207937	42208288	42209379	42209705	56897606	42000000	42250000	47	3480	326	1091	immediate
SUPER_12	42575919	42618232	IR	387	.	42597140	0.387	0.951	50	42253	42575919	42575977	42618174	42618235	56897606	42500000	42750000	932	1617	58	42197	spaced
SUPER_12	15313087	15497579	IR	387	.	15405335	0.387	0.960	29	184444	15313087	15313135	15497531	15497581	56897606	15250000	15500000	278	2588	48	184396	wide
SUPER_12	17709716	17785628	IR	387	.	17747244	0.387	0.843	29	75933	17709716	17710913	17784431	17785681	56897606	17600000	17850000	0	2461	1197	73518	spaced
SUPER_12	37660970	37719732	IR	386	.	37690434	0.386	0.393	28	58730	37660970	37680295	37700412	37719732	56897606	37650000	37900000	70	672	19320	20117	spaced
SUPER_12	50715785	50722790	IR	385	.	50719280	0.385	0.930	127	7293	50715785	50717961	50720626	50722790	56897606	50500000	50750000	127	3654	2164	2665	spaced
SUPER_12	40028747	40154011	IR	385	.	40091778	0.385	0.783	55	125240	40028747	40030796	40152025	40154011	56897606	39950000	40200000	0	2356	1986	121229	wide
SUPER_12	51315415	51411994	IR	384	.	51363838	0.384	0.875	38	96911	51315415	51316323	51411112	51411994	56897606	51200000	51450000	38	2728	882	94789	spaced
SUPER_12	4662293	4841654	IR	384	.	4752470	0.384	0.550	23	179321	4662293	4662365	4841614	4841654	56897606	4650000	4900000	0	1699	40	179249	wide
SUPER_12	56420333	56522812	IR	381	.	56471560	0.381	0.899	130	123476	56420333	56423991	56519186	56522812	56897606	56300000	56550000	130	2859	3626	95195	spaced
SUPER_12	19441429	19518678	IR	381	.	19479939	0.381	0.808	25	77223	19441429	19441481	19518636	19518678	56897606	19400000	19650000	237	1334	42	77155	spaced
SUPER_12	9043604	9191508	IR	380	.	9117093	0.380	0.383	21	73915	9043604	9117576	9117536	9191533	56897606	8950000	9200000	0	2792	73972	-40	overlap
SUPER_12	1358342	1373893	IR	379	.	1366062	0.379	0.809	37	15570	1358342	1360813	1371430	1373893	56897606	1150000	1400000	37	3601	2463	10617	spaced
SUPER_12	32679890	32802729	IR	378	.	32741431	0.378	0.727	37	122787	32679890	32679938	32802681	32802747	56897606	32650000	32900000	542	1521	48	122743	wide
SUPER_12	9248043	9287384	IR	378	.	9267273	0.378	0.806	30	39015	9248043	9249579	9285864	9287384	56897606	9100000	9350000	0	2795	1520	36285	spaced
SUPER_12	47118409	47195968	IR	378	.	47157526	0.378	0.622	26	77523	47118409	47118483	47195922	47195968	56897606	46950000	47200000	0	3453	46	77439	spaced
SUPER_12	52548138	52745040	IR	374	.	52646402	0.374	0.950	59	197122	52548138	52548587	52744591	52745048	56897606	52500000	52750000	59	2443	449	196004	wide
SUPER_12	5898137	6030623	IR	374	.	5964247	0.374	0.900	37	132434	5898137	5898197	6030569	6030623	56897606	5800000	6050000	700	2739	54	132372	wide
SUPER_12	51185298	51192091	IR	374	.	51188496	0.374	0.800	23	6755	51185298	51185338	51192051	51192101	56897606	50950000	51200000	226	3978	40	6713	spaced
SUPER_12	51864021	52063882	IR	373	.	51964423	0.373	0.937	420	199840	51864021	51869855	52058050	52063882	56897606	51850000	52100000	0	1899	5832	188195	wide
SUPER_12	25673284	25677451	IR	373	.	25675685	0.373	0.743	28	4115	25673284	25673354	25677399	25677451	56897606	25650000	25900000	0	422	52	4045	spaced
SUPER_12	38500333	38645180	IR	372	.	38572531	0.372	0.690	23	144801	38500333	38500373	38645140	38645198	56897606	38400000	38650000	152	2879	40	144767	wide
SUPER_12	9560389	9788071	IR	370	.	9674298	0.370	0.954	230	228221	9560389	9561829	9786633	9788071	56897606	9550000	9800000	242	2070	1438	224804	wide
SUPER_12	25317394	25323312	IR	370	.	25320273	0.370	0.959	30	5978	25317394	25317662	25323044	25323313	56897606	25100000	25350000	30	3672	268	5382	spaced
SUPER_12	55259639	55262394	IR	370	.	55261042	0.370	0.759	22	2816	55259639	55260220	55261864	55262394	56897606	55150000	55400000	22	1850	530	1644	immediate
SUPER_12	16057437	16134592	IR	369	.	16096475	0.369	0.732	75	77181	16057437	16059492	16132537	16134642	56897606	15950000	16200000	0	2433	2055	73045	spaced
SUPER_12	1105931	1120596	IR	369	.	1113766	0.369	0.760	43	14647	1105931	1107987	1118621	1120596	56897606	900000	1150000	0	3554	1975	10634	spaced
SUPER_12	19733178	19768021	IR	368	.	19750178	0.368	0.647	26	34799	19733178	19733222	19767977	19768045	56897606	19700000	19950000	0	843	44	34755	spaced
SUPER_12	5222994	5328438	IR	366	.	5275689	0.366	0.923	28	105418	5222994	5223046	5328390	5328438	56897606	5150000	5400000	330	2095	48	105344	wide
SUPER_12	44280211	44389759	IR	366	.	44335321	0.366	0.837	26	109524	44280211	44281305	44388673	44389759	56897606	44200000	44450000	0	2249	1086	107368	wide
SUPER_12	15038363	15081226	IR	366	.	15059630	0.366	0.920	21	42823	15038363	15038413	15081180	15081226	56897606	14900000	15150000	195	2663	46	42767	spaced
SUPER_12	41853037	41854890	IR	365	.	41853957	0.365	0.993	150	2091	41853037	41853797	41854130	41854890	56897606	41650000	41900000	150	3399	760	333	immediate
SUPER_12	51516256	51630488	IR	365	.	51573877	0.365	0.843	51	114271	51516256	51517949	51628795	51630548	56897606	51400000	51650000	0	2889	1693	110846	wide
SUPER_12	35655754	35758502	IR	365	.	35707533	0.365	0.000	35	102716	35655754	35655786	35758470	35758572	56897606	35600000	35850000	0	1785	32	102684	wide
SUPER_12	46034136	46106281	IR	365	.	46070108	0.365	0.846	27	72105	46034136	46034188	46106237	46106281	56897606	45900000	46150000	324	2836	44	72049	spaced
SUPER_12	8461779	8691739	IR	364	.	8576592	0.364	0.962	291	230397	8461779	8464278	8689254	8691739	56897606	8450000	8700000	291	2112	2485	224976	wide
SUPER_12	21282108	21314031	IR	364	.	21297715	0.364	0.803	113	31881	21282108	21284241	21311936	21314031	56897606	21200000	21450000	0	1634	2095	27695	spaced
SUPER_12	20220148	20226647	IR	363	.	20223401	0.363	0.938	226	7156	20220148	20222576	20224228	20226647	56897606	20000000	20250000	226	3723	2419	1652	immediate
SUPER_12	16205867	16301932	IR	363	.	16253400	0.363	0.884	111	96057	16205867	16206938	16300861	16302003	56897606	16200000	16450000	0	898	1071	93923	spaced
SUPER_12	11640989	11664318	IR	363	.	11652365	0.363	0.622	27	23283	11640989	11641035	11664272	11664346	56897606	11450000	11700000	0	3377	46	23237	spaced
SUPER_12	50484286	50487038	IR	363	.	50485529	0.363	0.741	22	2704	50484286	50484326	50486998	50487052	56897606	50300000	50550000	127	3094	40	2672	spaced
SUPER_12	44179282	44252045	IR	362	.	44216095	0.362	0.438	53	72730	44179282	44215647	44215696	44252045	56897606	44100000	44350000	0	1927	36349	49	immediate
SUPER_12	28753471	28841042	IR	362	.	28797434	0.362	0.862	35	87525	28753471	28753529	28840992	28841042	56897606	28700000	28950000	431	1620	50	87463	spaced
SUPER_12	12026265	12214085	IR	362	.	12120126	0.362	0.952	22	187886	12026265	12026474	12213877	12214085	56897606	12000000	12250000	22	2002	208	187403	wide
SUPER_12	54109202	54256542	IR	361	.	54183349	0.361	0.874	103	147339	54109202	54111893	54253851	54256568	56897606	54050000	54300000	0	2214	2691	141958	wide
SUPER_12	4512010	4662339	IR	361	.	4587110	0.361	0.655	23	150285	4512010	4512048	4662301	4662359	56897606	4450000	4700000	190	2286	38	150253	wide
SUPER_12	6545853	6591758	IR	360	.	6568745	0.360	0.880	188	46186	6545853	6547976	6589635	6591827	56897606	6400000	6650000	188	2813	2123	41659	spaced
SUPER_12	12493525	12622816	IR	359	.	12558572	0.359	0.856	126	129260	12493525	12496248	12620133	12622816	56897606	12400000	12650000	0	2636	2683	123885	wide
SUPER_12	21894350	21994799	IR	359	.	21944102	0.359	0.949	124	100428	21894350	21896115	21993044	21994799	56897606	21800000	22050000	0	2409	1755	96929	spaced
SUPER_12	10800877	10908517	IR	359	.	10854225	0.359	0.809	97	107623	10800877	10802901	10906502	10908517	56897606	10700000	10950000	0	2578	2015	103601	wide
SUPER_12	36746224	36834396	IR	359	.	36790518	0.359	0.917	23	88126	36746224	36746268	36834352	36834400	56897606	36600000	36850000	296	3171	44	88084	spaced
SUPER_12	26221161	26377955	IR	359	.	26299155	0.359	0.701	21	156423	26221161	26222545	26376571	26377965	56897606	26200000	26450000	0	1659	1384	154026	wide
SUPER_12	23850217	24020526	IR	358	.	23935155	0.358	0.983	538	171116	23850217	23853564	24017179	24020526	56897606	23800000	24050000	547	2256	3347	163615	wide
SUPER_12	5451428	5463607	IR	358	.	5457854	0.358	0.791	83	12154	5451428	5453654	5461389	5463607	56897606	5350000	5600000	0	1791	2218	7735	spaced
SUPER_12	33792850	33983367	IR	357	.	33888166	0.357	0.923	25	190469	33792850	33792898	33983319	33983371	56897606	33750000	34000000	300	2301	48	190421	wide
SUPER_12	18113403	18127709	IR	356	.	18120135	0.356	0.919	92	14289	18113403	18116095	18125019	18127709	56897606	18050000	18300000	0	1175	2690	8924	spaced
SUPER_12	31422140	31530353	IR	356	.	31476702	0.356	0.867	55	108263	31422140	31423645	31528848	31530423	56897606	31300000	31550000	0	2937	1505	105203	wide
SUPER_12	31553990	31754073	IR	356	.	31654166	0.356	0.926	32	200035	31553990	31554040	31754023	31754077	56897606	31550000	31800000	433	1733	50	199983	wide
SUPER_12	33667596	33670591	IR	355	.	33669290	0.355	1.000	95	195920	33667596	33667613	33670574	33670591	56897606	33550000	33800000	1	1984	17	2961	spaced
SUPER_12	48533567	48591278	IR	355	.	48562225	0.355	0.846	23	57667	48533567	48533611	48591234	48591286	56897606	48450000	48700000	225	1873	44	57623	spaced
SUPER_12	6612349	6683299	IR	354	.	6647844	0.354	0.912	197	71159	6612349	6613422	6682226	6683341	56897606	6550000	6800000	226	1630	1073	68804	spaced
SUPER_12	38200686	38226642	IR	354	.	38213868	0.354	0.860	139	26189	38200686	38203068	38224315	38226642	56897606	38100000	38350000	139	1894	2327	21247	spaced
SUPER_12	15603498	15767445	IR	354	.	15685946	0.354	0.974	94	163913	15603498	15604428	15766515	15767445	56897606	15550000	15800000	0	2257	930	162087	wide
SUPER_12	20608488	20615977	IR	354	.	20612366	0.354	0.831	55	7624	20608488	20609443	20615022	20616044	56897606	20400000	20650000	55	3537	955	5579	spaced
SUPER_12	14330552	14352505	IR	354	.	14341504	0.354	0.714	23	21907	14330552	14330592	14352465	14352521	56897606	14200000	14450000	226	2358	40	21873	spaced
SUPER_12	22640518	22829502	IR	354	.	22735469	0.354	0.828	21	188946	22640518	22640566	22829454	22829512	56897606	22600000	22850000	0	2250	48	188888	wide
SUPER_12	38383041	38458501	IR	354	.	38420293	0.354	0.634	21	75442	38383041	38383108	38458460	38458501	56897606	38250000	38500000	0	2846	41	75352	spaced
SUPER_12	45835868	45837911	IR	353	.	45836874	0.353	0.976	109	2148	45835868	45836458	45837326	45837911	56897606	45600000	45850000	110	3948	585	868	immediate
SUPER_12	7542101	7656829	IR	353	.	7599060	0.353	0.909	83	114706	7542101	7543545	7655406	7656829	56897606	7500000	7750000	0	1657	1423	111861	wide
SUPER_12	23566011	23777601	IR	353	.	23672288	0.353	0.964	68	211549	23566011	23566731	23776882	23777601	56897606	23550000	23800000	0	2029	719	210151	wide
SUPER_12	32027711	32180485	IR	353	.	32104029	0.353	0.786	30	152740	32027711	32027767	32180441	32180485	56897606	31950000	32200000	351	2568	44	152674	wide
SUPER_12	17302527	17344478	IR	353	.	17323040	0.353	0.571	26	41909	17302527	17302569	17344436	17344510	56897606	17300000	17550000	0	391	42	41867	spaced
SUPER_12	2527777	2662407	IR	353	.	2595374	0.353	0.727	25	134590	2527777	2527843	2662359	2662407	56897606	2450000	2700000	0	2418	48	134516	wide
SUPER_12	20362672	20365426	IR	353	.	20363637	0.353	0.441	24	2812	20362672	20364071	20364027	20365502	56897606	20150000	20400000	0	3567	1399	-44	overlap
SUPER_12	7755937	7877763	IR	353	.	7816478	0.353	0.750	22	121778	7755937	7756001	7877715	7877763	56897606	7650000	7900000	0	2780	48	121714	wide
SUPER_12	45255421	45494992	IR	353	.	45375566	0.353	0.889	22	239523	45255421	45255475	45494944	45494992	56897606	45250000	45500000	0	2086	48	239469	wide
SUPER_12	47290764	47339109	IR	353	.	47315160	0.353	1.000	20	48297	47290764	47290810	47339063	47339109	56897606	47150000	47400000	203	2748	46	48253	spaced
SUPER_12	11664269	11719905	IR	352	.	11691681	0.352	0.558	30	55618	11664269	11664346	11719862	11719905	56897606	11650000	11900000	0	701	43	55516	spaced
SUPER_12	31290372	31356869	IR	352	.	31324089	0.352	1.000	24	66439	31290372	31290430	31356811	31356869	56897606	31150000	31400000	0	2893	58	66381	spaced
SUPER_12	6142715	6234861	IR	351	.	6189110	0.351	0.830	48	91918	6142715	6143795	6233829	6234861	56897606	6000000	6250000	0	3146	1032	90034	spaced
SUPER_12	12995066	13053402	IR	351	.	13023846	0.351	0.676	29	58286	12995066	12995116	13053352	13053426	56897606	12850000	13100000	0	2903	50	58236	spaced
SUPER_12	18291457	18448694	IR	351	.	18370477	0.351	0.727	25	157189	18291457	18291505	18448646	18448712	56897606	18200000	18450000	0	2834	48	157141	wide
SUPER_12	46106235	46302877	IR	351	.	46204176	0.351	0.386	22	196586	46106235	46204536	46204598	46302877	56897606	46100000	46350000	0	1742	98279	62	immediate
SUPER_12	20026627	20132548	IR	351	.	20079890	0.351	0.656	21	105879	20026627	20026669	20132506	20132570	56897606	19950000	20200000	0	2159	42	105837	wide
SUPER_12	14104495	14137344	IR	350	.	14120746	0.350	0.893	112	33039	14104495	14106337	14135510	14137344	56897606	14000000	14250000	118	2015	1834	29173	spaced
SUPER_12	36227902	36269214	IR	350	.	36248935	0.350	0.877	105	41326	36227902	36230365	36266751	36269279	56897606	36050000	36300000	0	3309	2463	36386	spaced
SUPER_12	22300564	22349995	IR	350	.	22325123	0.350	0.957	100	50088	22300564	22301571	22348988	22349997	56897606	22150000	22400000	100	2921	1007	47417	spaced
SUPER_12	29477398	29498841	IR	350	.	29488210	0.350	0.844	41	21557	29477398	29477969	29498312	29498841	56897606	29400000	29650000	43	1468	529	20343	spaced
SUPER_12	9946104	10022076	IR	350	.	9984050	0.350	0.725	40	76188	9946104	9946931	10021249	10022179	56897606	9800000	10050000	40	3068	827	74318	spaced
SUPER_12	12285076	12359912	IR	350	.	12322615	0.350	1.000	29	74784	12285076	12285128	12359860	12359912	56897606	12150000	12400000	459	2874	52	74732	spaced
SUPER_12	28875660	28988614	IR	350	.	28932119	0.350	0.815	25	112914	28875660	28875714	28988570	28988614	56897606	28800000	29050000	321	2202	44	112856	wide
SUPER_12	14492966	14645746	IR	350	.	14568901	0.350	0.793	23	152677	14492966	14494600	14644112	14645802	56897606	14400000	14650000	0	2822	1634	149512	wide
SUPER_12	30965796	30995751	IR	350	.	30980792	0.350	0.957	20	29909	30965796	30965840	30995707	30995753	56897606	30800000	31050000	176	3012	44	29867	spaced
SUPER_12	27733429	27926588	IR	349	.	27830342	0.349	0.912	32	193097	27733429	27733491	27926526	27926594	56897606	27700000	27950000	0	2166	62	193035	wide
SUPER_12	9533743	9542982	IR	349	.	9538321	0.349	0.958	23	9195	9533743	9533791	9542936	9542982	56897606	9300000	9550000	222	3972	46	9145	spaced
SUPER_12	7966981	8030067	IR	348	.	7998138	0.348	0.882	99	63058	7966981	7968420	8028628	8030085	56897606	7800000	8050000	0	3308	1439	60208	spaced
SUPER_12	17354089	17571486	IR	348	.	17462860	0.348	0.759	66	217658	17354089	17355303	17570272	17571527	56897606	17350000	17600000	66	1879	1214	214969	wide
SUPER_12	29834978	29895279	IR	348	.	29865529	0.348	0.902	39	60287	29834978	29836069	29894188	29895291	56897606	29800000	30050000	0	1085	1091	58119	spaced
SUPER_12	22850938	23030242	IR	348	.	22941074	0.348	0.500	29	179276	22850938	22850978	23030202	23030278	56897606	22800000	23050000	0	2343	40	179224	wide
SUPER_12	7055075	7132514	IR	348	.	7093435	0.348	0.750	23	77391	7055075	7055139	7132466	7132514	56897606	6950000	7200000	0	2396	48	77327	spaced
SUPER_12	26100489	26124101	IR	347	.	26112129	0.347	0.920	208	24803	26100489	26103799	26120791	26124127	56897606	25900000	26150000	208	3538	3310	16992	spaced
SUPER_12	7352187	7410541	IR	347	.	7380859	0.347	0.900	24	58302	7352187	7352241	7410487	7410547	56897606	7200000	7450000	0	3022	54	58246	spaced
SUPER_12	19661583	19697086	IR	346	.	19678970	0.346	0.902	102	35539	19661583	19662906	19695763	19697144	56897606	19450000	19700000	0	3822	1323	32857	spaced
SUPER_12	2936184	3108800	IR	345	.	3022673	0.345	0.916	236	174607	2936184	2940238	3104746	3108809	56897606	2900000	3150000	236	2041	4054	164508	wide
SUPER_12	43008008	43029966	IR	345	.	43018557	0.345	0.878	97	21975	43008008	43010260	43027714	43030005	56897606	42850000	43100000	0	2816	2252	17454	spaced
SUPER_12	746203	910578	IR	345	.	828818	0.345	0.836	43	164347	746203	747242	909559	910578	56897606	700000	950000	0	2139	1019	162317	wide
SUPER_12	36875042	36908735	IR	345	.	36892047	0.345	0.491	27	33822	36875042	36877234	36906590	36908735	56897606	36800000	37050000	27	1531	2145	29356	spaced
SUPER_12	11319173	11456991	IR	344	.	11388397	0.344	0.762	60	137707	11319173	11322273	11453891	11456996	56897606	11250000	11500000	0	2301	3100	131618	wide
SUPER_12	24185752	24315752	IR	344	.	24250468	0.344	0.914	28	129976	24185752	24186327	24315186	24315752	56897606	24100000	24350000	0	2512	566	128859	wide
SUPER_12	46667859	46778838	IR	344	.	46723600	0.344	0.933	26	110947	46667859	46667919	46778782	46778838	56897606	46550000	46800000	0	2889	56	110863	wide
SUPER_12	48891271	48915991	IR	343	.	48903694	0.343	0.892	78	24889	48891271	48892123	48915139	48916025	56897606	48700000	48950000	78	3393	852	23016	spaced
SUPER_12	8292169	8369734	IR	343	.	8331164	0.343	0.925	29	77603	8292169	8292709	8369194	8369735	56897606	8200000	8450000	29	2182	540	76485	spaced
SUPER_12	4962751	5103631	IR	343	.	5033268	0.343	0.700	26	140848	4962751	4962811	5103589	5103631	56897606	4900000	5150000	202	2219	42	140778	wide
SUPER_12	403109	597940	IR	343	.	500819	0.343	0.525	25	194791	403109	403183	597900	597940	56897606	400000	650000	0	1675	40	194717	wide
SUPER_12	27517704	27582992	IR	342	.	27549971	0.342	0.930	33	65269	27517704	27518524	27582176	27582992	56897606	27450000	27700000	0	1672	816	63652	spaced
SUPER_12	21572056	21672304	IR	342	.	21622500	0.342	0.955	32	100201	21572056	21572453	21671907	21672304	56897606	21450000	21700000	0	2869	397	99454	spaced
SUPER_12	56782945	56873201	IR	342	.	56827919	0.342	0.923	27	90212	56782945	56782997	56873153	56873201	56897606	56650000	56897606	307	2967	48	90156	spaced
SUPER_12	13279579	13282469	IR	342	.	13280550	0.342	0.798	24	2867	13279579	13279822	13282245	13282469	56897606	13050000	13300000	0	3850	224	2423	spaced
SUPER_12	32027707	32027764	IR	342	.	32027767	0.342	0.889	21	115476	32027707	32027747	32027724	32027769	56897606	31900000	32150000	313	2128	40	-23	overlap
SUPER_12	47741004	47809385	IR	341	.	47774705	0.341	0.405	77	68358	47741004	47775225	47775249	47809385	56897606	47700000	47950000	0	1253	34136	24	immediate
SUPER_12	24358812	24445552	IR	341	.	24401933	0.341	0.845	52	86718	24358812	24360385	24444066	24445552	56897606	24250000	24500000	0	2536	1486	83681	spaced
SUPER_12	29396467	29467918	IR	341	.	29432593	0.341	0.902	48	71390	29396467	29397537	29466848	29467928	56897606	29300000	29550000	0	2203	1070	69311	spaced
SUPER_12	48067327	48131731	IR	341	.	48099446	0.341	0.656	32	69222	48067327	48067391	48131689	48131731	56897606	47900000	48150000	239	3325	42	64298	spaced
SUPER_12	55665745	55859561	IR	341	.	55762209	0.341	0.722	30	193764	55665745	55665797	55859509	55859581	56897606	55650000	55900000	0	1877	52	193712	wide
SUPER_12	32024763	32027745	IR	341	.	32025925	0.341	0.600	24	2942	32024763	32024803	32027705	32027773	56897606	31900000	32150000	0	2104	40	2902	spaced
SUPER_12	11156423	11234805	IR	341	.	11195401	0.341	0.840	21	78352	11156423	11156473	11234763	11234805	56897606	11000000	11250000	188	3260	42	78290	spaced
SUPER_12	11789319	11984383	IR	340	.	11887204	0.340	0.928	137	195042	11789319	11791735	11981972	11984383	56897606	11750000	12000000	0	2280	2411	190237	wide
SUPER_12	37287331	37473837	IR	340	.	37381032	0.340	0.913	80	186383	37287331	37288634	37472556	37473837	56897606	37250000	37500000	0	2176	1281	183922	wide
SUPER_12	47555302	47630323	IR	340	.	47592424	0.340	0.205	34	75061	47555302	47555341	47630284	47630381	56897606	47400000	47650000	0	3213	39	74943	spaced
SUPER_12	49243855	49281548	IR	340	.	49262295	0.340	0.932	32	37678	49243855	49244439	49280964	49281551	56897606	49150000	49400000	0	1878	584	36525	spaced
SUPER_12	27176613	27249858	IR	340	.	27213176	0.340	0.923	26	73199	27176613	27176665	27249810	27249858	56897606	27000000	27250000	311	3553	48	73145	spaced
SUPER_12	27926526	28034602	IR	340	.	27980196	0.340	0.647	22	108032	27926526	27926594	28034558	28034602	56897606	27800000	28050000	0	3009	44	107964	wide
SUPER_12	47200197	47290742	IR	340	.	47245022	0.340	0.421	22	90565	47200197	47202528	47288411	47290812	56897606	47150000	47400000	0	1591	2331	85883	spaced
SUPER_12	4398327	4489476	IR	339	.	4444080	0.339	0.924	210	92624	4398327	4401897	4485906	4489499	56897606	4250000	4500000	210	3231	3570	84009	spaced
SUPER_12	29138628	29302167	IR	339	.	29220003	0.339	0.936	168	163520	29138628	29140707	29300124	29302167	56897606	29100000	29350000	0	2006	2043	159417	wide
SUPER_12	49807576	49907966	IR	339	.	49857346	0.339	0.905	42	100369	49807576	49808872	49906670	49907966	56897606	49700000	49950000	0	2629	1296	97798	spaced
SUPER_12	13618001	13688036	IR	339	.	13652633	0.339	0.789	38	70008	13618001	13618570	13687562	13688036	56897606	13500000	13750000	0	2550	474	68992	spaced
SUPER_12	10228764	10331140	IR	338	.	10279832	0.338	0.849	77	102770	10228764	10229851	10330053	10331164	56897606	10100000	10350000	79	2999	1087	100202	wide
SUPER_12	5763685	5781379	IR	338	.	5772901	0.338	0.835	62	17600	5763685	5765353	5779821	5781379	56897606	5650000	5900000	0	2042	1558	14468	spaced
SUPER_12	37000985	37055524	IR	338	.	37028269	0.338	0.853	51	54818	37000985	37003105	37053441	37055524	56897606	36950000	37200000	51	1304	2083	50336	spaced
SUPER_12	53272502	53378869	IR	338	.	53325992	0.338	0.922	37	106236	53272502	53273046	53378325	53378872	56897606	53250000	53500000	0	1261	544	105279	wide
SUPER_12	38261566	38263962	IR	338	.	38262876	0.338	0.856	36	2415	38261566	38261901	38263635	38263962	56897606	38250000	38500000	36	212	327	1734	immediate
SUPER_12	13206225	13214868	IR	338	.	13210716	0.338	0.857	28	8591	13206225	13206273	13214820	13214876	56897606	13100000	13350000	332	1842	48	8547	spaced
SUPER_12	6946287	6999029	IR	338	.	6973092	0.338	0.871	24	52688	6946287	6946341	6998975	6999037	56897606	6750000	7000000	0	3710	54	52634	spaced
SUPER_12	32219991	32220057	IR	338	.	32220195	0.338	1.000	24	76813	32219991	32220036	32220012	32220057	56897606	32100000	32350000	375	2000	45	-24	overlap
SUPER_12	38997458	39098489	IR	338	.	39047832	0.338	0.885	22	100987	38997458	38997510	39098443	39098489	56897606	38850000	39100000	221	3299	46	100933	wide
SUPER_12	43911743	43921469	IR	338	.	43916765	0.338	0.407	22	10211	43911743	43916611	43916601	43921499	56897606	43750000	44000000	94	2776	4868	-10	overlap
SUPER_12	21806863	21817360	IR	337	.	21812131	0.337	0.874	114	11232	21806863	21811203	21813048	21817360	56897606	21700000	21950000	114	1868	4312	1845	immediate
SUPER_12	54793852	54880303	IR	337	.	54836732	0.337	0.831	109	86525	54793852	54796864	54877291	54880395	56897606	54750000	55000000	0	1451	3012	80427	spaced
SUPER_12	49410406	49548755	IR	337	.	49479272	0.337	0.843	52	138392	49410406	49411615	49547546	49548817	56897606	49400000	49650000	0	1326	1209	135931	wide
SUPER_12	45016525	45019034	IR	337	.	45018171	0.337	0.500	37	2491	45016525	45016617	45018986	45019034	56897606	44800000	45050000	0	3629	48	2369	spaced
SUPER_12	16391813	16470433	IR	337	.	16431384	0.337	0.821	32	78624	16391813	16392810	16469436	16470455	56897606	16250000	16500000	0	3018	997	76626	spaced
SUPER_12	55409178	55425024	IR	337	.	55417531	0.337	0.591	26	15804	55409178	55409222	55424980	55425056	56897606	55200000	55450000	0	3618	44	15758	spaced
SUPER_12	42914369	42939291	IR	337	.	42926650	0.337	0.847	23	24869	42914369	42915602	42938080	42939291	56897606	42700000	42950000	24	3780	1211	22478	spaced
SUPER_12	2100194	2134551	IR	337	.	2117799	0.337	0.852	20	34311	2100194	2100248	2134505	2134551	56897606	1900000	2150000	0	3622	46	34257	spaced
SUPER_12	41183363	41288207	IR	336	.	41236104	0.336	0.876	67	104826	41183363	41185064	41286553	41288207	56897606	41050000	41300000	0	3096	1654	101489	wide
SUPER_12	22375017	22515644	IR	336	.	22445473	0.336	0.724	25	140577	22375017	22375059	22515602	22515660	56897606	22350000	22600000	189	1588	42	140543	wide
SUPER_12	38645134	38693921	IR	336	.	38669203	0.336	0.629	24	48743	38645134	38645204	38693877	38693921	56897606	38450000	38700000	0	3658	44	48673	spaced
SUPER_12	22515600	22525289	IR	336	.	22520472	0.336	0.679	23	9657	22515600	22515656	22525251	22525289	56897606	22350000	22600000	106	2840	38	9595	spaced
SUPER_12	6257651	6261631	IR	336	.	6260079	0.336	0.719	21	3934	6257651	6257715	6261585	6261631	56897606	6100000	6350000	0	2660	46	3870	spaced
SUPER_12	13588505	13610910	IR	336	.	13599349	0.336	0.767	21	22361	13588505	13588565	13610864	13610910	56897606	13400000	13650000	0	3328	46	22299	spaced
SUPER_12	32840226	33049798	IR	335	.	32945029	0.335	0.918	139	209937	32840226	32842607	33047425	33049798	56897606	32800000	33050000	139	2416	2373	204818	wide
SUPER_12	48922610	49016802	IR	335	.	48970098	0.335	0.935	110	94097	48922610	48923781	49015649	49016802	56897606	48800000	49050000	0	2828	1153	91868	spaced
SUPER_12	25577482	25653498	IR	335	.	25615192	0.335	0.762	37	75956	25577482	25578845	25652183	25653498	56897606	25550000	25800000	0	1091	1315	73338	spaced
SUPER_12	45494948	45579517	IR	335	.	45537298	0.335	0.769	29	84527	45494948	45494988	45579477	45579529	56897606	45350000	45600000	396	3120	40	84489	spaced
SUPER_12	50104350	50218139	IR	335	.	50160833	0.335	0.727	27	113229	50104350	50105796	50216693	50218145	56897606	50100000	50350000	0	1020	1446	110897	wide
SUPER_12	12751524	12887946	IR	335	.	12819701	0.335	0.950	20	136487	12751524	12751800	12887670	12887949	56897606	12650000	12900000	20	2828	276	135870	wide
SUPER_12	5743806	5749674	IR	334	.	5746808	0.334	0.968	140	6230	5743806	5744807	5748674	5749674	56897606	5600000	5850000	140	2445	1000	3867	spaced
SUPER_12	30678521	30841544	IR	334	.	30760269	0.334	0.931	90	162999	30678521	30680188	30839877	30841545	56897606	30600000	30850000	0	2667	1667	159689	wide
SUPER_12	20634298	20706156	IR	334	.	20670243	0.334	0.908	88	72992	20634298	20635397	20705099	20706156	56897606	20600000	20850000	89	1170	1057	69702	spaced
SUPER_12	25720364	25811160	IR	334	.	25766218	0.334	0.879	78	90749	25720364	25721962	25809562	25811162	56897606	25600000	25850000	0	2762	1598	87600	spaced
SUPER_12	24829142	24994161	IR	334	.	24911937	0.334	0.842	70	164990	24829142	24830174	24993196	24994161	56897606	24750000	25000000	0	2694	965	163022	wide
SUPER_12	17240610	17240684	IR	334	.	17240648	0.334	0.962	26	11596	17240610	17240663	17240633	17240684	56897606	17050000	17300000	605	3177	51	-30	overlap
SUPER_12	13451316	13588555	IR	334	.	13520055	0.334	0.920	23	137197	13451316	13451362	13588509	13588559	56897606	13350000	13600000	235	2832	46	137147	wide
SUPER_12	40967728	41128432	IR	334	.	41047810	0.334	0.392	21	160657	40967728	41048046	41048142	41128432	56897606	40950000	41200000	0	1634	80290	96	immediate
SUPER_12	30024099	30192761	IR	333	.	30108711	0.333	0.906	146	168600	30024099	30026842	30190037	30192761	56897606	29950000	30200000	0	2640	2724	163195	wide
SUPER_12	38865086	38867361	IR	333	.	38866207	0.333	0.967	83	2470	38865086	38865729	38866718	38867361	56897606	38650000	38900000	83	3603	643	989	immediate
SUPER_12	18926374	18995462	IR	333	.	18960481	0.333	0.832	53	69069	18926374	18928005	18993886	18995462	56897606	18750000	19000000	0	3515	1576	65881	spaced
SUPER_12	31208472	31224889	IR	333	.	31216597	0.333	0.854	37	17237	31208472	31209381	31223980	31224925	56897606	31000000	31250000	37	3611	909	14599	spaced
SUPER_12	17344436	17350085	IR	333	.	17346960	0.333	0.676	32	5599	17344436	17344510	17350035	17350085	56897606	17300000	17550000	0	787	50	5525	spaced
SUPER_12	19089642	19159452	IR	333	.	19124808	0.333	0.903	25	69791	19089642	19089704	19159396	19159452	56897606	19000000	19250000	0	2075	56	69692	spaced
SUPER_12	45579477	45747290	IR	333	.	45663254	0.333	0.815	24	167773	45579477	45579531	45747246	45747290	56897606	45550000	45800000	265	1889	44	167715	wide
SUPER_12	20132506	20158830	IR	333	.	20145932	0.333	0.750	23	26276	20132506	20132570	20158782	20158830	56897606	20000000	20250000	0	2427	48	26212	spaced
SUPER_12	35256744	35358064	IR	333	.	35307464	0.333	0.913	23	101280	35256744	35256786	35358022	35358068	56897606	35150000	35400000	207	2623	42	101236	wide
SUPER_12	19022848	19089692	IR	333	.	19056059	0.333	0.846	21	66798	19022848	19022892	19089648	19089700	56897606	18850000	19100000	216	3437	44	66756	spaced
SUPER_12	24505923	24542860	IR	333	.	24524840	0.333	0.861	21	36957	24505923	24506659	24542124	24542902	56897606	24350000	24600000	0	2906	736	35465	spaced
SUPER_12	46361203	46495975	IR	333	.	46428178	0.333	0.575	21	134732	46361203	46361273	46495935	46495975	56897606	46250000	46500000	0	2976	40	134662	wide
SUPER_12	39202278	39431796	IR	332	.	39317394	0.332	0.945	85	229486	39202278	39203919	39430156	39431796	56897606	39200000	39450000	0	1950	1640	226237	wide
SUPER_12	30566550	30571265	IR	332	.	30568947	0.332	0.970	81	4805	30566550	30567250	30570565	30571265	56897606	30350000	30600000	81	3648	700	3315	spaced
SUPER_12	46877964	46962749	IR	332	.	46920693	0.332	0.739	80	82893	46877964	46883720	46957088	46962749	56897606	46750000	47000000	0	2839	5661	73368	spaced
SUPER_12	19436256	19441465	IR	332	.	19438808	0.332	0.741	22	5165	19436256	19436296	19441425	19441479	56897606	19250000	19500000	155	3147	40	5129	spaced
SUPER_12	47865697	47922842	IR	332	.	47894384	0.332	0.643	22	57117	47865697	47865753	47922806	47922842	56897606	47700000	47950000	78	3237	36	57053	spaced
SUPER_12	52994187	53117995	IR	332	.	53056480	0.332	0.710	22	123764	52994187	52994231	53117951	53118013	56897606	52900000	53150000	0	2601	44	123720	wide
SUPER_12	55305133	55348739	IR	332	.	55326831	0.332	0.829	22	43636	55305133	55305866	55348006	55348777	56897606	55200000	55450000	22	2115	733	42140	spaced
SUPER_12	16738941	16745083	IR	331	.	16741589	0.331	0.950	143	6110	16738941	16740760	16743264	16745098	56897606	16500000	16750000	0	4033	1819	2504	spaced
SUPER_12	1898156	1955548	IR	331	.	1927256	0.331	0.750	31	57338	1898156	1898210	1955494	1955566	56897606	1750000	2000000	0	2947	54	57284	spaced
SUPER_12	50260187	50324245	IR	331	.	50291938	0.331	0.933	25	64002	50260187	50260243	50324189	50324249	56897606	50200000	50450000	0	1536	56	63946	spaced
SUPER_12	52239335	52255202	IR	331	.	52247534	0.331	0.966	23	15850	52239335	52239391	52255146	52255204	56897606	52050000	52300000	0	3287	56	15755	spaced
SUPER_12	48800712	48828125	IR	330	.	48814898	0.330	0.855	40	27070	48800712	48802662	48826213	48828125	56897606	48650000	48900000	0	2740	1912	23551	spaced
SUPER_12	53485934	53676317	IR	330	.	53580695	0.330	0.867	38	190373	53485934	53487188	53675063	53676328	56897606	53450000	53700000	0	2185	1254	187875	wide
SUPER_12	48424841	48449780	IR	330	.	48436841	0.330	0.640	33	24899	48424841	48424923	48449730	48449780	56897606	48200000	48450000	0	3955	50	24807	spaced
SUPER_12	54496293	54619293	IR	330	.	54557733	0.330	0.399	22	123018	54496293	54497514	54618577	54619293	56897606	54450000	54700000	26	1796	716	121063	wide
SUPER_12	27334715	27428151	IR	330	.	27381565	0.330	0.405	21	93539	27334715	27352119	27410784	27428151	56897606	27300000	27550000	23	1357	17367	58665	spaced
SUPER_12	28152302	28157143	IR	329	.	28155195	0.329	0.974	225	4814	28152302	28154078	28155367	28157153	56897606	28050000	28300000	0	1745	1776	1289	immediate
SUPER_12	41901360	41953772	IR	329	.	41927625	0.329	0.887	58	52626	41901360	41902150	41953024	41953772	56897606	41750000	42000000	58	2959	748	50874	spaced
SUPER_12	43217869	43247304	IR	329	.	43232453	0.329	0.833	46	29469	43217869	43218790	43246432	43247304	56897606	43150000	43400000	46	1376	872	27642	spaced
SUPER_12	48396293	48424877	IR	329	.	48410098	0.329	0.306	25	28548	48396293	48396329	48424841	48424923	56897606	48200000	48450000	0	3509	36	28512	spaced
SUPER_12	7743057	7755989	IR	329	.	7749384	0.329	0.846	22	12882	7743057	7743101	7755945	7755997	56897606	7550000	7800000	284	3325	44	12844	spaced
SUPER_12	10517327	10688586	IR	329	.	10602689	0.329	0.933	21	171216	10517327	10517772	10688147	10688586	56897606	10500000	10750000	0	1715	439	170375	wide
SUPER_12	35864332	35974934	IR	329	.	35919466	0.329	0.392	21	111553	35864332	35887649	35951617	35974988	56897606	35850000	36100000	31	1160	23317	63968	spaced
SUPER_12	25665257	25673354	IR	328	.	25668981	0.328	0.729	50	8027	25665257	25665353	25673284	25673354	56897606	25650000	25900000	0	321	70	7931	spaced
SUPER_12	44893241	44914728	IR	328	.	44904029	0.328	0.870	30	21547	44893241	44893694	44914275	44914731	56897606	44750000	45000000	30	2566	453	20581	spaced
SUPER_12	36627377	36708442	IR	328	.	36667709	0.328	0.825	22	81082	36627377	36628387	36707436	36708442	56897606	36500000	36750000	22	2798	1006	79049	spaced
SUPER_12	51066315	51072946	IR	328	.	51069975	0.328	0.955	21	6607	51066315	51066651	51072610	51072946	56897606	50900000	51150000	0	2827	336	5959	spaced
SUPER_12	55906599	56087260	IR	327	.	55997421	0.327	0.895	60	180683	55906599	55907518	56086341	56087299	56897606	55900000	56150000	0	1615	919	178823	wide
SUPER_12	30289799	30312512	IR	327	.	30300964	0.327	0.913	59	22929	30289799	30290736	30311575	30312516	56897606	30100000	30350000	59	3352	937	20839	spaced
SUPER_12	21681551	21688673	IR	327	.	21685104	0.327	0.885	37	7386	21681551	21682416	21687808	21688681	56897606	21450000	21700000	37	3918	865	5392	spaced
SUPER_12	34054916	34218471	IR	327	.	34136288	0.327	0.700	34	163524	34054916	34057715	34215757	34218471	56897606	34000000	34250000	0	2278	2714	158042	wide
SUPER_12	14989399	14997623	IR	327	.	14993038	0.327	0.750	32	8218	14989399	14989707	14997315	14997707	56897606	14800000	15050000	0	3225	308	7608	spaced
SUPER_12	18682444	18767313	IR	327	.	18725102	0.327	0.927	25	84920	18682444	18682881	18766876	18767315	56897606	18650000	18900000	25	1247	437	83995	spaced
SUPER_12	22829454	22850976	IR	327	.	22840517	0.327	0.655	21	21484	22829454	22829512	22850938	22850976	56897606	22650000	22900000	0	3170	38	21426	spaced
SUPER_12	46577925	46667901	IR	327	.	46622518	0.327	0.697	21	89977	46577925	46577971	46667855	46667921	56897606	46450000	46700000	0	2881	46	89884	spaced
SUPER_12	3901832	4027935	IR	327	.	3965343	0.327	0.793	20	126057	3901832	3901890	4027889	4027935	56897606	3850000	4100000	0	1914	46	125999	wide
SUPER_12	40488834	40600054	IR	326	.	40544022	0.326	0.899	125	111137	40488834	40492729	40596180	40600054	56897606	40400000	40650000	0	2407	3874	103451	wide
SUPER_12	41294609	41370955	IR	326	.	41333119	0.326	0.888	117	76272	41294609	41296351	41369287	41370955	56897606	41150000	41400000	0	3046	1668	72936	spaced
SUPER_12	16608473	16642856	IR	326	.	16625725	0.326	0.969	107	34763	16608473	16609388	16641941	16642856	56897606	16450000	16700000	107	2927	915	32553	spaced
SUPER_12	32293170	32387023	IR	326	.	32339613	0.326	0.863	49	93838	32293170	32294706	32385487	32387033	56897606	32200000	32450000	0	2334	1536	90781	spaced
SUPER_12	22136909	22136997	IR	326	.	22136928	0.326	0.922	37	225139	22136909	22136973	22136938	22136997	56897606	22000000	22250000	1090	2282	59	-35	overlap
SUPER_12	52405681	52407136	IR	326	.	52406328	0.326	0.960	26	11632	52405681	52405729	52407088	52407138	56897606	52250000	52500000	289	2606	48	1359	immediate
SUPER_12	38043788	38112775	IR	326	.	38078207	0.326	0.840	24	68939	38043788	38043830	38112733	38112783	56897606	37900000	38150000	309	2971	42	68903	spaced
SUPER_12	50869188	50995486	IR	326	.	50932127	0.326	0.383	23	126286	50869188	50913574	50951100	50995510	56897606	50800000	51050000	79	2205	44386	37526	spaced
SUPER_12	55449151	55524476	IR	325	.	55486648	0.325	0.950	183	75689	55449151	55451436	55522191	55524481	56897606	55300000	55550000	183	3113	2285	70755	spaced
SUPER_12	11567966	11610998	IR	325	.	11589222	0.325	0.949	128	42968	11567966	11569360	11609613	11610998	56897606	11400000	11650000	0	3157	1385	40253	spaced
SUPER_12	49085633	49137826	IR	325	.	49111961	0.325	0.978	127	53176	49085633	49086266	49137193	49137826	56897606	48900000	49150000	88	3528	633	50927	spaced
SUPER_12	25353804	25458675	IR	325	.	25405876	0.325	0.882	79	104848	25353804	25357153	25455326	25458721	56897606	25300000	25550000	0	1770	3349	98173	spaced
SUPER_12	20827877	20870788	IR	325	.	20848939	0.325	0.508	36	42884	20827877	20832500	20866200	20870788	56897606	20650000	20900000	0	3322	4588	33700	spaced
SUPER_12	35525803	35552944	IR	325	.	35538956	0.325	0.934	27	27113	35525803	35526241	35552506	35552944	56897606	35350000	35600000	0	3156	438	26265	spaced
SUPER_12	25826991	25993979	IR	325	.	25910325	0.325	0.752	26	167196	25826991	25827515	25993486	25993979	56897606	25750000	26000000	26	2674	493	165971	wide
SUPER_12	11074197	11156467	IR	325	.	11115487	0.325	0.917	22	82222	11074197	11074241	11156423	11156471	56897606	10950000	11200000	217	2755	44	82182	spaced
SUPER_12	45058933	45255475	IR	325	.	45156795	0.325	1.000	22	196488	45058933	45058987	45255421	45255475	56897606	45050000	45300000	0	1786	54	196434	wide
SUPER_12	13254404	13269629	IR	325	.	13261933	0.325	0.880	21	15183	13254404	13254454	13269585	13269629	56897606	13150000	13400000	182	1866	44	15131	spaced
SUPER_12	9442555	9533785	IR	325	.	9488327	0.325	0.875	20	91186	9442555	9442597	9533743	9533791	56897606	9350000	9600000	169	2302	42	91146	spaced
SUPER_12	15217844	15313123	IR	325	.	15265827	0.325	0.754	20	95239	15217844	15217887	15313080	15313137	56897606	15150000	15400000	0	1924	43	95193	spaced
SUPER_12	21708549	21789182	IR	324	.	21749002	0.324	0.837	55	80965	21708549	21709850	21787937	21789182	56897606	21550000	21800000	55	3314	1245	78087	spaced
SUPER_12	37175327	37261706	IR	324	.	37218799	0.324	0.764	46	86414	37175327	37177264	37259769	37261765	56897606	37050000	37300000	0	2808	1937	82505	spaced
SUPER_12	20888969	20971755	IR	324	.	20930148	0.324	0.697	36	82734	20888969	20889015	20971709	20971775	56897606	20800000	21050000	556	2172	46	82694	spaced
SUPER_12	34935004	35049980	IR	324	.	34992124	0.324	0.880	30	114955	34935004	34936198	35048786	35049980	56897606	34800000	35050000	0	3208	1194	112588	wide
SUPER_12	27064884	27138015	IR	324	.	27101005	0.324	0.877	27	73016	27064884	27065835	27137071	27138015	56897606	26950000	27200000	0	2524	944	71236	spaced
SUPER_12	40865050	40937228	IR	324	.	40900760	0.324	0.818	26	72173	40865050	40865104	40937174	40937240	56897606	40700000	40950000	0	3352	54	72070	spaced
SUPER_12	54424583	54488523	IR	323	.	54456762	0.323	0.920	216	64570	54424583	54427310	54485841	54488523	56897606	54250000	54500000	216	3442	2682	58531	spaced
SUPER_12	44686928	44742712	IR	323	.	44714315	0.323	0.878	86	55755	44686928	44688045	44741641	44742712	56897606	44500000	44750000	0	3580	1071	53596	spaced
SUPER_12	30317313	30524459	IR	323	.	30421232	0.323	0.847	47	207124	30317313	30320196	30521576	30524459	56897606	30300000	30550000	0	2014	2883	201380	wide
SUPER_12	393182	403161	IR	323	.	397768	0.323	0.714	33	9927	393182	393237	403106	403183	56897606	200000	450000	0	3302	55	9869	spaced
SUPER_12	43812006	43814393	IR	323	.	43813399	0.323	0.964	31	2481	43812006	43812251	43814148	43814395	56897606	43600000	43850000	31	3553	245	1897	immediate
SUPER_12	4934071	4962779	IR	323	.	4948142	0.323	0.450	28	28670	4934071	4934111	4962739	4962819	56897606	4850000	5100000	0	1640	40	28628	spaced
SUPER_12	55016374	55044698	IR	323	.	55030306	0.323	0.817	26	28361	55016374	55019081	55041991	55044727	56897606	54850000	55100000	26	3008	2707	22910	spaced
SUPER_12	53117951	53195465	IR	323	.	53156440	0.323	0.806	24	77464	53117951	53118013	53195415	53195465	56897606	53000000	53250000	0	2611	50	77402	spaced
SUPER_12	12636598	12671780	IR	322	.	12654224	0.322	0.882	196	35864	12636598	12638494	12669884	12671916	56897606	12450000	12700000	196	3402	1896	31390	spaced
SUPER_12	47376738	47505887	IR	322	.	47441192	0.322	0.909	103	129670	47376738	47377779	47504895	47505887	56897606	47300000	47550000	111	2355	992	127116	wide
SUPER_12	943600	1034807	IR	322	.	989018	0.322	0.830	26	91315	943600	946539	1031909	1034807	56897606	800000	1050000	26	3153	2898	85370	spaced
SUPER_12	55138358	55220996	IR	322	.	55179498	0.322	0.932	22	82599	55138358	55138402	55220955	55220996	56897606	55000000	55250000	254	2994	41	82553	spaced
SUPER_12	35203655	35256784	IR	322	.	35229821	0.322	0.880	20	53085	35203655	35203699	35256740	35256790	56897606	35050000	35300000	0	3003	44	53041	spaced
SUPER_12	53967247	53986731	IR	322	.	53976822	0.322	0.822	20	20262	53967247	53967809	53986180	53986731	56897606	53750000	54000000	20	3783	551	18371	spaced
SUPER_12	14264933	14281095	IR	321	.	14272865	0.321	0.959	156	16315	14264933	14265941	14280106	14281095	56897606	14050000	14300000	158	3716	989	14165	spaced
SUPER_12	36337982	36405214	IR	321	.	36371186	0.321	0.786	45	67234	36337982	36339984	36403212	36405237	56897606	36300000	36550000	0	1193	2002	63228	spaced
SUPER_12	23089160	23104259	IR	321	.	23096380	0.321	0.903	27	15043	23089160	23089216	23104203	23104265	56897606	23050000	23300000	0	778	56	14987	spaced
SUPER_12	43431686	43628773	IR	320	.	43529861	0.320	0.923	351	197089	43431686	43436257	43624202	43628802	56897606	43400000	43650000	0	2170	4571	187945	wide
SUPER_12	42266252	42301686	IR	320	.	42283566	0.320	0.913	187	35416	42266252	42269419	42298547	42301686	56897606	42100000	42350000	0	3066	3139	29128	spaced
SUPER_12	50744293	50854430	IR	320	.	50799814	0.320	0.757	43	110114	50744293	50746889	50851846	50854430	56897606	50650000	50900000	0	2489	2584	104957	wide
SUPER_12	43307928	43401013	IR	320	.	43354840	0.320	0.948	30	93036	43307928	43308294	43400647	43401013	56897606	43250000	43500000	0	1741	366	92353	spaced
SUPER_12	1443302	1482319	IR	320	.	1462755	0.320	0.800	29	38973	1443302	1443362	1482271	1482319	56897606	1250000	1500000	351	3546	48	38909	spaced
SUPER_12	56613134	56665789	IR	320	.	56639050	0.320	0.597	28	52624	56613134	56615889	56663060	56665789	56897606	56450000	56700000	0	3157	2729	47171	spaced
SUPER_12	40173896	40292145	IR	320	.	40232552	0.320	0.973	25	118226	40173896	40174118	40291923	40292146	56897606	40050000	40300000	0	3050	222	117805	wide
SUPER_12	8118020	8233089	IR	320	.	8175763	0.320	1.000	20	115052	8118020	8118037	8233072	8233089	56897606	8000000	8250000	2	2925	17	115035	wide
SUPER_12	52196813	52239379	IR	320	.	52218157	0.320	0.833	20	42526	52196813	52196853	52239339	52239387	56897606	52050000	52300000	160	2801	40	42486	spaced
SUPER_12	52086569	52128543	IR	319	.	52107169	0.319	0.878	202	41946	52086569	52089604	52125592	52128543	56897606	51900000	52150000	0	3459	2951	35988	spaced
SUPER_12	44926681	45016575	IR	319	.	44971623	0.319	0.605	32	89848	44926681	44926719	45016537	45016601	56897606	44800000	45050000	164	2860	38	89818	spaced
SUPER_12	38281227	38376248	IR	318	.	38328865	0.318	0.910	160	95669	38281227	38283284	38374239	38376248	56897606	38250000	38500000	164	1312	2009	90955	spaced
SUPER_12	31046982	31054388	IR	318	.	31051016	0.318	0.597	41	5728	31046982	31049768	31051602	31054402	56897606	31000000	31250000	0	844	2786	1834	immediate
SUPER_12	8941488	8950358	IR	318	.	8945765	0.318	0.625	37	8838	8941488	8941552	8950318	8950358	56897606	8750000	9000000	371	3265	40	8766	spaced
SUPER_12	47033345	47118447	IR	318	.	47075882	0.318	0.625	32	85052	47033345	47033385	47118407	47118471	56897606	46900000	47150000	196	2931	40	85022	spaced
SUPER_12	4218155	4301344	IR	318	.	4259646	0.318	0.810	30	83826	4218155	4221552	4297947	4301358	56897606	4200000	4450000	30	995	3397	76395	spaced
SUPER_12	50002472	50081849	IR	318	.	50041931	0.318	0.667	29	79331	50002472	50002512	50081809	50081869	56897606	49850000	50100000	247	3202	40	79297	spaced
SUPER_12	5437401	5448195	IR	318	.	5442424	0.318	0.667	24	10750	5437401	5437467	5448151	5448195	56897606	5250000	5500000	0	3213	44	10684	spaced
SUPER_12	28521298	28542190	IR	317	.	28531424	0.317	0.843	36	20896	28521298	28522827	28540661	28542220	56897606	28300000	28550000	0	3862	1529	17834	spaced
SUPER_12	53426469	53430809	IR	317	.	53429101	0.317	0.924	30	4302	53426469	53426864	53430430	53430809	56897606	53300000	53550000	0	2143	379	3566	spaced
SUPER_12	5110130	5176174	IR	317	.	5142862	0.317	0.595	25	66004	5110130	5110172	5176132	5176204	56897606	4950000	5200000	0	3219	42	65960	spaced
SUPER_12	51192049	51251456	IR	317	.	51221871	0.317	0.680	22	59379	51192049	51192099	51251422	51251456	56897606	51050000	51300000	97	2862	34	59323	spaced
SUPER_12	3886077	3901880	IR	317	.	3893869	0.317	0.880	20	15757	3886077	3886121	3901836	3901886	56897606	3700000	3950000	185	3232	44	15715	spaced
SUPER_12	19857284	20026669	IR	317	.	19941568	0.317	0.793	20	169343	19857284	19857342	20026623	20026669	56897606	19800000	20050000	0	2366	46	169281	wide
SUPER_12	50433983	50443472	IR	316	.	50438462	0.316	1.000	580	9470	50433983	50437185	50440270	50443472	56897606	50200000	50450000	0	3978	3202	3085	spaced
SUPER_12	33097109	33165553	IR	316	.	33131647	0.316	0.805	38	68423	33097109	33098545	33164128	33165553	56897606	33000000	33250000	0	2188	1425	65583	spaced
SUPER_12	37057972	37065939	IR	316	.	37061764	0.316	0.708	28	7985	37057972	37059050	37064864	37065939	56897606	37000000	37250000	28	1032	1075	5814	spaced
SUPER_12	5856680	5898169	IR	316	.	5877075	0.316	0.525	24	41449	5856680	5856720	5898129	5898203	56897606	5750000	6000000	0	2123	40	41409	spaced
SUPER_12	56162057	56290409	IR	315	.	56226464	0.315	1.000	78	128338	56162057	56162074	56290392	56290409	56897606	56100000	56350000	1	2103	17	128318	wide
SUPER_12	41483445	41488286	IR	315	.	41485936	0.315	0.899	62	5497	41483445	41483993	41487747	41488286	56897606	41450000	41700000	62	597	539	3754	spaced
SUPER_12	41731466	41757859	IR	315	.	41744472	0.315	0.929	61	26553	41731466	41732463	41756862	41757883	56897606	41550000	41800000	61	3244	997	24399	spaced
SUPER_12	35758468	35796810	IR	315	.	35777198	0.315	0.000	36	38325	35758468	35758572	35796774	35796810	56897606	35650000	35900000	0	2127	36	38202	spaced
SUPER_12	35358020	35476340	IR	315	.	35417592	0.315	0.634	33	118268	35358020	35358072	35476288	35476370	56897606	35250000	35500000	0	2786	52	118216	wide
SUPER_12	24120040	24176253	IR	315	.	24147688	0.315	0.903	27	56157	24120040	24120102	24176197	24176253	56897606	23950000	24200000	0	3302	56	56095	spaced
SUPER_12	46356819	46361249	IR	315	.	46359198	0.315	0.714	25	4386	46356819	46356859	46361209	46361265	56897606	46150000	46400000	197	3483	40	4350	spaced
SUPER_12	29575037	29701586	IR	314	.	29638340	0.314	0.975	153	126733	29575037	29576012	29700611	29701594	56897606	29500000	29750000	155	2305	975	124599	wide
SUPER_12	22581907	22593699	IR	314	.	22587619	0.314	0.883	75	12140	22581907	22584481	22591155	22593699	56897606	22350000	22600000	75	3963	2544	6674	spaced
SUPER_12	39703671	39710556	IR	314	.	39707028	0.314	0.959	75	7199	39703671	39704406	39709822	39710556	56897606	39500000	39750000	75	3451	734	5416	spaced
SUPER_12	20971699	21088453	IR	314	.	21029626	0.314	0.767	42	116688	20971699	20971785	21088387	21088453	56897606	20900000	21150000	0	2167	66	116602	wide
SUPER_12	25198713	25202497	IR	314	.	25200969	0.314	0.872	29	3767	25198713	25199555	25201691	25202497	56897606	25000000	25250000	0	3343	806	2136	spaced
SUPER_12	31858763	31920737	IR	314	.	31889423	0.314	0.476	28	61932	31858763	31858845	31920695	31920737	56897606	31850000	32100000	0	662	42	61850	spaced
SUPER_12	2666301	2728841	IR	314	.	2697693	0.314	0.770	24	64108	2666301	2666744	2728465	2728841	56897606	2600000	2850000	25	1626	376	61721	spaced
SUPER_12	51734542	51797809	IR	313	.	51766407	0.313	0.718	44	63250	51734542	51735063	51797288	51797809	56897606	51700000	51950000	10	1102	521	62225	spaced
SUPER_12	24544193	24675517	IR	313	.	24609532	0.313	0.891	20	131083	24544193	24544777	24674934	24675517	56897606	24450000	24700000	0	2664	583	130157	wide
SUPER_12	236465	242591	IR	312	.	239558	0.312	0.962	81	6183	236465	237084	241972	242593	56897606	50000	300000	81	3158	619	4888	spaced
SUPER_12	12279112	12285118	IR	312	.	12282219	0.312	0.815	21	5960	12279112	12279156	12285074	12285128	56897606	12050000	12300000	196	3868	44	5918	spaced
SUPER_12	33050961	33079283	IR	311	.	33065288	0.311	0.812	140	28758	33050961	33055631	33074632	33079283	56897606	32850000	33100000	140	3585	4651	19001	spaced
SUPER_12	8714596	8941522	IR	311	.	8827815	0.311	0.955	37	226884	8714596	8714638	8941480	8941524	56897606	8700000	8950000	130	2134	42	226842	wide
SUPER_12	50487000	50594834	IR	311	.	50541108	0.311	0.963	33	107804	50487000	50487054	50594782	50594834	56897606	50450000	50700000	440	1515	52	107728	wide
SUPER_12	44063328	44173005	IR	310	.	44118673	0.310	0.839	81	109261	44063328	44065896	44170437	44173049	56897606	44000000	44250000	0	1969	2568	104541	wide
SUPER_12	1815557	1875399	IR	310	.	1844983	0.310	0.852	45	59819	1815557	1816255	1874733	1875399	56897606	1700000	1950000	0	2424	666	58478	spaced
SUPER_12	56667999	56712432	IR	310	.	56690257	0.310	1.000	28	44403	56667999	56668047	56712384	56712432	56897606	56500000	56750000	321	3170	48	44337	spaced
SUPER_12	1228496	1316440	IR	310	.	1272146	0.310	0.812	27	87892	1228496	1228560	1316388	1316440	56897606	1100000	1350000	0	2874	52	87828	spaced
SUPER_12	49916621	49939703	IR	310	.	49928480	0.310	0.847	21	23037	49916621	49917282	49939042	49939728	56897606	49700000	49950000	0	3802	661	21760	spaced
SUPER_12	28566372	28569508	IR	310	.	28567802	0.310	0.750	20	3100	28566372	28566408	28569472	28569520	56897606	28350000	28600000	157	3632	36	3064	spaced
SUPER_12	48591236	48601015	IR	310	.	48595919	0.310	0.840	20	9741	48591236	48591286	48600973	48601015	56897606	48450000	48700000	182	2435	42	9687	spaced
SUPER_12	48759268	48762798	IR	309	.	48761488	0.309	0.873	42	3491	48759268	48759648	48762418	48762832	56897606	48650000	48900000	0	1850	380	2770	spaced
SUPER_12	35117378	35183214	IR	309	.	35150449	0.309	0.881	36	65871	35117378	35117969	35182623	35183250	56897606	34950000	35200000	43	3338	591	64654	spaced
SUPER_12	7035924	7055127	IR	309	.	7045284	0.309	0.960	28	19155	7035924	7035972	7055079	7055129	56897606	6850000	7100000	303	3258	48	19107	spaced
SUPER_12	29977650	30015994	IR	308	.	29996483	0.308	0.820	29	38325	29977650	29980335	30013315	30015994	56897606	29850000	30100000	0	2446	2679	32980	spaced
SUPER_12	22072957	22136977	IR	307	.	22104590	0.307	0.740	54	63946	22072957	22073031	22136903	22137003	56897606	21950000	22200000	0	2582	74	63872	spaced
SUPER_12	20420300	20429202	IR	307	.	20424384	0.307	0.855	50	8937	20420300	20420658	20428844	20429259	56897606	20300000	20550000	0	2079	358	8186	spaced
SUPER_12	5681011	5687141	IR	307	.	5683889	0.307	0.566	37	6113	5681011	5681078	5687103	5687141	56897606	5450000	5700000	414	3901	38	6025	spaced
SUPER_12	13214820	13254452	IR	307	.	13234656	0.307	0.889	32	39586	13214820	13214874	13254404	13254452	56897606	13100000	13350000	434	2243	48	39530	spaced
SUPER_12	24051137	24120084	IR	307	.	24085892	0.307	0.710	21	68903	24051137	24051181	24120040	24120102	56897606	23900000	24150000	0	3093	44	68859	spaced
SUPER_12	42499037	42503364	IR	305	.	42500994	0.305	0.808	27	4616	42499037	42499203	42503198	42503390	56897606	42400000	42650000	31	1686	166	3995	spaced
SUPER_12	6736911	6858174	IR	305	.	6797381	0.305	0.765	24	121308	6736911	6738606	6856482	6858174	56897606	6650000	6900000	24	2458	1692	117876	wide
SUPER_12	48191189	48381714	IR	304	.	48286667	0.304	0.876	53	190821	48191189	48191887	48381016	48381764	56897606	48150000	48400000	58	2274	698	189129	wide
SUPER_12	23104207	23118071	IR	304	.	23111220	0.304	1.000	30	13814	23104207	23104257	23118021	23118071	56897606	23050000	23300000	394	1018	50	13764	spaced
SUPER_12	11540491	11549870	IR	303	.	11545079	0.303	0.824	53	9477	11540491	11540763	11549641	11549870	56897606	11300000	11550000	82	4086	229	8878	spaced
SUPER_12	3565281	3660350	IR	303	.	3612969	0.303	0.836	28	95940	3565281	3566955	3658676	3660390	56897606	3450000	3700000	28	2713	1674	91721	spaced
SUPER_12	36283758	36318850	IR	302	.	36300907	0.302	0.823	63	35094	36283758	36285872	36316736	36318917	56897606	36200000	36450000	0	1688	2114	30864	spaced
SUPER_12	44572772	44598016	IR	302	.	44585603	0.302	0.729	23	25298	44572772	44573016	44597772	44598093	56897606	44350000	44600000	31	3923	244	24756	spaced
SUPER_12	26449829	26604652	IR	301	.	26527470	0.301	0.922	114	158231	26449829	26451620	26602862	26604652	56897606	26400000	26650000	93	2120	1790	151242	wide
SUPER_12	41418126	41429133	IR	298	.	41423149	0.298	0.996	189	10989	41418126	41419228	41428031	41429134	56897606	41200000	41450000	0	3727	1102	8803	spaced
SUPER_12	26006543	26053675	IR	297	.	26030438	0.297	0.705	397	47115	26006543	26019747	26040490	26053675	56897606	25850000	26100000	0	3001	13185	20743	spaced
SUPER_12	41634902	41639175	IR	296	.	41636704	0.296	0.998	77	4254	41634902	41635349	41638728	41639175	56897606	41400000	41650000	0	3950	447	3379	spaced
SUPER_12	10403288	10505948	IR	294	.	10454334	0.294	0.462	59	102731	10403288	10431553	10477683	10506037	56897606	10400000	10650000	0	910	28265	46130	spaced
SUPER_12	39460010	39614354	IR	294	.	39536844	0.294	0.398	34	154293	39460010	39490572	39583872	39614354	56897606	39400000	39650000	0	2286	30482	93300	spaced
SUPER_12	28455596	28483596	IR	292	.	28469374	0.292	0.894	21	28046	28455596	28455781	28483411	28483608	56897606	28250000	28500000	21	3659	185	27630	spaced
SUPER_13	24021801	24023631	IR	913	.	24022701	0.913	0.858	96	2147	24021801	24022505	24022927	24023656	55375397	23800000	24050000	96	3711	704	422	immediate
SUPER_13	15111812	15114966	IR	890	.	15113389	0.890	1.000	269	3644	15111812	15113015	15113763	15114966	55375397	14900000	15150000	269	3556	1203	748	immediate
SUPER_13	26002222	26005065	IR	676	.	26003866	0.676	0.791	24	2847	26002222	26003228	26004095	26005065	55375397	25850000	26100000	24	2560	970	867	immediate
SUPER_13	47332406	47334378	IR	656	.	47333392	0.656	0.990	118	2067	47332406	47333086	47333699	47334378	55375397	47100000	47350000	119	3889	679	613	immediate
SUPER_13	47430809	47435458	IR	640	.	47433144	0.640	0.971	327	5098	47430809	47432692	47433575	47435472	55375397	47200000	47450000	327	3885	1883	883	immediate
SUPER_13	46327552	46329541	IR	640	.	46328547	0.640	0.996	93	2079	46327552	46328012	46329082	46329541	55375397	46100000	46350000	93	3808	459	1070	immediate
SUPER_13	50191032	50226488	IR	609	.	50208892	0.609	0.419	32	35536	50191032	50208514	50209006	50226579	55375397	50000000	50250000	43	3479	17482	492	immediate
SUPER_13	32209309	32318152	IR	604	.	32263494	0.604	0.594	86	109239	32209309	32211554	32315926	32318152	55375397	32200000	32450000	14	1062	2226	104372	wide
SUPER_13	9463066	9465162	IR	594	.	9464114	0.594	0.961	113	2236	9463066	9463983	9464245	9465163	55375397	9250000	9500000	113	3568	917	262	immediate
SUPER_13	39688224	39691683	IR	540	.	39689954	0.540	0.976	183	3856	39688224	39689368	39690540	39691683	55375397	39450000	39700000	192	3999	1143	1172	immediate
SUPER_13	5453978	5456298	IR	520	.	5455147	0.520	0.946	74	2615	5453978	5454384	5455908	5456298	55375397	5400000	5650000	83	918	390	1524	immediate
SUPER_13	3876974	3879114	IR	518	.	3878044	0.518	0.870	35	2182	3876974	3877579	3878509	3879130	55375397	3650000	3900000	35	3800	605	930	immediate
SUPER_13	22860665	22862686	IR	504	.	22861509	0.504	0.976	75	2185	22860665	22861076	22862275	22862691	55375397	22700000	22950000	79	2694	411	1199	immediate
SUPER_13	1430702	1432708	IR	502	.	1431705	0.502	0.953	122	2248	1430702	1431589	1431821	1432726	55375397	1200000	1450000	122	3861	887	232	immediate
SUPER_13	32824055	32852807	IR	493	.	32838509	0.493	0.827	176	30829	32824055	32826967	32849895	32852835	55375397	32800000	33050000	192	640	2912	22928	spaced
SUPER_13	34993256	34995246	IR	492	.	34994245	0.492	0.840	34	2243	34993256	34993835	34994667	34995290	55375397	34950000	35200000	34	737	579	832	immediate
SUPER_13	41372061	41398002	IR	489	.	41384635	0.489	0.869	79	25999	41372061	41373780	41396283	41398082	55375397	41150000	41400000	0	3917	1719	22503	spaced
SUPER_13	8392646	8452842	IR	474	.	8422784	0.474	0.404	20	31042	8392646	8422328	8423238	8452842	55375397	8350000	8600000	20	1212	29604	910	immediate
SUPER_13	36119339	36121075	IR	467	.	36120207	0.467	0.860	69	2121	36119339	36119970	36120444	36121114	55375397	35950000	36200000	69	2836	631	474	immediate
SUPER_13	8142282	8145845	IR	461	.	8144065	0.461	0.872	66	4253	8142282	8143370	8144779	8145845	55375397	7950000	8200000	85	3234	1066	1409	immediate
SUPER_13	8789960	8919251	IR	461	.	8854911	0.461	0.389	38	129253	8789960	8854602	8854657	8919251	55375397	8750000	9000000	0	1743	64594	55	immediate
SUPER_13	15658099	15887496	IR	458	.	15772642	0.458	0.920	98	230224	15658099	15659224	15886371	15887504	55375397	15650000	15900000	99	2046	1125	227147	wide
SUPER_13	17052040	17054158	IR	447	.	17052735	0.447	0.950	102	2097	17052040	17052989	17053230	17054158	55375397	17050000	17300000	0	51	928	241	immediate
SUPER_13	19264497	19267871	IR	441	.	19266204	0.441	0.847	53	3404	19264497	19265487	19266921	19267871	55375397	19250000	19500000	65	269	950	1434	immediate
SUPER_13	25442964	25548630	IR	432	.	25496020	0.432	1.000	109	105960	25442964	25443017	25548577	25548630	55375397	25350000	25600000	9	2429	53	105560	wide
SUPER_13	32059150	32130558	IR	432	.	32094573	0.432	0.648	96	68610	32059150	32078280	32111535	32130558	55375397	31950000	32200000	0	2414	19023	33255	spaced
SUPER_13	42461778	42464093	IR	431	.	42462939	0.431	0.861	49	2259	42461778	42462291	42463588	42464093	55375397	42400000	42650000	78	1048	505	1297	immediate
SUPER_13	4745450	4746993	IR	426	.	4746217	0.426	0.829	31	16979	4745450	4745875	4746568	4747029	55375397	4650000	4900000	32	1603	425	693	immediate
SUPER_13	13117122	13118827	IR	419	.	13118198	0.419	0.957	27	94077	13117122	13117353	13118596	13118827	55375397	13000000	13250000	27	1966	231	1243	immediate
SUPER_13	32687759	32727468	IR	418	.	32707772	0.418	0.857	128	40247	32687759	32691347	32723964	32727468	55375397	32500000	32750000	128	3460	3504	32617	spaced
SUPER_13	25664873	25858063	IR	418	.	25761021	0.418	0.888	125	193171	25664873	25667885	25855062	25858063	55375397	25650000	25900000	0	1857	3001	187177	wide
SUPER_13	17077109	17115432	IR	418	.	17095982	0.418	0.877	50	38265	17077109	17078763	17113778	17115446	55375397	17000000	17250000	0	1604	1654	35015	spaced
SUPER_13	27823438	27855236	IR	417	.	27839432	0.417	0.913	181	33270	27823438	27826401	27852273	27855296	55375397	27700000	27950000	184	2322	2963	25872	spaced
SUPER_13	34396563	34594250	IR	411	.	34495631	0.411	0.957	21	197643	34396563	34396607	34594206	34594252	55375397	34350000	34600000	200	2423	44	197599	wide
SUPER_13	43348004	43350309	IR	409	.	43349151	0.409	0.964	164	2737	43348004	43348954	43349359	43350313	55375397	43200000	43450000	165	2485	950	405	immediate
SUPER_13	31524543	31727929	IR	408	.	31626585	0.408	0.896	28	203325	31524543	31525204	31727268	31727947	55375397	31500000	31750000	0	2103	661	202064	wide
SUPER_13	8509497	8648674	IR	403	.	8579156	0.403	0.967	211	139569	8509497	8510613	8647581	8648674	55375397	8450000	8700000	237	2151	1093	136968	wide
SUPER_13	48690331	48697754	IR	401	.	48694073	0.401	0.774	77	7606	48690331	48692725	48695384	48697754	55375397	48600000	48850000	77	1567	2370	2659	spaced
SUPER_13	53708546	53949914	IR	401	.	53829355	0.401	0.632	31	241338	53708546	53708608	53949876	53949914	55375397	53700000	53950000	286	2153	38	241268	wide
SUPER_13	21890095	21894085	IR	400	.	21892471	0.400	0.829	21	3969	21890095	21890327	21893862	21894085	55375397	21850000	22100000	0	701	223	3535	spaced
SUPER_13	5163729	5357894	IR	398	.	5261266	0.398	0.763	34	194107	5163729	5163787	5357836	5357912	55375397	5150000	5400000	0	1846	58	194049	wide
SUPER_13	2553382	2555105	IR	397	.	2554243	0.397	0.989	91	2067	2553382	2553926	2554561	2555107	55375397	2400000	2650000	92	2570	544	635	immediate
SUPER_13	20647755	20650902	IR	395	.	20649337	0.395	1.000	21	3107	20647755	20647797	20650860	20650902	55375397	20500000	20750000	84	2488	42	3063	spaced
SUPER_13	17802621	17929587	IR	393	.	17865775	0.393	0.667	26	126920	17802621	17802669	17929539	17929611	55375397	17700000	17950000	0	2768	48	126870	wide
SUPER_13	32493996	32620464	IR	392	.	32557677	0.392	0.696	74	126507	32493996	32496647	32617813	32620522	55375397	32400000	32650000	0	2620	2651	121166	wide
SUPER_13	33456444	33480665	IR	392	.	33468628	0.392	0.877	22	24224	33456444	33456662	33480447	33480665	55375397	33350000	33600000	36	1975	218	23785	spaced
SUPER_13	48137761	48186077	IR	390	.	48161984	0.390	0.852	27	48321	48137761	48137807	48186031	48186085	55375397	47950000	48200000	248	3531	46	48224	spaced
SUPER_13	1095672	1176864	IR	388	.	1136384	0.388	0.867	40	81144	1095672	1095732	1176812	1176864	55375397	950000	1200000	584	3104	52	81080	spaced
SUPER_13	4854441	5037839	IR	388	.	4946433	0.388	0.385	32	183356	4854441	4942748	4949579	5037839	55375397	4850000	5100000	0	1602	88260	6831	spaced
SUPER_13	29009179	29014070	IR	387	.	29011626	0.387	0.999	335	6197	29009179	29010601	29012650	29014070	55375397	28900000	29150000	337	1860	1420	2049	spaced
SUPER_13	52585645	52589647	IR	387	.	52587651	0.387	0.958	201	28771	52585645	52586774	52588530	52589647	55375397	52400000	52650000	235	3127	1117	1756	immediate
SUPER_13	42152359	42234455	IR	386	.	42193211	0.386	0.953	227	82437	42152359	42153643	42233171	42234507	55375397	42000000	42250000	260	3223	1284	79528	spaced
SUPER_13	7521787	7623346	IR	385	.	7573011	0.385	0.890	268	101116	7521787	7526176	7618957	7623367	55375397	7500000	7750000	0	1209	4389	92781	spaced
SUPER_13	39956739	40058054	IR	384	.	40007625	0.384	0.265	37	101368	39956739	39956805	40057988	40058147	55375397	39850000	40100000	222	2623	66	101183	wide
SUPER_13	10646036	10671288	IR	382	.	10659054	0.382	0.885	188	25229	10646036	10649051	10668281	10671288	55375397	10450000	10700000	0	3477	3007	19230	spaced
SUPER_13	12942779	12997018	IR	382	.	12969411	0.382	0.844	80	54137	12942779	12944296	12995505	12997018	55375397	12850000	13100000	0	1998	1513	51209	spaced
SUPER_13	7846300	7851699	IR	382	.	7849101	0.382	0.854	22	5512	7846300	7847060	7850973	7851699	55375397	7650000	7900000	22	3316	726	3913	spaced
SUPER_13	11467328	11565073	IR	381	.	11516259	0.381	0.986	120	97852	11467328	11467979	11564423	11565073	55375397	11350000	11600000	120	2769	650	96444	spaced
SUPER_13	10835240	10840791	IR	380	.	10837576	0.380	0.440	20	5573	10835240	10837249	10838782	10840855	55375397	10700000	10950000	0	2300	2009	1533	immediate
SUPER_13	53359403	53361746	IR	379	.	53360575	0.379	0.978	117	2605	53359403	53360133	53361017	53361746	55375397	53150000	53400000	117	3509	729	884	immediate
SUPER_13	20330356	20465965	IR	379	.	20397724	0.379	0.389	35	135568	20330356	20370040	20426281	20465976	55375397	20250000	20500000	0	2469	39684	56241	spaced
SUPER_13	48509806	48663215	IR	378	.	48586741	0.378	1.000	21	153367	48509806	48509844	48663177	48663215	55375397	48500000	48750000	12	1441	38	153333	wide
SUPER_13	12133146	12208646	IR	377	.	12171304	0.377	0.953	180	75520	12133146	12134697	12207095	12208683	55375397	12000000	12250000	0	2848	1551	72398	spaced
SUPER_13	7999750	8001515	IR	375	.	8000633	0.375	0.994	147	2077	7999750	8000455	8000810	8001515	55375397	7800000	8050000	147	3343	705	355	immediate
SUPER_13	18150397	18346222	IR	372	.	18247882	0.372	0.945	604	195801	18150397	18157167	18339528	18346222	55375397	18150000	18400000	0	1638	6694	182361	wide
SUPER_13	10952573	10968246	IR	371	.	10960508	0.371	0.354	55	16797	10952573	10953164	10967655	10968628	55375397	10800000	11050000	86	2672	591	14491	spaced
SUPER_13	33329721	33430098	IR	371	.	33379531	0.371	0.747	41	99985	33329721	33332804	33427015	33430193	55375397	33250000	33500000	0	2165	3083	94211	spaced
SUPER_13	9237566	9258837	IR	371	.	9247716	0.371	0.801	38	21215	9237566	9238644	9257788	9258837	55375397	9150000	9400000	0	1636	1049	19144	spaced
SUPER_13	4115859	4164224	IR	370	.	4140093	0.370	0.905	204	49192	4115859	4117293	4162858	4164224	55375397	3950000	4200000	224	3167	1366	45565	spaced
SUPER_13	27303934	27342418	IR	370	.	27323008	0.370	0.836	58	38701	27303934	27305255	27341097	27342511	55375397	27150000	27400000	59	2886	1321	35842	spaced
SUPER_13	55136290	55240999	IR	370	.	55188139	0.370	0.910	37	104685	55136290	55137224	55240066	55240999	55375397	55000000	55250000	0	3143	933	102842	wide
SUPER_13	21117899	21308145	IR	370	.	21212706	0.370	0.294	24	190212	21117899	21117933	21308111	21308189	55375397	21100000	21350000	0	1883	34	190178	wide
SUPER_13	429386	469008	IR	369	.	449652	0.369	0.470	183	39602	429386	448836	449595	469008	55375397	300000	550000	0	2486	19413	759	immediate
SUPER_13	42764683	42769361	IR	369	.	42767487	0.369	0.962	132	4663	42764683	42765803	42768241	42769366	55375397	42550000	42800000	0	3616	1120	2438	spaced
SUPER_13	54719220	54937597	IR	369	.	54827966	0.369	0.830	38	218356	54719220	54720132	54936759	54937597	55375397	54700000	54950000	0	2140	838	216627	wide
SUPER_13	12270248	12290175	IR	369	.	12279943	0.369	0.571	29	19885	12270248	12270322	12290133	12290175	55375397	12050000	12300000	0	3836	42	19811	spaced
SUPER_13	20881907	20931775	IR	368	.	20907257	0.368	0.888	22	49849	20881907	20882625	20931057	20931780	55375397	20750000	21000000	0	2613	718	48432	spaced
SUPER_13	37385950	37390754	IR	367	.	37388403	0.367	0.851	99	5100	37385950	37387612	37389194	37390754	55375397	37200000	37450000	100	3139	1560	1582	immediate
SUPER_13	24399343	24432637	IR	367	.	24415593	0.367	0.913	60	33266	24399343	24400465	24431515	24432637	55375397	24200000	24450000	0	3599	1122	31050	spaced
SUPER_13	43892605	43992045	IR	366	.	43942591	0.366	0.938	53	99421	43892605	43893607	43991043	43992047	55375397	43750000	44000000	0	3205	1002	97436	spaced
SUPER_13	29646852	29827414	IR	366	.	29737458	0.366	0.839	43	180397	29646852	29648795	29825517	29827414	55375397	29600000	29850000	0	2285	1897	176722	wide
SUPER_13	49719338	49861761	IR	365	.	49790968	0.365	0.768	64	142468	49719338	49720887	49860212	49861824	55375397	49650000	49900000	0	2342	1549	139325	wide
SUPER_13	45717486	45725656	IR	365	.	45721918	0.365	0.821	21	8124	45717486	45717542	45725610	45725656	55375397	45500000	45750000	0	3692	46	8068	spaced
SUPER_13	40599868	40672644	IR	364	.	40636251	0.364	0.853	47	72917	40599868	40601261	40671251	40672659	55375397	40550000	40800000	47	1437	1393	69990	spaced
SUPER_13	7991712	7993871	IR	364	.	7992817	0.364	0.915	41	2210	7991712	7992024	7993560	7993871	55375397	7750000	8000000	54	4046	311	1536	immediate
SUPER_13	17564510	17637846	IR	364	.	17601543	0.364	0.832	33	73310	17564510	17565451	17636948	17637846	55375397	17450000	17700000	0	2519	898	71497	spaced
SUPER_13	9849881	9881536	IR	363	.	9866088	0.363	0.763	35	31621	9849881	9849957	9881478	9881536	55375397	9650000	9900000	0	3595	58	31521	spaced
SUPER_13	37551313	37572980	IR	363	.	37561842	0.363	0.841	27	21473	37551313	37553569	37570724	37573038	55375397	37550000	37800000	0	202	2256	17155	spaced
SUPER_13	52828038	52879268	IR	362	.	52853423	0.362	0.970	577	53613	52828038	52832487	52874819	52879268	55375397	52750000	53000000	542	1727	4449	42332	spaced
SUPER_13	26381731	26446818	IR	362	.	26414798	0.362	0.473	191	64991	26381731	26404504	26424105	26446818	55375397	26200000	26450000	0	3571	22713	19601	spaced
SUPER_13	33774384	33783225	IR	361	.	33779248	0.361	0.306	29	8805	33774384	33774420	33783189	33783271	55375397	33550000	33800000	0	3813	36	8769	spaced
SUPER_13	6946912	7000314	IR	361	.	6973151	0.361	0.929	22	53350	6946912	6946968	7000262	7000314	55375397	6800000	7050000	0	2893	52	53294	spaced
SUPER_13	14597277	14694162	IR	361	.	14645548	0.361	0.823	20	96628	14597277	14598799	14692640	14694171	55375397	14550000	14800000	20	1595	1522	93841	spaced
SUPER_13	42907975	42941486	IR	360	.	42924518	0.360	0.918	30	33519	42907975	42908575	42940886	42941497	55375397	42700000	42950000	30	3745	600	32311	spaced
SUPER_13	6039491	6167358	IR	360	.	6102968	0.360	0.632	27	127821	6039491	6039539	6167310	6167386	55375397	6000000	6250000	0	1723	48	127771	wide
SUPER_13	41859575	41980596	IR	360	.	41919928	0.360	0.910	22	121270	41859575	41859798	41980373	41980606	55375397	41800000	42050000	22	2001	223	120575	wide
SUPER_13	587182	642399	IR	359	.	614345	0.359	0.911	113	55197	587182	588653	640935	642399	55375397	550000	800000	0	1079	1464	52282	spaced
SUPER_13	38627325	38714349	IR	359	.	38671119	0.359	0.803	29	87018	38627325	38628546	38713128	38714367	55375397	38550000	38800000	0	2013	1221	84582	spaced
SUPER_13	49895336	49995195	IR	359	.	49945032	0.359	0.647	20	99821	49895336	49895370	49995161	49995215	55375397	49750000	50000000	54	3254	34	99791	spaced
SUPER_13	3390159	3491737	IR	358	.	3440952	0.358	0.924	94	101921	3390159	3391036	3490901	3491737	55375397	3250000	3500000	94	3182	836	99865	spaced
SUPER_13	12646381	12646451	IR	358	.	12646409	0.358	0.875	28	57813	12646381	12646429	12646409	12646451	55375397	12500000	12750000	378	2440	42	-20	overlap
SUPER_13	15203097	15205633	IR	358	.	15204830	0.358	0.333	26	2500	15203097	15203133	15205597	15205677	55375397	15050000	15300000	0	2572	36	2464	spaced
SUPER_13	13988304	14026973	IR	358	.	14007282	0.358	0.742	23	38623	13988304	13988350	14026927	14026989	55375397	13800000	14050000	0	3460	46	38577	spaced
SUPER_13	27736440	27790095	IR	357	.	27763598	0.357	0.876	168	53648	27736440	27739771	27786764	27790119	55375397	27550000	27800000	0	3554	3331	46993	spaced
SUPER_13	20711345	20740624	IR	357	.	20725807	0.357	0.877	86	30512	20711345	20712646	20739323	20740693	55375397	20500000	20750000	89	3766	1301	26677	spaced
SUPER_13	18681849	18894007	IR	357	.	18788197	0.357	0.913	72	212128	18681849	18683400	18892456	18894023	55375397	18650000	18900000	0	2298	1551	209056	wide
SUPER_13	10021832	10090490	IR	357	.	10056484	0.357	0.920	23	68598	10021832	10022251	10090071	10090497	55375397	10000000	10250000	0	935	419	67820	spaced
SUPER_13	35520624	35550212	IR	357	.	35535457	0.357	0.741	21	29558	35520624	35520678	35550172	35550212	55375397	35500000	35750000	156	590	40	29494	spaced
SUPER_13	47555719	47649633	IR	356	.	47603131	0.356	0.906	97	93869	47555719	47557376	47647999	47649633	55375397	47550000	47800000	0	877	1634	90623	spaced
SUPER_13	1333720	1354241	IR	356	.	1344126	0.356	0.847	43	20575	1333720	1334889	1353097	1354241	55375397	1200000	1450000	43	2399	1144	18208	spaced
SUPER_13	16032581	16053295	IR	356	.	16042498	0.356	0.587	26	20674	16032581	16032661	16053249	16053295	55375397	15850000	16100000	0	3215	46	20588	spaced
SUPER_13	24055218	24169655	IR	355	.	24112479	0.355	0.964	88	114884	24055218	24056013	24168860	24169655	55375397	24000000	24250000	88	1873	795	112847	wide
SUPER_13	187064	226367	IR	355	.	206872	0.355	0.618	35	39260	187064	187102	226329	226392	55375397	150000	400000	332	945	38	39227	spaced
SUPER_13	21483263	21560579	IR	355	.	21521796	0.355	0.793	31	78696	21483263	21485339	21558575	21560579	55375397	21350000	21600000	35	2865	2004	73236	spaced
SUPER_13	41291466	41294022	IR	354	.	41292774	0.354	0.790	39	2671	41291466	41291790	41293754	41294022	55375397	41100000	41350000	72	3212	268	1964	immediate
SUPER_13	44724154	44801300	IR	354	.	44763112	0.354	0.118	30	77112	44724154	44724244	44801266	44801300	55375397	44700000	44950000	0	1045	34	77022	spaced
SUPER_13	11024653	11241050	IR	353	.	11132596	0.353	0.942	111	216365	11024653	11025925	11239782	11241050	55375397	11000000	11250000	0	2214	1268	213857	wide
SUPER_13	3560187	3573775	IR	352	.	3566867	0.352	0.867	54	14770	3560187	3560600	3573362	3573821	55375397	3500000	3750000	63	1116	413	12762	spaced
SUPER_13	37095003	37103381	IR	352	.	37098913	0.352	0.902	34	8358	37095003	37095965	37102419	37103382	55375397	37050000	37300000	0	819	962	6454	spaced
SUPER_13	36962158	37055117	IR	352	.	37008798	0.352	0.846	23	92919	36962158	36962210	37055073	37055117	55375397	36850000	37100000	211	2643	44	92863	spaced
SUPER_13	15241617	15415906	IR	351	.	15329237	0.351	0.908	82	174270	15241617	15243076	15414460	15415906	55375397	15200000	15450000	0	2145	1446	171384	wide
SUPER_13	11255805	11444394	IR	351	.	11349605	0.351	0.132	38	188551	11255805	11255905	11444356	11444394	55375397	11250000	11500000	0	1668	38	188451	wide
SUPER_13	13255763	13464241	IR	350	.	13359500	0.350	0.922	455	208459	13255763	13262224	13457813	13464241	55375397	13250000	13500000	0	1833	6428	195589	wide
SUPER_13	6816012	6824119	IR	350	.	6820211	0.350	0.930	151	9586	6816012	6817013	6823118	6824162	55375397	6650000	6900000	173	2834	1001	6105	spaced
SUPER_13	17144144	17322399	IR	350	.	17232824	0.350	0.916	45	178160	17144144	17145472	17321071	17322401	55375397	17100000	17350000	0	2221	1328	175599	wide
SUPER_13	5476405	5625612	IR	350	.	5551140	0.350	0.714	24	149169	5476405	5476461	5625572	5625612	55375397	5400000	5650000	200	2516	40	149111	wide
SUPER_13	7907826	7944248	IR	349	.	7925963	0.349	1.000	87	36507	7907826	7908239	7943835	7944248	55375397	7750000	8000000	87	2933	413	35596	spaced
SUPER_13	47987253	47990175	IR	349	.	47988295	0.349	0.992	55	2900	47987253	47987611	47989817	47990175	55375397	47750000	48000000	0	3978	358	2206	spaced
SUPER_13	9628985	9849932	IR	349	.	9738950	0.349	0.654	33	220957	9628985	9629038	9849879	9849960	55375397	9600000	9850000	0	2324	53	220841	wide
SUPER_13	1555502	1555570	IR	349	.	1555534	0.349	0.980	24	14612	1555502	1555551	1555522	1555570	55375397	1350000	1600000	508	3425	48	-29	overlap
SUPER_13	1555506	1555572	IR	349	.	1555534	0.349	0.915	24	14612	1555506	1555553	1555529	1555572	55375397	1400000	1650000	403	2592	43	-24	overlap
SUPER_13	1555500	1555568	IR	349	.	1555534	0.349	1.000	24	14612	1555500	1555547	1555521	1555568	55375397	1450000	1700000	453	1758	47	-26	overlap
SUPER_13	1555502	1555570	IR	349	.	1555534	0.349	0.980	24	14612	1555502	1555551	1555522	1555570	55375397	1500000	1750000	508	925	48	-29	overlap
SUPER_13	25326954	25400875	IR	349	.	25364072	0.349	0.888	22	74257	25326954	25327430	25400399	25400891	55375397	25200000	25450000	22	2731	476	72969	spaced
SUPER_13	43657552	43863644	IR	348	.	43760200	0.348	0.949	203	206068	43657552	43660139	43861058	43863644	55375397	43650000	43900000	0	1843	2586	200919	wide
SUPER_13	4576591	4630952	IR	348	.	4603982	0.348	0.849	153	68680	4576591	4578274	4629269	4630969	55375397	4500000	4750000	163	1729	1683	50995	spaced
SUPER_13	49329362	49389453	IR	348	.	49358954	0.348	0.793	36	60101	49329362	49331227	49387588	49389480	55375397	49250000	49500000	0	1823	1865	56361	spaced
SUPER_13	51141202	51143346	IR	348	.	51141832	0.348	0.743	28	2092	51141202	51141272	51143294	51143346	55375397	50900000	51150000	0	4037	52	2022	spaced
SUPER_13	25137895	25185622	IR	348	.	25162031	0.348	0.872	27	47464	25137895	25140014	25183503	25185625	55375397	24950000	25200000	0	3529	2119	43489	spaced
SUPER_13	14289460	14342658	IR	347	.	14315713	0.347	0.806	80	53161	14289460	14291475	14340660	14342658	55375397	14150000	14400000	0	2767	1998	49185	spaced
SUPER_13	12701801	12768715	IR	347	.	12735602	0.347	0.853	56	66894	12701801	12703206	12767341	12768715	55375397	12600000	12850000	0	2254	1374	64135	spaced
SUPER_13	47190556	47315905	IR	347	.	47253284	0.347	0.929	31	125297	47190556	47190608	47315853	47315909	55375397	47100000	47350000	534	2553	52	125245	wide
SUPER_13	21308123	21462387	IR	347	.	21385459	0.347	0.667	26	154242	21308123	21308183	21462347	21462387	55375397	21250000	21500000	152	2254	40	154164	wide
SUPER_13	7000260	7228130	IR	347	.	7113686	0.347	0.900	25	227824	7000260	7000314	7228076	7228136	55375397	7000000	7250000	0	1903	54	227762	wide
SUPER_13	3113381	3305847	IR	346	.	3209121	0.346	0.940	166	192454	3113381	3115144	3304084	3305859	55375397	3100000	3350000	0	1826	1763	188940	wide
SUPER_13	44374972	44544639	IR	346	.	44459915	0.346	0.875	73	169777	44374972	44376304	44543358	44544639	55375397	44300000	44550000	73	2663	1281	167054	wide
SUPER_13	10340205	10377499	IR	346	.	10359258	0.346	0.852	51	37271	10340205	10341323	10376381	10377500	55375397	10150000	10400000	0	3480	1118	35058	spaced
SUPER_13	50468388	50676352	IR	346	.	50572658	0.346	0.808	48	208004	50468388	50470310	50674430	50676414	55375397	50450000	50700000	0	2039	1922	204120	wide
SUPER_13	38450067	38538431	IR	346	.	38494677	0.346	0.514	33	88292	38450067	38450414	38538084	38538437	55375397	38300000	38550000	0	3237	347	87670	spaced
SUPER_13	10093325	10110613	IR	346	.	10101588	0.346	0.658	29	17252	10093325	10093375	10110563	10110639	55375397	9900000	10150000	0	3366	50	17188	spaced
SUPER_13	31075795	31270382	IR	346	.	31173478	0.346	0.890	21	194521	31075795	31076084	31270093	31270393	55375397	31050000	31300000	0	2051	289	194009	wide
SUPER_13	52384718	52480204	IR	345	.	52432743	0.345	0.547	341	95497	52384718	52397702	52467220	52480232	55375397	52350000	52600000	0	1374	12984	69518	spaced
SUPER_13	39179813	39235278	IR	345	.	39207797	0.345	0.888	52	55440	39179813	39181618	39233481	39235278	55375397	39050000	39300000	0	2625	1797	51863	spaced
SUPER_13	22265690	22269005	IR	345	.	22267470	0.345	0.989	44	3348	22265690	22265954	22268741	22269005	55375397	22250000	22500000	44	288	264	2787	spaced
SUPER_13	2668799	2760464	IR	345	.	2714832	0.345	0.742	36	129194	2668799	2668845	2760418	2760480	55375397	2600000	2850000	506	1910	46	91573	spaced
SUPER_13	51740001	51749673	IR	345	.	51744698	0.345	0.901	33	9687	51740001	51740520	51749159	51749673	55375397	51500000	51750000	33	4080	514	8639	spaced
SUPER_13	42850763	42852848	IR	344	.	42851807	0.344	0.970	37	2116	42850763	42851030	42852581	42852851	55375397	42700000	42950000	37	2529	267	1551	immediate
SUPER_13	5357836	5424373	IR	344	.	5391378	0.344	0.548	27	66495	5357836	5357912	5424331	5424373	55375397	5250000	5500000	0	2351	42	66419	spaced
SUPER_13	52643438	52727812	IR	344	.	52685394	0.344	0.690	26	84340	52643438	52643496	52727772	52727812	55375397	52500000	52750000	260	3093	40	84276	spaced
SUPER_13	43418054	43569870	IR	344	.	43493753	0.344	0.840	24	151776	43418054	43418104	43569828	43569870	55375397	43350000	43600000	145	2399	42	151724	wide
SUPER_13	42258517	42387851	IR	344	.	42323236	0.344	0.917	22	129292	42258517	42258565	42387807	42387851	55375397	42150000	42400000	206	2886	44	129242	wide
SUPER_13	30200450	30231091	IR	343	.	30215410	0.343	0.944	566	30607	30200450	30207157	30224438	30231091	55375397	30100000	30350000	0	1929	6653	17281	spaced
SUPER_13	1950672	2097209	IR	343	.	2023929	0.343	0.960	119	147293	1950672	1951707	2096174	2097215	55375397	1850000	2100000	119	2898	1035	144467	wide
SUPER_13	53173589	53275812	IR	343	.	53224406	0.343	0.875	35	102003	53173589	53174397	53275016	53275812	55375397	53050000	53300000	0	2911	796	100619	wide
SUPER_13	9023131	9191820	IR	343	.	9107222	0.343	0.432	33	168645	9023131	9023175	9191776	9191866	55375397	8950000	9200000	0	2624	44	168601	wide
SUPER_13	24809358	24963377	IR	343	.	24885952	0.343	0.389	23	153983	24809358	24809434	24963341	24963377	55375397	24750000	25000000	0	2272	36	153907	wide
SUPER_13	51880196	51919597	IR	343	.	51899772	0.343	0.791	23	39524	51880196	51880887	51918906	51919656	55375397	51850000	52100000	25	831	691	38019	spaced
SUPER_13	15022107	15024776	IR	343	.	15022942	0.343	0.811	21	2647	15022107	15022526	15024413	15024776	55375397	14900000	15150000	0	2057	363	1887	immediate
SUPER_13	12086602	12111646	IR	342	.	12099371	0.342	0.939	247	25033	12086602	12089696	12108552	12111654	55375397	11900000	12150000	0	3318	3094	18856	spaced
SUPER_13	24444986	24608310	IR	342	.	24526767	0.342	0.922	47	163433	24444986	24445692	24607604	24608311	55375397	24400000	24650000	47	2110	706	161912	wide
SUPER_13	16500155	16742448	IR	342	.	16621425	0.342	0.808	32	242255	16500155	16500207	16742406	16742448	55375397	16500000	16750000	246	2021	42	242199	wide
SUPER_13	22051882	22126708	IR	342	.	22089634	0.342	0.906	30	74802	22051882	22052465	22126125	22126715	55375397	21900000	22150000	0	3154	583	73660	spaced
SUPER_13	14907579	14957850	IR	342	.	14932643	0.342	0.907	28	50273	14907579	14907973	14957461	14957850	55375397	14850000	15100000	28	1378	389	49488	spaced
SUPER_13	30668278	30756620	IR	341	.	30712380	0.341	0.928	79	88950	30668278	30669232	30755666	30756643	55375397	30550000	30800000	79	2707	954	86434	spaced
SUPER_13	28634237	28816267	IR	341	.	28725563	0.341	0.876	50	181988	28634237	28634942	28815604	28816267	55375397	28600000	28850000	0	2087	663	180662	wide
SUPER_13	51660489	51701688	IR	341	.	51681173	0.341	0.893	45	42246	51660489	51661262	51700932	51701688	55375397	51550000	51800000	50	2184	756	39670	spaced
SUPER_13	46619016	46621279	IR	341	.	46619755	0.341	0.833	24	2213	46619016	46619076	46621229	46621279	55375397	46450000	46700000	0	2835	50	2153	spaced
SUPER_13	5124905	5163785	IR	341	.	5144714	0.341	0.966	23	38824	5124905	5124961	5163729	5163787	55375397	5000000	5250000	0	2405	56	38768	spaced
SUPER_13	10563385	10591463	IR	340	.	10577119	0.340	0.917	36	28052	10563385	10563877	10590994	10591463	55375397	10350000	10600000	0	3790	469	27117	spaced
SUPER_13	37200488	37263680	IR	340	.	37232042	0.340	0.824	28	63343	37200488	37202008	37262160	37263707	55375397	37100000	37350000	28	2201	1520	60152	spaced
SUPER_13	33928042	33970771	IR	340	.	33949542	0.340	0.815	26	42723	33928042	33928096	33970727	33970771	55375397	33850000	34100000	244	1656	44	42631	spaced
SUPER_13	15549176	15636876	IR	340	.	15592883	0.340	0.646	23	87703	15549176	15550088	15635964	15636888	55375397	15500000	15750000	25	1550	912	85876	spaced
SUPER_13	6375104	6444461	IR	339	.	6410012	0.339	1.000	760	80844	6375104	6375121	6444444	6444461	55375397	6250000	6500000	1	2662	17	69323	spaced
SUPER_13	33583713	33591284	IR	339	.	33587499	0.339	0.986	435	8236	33583713	33586292	33588705	33591284	55375397	33350000	33600000	435	3958	2579	2413	spaced
SUPER_13	28930082	28973200	IR	339	.	28951294	0.339	0.722	124	43182	28930082	28935330	28967952	28973283	55375397	28800000	29050000	0	2527	5248	32622	spaced
SUPER_13	47654708	47803655	IR	339	.	47729450	0.339	0.895	95	148900	47654708	47656330	47802039	47803655	55375397	47600000	47850000	0	2152	1616	145709	wide
SUPER_13	52936382	53054237	IR	339	.	52995070	0.339	0.951	87	117962	52936382	52937282	53053337	53054238	55375397	52850000	53100000	73	2421	900	116055	wide
SUPER_13	2760418	2956398	IR	339	.	2858360	0.339	0.871	41	195930	2760418	2760480	2956344	2956398	55375397	2750000	3000000	815	1806	54	195864	wide
SUPER_13	48986574	49056579	IR	339	.	49021484	0.339	0.817	33	70866	48986574	48987034	49056179	49056579	55375397	48850000	49100000	33	2859	400	69145	spaced
SUPER_13	54429182	54498834	IR	339	.	54464057	0.339	0.792	30	69673	54429182	54430379	54497646	54498834	55375397	54300000	54550000	37	2733	1188	67267	spaced
SUPER_13	50243636	50260992	IR	339	.	50251850	0.339	0.389	23	17320	50243636	50243672	50260956	50261032	55375397	50100000	50350000	0	2538	36	17284	spaced
SUPER_13	50691024	50888067	IR	338	.	50789951	0.338	0.900	70	197065	50691024	50692167	50886924	50888110	55375397	50650000	50900000	0	2325	1143	194757	wide
SUPER_13	41012098	41241138	IR	338	.	41126684	0.338	0.855	43	229447	41012098	41013141	41240095	41241213	55375397	41000000	41250000	43	2110	1043	226954	wide
SUPER_13	49435079	49582758	IR	338	.	49509363	0.338	0.779	21	147605	49435079	49435648	49582189	49582826	55375397	49400000	49650000	0	1815	569	146541	wide
SUPER_13	26729335	26795406	IR	338	.	26762691	0.338	0.625	20	66033	26729335	26729401	26795366	26795406	55375397	26700000	26950000	0	1039	40	65965	spaced
SUPER_13	43024122	43120034	IR	337	.	43072526	0.337	0.959	162	95882	43024122	43025758	43118398	43120038	55375397	43000000	43250000	0	1201	1636	92640	spaced
SUPER_13	22934313	22959741	IR	337	.	22946801	0.337	0.854	97	25794	22934313	22935650	22958437	22959741	55375397	22800000	23050000	95	2450	1304	22787	spaced
SUPER_13	34217752	34240699	IR	337	.	34228898	0.337	0.738	38	22887	34217752	34217814	34240637	34240721	55375397	34000000	34250000	0	3820	62	22823	spaced
SUPER_13	28414626	28489835	IR	337	.	28452000	0.337	0.632	30	75177	28414626	28414688	28489797	28489835	55375397	28250000	28500000	114	3370	38	75109	spaced
SUPER_13	966916	1095712	IR	337	.	1030946	0.337	0.632	29	128748	966916	966964	1095664	1095740	55375397	850000	1100000	0	3021	48	128700	wide
SUPER_13	1555504	1649747	IR	337	.	1602733	0.337	0.559	26	94215	1555504	1555564	1649713	1649747	55375397	1450000	1700000	70	2543	34	94149	spaced
SUPER_13	14848996	14861102	IR	337	.	14855068	0.337	0.905	25	12099	14848996	14849363	14860742	14861102	55375397	14650000	14900000	25	3417	360	11379	spaced
SUPER_13	4211909	4373872	IR	336	.	4292473	0.336	0.847	78	162016	4211909	4215455	4370326	4373950	55375397	4200000	4450000	0	1548	3546	154871	wide
SUPER_13	17335223	17430255	IR	336	.	17382556	0.336	0.960	29	94988	17335223	17335273	17430207	17430255	55375397	17200000	17450000	319	3045	48	94934	spaced
SUPER_13	39259814	39395032	IR	336	.	39327762	0.336	0.361	23	135182	39259814	39259850	39394996	39395074	55375397	39200000	39450000	0	2123	36	135146	wide
SUPER_13	49995163	50032118	IR	336	.	50013527	0.336	0.741	23	36921	49995163	49995217	50032078	50032118	55375397	49800000	50050000	127	3560	40	36861	spaced
SUPER_13	19017208	19020321	IR	336	.	19018306	0.336	0.926	20	3063	19017208	19017262	19020271	19020321	55375397	18800000	19050000	0	3645	50	3009	spaced
SUPER_13	10747070	10795265	IR	335	.	10771210	0.335	0.972	99	48396	10747070	10747896	10794439	10795266	55375397	10600000	10850000	99	2852	826	46543	spaced
SUPER_13	13465709	13692262	IR	335	.	13579062	0.335	0.865	81	226649	13465709	13467065	13690906	13692295	55375397	13450000	13700000	92	2149	1356	223841	wide
SUPER_13	31301441	31316430	IR	335	.	31308576	0.335	0.957	52	14919	31301441	31302115	31315756	31316432	55375397	31100000	31350000	0	3482	674	13641	spaced
SUPER_13	53501854	53561880	IR	335	.	53531911	0.335	0.831	36	60168	53501854	53502859	53560875	53561930	55375397	53450000	53700000	37	1364	1005	58016	spaced
SUPER_13	27029753	27168939	IR	335	.	27099260	0.335	0.563	35	139193	27029753	27031136	27167556	27168942	55375397	27000000	27250000	35	1655	1383	136420	wide
SUPER_13	39016648	39016720	IR	335	.	39016687	0.335	0.887	25	31806	39016648	39016701	39016673	39016720	55375397	38800000	39050000	604	3611	47	-28	overlap
SUPER_13	39016644	39016711	IR	335	.	39016687	0.335	0.936	25	31806	39016644	39016688	39016667	39016714	55375397	38850000	39100000	418	2777	44	-21	overlap
SUPER_13	39016646	39016720	IR	335	.	39016687	0.335	0.927	25	31806	39016646	39016701	39016669	39016720	55375397	38900000	39150000	648	1944	51	-32	overlap
SUPER_13	39016648	39016720	IR	335	.	39016687	0.335	0.887	25	31806	39016648	39016701	39016673	39016720	55375397	38950000	39200000	604	1111	47	-28	overlap
SUPER_13	42032046	42035934	IR	335	.	42034025	0.335	0.743	25	4129	42032046	42032404	42035608	42035934	55375397	41800000	42050000	25	3899	326	3204	spaced
SUPER_13	18624802	18672453	IR	335	.	18648288	0.335	0.667	24	47607	18624802	18624868	18672409	18672453	55375397	18550000	18800000	0	1643	44	47541	spaced
SUPER_13	52085090	52093617	IR	335	.	52089636	0.335	0.823	21	8506	52085090	52086111	52092601	52093617	55375397	51850000	52100000	0	3989	1016	6490	spaced
SUPER_13	2324492	2417642	IR	334	.	2370870	0.334	0.974	289	94178	2324492	2326600	2415534	2417642	55375397	2200000	2450000	289	2850	2108	88934	spaced
SUPER_13	3979046	4053453	IR	334	.	4016478	0.334	0.889	162	74912	3979046	3980703	4051802	4053453	55375397	3900000	4150000	33	1937	1651	71099	spaced
SUPER_13	6731279	6743655	IR	334	.	6737818	0.334	0.969	102	12348	6731279	6732387	6742548	6743655	55375397	6500000	6750000	0	3957	1107	10161	spaced
SUPER_13	48269980	48325471	IR	334	.	48297384	0.334	0.919	85	55429	48269980	48271884	48323580	48325471	55375397	48100000	48350000	0	3295	1891	51696	spaced
SUPER_13	30814655	30844794	IR	334	.	30830162	0.334	0.880	50	30122	30814655	30815824	30843655	30844794	55375397	30800000	31050000	0	495	1139	27831	spaced
SUPER_13	49148918	49295115	IR	334	.	49221678	0.334	0.500	31	146153	49148918	49148962	49295071	49295155	55375397	49100000	49350000	0	2033	44	146109	wide
SUPER_13	34742954	34851034	IR	334	.	34796668	0.334	0.676	30	108030	34742954	34743004	34850984	34851058	55375397	34650000	34900000	0	2449	50	107980	wide
SUPER_13	44603569	44625640	IR	334	.	44614269	0.334	0.421	26	22033	44603569	44603647	44625602	44625640	55375397	44400000	44650000	0	3576	38	21955	spaced
SUPER_13	18044431	18132200	IR	334	.	18088034	0.334	0.706	25	87721	18044431	18044499	18132152	18132200	55375397	17950000	18200000	0	2305	48	87653	spaced
SUPER_13	47041663	47124301	IR	334	.	47083134	0.334	0.815	24	82598	47041663	47041717	47124257	47124301	55375397	46900000	47150000	264	3049	44	82540	spaced
SUPER_13	19480774	19611231	IR	333	.	19545540	0.333	0.903	187	130428	19480774	19483892	19608201	19611231	55375397	19400000	19650000	0	2433	3030	124309	wide
SUPER_13	5732352	5753182	IR	333	.	5742290	0.333	0.905	43	20801	5732352	5733207	5752329	5753182	55375397	5550000	5800000	0	3212	853	19122	spaced
SUPER_13	45181450	45354781	IR	333	.	45268417	0.333	0.889	36	173300	45181450	45182506	45353725	45354796	55375397	45150000	45400000	0	1968	1056	171219	wide
SUPER_13	34240685	34347726	IR	333	.	34294436	0.333	1.000	30	107047	34240685	34240721	34347690	34347726	55375397	34100000	34350000	12	3236	36	106969	wide
SUPER_13	39016652	39170445	IR	333	.	39093656	0.333	0.583	26	153767	39016652	39016714	39170409	39170445	55375397	38950000	39200000	102	2392	36	153695	wide
SUPER_13	46189924	46239232	IR	332	.	46214918	0.332	0.878	124	49316	46189924	46192773	46236383	46239294	55375397	46000000	46250000	0	3576	2849	43610	spaced
SUPER_13	232248	296407	IR	332	.	263852	0.332	0.942	66	64136	232248	233033	295636	296407	55375397	100000	350000	0	2738	771	62603	spaced
SUPER_13	2217413	2254578	IR	332	.	2235945	0.332	0.789	38	37571	2217413	2217973	2254018	2254586	55375397	2100000	2350000	39	2266	560	36045	spaced
SUPER_13	40462088	40544764	IR	332	.	40503014	0.332	0.568	28	82634	40462088	40462166	40544720	40544764	55375397	40400000	40650000	0	1723	44	82554	spaced
SUPER_13	7228076	7372429	IR	332	.	7300670	0.332	0.966	26	144311	7228076	7228134	7372373	7372429	55375397	7150000	7400000	0	2504	56	144239	wide
SUPER_13	27404389	27437233	IR	332	.	27420753	0.332	0.645	26	32792	27404389	27404429	27437193	27437255	55375397	27250000	27500000	183	2846	40	32764	spaced
SUPER_13	27505960	27624354	IR	332	.	27564958	0.332	0.727	20	118463	27505960	27506470	27623901	27624354	55375397	27450000	27700000	20	1919	453	117431	wide
SUPER_13	45014067	45110539	IR	331	.	45061887	0.331	0.484	207	96451	45014067	45031366	45093311	45110539	55375397	45000000	45250000	0	1038	17228	61945	spaced
SUPER_13	31883150	31974612	IR	331	.	31929332	0.331	0.877	47	91444	31883150	31884153	31973635	31974612	55375397	31850000	32100000	0	1314	977	89482	spaced
SUPER_13	30312444	30494567	IR	331	.	30403037	0.331	0.814	44	182186	30312444	30313695	30493316	30494647	55375397	30250000	30500000	0	2558	1251	179621	wide
SUPER_13	48830164	48834290	IR	331	.	48832706	0.331	0.620	36	4076	48830164	48830214	48834240	48834324	55375397	48700000	48950000	0	2203	50	4026	spaced
SUPER_13	28332399	28414678	IR	331	.	28373482	0.331	0.688	35	82229	28332399	28332443	28414634	28414698	55375397	28200000	28450000	501	2892	44	82191	spaced
SUPER_13	36249435	36258985	IR	331	.	36254392	0.331	0.823	29	9621	36249435	36250459	36257961	36259051	55375397	36050000	36300000	29	3403	1024	7502	spaced
SUPER_13	14548697	14586564	IR	331	.	14567231	0.331	0.718	23	37739	14548697	14549796	14585465	14586655	55375397	14350000	14600000	0	3627	1099	35669	spaced
SUPER_13	32932937	33033400	IR	331	.	32982909	0.331	0.865	20	100179	32932937	32933590	33032750	33033400	55375397	32850000	33100000	0	2219	650	99160	spaced
SUPER_13	23837082	23905341	IR	330	.	23871172	0.330	0.942	189	68688	23837082	23839342	23903081	23905341	55375397	23700000	23950000	189	2853	2260	63739	spaced
SUPER_13	54986537	54995238	IR	330	.	54991115	0.330	1.000	85	11894	54986537	54986555	54995220	54995238	55375397	54750000	55000000	3	4014	18	8665	spaced
SUPER_13	37909602	37980391	IR	330	.	37944892	0.330	0.856	64	70955	37909602	37911065	37978928	37980470	55375397	37850000	38100000	64	1583	1463	67863	spaced
SUPER_13	23020219	23220080	IR	330	.	23119758	0.330	0.822	53	199824	23020219	23023468	23216833	23220080	55375397	23000000	23250000	0	2002	3247	193365	wide
SUPER_13	39484426	39588252	IR	330	.	39536518	0.330	0.649	46	103812	39484426	39484500	39588204	39588252	55375397	39400000	39650000	711	2272	48	103704	wide
SUPER_13	48368324	48457979	IR	330	.	48412656	0.330	0.763	40	89597	48368324	48368382	48457921	48457997	55375397	48300000	48550000	0	1885	58	89539	spaced
SUPER_13	18502405	18594290	IR	330	.	18548050	0.330	0.389	29	91849	18502405	18502481	18594254	18594290	55375397	18350000	18600000	0	3305	36	91773	spaced
SUPER_13	27197130	27229977	IR	330	.	27213092	0.330	0.797	24	32819	27197130	27198216	27228921	27229977	55375397	27000000	27250000	0	3559	1056	30705	spaced
SUPER_13	54218855	54370757	IR	330	.	54294628	0.330	0.639	24	151858	54218855	54218891	54370721	54370779	55375397	54150000	54400000	204	2413	36	151830	wide
SUPER_13	35865020	35932479	IR	330	.	35899096	0.330	0.556	22	67425	35865020	35865084	35932443	35932479	55375397	35700000	35950000	0	3312	36	67359	spaced
SUPER_13	52110781	52116905	IR	330	.	52114171	0.330	0.719	22	6078	52110781	52110827	52116859	52116923	55375397	51950000	52200000	0	2730	46	6032	spaced
SUPER_13	4543522	4548048	IR	329	.	4545883	0.329	1.000	141	4669	4543522	4544196	4547374	4548048	55375397	4300000	4550000	141	4096	674	3178	spaced
SUPER_13	45517483	45559385	IR	329	.	45538876	0.329	0.874	66	41878	45517483	45518807	45558119	45559385	55375397	45350000	45600000	0	3140	1266	39312	spaced
SUPER_13	6458898	6552482	IR	329	.	6505393	0.329	0.850	40	93516	6458898	6458978	6552414	6552482	55375397	6350000	6600000	0	2594	68	93436	spaced
SUPER_13	36581776	36588142	IR	329	.	36585163	0.329	1.000	30	6314	36581776	36581828	36588090	36588142	55375397	36350000	36600000	401	3915	52	6262	spaced
SUPER_13	22807677	22827126	IR	329	.	22817584	0.329	0.667	20	123686	22807677	22807707	22827106	22827126	55375397	22650000	22900000	68	2789	20	19399	spaced
SUPER_13	54005093	54047903	IR	328	.	54026620	0.328	0.861	86	43198	54005093	54006261	54046751	54047903	55375397	53850000	54100000	95	2941	1152	40490	spaced
SUPER_13	17776652	17785460	IR	328	.	17781282	0.328	0.799	76	8811	17776652	17776897	17785244	17785460	55375397	17550000	17800000	16	3850	216	8347	spaced
SUPER_13	15429144	15457396	IR	328	.	15442860	0.328	0.863	66	28330	15429144	15430284	15456256	15457492	55375397	15250000	15500000	0	3221	1140	25972	spaced
SUPER_13	35293501	35305586	IR	328	.	35299868	0.328	0.803	54	12145	35293501	35295357	35303730	35305664	55375397	35150000	35400000	0	2492	1856	8373	spaced
SUPER_13	44170862	44175908	IR	328	.	44173462	0.328	0.836	29	5144	44170862	44171640	44175130	44175934	55375397	44050000	44300000	31	2056	778	3490	spaced
SUPER_13	19068735	19170951	IR	328	.	19119574	0.328	0.710	20	102172	19068735	19068797	19170907	19170951	55375397	18950000	19200000	0	2830	44	102110	wide
SUPER_13	53675057	53705681	IR	327	.	53690820	0.327	0.951	79	30603	53675057	53675985	53704758	53705681	55375397	53600000	53850000	0	1506	923	28773	spaced
SUPER_13	44641414	44668557	IR	327	.	44654796	0.327	0.893	30	27091	44641414	44641464	44668507	44668563	55375397	44450000	44700000	432	3416	50	27043	spaced
SUPER_13	778642	828525	IR	327	.	803461	0.327	0.846	26	49845	778642	778694	828481	828525	55375397	650000	900000	258	2559	44	49787	spaced
SUPER_13	40058103	40193962	IR	327	.	40125530	0.327	0.758	26	135809	40058103	40058153	40193912	40193978	55375397	40000000	40250000	0	2100	50	135759	wide
SUPER_13	39879375	39956773	IR	327	.	39917621	0.327	0.447	23	77360	39879375	39879413	39956735	39956811	55375397	39750000	40000000	0	2801	38	77322	spaced
SUPER_13	31809428	31880204	IR	326	.	31845126	0.326	0.890	94	70757	31809428	31811023	31878636	31880204	55375397	31700000	31950000	0	2413	1568	67613	spaced
SUPER_13	29245884	29416656	IR	326	.	29330885	0.326	0.742	68	170731	29245884	29248743	29413812	29416656	55375397	29200000	29450000	0	2187	2844	165069	wide
SUPER_13	40193912	40330360	IR	326	.	40261875	0.326	0.389	35	136398	40193912	40221219	40303155	40330360	55375397	40100000	40350000	0	2702	27205	81936	spaced
SUPER_13	19020273	19068785	IR	326	.	19044580	0.326	0.885	23	48464	19020273	19020319	19068739	19068791	55375397	18900000	19150000	238	2408	46	48420	spaced
SUPER_13	44227029	44233782	IR	325	.	44230717	0.325	0.991	397	6733	44227029	44229636	44231177	44233782	55375397	44000000	44250000	0	3839	2605	1541	immediate
SUPER_13	22471371	22532269	IR	325	.	22502178	0.325	0.913	62	60733	22471371	22473006	22530652	22532269	55375397	22300000	22550000	0	3363	1617	57646	spaced
SUPER_13	51276516	51481628	IR	325	.	51379497	0.325	0.933	33	205091	51276516	51276913	51481232	51481628	55375397	51250000	51500000	0	2151	396	204319	wide
SUPER_13	51068934	51141252	IR	325	.	51104818	0.325	0.714	28	72276	51068934	51068984	51141202	51141272	55375397	50900000	51150000	0	3418	50	72218	spaced
SUPER_13	6167310	6272647	IR	325	.	6220311	0.325	0.630	27	105318	6167310	6167386	6272601	6272647	55375397	6100000	6350000	0	1999	46	105215	wide
SUPER_13	18613661	18624844	IR	325	.	18619724	0.325	0.643	23	11141	18613661	18613703	18624802	18624870	55375397	18550000	18800000	0	1154	42	11099	spaced
SUPER_13	24252785	24349322	IR	325	.	24300712	0.325	0.390	20	96583	24252785	24300953	24301154	24349410	55375397	24200000	24450000	0	1684	48168	201	immediate
SUPER_13	38753769	38806467	IR	324	.	38780165	0.324	0.964	468	54705	38753769	38757847	38802389	38806479	55375397	38700000	38950000	469	1335	4078	44542	spaced
SUPER_13	16275016	16487578	IR	324	.	16381437	0.324	0.750	39	212520	16275016	16275064	16487530	16487594	55375397	16250000	16500000	488	2188	48	212466	wide
SUPER_13	18487817	18502445	IR	324	.	18494645	0.324	0.200	39	14590	18487817	18487857	18502405	18502505	55375397	18300000	18550000	0	3252	40	14548	spaced
SUPER_13	37516067	37545129	IR	324	.	37530917	0.324	0.657	27	29016	37516067	37516137	37545083	37545129	55375397	37300000	37550000	0	3843	46	28946	spaced
SUPER_13	26586793	26605559	IR	324	.	26596523	0.324	0.842	24	18704	26586793	26587818	26604539	26605559	55375397	26450000	26700000	0	2436	1020	16721	spaced
SUPER_13	46859609	46947168	IR	324	.	46903850	0.324	0.392	21	87566	46859609	46868196	46938581	46947219	55375397	46750000	47000000	0	2556	8587	70385	spaced
SUPER_13	16151366	16258635	IR	323	.	16205169	0.323	0.947	108	107557	16151366	16152491	16257510	16258652	55375397	16050000	16300000	114	2583	1125	105019	wide
SUPER_13	45858847	46071292	IR	323	.	45965103	0.323	0.884	95	212622	45858847	45859987	46070152	46071297	55375397	45850000	46100000	100	1917	1140	210165	wide
SUPER_13	42676803	42687720	IR	323	.	42682298	0.323	0.303	45	10917	42676803	42676890	42687682	42687720	55375397	42550000	42800000	170	2204	38	10792	spaced
SUPER_13	42978996	42992452	IR	323	.	42985277	0.323	0.780	39	13392	42978996	42979078	42992388	42992452	55375397	42750000	43000000	0	3928	64	13310	spaced
SUPER_13	20758321	20768784	IR	323	.	20763618	0.323	0.930	35	10538	20758321	20758765	20768340	20768793	55375397	20750000	21000000	35	225	444	9575	spaced
SUPER_13	30809009	30812592	IR	323	.	30810520	0.323	0.850	32	3546	30809009	30809384	30812225	30812592	55375397	30600000	30850000	0	3513	367	2841	spaced
SUPER_13	35469974	35520672	IR	323	.	35495731	0.323	0.829	32	50640	35469974	35470032	35520614	35520684	55375397	35300000	35550000	0	3255	58	50582	spaced
SUPER_13	10378530	10525764	IR	323	.	10452289	0.323	0.725	27	147270	10378530	10379526	10524768	10525797	55375397	10300000	10550000	27	2535	996	145242	wide
SUPER_13	11851054	12029867	IR	323	.	11940481	0.323	0.868	25	179683	11851054	11851683	12029240	12029867	55375397	11850000	12100000	25	1507	627	177557	wide
SUPER_13	37461604	37516109	IR	323	.	37488373	0.323	0.619	24	54463	37461604	37461646	37516067	37516137	55375397	37300000	37550000	0	3147	42	54421	spaced
SUPER_13	54370715	54408007	IR	323	.	54389300	0.323	0.875	22	37252	54370715	54370763	54407965	54408007	55375397	54200000	54450000	169	3155	42	37202	spaced
SUPER_13	10121426	10239715	IR	323	.	10180731	0.323	0.800	20	118247	10121426	10121466	10239675	10239725	55375397	10100000	10350000	157	1342	40	118209	wide
SUPER_13	35427160	35450316	IR	323	.	35438505	0.323	0.934	20	23212	35427160	35427458	35450018	35450319	55375397	35350000	35600000	20	1478	298	22560	spaced
SUPER_13	29050447	29075998	IR	322	.	29063255	0.322	0.970	210	26031	29050447	29051887	29074558	29076004	55375397	28950000	29200000	211	1886	1440	22671	spaced
SUPER_13	36810515	36821636	IR	322	.	36815664	0.322	0.963	199	11122	36810515	36812297	36819854	36821658	55375397	36600000	36850000	0	3601	1782	7557	spaced
SUPER_13	36377970	36434148	IR	322	.	36406375	0.322	0.881	77	56180	36377970	36381301	36430817	36434184	55375397	36200000	36450000	0	3434	3331	49516	spaced
SUPER_13	47867369	47902850	IR	322	.	47885090	0.322	0.893	31	35668	47867369	47867914	47902312	47902850	55375397	47700000	47950000	31	3085	538	34398	spaced
SUPER_13	42078801	42128638	IR	322	.	42103736	0.322	0.901	27	49915	42078801	42079540	42127910	42128638	55375397	41900000	42150000	28	3395	728	48370	spaced
SUPER_13	2104615	2160941	IR	322	.	2132290	0.322	0.472	26	56290	2104615	2104651	2160905	2160975	55375397	1950000	2200000	0	3046	36	56254	spaced
SUPER_13	40759728	40763385	IR	322	.	40762000	0.322	0.934	20	3632	40759728	40760140	40762974	40763385	55375397	40550000	40800000	0	3525	411	2834	spaced
SUPER_13	29924096	29962561	IR	321	.	29943220	0.321	0.902	129	39036	29924096	29926928	29959729	29962584	55375397	29800000	30050000	129	2388	2832	32801	spaced
SUPER_13	35957779	36033222	IR	321	.	35995199	0.321	0.914	95	75381	35957779	35959322	36031687	36033222	55375397	35800000	36050000	0	3258	1535	72365	spaced
SUPER_13	31746441	31802629	IR	321	.	31774966	0.321	0.891	83	56092	31746441	31748049	31801035	31802629	55375397	31600000	31850000	0	2908	1594	52986	spaced
SUPER_13	29241008	29245738	IR	321	.	29243484	0.321	0.979	68	4804	29241008	29241387	29245359	29245739	55375397	29200000	29450000	68	722	379	3972	spaced
SUPER_13	22640430	22686313	IR	321	.	22663540	0.321	0.829	59	47118	22640430	22643880	22682915	22686313	55375397	22450000	22700000	59	3556	3398	39035	spaced
SUPER_13	35308843	35382600	IR	321	.	35345290	0.321	0.714	57	73769	35308843	35313034	35378409	35382637	55375397	35200000	35450000	0	2428	4191	65375	spaced
SUPER_13	12369130	12417839	IR	321	.	12393978	0.321	0.870	38	48658	12369130	12369826	12417187	12417839	55375397	12350000	12600000	0	724	652	47361	spaced
SUPER_13	42625775	42644914	IR	321	.	42634883	0.321	0.765	32	19133	42625775	42630425	42640264	42644945	55375397	42400000	42650000	0	3922	4650	9839	spaced
SUPER_13	14464040	14543853	IR	321	.	14504115	0.321	0.778	29	82132	14464040	14467525	14540413	14543853	55375397	14400000	14650000	29	1732	3440	72888	spaced
SUPER_13	25188206	25201423	IR	321	.	25195152	0.321	0.820	29	12675	25188206	25189212	25200419	25201423	55375397	25000000	25250000	0	3246	1004	11207	spaced
SUPER_13	27906440	28028325	IR	321	.	27967579	0.321	0.733	29	121847	27906440	27906500	28028281	28028325	55375397	27800000	28050000	308	2789	44	121781	wide
SUPER_13	47912385	47917730	IR	321	.	47914712	0.321	0.855	28	5321	47912385	47912865	47917280	47917730	55375397	47700000	47950000	0	3584	450	4415	spaced
SUPER_13	6552422	6703564	IR	321	.	6628022	0.321	0.750	27	151114	6552422	6552470	6703528	6703564	55375397	6500000	6750000	194	2133	36	151058	wide
SUPER_13	1649713	1841233	IR	321	.	1745572	0.321	0.529	26	191480	1649713	1649747	1841199	1841261	55375397	1600000	1850000	72	2424	34	191452	wide
SUPER_13	475248	482048	IR	321	.	478864	0.321	0.778	24	6762	475248	475302	482006	482048	55375397	250000	500000	216	3810	42	6704	spaced
SUPER_13	46676176	46859655	IR	321	.	46768301	0.321	0.719	21	183433	46676176	46676222	46859609	46859673	55375397	46650000	46900000	0	1965	46	183387	wide
SUPER_13	11630705	11641703	IR	320	.	11636157	0.320	0.955	355	18916	11630705	11634740	11637668	11641704	55375397	11400000	11650000	355	3936	4035	2928	spaced
SUPER_13	54140955	54197602	IR	320	.	54169647	0.320	0.912	164	56682	54140955	54142740	54195817	54197684	55375397	54000000	54250000	0	2821	1785	53077	spaced
SUPER_13	2956338	3015599	IR	320	.	2986416	0.320	0.939	30	59199	2956338	2956404	3015537	3015599	55375397	2800000	3050000	0	3099	62	59133	spaced
SUPER_13	46343555	46430744	IR	320	.	46386849	0.320	0.848	29	87155	46343555	46343611	46430688	46430754	55375397	46200000	46450000	0	3119	56	87077	spaced
SUPER_13	38094938	38297555	IR	320	.	38196082	0.320	0.792	22	202613	38094938	38098891	38293616	38297555	55375397	38050000	38300000	22	2437	3939	194725	wide
SUPER_13	4456717	4479360	IR	320	.	4467874	0.320	0.880	21	22601	4456717	4456767	4479316	4479360	55375397	4250000	4500000	221	3633	44	22549	spaced
SUPER_13	8271317	8376871	IR	320	.	8324629	0.320	0.401	20	92134	8271317	8284967	8363305	8376871	55375397	8200000	8450000	0	2068	13566	78338	spaced
SUPER_13	1508466	1555542	IR	319	.	1532368	0.319	0.609	28	47032	1508466	1508512	1555496	1555574	55375397	1350000	1600000	0	3033	46	46984	spaced
SUPER_13	26680191	26729387	IR	319	.	26704711	0.319	0.885	27	49148	26680191	26680237	26729341	26729393	55375397	26550000	26800000	301	2579	46	49104	spaced
SUPER_13	5955979	5989268	IR	318	.	5972542	0.318	0.915	185	33608	5955979	5957271	5988017	5989268	55375397	5850000	6100000	225	2043	1251	30746	spaced
SUPER_13	34608235	34693994	IR	318	.	34650969	0.318	0.911	64	85867	34608235	34609177	34693079	34693994	55375397	34550000	34800000	65	1685	915	83902	spaced
SUPER_13	12455417	12593780	IR	318	.	12524308	0.318	0.763	37	138372	12455417	12456725	12592472	12593810	55375397	12400000	12650000	0	2076	1308	135747	wide
SUPER_13	17929541	18044499	IR	318	.	17987420	0.318	0.971	36	114890	17929541	17929611	18044431	18044499	55375397	17800000	18050000	0	3116	68	114820	wide
SUPER_13	11673536	11788909	IR	318	.	11731614	0.318	0.927	29	115352	11673536	11673890	11788557	11788909	55375397	11550000	11800000	0	3020	352	114667	wide
SUPER_13	50324818	50388630	IR	318	.	50356712	0.318	0.615	27	64025	50324818	50326264	50387227	50388630	55375397	50250000	50500000	27	1778	1403	60963	spaced
SUPER_13	37734062	37882941	IR	317	.	37808130	0.317	0.800	110	148880	37734062	37741130	37875873	37882969	55375397	37700000	37950000	0	1808	7068	134743	wide
SUPER_13	30904723	30966902	IR	317	.	30935400	0.317	0.845	43	62047	30904723	30907910	30963789	30966902	55375397	30850000	31100000	0	1430	3113	55879	spaced
SUPER_13	13188215	13255146	IR	316	.	13221328	0.316	0.880	116	66934	13188215	13190269	13253092	13255166	55375397	13050000	13300000	0	2861	2054	62823	spaced
SUPER_13	30590302	30663982	IR	316	.	30626738	0.316	0.919	103	73632	30590302	30592055	30662229	30663986	55375397	30450000	30700000	0	2952	1753	70174	spaced
SUPER_13	54674035	54681627	IR	316	.	54677917	0.316	0.910	65	7987	54674035	54675472	54680190	54681627	55375397	54450000	54700000	65	3797	1437	4718	spaced
SUPER_13	53636824	53673369	IR	316	.	53655503	0.316	0.929	49	36413	53636824	53637411	53672797	53673369	55375397	53450000	53700000	0	3418	572	35386	spaced
SUPER_13	30174705	30179407	IR	316	.	30176898	0.316	1.000	47	4781	30174705	30174899	30179213	30179407	55375397	29950000	30200000	47	3784	194	4314	spaced
SUPER_13	35726028	35785190	IR	316	.	35755247	0.316	0.642	39	59200	35726028	35727570	35783648	35785252	55375397	35600000	35850000	0	2593	1542	56078	spaced
SUPER_13	4816295	4832286	IR	316	.	4823834	0.316	0.376	31	15971	4816295	4816469	4832197	4832286	55375397	4600000	4850000	0	3738	89	15728	spaced
SUPER_13	1841221	1890556	IR	316	.	1866276	0.316	0.963	20	49301	1841221	1841275	1890504	1890556	55375397	1650000	1900000	0	3598	52	49229	spaced
SUPER_13	41766258	41851794	IR	315	.	41808689	0.315	0.949	228	85506	41766258	41769196	41848865	41851794	55375397	41650000	41900000	0	2650	2929	79669	spaced
SUPER_13	23323493	23383518	IR	315	.	23353992	0.315	0.939	212	59996	23323493	23326525	23380489	23383518	55375397	23150000	23400000	0	3391	3029	53964	spaced
SUPER_13	9957217	9999069	IR	315	.	9977703	0.315	0.900	211	41889	9957217	9960255	9996031	9999135	55375397	9750000	10000000	0	3802	3038	35776	spaced
SUPER_13	26870169	26963934	IR	315	.	26917099	0.315	0.951	55	93797	26870169	26870521	26963582	26963946	55375397	26750000	27000000	55	2784	352	93061	spaced
SUPER_13	9191801	9210833	IR	315	.	9201428	0.315	0.983	47	19021	9191801	9191860	9210775	9210833	55375397	9150000	9400000	672	855	58	18915	spaced
SUPER_13	38995561	39016702	IR	315	.	39006350	0.315	0.806	41	21087	38995561	38995611	39016652	39016714	55375397	38800000	39050000	771	3435	50	21041	spaced
SUPER_13	14054440	14109180	IR	315	.	14081874	0.315	0.862	36	55001	14054440	14055511	14108109	14109228	55375397	14000000	14250000	36	1363	1071	52598	spaced
SUPER_13	37991304	37996885	IR	314	.	37994074	0.314	0.964	45	5527	37991304	37991358	37996831	37996887	55375397	37950000	38200000	810	734	54	5473	spaced
SUPER_13	40330292	40462156	IR	314	.	40395724	0.314	0.895	39	131796	40330292	40330360	40462088	40462164	55375397	40250000	40500000	0	2436	68	131728	wide
SUPER_13	4663231	4667006	IR	314	.	4665425	0.314	0.933	33	3769	4663231	4663558	4666679	4667024	55375397	4650000	4900000	0	251	327	3121	spaced
SUPER_13	46430694	46619072	IR	314	.	46524790	0.314	0.963	29	188328	46430694	46430748	46619020	46619072	55375397	46400000	46650000	416	2081	52	188272	wide
SUPER_13	45674134	45717538	IR	314	.	45695524	0.314	0.929	26	43352	45674134	45674186	45717486	45717542	55375397	45500000	45750000	0	3263	52	43300	spaced
SUPER_13	37292760	37380704	IR	314	.	37336331	0.314	0.797	24	87918	37292760	37295162	37378387	37380704	55375397	37150000	37400000	0	3112	2317	83225	spaced
SUPER_13	39843014	39848883	IR	313	.	39845578	0.313	0.914	103	5850	39843014	39844408	39847508	39848883	55375397	39650000	39900000	0	3265	1375	3100	spaced
SUPER_13	53413069	53466065	IR	313	.	53439663	0.313	0.924	37	53078	53413069	53413448	53465691	53466065	55375397	53350000	53600000	37	1492	374	52243	spaced
SUPER_13	47441392	47500915	IR	313	.	47471258	0.313	0.833	34	59469	47441392	47441442	47500865	47500925	55375397	47300000	47550000	538	2852	50	59423	spaced
SUPER_13	51174428	51255675	IR	313	.	51214990	0.313	0.784	26	81316	51174428	51175339	51254772	51255675	55375397	51050000	51300000	27	2750	903	79433	spaced
SUPER_13	26252283	26358441	IR	313	.	26305707	0.313	0.623	24	106135	26252283	26254290	26356461	26358441	55375397	26150000	26400000	0	2589	1980	102171	wide
SUPER_13	45387484	45475562	IR	313	.	45431711	0.313	0.785	21	88128	45387484	45388100	45474997	45475562	55375397	45250000	45500000	21	3025	565	86897	spaced
SUPER_13	30005752	30014488	IR	312	.	30010171	0.312	0.931	99	9129	30005752	30006904	30013348	30014488	55375397	29800000	30050000	99	3501	1140	6444	spaced
SUPER_13	52156988	52327714	IR	312	.	52242124	0.312	0.906	34	170777	52156988	52157453	52327249	52327714	55375397	52150000	52400000	37	1539	465	169796	wide
SUPER_13	22176768	22217161	IR	312	.	22196465	0.312	0.906	27	40335	22176768	22176832	22217103	22217161	55375397	22000000	22250000	0	3282	58	40271	spaced
SUPER_13	34052421	34068630	IR	311	.	34060868	0.311	0.826	136	16229	34052421	34059391	34061660	34068668	55375397	33850000	34100000	0	3508	6970	2269	spaced
SUPER_13	53295970	53299424	IR	311	.	53297531	0.311	0.974	56	3494	53295970	53296308	53299086	53299424	55375397	53050000	53300000	56	4128	338	2778	spaced
SUPER_13	520927	541263	IR	311	.	531500	0.311	0.710	42	19705	520927	522739	539482	541263	55375397	500000	750000	0	518	1781	16743	spaced
SUPER_13	48457921	48509844	IR	311	.	48484185	0.311	0.658	30	51873	48457921	48457997	48509794	48509844	55375397	48300000	48550000	0	3064	50	51797	spaced
SUPER_13	43222304	43240542	IR	310	.	43231721	0.310	0.993	106	18213	43222304	43223016	43239830	43240542	55375397	43050000	43300000	0	3023	712	16814	spaced
SUPER_13	27897306	27906476	IR	310	.	27902198	0.310	0.591	27	9126	27897306	27897350	27906432	27906508	55375397	27700000	27950000	0	3364	44	9082	spaced
SUPER_13	48834240	48868034	IR	309	.	48850891	0.309	1.000	32	33756	48834240	48834278	48867996	48868034	55375397	48750000	49000000	32	1685	38	33718	spaced
SUPER_13	31423078	31427584	IR	308	.	31425531	0.308	0.913	107	8138	31423078	31424336	31426326	31427584	55375397	31300000	31550000	101	2088	1258	1990	immediate
SUPER_13	14815618	14820276	IR	308	.	14817481	0.308	0.750	26	4594	14815618	14815851	14820043	14820305	55375397	14700000	14950000	0	1965	233	4192	spaced
SUPER_13	33811786	33928090	IR	308	.	33870039	0.308	0.885	23	116254	33811786	33811832	33928044	33928096	55375397	33700000	33950000	256	2832	46	116212	wide
SUPER_13	33535566	33578807	IR	307	.	33556883	0.307	0.902	77	43256	33535566	33536684	33577689	33578845	55375397	33400000	33650000	0	2619	1118	41005	spaced
SUPER_13	51599074	51659870	IR	307	.	51629823	0.307	0.796	29	60769	51599074	51600129	51658896	51659870	55375397	51450000	51700000	0	2991	974	58767	spaced
SUPER_13	54084803	54089105	IR	307	.	54087234	0.307	0.829	26	4328	54084803	54085110	54088798	54089153	55375397	53850000	54100000	0	3949	307	3688	spaced
SUPER_13	25060277	25067132	IR	307	.	25063611	0.307	0.968	23	6862	25060277	25060466	25066944	25067132	55375397	24850000	25100000	23	3561	188	6478	spaced
SUPER_13	663130	778682	IR	307	.	721084	0.307	0.741	21	115508	663130	663170	778642	778696	55375397	550000	800000	176	2848	40	115472	wide
SUPER_13	49669878	49677158	IR	305	.	49673317	0.305	0.830	20	7377	49669878	49671656	49675410	49677158	55375397	49450000	49700000	20	3725	1748	3754	spaced
SUPER_13	24192739	24220403	IR	304	.	24206194	0.304	0.912	101	27635	24192739	24194384	24218803	24220403	55375397	24050000	24300000	0	2609	1600	24419	spaced
SUPER_13	52795736	52799965	IR	304	.	52798282	0.304	0.903	83	4256	52795736	52796230	52799471	52800017	55375397	52750000	53000000	0	797	494	3241	spaced
SUPER_13	39419255	39484442	IR	304	.	39451494	0.304	0.163	45	65157	39419255	39419298	39484399	39484510	55375397	39250000	39500000	0	3364	43	65101	spaced
SUPER_13	49596845	49607300	IR	304	.	49602138	0.304	0.792	20	10417	49596845	49596883	49607262	49607310	55375397	49400000	49650000	144	3367	38	10379	spaced
SUPER_13	38822320	38995599	IR	303	.	38908769	0.303	0.800	21	173235	38822320	38822360	38995559	38995609	55375397	38750000	39000000	107	2649	40	173199	wide
SUPER_13	42550404	42574169	IR	303	.	42562694	0.303	0.906	20	23709	42550404	42551016	42573557	42574179	55375397	42450000	42700000	0	1871	612	22541	spaced
SUPER_13	33155612	33313253	IR	302	.	33234519	0.302	0.775	26	157829	33155612	33157664	33311201	33313315	55375397	33100000	33350000	26	2239	2052	153537	wide
SUPER_13	42650171	42676825	IR	301	.	42663023	0.301	0.000	42	26618	42650171	42650207	42676789	42676905	55375397	42600000	42850000	0	1058	36	26582	spaced
SUPER_13	7792243	7833042	IR	301	.	7812551	0.301	0.854	21	40870	7792243	7792981	7832342	7833042	55375397	7650000	7900000	21	2710	700	39361	spaced
SUPER_13	28055685	28221718	IR	300	.	28138376	0.300	0.444	292	166015	28055685	28120864	28156551	28221718	55375397	28000000	28250000	0	2311	65167	35687	spaced
SUPER_13	32766739	32777650	IR	300	.	32772593	0.300	0.861	186	10964	32766739	32770931	32773458	32777723	55375397	32550000	32800000	0	3703	4192	2527	spaced
SUPER_13	29501803	29524164	IR	300	.	29513283	0.300	0.945	44	22342	29501803	29502548	29523419	29524164	55375397	29300000	29550000	0	3549	745	20871	spaced
SUPER_13	16767779	16814121	IR	300	.	16790922	0.300	0.799	30	46535	16767779	16770738	16811162	16814132	55375397	16600000	16850000	30	3182	2959	40424	spaced
SUPER_13	11594653	11615415	IR	300	.	11605065	0.300	0.815	27	20905	11594653	11595330	11614738	11615452	55375397	11500000	11750000	27	1750	677	19408	spaced
SUPER_13	26006000	26248687	IR	300	.	26127048	0.300	0.733	20	242574	26006000	26007335	26247352	26248748	55375397	26000000	26250000	0	2122	1335	240017	wide
SUPER_13	19388948	19438022	IR	298	.	19413090	0.298	0.884	57	48983	19388948	19390250	19436766	19438022	55375397	19250000	19500000	0	2724	1256	46516	spaced
SUPER_13	16487500	16499981	IR	296	.	16493827	0.296	0.306	43	12457	16487500	16487582	16499945	16499981	55375397	16400000	16650000	121	1562	36	12363	spaced
SUPER_13	5117699	5124957	IR	296	.	5121474	0.296	1.000	23	7210	5117699	5117747	5124909	5124957	55375397	4900000	5150000	253	3688	48	7162	spaced
SUPER_13	24608524	24663899	IR	295	.	24635707	0.295	0.733	21	55331	24608524	24608584	24663855	24663899	55375397	24450000	24700000	0	3103	44	55271	spaced
SUPER_13	32168046	32207698	IR	294	.	32187866	0.294	0.921	137	133525	32168046	32170703	32205048	32207698	55375397	32100000	32350000	139	1464	2650	34345	spaced
SUPER_13	3627132	3630472	IR	293	.	3628718	0.293	0.921	27	3357	3627132	3627512	3630094	3630472	55375397	3600000	3850000	27	479	378	2582	spaced
SUPER_14	48253323	48255219	IR	937	.	48254271	0.937	0.991	150	2078	48253323	48254120	48254422	48255219	53408081	48050000	48300000	150	3404	797	302	immediate
SUPER_14	50465122	50467222	IR	662	.	50466171	0.662	0.963	105	2259	50465122	50465948	50466396	50467222	53408081	50300000	50550000	105	2769	826	448	immediate
SUPER_14	61680	63691	IR	654	.	62686	0.654	0.992	168	2267	61680	62568	62804	63691	53408081	50000	300000	168	211	887	236	immediate
SUPER_14	5807645	5810043	IR	643	.	5808844	0.643	0.865	53	2742	5807645	5808471	5809217	5810061	53408081	5800000	6050000	53	147	826	746	immediate
SUPER_14	40148699	40151673	IR	601	.	40150187	0.601	0.937	84	3270	40148699	40149735	40150644	40151673	53408081	40050000	40300000	92	1669	1029	909	immediate
SUPER_14	24890487	24894182	IR	600	.	24892336	0.600	0.905	59	3974	24890487	24891721	24892951	24894182	53408081	24700000	24950000	59	3205	1231	1230	immediate
SUPER_14	26222561	26226566	IR	570	.	26224433	0.570	0.452	20	3995	26222561	26224483	26224714	26226566	53408081	26200000	26450000	20	409	1852	231	immediate
SUPER_14	8259907	8261931	IR	541	.	8260920	0.541	0.965	108	2230	8259907	8260731	8261110	8261931	53408081	8050000	8300000	108	3515	821	379	immediate
SUPER_14	24185916	24187237	IR	540	.	24186444	0.540	0.708	20	2296	24185916	24186466	24186687	24187237	53408081	24150000	24400000	20	609	550	221	immediate
SUPER_14	39050854	39073588	IR	538	.	39061833	0.538	0.417	31	22682	39050854	39062230	39062233	39073588	53408081	38900000	39150000	0	2703	11355	3	immediate
SUPER_14	40535152	40537094	IR	537	.	40536123	0.537	0.964	72	6290	40535152	40535826	40536422	40537094	53408081	40300000	40550000	72	3935	672	596	immediate
SUPER_14	13134240	13136154	IR	536	.	13135197	0.536	0.956	101	2025	13134240	13135051	13135349	13136154	53408081	12950000	13200000	103	3086	805	298	immediate
SUPER_14	30856015	30858545	IR	535	.	30857280	0.535	0.977	73	2937	30856015	30856576	30857984	30858545	53408081	30650000	30900000	91	3454	561	1408	immediate
SUPER_14	23208467	23277060	IR	530	.	23242367	0.530	0.509	304	68605	23208467	23242763	23242764	23277091	53408081	23050000	23300000	0	3212	34296	1	immediate
SUPER_14	37678728	37680260	IR	528	.	37679494	0.528	0.851	55	114229	37678728	37679340	37679658	37680260	53408081	37550000	37800000	70	2158	602	318	immediate
SUPER_14	17170658	17171847	IR	519	.	17171252	0.519	0.975	76	38114	17170658	17171011	17171494	17171854	53408081	16950000	17200000	76	3687	353	483	immediate
SUPER_14	5510361	5512271	IR	507	.	5511321	0.507	0.958	105	2099	5510361	5511128	5511504	5512279	53408081	5350000	5600000	105	2688	767	376	immediate
SUPER_14	47461677	47554487	IR	504	.	47507858	0.504	0.887	84	93005	47461677	47463028	47553136	47554527	53408081	47400000	47650000	84	1801	1351	90108	spaced
SUPER_14	2714565	2717508	IR	496	.	2716037	0.496	0.869	40	3337	2714565	2715583	2716490	2717552	53408081	2700000	2950000	40	267	1018	907	immediate
SUPER_14	10510683	10514361	IR	495	.	10512522	0.495	1.000	219	3937	10510683	10511706	10513338	10514361	53408081	10300000	10550000	219	3541	1023	1632	immediate
SUPER_14	21925236	21977982	IR	491	.	21951149	0.491	0.523	62	50641	21925236	21950118	21953148	21977982	53408081	21850000	22100000	0	1693	24834	3030	spaced
SUPER_14	37090787	37259943	IR	483	.	37175780	0.483	0.774	21	169108	37090787	37090835	37259895	37259957	53408081	37050000	37300000	0	2089	48	169060	wide
SUPER_14	36673783	36895874	IR	479	.	36784807	0.479	0.904	20	222097	36673783	36674127	36895530	36895878	53408081	36650000	36900000	20	2247	344	221403	wide
SUPER_14	29214249	29428098	IR	472	.	29321291	0.472	0.893	164	214476	29214249	29217562	29424832	29428098	53408081	29200000	29450000	164	2019	3266	207270	wide
SUPER_14	46365524	46385872	IR	470	.	46375774	0.470	0.554	55	20316	46365524	46365607	46385826	46385872	53408081	46150000	46400000	816	3761	46	20219	spaced
SUPER_14	46777793	46779665	IR	468	.	46778730	0.468	0.908	45	129424	46777793	46778505	46778953	46779675	53408081	46700000	46950000	45	1312	712	448	immediate
SUPER_14	53125655	53127518	IR	448	.	53126523	0.448	0.934	44	89916	53125655	53126097	53127076	53127533	53408081	53000000	53250000	44	2109	442	979	immediate
SUPER_14	31892495	31925827	IR	447	.	31908740	0.447	0.852	54	33027	31892495	31897374	31920948	31925842	53408081	31800000	32050000	0	1819	4879	23574	spaced
SUPER_14	37259895	37473544	IR	445	.	37367237	0.445	0.383	32	213657	37259895	37366615	37366824	37473606	53408081	37250000	37500000	0	1945	106720	209	immediate
SUPER_14	31227971	31230297	IR	440	.	31229134	0.440	0.845	63	2541	31227971	31228772	31229496	31230362	53408081	31050000	31300000	67	2985	801	724	immediate
SUPER_14	2035613	2036834	IR	437	.	2036224	0.437	0.957	40	23677	2035613	2036059	2036390	2036834	53408081	1850000	2100000	40	3103	444	331	immediate
SUPER_14	40733430	40931459	IR	434	.	40832013	0.434	0.387	33	197986	40733430	40816863	40848085	40931459	53408081	40700000	40950000	0	2207	83374	31222	spaced
SUPER_14	11352515	11554287	IR	433	.	11453207	0.433	0.625	31	201726	11352515	11352555	11554247	11554311	53408081	11350000	11600000	307	1723	40	201692	wide
SUPER_14	5002362	5046933	IR	432	.	5024619	0.432	0.432	35	44825	5002362	5024104	5025191	5046952	53408081	5000000	5250000	35	410	21742	1087	immediate
SUPER_14	52143210	52244579	IR	429	.	52194205	0.429	0.752	38	101357	52143210	52145270	52242519	52244591	53408081	52050000	52300000	0	2398	2060	97249	spaced
SUPER_14	18481558	18671040	IR	421	.	18576697	0.421	0.924	83	189457	18481558	18482900	18669713	18671040	53408081	18450000	18700000	0	2104	1327	186813	wide
SUPER_14	33454484	33540776	IR	411	.	33497132	0.411	0.891	20	86284	33454484	33455079	33540181	33540785	53408081	33300000	33550000	0	3293	595	85102	spaced
SUPER_14	42628811	42687172	IR	410	.	42658464	0.410	0.714	40	58301	42628811	42628871	42687112	42687196	53408081	42550000	42800000	0	1799	60	58241	spaced
SUPER_14	28389810	28584785	IR	408	.	28486890	0.408	0.425	30	194935	28389810	28389892	28584745	28584785	53408081	28350000	28600000	0	2288	40	194853	wide
SUPER_14	28643700	28678960	IR	405	.	28661130	0.405	0.967	427	35839	28643700	28646743	28675917	28678992	53408081	28450000	28700000	427	3522	3043	29174	spaced
SUPER_14	18794140	18972079	IR	405	.	18883007	0.405	0.927	59	178574	18794140	18795031	18971198	18972079	53408081	18750000	19000000	59	2218	881	176167	wide
SUPER_14	21766115	21824384	IR	404	.	21794980	0.404	0.643	38	57020	21766115	21772544	21818022	21824384	53408081	21700000	21950000	0	1587	6362	45478	spaced
SUPER_14	34146357	34150258	IR	402	.	34148330	0.402	0.920	137	4246	34146357	34147538	34149077	34150320	53408081	34050000	34300000	137	1638	1181	1539	immediate
SUPER_14	20972456	21031198	IR	399	.	21001519	0.399	0.751	307	58750	20972456	20982521	21021133	21031231	53408081	20800000	21050000	0	3363	10065	38612	spaced
SUPER_14	15750736	15880444	IR	399	.	15815782	0.399	0.877	59	129752	15750736	15751581	15879599	15880446	53408081	15650000	15900000	59	2759	845	128018	wide
SUPER_14	37970357	38041051	IR	398	.	38005885	0.398	0.918	28	70980	37970357	37970906	38040502	38041051	53408081	37800000	38050000	28	3428	549	69596	spaced
SUPER_14	1512573	1748368	IR	396	.	1630470	0.396	0.956	94	236455	1512573	1513570	1747371	1748373	53408081	1500000	1750000	94	2174	997	233801	wide
SUPER_14	52569995	52641384	IR	394	.	52606148	0.394	0.878	64	71383	52569995	52571594	52639785	52641395	53408081	52450000	52700000	0	2594	1599	68191	spaced
SUPER_14	43613023	43618107	IR	393	.	43615550	0.393	0.963	220	5403	43613023	43614644	43616494	43618107	53408081	43400000	43650000	220	3592	1613	1850	immediate
SUPER_14	50168639	50279831	IR	392	.	50223730	0.392	0.877	48	111163	50168639	50169553	50278952	50279831	53408081	50100000	50350000	0	2070	879	109399	wide
SUPER_14	39725219	39730067	IR	391	.	39727646	0.391	0.878	73	5325	39725219	39726936	39728350	39730085	53408081	39550000	39800000	73	2960	1717	1414	immediate
SUPER_14	24036942	24120093	IR	388	.	24078733	0.388	0.786	28	83119	24036942	24036998	24120049	24120093	53408081	23900000	24150000	379	2975	44	83051	spaced
SUPER_14	41227006	41402262	IR	388	.	41314845	0.388	0.960	24	175208	41227006	41227054	41402214	41402264	53408081	41200000	41450000	300	1910	48	175160	wide
SUPER_14	13176094	13285052	IR	387	.	13230089	0.387	0.937	188	108941	13176094	13177797	13283378	13285052	53408081	13100000	13350000	0	2176	1674	105581	wide
SUPER_14	37768470	37823591	IR	386	.	37795587	0.386	0.754	31	55103	37768470	37769373	37822721	37823591	53408081	37600000	37850000	0	3267	870	53348	spaced
SUPER_14	28680558	28714192	IR	385	.	28697535	0.385	1.000	25	33584	28680558	28680606	28714144	28714192	53408081	28650000	28900000	261	789	48	33538	spaced
SUPER_14	47568781	47732757	IR	379	.	47650288	0.379	0.656	42	163954	47568781	47568861	47732677	47732799	53408081	47550000	47800000	0	1679	80	163816	wide
SUPER_14	3386052	3484026	IR	378	.	3434887	0.378	0.870	20	97938	3386052	3386098	3483986	3484026	53408081	3250000	3500000	112	3083	40	97888	spaced
SUPER_14	19338659	19437101	IR	377	.	19387475	0.377	0.870	48	98421	19338659	19340211	19435570	19437101	53408081	19200000	19450000	0	3131	1531	95359	spaced
SUPER_14	36371629	36590006	IR	377	.	36480586	0.377	0.655	27	218339	36371629	36371665	36589970	36590025	53408081	36350000	36600000	84	2180	36	218305	wide
SUPER_14	15056181	15192649	IR	376	.	15124136	0.376	0.855	51	136419	15056181	15057372	15191518	15192649	53408081	15000000	15250000	0	2073	1131	134146	wide
SUPER_14	23426488	23640301	IR	375	.	23533207	0.375	0.862	25	213944	23426488	23427494	23639311	23640301	53408081	23400000	23650000	25	2223	990	211817	wide
SUPER_14	20254468	20432561	IR	374	.	20343720	0.374	0.916	186	178740	20254468	20255916	20431113	20432586	53408081	20250000	20500000	193	1558	1448	175197	wide
SUPER_14	4060496	4227972	IR	374	.	4143728	0.374	0.935	150	167442	4060496	4062118	4226364	4227972	53408081	4000000	4250000	0	2403	1608	164246	wide
SUPER_14	52292943	52295001	IR	374	.	52293926	0.374	0.936	27	2119	52292943	52293240	52294709	52295001	53408081	52200000	52450000	27	1566	292	1469	immediate
SUPER_14	36009926	36233484	IR	372	.	36122031	0.372	0.971	327	223531	36009926	36013060	36230356	36233484	53408081	36000000	36250000	0	2028	3128	217296	wide
SUPER_14	51926185	51938365	IR	370	.	51931892	0.370	0.894	180	12116	51926185	51927929	51936706	51938365	53408081	51700000	51950000	0	3871	1659	8777	spaced
SUPER_14	30010501	30118031	IR	370	.	30064066	0.370	0.393	22	107615	30010501	30063033	30065572	30118031	53408081	29950000	30200000	22	1904	52459	2539	spaced
SUPER_14	329872	491576	IR	369	.	410370	0.369	0.971	150	161680	329872	330980	490479	491576	53408081	250000	500000	0	2678	1097	159499	wide
SUPER_14	38321936	38328468	IR	366	.	38325235	0.366	0.821	101	6819	38321936	38324428	38326019	38328468	53408081	38100000	38350000	110	3753	2449	1591	immediate
SUPER_14	13130521	13132920	IR	366	.	13132093	0.366	0.670	26	2443	13130521	13131383	13132058	13132990	53408081	13000000	13250000	0	2195	862	675	immediate
SUPER_14	125546	127828	IR	366	.	126688	0.366	0.926	23	2453	125546	125852	127524	127828	53408081	100000	350000	29	444	304	1672	immediate
SUPER_14	1141370	1143267	IR	365	.	1142316	0.365	0.988	141	2079	1141370	1142192	1142445	1143267	53408081	1000000	1250000	141	2371	822	253	immediate
SUPER_14	19163493	19168070	IR	365	.	19165781	0.365	0.900	46	4755	19163493	19164703	19166860	19168070	53408081	19100000	19350000	46	1096	1210	2157	spaced
SUPER_14	12159246	12314617	IR	365	.	12237289	0.365	0.640	37	155321	12159246	12159296	12314567	12314649	53408081	12150000	12400000	0	1448	50	155271	wide
SUPER_14	32929177	33108148	IR	365	.	33018790	0.365	0.412	31	178925	32929177	32929211	33108114	33108184	53408081	32900000	33150000	60	1977	34	178903	wide
SUPER_14	1116805	1120375	IR	365	.	1119072	0.365	0.719	22	3532	1116805	1116869	1120329	1120375	53408081	1050000	1300000	0	1143	46	3460	spaced
SUPER_14	38084814	38265765	IR	364	.	38175111	0.364	0.890	75	181416	38084814	38087591	38263007	38265765	53408081	38050000	38300000	75	2088	2758	175416	wide
SUPER_14	5402962	5414335	IR	364	.	5408309	0.364	0.694	28	10990	5402962	5404395	5412948	5414335	53408081	5200000	5450000	0	3477	1387	8553	spaced
SUPER_14	39889502	39939249	IR	364	.	39914855	0.364	0.565	20	49812	39889502	39890917	39937834	39939340	53408081	39800000	40050000	0	1906	1415	46917	spaced
SUPER_14	30696285	30719351	IR	363	.	30707955	0.363	0.409	33	23068	30696285	30705426	30710225	30719351	53408081	30650000	30900000	34	963	9126	4799	spaced
SUPER_14	12863735	12866324	IR	363	.	12865027	0.363	0.829	23	3027	12863735	12864218	12865841	12866346	53408081	12850000	13100000	23	250	483	1623	immediate
SUPER_14	13534633	13649776	IR	363	.	13592530	0.363	0.857	20	115095	13534633	13534689	13649728	13649776	53408081	13400000	13650000	0	3203	48	115039	wide
SUPER_14	5348553	5380755	IR	362	.	5365096	0.362	0.858	23	32177	5348553	5349114	5380215	5380755	53408081	5150000	5400000	0	3577	540	31101	spaced
SUPER_14	47834985	47984957	IR	361	.	47909676	0.361	0.389	26	149934	47834985	47909478	47910562	47984957	53408081	47750000	48000000	0	2666	74395	1084	immediate
SUPER_14	3931435	4057668	IR	359	.	3995000	0.359	0.407	155	126209	3931435	3986818	4002337	4057668	53408081	3850000	4100000	0	2409	55331	15519	spaced
SUPER_14	48545046	48572951	IR	359	.	48558581	0.359	0.824	23	27917	48545046	48545612	48572385	48572988	53408081	48500000	48750000	0	983	566	26773	spaced
SUPER_14	2279600	2378532	IR	359	.	2328795	0.359	0.963	20	98880	2279600	2279654	2378480	2378532	53408081	2150000	2400000	0	2984	52	98826	spaced
SUPER_14	22891348	22921060	IR	358	.	22905754	0.358	0.875	72	29589	22891348	22895027	22917442	22921060	53408081	22750000	23000000	0	2603	3618	22415	spaced
SUPER_14	14592857	14733748	IR	357	.	14662832	0.357	0.819	38	140843	14592857	14596855	14729766	14733748	53408081	14500000	14750000	0	2721	3982	132911	wide
SUPER_14	45734231	45736982	IR	357	.	45735265	0.357	0.897	29	2677	45734231	45734750	45736463	45736999	53408081	45550000	45800000	0	3093	519	1713	immediate
SUPER_14	7807415	8006688	IR	357	.	7906800	0.357	0.814	26	199356	7807415	7809886	8004217	8006792	53408081	7800000	8050000	0	1784	2471	194331	wide
SUPER_14	53329211	53392540	IR	357	.	53361083	0.357	0.920	24	63281	53329211	53329257	53392494	53392544	53408081	53150000	53400000	300	3514	46	63237	spaced
SUPER_14	38524545	38700850	IR	356	.	38612289	0.356	0.925	153	176230	38524545	38526304	38699124	38700850	53408081	38500000	38750000	0	1878	1726	172820	wide
SUPER_14	42741139	42927603	IR	356	.	42833880	0.356	0.788	27	186412	42741139	42741191	42927551	42927617	53408081	42700000	42950000	0	2239	52	186360	wide
SUPER_14	28714144	28727123	IR	356	.	28720587	0.356	0.833	20	12947	28714144	28714192	28727083	28727123	53408081	28650000	28900000	143	1177	40	12891	spaced
SUPER_14	40257376	40466250	IR	356	.	40362211	0.356	0.841	20	208902	40257376	40257924	40465702	40466298	53408081	40250000	40500000	0	1863	548	207778	wide
SUPER_14	38853542	39038340	IR	355	.	38945643	0.355	0.727	65	184592	38853542	38855681	39036285	39038340	53408081	38800000	39050000	0	2432	2055	180604	wide
SUPER_14	23923366	24036980	IR	355	.	23980291	0.355	0.714	25	113568	23923366	23923406	24036940	24036996	53408081	23800000	24050000	202	3002	40	113534	wide
SUPER_14	17947650	18033670	IR	354	.	17991109	0.354	0.928	328	86018	17947650	17952832	18028488	18033691	53408081	17800000	18050000	0	3177	5182	75656	spaced
SUPER_14	31779568	31802919	IR	354	.	31790870	0.354	0.649	70	19825	31779568	31785058	31797433	31802919	53408081	31600000	31850000	0	3187	5486	12375	spaced
SUPER_14	42956430	42956528	IR	354	.	42956489	0.354	0.985	43	97914	42956430	42956498	42956461	42956528	53408081	42850000	43100000	1615	1774	67	-37	overlap
SUPER_14	42956438	42956532	IR	354	.	42956489	0.354	0.812	42	34304	42956438	42956507	42956476	42956532	53408081	42750000	43000000	1329	3441	56	-31	overlap
SUPER_14	42956438	42956532	IR	354	.	42956489	0.354	0.812	42	34304	42956438	42956507	42956476	42956532	53408081	42900000	43150000	1329	941	56	-31	overlap
SUPER_14	42956459	42956536	IR	354	.	42956489	0.354	0.804	35	34286	42956459	42956515	42956491	42956536	53408081	42800000	43050000	596	2608	45	-24	overlap
SUPER_14	2832384	2834915	IR	354	.	2833638	0.354	0.905	31	2638	2832384	2832720	2834598	2834915	53408081	2750000	3000000	31	1394	317	1878	immediate
SUPER_14	50412140	50417224	IR	354	.	50414334	0.354	0.591	26	5042	50412140	50412184	50417180	50417256	53408081	50250000	50500000	0	2744	44	4996	spaced
SUPER_14	26017956	26135655	IR	354	.	26077240	0.354	0.929	23	117647	26017956	26018012	26135603	26135655	53408081	25900000	26150000	0	2946	52	117591	wide
SUPER_14	2267502	2279654	IR	354	.	2273181	0.354	1.000	21	12098	2267502	2267556	2279600	2279654	53408081	2150000	2400000	0	2059	54	12044	spaced
SUPER_14	49748502	49806435	IR	353	.	49777115	0.353	0.961	34	57910	49748502	49749088	49805849	49806435	53408081	49700000	49950000	0	1291	586	56761	spaced
SUPER_14	31268278	31441312	IR	353	.	31354561	0.353	0.909	29	173054	31268278	31269000	31440590	31441314	53408081	31250000	31500000	29	1746	722	171590	wide
SUPER_14	6899991	6931345	IR	353	.	6915404	0.353	0.591	27	31310	6899991	6900035	6931301	6931377	53408081	6700000	6950000	0	3594	44	31266	spaced
SUPER_14	28282547	28362366	IR	353	.	28322650	0.353	0.960	21	79769	28282547	28282595	28362318	28362368	53408081	28200000	28450000	225	2040	48	79723	spaced
SUPER_14	8703498	8865149	IR	352	.	8784749	0.352	0.000	46	161615	8703498	8703618	8865113	8865149	53408081	8700000	8950000	0	1405	36	161495	wide
SUPER_14	12320288	12434259	IR	352	.	12377761	0.352	0.851	22	113878	12320288	12321535	12433012	12434299	53408081	12250000	12500000	0	2121	1247	111477	wide
SUPER_14	19744695	19930796	IR	351	.	19837557	0.351	0.856	56	186455	19744695	19747344	19928165	19930796	53408081	19700000	19950000	56	2295	2631	180821	wide
SUPER_14	14735847	14841675	IR	351	.	14788552	0.351	0.869	35	105884	14735847	14736567	14841003	14841675	53408081	14650000	14900000	35	2312	672	104436	wide
SUPER_14	39414831	39564730	IR	351	.	39489575	0.351	0.724	28	149853	39414831	39414873	39564688	39564746	53408081	39350000	39600000	274	2329	42	149815	wide
SUPER_14	13322501	13534687	IR	351	.	13428725	0.351	0.960	27	212158	13322501	13322551	13534639	13534687	53408081	13300000	13550000	243	2143	48	212088	wide
SUPER_14	10198373	10382383	IR	350	.	10290698	0.350	0.402	63	183991	10198373	10290416	10290400	10382383	53408081	10150000	10400000	0	2339	91983	-16	overlap
SUPER_14	16255078	16413326	IR	350	.	16334065	0.350	0.863	35	158244	16255078	16256069	16412335	16413330	53408081	16200000	16450000	37	2236	991	156266	wide
SUPER_14	50633034	50759592	IR	350	.	50695810	0.350	0.715	31	126531	50633034	50634290	50758336	50759592	53408081	50550000	50800000	0	2438	1256	124046	wide
SUPER_14	3793375	3861394	IR	349	.	3827423	0.349	0.920	108	68276	3793375	3794489	3860280	3861398	53408081	3700000	3950000	111	2122	1114	65791	spaced
SUPER_14	47306259	47443547	IR	348	.	47374908	0.348	0.921	205	137744	47306259	47308594	47441240	47443547	53408081	47250000	47500000	205	2081	2307	132646	wide
SUPER_14	23010049	23053443	IR	348	.	23032169	0.348	0.886	65	43335	23010049	23012592	23050907	23053443	53408081	22900000	23150000	0	2195	2536	38315	spaced
SUPER_14	2050038	2259490	IR	348	.	2155006	0.348	0.888	63	209441	2050038	2050787	2258741	2259496	53408081	2050000	2300000	0	1745	749	207954	wide
SUPER_14	35140559	35142477	IR	348	.	35141518	0.348	0.906	45	2045	35140559	35141251	35141796	35142477	53408081	35050000	35300000	45	1525	681	545	immediate
SUPER_14	49059293	49135566	IR	348	.	49096973	0.348	0.930	31	76254	49059293	49059752	49135109	49135566	53408081	49000000	49250000	0	1623	457	75357	spaced
SUPER_14	44286686	44443573	IR	348	.	44364853	0.348	0.591	27	156851	44286686	44286762	44443529	44443573	53408081	44200000	44450000	0	2752	44	156767	wide
SUPER_14	43064444	43228695	IR	348	.	43146176	0.348	0.859	26	164231	43064444	43065092	43228047	43228720	53408081	43050000	43300000	0	1609	648	162955	wide
SUPER_14	44529443	44713556	IR	348	.	44621081	0.348	0.840	22	184089	44529443	44531488	44711511	44713557	53408081	44500000	44750000	0	2024	2045	180023	wide
SUPER_14	51624188	51689104	IR	348	.	51656666	0.348	1.000	21	64872	51624188	51624234	51689058	51689104	53408081	51500000	51750000	192	2610	46	64824	spaced
SUPER_14	39564684	39564750	IR	347	.	39564721	0.347	0.911	29	84018	39564684	39564729	39564709	39564750	53408081	39400000	39650000	290	2745	41	-20	overlap
SUPER_14	39564684	39564748	IR	347	.	39564721	0.347	0.956	29	84018	39564684	39564727	39564705	39564750	53408081	39450000	39700000	314	1911	43	-22	overlap
SUPER_14	42450523	42567779	IR	347	.	42508675	0.347	0.943	28	117172	42450523	42450962	42567341	42567779	53408081	42400000	42650000	0	1819	438	116379	wide
SUPER_14	44070106	44286722	IR	347	.	44177940	0.347	0.389	24	216580	44070106	44070142	44286686	44286762	53408081	44050000	44300000	0	2140	36	216544	wide
SUPER_14	53392488	53404803	IR	347	.	53398281	0.347	0.806	24	12265	53392488	53392550	53404753	53404803	53408081	53200000	53408081	0	3310	50	12203	spaced
SUPER_14	23333112	23363178	IR	346	.	23348454	0.346	0.854	50	30041	23333112	23334139	23362186	23363178	53408081	23250000	23500000	0	1635	992	28047	spaced
SUPER_14	43862068	43881049	IR	346	.	43871784	0.346	0.923	36	18945	43862068	43862120	43881001	43881049	53408081	43650000	43900000	328	3692	48	18881	spaced
SUPER_14	1384828	1389149	IR	346	.	1387458	0.346	0.833	32	4349	1384828	1385148	1388829	1389201	53408081	1250000	1500000	0	2283	320	3681	spaced
SUPER_14	45231730	45311259	IR	345	.	45271066	0.345	0.350	32	79489	45231730	45231770	45311219	45311307	53408081	45100000	45350000	0	2858	40	79449	spaced
SUPER_14	601167	618314	IR	345	.	609419	0.345	0.796	29	17120	601167	602522	617051	618314	53408081	600000	850000	0	162	1263	14529	spaced
SUPER_14	5518307	5547230	IR	345	.	5532372	0.345	0.447	24	28889	5518307	5518383	5547192	5547230	53408081	5500000	5750000	0	546	38	28809	spaced
SUPER_14	9074718	9112228	IR	344	.	9092966	0.344	0.884	138	37372	9074718	9080164	9106844	9112228	53408081	8900000	9150000	0	3224	5384	26680	spaced
SUPER_14	22460197	22600463	IR	344	.	22530128	0.344	0.920	101	140552	22460197	22462389	22598271	22600463	53408081	22450000	22700000	101	1338	2192	135882	wide
SUPER_14	20093956	20122711	IR	344	.	20108060	0.344	0.962	96	28741	20093956	20095020	20121647	20122714	53408081	19900000	20150000	0	3472	1064	26627	spaced
SUPER_14	41567307	41731403	IR	344	.	41649116	0.344	0.915	85	164295	41567307	41568317	41730393	41731406	53408081	41500000	41750000	79	2489	1010	162076	wide
SUPER_14	14369819	14466234	IR	344	.	14418385	0.344	0.714	37	96474	14369819	14372642	14463411	14466316	53408081	14250000	14500000	0	2800	2823	90769	spaced
SUPER_14	38410652	38484505	IR	344	.	38447943	0.344	0.619	23	73811	38410652	38410694	38484463	38484533	53408081	38350000	38600000	0	1626	42	73769	spaced
SUPER_14	5226224	5254935	IR	344	.	5240698	0.344	0.816	22	28714	5226224	5227083	5254159	5254935	53408081	5050000	5300000	24	3176	776	27076	spaced
SUPER_14	32193632	32216357	IR	344	.	32204848	0.344	0.880	21	22677	32193632	32193676	32216313	32216363	53408081	32000000	32250000	210	3416	44	22637	spaced
SUPER_14	26401453	26499208	IR	343	.	26450732	0.343	0.811	119	97685	26401453	26403062	26497623	26499208	53408081	26300000	26550000	0	2505	1585	94561	spaced
SUPER_14	42193271	42335096	IR	343	.	42263935	0.343	1.000	41	143657	42193271	42193288	42335079	42335096	53408081	42100000	42350000	1	2736	17	141791	wide
SUPER_14	39564682	39656604	IR	343	.	39611055	0.343	0.619	23	91880	39564682	39564752	39656562	39656604	53408081	39450000	39700000	0	2677	42	91810	spaced
SUPER_14	45023651	45165023	IR	343	.	45094787	0.343	0.810	22	141371	45023651	45024651	45164023	45165041	53408081	44950000	45200000	0	2405	1000	139372	wide
SUPER_14	6961796	7141390	IR	343	.	7051597	0.343	0.714	21	179558	6961796	6961852	7141350	7141390	53408081	6900000	7150000	176	2526	40	179498	wide
SUPER_14	30424504	30468801	IR	342	.	30446535	0.342	0.949	195	44529	30424504	30425549	30467756	30468814	53408081	30250000	30500000	208	3277	1045	42207	spaced
SUPER_14	48944554	49033034	IR	342	.	48989063	0.342	0.520	41	88430	48944554	48944648	49032984	49033034	53408081	48800000	49050000	0	3146	50	88336	spaced
SUPER_14	10917645	10988933	IR	342	.	10953171	0.342	0.958	23	71244	10917645	10917691	10988887	10988935	53408081	10800000	11050000	250	2554	46	71196	spaced
SUPER_14	50927860	51111592	IR	341	.	51019463	0.341	0.914	69	183710	50927860	50928958	51110516	51111592	53408081	50900000	51150000	0	1995	1076	181558	wide
SUPER_14	13678702	13745599	IR	341	.	13711755	0.341	0.846	54	66942	13678702	13682137	13742164	13745701	53408081	13600000	13850000	0	1869	3435	60027	spaced
SUPER_14	31972947	32188444	IR	341	.	32080778	0.341	0.856	41	215559	31972947	31974087	32187348	32188444	53408081	31950000	32200000	50	2178	1096	213261	wide
SUPER_14	29599100	29703318	IR	341	.	29651519	0.341	0.791	25	104196	29599100	29603020	29699398	29703318	53408081	29550000	29800000	0	1686	3920	96378	spaced
SUPER_14	47067502	47221956	IR	341	.	47144309	0.341	0.571	25	154420	47067502	47067544	47221914	47221988	53408081	47000000	47250000	0	2412	42	154370	wide
SUPER_14	27942846	27957240	IR	341	.	27950470	0.341	0.643	22	14352	27942846	27942914	27957198	27957240	53408081	27800000	28050000	0	2500	42	14284	spaced
SUPER_14	1219919	1255025	IR	340	.	1237051	0.340	0.993	137	35073	1219919	1220804	1254141	1255025	53408081	1150000	1400000	0	1457	884	33337	spaced
SUPER_14	7260171	7404998	IR	340	.	7333064	0.340	0.899	68	144809	7260171	7260884	7404303	7404998	53408081	7200000	7450000	0	2209	695	143419	wide
SUPER_14	34495930	34499276	IR	340	.	34497508	0.340	0.965	47	3391	34495930	34496325	34498881	34499280	53408081	34250000	34500000	47	4126	395	2556	spaced
SUPER_14	3001727	3188306	IR	340	.	3094507	0.340	0.825	39	186513	3001727	3001807	3188240	3188306	53408081	2950000	3200000	0	2416	66	186433	wide
SUPER_14	28389814	28389888	IR	340	.	28389851	0.340	1.000	39	168455	28389814	28389867	28389835	28389888	53408081	28300000	28550000	704	1497	53	-32	overlap
SUPER_14	2488946	2664032	IR	340	.	2576077	0.340	0.788	26	175050	2488946	2489012	2663980	2664032	53408081	2450000	2700000	0	2108	52	174968	wide
SUPER_14	22837663	22867464	IR	339	.	22852214	0.339	0.738	182	29540	22837663	22846797	22858386	22867464	53408081	22750000	23000000	0	1709	9078	11589	spaced
SUPER_14	6577583	6660472	IR	339	.	6618698	0.339	0.864	98	82871	6577583	6579628	6658427	6660478	53408081	6550000	6800000	0	1150	2045	78799	spaced
SUPER_14	52334312	52511941	IR	339	.	52422934	0.339	0.880	55	178448	52334312	52336850	52509403	52511941	53408081	52300000	52550000	55	2051	2538	172553	wide
SUPER_14	12122326	12122406	IR	339	.	12122376	0.339	0.946	31	235760	12122326	12122382	12122353	12122406	53408081	12000000	12250000	736	2039	53	-29	overlap
SUPER_14	20611282	20728460	IR	339	.	20669407	0.339	0.609	21	116937	20611282	20612749	20726993	20728488	53408081	20550000	20800000	0	1997	1467	114244	wide
SUPER_14	15201396	15369091	IR	338	.	15285696	0.338	0.863	101	167385	15201396	15205983	15364516	15369091	53408081	15200000	15450000	0	1420	4575	158533	wide
SUPER_14	43248200	43267100	IR	338	.	43257496	0.338	0.896	97	18992	43248200	43249583	43265717	43267110	53408081	43050000	43300000	97	3460	1383	16134	spaced
SUPER_14	34965283	35038800	IR	337	.	35001562	0.337	0.831	39	73505	34965283	34966210	35037873	35038846	53408081	34900000	35150000	0	1700	927	71663	spaced
SUPER_14	29462201	29485993	IR	337	.	29473964	0.337	0.791	33	23797	29462201	29466132	29482085	29485993	53408081	29300000	29550000	33	2901	3908	15953	spaced
SUPER_14	17563505	17764460	IR	336	.	17664238	0.336	0.831	31	200721	17563505	17566359	17761607	17764460	53408081	17550000	17800000	0	1899	2853	195248	wide
SUPER_14	41734132	41794557	IR	336	.	41763992	0.336	0.667	26	60379	41734132	41734204	41794509	41794557	53408081	41550000	41800000	0	3572	48	60305	spaced
SUPER_14	41402214	41486642	IR	336	.	41444282	0.336	0.960	24	84382	41402214	41402264	41486594	41486642	53408081	41250000	41500000	219	3240	48	84330	spaced
SUPER_14	49280765	49314903	IR	336	.	49297625	0.336	0.913	24	34114	49280765	49280811	49314861	49314903	53408081	49100000	49350000	210	3297	42	34050	spaced
SUPER_14	4373937	4395943	IR	336	.	4384522	0.336	0.759	20	21962	4373937	4373995	4395899	4395943	53408081	4150000	4400000	0	3915	44	21904	spaced
SUPER_14	17179106	17222893	IR	335	.	17201217	0.335	1.000	74	46377	17179106	17179123	17222876	17222893	53408081	17000000	17250000	1	3349	17	43753	spaced
SUPER_14	45311219	45528380	IR	335	.	45420177	0.335	0.773	44	217093	45311219	45311307	45528312	45528380	53408081	45300000	45550000	0	1996	68	217005	wide
SUPER_14	16133932	16240740	IR	335	.	16187150	0.335	0.235	42	106856	16133932	16133966	16240706	16240788	53408081	16100000	16350000	80	1455	34	106740	wide
SUPER_14	16655552	16840427	IR	335	.	16748357	0.335	0.803	36	184655	16655552	16656893	16839104	16840427	53408081	16600000	16850000	0	2466	1323	182211	wide
SUPER_14	11071890	11193857	IR	335	.	11132647	0.335	0.795	32	122007	11071890	11072041	11193737	11193857	53408081	11050000	11300000	37	1381	120	121696	wide
SUPER_14	34227175	34408249	IR	335	.	34317920	0.335	0.750	24	181040	34227175	34227211	34408213	34408261	53408081	34200000	34450000	169	1961	36	181002	wide
SUPER_14	10529589	10691324	IR	335	.	10609957	0.335	0.813	23	161716	10529589	10532176	10688737	10691324	53408081	10500000	10750000	0	1840	2587	156561	wide
SUPER_14	3355757	3386086	IR	335	.	3370686	0.335	0.818	21	30291	3355757	3355793	3386050	3386094	53408081	3200000	3450000	119	2848	36	30257	spaced
SUPER_14	25019622	25145775	IR	335	.	25082997	0.335	0.389	21	74390	25019622	25071412	25094031	25145775	53408081	25000000	25250000	0	1378	51744	22619	spaced
SUPER_14	46414372	46462839	IR	334	.	46438359	0.334	1.000	89	48449	46414372	46414397	46462814	46462839	53408081	46250000	46500000	3	3143	25	48417	spaced
SUPER_14	52013306	52067640	IR	334	.	52040356	0.334	0.921	72	55112	52013306	52014437	52066509	52067652	53408081	51950000	52200000	72	1507	1131	52072	spaced
SUPER_14	32584838	32631211	IR	334	.	32608514	0.334	0.896	56	46306	32584838	32586075	32629989	32631211	53408081	32450000	32700000	0	2633	1222	43914	spaced
SUPER_14	27027298	27227749	IR	334	.	27127113	0.334	0.775	55	200505	27027298	27028853	27226194	27227822	53408081	27000000	27250000	0	2125	1555	197341	wide
SUPER_14	52908233	52943954	IR	334	.	52926372	0.334	0.858	51	35394	52908233	52911127	52941064	52943954	53408081	52700000	52950000	0	3768	2890	29937	spaced
SUPER_14	47221914	47276966	IR	334	.	47249562	0.334	1.000	44	54994	47221914	47221972	47276908	47276966	53408081	47050000	47300000	586	3323	58	54936	spaced
SUPER_14	41961842	42157074	IR	334	.	42059511	0.334	0.885	42	195690	41961842	41963344	42155572	42157080	53408081	41950000	42200000	42	1824	1502	192228	wide
SUPER_14	8606455	8703538	IR	334	.	8654614	0.334	0.175	39	97043	8606455	8606495	8703498	8703600	53408081	8600000	8850000	0	916	40	97003	spaced
SUPER_14	6460539	6471740	IR	334	.	6466518	0.334	0.406	26	7666	6460539	6464158	6468121	6471783	53408081	6400000	6650000	0	1102	3619	3963	spaced
SUPER_14	4432375	4518512	IR	334	.	4475590	0.334	0.808	25	86093	4432375	4432417	4518470	4518522	53408081	4400000	4650000	225	1257	42	86053	spaced
SUPER_14	9204236	9283922	IR	333	.	9243815	0.333	0.604	67	79676	9204236	9206486	9281672	9283966	53408081	9100000	9350000	0	2401	2250	75186	spaced
SUPER_14	1863814	1988737	IR	333	.	1926028	0.333	0.961	55	125150	1863814	1864223	1988328	1988739	53408081	1750000	2000000	43	2937	409	124105	wide
SUPER_14	5574489	5602417	IR	333	.	5588678	0.333	1.000	25	27989	5574489	5574512	5602394	5602417	53408081	5550000	5800000	2	640	23	27882	spaced
SUPER_14	27771951	27942892	IR	333	.	27857127	0.333	0.676	24	170895	27771951	27771997	27942846	27942914	53408081	27700000	27950000	0	2623	46	170849	wide
SUPER_14	36912092	36991746	IR	332	.	36952074	0.332	0.402	58	80032	36912092	36943827	36960011	36991797	53408081	36900000	37150000	58	865	31735	16184	spaced
SUPER_14	7613959	7734277	IR	332	.	7674445	0.332	0.443	53	120233	7613959	7625543	7722761	7734277	53408081	7600000	7850000	0	1235	11516	97218	spaced
SUPER_14	43451572	43471652	IR	332	.	43461423	0.332	0.934	39	20255	43451572	43452038	43471186	43471652	53408081	43300000	43550000	39	2693	466	19148	spaced
SUPER_14	43738243	43862092	IR	332	.	43799740	0.332	0.524	29	123807	43738243	43738285	43862050	43862128	53408081	43650000	43900000	0	2502	42	123765	wide
SUPER_14	9308182	9453597	IR	332	.	9380448	0.332	0.811	24	145440	9308182	9310070	9451709	9453639	53408081	9250000	9500000	0	2181	1888	141639	wide
SUPER_14	27443239	27630387	IR	332	.	27536955	0.332	0.840	24	187116	27443239	27443289	27630345	27630387	53408081	27400000	27650000	171	2280	42	187056	wide
SUPER_14	26841061	26973285	IR	332	.	26906788	0.332	0.964	23	132170	26841061	26841115	26973231	26973287	53408081	26750000	27000000	0	2619	54	132116	wide
SUPER_14	21204748	21225585	IR	331	.	21215532	0.331	0.913	210	20783	21204748	21209534	21220819	21225585	53408081	21050000	21300000	0	2752	4766	11285	spaced
SUPER_14	45872948	45897496	IR	331	.	45885394	0.331	0.921	128	24964	45872948	45875774	45894670	45897497	53408081	45650000	45900000	128	3920	2826	18896	spaced
SUPER_14	33292683	33347456	IR	331	.	33320387	0.331	0.870	35	54813	33292683	33294260	33345879	33347515	53408081	33150000	33400000	0	2834	1577	51619	spaced
SUPER_14	16998509	17042555	IR	331	.	17020437	0.331	0.704	26	49331	16998509	16998547	17042517	17042571	53408081	16800000	17050000	107	3675	38	43970	spaced
SUPER_14	39134092	39236769	IR	331	.	39185110	0.331	0.833	23	102679	39134092	39136932	39233929	39236788	53408081	39100000	39350000	0	1423	2840	96997	spaced
SUPER_14	19512545	19558727	IR	330	.	19535861	0.330	0.840	218	46675	19512545	19515319	19556043	19558727	53408081	19450000	19700000	219	1427	2684	40724	spaced
SUPER_14	6284824	6309117	IR	330	.	6296796	0.330	0.847	172	24932	6284824	6288444	6305618	6309117	53408081	6200000	6450000	176	1616	3499	17174	spaced
SUPER_14	17460299	17483329	IR	330	.	17472080	0.330	0.687	57	23055	17460299	17467625	17476003	17483373	53408081	17300000	17550000	0	2863	7326	8378	spaced
SUPER_14	33550756	33592630	IR	330	.	33571696	0.330	0.822	28	41879	33550756	33551679	33591775	33592630	53408081	33400000	33650000	31	2861	855	40096	spaced
SUPER_14	46634502	46764058	IR	330	.	46699498	0.330	0.917	22	129512	46634502	46634550	46764014	46764058	53408081	46550000	46800000	229	2487	44	129464	wide
SUPER_14	46102187	46149722	IR	330	.	46125477	0.330	0.710	20	47491	46102187	46102231	46149678	46149740	53408081	45900000	46150000	0	3765	44	47447	spaced
SUPER_14	25306098	25352720	IR	329	.	25329899	0.329	0.858	133	46630	25306098	25307612	25351206	25352748	53408081	25150000	25400000	0	2990	1514	43594	spaced
SUPER_14	24392616	24506885	IR	329	.	24449768	0.329	0.901	84	114773	24392616	24393913	24505588	24506892	53408081	24300000	24550000	94	2495	1297	111675	wide
SUPER_14	12887745	13079912	IR	329	.	12983745	0.329	0.885	45	192704	12887745	12888661	13078996	13079936	53408081	12850000	13100000	45	2230	916	190335	wide
SUPER_14	39265205	39326013	IR	329	.	39295101	0.329	0.877	40	60727	39265205	39266515	39324706	39326013	53408081	39150000	39400000	0	2426	1307	58191	spaced
SUPER_14	862880	1047105	IR	329	.	954728	0.329	0.384	33	184213	862880	866173	1043812	1047171	53408081	800000	1050000	0	2583	3293	177639	wide
SUPER_14	51267362	51378471	IR	329	.	51322667	0.329	0.857	32	111115	51267362	51268069	51377764	51378528	53408081	51200000	51450000	0	2048	707	109695	wide
SUPER_14	48647418	48690132	IR	329	.	48668429	0.329	0.969	30	42666	48647418	48647482	48690070	48690132	53408081	48450000	48700000	0	3646	62	42588	spaced
SUPER_14	35867623	35969576	IR	329	.	35918650	0.329	0.971	24	102029	35867623	35867826	35969373	35969577	53408081	35750000	36000000	24	2809	203	101547	wide
SUPER_14	44876365	44994922	IR	329	.	44935470	0.329	0.769	23	118513	44876365	44876405	44994882	44994934	53408081	44800000	45050000	129	2260	40	118477	wide
SUPER_14	16470839	16589411	IR	328	.	16529619	0.328	0.966	77	118545	16470839	16471597	16588654	16589411	53408081	16450000	16700000	0	1335	757	117057	wide
SUPER_14	1288804	1337599	IR	328	.	1313413	0.328	0.925	75	48854	1288804	1289641	1336766	1337599	53408081	1250000	1500000	75	1053	833	47125	spaced
SUPER_14	14209277	14238795	IR	328	.	14224007	0.328	0.853	47	29568	14209277	14210367	14237753	14238795	53408081	14050000	14300000	48	2900	1042	27386	spaced
SUPER_14	48020952	48222796	IR	328	.	48122351	0.328	0.873	45	201875	48020952	48022154	48221594	48222852	53408081	48000000	48250000	0	2031	1202	199440	wide
SUPER_14	42936096	42956458	IR	328	.	42946746	0.328	0.000	43	20326	42936096	42936132	42956422	42956538	53408081	42750000	43000000	0	3271	36	20290	spaced
SUPER_14	22657611	22707457	IR	328	.	22682459	0.328	0.908	40	50061	22657611	22658459	22706609	22707465	53408081	22500000	22750000	40	3042	848	48150	spaced
SUPER_14	3644338	3654325	IR	328	.	3649403	0.328	0.677	29	9955	3644338	3644400	3654283	3654325	53408081	3500000	3750000	209	2488	42	9883	spaced
SUPER_14	12655957	12714601	IR	328	.	12685205	0.328	0.958	28	58600	12655957	12656003	12714555	12714603	53408081	12500000	12750000	284	3087	46	58552	spaced
SUPER_14	32815363	32877603	IR	328	.	32846675	0.328	0.855	28	62225	32815363	32816214	32876776	32877603	53408081	32700000	32950000	30	2441	827	60562	spaced
SUPER_14	30635677	30653717	IR	327	.	30644794	0.327	0.873	117	18300	30635677	30636913	30652568	30653717	53408081	30550000	30800000	122	1578	1149	15655	spaced
SUPER_14	50836668	50849871	IR	327	.	50843711	0.327	0.823	36	13116	50836668	50837715	50848883	50849871	53408081	50600000	50850000	0	4054	988	11168	spaced
SUPER_14	27255463	27388499	IR	327	.	27321652	0.327	0.923	35	133014	27255463	27256619	27387346	27388499	53408081	27150000	27400000	0	2866	1153	130727	wide
SUPER_14	22077675	22191250	IR	327	.	22134053	0.327	0.634	27	113530	22077675	22077720	22191205	22191276	53408081	21950000	22200000	0	3074	45	113485	wide
SUPER_14	34796452	34960784	IR	326	.	34878841	0.326	0.952	307	165348	34796452	34799553	34957705	34960784	53408081	34750000	35000000	307	2143	3079	158152	wide
SUPER_14	10993640	11067793	IR	326	.	11030824	0.326	0.924	297	76190	10993640	10997545	11063888	11067847	53408081	10900000	11150000	297	2178	3905	66343	spaced
SUPER_14	8161721	8258615	IR	326	.	8209768	0.326	0.972	222	96876	8161721	8163701	8256635	8258618	53408081	8050000	8300000	0	2669	1980	92934	spaced
SUPER_14	16897263	16981554	IR	326	.	16939811	0.326	0.860	110	84266	16897263	16898788	16980082	16981554	53408081	16850000	17100000	0	1490	1472	81294	spaced
SUPER_14	49369003	49376573	IR	326	.	49372371	0.326	0.939	92	7534	49369003	49370168	49375408	49376574	53408081	49250000	49500000	0	2046	1165	5240	spaced
SUPER_14	6042852	6195496	IR	326	.	6119354	0.326	0.887	74	152770	6042852	6044061	6194287	6195524	53408081	5950000	6200000	74	2819	1209	150226	wide
SUPER_14	34693133	34773863	IR	326	.	34733713	0.326	0.856	34	80769	34693133	34694093	34772903	34773863	53408081	34550000	34800000	34	3058	960	78810	spaced
SUPER_14	49520150	49717085	IR	326	.	49618587	0.326	0.800	21	196893	49520150	49520190	49717045	49717095	53408081	49500000	49750000	150	1976	40	196855	wide
SUPER_14	14047607	14111224	IR	325	.	14079018	0.325	0.451	83	63379	14047607	14079365	14079466	14111244	53408081	13900000	14150000	0	2990	31758	101	immediate
SUPER_14	32766536	32804128	IR	325	.	32785685	0.325	0.756	59	37568	32766536	32767984	32802736	32804128	53408081	32700000	32950000	0	1422	1392	34752	spaced
SUPER_14	15396994	15460971	IR	325	.	15429485	0.325	0.431	39	63959	15396994	15411334	15446639	15460971	53408081	15350000	15600000	0	1316	14332	35305	spaced
SUPER_14	620060	840666	IR	325	.	730419	0.325	0.921	27	220618	620060	620544	840183	840666	53408081	600000	850000	27	2172	483	219639	wide
SUPER_14	37875261	37949117	IR	325	.	37912178	0.325	0.667	22	73853	37875261	37875283	37949095	37949128	53408081	37700000	37950000	122	3536	22	73812	spaced
SUPER_14	46483318	46634525	IR	325	.	46558571	0.325	0.389	21	151180	46483318	46558725	46559118	46634554	53408081	46400000	46650000	0	2648	75407	393	immediate
SUPER_14	30150988	30214136	IR	325	.	30182514	0.325	0.906	20	63486	30150988	30151323	30213801	30214140	53408081	30100000	30350000	20	1375	335	62478	spaced
SUPER_14	19584588	19663202	IR	324	.	19623949	0.324	0.928	59	78752	19584588	19585543	19662247	19663212	53408081	19450000	19700000	59	2898	955	76704	spaced
SUPER_14	18102794	18185837	IR	324	.	18144220	0.324	0.720	58	83494	18102794	18104115	18184516	18185879	53408081	17950000	18200000	58	3238	1321	80401	spaced
SUPER_14	24135426	24151458	IR	324	.	24143539	0.324	0.927	50	54671	24135426	24136161	24150723	24151459	53408081	24050000	24300000	50	1557	735	14562	spaced
SUPER_14	30234947	30284450	IR	324	.	30259332	0.324	0.821	45	49304	30234947	30237487	30281930	30284450	53408081	30100000	30350000	0	2661	2520	44443	spaced
SUPER_14	28125607	28282597	IR	324	.	28203657	0.324	0.871	24	156938	28125607	28125669	28282543	28282597	53408081	28050000	28300000	0	2568	54	156874	wide
SUPER_14	30555575	30593208	IR	323	.	30574318	0.323	0.911	237	38037	30555575	30558303	30590569	30593208	53408081	30450000	30700000	237	2073	2639	32266	spaced
SUPER_14	22792330	22799685	IR	323	.	22796230	0.323	1.000	48	82451	22792330	22792354	22799661	22799685	53408081	22700000	22950000	2	1599	24	7307	spaced
SUPER_14	34517780	34681324	IR	323	.	34599196	0.323	0.968	46	163499	34517780	34518212	34680893	34681324	53408081	34500000	34750000	0	1659	431	162681	wide
SUPER_14	52320543	52328332	IR	323	.	52324508	0.323	0.885	27	7747	52320543	52320595	52328286	52328332	53408081	52100000	52350000	421	3740	46	7691	spaced
SUPER_14	23702040	23726484	IR	323	.	23714014	0.323	1.000	24	24436	23702040	23702061	23726463	23726484	53408081	23550000	23800000	6	2737	21	24402	spaced
SUPER_14	29542417	29561360	IR	323	.	29551650	0.323	0.748	24	18931	29542417	29543139	29560656	29561360	53408081	29450000	29700000	24	1698	704	17517	spaced
SUPER_14	36274710	36318547	IR	322	.	36297081	0.322	0.760	148	43080	36274710	36276885	36316372	36318592	53408081	36100000	36350000	0	3277	2175	39487	spaced
SUPER_14	24676017	24695619	IR	322	.	24685685	0.322	0.880	140	19926	24676017	24677912	24693792	24695619	53408081	24450000	24700000	145	3930	1827	15880	spaced
SUPER_14	30910932	31129710	IR	322	.	31019896	0.322	0.877	123	218437	30910932	30916572	31124070	31129721	53408081	30900000	31150000	0	2005	5640	207498	wide
SUPER_14	35727135	35840399	IR	322	.	35783554	0.322	0.967	123	114019	35727135	35728152	35839385	35840399	53408081	35600000	35850000	123	3062	1014	111233	wide
SUPER_14	13773173	13957942	IR	322	.	13865625	0.322	0.835	35	184855	13773173	13774113	13957002	13957956	53408081	13750000	14000000	35	1925	940	182889	wide
SUPER_14	11865091	12081597	IR	322	.	11973443	0.322	0.731	29	216530	11865091	11867113	12079587	12081597	53408081	11850000	12100000	29	2055	2010	212474	wide
SUPER_14	3188240	3355795	IR	322	.	3272275	0.322	0.579	23	167517	3188240	3188306	3355757	3355795	53408081	3150000	3400000	0	2033	38	167451	wide
SUPER_14	49201102	49265920	IR	321	.	49233237	0.321	0.824	579	64431	49201102	49215063	49251959	49266017	53408081	49100000	49350000	0	2225	13961	36896	spaced
SUPER_14	29756157	29903773	IR	321	.	29830217	0.321	0.848	23	147606	29756157	29756983	29902947	29903783	53408081	29750000	30000000	0	1332	826	145964	wide
SUPER_14	32216307	32424078	IR	321	.	32319688	0.321	0.767	23	207729	32216307	32216367	32424032	32424078	53408081	32200000	32450000	0	2003	46	207665	wide
SUPER_14	22632832	22637817	IR	321	.	22635274	0.321	0.880	21	5016	22632832	22633083	22637586	22637817	53408081	22500000	22750000	21	2255	231	4503	spaced
SUPER_14	27662399	27762953	IR	320	.	27712391	0.320	0.896	151	100495	27662399	27667001	27758393	27762953	53408081	27550000	27800000	0	2711	4560	91392	spaced
SUPER_14	25812745	25849467	IR	320	.	25830630	0.320	0.898	120	36701	25812745	25815211	25847023	25849467	53408081	25600000	25850000	0	3851	2444	31812	spaced
SUPER_14	22946231	22950342	IR	320	.	22947794	0.320	0.919	39	4087	22946231	22946607	22949970	22950342	53408081	22750000	23000000	0	3304	372	3363	spaced
SUPER_14	28930221	29091250	IR	320	.	29011110	0.320	0.818	29	160884	28930221	28930739	29090733	29091250	53408081	28850000	29100000	0	2678	517	159994	wide
SUPER_14	2743953	2758681	IR	320	.	2751112	0.320	0.846	24	14686	2743953	2743997	2758637	2758689	53408081	2550000	2800000	304	3355	44	14640	spaced
SUPER_14	28111121	28125655	IR	320	.	28117928	0.320	0.800	24	14486	28111121	28111169	28125607	28125667	53408081	27900000	28150000	0	3639	48	14438	spaced
SUPER_14	12565001	12655996	IR	320	.	12610322	0.320	0.809	22	90952	12565001	12565039	12655958	12656005	53408081	12450000	12700000	116	2674	38	90919	spaced
SUPER_14	46182778	46365567	IR	319	.	46274262	0.319	0.440	51	182732	46182778	46182820	46365525	46365610	53408081	46150000	46400000	639	2069	42	182705	wide
SUPER_14	45201859	45231770	IR	319	.	45217249	0.319	0.500	27	29871	45201859	45201935	45231730	45231770	53408081	45000000	45250000	0	3613	40	29795	spaced
SUPER_14	32424036	32499047	IR	319	.	32461771	0.319	0.952	21	74961	32424036	32424076	32499007	32499049	53408081	32250000	32500000	87	3525	40	74931	spaced
SUPER_14	7497170	7608675	IR	318	.	7553373	0.318	0.916	191	111478	7497170	7499217	7606684	7608675	53408081	7450000	7700000	0	1715	1991	107467	wide
SUPER_14	17299578	17380390	IR	318	.	17340153	0.318	0.842	56	81529	17299578	17302044	17378010	17380390	53408081	17250000	17500000	56	1499	2380	75966	spaced
SUPER_14	28362314	28389868	IR	318	.	28376420	0.318	0.707	39	27496	28362314	28362372	28389810	28389892	53408081	28200000	28450000	0	2934	58	27438	spaced
SUPER_14	5272881	5287869	IR	318	.	5280749	0.318	0.920	23	14953	5272881	5273282	5287468	5287882	53408081	5050000	5300000	0	3839	401	14186	spaced
SUPER_14	19461328	19497890	IR	317	.	19479401	0.317	0.965	286	37245	19461328	19463331	19495893	19497890	53408081	19350000	19600000	287	2160	1997	32562	spaced
SUPER_14	34509714	34515413	IR	317	.	34512956	0.317	0.956	143	5678	34509714	34511623	34513506	34515413	53408081	34300000	34550000	0	3542	1907	1883	immediate
SUPER_14	34102760	34141297	IR	317	.	34121959	0.317	0.923	106	39347	34102760	34104252	34139805	34141300	53408081	33900000	34150000	106	3700	1492	35553	spaced
SUPER_14	31179328	31201578	IR	317	.	31190712	0.317	0.884	49	22202	31179328	31180424	31200485	31201578	53408081	31000000	31250000	0	3174	1093	20061	spaced
SUPER_14	42687124	42741189	IR	317	.	42714366	0.317	0.742	38	54039	42687124	42687186	42741143	42741189	53408081	42650000	42900000	465	1069	46	53957	spaced
SUPER_14	33108102	33181848	IR	317	.	33144488	0.317	0.211	33	73708	33108102	33108196	33181810	33181848	53408081	32950000	33200000	0	3249	38	73614	spaced
SUPER_14	48572824	48647476	IR	317	.	48610487	0.317	0.906	27	74594	48572824	48572882	48647418	48647482	53408081	48400000	48650000	0	3502	58	74536	spaced
SUPER_14	25357134	25448745	IR	316	.	25403168	0.316	0.826	28	91603	25357134	25357180	25448707	25448745	53408081	25250000	25500000	68	2548	38	91527	spaced
SUPER_14	10108669	10120969	IR	316	.	10114598	0.316	0.814	22	13374	10108669	10108958	10120680	10120992	53408081	9900000	10150000	11	3580	289	11722	spaced
SUPER_14	2378480	2430387	IR	316	.	2403982	0.316	0.963	21	51863	2378480	2378532	2430335	2430389	53408081	2200000	2450000	0	3407	52	51803	spaced
SUPER_14	4557094	4732049	IR	316	.	4644366	0.316	0.779	21	175168	4557094	4558042	4731137	4732049	53408081	4500000	4750000	22	2409	912	173095	wide
SUPER_14	51388809	51556401	IR	315	.	51472718	0.315	0.983	435	168296	51388809	51391553	51553658	51556401	53408081	51350000	51600000	435	2043	2743	162105	wide
SUPER_14	5770325	5807024	IR	315	.	5788723	0.315	0.943	108	37398	5770325	5771774	5805575	5807026	53408081	5600000	5850000	108	3144	1449	33801	spaced
SUPER_14	3726707	3745662	IR	315	.	3736099	0.315	0.879	71	20176	3726707	3727919	3744475	3745662	53408081	3500000	3750000	71	3936	1187	16556	spaced
SUPER_14	11801294	11811068	IR	315	.	11806238	0.315	0.772	37	9933	11801294	11801822	11810621	11811068	53408081	11600000	11850000	43	3436	447	8799	spaced
SUPER_14	25450147	25457602	IR	315	.	25454024	0.315	0.885	29	8967	25450147	25450685	25457064	25457616	53408081	25400000	25650000	30	897	538	6379	spaced
SUPER_14	46047160	46095240	IR	315	.	46071200	0.315	0.832	26	48134	46047160	46047598	46094837	46095240	53408081	45850000	46100000	26	3686	403	47239	spaced
SUPER_14	22191205	22280992	IR	315	.	22236376	0.315	0.676	25	89743	22191205	22191273	22280946	22280992	53408081	22050000	22300000	0	3101	46	89673	spaced
SUPER_14	26559134	26591367	IR	314	.	26575425	0.314	0.865	55	32514	26559134	26561475	26589066	26591367	53408081	26450000	26700000	55	2087	2301	27591	spaced
SUPER_14	8414834	8421222	IR	314	.	8417594	0.314	0.952	48	6347	8414834	8415457	8420602	8421222	53408081	8200000	8450000	0	3633	620	5145	spaced
SUPER_14	40240327	40245142	IR	314	.	40242908	0.314	0.989	27	4883	40240327	40240515	40244954	40245142	53408081	40200000	40450000	27	712	188	4439	spaced
SUPER_14	46813214	47031979	IR	314	.	46922783	0.314	0.819	27	219218	46813214	46814753	47030447	47031979	53408081	46800000	47050000	27	2043	1532	215694	wide
SUPER_14	15921989	16107740	IR	313	.	16014685	0.313	0.857	39	186011	15921989	15923792	16105955	16107740	53408081	15900000	16150000	39	1914	1785	182163	wide
SUPER_14	41015648	41168746	IR	313	.	41091798	0.313	0.779	28	152728	41015648	41020631	41163763	41168749	53408081	40950000	41200000	0	2369	4983	143132	wide
SUPER_14	14921525	14966066	IR	313	.	14943432	0.313	0.797	22	44550	14921525	14925060	14962531	14966097	53408081	14800000	15050000	0	2396	3535	37471	spaced
SUPER_14	52725837	52876563	IR	311	.	52801047	0.311	0.927	93	150935	52725837	52727050	52875350	52876577	53408081	52650000	52900000	93	2519	1213	148300	wide
SUPER_14	48813975	48821591	IR	311	.	48818234	0.311	0.858	30	7653	48813975	48815002	48820564	48821645	53408081	48650000	48900000	0	2796	1027	5562	spaced
SUPER_14	34408215	34478157	IR	311	.	34443137	0.311	0.885	25	69896	34408215	34408267	34478111	34478157	53408081	34250000	34500000	294	3219	46	69844	spaced
SUPER_14	18675763	18752382	IR	310	.	18714245	0.310	0.877	48	77458	18675763	18676641	18751504	18752390	53408081	18650000	18900000	48	1067	878	74863	spaced
SUPER_14	2430339	2488990	IR	310	.	2459653	0.310	0.767	34	58599	2430339	2430385	2488944	2489004	53408081	2350000	2600000	598	1827	46	58559	spaced
SUPER_14	6503023	6542923	IR	309	.	6522920	0.309	0.769	102	40164	6503023	6504383	6541595	6542923	53408081	6400000	6650000	105	2049	1328	37212	spaced
SUPER_14	5845361	6039245	IR	309	.	5942080	0.309	0.831	63	194431	5845361	5849095	6035511	6039285	53408081	5800000	6050000	63	2371	3734	186416	wide
SUPER_14	31468764	31623561	IR	309	.	31545713	0.309	0.840	31	154785	31468764	31469603	31622722	31623595	53408081	31450000	31700000	0	1602	839	153119	wide
SUPER_14	45528312	45696343	IR	309	.	45611877	0.309	0.824	30	167975	45528312	45528380	45696287	45696343	53408081	45450000	45700000	0	2705	56	167907	wide
SUPER_14	17042511	17087735	IR	309	.	17064764	0.309	0.656	22	45182	17042511	17042575	17087693	17087735	53408081	16850000	17100000	0	3585	42	45118	spaced
SUPER_14	22710957	22716378	IR	309	.	22713641	0.309	0.983	20	5430	22710957	22711076	22716259	22716379	53408081	22500000	22750000	20	3560	119	5183	spaced
SUPER_14	28024221	28048387	IR	308	.	28036686	0.308	0.894	135	24143	28024221	28027266	28045394	28048387	53408081	27800000	28050000	0	3938	2993	18128	spaced
SUPER_14	20041515	20076648	IR	308	.	20059549	0.308	0.963	51	35116	20041515	20041885	20076278	20076655	53408081	19850000	20100000	0	3484	370	34393	spaced
SUPER_14	10811880	10917693	IR	308	.	10864486	0.308	0.963	22	105761	10811880	10811932	10917641	10917695	53408081	10700000	10950000	0	2746	52	105709	wide
SUPER_14	26610319	26742706	IR	308	.	26676388	0.308	0.933	22	132382	26610319	26610674	26742351	26742709	53408081	26600000	26850000	22	1275	355	131677	wide
SUPER_14	36899972	36905965	IR	307	.	36903180	0.307	0.953	169	6232	36899972	36901497	36904440	36905975	53408081	36700000	36950000	169	3382	1525	2943	spaced
SUPER_14	12095655	12100309	IR	307	.	12098195	0.307	0.935	23	4644	12095655	12095961	12100005	12100309	53408081	11900000	12150000	23	3299	304	4044	spaced
SUPER_14	35245542	35351990	IR	307	.	35298959	0.307	0.920	21	106404	35245542	35245592	35351944	35351990	53408081	35150000	35400000	229	2479	46	106352	wide
SUPER_14	17790788	17797905	IR	306	.	17794069	0.306	0.785	30	7095	17790788	17791339	17797432	17797905	53408081	17700000	17950000	0	1572	473	6093	spaced
SUPER_14	47732679	47816429	IR	306	.	47775011	0.306	0.024	22	83708	47732679	47732799	47816387	47816429	53408081	47600000	47850000	0	2909	42	83588	spaced
SUPER_14	23836176	23865436	IR	305	.	23850754	0.305	0.889	108	31544	23836176	23839397	23862216	23865436	53408081	23650000	23900000	108	3346	3220	22819	spaced
SUPER_14	3528402	3545880	IR	305	.	3537450	0.305	0.944	46	17468	3528402	3528708	3545574	3545894	53408081	3300000	3550000	0	3952	306	16866	spaced
SUPER_14	2944153	3001771	IR	305	.	2973401	0.305	0.545	29	57574	2944153	2944197	3001727	3001807	53408081	2800000	3050000	0	2882	44	57530	spaced
SUPER_14	20162896	20199142	IR	304	.	20180562	0.304	0.887	202	36226	20162896	20165061	20197025	20199142	53408081	19950000	20200000	0	3850	2117	31964	spaced
SUPER_14	53096650	53102537	IR	304	.	53100023	0.304	0.982	78	5837	53096650	53097327	53101860	53102538	53408081	52900000	53150000	0	3326	677	4533	spaced
SUPER_14	25494108	25503196	IR	304	.	25498881	0.304	0.638	54	9287	25494108	25496877	25500427	25503297	53408081	25400000	25650000	54	1644	2769	3550	spaced
SUPER_14	52967967	53036697	IR	304	.	53001991	0.304	0.902	36	68709	52967967	52969182	53035482	53036699	53408081	52800000	53050000	0	3372	1215	66300	spaced
SUPER_14	44480524	44489471	IR	303	.	44485389	0.303	0.915	60	8913	44480524	44481862	44488133	44489475	53408081	44250000	44500000	0	3916	1338	6271	spaced
SUPER_14	1047093	1116869	IR	302	.	1082327	0.302	0.821	37	69712	1047093	1047171	1116805	1116869	53408081	900000	1150000	0	3032	64	69634	spaced
SUPER_14	21623194	21693973	IR	302	.	21658589	0.302	0.738	37	70950	21623194	21624701	21692505	21693973	53408081	21450000	21700000	38	3476	1468	67804	spaced
SUPER_14	41884626	41888845	IR	302	.	41886412	0.302	0.947	24	4202	41884626	41885001	41888472	41888845	53408081	41850000	42100000	0	612	373	3471	spaced
SUPER_14	48842639	48847810	IR	301	.	48844885	0.301	0.831	21	5170	48842639	48843285	48847164	48847827	53408081	48650000	48900000	0	3253	646	3879	spaced
SUPER_14	33357346	33376175	IR	299	.	33367094	0.299	0.953	24	18808	33357346	33357700	33375821	33376178	53408081	33200000	33450000	0	2779	354	18121	spaced
SUPER_14	51938430	52001754	IR	296	.	51969806	0.296	0.938	141	63301	51938430	51940955	51999237	52001754	53408081	51800000	52050000	0	2834	2517	58282	spaced
SUPER_14	4331177	4346375	IR	295	.	4338300	0.295	0.808	92	15174	4331177	4333199	4344391	4346375	53408081	4150000	4400000	0	3146	1984	11192	spaced
SUPER_14	9658398	9697753	IR	292	.	9677720	0.292	0.854	44	39306	9658398	9659474	9696677	9697769	53408081	9450000	9700000	0	3801	1076	37203	spaced
SUPER_15	1846996	1850208	IR	878	.	1848602	0.878	0.992	258	3792	1846996	1848235	1848969	1850209	53190871	1750000	2000000	270	1643	1239	734	immediate
SUPER_15	43183478	43186145	IR	674	.	43184817	0.674	0.956	129	3033	43183478	43184654	43184980	43186145	53190871	43000000	43250000	129	3080	1165	326	immediate
SUPER_15	26466357	26468737	IR	661	.	26467550	0.661	0.967	109	2542	26466357	26467202	26467892	26468743	53190871	26250000	26500000	109	3625	845	690	immediate
SUPER_15	11888861	11890679	IR	655	.	11889770	0.655	0.976	119	2096	11888861	11889553	11889987	11890681	53190871	11650000	11900000	119	3996	692	434	immediate
SUPER_15	41820605	41822504	IR	590	.	41821555	0.590	0.714	33	2726	41820605	41821441	41821669	41822504	53190871	41750000	42000000	33	1192	835	228	immediate
SUPER_15	42927106	42930032	IR	556	.	42928569	0.556	0.961	104	3132	42927106	42927873	42929265	42930043	53190871	42700000	42950000	104	3809	767	1392	immediate
SUPER_15	52793032	52798662	IR	547	.	52795847	0.547	0.825	33	6060	52793032	52795250	52796444	52798713	53190871	52550000	52800000	33	4097	2218	1194	immediate
SUPER_15	53151639	53160346	IR	544	.	53155976	0.544	0.740	56	10662	53151639	53155604	53156598	53160346	53190871	52950000	53190871	56	3432	3748	994	immediate
SUPER_15	45232589	45243637	IR	542	.	45238430	0.542	0.647	108	11015	45232589	45238066	45238263	45243637	53190871	45050000	45300000	0	3135	5374	197	immediate
SUPER_15	51265220	51449652	IR	539	.	51357101	0.539	0.853	70	183860	51265220	51270468	51444436	51449652	53190871	51250000	51500000	0	1790	5216	173968	wide
SUPER_15	31129379	31244439	IR	535	.	31187025	0.535	0.396	46	115210	31129379	31186394	31187424	31244470	53190871	31100000	31350000	46	1448	57015	1030	immediate
SUPER_15	39334225	39338522	IR	533	.	39336373	0.533	0.626	44	4577	39334225	39336131	39336616	39338570	53190871	39100000	39350000	44	3939	1906	485	immediate
SUPER_15	15834407	15836575	IR	490	.	15835491	0.490	0.946	84	2206	15834407	15835375	15835607	15836576	53190871	15600000	15850000	84	3924	968	232	immediate
SUPER_15	32936430	32941966	IR	488	.	32939289	0.488	0.855	67	5713	32936430	32937885	32940577	32941966	53190871	32750000	33000000	68	3153	1389	2692	spaced
SUPER_15	17796058	17799251	IR	488	.	17797264	0.488	0.699	32	3195	17796058	17797642	17797667	17799271	53190871	17550000	17800000	0	4127	1584	25	immediate
SUPER_15	958081	961034	IR	485	.	959561	0.485	0.944	101	3394	958081	959356	959764	961034	53190871	750000	1000000	101	3492	1270	408	immediate
SUPER_15	15826188	15834085	IR	475	.	15830305	0.475	0.760	55	8274	15826188	15827893	15832380	15834097	53190871	15800000	16050000	55	502	1705	4487	spaced
SUPER_15	52825721	52972347	IR	467	.	52899235	0.467	0.413	67	146737	52825721	52892530	52905538	52972356	53190871	52800000	53050000	68	1650	66809	13008	spaced
SUPER_15	42217094	42278013	IR	450	.	42247490	0.450	0.534	55	61005	42217094	42220458	42274689	42278013	53190871	42200000	42450000	64	792	3324	54231	spaced
SUPER_15	20248098	20250003	IR	442	.	20249051	0.442	0.989	143	2081	20248098	20248897	20249206	20250003	53190871	20150000	20400000	143	1650	797	309	immediate
SUPER_15	50443620	50550205	IR	439	.	50497007	0.439	0.821	26	106535	50443620	50443666	50550159	50550215	53190871	50350000	50600000	323	2448	46	106493	wide
SUPER_15	8209501	8218376	IR	437	.	8214218	0.437	0.930	131	8860	8209501	8211716	8216161	8218401	53190871	8000000	8250000	0	3565	2215	4445	spaced
SUPER_15	33285944	33442829	IR	422	.	33364699	0.422	0.851	28	156841	33285944	33287363	33441425	33442829	53190871	33250000	33500000	0	1906	1404	154062	wide
SUPER_15	23737499	23746296	IR	421	.	23741599	0.421	0.898	79	8778	23737499	23739115	23744711	23746296	53190871	23500000	23750000	0	4031	1585	5596	spaced
SUPER_15	24712752	24810516	IR	417	.	24761440	0.417	0.769	21	97728	24712752	24712804	24810476	24810516	53190871	24600000	24850000	154	2693	40	97672	spaced
SUPER_15	23341193	23492233	IR	416	.	23416876	0.416	0.846	77	152015	23341193	23343179	23490247	23492296	53190871	23300000	23550000	82	1945	1986	147068	wide
SUPER_15	14350861	14474412	IR	416	.	14412334	0.416	0.392	24	123511	14350861	14383168	14442165	14474412	53190871	14250000	14500000	0	2710	32247	58997	spaced
SUPER_15	36803754	36805046	IR	416	.	36804400	0.416	0.752	22	3336	36803754	36804219	36804610	36805046	53190871	36800000	37050000	28	73	436	391	immediate
SUPER_15	30997089	31085757	IR	414	.	31041029	0.414	0.852	149	88646	30997089	31001370	31081552	31085757	53190871	30850000	31100000	0	3190	4205	80182	spaced
SUPER_15	7448839	7565218	IR	411	.	7506973	0.411	0.969	93	116505	7448839	7449651	7564406	7565218	53190871	7350000	7600000	93	2617	812	114755	wide
SUPER_15	30810037	30821747	IR	410	.	30816345	0.410	0.874	65	11736	30810037	30811640	30820144	30821793	53190871	30700000	30950000	0	1931	1603	8504	spaced
SUPER_15	39770045	39798145	IR	409	.	39783642	0.409	0.860	67	27681	39770045	39775316	39792874	39798164	53190871	39550000	39800000	0	3901	5271	17558	spaced
SUPER_15	19368793	19528269	IR	407	.	19448369	0.407	0.810	44	160095	19368793	19369710	19527388	19528269	53190871	19300000	19550000	44	2475	881	157678	wide
SUPER_15	51211642	51252947	IR	407	.	51232223	0.407	0.849	42	41753	51211642	51212477	51252112	51253003	53190871	51050000	51300000	44	3038	835	39635	spaced
SUPER_15	41160230	41162537	IR	404	.	41161427	0.404	0.784	20	2257	41160230	41160943	41161856	41162537	53190871	41150000	41400000	20	189	681	913	immediate
SUPER_15	34471875	34660401	IR	401	.	34565832	0.401	0.784	32	188468	34471875	34471949	34660343	34660401	53190871	34450000	34700000	0	1935	58	188394	wide
SUPER_15	4086253	4092243	IR	399	.	4089138	0.399	0.913	38	6099	4086253	4086969	4091527	4092247	53190871	3850000	4100000	38	3987	716	4558	spaced
SUPER_15	33199747	33240705	IR	394	.	33219759	0.394	0.884	50	40867	33199747	33200692	33239760	33240726	53190871	33150000	33400000	0	1170	945	39068	spaced
SUPER_15	21048525	21122415	IR	391	.	21085884	0.391	0.412	142	73932	21048525	21084574	21086366	21122506	53190871	20900000	21150000	0	3091	36049	1792	immediate
SUPER_15	8372611	8476388	IR	389	.	8424802	0.389	0.865	29	103630	8372611	8373627	8475372	8476435	53190871	8350000	8600000	0	1241	1016	101745	wide
SUPER_15	43165029	43179871	IR	385	.	43172228	0.385	0.953	208	15446	43165029	43167047	43177853	43179875	53190871	42950000	43200000	208	3707	2018	10806	spaced
SUPER_15	18255770	18310430	IR	385	.	18283550	0.385	0.895	84	54514	18255770	18256896	18309335	18310430	53190871	18100000	18350000	0	3051	1095	52439	spaced
SUPER_15	33867579	33999530	IR	385	.	33933318	0.385	0.885	27	131948	33867579	33867631	33999484	33999530	53190871	33750000	34000000	275	3059	46	131853	wide
SUPER_15	34700181	34714375	IR	384	.	34707327	0.384	0.904	283	15254	34700181	34705284	34709329	34714375	53190871	34550000	34800000	283	2621	5046	4045	spaced
SUPER_15	36138967	36225995	IR	383	.	36182001	0.383	0.820	32	86951	36138967	36140317	36224645	36226031	53190871	36100000	36350000	0	1374	1350	84328	spaced
SUPER_15	48388281	48391248	IR	383	.	48389789	0.383	0.799	29	3276	48388281	48389529	48390049	48391248	53190871	48250000	48500000	29	2329	1199	520	immediate
SUPER_15	41559788	41755029	IR	383	.	41657009	0.383	0.774	22	195207	41559788	41559836	41754981	41755043	53190871	41550000	41800000	0	1790	48	195145	wide
SUPER_15	46159218	46230971	IR	379	.	46195492	0.379	0.839	24	71691	46159218	46159714	46230503	46230971	53190871	46050000	46300000	0	2418	468	70789	spaced
SUPER_15	42183235	42193683	IR	378	.	42188092	0.378	0.844	42	10324	42183235	42183702	42193216	42193683	53190871	41950000	42200000	0	3974	467	9514	spaced
SUPER_15	47198283	47247197	IR	376	.	47222277	0.376	0.843	68	48659	47198283	47199139	47246433	47247197	53190871	47000000	47250000	0	3712	764	47294	spaced
SUPER_15	7356358	7358351	IR	375	.	7357496	0.375	0.757	41	2025	7356358	7357049	7357704	7358351	53190871	7350000	7600000	41	122	647	655	immediate
SUPER_15	36511044	36594434	IR	375	.	36552842	0.375	0.908	23	83381	36511044	36511420	36594061	36594434	53190871	36400000	36650000	23	2545	373	82641	spaced
SUPER_15	41972740	41974287	IR	372	.	41973514	0.372	0.972	90	82141	41972740	41973381	41973648	41974287	53190871	41850000	42100000	90	2058	639	267	immediate
SUPER_15	40905715	40943347	IR	370	.	40924348	0.370	0.820	22	37849	40905715	40907888	40941174	40943353	53190871	40750000	41000000	22	2908	2173	33286	spaced
SUPER_15	13449350	13478766	IR	368	.	13463735	0.368	0.553	73	29434	13449350	13455988	13472128	13478802	53190871	13300000	13550000	0	2734	6638	16140	spaced
SUPER_15	21396096	21464659	IR	368	.	21430797	0.368	0.585	26	68522	21396096	21396167	21464618	21464659	53190871	21250000	21500000	0	3006	41	68451	spaced
SUPER_15	4137230	4220993	IR	367	.	4179523	0.367	0.882	44	83773	4137230	4137926	4220297	4221024	53190871	4100000	4350000	0	1318	696	82371	spaced
SUPER_15	4979154	5149375	IR	367	.	5064405	0.367	0.852	28	170015	4979154	4979694	5148835	5149383	53190871	4900000	5150000	44	2737	540	169141	wide
SUPER_15	48435309	48561893	IR	364	.	48498828	0.364	0.960	47	127284	48435309	48435633	48561569	48561893	53190871	48350000	48600000	32	2476	324	125936	wide
SUPER_15	2055389	2188715	IR	363	.	2122526	0.363	0.883	83	133276	2055389	2056477	2187714	2188715	53190871	2000000	2250000	0	2034	1001	131237	wide
SUPER_15	44899859	44954391	IR	363	.	44927331	0.363	0.825	67	54610	44899859	44900806	44953491	44954391	53190871	44850000	45100000	78	1285	900	52685	spaced
SUPER_15	507312	730146	IR	363	.	619142	0.363	0.853	30	222776	507312	507370	730088	730156	53190871	500000	750000	0	1978	58	222718	wide
SUPER_15	33493580	33525391	IR	362	.	33509803	0.362	0.846	212	31764	33493580	33496464	33522507	33525407	53190871	33300000	33550000	0	3491	2884	26043	spaced
SUPER_15	25491243	25495389	IR	362	.	25493596	0.362	0.938	31	4053	25491243	25491680	25494952	25495389	53190871	25450000	25700000	0	721	437	3272	spaced
SUPER_15	47739709	47741963	IR	361	.	47740836	0.361	0.971	39	2277	47739709	47739977	47741695	47741967	53190871	47500000	47750000	39	4013	268	1718	immediate
SUPER_15	44453798	44671864	IR	361	.	44562323	0.361	0.580	25	218022	44453798	44453875	44671820	44671864	53190871	44450000	44700000	0	1880	44	217945	wide
SUPER_15	215802	234435	IR	361	.	224919	0.361	0.871	21	19098	215802	216905	233332	234435	53190871	0	250000	21	3751	1103	16427	spaced
SUPER_15	17396941	17405640	IR	359	.	17401293	0.359	0.913	155	9282	17396941	17400418	17402166	17405640	53190871	17200000	17450000	155	3354	3474	1748	immediate
SUPER_15	3303476	3412414	IR	359	.	3358101	0.359	0.875	20	108938	3303476	3303518	3412372	3412420	53190871	3300000	3550000	163	965	42	108854	wide
SUPER_15	48827890	48989561	IR	358	.	48908816	0.358	0.949	100	162276	48827890	48829243	48988209	48989561	53190871	48750000	49000000	100	2645	1352	158966	wide
SUPER_15	5687474	5889597	IR	358	.	5788688	0.358	0.960	26	202075	5687474	5687522	5889549	5889599	53190871	5650000	5900000	339	2308	48	202027	wide
SUPER_15	44173693	44254769	IR	358	.	44214691	0.358	0.643	23	81034	44173693	44173735	44254727	44254795	53190871	44100000	44350000	0	1903	42	80992	spaced
SUPER_15	42697504	42706133	IR	357	.	42701948	0.357	0.839	34	8642	42697504	42698090	42705587	42706133	53190871	42500000	42750000	34	3363	546	7497	spaced
SUPER_15	34370567	34471913	IR	357	.	34421643	0.357	0.512	25	101308	34370567	34370608	34471872	34471949	53190871	34300000	34550000	0	2020	41	101264	wide
SUPER_15	9434838	9446056	IR	355	.	9440016	0.355	0.814	94	11128	9434838	9436579	9444331	9446056	53190871	9200000	9450000	0	4007	1725	7752	spaced
SUPER_15	39505007	39544389	IR	354	.	39525153	0.354	0.827	89	39364	39505007	39510146	39539294	39544389	53190871	39400000	39650000	0	2078	5095	29148	spaced
SUPER_15	2888210	2969033	IR	354	.	2928233	0.354	0.837	43	80747	2888210	2889579	2967666	2969033	53190871	2750000	3000000	0	2976	1367	78087	spaced
SUPER_15	5230784	5233167	IR	354	.	5232462	0.354	0.630	28	2337	5230784	5230860	5233121	5233167	53190871	5000000	5250000	0	3866	46	2261	spaced
SUPER_15	2251826	2367674	IR	354	.	2309395	0.354	0.394	23	115802	2251826	2309792	2309776	2367674	53190871	2150000	2400000	0	2662	57898	-16	overlap
SUPER_15	9153929	9298866	IR	353	.	9226058	0.353	0.933	119	144931	9153929	9155922	9296873	9298881	53190871	9100000	9350000	0	2106	1993	140951	wide
SUPER_15	34074399	34293528	IR	353	.	34183561	0.353	0.854	62	219104	34074399	34075804	34292151	34293528	53190871	34050000	34300000	0	2232	1377	216347	wide
SUPER_15	12451093	12660138	IR	351	.	12555337	0.351	0.902	122	209024	12451093	12453074	12658223	12660138	53190871	12450000	12700000	0	1760	1915	205149	wide
SUPER_15	50080000	50091520	IR	351	.	50085499	0.351	0.909	85	11496	50080000	50081611	50089909	50091549	53190871	49850000	50100000	0	3929	1611	8298	spaced
SUPER_15	37785673	37861941	IR	350	.	37823308	0.350	0.370	41	76222	37785673	37785719	37861895	37861995	53190871	37700000	37950000	0	2063	46	76176	spaced
SUPER_15	24552994	24580687	IR	350	.	24567140	0.350	0.324	23	27659	24552994	24553070	24580653	24580687	53190871	24400000	24650000	0	2780	34	27583	spaced
SUPER_15	36074845	36086422	IR	349	.	36080610	0.349	0.911	93	12598	36074845	36077658	36083609	36086450	53190871	35950000	36200000	93	2177	2813	5951	spaced
SUPER_15	12749533	12791925	IR	349	.	12770442	0.349	0.749	28	42367	12749533	12750164	12791326	12791925	53190871	12650000	12900000	0	2012	599	41162	spaced
SUPER_15	44042968	44078330	IR	348	.	44060821	0.348	0.971	58	35449	44042968	44043444	44077854	44078330	53190871	43900000	44150000	58	2677	476	34410	spaced
SUPER_15	46371114	46562562	IR	348	.	46466883	0.348	0.833	32	191410	46371114	46371174	46562512	46562562	53190871	46350000	46600000	480	1947	50	191338	wide
SUPER_15	20044711	20132524	IR	347	.	20088937	0.347	0.833	53	87715	20044711	20049391	20127844	20132525	53190871	19900000	20150000	0	3143	4680	78453	spaced
SUPER_15	10434333	10483144	IR	347	.	10458373	0.347	0.405	31	48769	10434333	10434421	10483102	10483144	53190871	10300000	10550000	0	2645	42	48681	spaced
SUPER_15	8747400	8849240	IR	347	.	8798409	0.347	0.917	22	101794	8747400	8747444	8849196	8849244	53190871	8600000	8850000	200	3305	44	101752	wide
SUPER_15	2195626	2229618	IR	346	.	2212825	0.346	0.959	40	35008	2195626	2195822	2229422	2229618	53190871	2100000	2350000	14	1876	196	33600	spaced
SUPER_15	49477816	49506675	IR	346	.	49492457	0.346	1.000	27	28811	49477816	49477866	49506625	49506675	53190871	49350000	49600000	360	2370	50	28759	spaced
SUPER_15	16886766	16958925	IR	346	.	16922744	0.346	0.690	23	72123	16886766	16886824	16958885	16958925	53190871	16750000	17000000	190	2880	40	72061	spaced
SUPER_15	25720774	25749585	IR	345	.	25735564	0.345	0.890	70	28776	25720774	25722493	25747866	25749625	53190871	25550000	25800000	0	3086	1719	25373	spaced
SUPER_15	1356229	1367199	IR	345	.	1361856	0.345	0.863	51	10989	1356229	1358313	1365118	1367199	53190871	1150000	1400000	51	3528	2081	6805	spaced
SUPER_15	48695009	48696989	IR	345	.	48695999	0.345	0.843	41	2113	48695009	48695292	48696712	48696989	53190871	48550000	48800000	51	2433	277	1420	immediate
SUPER_15	14188842	14267297	IR	345	.	14228572	0.345	0.717	36	78368	14188842	14191047	14265102	14267297	53190871	14150000	14400000	0	1301	2195	74055	spaced
SUPER_15	11006998	11014710	IR	345	.	11010371	0.345	0.845	28	7691	11006998	11007556	11014183	11014710	53190871	10800000	11050000	0	3514	527	6627	spaced
SUPER_15	32220688	32435542	IR	344	.	32327701	0.344	0.979	331	214828	32220688	32223336	32432904	32435542	53190871	32200000	32450000	0	2135	2638	209568	wide
SUPER_15	3753683	3865952	IR	344	.	3809873	0.344	0.947	201	113105	3753683	3755167	3864507	3865952	53190871	3700000	3950000	215	1830	1445	109340	wide
SUPER_15	7940527	8080011	IR	344	.	8009974	0.344	0.896	131	139457	7940527	7942614	8077935	8080011	53190871	7850000	8100000	0	2671	2076	135321	wide
SUPER_15	51751995	51945146	IR	344	.	51848830	0.344	0.587	37	193127	51751995	51752041	51945100	51945180	53190871	51700000	51950000	0	2476	46	193059	wide
SUPER_15	10239952	10293261	IR	344	.	10266221	0.344	0.639	29	53263	10239952	10239998	10293215	10293287	53190871	10100000	10350000	0	2776	46	53217	spaced
SUPER_15	3154829	3234666	IR	344	.	3194481	0.344	0.758	26	79787	3154829	3154879	3234616	3234682	53190871	3150000	3400000	0	745	50	79737	spaced
SUPER_15	6628215	6677405	IR	344	.	6652737	0.344	0.889	26	49140	6628215	6628263	6677357	6677411	53190871	6500000	6750000	356	2546	48	49094	spaced
SUPER_15	14897269	15089452	IR	343	.	14993294	0.343	0.871	79	192497	14897269	14898158	15088563	15089536	53190871	14850000	15100000	79	2389	889	190405	wide
SUPER_15	13942002	14033688	IR	343	.	13987668	0.343	0.879	38	91684	13942002	13942592	14033134	14033688	53190871	13800000	14050000	42	3130	554	90542	spaced
SUPER_15	730088	865783	IR	343	.	798311	0.343	0.971	34	135629	730088	730156	865717	865783	53190871	650000	900000	0	2465	66	135561	wide
SUPER_15	38314024	38422855	IR	343	.	38368354	0.343	0.857	30	108781	38314024	38314072	38422807	38422863	53190871	38200000	38450000	404	2807	48	108735	wide
SUPER_15	19169377	19286687	IR	343	.	19228384	0.343	0.333	29	117274	19169377	19169457	19286651	19286687	53190871	19050000	19300000	0	2967	36	117194	wide
SUPER_15	383111	507366	IR	343	.	444810	0.343	0.931	22	124201	383111	383165	507312	507370	53190871	350000	600000	0	1587	54	124147	wide
SUPER_15	7845828	7874103	IR	343	.	7860370	0.343	0.832	21	28284	7845828	7846081	7873850	7874130	53190871	7650000	7900000	0	3499	253	27769	spaced
SUPER_15	31529415	31632191	IR	342	.	31580457	0.342	0.904	73	102740	31529415	31530580	31631026	31632227	53190871	31400000	31650000	0	3013	1165	100446	wide
SUPER_15	48174260	48183318	IR	342	.	48178293	0.342	0.357	34	9016	48174260	48174352	48183276	48183318	53190871	48050000	48300000	0	2146	42	8924	spaced
SUPER_15	20141442	20246406	IR	342	.	20193443	0.342	0.647	25	104920	20141442	20141486	20246362	20246430	53190871	20050000	20300000	0	2398	44	104876	wide
SUPER_15	33598837	33734207	IR	342	.	33666713	0.342	0.846	25	135332	33598837	33598889	33734163	33734207	53190871	33500000	33750000	235	2775	44	135274	wide
SUPER_15	23017435	23053984	IR	342	.	23035411	0.342	0.727	23	36511	23017435	23017501	23053936	23053984	53190871	22850000	23100000	0	3095	48	36435	spaced
SUPER_15	43336380	43511462	IR	342	.	43424399	0.342	0.447	23	175063	43336380	43336456	43511424	43511462	53190871	43300000	43550000	0	2065	38	174968	wide
SUPER_15	11744317	11850641	IR	342	.	11797091	0.342	0.849	20	106164	11744317	11745918	11849047	11850641	53190871	11650000	11900000	0	2457	1594	103129	wide
SUPER_15	16462291	16480718	IR	341	.	16471544	0.341	1.000	520	18932	16462291	16464628	16478381	16480718	53190871	16250000	16500000	520	3691	2337	13753	spaced
SUPER_15	5289397	5469416	IR	341	.	5379240	0.341	0.911	116	180556	5289397	5290965	5467848	5469445	53190871	5250000	5500000	143	2156	1568	176883	wide
SUPER_15	35357418	35480166	IR	341	.	35419268	0.341	0.859	50	122743	35357418	35358904	35478680	35480210	53190871	35350000	35600000	0	1146	1486	119776	wide
SUPER_15	1576414	1773718	IR	341	.	1674918	0.341	0.643	27	197260	1576414	1576450	1773682	1773738	53190871	1550000	1800000	210	2084	36	197232	wide
SUPER_15	39858141	39880760	IR	340	.	39869130	0.340	0.883	699	22600	39858141	39868577	39870418	39880760	53190871	39700000	39950000	0	2824	10342	1841	immediate
SUPER_15	42953009	43130080	IR	340	.	43041770	0.340	1.000	110	184396	42953009	42953026	43130063	43130080	53190871	42900000	43150000	1	2358	17	177037	wide
SUPER_15	19736409	19774764	IR	340	.	19755274	0.340	0.583	40	38355	19736409	19737793	19773380	19774785	53190871	19550000	19800000	0	3426	1384	35587	spaced
SUPER_15	24915459	24947967	IR	340	.	24931390	0.340	0.790	38	32503	24915459	24916546	24946880	24947980	53190871	24750000	25000000	0	3028	1087	30334	spaced
SUPER_15	35499977	35609721	IR	340	.	35554459	0.340	0.739	38	109269	35499977	35506148	35603550	35609774	53190871	35450000	35700000	0	1747	6171	97402	spaced
SUPER_15	12888644	12931276	IR	340	.	12909781	0.340	0.868	34	42745	12888644	12889366	12930557	12931276	53190871	12700000	12950000	34	3499	719	41191	spaced
SUPER_15	20502770	20535931	IR	340	.	20519824	0.340	0.894	24	32939	20502770	20503674	20535027	20535932	53190871	20300000	20550000	0	3655	904	31353	spaced
SUPER_15	11253443	11483467	IR	339	.	11368039	0.339	0.395	74	230031	11253443	11368252	11368658	11483499	53190871	11250000	11500000	0	1974	114809	406	immediate
SUPER_15	32744782	32816323	IR	339	.	32780316	0.339	1.000	40	71522	32744782	32744809	32816296	32816323	53190871	32600000	32850000	3	3009	27	71487	spaced
SUPER_15	48032807	48174342	IR	339	.	48103586	0.339	0.889	37	142289	48032807	48032855	48174294	48174348	53190871	48000000	48250000	298	1726	48	141439	wide
SUPER_15	21298686	21310734	IR	339	.	21304636	0.339	0.845	26	12749	21298686	21299663	21309775	21310734	53190871	21100000	21350000	27	3411	959	10112	spaced
SUPER_15	25121028	25150567	IR	338	.	25136139	0.338	0.940	92	29517	25121028	25122670	25148939	25150567	53190871	24950000	25200000	0	3096	1628	26269	spaced
SUPER_15	21730700	21899501	IR	338	.	21815360	0.338	0.947	91	168781	21730700	21731912	21898298	21899501	53190871	21650000	21900000	0	2751	1203	166386	wide
SUPER_15	34759286	34914185	IR	338	.	34837218	0.338	0.921	57	154875	34759286	34760141	34913342	34914185	53190871	34750000	35000000	0	1445	843	153201	wide
SUPER_15	50736404	50854732	IR	338	.	50795592	0.338	0.868	49	119188	50736404	50738786	50852373	50854732	53190871	50700000	50950000	49	1592	2359	113587	wide
SUPER_15	865715	921743	IR	338	.	894033	0.338	0.971	35	56011	865715	865783	921677	921743	53190871	700000	950000	0	3228	66	55894	spaced
SUPER_15	15366730	15501576	IR	338	.	15433679	0.338	0.870	26	134841	15366730	15367275	15501031	15501598	53190871	15300000	15550000	0	2235	545	133756	wide
SUPER_15	9771496	9878259	IR	338	.	9824760	0.338	0.960	23	106715	9771496	9771544	9878211	9878261	53190871	9650000	9900000	276	2914	48	106667	wide
SUPER_15	20843447	20868149	IR	337	.	20856224	0.337	0.850	83	24729	20843447	20847042	20864554	20868196	53190871	20700000	20950000	0	2596	3595	17512	spaced
SUPER_15	32475500	32658947	IR	337	.	32566730	0.337	0.909	66	183426	32475500	32476497	32657968	32658947	53190871	32450000	32700000	0	1953	979	181471	wide
SUPER_15	24962909	24991090	IR	337	.	24977004	0.337	0.907	43	28771	24962909	24963825	24990177	24991090	53190871	24750000	25000000	43	3783	913	26352	spaced
SUPER_15	49890343	49984635	IR	337	.	49937347	0.337	0.905	30	94534	49890343	49891135	49983845	49984635	53190871	49850000	50100000	30	1458	790	92710	spaced
SUPER_15	49671223	49809814	IR	337	.	49740693	0.337	0.801	28	138961	49671223	49675036	49806001	49809852	53190871	49650000	49900000	28	1508	3813	130965	wide
SUPER_15	31268761	31309744	IR	336	.	31288977	0.336	0.909	31	40931	31268761	31269343	31309162	31309752	53190871	31100000	31350000	0	3154	582	39819	spaced
SUPER_15	40946330	41068976	IR	336	.	41007588	0.336	0.967	30	122731	40946330	40946574	41068732	41068977	53190871	40850000	41100000	52	2627	244	122158	wide
SUPER_15	7033085	7232324	IR	336	.	7132464	0.336	0.826	22	199207	7033085	7033131	7232286	7232324	53190871	7000000	7250000	119	2211	38	199155	wide
SUPER_15	35810372	35936202	IR	336	.	35872858	0.336	0.855	21	125844	35810372	35811042	35935532	35936238	53190871	35750000	36000000	0	2054	670	124490	wide
SUPER_15	26224327	26420896	IR	335	.	26322965	0.335	0.904	97	196598	26224327	26225807	26419416	26420944	53190871	26200000	26450000	0	2043	1480	193609	wide
SUPER_15	18488342	18683289	IR	335	.	18586102	0.335	0.901	72	194945	18488342	18490524	18681107	18683306	53190871	18450000	18700000	0	2263	2182	190583	wide
SUPER_15	20613265	20710719	IR	335	.	20662295	0.335	0.893	56	97412	20613265	20614006	20709978	20710720	53190871	20600000	20850000	0	1033	741	95972	spaced
SUPER_15	12015604	12207569	IR	335	.	12111780	0.335	0.880	50	192404	12015604	12017105	12206068	12207573	53190871	12000000	12250000	50	1859	1501	188963	wide
SUPER_15	6958961	7033133	IR	335	.	6996177	0.335	0.857	27	74120	6958961	6959009	7033085	7033141	53190871	6800000	7050000	315	3267	48	74076	spaced
SUPER_15	13276007	13338319	IR	335	.	13306827	0.335	0.306	27	62276	13276007	13276089	13338283	13338319	53190871	13100000	13350000	0	3452	36	62194	spaced
SUPER_15	9038022	9054185	IR	335	.	9045858	0.335	1.000	26	16121	9038022	9038064	9054143	9054185	53190871	8950000	9200000	104	1601	42	16079	spaced
SUPER_15	6515205	6628263	IR	335	.	6571613	0.335	0.958	21	113024	6515205	6515251	6628217	6628265	53190871	6400000	6650000	199	2862	46	112966	wide
SUPER_15	23583346	23599383	IR	335	.	23591791	0.335	0.667	21	15993	23583346	23583412	23599339	23599383	53190871	23350000	23600000	0	4022	44	15927	spaced
SUPER_15	22834085	22975053	IR	335	.	22904799	0.335	1.000	20	140944	22834085	22834119	22975019	22975053	53190871	22750000	23000000	6	2575	34	140900	wide
SUPER_15	39388014	39401158	IR	334	.	39394632	0.334	0.927	201	13488	39388014	39391702	39397470	39401159	53190871	39250000	39500000	201	2409	3688	5768	spaced
SUPER_15	33043795	33099962	IR	334	.	33071918	0.334	0.800	122	56297	33043795	33051920	33091861	33099962	53190871	32900000	33150000	136	2864	8101	39941	spaced
SUPER_15	30516445	30542405	IR	334	.	30529129	0.334	0.879	51	25935	30516445	30517195	30541663	30542405	53190871	30300000	30550000	0	3823	742	24468	spaced
SUPER_15	46701645	46759880	IR	334	.	46731235	0.334	0.866	35	58137	46701645	46702392	46759133	46759886	53190871	46600000	46850000	0	2179	747	56741	spaced
SUPER_15	42550374	42692539	IR	334	.	42620995	0.334	0.804	21	141908	42550374	42551794	42691120	42692539	53190871	42500000	42750000	0	2024	1419	139326	wide
SUPER_15	31706193	31915972	IR	333	.	31811174	0.333	0.859	239	210114	31706193	31709185	31913054	31915972	53190871	31700000	31950000	241	1851	2918	203869	wide
SUPER_15	23804856	23921032	IR	333	.	23862596	0.333	0.951	180	116123	23804856	23806184	23919704	23921081	53190871	23750000	24000000	0	1882	1328	113520	wide
SUPER_15	39610930	39758478	IR	333	.	39684174	0.333	0.709	139	146645	39610930	39624264	39745147	39758478	53190871	39550000	39800000	0	2244	13331	120883	wide
SUPER_15	14885197	14896517	IR	333	.	14890670	0.333	0.937	121	12000	14885197	14887660	14894054	14896517	53190871	14650000	14900000	121	4014	2463	6394	spaced
SUPER_15	38765918	38768339	IR	333	.	38767139	0.333	0.993	112	2592	38765918	38766474	38767783	38768339	53190871	38550000	38800000	112	3618	556	1309	immediate
SUPER_15	49227226	49376839	IR	333	.	49301891	0.333	0.912	58	149691	49227226	49227829	49376239	49376839	53190871	49150000	49400000	58	2533	600	148410	wide
SUPER_15	18947151	19033926	IR	333	.	18990972	0.333	0.885	21	86729	18947151	18947197	19033880	19033932	53190871	18800000	19050000	0	3175	46	86683	spaced
SUPER_15	23169802	23240774	IR	332	.	23204953	0.332	0.931	131	70953	23169802	23171414	23239162	23240780	53190871	23100000	23350000	0	1754	1612	67748	spaced
SUPER_15	13739315	13892186	IR	332	.	13816205	0.332	0.945	130	152855	13739315	13740878	13890623	13892192	53190871	13650000	13900000	0	2762	1563	149745	wide
SUPER_15	31354602	31456688	IR	332	.	31405364	0.332	0.896	113	102068	31354602	31356202	31455128	31456688	53190871	31300000	31550000	0	1760	1560	98926	spaced
SUPER_15	17107629	17170709	IR	332	.	17139490	0.332	0.616	105	63061	17107629	17111903	17166443	17170709	53190871	16950000	17200000	0	3152	4266	54540	spaced
SUPER_15	37183582	37367595	IR	332	.	37275997	0.332	0.838	66	184019	37183582	37186049	37365128	37367630	53190871	37150000	37400000	0	2093	2467	179079	wide
SUPER_15	18167213	18251082	IR	332	.	18208924	0.332	0.964	65	84354	18167213	18167747	18250549	18251082	53190871	18050000	18300000	67	2652	533	82802	spaced
SUPER_15	17818471	17844169	IR	332	.	17831260	0.332	0.894	37	25882	17818471	17819278	17843377	17844169	53190871	17600000	17850000	39	3855	792	24099	spaced
SUPER_15	37983653	37986428	IR	332	.	37985272	0.332	1.000	29	2707	37983653	37983689	37986392	37986428	53190871	37950000	38200000	4	583	36	2703	spaced
SUPER_15	50918266	51033982	IR	332	.	50976043	0.332	0.656	27	115682	50918266	50918330	51033940	51033982	53190871	50800000	51050000	188	2935	42	115610	wide
SUPER_15	4387350	4450430	IR	332	.	4418565	0.332	0.421	25	63044	4387350	4387388	4450392	4450470	53190871	4350000	4600000	0	1148	38	63004	spaced
SUPER_15	18812674	18827513	IR	332	.	18820305	0.332	0.840	20	14801	18812674	18812724	18827471	18827513	53190871	18600000	18850000	169	3668	42	14747	spaced
SUPER_15	51459627	51554714	IR	331	.	51506841	0.331	0.987	51	95069	51459627	51460002	51554339	51554714	53190871	51400000	51650000	0	1786	375	94337	spaced
SUPER_15	20728712	20756659	IR	331	.	20742834	0.331	0.881	40	27972	20728712	20729498	20755884	20756659	53190871	20700000	20950000	40	711	775	26386	spaced
SUPER_15	2971905	3041293	IR	331	.	3006674	0.331	0.000	30	69346	2971905	2971941	3041257	3041375	53190871	2800000	3050000	179	3443	36	69316	spaced
SUPER_15	34930734	35004598	IR	331	.	34967551	0.331	0.917	22	73822	34930734	34930782	35004554	35004598	53190871	34800000	35050000	208	2794	44	73772	spaced
SUPER_15	5906011	5947265	IR	331	.	5926367	0.331	0.800	20	41206	5906011	5906059	5947217	5947277	53190871	5700000	5950000	0	3777	48	41158	spaced
SUPER_15	2635303	2643237	IR	330	.	2639569	0.330	0.893	134	7905	2635303	2637792	2640846	2643237	53190871	2500000	2750000	0	2321	2391	3054	spaced
SUPER_15	41068803	41095348	IR	330	.	41082295	0.330	0.957	119	28108	41068803	41069899	41094255	41095348	53190871	40850000	41100000	118	3867	1093	24356	spaced
SUPER_15	10656254	10681735	IR	330	.	10669280	0.330	0.908	106	25509	10656254	10657867	10680122	10681780	53190871	10500000	10750000	0	2816	1613	22255	spaced
SUPER_15	52078753	52132065	IR	330	.	52105549	0.330	0.742	70	53528	52078753	52080179	52130652	52132065	53190871	51950000	52200000	72	2590	1413	50473	spaced
SUPER_15	38431129	38517928	IR	330	.	38475016	0.330	0.924	36	86674	38431129	38431741	38517316	38517928	53190871	38300000	38550000	0	2908	612	85575	spaced
SUPER_15	47977807	48032857	IR	330	.	48005724	0.330	0.822	21	54996	47977807	47978151	48032518	48032857	53190871	47850000	48100000	0	2588	339	54367	spaced
SUPER_15	10384594	10434399	IR	329	.	10409512	0.329	0.935	46	49743	10384594	10384652	10434341	10434403	53190871	10300000	10550000	756	1824	58	49689	spaced
SUPER_15	47117850	47193352	IR	329	.	47155634	0.329	0.889	42	75675	47117850	47118800	47192434	47193352	53190871	46950000	47200000	42	3426	918	73634	spaced
SUPER_15	40242896	40317905	IR	329	.	40280035	0.329	0.389	23	74973	40242896	40242932	40317869	40317945	53190871	40100000	40350000	0	3006	36	74937	spaced
SUPER_15	24098695	24126247	IR	329	.	24112786	0.329	0.905	22	27512	24098695	24099145	24125797	24126261	53190871	23950000	24200000	0	2707	450	26652	spaced
SUPER_15	17494971	17670947	IR	328	.	17583318	0.328	0.972	346	175953	17494971	17497671	17668247	17670949	53190871	17450000	17700000	0	2215	2700	170576	wide
SUPER_15	43763674	43879210	IR	328	.	43821200	0.328	0.895	83	115828	43763674	43765530	43877362	43879210	53190871	43650000	43900000	50	2857	1848	111832	wide
SUPER_15	38985182	39002128	IR	328	.	38993603	0.328	0.850	80	18524	38985182	38988037	38999273	39002183	53190871	38950000	39200000	80	727	2855	11236	spaced
SUPER_15	2431363	2484756	IR	328	.	2457767	0.328	0.919	77	53390	2431363	2432766	2483353	2484774	53190871	2250000	2500000	0	3467	1403	50587	spaced
SUPER_15	17211113	17345331	IR	328	.	17278128	0.328	0.862	55	134434	17211113	17213452	17342992	17345338	53190871	17150000	17400000	55	2136	2339	129540	wide
SUPER_15	30420125	30458962	IR	328	.	30439995	0.328	0.879	54	38815	30420125	30421750	30457337	30458974	53190871	30300000	30550000	0	2325	1625	35587	spaced
SUPER_15	14068156	14096271	IR	328	.	14082181	0.328	0.925	51	28261	14068156	14069141	14095286	14096278	53190871	13900000	14150000	51	3036	985	26145	spaced
SUPER_15	22677874	22834111	IR	328	.	22755826	0.328	0.955	27	156193	22677874	22677916	22834069	22834113	53190871	22600000	22850000	237	2599	42	156153	wide
SUPER_15	16171714	16331407	IR	328	.	16251353	0.328	0.828	22	160498	16171714	16173948	16329173	16331410	53190871	16100000	16350000	22	2525	2234	155225	wide
SUPER_15	18748230	18792707	IR	328	.	18769970	0.328	0.778	20	44435	18748230	18748272	18792665	18792719	53190871	18550000	18800000	0	3674	42	44393	spaced
SUPER_15	25930391	25984678	IR	327	.	25957358	0.327	0.971	135	54600	25930391	25931302	25983777	25984678	53190871	25750000	26000000	135	3458	901	52475	spaced
SUPER_15	50139431	50177801	IR	327	.	50158507	0.327	0.983	74	211218	50139431	50139489	50177744	50177801	53190871	50050000	50300000	587	1810	57	38255	spaced
SUPER_15	49114539	49122196	IR	327	.	49118688	0.327	0.346	53	7605	49114539	49114591	49122144	49122260	53190871	48900000	49150000	0	3639	52	7553	spaced
SUPER_15	47335107	47445688	IR	327	.	47390127	0.327	0.871	49	110487	47335107	47336715	47444092	47445688	53190871	47200000	47450000	0	3173	1596	107377	wide
SUPER_15	23605921	23677856	IR	327	.	23642211	0.327	0.659	35	71899	23605921	23606003	23677802	23677856	53190871	23600000	23850000	0	698	54	71799	spaced
SUPER_15	31953246	32035254	IR	327	.	31994015	0.327	0.821	30	81958	31953246	31953292	32035208	32035264	53190871	31800000	32050000	400	3237	46	81916	spaced
SUPER_15	4569503	4646164	IR	327	.	4608202	0.327	0.316	29	76623	4569503	4569541	4646126	4646212	53190871	4450000	4700000	0	2630	38	76585	spaced
SUPER_15	15866580	15999659	IR	327	.	15933242	0.327	0.700	28	133029	15866580	15866622	15999617	15999677	53190871	15800000	16050000	304	2218	42	132995	wide
SUPER_15	41851726	41933472	IR	327	.	41892617	0.327	0.885	24	81698	41851726	41851772	41933426	41933478	53190871	41700000	41950000	255	3209	46	81654	spaced
SUPER_15	37863171	37869724	IR	326	.	37866874	0.326	1.000	372	6518	37863171	37865312	37867583	37869724	53190871	37650000	37900000	0	3607	2141	2271	spaced
SUPER_15	16612154	16778299	IR	326	.	16695488	0.326	0.965	367	166162	16612154	16615199	16775254	16778334	53190871	16550000	16800000	0	2420	3045	160055	wide
SUPER_15	40672719	40790087	IR	326	.	40731449	0.326	0.927	127	117685	40672719	40674810	40787996	40790089	53190871	40550000	40800000	127	3023	2091	113186	wide
SUPER_15	22287245	22493967	IR	326	.	22390134	0.326	0.872	46	206747	22287245	22288911	22492301	22494009	53190871	22250000	22500000	0	2343	1666	203390	wide
SUPER_15	51945102	51992470	IR	326	.	51969196	0.326	0.421	24	47330	51945102	51945180	51992432	51992470	53190871	51850000	52100000	0	1979	38	47252	spaced
SUPER_15	35004554	35067691	IR	326	.	35036192	0.326	0.815	23	63091	35004554	35004598	35067647	35067701	53190871	34900000	35150000	232	2268	44	63049	spaced
SUPER_15	48757185	48767803	IR	325	.	48762722	0.325	0.760	40	10526	48757185	48757223	48767765	48767815	53190871	48650000	48900000	54	1874	38	10542	spaced
SUPER_15	37592579	37605915	IR	325	.	37599001	0.325	0.947	31	13302	37592579	37592615	37605879	37605917	53190871	37400000	37650000	38	3320	36	13264	spaced
SUPER_15	22158989	22162413	IR	325	.	22160244	0.325	0.667	28	3376	22158989	22159061	22162365	22162413	53190871	21950000	22200000	0	3511	48	3304	spaced
SUPER_15	40317869	40427743	IR	325	.	40373202	0.325	0.591	26	109830	40317869	40317945	40427699	40427743	53190871	40250000	40500000	0	2046	44	109754	wide
SUPER_15	4450404	4450468	IR	325	.	4450433	0.325	0.830	23	74537	4450404	4450451	4450429	4450468	53190871	4300000	4550000	361	2507	39	-22	overlap
SUPER_15	38627147	38724489	IR	325	.	38675365	0.325	0.511	22	97328	38627147	38628625	38723011	38724523	53190871	38500000	38750000	0	2930	1478	94386	spaced
SUPER_15	14665748	14757343	IR	325	.	14711262	0.325	0.794	20	91576	14665748	14666848	14756277	14757343	53190871	14550000	14800000	0	2692	1066	89429	spaced
SUPER_15	11530428	11655010	IR	324	.	11592223	0.324	0.864	291	124560	11530428	11538285	11647173	11655010	53190871	11450000	11700000	0	2378	7837	108888	wide
SUPER_15	52385500	52560112	IR	324	.	52472806	0.324	0.934	131	175138	52385500	52387821	52557791	52560114	53190871	52350000	52600000	131	2046	2321	169970	wide
SUPER_15	3962257	4007336	IR	324	.	3985310	0.324	0.909	95	45052	3962257	3963393	4006200	4007384	53190871	3850000	4100000	0	2246	1136	42807	spaced
SUPER_15	13521867	13684848	IR	324	.	13603218	0.324	0.929	62	163091	13521867	13522546	13684186	13684848	53190871	13450000	13700000	62	2555	662	161640	wide
SUPER_15	1861344	2045951	IR	324	.	1953441	0.324	0.866	36	184677	1861344	1862243	2045052	2045995	53190871	1850000	2100000	36	1727	899	182809	wide
SUPER_15	21936567	22010938	IR	324	.	21974167	0.324	0.810	27	74359	21936567	21937591	22009914	22010966	53190871	21850000	22100000	0	2062	1024	72323	spaced
SUPER_15	46054992	46121424	IR	324	.	46088526	0.324	0.450	26	66392	46054992	46055032	46121384	46121464	53190871	45950000	46200000	0	2303	40	66352	spaced
SUPER_15	44254731	44371995	IR	324	.	44313343	0.324	0.643	21	117232	44254731	44254787	44371959	44371995	53190871	44200000	44450000	55	1889	36	117172	wide
SUPER_15	48661910	48686071	IR	323	.	48674053	0.323	0.885	132	25491	48661910	48666885	48681096	48686074	53190871	48450000	48700000	132	3733	4975	14211	spaced
SUPER_15	33115003	33127340	IR	323	.	33121483	0.323	0.889	115	12327	33115003	33116655	33125688	33127438	53190871	32900000	33150000	0	3686	1652	9033	spaced
SUPER_15	4465534	4535124	IR	323	.	4500683	0.323	0.855	50	69320	4465534	4467435	4533259	4535124	53190871	4400000	4650000	0	1672	1865	65824	spaced
SUPER_15	3041261	3056026	IR	323	.	3048661	0.323	0.250	48	14721	3041261	3041382	3055976	3056026	53190871	2900000	3150000	796	2477	50	14594	spaced
SUPER_15	35164410	35247626	IR	323	.	35206121	0.323	0.474	36	83162	35164410	35164448	35247588	35247662	53190871	35000000	35250000	172	3433	38	83140	spaced
SUPER_15	23929132	24072237	IR	323	.	24000659	0.323	0.880	22	143063	23929132	23929182	24072193	24072237	53190871	23850000	24100000	212	2511	44	143011	wide
SUPER_15	1407078	1562922	IR	322	.	1484827	0.322	0.816	65	155960	1407078	1408613	1561462	1562922	53190871	1400000	1650000	66	1416	1460	152849	wide
SUPER_15	23681435	23722097	IR	322	.	23701493	0.322	0.865	59	40640	23681435	23682637	23720916	23722097	53190871	23500000	23750000	0	3362	1181	38279	spaced
SUPER_15	38769630	38785312	IR	322	.	38777825	0.322	0.479	39	15644	38769630	38769724	38785264	38785312	53190871	38550000	38800000	0	3791	48	15540	spaced
SUPER_15	35247600	35324465	IR	322	.	35285893	0.322	0.559	27	76839	35247600	35247660	35324431	35324465	53190871	35150000	35400000	74	2267	34	76771	spaced
SUPER_15	2783182	2868680	IR	322	.	2825998	0.322	0.839	25	85510	2783182	2783647	2868218	2868680	53190871	2750000	3000000	26	1265	462	84571	spaced
SUPER_15	45493775	45598613	IR	322	.	45546401	0.322	0.900	23	105042	45493775	45494827	45597562	45598613	53190871	45400000	45650000	23	2436	1051	102735	wide
SUPER_15	6325184	6441613	IR	321	.	6383784	0.321	0.910	86	116385	6325184	6326580	6440217	6441618	53190871	6200000	6450000	0	3056	1396	113637	wide
SUPER_15	41457891	41504697	IR	321	.	41481501	0.321	0.636	50	46959	41457891	41459029	41503565	41504697	53190871	41300000	41550000	53	3021	1132	44536	spaced
SUPER_15	49506623	49632803	IR	321	.	49569640	0.321	0.923	31	148871	49506623	49506675	49632755	49632803	53190871	49400000	49650000	305	2828	48	126080	wide
SUPER_15	13164124	13242767	IR	321	.	13203504	0.321	0.921	25	79114	13164124	13164563	13242328	13242768	53190871	13000000	13250000	25	3390	439	77765	spaced
SUPER_15	6228303	6238971	IR	320	.	6233879	0.320	0.994	151	10646	6228303	6229260	6238014	6238971	53190871	6000000	6250000	0	3893	957	8754	spaced
SUPER_15	36388072	36511005	IR	320	.	36449618	0.320	0.971	109	123985	36388072	36389010	36510067	36511006	53190871	36350000	36600000	113	1658	938	121057	wide
SUPER_15	9607757	9639986	IR	320	.	9624051	0.320	0.924	84	32479	9607757	9608819	9638924	9640006	53190871	9400000	9650000	84	3731	1062	30105	spaced
SUPER_15	37663518	37666540	IR	320	.	37664939	0.320	0.922	33	3184	37663518	37663868	37666190	37666549	53190871	37600000	37850000	33	1083	350	2322	spaced
SUPER_15	33581906	33598891	IR	320	.	33589968	0.320	0.968	31	16925	33581906	33581966	33598831	33598893	53190871	33350000	33600000	0	4006	60	16865	spaced
SUPER_15	1227122	1335416	IR	320	.	1281700	0.320	0.496	27	94610	1227122	1245516	1317045	1335416	53190871	1100000	1350000	0	3021	18371	71529	spaced
SUPER_15	5482440	5498167	IR	320	.	5489941	0.320	0.706	25	15679	5482440	5482508	5498119	5498167	53190871	5300000	5550000	0	3171	48	15611	spaced
SUPER_15	43687223	43760931	IR	320	.	43724458	0.320	0.888	25	73678	43687223	43687929	43760231	43760931	53190871	43600000	43850000	0	2067	700	72302	spaced
SUPER_15	30692999	30725978	IR	320	.	30709826	0.320	0.600	23	32939	30692999	30693067	30725938	30725978	53190871	30500000	30750000	0	3491	40	32871	spaced
SUPER_15	32697517	32700503	IR	320	.	32699039	0.320	0.860	22	3307	32697517	32698099	32699942	32700503	53190871	32500000	32750000	22	3316	561	1843	immediate
SUPER_15	5498119	5687518	IR	320	.	5593260	0.320	0.857	21	189351	5498119	5498167	5687470	5687526	53190871	5450000	5700000	0	2380	48	189303	wide
SUPER_15	5947221	6097340	IR	320	.	6022117	0.320	0.808	20	150079	5947221	5947273	6097298	6097340	53190871	5850000	6100000	189	2871	42	150025	wide
SUPER_15	1773682	1786262	IR	319	.	1779804	0.319	0.821	31	12540	1773682	1773738	1786216	1786262	53190871	1550000	1800000	356	3832	46	12478	spaced
SUPER_15	12362459	12364894	IR	319	.	12363510	0.319	0.785	22	2534	12362459	12362703	12364677	12364894	53190871	12150000	12400000	28	3561	217	1974	immediate
SUPER_15	2668088	2671953	IR	318	.	2669632	0.318	0.879	32	3833	2668088	2668463	2671592	2671953	53190871	2550000	2800000	0	2000	361	3129	spaced
SUPER_15	46339999	46371150	IR	318	.	46355726	0.318	0.639	27	31115	46339999	46340035	46371114	46371172	53190871	46300000	46550000	234	926	36	31079	spaced
SUPER_15	18792669	18812722	IR	318	.	18802552	0.318	0.958	26	20019	18792669	18792715	18812676	18812724	53190871	18600000	18850000	268	3378	46	19961	spaced
SUPER_15	40605578	40629887	IR	318	.	40617261	0.318	0.746	23	24288	40605578	40606275	40629268	40629887	53190871	40500000	40750000	0	1962	619	22993	spaced
SUPER_15	25422488	25434489	IR	318	.	25428127	0.318	0.724	22	11959	25422488	25422530	25434447	25434505	53190871	25300000	25550000	0	2141	42	11917	spaced
SUPER_15	39004205	39027221	IR	318	.	39015604	0.318	0.647	21	22974	39004205	39004239	39027187	39027241	53190871	38900000	39150000	39	1928	34	22948	spaced
SUPER_15	36304928	36370535	IR	318	.	36337718	0.318	0.833	20	65620	36304928	36305810	36369666	36370535	53190871	36250000	36500000	20	1462	869	63856	spaced
SUPER_15	33150126	33155535	IR	317	.	33153199	0.317	0.894	67	5386	33150126	33151242	33154479	33155535	53190871	33150000	33400000	0	47	1056	3237	spaced
SUPER_15	21554029	21670787	IR	317	.	21612411	0.317	0.086	50	116743	21554029	21554124	21670752	21670787	53190871	21500000	21750000	147	1873	35	116628	wide
SUPER_15	24284022	24359620	IR	317	.	24322043	0.317	0.782	45	75762	24284022	24285373	24358269	24359620	53190871	24150000	24400000	42	2863	1351	72896	spaced
SUPER_15	26104201	26152329	IR	317	.	26128077	0.317	0.728	38	48214	26104201	26105663	26150867	26152390	53190871	26050000	26300000	38	1304	1462	45204	spaced
SUPER_15	3461250	3629286	IR	317	.	3545330	0.317	0.777	34	167992	3461250	3461779	3628773	3629286	53190871	3450000	3700000	99	1587	513	166994	wide
SUPER_15	20881560	20925223	IR	317	.	20903372	0.317	0.861	33	43721	20881560	20882198	20924585	20925232	53190871	20850000	21100000	33	889	638	42387	spaced
SUPER_15	18703221	18706130	IR	317	.	18704902	0.317	0.922	27	3004	18703221	18703768	18705583	18706130	53190871	18500000	18750000	27	3411	547	1815	immediate
SUPER_15	22562035	22575808	IR	317	.	22569074	0.317	0.742	27	14801	22562035	22565220	22572623	22575859	53190871	22400000	22650000	27	2815	3185	7403	spaced
SUPER_15	35668638	35685689	IR	317	.	35677259	0.317	1.000	22	17009	35668638	35668680	35685647	35685689	53190871	35450000	35700000	142	3785	42	16967	spaced
SUPER_15	13909082	13914482	IR	316	.	13912258	0.316	0.972	194	5371	13909082	13910382	13913195	13914482	53190871	13750000	14000000	0	2696	1287	2813	spaced
SUPER_15	32036875	32214247	IR	316	.	32125390	0.316	0.918	29	177388	32036875	32037554	32213568	32214248	53190871	32000000	32250000	29	2092	679	176014	wide
SUPER_15	25261699	25422530	IR	316	.	25341815	0.316	0.591	27	160789	25261699	25261775	25422486	25422530	53190871	25200000	25450000	0	2368	44	160711	wide
SUPER_15	25461474	25487953	IR	316	.	25474317	0.316	0.735	22	26355	25461474	25462468	25486972	25487953	53190871	25450000	25700000	0	411	981	24504	spaced
SUPER_15	6707939	6856173	IR	315	.	6781733	0.315	0.941	211	148210	6707939	6709990	6854177	6856173	53190871	6700000	6950000	0	1367	1996	144187	wide
SUPER_15	17993051	18095484	IR	315	.	18044034	0.315	0.808	20	102432	17993051	17993093	18095442	18095494	53190871	17850000	18100000	117	3237	42	102349	wide
SUPER_15	9955025	10139922	IR	314	.	10047058	0.314	0.894	84	184901	9955025	9956668	10138279	10139944	53190871	9900000	10150000	0	2457	1643	181611	wide
SUPER_15	32978229	32996261	IR	314	.	32987010	0.314	0.936	68	23489	32978229	32978980	32995510	32996264	53190871	32850000	33100000	64	2287	751	16530	spaced
SUPER_15	32459239	32462087	IR	314	.	32460735	0.314	0.994	64	2883	32459239	32459580	32461746	32462087	53190871	32400000	32650000	64	1010	341	2166	spaced
SUPER_15	44846592	44870507	IR	314	.	44858135	0.314	0.817	62	23894	44846592	44849000	44868102	44870507	53190871	44650000	44900000	0	3475	2405	19102	spaced
SUPER_15	9424415	9429312	IR	314	.	9427152	0.314	0.936	38	4865	9424415	9424712	9429015	9429326	53190871	9250000	9500000	0	2947	297	4303	spaced
SUPER_15	12212423	12253797	IR	314	.	12232690	0.314	0.929	37	41352	12212423	12212999	12253221	12253801	53190871	12200000	12450000	0	551	576	40222	spaced
SUPER_15	36033041	36062069	IR	314	.	36047338	0.314	0.886	33	31681	36033041	36034003	36061107	36062072	53190871	35900000	36150000	21	2459	962	27104	spaced
SUPER_15	52669635	52744155	IR	314	.	52706669	0.314	0.791	33	74922	52669635	52674242	52739548	52744163	53190871	52500000	52750000	33	3448	4607	65306	spaced
SUPER_15	45755114	45930328	IR	314	.	45842495	0.314	0.643	26	175188	45755114	45755170	45930292	45930328	53190871	45700000	45950000	47	2378	36	175122	wide
SUPER_15	15600950	15713768	IR	314	.	15657683	0.314	0.828	22	112713	15600950	15601902	15712816	15713782	53190871	15500000	15750000	0	2622	952	110914	wide
SUPER_15	50660040	50700435	IR	313	.	50680686	0.313	0.964	22	40343	50660040	50660094	50700381	50700437	53190871	50550000	50800000	0	2170	54	40287	spaced
SUPER_15	44588	117348	IR	313	.	80688	0.313	0.791	21	72742	44588	45911	116063	117348	53190871	0	250000	0	1349	1285	70152	spaced
SUPER_15	21483400	21549331	IR	312	.	21516636	0.312	0.809	76	63798	21483400	21490340	21542391	21549337	53190871	21400000	21650000	0	1939	6940	52051	spaced
SUPER_15	45605594	45755147	IR	312	.	45680815	0.312	0.535	31	149571	45605594	45605637	45755104	45755183	53190871	45600000	45850000	0	1339	43	149467	wide
SUPER_15	44401210	44425050	IR	312	.	44412847	0.312	0.769	28	23848	44401210	44403064	44423196	44425080	53190871	44300000	44550000	0	1885	1854	20132	spaced
SUPER_15	3234614	3303522	IR	312	.	3269500	0.312	0.727	25	68860	3234614	3234680	3303474	3303522	53190871	3100000	3350000	0	2817	48	68794	spaced
SUPER_15	43654311	43658075	IR	312	.	43655877	0.312	0.798	21	3698	43654311	43654620	43657793	43658075	53190871	43450000	43700000	0	3436	282	3173	spaced
SUPER_15	4646148	4808401	IR	311	.	4727498	0.311	0.690	26	162231	4646148	4646206	4808361	4808401	53190871	4600000	4850000	178	2121	40	162155	wide
SUPER_15	8851912	8886122	IR	311	.	8868820	0.311	0.815	26	34170	8851912	8851966	8886078	8886122	53190871	8750000	9000000	298	1983	44	34112	spaced
SUPER_15	10484444	10547848	IR	311	.	10516060	0.311	0.787	25	63570	10484444	10485222	10547119	10547848	53190871	10450000	10700000	25	1102	729	61897	spaced
SUPER_15	8536195	8691374	IR	310	.	8613871	0.310	0.962	295	155830	8536195	8538722	8688850	8691374	53190871	8450000	8700000	295	2729	2524	150128	wide
SUPER_15	7580171	7637979	IR	310	.	7609070	0.310	0.778	37	58667	7580171	7582358	7635792	7638012	53190871	7400000	7650000	37	3484	2187	53434	spaced
SUPER_15	22975009	23017479	IR	310	.	22995978	0.310	0.667	21	42426	22975009	22975053	23017435	23017501	53190871	22800000	23050000	0	3270	44	42382	spaced
SUPER_15	23065236	23100842	IR	309	.	23083199	0.309	0.907	103	35860	23065236	23066482	23099596	23100862	53190871	22950000	23200000	103	2217	1246	33114	spaced
SUPER_15	51171979	51181565	IR	309	.	51176901	0.309	0.944	88	9833	51171979	51172851	51180693	51181581	53190871	50950000	51200000	88	3779	872	7842	spaced
SUPER_15	14796625	14852059	IR	309	.	14824360	0.309	0.418	71	55724	14796625	14813844	14834923	14852059	53190871	14700000	14950000	98	2072	17136	21079	spaced
SUPER_15	19793053	19825403	IR	309	.	19808723	0.309	0.837	59	32240	19793053	19794635	19823821	19825428	53190871	19650000	19900000	0	2653	1582	29186	spaced
SUPER_15	46961566	46966392	IR	309	.	46963548	0.309	0.833	33	4847	46961566	46961827	46966131	46966431	53190871	46750000	47000000	0	3566	261	4304	spaced
SUPER_15	5889542	5906062	IR	309	.	5898050	0.309	0.836	22	16502	5889542	5889603	5906011	5906062	53190871	5700000	5950000	0	3296	51	16408	spaced
SUPER_15	30551139	30592045	IR	308	.	30571226	0.308	0.904	123	40876	30551139	30554930	30588254	30592081	53190871	30350000	30600000	0	3693	3791	33324	spaced
SUPER_15	5173394	5197967	IR	308	.	5186170	0.308	0.876	54	24509	5173394	5176421	5194940	5197980	53190871	4950000	5200000	0	3927	3027	18519	spaced
SUPER_15	18316212	18320316	IR	308	.	18318561	0.308	0.868	52	4125	18316212	18316592	18319936	18320359	53190871	18300000	18550000	0	304	380	3344	spaced
SUPER_15	31648350	31695520	IR	308	.	31671821	0.308	0.840	21	47130	31648350	31648400	31695478	31695520	53190871	31600000	31850000	183	1198	42	47078	spaced
SUPER_15	52632590	52669455	IR	308	.	52651235	0.308	0.945	21	36997	52632590	52632862	52669183	52669455	53190871	52450000	52700000	21	3350	272	36321	spaced
SUPER_15	49455105	49463882	IR	307	.	49459189	0.307	0.808	52	8755	49455105	49455611	49463454	49463882	53190871	49300000	49550000	0	2658	428	7843	spaced
SUPER_15	37889065	37960281	IR	307	.	37924332	0.307	0.730	21	70822	37889065	37889863	37959560	37960281	53190871	37750000	38000000	0	2911	721	69697	spaced
SUPER_15	45271606	45303110	IR	306	.	45287413	0.306	0.901	67	32085	45271606	45273153	45301563	45303115	53190871	45250000	45500000	67	622	1547	28410	spaced
SUPER_15	12980997	13012665	IR	306	.	12996332	0.306	0.711	35	31650	12980997	12982287	13011386	13012665	53190871	12800000	13050000	0	3280	1279	29099	spaced
SUPER_15	3894213	3942943	IR	306	.	3918489	0.306	0.885	31	49201	3894213	3895382	3941774	3942943	53190871	3700000	3950000	31	3642	1169	46392	spaced
SUPER_15	43664191	43674415	IR	306	.	43669230	0.306	0.936	27	10339	43664191	43664465	43674141	43674423	53190871	43450000	43700000	27	3654	274	9676	spaced
SUPER_15	8490528	8499205	IR	305	.	8494843	0.305	0.842	41	8799	8490528	8490753	8498980	8499239	53190871	8300000	8550000	67	3247	225	8227	spaced
SUPER_15	36964156	36996970	IR	305	.	36980257	0.305	0.838	34	32752	36964156	36964218	36996908	36996982	53190871	36750000	37000000	0	3842	62	32690	spaced
SUPER_15	9766234	9771548	IR	305	.	9768476	0.305	0.875	28	5278	9766234	9766298	9771492	9771548	53190871	9550000	9800000	0	3648	56	5194	spaced
SUPER_15	14335995	14350909	IR	305	.	14343578	0.305	0.870	22	14886	14335995	14336035	14350869	14350915	53190871	14150000	14400000	148	3224	40	14834	spaced
SUPER_15	50409889	50443664	IR	305	.	50426562	0.305	0.917	21	33733	50409889	50409937	50443620	50443664	53190871	50200000	50450000	219	3779	44	33683	spaced
SUPER_15	10752952	10926463	IR	304	.	10839333	0.304	0.912	1004	173500	10752952	10763510	10915905	10926472	53190871	10700000	10950000	0	2328	10558	152395	wide
SUPER_15	32889269	32917161	IR	304	.	32903370	0.304	0.917	21	27848	32889269	32889317	32917117	32917161	53190871	32700000	32950000	219	3386	44	27800	spaced
SUPER_15	16442357	16447613	IR	303	.	16445446	0.303	0.719	26	5210	16442357	16442421	16447567	16447613	53190871	16250000	16500000	0	3249	46	5146	spaced
SUPER_15	15999607	16060890	IR	303	.	16030716	0.303	0.361	25	61247	15999607	15999685	16060854	16060890	53190871	15850000	16100000	0	3004	36	61169	spaced
SUPER_15	10639491	10646911	IR	301	.	10642740	0.301	0.903	25	7413	10639491	10640150	10646252	10646922	53190871	10500000	10750000	0	2386	659	6102	spaced
SUPER_15	37567963	37584255	IR	296	.	37575647	0.296	0.706	77	16253	37567963	37569416	37582802	37584281	53190871	37350000	37600000	0	3768	1453	13386	spaced
SUPER_15	23572195	23582799	IR	295	.	23577346	0.295	0.905	22	10601	23572195	23572497	23582511	23582799	53190871	23400000	23650000	24	2958	288	10014	spaced
SUPER_15	41351503	41449837	IR	294	.	41400748	0.294	0.929	145	103180	41351503	41352765	41448607	41449837	53190871	41300000	41550000	149	1677	1230	95842	spaced
SUPER_15	20340958	20454536	IR	294	.	20397305	0.294	0.797	22	113560	20340958	20343472	20452033	20454536	53190871	20250000	20500000	0	2462	2503	108561	wide
SUPER_15	17681716	17794520	IR	291	.	17738163	0.291	0.760	34	113189	17681716	17683752	17792509	17794520	53190871	17550000	17800000	34	3135	2011	108757	wide
SUPER_15	22180544	22263584	IR	289	.	22221631	0.289	0.735	44	82778	22180544	22181523	22262605	22263607	53190871	22100000	22350000	0	2034	979	81082	spaced
SUPER_16	44541495	44543629	IR	978	.	44542562	0.978	0.999	199	2354	44541495	44542418	44542706	44543629	50506702	44300000	44550000	199	4042	923	288	immediate
SUPER_16	26074310	26076360	IR	632	.	26075335	0.632	0.893	100	2225	26074310	26075136	26075534	26076408	50506702	25850000	26100000	100	3755	826	398	immediate
SUPER_16	13835338	13837304	IR	622	.	13836321	0.622	0.907	60	2012	13835338	13835982	13836691	13837304	50506702	13600000	13850000	63	3938	613	709	immediate
SUPER_16	25733635	25737551	IR	588	.	25735593	0.588	0.943	198	4695	25733635	25735317	25735869	25737585	50506702	25500000	25750000	198	3926	1682	552	immediate
SUPER_16	47225879	47228915	IR	570	.	47227877	0.570	0.979	27	3013	47225879	47226119	47228676	47228915	50506702	47000000	47250000	0	3789	239	2557	spaced
SUPER_16	17448327	17462951	IR	557	.	17456059	0.557	0.601	78	12507	17448327	17455654	17455671	17462951	50506702	17250000	17500000	0	3427	7280	17	immediate
SUPER_16	20747	169151	IR	533	.	95379	0.533	0.400	62	148386	20747	94496	95456	169151	50506702	0	250000	0	1582	73695	960	immediate
SUPER_16	27231925	27378230	IR	532	.	27305409	0.532	0.519	99	144972	27231925	27304598	27305557	27378263	50506702	27150000	27400000	0	2584	72673	959	immediate
SUPER_16	5050829	5055237	IR	529	.	5053033	0.529	0.916	150	5264	5050829	5052726	5053340	5055277	50506702	4950000	5200000	150	1717	1897	614	immediate
SUPER_16	49035382	49036756	IR	517	.	49036069	0.517	0.978	41	67536	49035382	49035700	49036438	49036756	50506702	48950000	49200000	41	1434	318	738	immediate
SUPER_16	23073168	23075952	IR	506	.	23074560	0.506	0.915	137	3260	23073168	23073981	23075139	23076002	50506702	22900000	23150000	174	2909	813	1158	immediate
SUPER_16	38574035	38575770	IR	498	.	38574902	0.498	0.841	43	96083	38574035	38574511	38575329	38575770	50506702	38450000	38700000	56	2081	441	818	immediate
SUPER_16	43227083	43229009	IR	492	.	43228046	0.492	0.974	109	2129	43227083	43227844	43228248	43229010	50506702	43000000	43250000	109	3800	761	404	immediate
SUPER_16	18549375	18551219	IR	486	.	18550297	0.486	0.944	62	2100	18549375	18550009	18550592	18551219	50506702	18350000	18600000	63	3338	627	583	immediate
SUPER_16	34778224	34780913	IR	481	.	34779548	0.481	0.850	24	2682	34778224	34778799	34780338	34780921	50506702	34600000	34850000	24	2992	575	1539	immediate
SUPER_16	27408135	27559585	IR	476	.	27484085	0.476	0.595	64	143213	27408135	27458157	27509606	27559585	50506702	27400000	27650000	44	1397	49979	51449	spaced
SUPER_16	2962646	2964365	IR	475	.	2963505	0.475	0.942	59	95181	2962646	2963293	2963718	2964366	50506702	2850000	3100000	59	1891	647	425	immediate
SUPER_16	38512638	38564176	IR	457	.	38537914	0.457	0.859	98	51543	38512638	38516698	38560116	38564203	50506702	38400000	38650000	0	2306	4060	43418	spaced
SUPER_16	23278079	23433895	IR	457	.	23355684	0.457	0.765	27	155764	23278079	23278131	23433843	23433911	50506702	23200000	23450000	0	2599	52	155712	wide
SUPER_16	37650641	37668185	IR	450	.	37659501	0.450	0.917	238	17920	37650641	37654013	37664813	37668206	50506702	37550000	37800000	238	1823	3372	10800	spaced
SUPER_16	34260295	34276555	IR	436	.	34268452	0.436	0.889	359	17913	34260295	34267705	34269199	34276555	50506702	34050000	34300000	359	3640	7356	1494	immediate
SUPER_16	44729056	44778310	IR	426	.	44753901	0.426	0.941	274	50985	44729056	44733007	44774360	44778310	50506702	44550000	44800000	274	3394	3950	41353	spaced
SUPER_16	37755237	37940272	IR	426	.	37848144	0.426	0.879	56	185014	37755237	37756630	37938934	37940272	50506702	37700000	37950000	0	2462	1338	182304	wide
SUPER_16	47840747	47843038	IR	426	.	47841904	0.426	0.836	40	2646	47840747	47841497	47842288	47843053	50506702	47700000	47950000	40	2364	750	791	immediate
SUPER_16	12081423	12165975	IR	424	.	12124086	0.424	0.414	67	84574	12081423	12122309	12125089	12166014	50506702	12050000	12300000	0	1228	40886	2780	spaced
SUPER_16	44362254	44435670	IR	424	.	44399392	0.424	0.897	21	73368	44362254	44362312	44435618	44435670	50506702	44200000	44450000	0	3315	52	73306	spaced
SUPER_16	12708999	12710787	IR	419	.	12709885	0.419	0.712	27	2167	12708999	12709384	12710402	12710853	50506702	12600000	12850000	32	1831	385	1018	immediate
SUPER_16	11863813	11899733	IR	418	.	11882216	0.418	0.868	152	35851	11863813	11869536	11894040	11899733	50506702	11700000	11950000	0	3029	5693	24504	spaced
SUPER_16	19549102	19617124	IR	414	.	19582727	0.414	0.847	176	68039	19549102	19552962	19613264	19617163	50506702	19450000	19700000	0	2218	3860	60302	spaced
SUPER_16	30076595	30277279	IR	414	.	30176834	0.414	0.960	24	200640	30076595	30076645	30277231	30277279	50506702	30050000	30300000	276	2115	48	200586	wide
SUPER_16	47571824	47573502	IR	408	.	47572663	0.408	0.971	43	134118	47571824	47572134	47573192	47573503	50506702	47500000	47750000	43	1210	310	1058	immediate
SUPER_16	27053799	27180755	IR	407	.	27116840	0.407	0.780	40	126892	27053799	27053881	27180691	27180755	50506702	26950000	27200000	0	2787	64	126810	wide
SUPER_16	41957621	41958953	IR	405	.	41958287	0.405	0.980	97	170447	41957621	41958206	41958368	41958954	50506702	41800000	42050000	97	2637	585	162	immediate
SUPER_16	32839426	32844261	IR	402	.	32842304	0.402	0.905	109	4794	32839426	32840684	32843069	32844261	50506702	32650000	32900000	0	3197	1192	2385	spaced
SUPER_16	26408789	26481272	IR	401	.	26445441	0.401	0.868	39	72475	26408789	26408855	26481206	26481282	50506702	26250000	26500000	0	3250	66	72351	spaced
SUPER_16	9385084	9387946	IR	398	.	9386515	0.398	0.943	69	3020	9385084	9385671	9387359	9387954	50506702	9150000	9400000	69	3941	587	1688	immediate
SUPER_16	24793316	24924908	IR	398	.	24859248	0.398	0.789	29	131586	24793316	24793723	24924546	24924908	50506702	24750000	25000000	29	1818	362	130823	wide
SUPER_16	44521845	44534083	IR	397	.	44527961	0.397	0.410	31	6619	44521845	44527694	44528234	44534109	50506702	44450000	44700000	76	1299	5849	540	immediate
SUPER_16	32007788	32026587	IR	395	.	32017285	0.395	0.627	37	18767	32007788	32007855	32026545	32026587	50506702	31950000	32200000	445	1119	42	18690	spaced
SUPER_16	13830461	13832902	IR	393	.	13831661	0.393	0.777	23	2528	13830461	13830736	13832627	13832968	50506702	13600000	13850000	30	3861	275	1891	immediate
SUPER_16	24118636	24122190	IR	392	.	24120413	0.392	0.904	69	3738	24118636	24119508	24121318	24122224	50506702	23900000	24150000	69	3673	872	1810	immediate
SUPER_16	6092220	6241458	IR	392	.	6166395	0.392	0.829	57	149298	6092220	6093794	6239884	6241535	50506702	6050000	6300000	0	1947	1574	146090	wide
SUPER_16	38054758	38284103	IR	390	.	38168967	0.390	0.459	442	229295	38054758	38085605	38253298	38284103	50506702	38050000	38300000	0	1990	30805	167693	wide
SUPER_16	10334671	10483081	IR	389	.	10408606	0.389	0.840	62	148359	10334671	10335901	10481901	10483081	50506702	10300000	10550000	0	1814	1180	146000	wide
SUPER_16	43463218	43609826	IR	389	.	43536817	0.389	0.877	52	146606	43463218	43464345	43608699	43609846	50506702	43400000	43650000	0	2275	1127	144354	wide
SUPER_16	23030121	23032748	IR	389	.	23031038	0.389	0.938	36	2603	23030121	23030557	23032324	23032748	50506702	22800000	23050000	0	3857	424	1767	immediate
SUPER_16	20698953	20700916	IR	387	.	20699941	0.387	0.907	64	2930	20698953	20699625	20700258	20700916	50506702	20600000	20850000	67	1665	658	633	immediate
SUPER_16	2689373	2719217	IR	386	.	2704521	0.386	0.928	120	30584	2689373	2691470	2717120	2719232	50506702	2550000	2800000	120	2571	2097	25650	spaced
SUPER_16	42143773	42303547	IR	386	.	42223769	0.386	0.885	26	159730	42143773	42143825	42303501	42303547	50506702	42100000	42350000	242	2060	46	159676	wide
SUPER_16	33453016	33617576	IR	385	.	33534832	0.385	0.821	20	164516	33453016	33453062	33617530	33617586	50506702	33400000	33650000	0	2254	46	164468	wide
SUPER_16	1259344	1309540	IR	382	.	1284390	0.382	0.724	27	50160	1259344	1259402	1309498	1309540	50506702	1150000	1400000	252	2240	42	50096	spaced
SUPER_16	40147863	40256473	IR	378	.	40201700	0.378	0.641	30	108560	40147863	40147913	40256423	40256501	50506702	40100000	40350000	0	1702	50	108510	wide
SUPER_16	2834631	2959806	IR	377	.	2896781	0.377	0.931	125	125156	2834631	2836278	2958171	2959806	50506702	2750000	3000000	0	2453	1635	121893	wide
SUPER_16	39050594	39097318	IR	376	.	39074457	0.376	0.413	44	46650	39050594	39072598	39075331	39097318	50506702	39050000	39300000	0	399	21987	2733	spaced
SUPER_16	34945735	34947766	IR	376	.	34946750	0.376	0.968	28	2092	34945735	34945981	34947520	34947766	50506702	34700000	34950000	28	4112	246	1539	immediate
SUPER_16	34677369	34724625	IR	375	.	34700527	0.375	0.865	34	47238	34677369	34679643	34722403	34724625	50506702	34550000	34800000	0	2516	2222	42760	spaced
SUPER_16	25040966	25240412	IR	373	.	25140745	0.373	0.979	72	199501	25040966	25041449	25239929	25240412	50506702	25000000	25250000	72	2344	483	198480	wide
SUPER_16	45094830	45207213	IR	373	.	45151389	0.373	0.684	31	112333	45094830	45094882	45207161	45207237	50506702	45050000	45300000	0	1683	52	112279	wide
SUPER_16	46497343	46509006	IR	373	.	46502775	0.373	0.919	26	11602	46497343	46497945	46508410	46509006	50506702	46400000	46650000	0	1719	596	10465	spaced
SUPER_16	34420783	34599674	IR	372	.	34510577	0.372	0.000	24	178916	34420783	34420802	34599655	34599718	50506702	34400000	34650000	0	1837	19	178853	wide
SUPER_16	17587156	17747911	IR	371	.	17667069	0.371	0.591	28	160711	17587156	17587232	17747867	17747911	50506702	17500000	17750000	0	2792	44	160635	wide
SUPER_16	44171050	44228779	IR	371	.	44200385	0.371	0.935	25	57710	44171050	44171434	44228398	44228779	50506702	44000000	44250000	0	3331	381	56964	spaced
SUPER_16	47318273	47378280	IR	371	.	47347844	0.371	0.647	24	59963	47318273	47318341	47378236	47378280	50506702	47150000	47400000	0	3304	44	59895	spaced
SUPER_16	47231794	47308865	IR	370	.	47269891	0.370	0.782	86	77051	47231794	47237034	47303738	47308865	50506702	47200000	47450000	0	1172	5127	66704	spaced
SUPER_16	24634490	24650649	IR	370	.	24642112	0.370	0.737	49	16054	24634490	24636039	24649114	24650649	50506702	24600000	24850000	0	709	1535	13075	spaced
SUPER_16	7899130	7953247	IR	369	.	7925833	0.369	0.915	110	54095	7899130	7900687	7951703	7953247	50506702	7750000	8000000	0	2936	1544	51016	spaced
SUPER_16	14222624	14367360	IR	368	.	14294762	0.368	0.625	35	144706	14222624	14222690	14367320	14367360	50506702	14150000	14400000	173	2416	40	144630	wide
SUPER_16	14599509	14676369	IR	366	.	14637943	0.366	0.954	219	80477	14599509	14602137	14673741	14676372	50506702	14550000	14800000	219	1465	2628	71604	spaced
SUPER_16	28155859	28199660	IR	366	.	28177989	0.366	0.604	170	47621	28155859	28155993	28199564	28199660	50506702	28150000	28400000	2	462	96	43571	spaced
SUPER_16	8071715	8286166	IR	365	.	8178438	0.365	0.904	94	214427	8071715	8073808	8284073	8286166	50506702	8050000	8300000	0	2148	2093	210265	wide
SUPER_16	47580130	47692085	IR	365	.	47636044	0.365	0.812	43	111905	47580130	47580194	47692033	47692085	50506702	47450000	47700000	815	3101	52	111839	wide
SUPER_16	12448186	12536455	IR	365	.	12492454	0.365	0.710	33	88282	12448186	12448230	12536411	12536473	50506702	12300000	12550000	305	3205	44	88181	spaced
SUPER_16	34823386	34914407	IR	364	.	34868452	0.364	0.826	50	91015	34823386	34824494	34913299	34914496	50506702	34800000	35050000	0	1148	1108	88805	spaced
SUPER_16	15270976	15421755	IR	364	.	15346256	0.364	0.878	33	150856	15270976	15271438	15421293	15421768	50506702	15200000	15450000	33	2439	462	149855	wide
SUPER_16	31658805	31803412	IR	363	.	31730802	0.363	0.842	135	143449	31658805	31661678	31800598	31803412	50506702	31600000	31850000	0	2185	2814	138920	wide
SUPER_16	44840188	45008280	IR	362	.	44923746	0.362	0.644	25	168075	44840188	44840261	45008235	45008280	50506702	44800000	45050000	0	2070	45	167974	wide
SUPER_16	42513662	42565160	IR	361	.	42539238	0.361	0.862	40	51813	42513662	42514835	42563987	42565203	50506702	42450000	42700000	40	1490	1173	49152	spaced
SUPER_16	48319819	48359007	IR	361	.	48339127	0.361	0.893	22	39172	48319819	48320119	48358707	48359008	50506702	48150000	48400000	0	3156	300	38588	spaced
SUPER_16	28200127	28250033	IR	360	.	28224642	0.360	0.897	55	49461	28200127	28201516	28248644	28250034	50506702	28200000	28450000	0	417	1389	47128	spaced
SUPER_16	43780486	43925053	IR	360	.	43853175	0.360	0.594	25	144484	43780486	43781721	43923818	43925070	50506702	43700000	43950000	0	2546	1235	142097	wide
SUPER_16	19227362	19344077	IR	360	.	19285555	0.360	0.769	24	116675	19227362	19227402	19344037	19344089	50506702	19100000	19350000	123	3095	40	116635	wide
SUPER_16	21402137	21587152	IR	359	.	21494832	0.359	0.854	60	185190	21402137	21403318	21585975	21587152	50506702	21350000	21600000	67	2410	1177	182657	wide
SUPER_16	6529959	6537474	IR	359	.	6533635	0.359	0.700	28	7508	6529959	6530019	6537432	6537474	50506702	6300000	6550000	261	3895	42	7413	spaced
SUPER_16	13935624	14005041	IR	358	.	13970559	0.358	0.852	29	69381	13935624	13935678	14004995	14005041	50506702	13800000	14050000	252	2838	46	69317	spaced
SUPER_16	11181565	11254752	IR	357	.	11217705	0.357	0.881	47	73110	11181565	11182593	11253771	11254752	50506702	11050000	11300000	0	2802	981	71178	spaced
SUPER_16	15835265	15892871	IR	357	.	15864442	0.357	0.821	21	57581	15835265	15836780	15891376	15892871	50506702	15650000	15900000	0	3567	1495	54596	spaced
SUPER_16	48725713	48817155	IR	356	.	48771590	0.356	0.823	81	91948	48725713	48726577	48816306	48817155	50506702	48700000	48950000	82	1190	849	89729	spaced
SUPER_16	41779400	41801659	IR	356	.	41790160	0.356	0.879	30	22201	41779400	41779466	41801601	41801659	50506702	41750000	42000000	0	675	58	22135	spaced
SUPER_16	585966	672750	IR	355	.	629555	0.355	0.865	177	87460	585966	588156	670560	672833	50506702	450000	700000	177	2989	2190	82404	spaced
SUPER_16	4864222	5035694	IR	355	.	4949765	0.355	0.909	105	171563	4864222	4865469	5034448	5035694	50506702	4800000	5050000	115	2499	1246	168979	wide
SUPER_16	50349060	50444068	IR	355	.	50397017	0.355	0.866	91	94993	50349060	50350712	50442416	50444124	50506702	50300000	50506702	0	1609	1652	91704	spaced
SUPER_16	32331125	32398699	IR	355	.	32364501	0.355	0.985	25	67548	32331125	32331331	32398493	32398699	50506702	32250000	32500000	0	1915	206	67162	spaced
SUPER_16	20563407	20630438	IR	354	.	20596944	0.354	0.690	368	67815	20563407	20574424	20619421	20630462	50506702	20450000	20700000	386	2448	11017	44997	spaced
SUPER_16	39389265	39413760	IR	354	.	39401011	0.354	0.605	174	22805	39389265	39395063	39407962	39413795	50506702	39200000	39450000	0	3358	5798	12899	spaced
SUPER_16	36005859	36192525	IR	354	.	36098968	0.354	0.832	81	187065	36005859	36009772	36188659	36192525	50506702	35950000	36200000	81	2486	3866	178887	wide
SUPER_16	19928408	20144892	IR	354	.	20036803	0.354	0.923	29	216549	19928408	19928829	20144471	20144895	50506702	19900000	20150000	29	2277	421	215642	wide
SUPER_16	9660483	9783649	IR	354	.	9722137	0.354	0.721	27	124085	9660483	9663318	9780814	9783713	50506702	9600000	9850000	27	2034	2835	117496	wide
SUPER_16	39628509	39735880	IR	354	.	39681935	0.354	0.500	25	107331	39628509	39628549	39735840	39735916	50506702	39500000	39750000	0	3036	40	107291	wide
SUPER_16	48657238	48679881	IR	353	.	48668491	0.353	0.947	144	23045	48657238	48658401	48678728	48679881	50506702	48450000	48700000	144	3642	1153	20327	spaced
SUPER_16	41892956	41933278	IR	353	.	41912847	0.353	0.994	97	40304	41892956	41893580	41932654	41933278	50506702	41700000	41950000	0	3551	624	39074	spaced
SUPER_16	2132886	2218079	IR	353	.	2175059	0.353	0.897	80	85156	2132886	2133905	2217060	2218082	50506702	2050000	2300000	0	2091	1019	83155	spaced
SUPER_16	24175918	24381294	IR	353	.	24278833	0.353	0.854	30	205489	24175918	24176594	24380618	24381326	50506702	24150000	24400000	20	2143	676	204024	wide
SUPER_16	41477532	41678148	IR	352	.	41578157	0.352	0.445	101	191407	41477532	41487856	41667824	41678165	50506702	41450000	41700000	0	2130	10324	179968	wide
SUPER_16	25395122	25561035	IR	352	.	25477851	0.352	0.874	74	166489	25395122	25397896	25558261	25561040	50506702	25350000	25600000	74	2134	2774	160365	wide
SUPER_16	46864960	46898819	IR	352	.	46882021	0.352	0.858	74	34189	46864960	46868823	46894983	46898819	50506702	46650000	46900000	74	3864	3836	26160	spaced
SUPER_16	13357815	13360469	IR	352	.	13359093	0.352	0.677	28	2606	13357815	13357857	13360427	13360489	50506702	13150000	13400000	276	3485	42	2570	spaced
SUPER_16	13744222	13768903	IR	351	.	13756785	0.351	0.880	25	24637	13744222	13744266	13768859	13768909	50506702	13700000	13950000	232	942	44	24593	spaced
SUPER_16	20716187	20833171	IR	351	.	20774190	0.351	0.392	25	58932	20716187	20774542	20774817	20833171	50506702	20600000	20850000	0	2911	58354	275	immediate
SUPER_16	4504088	4699520	IR	351	.	4601885	0.351	0.690	23	195384	4504088	4504128	4699480	4699538	50506702	4500000	4750000	156	1696	40	195352	wide
SUPER_16	33617530	33784776	IR	351	.	33700870	0.351	0.160	22	167206	33617530	33617660	33784726	33784776	50506702	33550000	33800000	0	2519	50	167066	wide
SUPER_16	11334631	11447847	IR	351	.	11390818	0.351	0.846	21	113172	11334631	11334683	11447803	11447847	50506702	11300000	11550000	0	1520	44	113120	wide
SUPER_16	50112340	50145896	IR	350	.	50128693	0.350	0.887	87	33591	50112340	50113933	50144303	50145960	50506702	49950000	50200000	0	2985	1593	30370	spaced
SUPER_16	37307284	37541154	IR	350	.	37424702	0.350	0.412	69	181408	37307284	37362762	37485729	37541154	50506702	37300000	37550000	0	2070	55425	122967	wide
SUPER_16	9420478	9457311	IR	350	.	9438423	0.350	0.920	38	36804	9420478	9421335	9456454	9457312	50506702	9400000	9650000	0	648	857	35119	spaced
SUPER_16	22311594	22380441	IR	350	.	22346203	0.350	0.974	24	68812	22311594	22311633	22380403	22380441	50506702	22150000	22400000	58	3266	38	68770	spaced
SUPER_16	42893935	43032252	IR	350	.	42963506	0.350	0.767	23	138273	42893935	42893981	43032206	43032266	50506702	42800000	43050000	0	2718	46	138225	wide
SUPER_16	13205906	13223837	IR	349	.	13214512	0.349	0.866	41	17987	13205906	13207010	13222733	13223917	50506702	13000000	13250000	0	3581	1104	15723	spaced
SUPER_16	36828377	36947788	IR	349	.	36887713	0.349	0.614	27	119367	36828377	36828421	36947744	36947818	50506702	36700000	36950000	0	3134	44	119323	wide
SUPER_16	24042713	24118351	IR	348	.	24080620	0.348	0.963	63	75892	24042713	24043205	24117860	24118351	50506702	23900000	24150000	63	3008	491	74655	spaced
SUPER_16	10753749	10758351	IR	348	.	10756226	0.348	0.804	44	4814	10753749	10754792	10757365	10758351	50506702	10550000	10800000	48	3434	986	2573	spaced
SUPER_16	33101293	33308999	IR	348	.	33205448	0.348	1.000	24	207650	33101293	33101349	33308943	33308999	50506702	33100000	33350000	0	1752	56	207594	wide
SUPER_16	42303497	42325721	IR	348	.	42315017	0.348	0.844	24	22215	42303497	42303551	42325667	42325731	50506702	42100000	42350000	0	3576	54	22116	spaced
SUPER_16	46725409	46849558	IR	347	.	46787455	0.347	0.951	104	124436	46725409	46726391	46848576	46849570	50506702	46600000	46850000	104	3124	982	122185	wide
SUPER_16	32531075	32533867	IR	347	.	32532514	0.347	0.812	24	2876	32531075	32531817	32533211	32533867	50506702	32350000	32600000	24	3041	656	1394	immediate
SUPER_16	39431130	39543182	IR	346	.	39486678	0.346	0.987	224	112026	39431130	39432595	39541724	39543182	50506702	39300000	39550000	0	3119	1458	109129	wide
SUPER_16	5790202	5965873	IR	346	.	5877962	0.346	0.944	134	175835	5790202	5791144	5964931	5965875	50506702	5750000	6000000	134	2133	942	173787	wide
SUPER_16	6892172	7059486	IR	346	.	6975561	0.346	0.206	31	167286	6892172	6892256	7059452	7059486	50506702	6850000	7100000	0	2097	34	167196	wide
SUPER_16	47692861	47708264	IR	346	.	47700943	0.346	0.872	23	15380	47692861	47693640	47707485	47708271	50506702	47500000	47750000	0	3342	779	13845	spaced
SUPER_16	48403076	48442170	IR	345	.	48422451	0.345	0.854	58	40557	48403076	48406941	48438305	48442170	50506702	48250000	48500000	58	2876	3865	31364	spaced
SUPER_16	38756797	38892669	IR	344	.	38824627	0.344	0.934	283	136937	38756797	38759471	38890049	38892669	50506702	38750000	39000000	283	1245	2620	130578	wide
SUPER_16	26677569	26883132	IR	344	.	26780227	0.344	0.933	124	205786	26677569	26678372	26882373	26883132	50506702	26650000	26900000	151	2172	759	204001	wide
SUPER_16	9054369	9235256	IR	344	.	9145199	0.344	0.886	49	180843	9054369	9054457	9235178	9235256	50506702	9050000	9300000	0	1580	78	180721	wide
SUPER_16	22071940	22190977	IR	344	.	22131755	0.344	0.826	43	118657	22071940	22075072	22187857	22190977	50506702	21950000	22200000	0	3024	3120	112785	wide
SUPER_16	3026813	3171782	IR	344	.	3099227	0.344	0.858	41	164980	3026813	3028104	3170491	3171823	50506702	2950000	3200000	41	2488	1291	142387	wide
SUPER_16	29626847	29646108	IR	344	.	29636705	0.344	0.958	23	19219	29626847	29626893	29646062	29646110	50506702	29400000	29650000	183	3941	46	19169	spaced
SUPER_16	46518581	46531880	IR	344	.	46524756	0.344	0.835	21	13074	46518581	46519500	46530990	46531880	50506702	46400000	46650000	0	2087	890	11490	spaced
SUPER_16	39969681	40028644	IR	343	.	39998690	0.343	0.954	152	58960	39969681	39971317	40027008	40028658	50506702	39800000	40050000	0	3319	1636	55691	spaced
SUPER_16	31450341	31618961	IR	343	.	31535047	0.343	0.917	120	168629	31450341	31452957	31616345	31618991	50506702	31400000	31650000	0	2244	2616	163388	wide
SUPER_16	7269366	7403140	IR	343	.	7336580	0.343	0.883	78	133748	7269366	7270964	7401542	7403162	50506702	7200000	7450000	0	2270	1598	130578	wide
SUPER_16	349668	434673	IR	343	.	392441	0.343	0.916	24	84926	349668	350174	434171	434673	50506702	200000	450000	0	3202	502	83997	spaced
SUPER_16	49772939	49901446	IR	342	.	49837501	0.342	0.000	42	128473	49772939	49772973	49901412	49901516	50506702	49750000	50000000	0	1453	34	128439	wide
SUPER_16	22637197	22757829	IR	342	.	22697258	0.342	0.770	36	120702	22637197	22637769	22757257	22757922	50506702	22600000	22850000	0	1625	572	119488	wide
SUPER_16	29751505	29841367	IR	342	.	29796716	0.342	0.636	21	89822	29751505	29751571	29841325	29841367	50506702	29650000	29900000	0	2440	42	89754	spaced
SUPER_16	33982476	33998817	IR	342	.	33991083	0.342	0.818	20	16352	33982476	33985935	33995358	33998885	50506702	33800000	34050000	0	3177	3459	9423	spaced
SUPER_16	29434175	29524924	IR	341	.	29479666	0.341	0.956	181	91349	29434175	29436041	29523066	29524924	50506702	29300000	29550000	193	2992	1858	87025	spaced
SUPER_16	19482296	19487539	IR	341	.	19484702	0.341	0.882	52	5373	19482296	19483543	19486292	19487548	50506702	19400000	19650000	52	1415	1247	2749	spaced
SUPER_16	34992761	35035675	IR	341	.	35014032	0.341	0.808	24	42874	34992761	34992813	35035633	35035675	50506702	34800000	35050000	195	3570	42	42820	spaced
SUPER_16	49204650	49350174	IR	341	.	49277869	0.341	0.923	22	145511	49204650	49204954	49349870	49350183	50506702	49200000	49450000	0	1290	304	144916	wide
SUPER_16	1429509	1434035	IR	340	.	1431862	0.340	0.980	111	184679	1429509	1430212	1433332	1434036	50506702	1300000	1550000	111	2196	703	3120	spaced
SUPER_16	49451512	49578308	IR	340	.	49514783	0.340	0.445	109	128982	49451512	49483280	49546540	49578321	50506702	49350000	49600000	109	2748	31768	63260	spaced
SUPER_16	14160672	14222668	IR	340	.	14192148	0.340	0.556	47	61942	14160672	14160726	14222614	14222712	50506702	14000000	14250000	0	3194	54	61888	spaced
SUPER_16	47752595	47810657	IR	340	.	47781552	0.340	0.945	44	58076	47752595	47753102	47810150	47810662	50506702	47650000	47900000	44	2193	507	57048	spaced
SUPER_16	812176	941904	IR	340	.	877407	0.340	0.898	42	129709	812176	813454	940643	941904	50506702	700000	950000	0	2950	1261	127189	wide
SUPER_16	5313190	5386582	IR	340	.	5350348	0.340	0.938	29	73332	5313190	5313254	5386522	5386582	50506702	5150000	5400000	0	3331	60	73268	spaced
SUPER_16	16518253	16645220	IR	340	.	16581226	0.340	0.391	27	70568	16518253	16574681	16588792	16645222	50506702	16400000	16650000	0	3028	56428	14111	spaced
SUPER_16	16744509	16889401	IR	340	.	16816603	0.340	0.912	27	144878	16744509	16745240	16888670	16889407	50506702	16650000	16900000	0	2782	731	143430	wide
SUPER_16	29883094	29902723	IR	340	.	29893017	0.340	0.836	25	19614	29883094	29883868	29902017	29902723	50506702	29800000	30050000	27	1548	706	18149	spaced
SUPER_16	11082086	11132436	IR	340	.	11107024	0.340	1.000	21	50304	11082086	11082132	11132390	11132436	50506702	10900000	11150000	252	3454	46	50258	spaced
SUPER_16	8338756	8385589	IR	339	.	8362599	0.339	0.000	30	46789	8338756	8338904	8385541	8385589	50506702	8150000	8400000	0	3536	48	46637	spaced
SUPER_16	44059619	44111631	IR	339	.	44085506	0.339	0.923	30	51964	44059619	44059667	44111583	44111635	50506702	44050000	44300000	405	593	48	51916	spaced
SUPER_16	48261208	48302422	IR	339	.	48282280	0.339	0.829	29	41243	48261208	48263686	48299944	48302474	50506702	48100000	48350000	0	3030	2478	36258	spaced
SUPER_16	2626428	2632313	IR	339	.	2629852	0.339	0.827	24	5777	2626428	2626541	2632200	2632327	50506702	2450000	2700000	0	2989	113	5659	spaced
SUPER_16	19726627	19817558	IR	339	.	19772571	0.339	0.927	21	90914	19726627	19727094	19817094	19817558	50506702	19700000	19950000	0	1201	464	90000	spaced
SUPER_16	33889326	33949268	IR	338	.	33919175	0.338	0.815	29	59902	33889326	33889380	33949224	33949268	50506702	33700000	33950000	295	3654	44	59844	spaced
SUPER_16	36210184	36305878	IR	338	.	36258209	0.338	1.000	28	95640	36210184	36210236	36305826	36305878	50506702	36100000	36350000	390	2633	52	95590	spaced
SUPER_16	13464637	13611934	IR	337	.	13537976	0.337	0.892	73	147280	13464637	13466300	13610280	13611934	50506702	13450000	13700000	0	1471	1654	143980	wide
SUPER_16	40346788	40384988	IR	337	.	40365899	0.337	0.888	69	38333	40346788	40347839	40383937	40385033	50506702	40250000	40500000	83	1931	1051	36098	spaced
SUPER_16	32561643	32696243	IR	337	.	32629133	0.337	0.881	49	134754	32561643	32562198	32695688	32696283	50506702	32450000	32700000	52	2982	555	133490	wide
SUPER_16	10185258	10218804	IR	337	.	10202195	0.337	0.874	37	34546	10185258	10185945	10218119	10218804	50506702	10100000	10350000	38	1700	685	32174	spaced
SUPER_16	35848686	35931267	IR	337	.	35890015	0.337	0.856	34	82844	35848686	35850346	35929607	35931296	50506702	35700000	35950000	34	3166	1660	79261	spaced
SUPER_16	4196119	4216239	IR	337	.	4205780	0.337	1.000	21	20066	4196119	4196173	4216185	4216239	50506702	4000000	4250000	0	3436	54	20012	spaced
SUPER_16	31255281	31299936	IR	336	.	31277464	0.336	0.875	87	44961	31255281	31256548	31298723	31299936	50506702	31100000	31350000	90	2960	1213	42175	spaced
SUPER_16	34320449	34395038	IR	336	.	34357532	0.336	0.846	22	74541	34320449	34320493	34394994	34395046	50506702	34150000	34400000	218	3462	44	74501	spaced
SUPER_16	9243716	9251566	IR	335	.	9248022	0.335	0.931	187	7833	9243716	9246447	9248859	9251566	50506702	9100000	9350000	0	2460	2707	2412	spaced
SUPER_16	33308943	33453060	IR	335	.	33381286	0.335	0.793	20	144073	33308943	33309001	33453014	33453060	50506702	33250000	33500000	0	2183	46	144013	wide
SUPER_16	6071908	6081937	IR	334	.	6077133	0.334	0.973	193	10372	6071908	6073493	6080352	6081938	50506702	5950000	6200000	194	2115	1585	6859	spaced
SUPER_16	17090812	17179892	IR	334	.	17134950	0.334	0.459	76	89057	17090812	17101523	17169227	17179892	50506702	16950000	17200000	0	3089	10665	67704	spaced
SUPER_16	7594293	7596449	IR	334	.	7595830	0.334	0.409	29	2175	7594293	7595379	7595363	7596528	50506702	7400000	7650000	0	3256	1086	-16	overlap
SUPER_16	29048558	29210523	IR	334	.	29129472	0.334	0.960	26	161919	29048558	29048608	29210475	29210523	50506702	29000000	29250000	258	2158	48	161867	wide
SUPER_16	36573182	36621101	IR	334	.	36597000	0.334	0.958	23	47875	36573182	36573230	36621055	36621101	50506702	36400000	36650000	253	3285	46	47825	spaced
SUPER_16	40834077	41013324	IR	334	.	40923489	0.334	0.792	22	179205	40834077	40834115	41013286	41013334	50506702	40800000	41050000	146	2061	38	179171	wide
SUPER_16	39255690	39269616	IR	334	.	39262378	0.334	0.768	20	13843	39255690	39256978	39268328	39269655	50506702	39150000	39400000	0	1877	1288	11350	spaced
SUPER_16	41455906	41468229	IR	334	.	41462430	0.334	0.733	20	12279	41455906	41455950	41468185	41468245	50506702	41250000	41500000	0	3534	44	12235	spaced
SUPER_16	1705004	1769637	IR	333	.	1737647	0.333	0.756	157	64500	1705004	1708937	1765727	1769637	50506702	1600000	1850000	0	2288	3910	56790	spaced
SUPER_16	16914103	16961612	IR	333	.	16938151	0.333	0.988	65	47481	16914103	16914516	16961199	16961612	50506702	16800000	17050000	0	2297	413	46683	spaced
SUPER_16	24487511	24553049	IR	333	.	24520619	0.333	0.781	26	65488	24487511	24487561	24552999	24553063	50506702	24350000	24600000	0	2837	50	65438	spaced
SUPER_16	8454365	8514750	IR	333	.	8484582	0.333	0.840	20	60347	8454365	8454415	8514708	8514750	50506702	8350000	8600000	164	2242	42	60293	spaced
SUPER_16	20405139	20488763	IR	332	.	20446670	0.332	0.823	193	83334	20405139	20415077	20478825	20488763	50506702	20250000	20500000	0	3282	9938	63748	spaced
SUPER_16	1873948	2099979	IR	332	.	1987358	0.332	0.930	143	226002	1873948	1875504	2098451	2099979	50506702	1850000	2100000	0	2282	1528	222947	wide
SUPER_16	28993860	29015513	IR	332	.	29004617	0.332	0.944	104	22714	28993860	28994783	29014590	29015537	50506702	28800000	29050000	104	3411	923	19807	spaced
SUPER_16	30894457	30904528	IR	332	.	30899746	0.332	0.927	83	10054	30894457	30895579	30903417	30904528	50506702	30700000	30950000	0	3324	1111	7838	spaced
SUPER_16	26122170	26127430	IR	332	.	26125054	0.332	0.983	56	5238	26122170	26122633	26126968	26127430	50506702	25950000	26200000	0	2913	462	4335	spaced
SUPER_16	48879802	48913127	IR	332	.	48896482	0.332	0.727	40	33285	48879802	48879868	48913079	48913127	50506702	48700000	48950000	550	3274	48	33211	spaced
SUPER_16	9327457	9371742	IR	332	.	9349934	0.332	0.914	33	44266	9327457	9327527	9371678	9371742	50506702	9250000	9500000	0	1659	64	44151	spaced
SUPER_16	37001117	37168904	IR	332	.	37084789	0.332	0.798	31	167798	37001117	37002306	37167735	37168904	50506702	36950000	37200000	19	2250	1169	165429	wide
SUPER_16	44014327	44043681	IR	332	.	44029474	0.332	0.926	21	29304	44014327	44014377	44043631	44043685	50506702	43800000	44050000	0	3816	50	29254	spaced
SUPER_16	7684271	7789539	IR	331	.	7736927	0.331	0.941	150	105802	7684271	7685913	7787916	7789539	50506702	7600000	7850000	150	2281	1623	102003	wide
SUPER_16	36318208	36339263	IR	331	.	36328492	0.331	1.000	38	23613	36318208	36318225	36339246	36339263	50506702	36100000	36350000	1	3812	17	21021	spaced
SUPER_16	18640262	18819446	IR	331	.	18730037	0.331	0.857	28	179795	18640262	18640897	18818811	18819462	50506702	18600000	18850000	28	2164	635	177914	wide
SUPER_16	36762701	36762761	IR	331	.	36762743	0.331	0.951	20	123480	36762701	36762742	36762722	36762761	50506702	36650000	36900000	189	1878	39	-20	overlap
SUPER_16	31371094	31392399	IR	330	.	31381319	0.330	0.972	303	21282	31371094	31373775	31389726	31392399	50506702	31150000	31400000	0	3862	2673	15951	spaced
SUPER_16	30615297	30677823	IR	330	.	30647008	0.330	0.912	212	62509	30615297	30617912	30675208	30677828	50506702	30550000	30800000	0	1609	2615	57296	spaced
SUPER_16	7174152	7238638	IR	330	.	7206644	0.330	0.967	105	64464	7174152	7174921	7237882	7238638	50506702	7000000	7250000	0	3439	756	62961	spaced
SUPER_16	9977753	10072721	IR	330	.	10025674	0.330	0.796	64	94938	9977753	9979756	10070721	10072721	50506702	9900000	10150000	0	2087	2000	90965	spaced
SUPER_16	21310835	21368051	IR	330	.	21339891	0.330	0.409	37	57172	21310835	21310927	21368007	21368051	50506702	21300000	21550000	0	657	44	57080	spaced
SUPER_16	4699472	4699532	IR	330	.	4699351	0.330	0.951	20	28181	4699472	4699511	4699493	4699534	50506702	4500000	4750000	191	3324	39	-18	overlap
SUPER_16	4699474	4699542	IR	330	.	4699351	0.330	0.979	20	28181	4699474	4699521	4699496	4699542	50506702	4550000	4800000	381	2491	46	-25	overlap
SUPER_16	4699474	4699542	IR	330	.	4699351	0.330	0.979	20	28181	4699474	4699521	4699496	4699542	50506702	4600000	4850000	381	1658	46	-25	overlap
SUPER_16	4699472	4699532	IR	330	.	4699351	0.330	0.951	20	28181	4699472	4699511	4699493	4699534	50506702	4650000	4900000	191	824	39	-18	overlap
SUPER_16	14930251	14964789	IR	329	.	14947375	0.329	0.870	36	34842	14930251	14931988	14963052	14964832	50506702	14800000	15050000	36	2458	1737	31064	spaced
SUPER_16	17532644	17587198	IR	329	.	17560213	0.329	0.548	26	54512	17532644	17532686	17587156	17587232	50506702	17350000	17600000	0	3498	42	54470	spaced
SUPER_16	42325667	42353956	IR	329	.	42340291	0.329	0.839	25	28237	42325667	42325729	42353904	42353956	50506702	42150000	42400000	0	3163	52	28175	spaced
SUPER_16	49913083	50019188	IR	329	.	49965686	0.329	0.868	24	106096	49913083	49913886	50018385	50019197	50506702	49800000	50050000	0	2768	803	104499	wide
SUPER_16	46985162	46999483	IR	329	.	46992008	0.329	0.575	22	14281	46985162	46985232	46999443	46999483	50506702	46750000	47000000	0	4038	40	14211	spaced
SUPER_16	2385436	2597500	IR	329	.	2491861	0.329	0.406	20	212032	2385436	2385468	2597468	2597534	50506702	2350000	2600000	0	2357	32	212000	wide
SUPER_16	3672087	3748177	IR	329	.	3710152	0.329	0.951	20	76086	3672087	3672272	3747992	3748177	50506702	3600000	3850000	21	1835	185	75720	spaced
SUPER_16	8699010	8768204	IR	329	.	8733896	0.329	0.800	20	69146	8699010	8699070	8768156	8768204	50506702	8600000	8850000	0	2226	48	69086	spaced
SUPER_16	19121272	19215155	IR	329	.	19168364	0.329	0.767	20	93874	19121272	19122304	19214151	19215155	50506702	19050000	19300000	20	1970	1004	91847	spaced
SUPER_16	14011019	14040363	IR	328	.	14025214	0.328	0.919	223	29323	14011019	14014769	14036629	14040363	50506702	13800000	14050000	0	3761	3734	21860	spaced
SUPER_16	8938036	9032737	IR	328	.	8985090	0.328	0.873	66	94253	8938036	8939417	9031356	9032777	50506702	8800000	9050000	0	3089	1381	91939	spaced
SUPER_16	2726374	2741702	IR	328	.	2733614	0.328	0.883	55	15288	2726374	2727783	2740316	2741702	50506702	2650000	2900000	0	1400	1386	12533	spaced
SUPER_16	15537609	15581634	IR	328	.	15560047	0.328	0.883	46	43997	15537609	15538837	15580452	15581634	50506702	15400000	15650000	0	2660	1182	41615	spaced
SUPER_16	26481212	26554858	IR	328	.	26517888	0.328	0.964	39	73594	26481212	26481268	26554804	26554858	50506702	26450000	26700000	626	1133	54	73536	spaced
SUPER_16	3896689	3978124	IR	328	.	3937264	0.328	0.741	22	81401	3896689	3896743	3978084	3978124	50506702	3850000	4100000	140	1456	40	81341	spaced
SUPER_16	41013321	41205099	IR	327	.	41109149	0.327	0.392	67	191782	41013321	41106858	41111575	41205099	50506702	41000000	41250000	71	1820	93524	4717	spaced
SUPER_16	23491829	23571660	IR	327	.	23532004	0.327	0.861	64	79813	23491829	23495723	23567766	23571675	50506702	23450000	23700000	0	1362	3894	72043	spaced
SUPER_16	10798718	10877392	IR	327	.	10838408	0.327	0.804	54	78631	10798718	10800459	10875651	10877416	50506702	10750000	11000000	0	1467	1741	75192	spaced
SUPER_16	1070937	1078306	IR	327	.	1074719	0.327	0.836	46	7431	1070937	1071266	1078004	1078306	50506702	900000	1150000	55	2910	302	6738	spaced
SUPER_16	33784736	33889364	IR	327	.	33836967	0.327	0.704	26	104584	33784736	33784774	33889326	33889380	50506702	33650000	33900000	156	3117	38	104552	wide
SUPER_16	24945723	25006238	IR	327	.	24976242	0.327	0.802	24	60472	24945723	24946478	25005483	25006290	50506702	24850000	25100000	0	2099	755	59005	spaced
SUPER_16	16358365	16378039	IR	326	.	16368137	0.326	0.893	166	21923	16358365	16361414	16375034	16378039	50506702	16150000	16400000	166	3636	3005	13620	spaced
SUPER_16	30909236	31149972	IR	326	.	31029950	0.326	0.406	156	240649	30909236	31020589	31038624	31149972	50506702	30900000	31150000	0	2159	111348	18035	spaced
SUPER_16	13360427	13445186	IR	326	.	13402798	0.326	0.700	29	84723	13360427	13360487	13445144	13445186	50506702	13250000	13500000	300	2546	42	84657	spaced
SUPER_16	23234532	23249190	IR	326	.	23241978	0.326	0.895	29	14733	23234532	23234918	23248804	23249211	50506702	23100000	23350000	31	2364	386	13886	spaced
SUPER_16	6506838	6529999	IR	326	.	6518438	0.326	0.808	20	23115	6506838	6506880	6529957	6530009	50506702	6500000	6750000	140	306	42	23077	spaced
SUPER_16	26598296	26660444	IR	325	.	26629707	0.325	0.924	278	62122	26598296	26602107	26656635	26660444	50506702	26550000	26800000	0	1322	3809	54528	spaced
SUPER_16	26238807	26308427	IR	325	.	26273523	0.325	0.939	191	70941	26238807	26241048	26306204	26308427	50506702	26150000	26400000	191	2060	2223	65156	spaced
SUPER_16	8796039	8828673	IR	325	.	8812249	0.325	0.770	48	33834	8796039	8797547	8827165	8828768	50506702	8600000	8850000	48	3539	1508	29618	spaced
SUPER_16	21088716	21215058	IR	325	.	21151451	0.325	0.895	34	126293	21088716	21089705	21214069	21215067	50506702	21000000	21250000	0	2531	989	124364	wide
SUPER_16	14431878	14492343	IR	325	.	14462411	0.325	0.856	28	60428	14431878	14432322	14491899	14492385	50506702	14250000	14500000	0	3535	444	59577	spaced
SUPER_16	45953779	46008443	IR	325	.	45981546	0.325	0.967	28	54606	45953779	45953839	46008385	46008443	50506702	45900000	46150000	0	1351	58	54546	spaced
SUPER_16	8686503	8690652	IR	324	.	8688423	0.324	0.963	151	4971	8686503	8687669	8689486	8690667	50506702	8550000	8800000	157	2309	1166	1817	immediate
SUPER_16	1211708	1216693	IR	324	.	1214040	0.324	0.950	45	5166	1211708	1212127	1216278	1216693	50506702	1000000	1250000	45	3569	415	4151	spaced
SUPER_16	43968265	43996783	IR	324	.	43982954	0.324	0.300	34	28478	43968265	43968305	43996743	43996835	50506702	43750000	44000000	0	3875	40	28438	spaced
SUPER_16	6829926	6892192	IR	324	.	6860687	0.324	0.088	31	62232	6829926	6829960	6892158	6892250	50506702	6800000	7050000	0	1017	34	62198	spaced
SUPER_16	25808484	25933028	IR	324	.	25871125	0.324	0.849	30	124423	25808484	25809357	25932155	25933029	50506702	25750000	26000000	0	2012	873	122798	wide
SUPER_16	7060305	7065460	IR	324	.	7063018	0.324	0.707	28	5496	7060305	7060722	7065043	7065536	50506702	6950000	7200000	28	1881	417	4321	spaced
SUPER_16	17222832	17411344	IR	324	.	17316611	0.324	0.815	24	188359	17222832	17223852	17410349	17411344	50506702	17200000	17450000	0	1951	995	186497	wide
SUPER_16	14367320	14408764	IR	324	.	14387647	0.324	0.525	23	41404	14367320	14367360	14408724	14408798	50506702	14250000	14500000	0	2300	40	41364	spaced
SUPER_16	36621053	36762753	IR	324	.	36691623	0.324	0.867	22	141648	36621053	36621105	36762701	36762761	50506702	36600000	36850000	0	1531	52	141596	wide
SUPER_16	41947469	41950188	IR	323	.	41948828	0.323	0.964	105	2971	41947469	41948293	41949364	41950189	50506702	41800000	42050000	105	2480	824	1071	immediate
SUPER_16	35164911	35393726	IR	323	.	35279696	0.323	0.853	51	228279	35164911	35167022	35391671	35393726	50506702	35150000	35400000	0	2155	2055	224649	wide
SUPER_16	12536411	12558417	IR	323	.	12547388	0.323	0.677	27	21970	12536411	12536473	12558375	12558417	50506702	12450000	12700000	193	1623	42	21902	spaced
SUPER_16	10906192	10974918	IR	323	.	10940665	0.323	0.836	26	69197	10906192	10907181	10973929	10974924	50506702	10800000	11050000	26	2342	989	66748	spaced
SUPER_16	38639895	38693658	IR	323	.	38667255	0.323	0.519	21	53720	38639895	38642493	38691100	38693658	50506702	38500000	38750000	0	2779	2558	48607	spaced
SUPER_16	10588434	10594057	IR	323	.	10590911	0.323	0.786	20	5579	10588434	10588478	10594013	10594069	50506702	10350000	10600000	0	4020	44	5535	spaced
SUPER_16	35552059	35576980	IR	322	.	35564691	0.322	0.949	378	25516	35552059	35554940	35574166	35576980	50506702	35350000	35600000	379	3575	2814	19226	spaced
SUPER_16	30405058	30434243	IR	322	.	30419876	0.322	0.937	75	29534	30405058	30405923	30433378	30434248	50506702	30200000	30450000	62	3660	865	27455	spaced
SUPER_16	12302856	12340885	IR	322	.	12322194	0.322	0.822	62	38041	12302856	12303545	12340196	12340976	50506702	12200000	12450000	0	2031	689	36651	spaced
SUPER_16	39166611	39246798	IR	322	.	39206352	0.322	0.745	52	80217	39166611	39168824	39244585	39246851	50506702	39100000	39350000	0	1778	2213	75761	spaced
SUPER_16	3232800	3338531	IR	322	.	3285570	0.322	0.945	50	105898	3232800	3233637	3337694	3338533	50506702	3150000	3400000	50	2260	837	104057	wide
SUPER_16	3596027	3668517	IR	322	.	3631930	0.322	0.903	44	72413	3596027	3596885	3667659	3668553	50506702	3550000	3800000	0	1371	858	70774	spaced
SUPER_16	38302777	38316969	IR	322	.	38310035	0.322	0.847	32	14224	38302777	38303663	38316113	38316969	50506702	38200000	38450000	32	1831	856	12450	spaced
SUPER_16	45302286	45338457	IR	322	.	45320847	0.322	0.816	30	36067	45302286	45303736	45337007	45338482	50506702	45300000	45550000	0	339	1450	33271	spaced
SUPER_16	29210475	29423460	IR	322	.	29316725	0.322	1.000	29	212935	29210475	29210523	29423412	29423460	50506702	29200000	29450000	273	1949	48	212889	wide
SUPER_16	7596468	7615163	IR	322	.	7605492	0.322	0.833	26	18647	7596468	7596528	7615113	7615163	50506702	7400000	7650000	0	3430	50	18585	spaced
SUPER_16	31329364	31352128	IR	322	.	31340295	0.322	0.389	26	22728	31329364	31329440	31352092	31352128	50506702	31200000	31450000	0	2345	36	22652	spaced
SUPER_16	42011051	42112246	IR	321	.	42062024	0.321	0.899	341	101175	42011051	42018526	42104829	42112246	50506702	41900000	42150000	0	2694	7417	86303	spaced
SUPER_16	1343622	1410878	IR	321	.	1377457	0.321	0.910	65	68149	1343622	1345025	1409475	1410878	50506702	1250000	1500000	55	2120	1403	64450	spaced
SUPER_16	32107966	32192165	IR	321	.	32150328	0.321	0.923	51	84170	32107966	32109106	32191025	32192167	50506702	32050000	32300000	0	1667	1140	81919	spaced
SUPER_16	9281671	9327509	IR	321	.	9304517	0.321	0.786	24	45790	9281671	9281715	9327465	9327521	50506702	9100000	9350000	245	3409	44	45750	spaced
SUPER_16	18346294	18365995	IR	321	.	18355930	0.321	0.958	21	19653	18346294	18346340	18365949	18365997	50506702	18150000	18400000	205	3435	46	19609	spaced
SUPER_16	41265722	41356966	IR	320	.	41311061	0.320	0.691	487	91220	41265722	41276727	41345986	41356966	50506702	41250000	41500000	0	1022	10980	69259	spaced
SUPER_16	1322081	1341428	IR	320	.	1332095	0.320	0.821	43	18713	1322081	1324500	1339056	1341428	50506702	1250000	1500000	0	1362	2372	14556	spaced
SUPER_16	21301415	21310879	IR	320	.	21306539	0.320	0.409	34	9420	21301415	21301459	21310835	21310927	50506702	21300000	21550000	0	102	44	9376	spaced
SUPER_16	11899817	12044336	IR	320	.	11971737	0.320	0.909	29	144502	11899817	11899883	12044276	12044336	50506702	11800000	12050000	0	2867	60	144393	wide
SUPER_16	45842700	45862156	IR	320	.	45852598	0.320	0.708	26	19693	45842700	45843782	45861074	45862223	50506702	45750000	46000000	26	1706	1082	17292	spaced
SUPER_16	49056080	49120438	IR	320	.	49088458	0.320	0.690	25	64324	49056080	49056138	49120398	49120438	50506702	48900000	49150000	215	3137	40	64260	spaced
SUPER_16	49675802	49747168	IR	320	.	49711435	0.320	0.792	22	98854	49675802	49676505	49746465	49747208	50506702	49650000	49900000	25	1024	703	69960	spaced
SUPER_16	3458058	3496114	IR	319	.	3476868	0.319	0.967	135	38700	3458058	3459204	3494968	3496114	50506702	3350000	3600000	135	2117	1146	35764	spaced
SUPER_16	46955027	46959094	IR	319	.	46956786	0.319	0.876	42	4090	46955027	46956103	46958018	46959134	50506702	46950000	47200000	0	117	1076	1915	immediate
SUPER_16	29646070	29751569	IR	319	.	29699048	0.319	1.000	29	105453	29646070	29646112	29751527	29751569	50506702	29600000	29850000	64	1646	42	105415	wide
SUPER_16	3827799	3875936	IR	318	.	3851513	0.318	0.949	37	48116	3827799	3828329	3875406	3875936	50506702	3650000	3900000	0	3364	530	47077	spaced
SUPER_16	23586722	23649217	IR	318	.	23617980	0.318	0.747	35	63378	23586722	23586958	23648986	23649217	50506702	23450000	23700000	89	2799	231	62028	spaced
SUPER_16	23897927	23948156	IR	318	.	23923439	0.318	0.750	29	50175	23897927	23897999	23948102	23948156	50506702	23700000	23950000	0	3717	54	50103	spaced
SUPER_16	40269541	40306810	IR	318	.	40288584	0.318	0.826	27	37247	40269541	40270442	40305975	40306810	50506702	40100000	40350000	0	3136	835	35533	spaced
SUPER_16	43094203	43152538	IR	318	.	43123821	0.318	0.511	26	58314	43094203	43096981	43149760	43152538	50506702	42950000	43200000	0	2889	2778	52779	spaced
SUPER_16	20961163	21027830	IR	318	.	20994081	0.318	0.819	22	66593	20961163	20962401	21026592	21027833	50506702	20800000	21050000	0	3241	1238	64191	spaced
SUPER_16	15128132	15264745	IR	318	.	15196145	0.318	0.645	20	136573	15128132	15128172	15264705	15264767	50506702	15050000	15300000	0	2440	40	136533	wide
SUPER_16	40453670	40563205	IR	317	.	40508806	0.317	0.886	191	109512	40453670	40457879	40559046	40563205	50506702	40350000	40600000	0	2640	4159	101167	wide
SUPER_16	47407296	47549199	IR	317	.	47478268	0.317	0.955	164	142183	47407296	47408694	47547801	47549206	50506702	47350000	47600000	171	2137	1398	139107	wide
SUPER_16	5174829	5212371	IR	317	.	5193618	0.317	0.907	99	38460	5174829	5176877	5210336	5212371	50506702	5000000	5250000	99	3226	2035	33459	spaced
SUPER_16	17998746	18060470	IR	317	.	18029343	0.317	0.969	91	61701	17998746	17999477	18059739	18060470	50506702	17850000	18100000	0	2993	731	60262	spaced
SUPER_16	50207993	50219157	IR	317	.	50213638	0.317	0.844	55	11813	50207993	50208807	50218343	50219251	50506702	50050000	50300000	58	2726	814	9536	spaced
SUPER_16	46590560	46692863	IR	317	.	46641353	0.317	0.474	23	102265	46590560	46590598	46692825	46692899	50506702	46450000	46700000	0	3195	38	102227	wide
SUPER_16	31150752	31208781	IR	316	.	31179402	0.316	0.951	200	58025	31150752	31153176	31206357	31208806	50506702	31100000	31350000	0	1329	2424	53181	spaced
SUPER_16	35627760	35632105	IR	316	.	35630149	0.316	1.000	58	4923	35627760	35627791	35632074	35632105	50506702	35600000	35850000	2	498	31	4283	spaced
SUPER_16	25665898	25714825	IR	316	.	25690579	0.316	0.816	48	50151	25665898	25668581	25712142	25714967	50506702	25500000	25750000	46	3172	2683	43561	spaced
SUPER_16	43996761	44014377	IR	316	.	44005217	0.316	0.676	32	17584	43996761	43996835	44014327	44014377	50506702	43800000	44050000	0	3426	50	17492	spaced
SUPER_16	19344041	19347661	IR	316	.	19345852	0.316	0.840	26	3578	19344041	19344091	19347619	19347661	50506702	19100000	19350000	308	4097	42	3528	spaced
SUPER_16	15899744	16059310	IR	316	.	15979647	0.316	0.880	23	159522	15899744	15899794	16059266	16059310	50506702	15850000	16100000	260	2158	44	159472	wide
SUPER_16	5773972	5790316	IR	315	.	5782037	0.315	0.905	144	18075	5773972	5776677	5787643	5790316	50506702	5600000	5850000	144	3035	2673	10966	spaced
SUPER_16	12911992	12988591	IR	315	.	12950433	0.315	0.875	93	77140	12911992	12915873	12984768	12988591	50506702	12750000	13000000	93	3338	3823	68895	spaced
SUPER_16	8558720	8673956	IR	315	.	8616523	0.315	0.908	74	115442	8558720	8559729	8672947	8673983	50506702	8550000	8800000	78	1105	1009	113218	wide
SUPER_16	35705125	35761904	IR	315	.	35733128	0.315	0.912	69	56784	35705125	35706128	35760901	35761927	50506702	35600000	35850000	0	2225	1003	54773	spaced
SUPER_16	14555886	14559532	IR	315	.	14557570	0.315	0.985	50	3713	14555886	14556146	14559272	14559532	50506702	14400000	14650000	50	2628	260	3126	spaced
SUPER_16	32983649	33013132	IR	315	.	32998389	0.315	0.812	41	29435	32983649	32983713	33013080	33013132	50506702	32900000	33150000	697	1639	52	29367	spaced
SUPER_16	32741290	32828958	IR	315	.	32784815	0.315	0.385	21	87660	32741290	32784016	32786232	32828992	50506702	32600000	32850000	0	3085	42726	2216	spaced
SUPER_16	7578339	7594337	IR	315	.	7586501	0.315	0.808	20	15958	7578339	7578391	7594295	7594337	50506702	7350000	7600000	160	3938	42	15904	spaced
SUPER_16	8516027	8521879	IR	314	.	8518761	0.314	0.931	126	6188	8516027	8516741	8521165	8521903	50506702	8400000	8650000	126	1982	714	4424	spaced
SUPER_16	39784572	39788501	IR	314	.	39786449	0.314	0.956	43	3981	39784572	39784980	39788093	39788501	50506702	39650000	39900000	43	2275	408	3113	spaced
SUPER_16	17772518	17858320	IR	313	.	17815641	0.313	0.938	179	87101	17772518	17775359	17855479	17858323	50506702	17650000	17900000	179	2756	2841	80120	spaced
SUPER_16	5117017	5174455	IR	313	.	5145626	0.313	0.851	66	57737	5117017	5117967	5173565	5174455	50506702	5100000	5350000	78	762	890	55598	spaced
SUPER_16	39866979	39940966	IR	313	.	39903524	0.313	0.776	59	73957	39866979	39870095	39937850	39940986	50506702	39750000	40000000	0	2566	3116	67755	spaced
SUPER_16	16983089	17081744	IR	313	.	17032113	0.313	0.740	37	98643	16983089	16986824	17078009	17081753	50506702	16850000	17100000	0	3040	3735	91185	spaced
SUPER_16	26922342	26946416	IR	313	.	26934249	0.313	0.920	22	24028	26922342	26922392	26946370	26946416	50506702	26700000	26950000	272	3906	46	23978	spaced
SUPER_16	32956170	32974029	IR	312	.	32964908	0.312	0.839	59	18125	32956170	32957121	32973156	32974029	50506702	32850000	33100000	59	1918	873	16035	spaced
SUPER_16	45741066	45805066	IR	312	.	45772979	0.312	0.845	50	64745	45741066	45742699	45803445	45805066	50506702	45600000	45850000	50	2884	1621	60746	spaced
SUPER_16	20910394	20915724	IR	312	.	20913547	0.312	0.847	31	5306	20910394	20910702	20915462	20915724	50506702	20800000	21050000	0	1884	262	4760	spaced
SUPER_16	38931749	38997559	IR	311	.	38964826	0.311	0.909	167	168454	38931749	38935776	38993532	38997576	50506702	38850000	39100000	167	1910	4027	57756	spaced
SUPER_16	27183438	27192014	IR	311	.	27187518	0.311	0.952	78	9191	27183438	27184336	27191117	27192014	50506702	26950000	27200000	78	3961	897	6781	spaced
SUPER_16	34009244	34119660	IR	311	.	34064608	0.311	0.806	37	110370	34009244	34009306	34119610	34119660	50506702	33900000	34150000	588	2740	50	110304	wide
SUPER_16	41839370	41845324	IR	311	.	41842102	0.311	0.994	32	5958	41839370	41839529	41845165	41845324	50506702	41600000	41850000	32	4038	159	5636	spaced
SUPER_16	48913077	48989580	IR	311	.	48951691	0.311	0.743	28	76469	48913077	48913129	48989528	48989598	50506702	48800000	49050000	0	2522	52	76399	spaced
SUPER_16	4054498	4104401	IR	310	.	4079320	0.310	0.878	56	50238	4054498	4055418	4103491	4104401	50506702	3900000	4150000	58	2990	910	48073	spaced
SUPER_16	33013084	33101347	IR	310	.	33057070	0.310	0.960	26	88231	33013084	33013134	33101299	33101347	50506702	32900000	33150000	270	2620	48	88165	spaced
SUPER_16	42360941	42498981	IR	309	.	42430492	0.309	0.394	236	138023	42360941	42429515	42430500	42498981	50506702	42250000	42500000	0	2999	68481	985	immediate
SUPER_16	25625996	25642377	IR	309	.	25633868	0.309	0.929	204	16363	25625996	25629049	25639365	25642377	50506702	25450000	25700000	0	3069	3012	10316	spaced
SUPER_16	38334679	38352495	IR	309	.	38343758	0.309	0.978	171	18315	38334679	38335788	38351388	38352495	50506702	38150000	38400000	171	3226	1107	15600	spaced
SUPER_16	35519862	35526298	IR	309	.	35523360	0.309	0.947	83	6440	35519862	35520501	35525659	35526321	50506702	35350000	35600000	0	2884	639	5158	spaced
SUPER_16	30846349	30887246	IR	309	.	30867278	0.309	0.870	40	40913	30846349	30848110	30885485	30887281	50506702	30650000	30900000	0	3613	1761	37375	spaced
SUPER_16	12201940	12274926	IR	308	.	12238758	0.308	0.397	28	38572	12201940	12236649	12240220	12274926	50506702	12150000	12400000	0	1473	34706	3571	spaced
SUPER_16	45574139	45577748	IR	307	.	45576135	0.307	0.956	80	39256	45574139	45574678	45577224	45577748	50506702	45400000	45650000	80	2932	524	2546	spaced
SUPER_16	40078438	40127631	IR	307	.	40103479	0.307	0.803	45	49218	40078438	40082936	40123133	40127706	50506702	40000000	40250000	0	1717	4498	40197	spaced
SUPER_16	30750893	30755275	IR	307	.	30753468	0.307	0.956	41	4356	30750893	30751466	30754702	30755275	50506702	30650000	30900000	0	1717	573	3236	spaced
SUPER_16	24425211	24455038	IR	306	.	24439650	0.306	0.848	167	29477	24425211	24431625	24448644	24455038	50506702	24250000	24500000	0	3168	6394	17019	spaced
SUPER_16	9605281	9614184	IR	306	.	9609885	0.306	0.568	26	9644	9605281	9605825	9613640	9614477	50506702	9500000	9750000	26	1828	544	7815	spaced
SUPER_16	24720595	24727634	IR	305	.	24723694	0.305	0.991	63	7020	24720595	24721036	24727193	24727635	50506702	24500000	24750000	0	3735	441	6157	spaced
SUPER_16	36339246	36349058	IR	305	.	36343746	0.305	0.838	51	9752	36339246	36340166	36348138	36349146	50506702	36100000	36350000	0	4069	920	7972	spaced
SUPER_16	39327200	39335233	IR	305	.	39331618	0.305	0.886	37	8000	39327200	39327749	39334710	39335233	50506702	39100000	39350000	0	3853	523	6961	spaced
SUPER_16	15645500	15650470	IR	305	.	15648272	0.305	0.968	24	4926	15645500	15645817	15650153	15650470	50506702	15500000	15750000	0	2466	317	4336	spaced
SUPER_16	30499132	30545021	IR	305	.	30521835	0.305	0.958	22	45845	30499132	30499178	30544975	30545023	50506702	30300000	30550000	230	3701	46	45797	spaced
SUPER_16	36372050	36379536	IR	305	.	36375546	0.305	1.000	22	7450	36372050	36372086	36379500	36379536	50506702	36200000	36450000	20	2929	36	7414	spaced
SUPER_16	6586402	6691783	IR	304	.	6639387	0.304	0.861	61	105377	6586402	6590369	6687816	6691798	50506702	6550000	6800000	0	1484	3967	97447	spaced
SUPER_16	4699480	4779911	IR	304	.	4739899	0.304	0.618	20	80405	4699480	4699536	4779877	4779911	50506702	4600000	4850000	39	2328	34	80341	spaced
SUPER_16	6282730	6319055	IR	303	.	6301072	0.303	0.892	94	37035	6282730	6285289	6316505	6319055	50506702	6150000	6400000	94	2514	2550	31216	spaced
SUPER_16	699165	716576	IR	303	.	707900	0.303	0.921	82	18362	699165	700069	715672	716607	50506702	550000	800000	82	2631	904	15603	spaced
SUPER_16	32026589	32030578	IR	302	.	32028633	0.302	0.917	63	4397	32026589	32027987	32029186	32030578	50506702	31800000	32050000	63	3809	1392	1199	immediate
SUPER_16	7258593	7263234	IR	302	.	7261070	0.302	0.934	27	4722	7258593	7258926	7262902	7263234	50506702	7250000	7500000	27	181	332	3976	spaced
SUPER_16	14408724	14419470	IR	302	.	14414546	0.302	0.353	21	10712	14408724	14408798	14419436	14419470	50506702	14300000	14550000	0	1901	34	10638	spaced
SUPER_16	20200582	20206827	IR	300	.	20204121	0.300	0.796	22	6226	20200582	20200965	20206499	20206827	50506702	20100000	20350000	0	1728	328	5534	spaced
SUPER_16	49394367	49399165	IR	296	.	49396563	0.296	0.896	24	4759	49394367	49394716	49398816	49399178	50506702	49200000	49450000	28	3279	349	4100	spaced
SUPER_16	49193241	49204352	IR	290	.	49199130	0.290	0.894	30	11011	49193241	49193686	49203933	49204352	50506702	49000000	49250000	0	3313	419	10247	spaced
SUPER_16	24010931	24019017	IR	286	.	24014513	0.286	0.704	24	8134	24010931	24011112	24018836	24019084	50506702	23850000	24100000	0	2749	181	7724	spaced
SUPER_17	31649459	31653932	IR	781	.	31651707	0.781	0.962	239	4902	31649459	31651338	31652076	31653932	50085691	31500000	31750000	245	2528	1856	738	immediate
SUPER_17	22586851	22589486	IR	687	.	22588452	0.687	0.823	21	2338	22586851	22587494	22588914	22589486	50085691	22550000	22800000	0	636	572	1420	immediate
SUPER_17	25727074	25946360	IR	646	.	25836662	0.646	0.885	27	219236	25727074	25727120	25946314	25946366	50085691	25700000	25950000	324	2278	46	219194	wide
SUPER_17	35377021	35382399	IR	624	.	35379710	0.624	0.999	414	5938	35377021	35378929	35380491	35382399	50085691	35150000	35400000	414	3828	1908	1562	immediate
SUPER_17	32815693	32981185	IR	599	.	32898703	0.599	0.405	70	164975	32815693	32898310	32898579	32981185	50085691	32750000	33000000	0	2473	82606	269	immediate
SUPER_17	13052282	13057115	IR	566	.	13054742	0.566	0.882	101	4953	13052282	13054108	13055376	13057115	50085691	12900000	13150000	101	2578	1739	1268	immediate
SUPER_17	4930213	4932787	IR	542	.	4931501	0.542	0.963	195	2751	4930213	4931304	4931720	4932787	50085691	4700000	4950000	195	3858	1067	416	immediate
SUPER_17	13338505	13385389	IR	540	.	13362177	0.540	0.855	106	48448	13338505	13338822	13385106	13385389	50085691	13300000	13550000	31	1032	283	46284	spaced
SUPER_17	30934677	30996722	IR	532	.	30965704	0.532	0.463	93	68498	30934677	30965214	30966194	30996722	50085691	30750000	31000000	93	3594	30528	980	immediate
SUPER_17	8347175	8349324	IR	529	.	8348382	0.529	0.714	27	2167	8347175	8348020	8348479	8349324	50085691	8100000	8350000	27	4137	845	459	immediate
SUPER_17	37668260	37670104	IR	519	.	37669216	0.519	0.885	91	2087	37668260	37668938	37669426	37670175	50085691	37550000	37800000	93	1986	678	488	immediate
SUPER_17	29596420	29599520	IR	518	.	29597721	0.518	0.610	23	2292	29596420	29597978	29597981	29599520	50085691	29550000	29800000	0	799	1539	3	immediate
SUPER_17	4416157	4460515	IR	513	.	4438068	0.513	0.893	22	44310	4416157	4416207	4460465	4460521	50085691	4250000	4500000	0	3138	50	44258	spaced
SUPER_17	16383351	16385339	IR	503	.	16384369	0.503	0.859	50	2013	16383351	16383931	16384807	16385339	50085691	16200000	16450000	50	3072	532	876	immediate
SUPER_17	48542850	48545127	IR	489	.	48544174	0.489	0.925	50	22476	48542850	48543464	48544513	48545130	50085691	48400000	48650000	50	2399	614	1049	immediate
SUPER_17	15379870	15418347	IR	478	.	15398920	0.478	0.920	63	38707	15379870	15380942	15417275	15418367	50085691	15200000	15450000	64	3318	1072	36333	spaced
SUPER_17	20204891	20232446	IR	473	.	20218801	0.473	0.761	26	27581	20204891	20205853	20231583	20232446	50085691	20200000	20450000	26	311	863	25730	spaced
SUPER_17	5443624	5446852	IR	470	.	5445255	0.470	0.933	119	3562	5443624	5444550	5445960	5446852	50085691	5200000	5450000	119	4087	892	1410	immediate
SUPER_17	8356541	8373637	IR	465	.	8365576	0.465	0.722	30	17060	8356541	8356613	8373585	8373637	50085691	8250000	8500000	0	1918	52	16972	spaced
SUPER_17	37326478	37335665	IR	451	.	37330834	0.451	0.562	516	24639	37326478	37329822	37332321	37335686	50085691	37100000	37350000	4	3851	3344	2499	spaced
SUPER_17	37987662	37989868	IR	450	.	37988985	0.450	0.890	90	2470	37987662	37988567	37989026	37989868	50085691	37750000	38000000	90	3979	842	459	immediate
SUPER_17	11366828	11584420	IR	444	.	11476014	0.444	0.387	21	217532	11366828	11475232	11476034	11584420	50085691	11350000	11600000	0	2093	108386	802	immediate
SUPER_17	37135771	37147355	IR	442	.	37141568	0.442	0.933	495	28401	37135771	37140868	37142258	37147391	50085691	37000000	37250000	502	2359	5097	1390	immediate
SUPER_17	20851569	20853851	IR	441	.	20852710	0.441	0.804	22	2340	20851569	20852287	20853133	20853910	50085691	20650000	20900000	23	3378	718	846	immediate
SUPER_17	5819914	5823990	IR	440	.	5821966	0.440	0.698	32	4838	5819914	5821569	5822363	5823990	50085691	5600000	5850000	32	3699	1627	794	immediate
SUPER_17	36663871	36699635	IR	438	.	36681892	0.438	0.887	91	36810	36663871	36667985	36695521	36699648	50085691	36550000	36800000	91	2195	4114	27536	spaced
SUPER_17	40403315	40594848	IR	433	.	40499172	0.433	0.914	24	191758	40403315	40403627	40594536	40594860	50085691	40400000	40650000	24	1651	312	190909	wide
SUPER_17	2556939	2558914	IR	433	.	2557936	0.433	0.859	23	16524	2556939	2557768	2558085	2558933	50085691	2450000	2700000	23	1798	829	317	immediate
SUPER_17	22338862	22448599	IR	431	.	22393542	0.431	0.878	31	109938	22338862	22339400	22448061	22448605	50085691	22250000	22500000	31	2395	538	108661	wide
SUPER_17	13711715	13714192	IR	426	.	13712608	0.426	0.897	45	2456	13711715	13712317	13713590	13714195	50085691	13500000	13750000	0	3549	602	1273	immediate
SUPER_17	1098337	1101351	IR	425	.	1099844	0.425	0.988	121	3315	1098337	1099028	1100660	1101351	50085691	900000	1150000	121	3330	691	1632	immediate
SUPER_17	31116382	31129506	IR	422	.	31122703	0.422	0.711	70	15513	31116382	31120379	31125509	31129508	50085691	31100000	31350000	33	382	3997	5130	spaced
SUPER_17	49509093	49632385	IR	417	.	49571160	0.417	0.469	64	120736	49509093	49569570	49571954	49632385	50085691	49400000	49650000	0	2845	60431	2384	spaced
SUPER_17	20526092	20589159	IR	413	.	20557665	0.413	0.790	56	63221	20526092	20528055	20587228	20589159	50085691	20350000	20600000	67	3460	1931	59173	spaced
SUPER_17	12047272	12153893	IR	410	.	12100998	0.410	0.727	24	106573	12047272	12047320	12153845	12153911	50085691	11950000	12200000	0	2509	48	106525	wide
SUPER_17	19178283	19278702	IR	409	.	19228705	0.409	0.950	95	100720	19178283	19179327	19277667	19278702	50085691	19050000	19300000	95	2974	1035	98340	spaced
SUPER_17	6980569	7039628	IR	408	.	7010299	0.408	0.714	25	59017	6980569	6980609	7039588	7039644	50085691	6800000	7050000	229	3501	40	58979	spaced
SUPER_17	17762151	17929012	IR	406	.	17845733	0.406	0.987	49	166967	17762151	17762454	17928709	17929012	50085691	17750000	18000000	49	1592	303	166255	wide
SUPER_17	32232033	32250549	IR	405	.	32241792	0.405	0.599	31	17134	32232033	32236287	32246295	32250646	50085691	32200000	32450000	0	688	4254	10008	spaced
SUPER_17	30912842	30934544	IR	397	.	30923579	0.397	0.712	74	29655	30912842	30920602	30926853	30934544	50085691	30700000	30950000	74	3728	7691	6251	spaced
SUPER_17	15873008	15879160	IR	395	.	15875664	0.395	0.750	22	6104	15873008	15873072	15879112	15879160	50085691	15700000	15950000	0	2934	48	6040	spaced
SUPER_17	49713526	49917864	IR	394	.	49815441	0.394	0.763	89	204359	49713526	49717081	49914309	49917902	50085691	49700000	49950000	0	1928	3555	197228	wide
SUPER_17	47157592	47228378	IR	393	.	47192956	0.393	0.760	20	70754	47157592	47157642	47228340	47228378	50085691	47000000	47250000	120	3216	38	70698	spaced
SUPER_17	6305493	6310849	IR	392	.	6307861	0.392	0.500	25	5318	6305493	6305531	6310811	6310883	50085691	6200000	6450000	0	1802	38	5280	spaced
SUPER_17	30077273	30112794	IR	391	.	30095496	0.391	0.931	32	35467	30077273	30077331	30112740	30112794	50085691	29900000	30150000	0	3250	54	35409	spaced
SUPER_17	28541506	28589325	IR	389	.	28565709	0.389	0.795	148	47628	28541506	28544312	28586519	28589343	50085691	28400000	28650000	0	2756	2806	42207	spaced
SUPER_17	10682369	10867889	IR	389	.	10775144	0.389	0.714	28	185486	10682369	10682425	10867849	10867889	50085691	10650000	10900000	176	2085	40	185424	wide
SUPER_17	5145716	5347577	IR	385	.	5246877	0.385	1.000	20	201821	5145716	5145756	5347537	5347577	50085691	5100000	5350000	42	2443	40	201781	wide
SUPER_17	32289894	32475859	IR	384	.	32382385	0.384	0.906	86	185708	32289894	32291270	32474483	32475888	50085691	32250000	32500000	0	2214	1376	183213	wide
SUPER_17	8894148	8973676	IR	384	.	8933449	0.384	0.402	31	79576	8894148	8897951	8969873	8973741	50085691	8750000	9000000	0	3065	3803	71922	spaced
SUPER_17	9067169	9076344	IR	383	.	9072036	0.383	0.647	24	9131	9067169	9067213	9076300	9076368	50085691	9050000	9300000	0	362	44	9087	spaced
SUPER_17	6189478	6191721	IR	383	.	6190590	0.383	0.785	23	2272	6189478	6189795	6191404	6191757	50085691	6000000	6250000	26	3176	317	1609	immediate
SUPER_17	45337280	45475149	IR	382	.	45405726	0.382	0.723	25	137852	45337280	45338295	45474183	45475149	50085691	45250000	45500000	0	2603	966	135888	wide
SUPER_17	44369040	44499388	IR	381	.	44434351	0.381	0.919	64	131242	44369040	44370516	44497923	44499388	50085691	44350000	44600000	64	1403	1465	127407	wide
SUPER_17	41449652	41508934	IR	380	.	41478797	0.380	0.677	20	59240	41449652	41449694	41508892	41508954	50085691	41300000	41550000	0	2988	42	59198	spaced
SUPER_17	20948506	20973745	IR	378	.	20960615	0.378	0.643	77	25174	20948506	20952835	20969471	20973745	50085691	20800000	21050000	0	2685	4274	16636	spaced
SUPER_17	20042009	20188547	IR	378	.	20114852	0.378	0.447	23	146500	20042009	20042047	20188509	20188585	50085691	19950000	20200000	0	2754	38	146462	wide
SUPER_17	30700436	30782309	IR	377	.	30740883	0.377	0.852	60	81443	30700436	30702725	30780020	30782309	50085691	30650000	30900000	0	1522	2289	77295	spaced
SUPER_17	15061053	15099446	IR	377	.	15079798	0.377	0.856	43	38369	15061053	15061983	15098562	15099446	50085691	14850000	15100000	0	3837	884	36579	spaced
SUPER_17	49961177	49999224	IR	373	.	49979820	0.373	0.897	185	38026	49961177	49965028	49995373	49999224	50085691	49750000	50000000	0	3836	3851	30345	spaced
SUPER_17	395030	445315	IR	371	.	420335	0.371	0.917	253	51662	395030	399732	440619	445315	50085691	200000	450000	253	3669	4696	40887	spaced
SUPER_17	34532739	34570607	IR	371	.	34551537	0.371	0.428	64	38251	34532739	34548539	34554813	34570607	50085691	34350000	34600000	67	3361	15794	6274	spaced
SUPER_17	42177257	42330703	IR	369	.	42254490	0.369	0.387	25	153508	42177257	42253935	42254025	42330783	50085691	42100000	42350000	0	2566	76678	90	immediate
SUPER_17	9417108	9523456	IR	369	.	9470565	0.369	0.776	20	106198	9417108	9417988	9522662	9523456	50085691	9400000	9650000	0	1171	794	104674	wide
SUPER_17	4021416	4075588	IR	368	.	4048675	0.368	0.929	196	54574	4021416	4022856	4074148	4075623	50085691	3850000	4100000	202	3308	1440	51292	spaced
SUPER_17	13170768	13290261	IR	368	.	13230190	0.368	0.397	75	119008	13170768	13227433	13233596	13290354	50085691	13100000	13350000	0	2175	56665	6163	spaced
SUPER_17	2182801	2310714	IR	368	.	2246266	0.368	0.428	37	127889	2182801	2199333	2294196	2310714	50085691	2150000	2400000	0	1612	16518	94863	spaced
SUPER_17	12371472	12454985	IR	368	.	12413314	0.368	0.700	27	83465	12371472	12371514	12454943	12455003	50085691	12250000	12500000	279	2720	42	83429	spaced
SUPER_17	9834356	10021264	IR	367	.	9927934	0.367	0.928	80	187639	9834356	9835410	10020225	10021264	50085691	9800000	10050000	85	2130	1039	184815	wide
SUPER_17	26795236	26904781	IR	367	.	26850007	0.367	0.795	50	109653	26795236	26796520	26903498	26904781	50085691	26700000	26950000	55	2500	1283	106978	wide
SUPER_17	47280613	47282976	IR	367	.	47281582	0.367	0.633	31	2321	47280613	47280651	47282938	47282998	50085691	47050000	47300000	266	3863	38	2287	spaced
SUPER_17	7245669	7260336	IR	367	.	7252677	0.367	0.798	29	14623	7245669	7245995	7260033	7260336	50085691	7050000	7300000	0	3383	303	14038	spaced
SUPER_17	8622696	8729817	IR	366	.	8676677	0.366	0.752	30	106758	8622696	8624791	8727816	8729817	50085691	8550000	8800000	0	2104	2001	103025	wide
SUPER_17	5957938	5965277	IR	365	.	5961217	0.365	0.605	54	7390	5957938	5960200	5963015	5965349	50085691	5800000	6050000	0	2693	2262	2815	spaced
SUPER_17	10133475	10172217	IR	364	.	10152863	0.364	0.927	81	39142	10133475	10134420	10171296	10172217	50085691	9950000	10200000	84	3380	921	36876	spaced
SUPER_17	30226698	30372922	IR	364	.	30299767	0.364	0.871	51	146486	30226698	30227937	30371751	30372922	50085691	30200000	30450000	51	1663	1171	143814	wide
SUPER_17	42520969	42523230	IR	364	.	42521985	0.364	0.904	40	55241	42520969	42521409	42522790	42523234	50085691	42400000	42650000	40	2034	440	1381	immediate
SUPER_17	12784475	12785766	IR	364	.	12785121	0.364	0.819	26	41974	12784475	12785003	12785290	12785766	50085691	12700000	12950000	37	1418	476	287	immediate
SUPER_17	24816758	24991550	IR	364	.	24903777	0.364	0.388	20	87484	24816758	24904167	24904141	24991615	50085691	24750000	25000000	0	2569	87409	-26	overlap
SUPER_17	7778627	7953984	IR	363	.	7866722	0.363	0.911	202	175336	7778627	7781716	7950940	7953984	50085691	7750000	8000000	0	1938	3044	169224	wide
SUPER_17	4653831	4842709	IR	363	.	4748594	0.363	0.869	69	188905	4653831	4654811	4841729	4842763	50085691	4600000	4850000	0	2471	980	186918	wide
SUPER_17	29969043	30077313	IR	363	.	30023557	0.363	0.690	20	108230	29969043	29969083	30077273	30077331	50085691	29850000	30100000	0	2886	40	108190	wide
SUPER_17	45755885	45797812	IR	361	.	45776958	0.361	0.963	475	58073	45755885	45758830	45794867	45797848	50085691	45600000	45850000	481	2947	2945	36037	spaced
SUPER_17	30997761	31085341	IR	361	.	31041481	0.361	0.688	111	149479	30997761	31004763	31078358	31085341	50085691	30950000	31200000	111	1525	6983	73595	spaced
SUPER_17	16441684	16463505	IR	361	.	16452699	0.361	0.792	20	21810	16441684	16442871	16462338	16463505	50085691	16250000	16500000	25	3376	1167	19467	spaced
SUPER_17	21131891	21308716	IR	360	.	21220507	0.360	0.957	180	181928	21131891	21132331	21308277	21308716	50085691	21100000	21350000	45	2004	439	175946	wide
SUPER_17	44041935	44060933	IR	359	.	44051516	0.359	0.875	22	18966	44041935	44041983	44060891	44060933	50085691	43850000	44100000	187	3357	42	18908	spaced
SUPER_17	20700763	20703801	IR	358	.	20702296	0.358	0.846	48	3281	20700763	20701701	20702891	20703801	50085691	20650000	20900000	50	871	910	1190	immediate
SUPER_17	8113958	8187441	IR	358	.	8150272	0.358	0.625	21	73443	8113958	8113998	8187401	8187465	50085691	8050000	8300000	0	1678	40	73403	spaced
SUPER_17	31864811	31927018	IR	355	.	31895747	0.355	0.949	107	62783	31864811	31865753	31926096	31927018	50085691	31700000	31950000	107	3265	922	60343	spaced
SUPER_17	16551369	16783465	IR	355	.	16667228	0.355	0.393	27	233344	16551369	16667425	16667413	16783465	50085691	16550000	16800000	90	1956	116052	-12	overlap
SUPER_17	3669098	3796545	IR	355	.	3733184	0.355	0.395	25	127409	3669098	3669136	3796507	3796587	50085691	3600000	3850000	0	2213	38	127371	wide
SUPER_17	47444541	47520050	IR	355	.	47482073	0.355	0.880	23	75465	47444541	47444585	47520006	47520056	50085691	47300000	47550000	209	3038	44	75421	spaced
SUPER_17	10233171	10296856	IR	354	.	10265349	0.354	0.725	28	63664	10233171	10234609	10295465	10296856	50085691	10200000	10450000	0	1083	1391	60856	spaced
SUPER_17	49120822	49257781	IR	354	.	49188809	0.354	0.973	24	136910	49120822	49121115	49257488	49257781	50085691	49100000	49350000	0	1488	293	136373	wide
SUPER_17	18777073	18783496	IR	353	.	18780749	0.353	0.787	48	6384	18777073	18778091	18782478	18783503	50085691	18750000	19000000	0	504	1018	4387	spaced
SUPER_17	23074611	23178529	IR	353	.	23126164	0.353	0.548	28	103876	23074611	23074653	23178487	23178563	50085691	22950000	23200000	0	2942	42	103834	wide
SUPER_17	45572254	45585053	IR	352	.	45578985	0.352	0.707	33	12780	45572254	45574249	45583100	45585053	50085691	45450000	45700000	0	2144	1953	8851	spaced
SUPER_17	25423073	25498234	IR	352	.	25460786	0.352	0.913	20	75119	25423073	25423115	25498192	25498238	50085691	25250000	25500000	160	3510	42	75077	spaced
SUPER_17	38047237	38199116	IR	350	.	38122892	0.350	0.911	115	151856	38047237	38048833	38197573	38199116	50085691	37950000	38200000	0	2886	1543	148740	wide
SUPER_17	21712626	21715293	IR	350	.	21713952	0.350	0.807	39	3002	21712626	21713600	21714319	21715330	50085691	21600000	21850000	48	1899	974	719	immediate
SUPER_17	45269721	45283401	IR	350	.	45276586	0.350	0.526	34	13634	45269721	45269759	45283363	45283433	50085691	45100000	45350000	148	2942	38	13604	spaced
SUPER_17	2718230	2741130	IR	350	.	2730088	0.350	0.571	26	22858	2718230	2718304	2741088	2741130	50085691	2700000	2950000	0	494	42	22784	spaced
SUPER_17	14142146	14206651	IR	350	.	14174094	0.350	0.867	21	64486	14142146	14142763	14206037	14206651	50085691	14050000	14300000	0	2073	614	63274	spaced
SUPER_17	29310131	29390169	IR	349	.	29350505	0.349	0.883	89	79992	29310131	29314707	29385635	29390169	50085691	29200000	29450000	0	2502	4534	70928	spaced
SUPER_17	43219409	43221544	IR	349	.	43220479	0.349	0.763	27	2230	43219409	43219650	43221315	43221544	50085691	43000000	43250000	30	3674	229	1665	immediate
SUPER_17	28059779	28283648	IR	348	.	28171598	0.348	0.956	194	230894	28059779	28062050	28281377	28283648	50085691	28050000	28300000	194	2028	2271	219327	wide
SUPER_17	34692007	34705404	IR	348	.	34698466	0.348	0.954	102	13757	34692007	34693099	34704314	34705404	50085691	34500000	34750000	102	3311	1090	11215	spaced
SUPER_17	3163853	3318482	IR	347	.	3240940	0.347	0.988	92	154724	3163853	3164353	3317982	3318482	50085691	3100000	3350000	92	2352	500	153629	wide
SUPER_17	36545783	36627241	IR	347	.	36586543	0.347	0.902	44	81931	36545783	36546734	36626290	36627241	50085691	36400000	36650000	45	3108	951	79556	spaced
SUPER_17	197782	209431	IR	347	.	203607	0.347	0.971	29	11864	197782	198059	209154	209432	50085691	100000	350000	29	1726	277	11095	spaced
SUPER_17	27575419	27673028	IR	346	.	27623976	0.346	0.961	147	99674	27575419	27575858	27672589	27673029	50085691	27500000	27750000	47	2070	439	96731	spaced
SUPER_17	10437301	10546267	IR	346	.	10491770	0.346	0.885	127	110464	10437301	10438622	10545018	10546267	50085691	10300000	10550000	147	3196	1249	106396	wide
SUPER_17	44291175	44331989	IR	346	.	44311964	0.346	0.908	90	40790	44291175	44292373	44330808	44331989	50085691	44250000	44500000	0	1026	1181	38435	spaced
SUPER_17	39043155	39072544	IR	346	.	39057416	0.346	0.819	62	29427	39043155	39045088	39070611	39072604	50085691	38850000	39100000	0	3464	1933	25523	spaced
SUPER_17	9621316	9671831	IR	346	.	9646712	0.346	0.770	56	50561	9621316	9623254	9669939	9671831	50085691	9550000	9800000	63	1609	1892	46685	spaced
SUPER_17	44591676	44761848	IR	346	.	44676956	0.346	0.860	37	170851	44591676	44592739	44760785	44761849	50085691	44550000	44800000	39	2112	1063	168046	wide
SUPER_17	2513661	2536875	IR	346	.	2525181	0.346	0.905	32	23528	2513661	2514398	2536138	2536887	50085691	2450000	2700000	32	1254	737	21740	spaced
SUPER_17	44524993	44535239	IR	346	.	44530347	0.346	0.803	31	10285	44524993	44525397	44534835	44535290	50085691	44400000	44650000	20	2168	404	9438	spaced
SUPER_17	23552029	23699629	IR	346	.	23625357	0.346	0.892	25	147590	23552029	23552828	23698830	23699637	50085691	23450000	23700000	0	2930	799	146002	wide
SUPER_17	34884387	34951820	IR	346	.	34918085	0.346	0.935	25	67479	34884387	34884618	34951600	34951820	50085691	34800000	35050000	25	1968	220	66982	spaced
SUPER_17	5046982	5145760	IR	346	.	5096516	0.346	0.913	23	98734	5046982	5047028	5145718	5145760	50085691	4900000	5150000	225	3272	42	98690	spaced
SUPER_17	14690455	14781311	IR	346	.	14735994	0.346	0.957	23	90812	14690455	14690501	14781267	14781311	50085691	14550000	14800000	155	3097	44	90766	spaced
SUPER_17	3354530	3521870	IR	346	.	3438341	0.346	0.877	20	167564	3354530	3354990	3521418	3521870	50085691	3350000	3600000	20	1469	452	166428	wide
SUPER_17	33134533	33188034	IR	345	.	33161499	0.345	0.884	86	53511	33134533	33135104	33187506	33188034	50085691	33050000	33300000	44	1854	528	52402	spaced
SUPER_17	7104283	7165712	IR	345	.	7134905	0.345	0.958	85	61542	7104283	7105047	7164948	7165714	50085691	7050000	7300000	85	1416	764	59901	spaced
SUPER_17	27453717	27474505	IR	345	.	27463906	0.345	0.811	33	20945	27453717	27454963	27473298	27474505	50085691	27300000	27550000	33	2735	1207	18335	spaced
SUPER_17	46691447	46774883	IR	345	.	46733114	0.345	0.800	31	83502	46691447	46692674	46773679	46774883	50085691	46600000	46850000	31	2219	1204	81005	spaced
SUPER_17	34140101	34247140	IR	344	.	34193633	0.344	0.941	65	107093	34140101	34140963	34246278	34247141	50085691	34000000	34250000	65	3226	862	105315	wide
SUPER_17	18051575	18283642	IR	344	.	18168045	0.344	0.662	32	232035	18051575	18051652	18283591	18283642	50085691	18050000	18300000	0	1960	51	231939	wide
SUPER_17	41102675	41228769	IR	344	.	41165708	0.344	0.390	29	126727	41102675	41165761	41165745	41228769	50085691	41100000	41350000	164	1095	63024	-16	overlap
SUPER_17	8028248	8039835	IR	344	.	8034349	0.344	0.706	27	11539	8028248	8028296	8039787	8039855	50085691	7800000	8050000	0	3900	48	11491	spaced
SUPER_17	4159913	4283862	IR	344	.	4222337	0.344	0.828	21	123901	4159913	4159971	4283814	4283862	50085691	4050000	4300000	0	2864	48	123843	wide
SUPER_17	19402032	19556828	IR	343	.	19479094	0.343	0.892	89	154775	19402032	19403426	19555450	19556828	50085691	19400000	19650000	0	1323	1378	152024	wide
SUPER_17	15263606	15339630	IR	343	.	15301844	0.343	0.757	62	76263	15263606	15264454	15338782	15339668	50085691	15100000	15350000	85	3360	848	74328	spaced
SUPER_17	36802945	37028559	IR	343	.	36915950	0.343	0.881	62	225745	36802945	36803486	37028056	37028559	50085691	36800000	37050000	62	1929	503	224570	wide
SUPER_17	17078825	17182507	IR	343	.	17130188	0.343	0.735	25	103632	17078825	17078875	17182457	17182525	50085691	17000000	17250000	0	2177	50	103582	wide
SUPER_17	46936191	47011575	IR	342	.	46974297	0.342	0.932	92	75366	46936191	46937328	47010471	47011575	50085691	46850000	47100000	0	2064	1104	73143	spaced
SUPER_17	47645353	47653534	IR	342	.	47649485	0.342	0.885	59	8608	47645353	47646847	47652055	47653534	50085691	47500000	47750000	60	2490	1479	5208	spaced
SUPER_17	15485386	15531665	IR	342	.	15508789	0.342	0.935	43	46242	15485386	15485939	15531114	15531665	50085691	15300000	15550000	0	3475	551	45175	spaced
SUPER_17	23178513	23258709	IR	342	.	23218838	0.342	0.913	30	80176	23178513	23178559	23258667	23258709	50085691	23100000	23350000	168	1976	42	80108	spaced
SUPER_17	38331660	38385542	IR	342	.	38358294	0.342	0.967	25	53824	38331660	38331718	38385484	38385544	50085691	38150000	38400000	0	3476	58	53766	spaced
SUPER_17	40135983	40307412	IR	342	.	40221547	0.342	0.797	25	170549	40135983	40139723	40303672	40307430	50085691	40100000	40350000	25	2028	3740	163949	wide
SUPER_17	42915763	43108938	IR	342	.	43012376	0.342	0.920	22	193129	42915763	42915813	43108892	43108938	50085691	42900000	43150000	250	1872	46	193079	wide
SUPER_17	12833910	12987475	IR	341	.	12910222	0.341	0.873	109	153539	12833910	12836275	12985110	12987582	50085691	12750000	13000000	0	2678	2365	148835	wide
SUPER_17	48942149	49075464	IR	341	.	49008386	0.341	0.833	28	133265	48942149	48942209	49075414	49075464	50085691	48850000	49100000	0	2646	50	133205	wide
SUPER_17	20599485	20636870	IR	341	.	20618594	0.341	0.402	25	37347	20599485	20601980	20634375	20636898	50085691	20400000	20650000	0	3636	2495	32395	spaced
SUPER_17	30112745	30143352	IR	341	.	30128128	0.341	0.889	21	30572	30112745	30112790	30143312	30143352	50085691	29900000	30150000	129	3800	40	30522	spaced
SUPER_17	1509249	1639728	IR	340	.	1575014	0.340	0.907	212	130536	1509249	1510699	1638278	1639807	50085691	1400000	1650000	0	2908	1450	127579	wide
SUPER_17	6310819	6365998	IR	340	.	6338456	0.340	0.611	32	55153	6310819	6310879	6365962	6365998	50085691	6200000	6450000	131	2306	36	55083	spaced
SUPER_17	13547424	13584637	IR	339	.	13566356	0.339	0.862	34	37217	13547424	13547985	13584076	13584670	50085691	13350000	13600000	0	3600	561	36091	spaced
SUPER_17	10079540	10092842	IR	339	.	10085709	0.339	0.703	30	13262	10079540	10079614	10092790	10092842	50085691	10050000	10300000	0	603	52	13176	spaced
SUPER_17	43543765	43669032	IR	339	.	43606690	0.339	0.384	24	125229	43543765	43606449	43606417	43669032	50085691	43500000	43750000	0	1773	62615	-32	overlap
SUPER_17	47853193	48019703	IR	338	.	47936140	0.338	0.525	147	165839	47853193	47864956	48007973	48019703	50085691	47850000	48100000	0	1440	11730	143017	wide
SUPER_17	26937323	27120557	IR	338	.	27028507	0.338	0.847	77	182890	26937323	26939951	27117934	27120557	50085691	26900000	27150000	0	2148	2623	177983	wide
SUPER_17	21311903	21539211	IR	338	.	21425415	0.338	0.909	65	227381	21311903	21312746	21538401	21539211	50085691	21300000	21550000	69	2092	810	225655	wide
SUPER_17	13817720	13855038	IR	338	.	13836331	0.338	0.896	37	37479	13817720	13818685	13854092	13855038	50085691	13750000	14000000	38	1439	946	35407	spaced
SUPER_17	39259894	39388407	IR	338	.	39324200	0.338	0.926	28	128463	39259894	39259944	39388357	39388411	50085691	39150000	39400000	377	2902	50	128413	wide
SUPER_17	714285	928775	IR	338	.	821717	0.338	0.928	24	214479	714285	714618	928442	928775	50085691	700000	950000	24	2025	333	213824	wide
SUPER_17	48593566	48786815	IR	338	.	48690412	0.338	0.917	23	193203	48593566	48593610	48786771	48786819	50085691	48550000	48800000	201	2336	44	193161	wide
SUPER_17	16512706	16518455	IR	337	.	16515580	0.337	0.998	556	6675	16512706	16515188	16515973	16518455	50085691	16400000	16650000	557	1926	2482	785	immediate
SUPER_17	46426244	46528204	IR	337	.	46476831	0.337	0.944	84	101942	46426244	46427773	46526675	46528205	50085691	46300000	46550000	0	2953	1529	98902	spaced
SUPER_17	16177100	16231109	IR	337	.	16203778	0.337	0.862	57	53964	16177100	16178222	16230015	16231109	50085691	16050000	16300000	0	2568	1094	51793	spaced
SUPER_17	8064441	8071341	IR	337	.	8067516	0.337	0.894	54	6813	8064441	8066115	8069683	8071341	50085691	7850000	8100000	0	3631	1658	3568	spaced
SUPER_17	35582747	35588051	IR	337	.	35585451	0.337	0.843	31	5464	35582747	35583339	35587459	35588051	50085691	35400000	35650000	31	3089	592	4120	spaced
SUPER_17	28988809	29061675	IR	337	.	29025067	0.337	0.781	26	73274	28988809	28991342	29059142	29061838	50085691	28850000	29100000	26	2920	2533	67800	spaced
SUPER_17	40620632	40782682	IR	337	.	40701543	0.337	0.786	25	162010	40620632	40620688	40782638	40782682	50085691	40550000	40800000	263	2527	44	161950	wide
SUPER_17	22937034	23024952	IR	336	.	22980783	0.336	0.867	29	88035	22937034	22937349	23024637	23024956	50085691	22800000	23050000	29	3016	315	87288	spaced
SUPER_17	35845080	35936825	IR	336	.	35890918	0.336	0.897	28	91926	35845080	35845694	35936211	35936831	50085691	35700000	35950000	30	3182	614	90517	spaced
SUPER_17	26273264	26288045	IR	336	.	26280440	0.336	1.000	22	14741	26273264	26273308	26288001	26288045	50085691	26050000	26300000	151	3844	44	14693	spaced
SUPER_17	45850128	45955607	IR	336	.	45902972	0.336	0.692	22	105447	45850128	45850180	45955571	45955607	50085691	45750000	46000000	160	2547	36	105391	wide
SUPER_17	47670373	47761335	IR	336	.	47715421	0.336	0.862	21	90916	47670373	47670431	47761285	47761335	50085691	47550000	47800000	0	2764	50	90854	spaced
SUPER_17	15626464	15683931	IR	335	.	15654709	0.335	0.882	205	57378	15626464	15630112	15680325	15683931	50085691	15500000	15750000	0	2586	3606	50213	spaced
SUPER_17	36268545	36415939	IR	335	.	36342127	0.335	0.889	30	147387	36268545	36269211	36415273	36415942	50085691	36200000	36450000	31	2370	666	146062	wide
SUPER_17	39226934	39232729	IR	335	.	39229409	0.335	0.710	25	5773	39226934	39227302	39232459	39232729	50085691	39050000	39300000	0	2997	270	5157	spaced
SUPER_17	33260835	33288942	IR	335	.	33275373	0.335	0.859	24	28052	33260835	33269634	33280143	33289001	50085691	33200000	33450000	0	1248	8799	10509	spaced
SUPER_17	9706434	9809220	IR	335	.	9757364	0.335	0.866	21	102739	9706434	9706747	9808931	9809220	50085691	9700000	9950000	0	963	289	102184	wide
SUPER_17	41661563	41743084	IR	334	.	41702369	0.334	0.595	36	81489	41661563	41661635	41743042	41743084	50085691	41550000	41800000	394	2538	42	81407	spaced
SUPER_17	27745185	27857037	IR	334	.	27800940	0.334	0.858	35	111914	27745185	27745838	27856394	27857037	50085691	27650000	27900000	35	2518	643	110556	wide
SUPER_17	35208173	35319095	IR	334	.	35263532	0.334	0.972	31	111065	35208173	35208423	35318846	35319095	50085691	35150000	35400000	31	1893	249	110423	wide
SUPER_17	11870039	11911661	IR	334	.	11891073	0.334	0.808	30	42130	11870039	11872590	11909110	11911693	50085691	11850000	12100000	26	680	2551	36520	spaced
SUPER_17	11002181	11210510	IR	334	.	11106178	0.334	0.391	21	208341	11002181	11023818	11188873	11210552	50085691	11000000	11250000	54	1772	21637	165055	wide
SUPER_17	37402008	37599070	IR	333	.	37500853	0.333	0.847	155	197045	37402008	37408976	37592139	37599070	50085691	37400000	37650000	0	1675	6931	183163	wide
SUPER_17	22004427	22128163	IR	333	.	22066431	0.333	0.877	82	123962	22004427	22006244	22126346	22128215	50085691	21900000	22150000	83	2771	1817	120102	wide
SUPER_17	23334637	23438427	IR	333	.	23386194	0.333	0.840	73	103769	23334637	23336258	23436809	23438427	50085691	23200000	23450000	0	3108	1618	100551	wide
SUPER_17	31952297	32085830	IR	333	.	32018719	0.333	0.723	32	133129	31952297	31955072	32083091	32085830	50085691	31850000	32100000	0	2817	2739	128019	wide
SUPER_17	25183377	25206122	IR	333	.	25194953	0.333	0.846	23	22701	25183377	25183429	25206078	25206122	50085691	25000000	25250000	260	3245	44	22649	spaced
SUPER_17	9268036	9386030	IR	333	.	9326861	0.333	0.952	20	118041	9268036	9268201	9385865	9386030	50085691	9150000	9400000	20	2950	165	117664	wide
SUPER_17	18947232	18992774	IR	332	.	18970334	0.332	0.845	50	44932	18947232	18952363	18987643	18992807	50085691	18750000	19000000	0	3666	5131	35280	spaced
SUPER_17	2906459	2916918	IR	332	.	2911388	0.332	0.871	36	10441	2906459	2907023	2916372	2916918	50085691	2750000	3000000	0	2694	546	9349	spaced
SUPER_17	44999557	45087837	IR	332	.	45044184	0.332	0.945	22	88260	44999557	44999996	45087399	45087837	50085691	44850000	45100000	0	3228	438	87403	spaced
SUPER_17	36094975	36267842	IR	331	.	36181339	0.331	0.922	67	173168	36094975	36095888	36266933	36267842	50085691	36050000	36300000	67	2190	909	171045	wide
SUPER_17	29531318	29580901	IR	331	.	29555873	0.331	1.000	51	49514	29531318	29531335	29580884	29580901	50085691	29350000	29600000	1	3435	17	49549	spaced
SUPER_17	17429851	17542565	IR	331	.	17485845	0.331	0.862	29	112369	17429851	17431674	17540764	17542565	50085691	17400000	17650000	0	1436	1801	109090	wide
SUPER_17	7590941	7703850	IR	331	.	7647027	0.331	0.614	24	112867	7590941	7590985	7703806	7703880	50085691	7500000	7750000	0	2456	44	112821	wide
SUPER_17	35952978	36041878	IR	330	.	35997533	0.330	0.928	65	89233	35952978	35953920	36040950	36041878	50085691	35800000	36050000	65	3290	928	87030	spaced
SUPER_17	40965190	40995714	IR	330	.	40980789	0.330	0.727	46	30527	40965190	40967313	40993591	40995736	50085691	40800000	41050000	0	3007	2123	26278	spaced
SUPER_17	6708198	6926360	IR	330	.	6817550	0.330	0.760	42	218188	6708198	6709728	6924830	6926406	50085691	6700000	6950000	0	1954	1530	215102	wide
SUPER_17	41743042	41760816	IR	330	.	41752153	0.330	0.808	27	17726	41743042	41743084	41760774	41760826	50085691	41550000	41800000	227	3365	42	17690	spaced
SUPER_17	16540183	16547858	IR	330	.	16544142	0.330	0.802	26	7853	16540183	16541182	16546859	16547967	50085691	16500000	16750000	26	733	999	5677	spaced
SUPER_17	1374500	1473108	IR	330	.	1423702	0.330	0.860	23	99063	1374500	1376433	1471175	1473109	50085691	1300000	1550000	23	2063	1933	94742	spaced
SUPER_17	30471796	30490159	IR	329	.	30480659	0.329	0.908	146	18339	30471796	30474406	30487549	30490179	50085691	30250000	30500000	0	3849	2610	13143	spaced
SUPER_17	1715036	1735572	IR	329	.	1725348	0.329	0.697	36	20496	1715036	1715102	1735526	1735572	50085691	1550000	1800000	546	2921	46	20424	spaced
SUPER_17	21651956	21681847	IR	329	.	21666874	0.329	0.957	20	29849	21651956	21652002	21681803	21681847	50085691	21450000	21700000	158	3614	44	29801	spaced
SUPER_17	25206076	25423115	IR	329	.	25314532	0.329	0.913	20	216997	25206076	25206122	25423073	25423115	50085691	25200000	25450000	160	1909	42	216951	wide
SUPER_17	29062170	29216739	IR	328	.	29139231	0.328	0.933	125	168210	29062170	29063777	29215132	29216752	50085691	29000000	29250000	125	2324	1607	151355	wide
SUPER_17	14430801	14618781	IR	328	.	14524771	0.328	0.776	45	188521	14430801	14432901	14616694	14618781	50085691	14400000	14650000	50	2079	2087	183793	wide
SUPER_17	34520567	34529910	IR	328	.	34525160	0.328	0.844	43	11031	34520567	34521180	34529297	34529914	50085691	34350000	34600000	43	2920	613	8117	spaced
SUPER_17	22604284	22740366	IR	328	.	22671889	0.328	0.725	39	136026	22604284	22604364	22740308	22740366	50085691	22550000	22800000	0	2038	58	135944	wide
SUPER_17	17697697	17726712	IR	328	.	17711741	0.328	0.278	26	28979	17697697	17697781	17726676	17726712	50085691	17550000	17800000	0	2703	36	28895	spaced
SUPER_17	16019810	16169175	IR	328	.	16094473	0.328	1.000	23	149343	16019810	16019854	16169131	16169175	50085691	15950000	16200000	178	2408	44	149277	wide
SUPER_17	40337913	40346489	IR	328	.	40342518	0.328	0.736	20	8301	40337913	40339070	40345332	40346541	50085691	40100000	40350000	0	4036	1157	6262	spaced
SUPER_17	24315934	24376633	IR	327	.	24345936	0.327	0.885	66	60668	24315934	24317572	24375030	24376633	50085691	24150000	24400000	0	3271	1603	57458	spaced
SUPER_17	41557111	41584919	IR	327	.	41571244	0.327	0.740	64	27947	41557111	41557522	41584533	41584919	50085691	41350000	41600000	17	3683	386	27011	spaced
SUPER_17	15914549	16011933	IR	327	.	15963509	0.327	0.936	62	97363	15914549	15915681	16010813	16011933	50085691	15900000	16150000	0	1053	1120	95132	spaced
SUPER_17	36706151	36773942	IR	327	.	36739555	0.327	0.846	45	67802	36706151	36707561	36772532	36773976	50085691	36700000	36950000	0	667	1410	64971	spaced
SUPER_17	39502404	39686373	IR	327	.	39594483	0.327	0.641	43	184323	39502404	39503771	39685062	39686373	50085691	39500000	39750000	43	1573	1311	181291	wide
SUPER_17	37818984	37964144	IR	326	.	37891248	0.326	0.876	190	144636	37818984	37825462	37957666	37964212	50085691	37750000	38000000	0	2359	6478	132204	wide
SUPER_17	41803750	42047719	IR	326	.	41926195	0.326	0.797	95	244003	41803750	41805782	42045687	42047778	50085691	41800000	42050000	0	2095	2032	239905	wide
SUPER_17	18713952	18733483	IR	326	.	18723796	0.326	0.881	91	121692	18713952	18715486	18731949	18733498	50085691	18600000	18850000	91	2061	1534	16463	spaced
SUPER_17	29396716	29409665	IR	326	.	29403656	0.326	0.851	33	12925	29396716	29397878	29408579	29409665	50085691	29250000	29500000	0	2553	1086	10701	spaced
SUPER_17	42695967	42743807	IR	326	.	42719518	0.326	0.816	21	47824	42695967	42698170	42741604	42743809	50085691	42550000	42800000	0	2831	2203	43434	spaced
SUPER_17	33871269	33986240	IR	325	.	33928941	0.325	0.875	78	115404	33871269	33872872	33984637	33986319	50085691	33750000	34000000	78	2979	1603	111765	wide
SUPER_17	1266216	1271829	IR	325	.	1269080	0.325	0.750	38	24342	1266216	1266264	1271781	1271845	50085691	1050000	1300000	588	3650	48	5517	spaced
SUPER_17	41286513	41439231	IR	325	.	41362767	0.325	0.860	35	152707	41286513	41287272	41438496	41439231	50085691	41200000	41450000	35	2714	735	151224	wide
SUPER_17	46076162	46153217	IR	325	.	46114474	0.325	0.875	20	77017	46076162	46076210	46153175	46153217	50085691	45950000	46200000	106	2744	42	76965	spaced
SUPER_17	13412572	13541185	IR	324	.	13477366	0.324	0.870	89	128595	13412572	13413699	13540128	13541185	50085691	13400000	13650000	0	1281	1057	126429	wide
SUPER_17	38668194	38710849	IR	324	.	38689753	0.324	0.919	69	44879	38668194	38668540	38710503	38710849	50085691	38500000	38750000	22	3158	346	41963	spaced
SUPER_17	33569342	33588244	IR	324	.	33578318	0.324	0.413	38	18858	33569342	33569388	33588198	33588294	50085691	33450000	33700000	0	2146	46	18810	spaced
SUPER_17	19769638	19809687	IR	324	.	19789694	0.324	0.513	37	40019	19769638	19769709	19809649	19809687	50085691	19650000	19900000	189	2327	38	39940	spaced
SUPER_17	17965744	18016973	IR	324	.	17991705	0.324	0.804	31	50657	17965744	17970441	18012276	18016974	50085691	17800000	18050000	0	3189	4697	41835	spaced
SUPER_17	28658285	28748820	IR	324	.	28703105	0.324	0.934	30	90517	28658285	28658772	28748337	28748820	50085691	28550000	28800000	0	2559	483	89565	spaced
SUPER_17	3796507	3841898	IR	324	.	3819582	0.324	0.500	27	45349	3796507	3796587	3841856	3841898	50085691	3600000	3850000	0	3653	42	45269	spaced
SUPER_17	21020053	21077950	IR	324	.	21048822	0.324	0.667	27	57863	21020053	21020113	21077910	21077950	50085691	20850000	21100000	171	3316	40	57797	spaced
SUPER_17	25112572	25129999	IR	324	.	25121216	0.324	0.880	24	17379	25112572	25112616	25129955	25130005	50085691	24950000	25200000	280	2854	44	17339	spaced
SUPER_17	44060887	44200795	IR	324	.	44130534	0.324	0.394	24	139850	44060887	44086839	44174861	44200795	50085691	44000000	44250000	0	2180	25934	88022	spaced
SUPER_17	43897775	44041975	IR	324	.	43970178	0.324	0.800	21	144154	43897775	43897823	44041927	44041987	50085691	43800000	44050000	0	2831	48	144104	wide
SUPER_17	5997748	6185742	IR	324	.	6091438	0.324	0.600	20	187954	5997748	5997788	6185702	6185770	50085691	5950000	6200000	0	2362	40	187914	wide
SUPER_17	19292398	19340399	IR	324	.	19316324	0.324	0.958	20	47957	19292398	19292444	19340353	19340401	50085691	19100000	19350000	209	3606	46	47909	spaced
SUPER_17	44799991	44808867	IR	323	.	44804558	0.323	0.899	98	9172	44799991	44801463	44807395	44808914	50085691	44700000	44950000	100	1740	1472	5932	spaced
SUPER_17	35677087	35811867	IR	323	.	35744677	0.323	0.570	78	135082	35677087	35678719	35810237	35811867	50085691	35600000	35850000	27	2407	1630	131518	wide
SUPER_17	38227072	38272913	IR	323	.	38249960	0.323	0.922	53	46007	38227072	38227787	38272198	38272914	50085691	38050000	38300000	53	3333	715	44411	spaced
SUPER_17	33798582	33823783	IR	323	.	33811563	0.323	0.864	41	25183	33798582	33799401	33823013	33823783	50085691	33650000	33900000	0	2686	770	23612	spaced
SUPER_17	35482919	35518909	IR	323	.	35501271	0.323	0.918	32	35973	35482919	35483554	35518282	35518909	50085691	35300000	35550000	0	3348	627	34728	spaced
SUPER_17	10212564	10215460	IR	323	.	10214055	0.323	0.980	29	2909	10212564	10212763	10215261	10215460	50085691	10150000	10400000	29	1066	199	2498	spaced
SUPER_17	49650998	49677143	IR	323	.	49663568	0.323	0.682	26	26124	49650998	49659067	49669085	49677143	50085691	49650000	49900000	0	234	8058	10018	spaced
SUPER_17	26372443	26562942	IR	323	.	26467190	0.323	0.931	21	190477	26372443	26372934	26562452	26562942	50085691	26350000	26600000	0	1961	490	189518	wide
SUPER_17	27988460	28056640	IR	322	.	28022773	0.322	0.944	104	70211	27988460	27988853	28056253	28056640	50085691	27850000	28100000	33	2875	387	67400	spaced
SUPER_17	18483130	18500245	IR	322	.	18492006	0.322	0.876	79	17128	18483130	18485810	18497565	18500275	50085691	18300000	18550000	0	3194	2680	11755	spaced
SUPER_17	24562117	24600087	IR	322	.	24581380	0.322	0.881	56	37918	24562117	24562902	24599321	24600087	50085691	24400000	24650000	0	3018	766	36419	spaced
SUPER_17	27914220	27987358	IR	322	.	27951273	0.322	0.845	41	73155	27914220	27915336	27986242	27987397	50085691	27750000	28000000	0	3346	1116	70906	spaced
SUPER_17	7703808	7730744	IR	322	.	7717675	0.322	1.000	38	26886	7703808	7703880	7730672	7730744	50085691	7500000	7750000	0	3621	72	26792	spaced
SUPER_17	18347360	18395690	IR	322	.	18371135	0.322	0.718	31	48306	18347360	18349097	18394017	18395690	50085691	18250000	18500000	0	2025	1673	44920	spaced
SUPER_17	15700930	15873064	IR	322	.	15786851	0.322	0.920	29	172100	15700930	15700976	15873018	15873068	50085691	15650000	15900000	340	2283	46	172042	wide
SUPER_17	6613067	6705719	IR	322	.	6659101	0.322	0.626	26	92629	6613067	6615000	6703786	6705723	50085691	6550000	6800000	0	1823	1933	88786	spaced
SUPER_17	22257983	22266189	IR	322	.	22262561	0.322	0.892	21	8187	22257983	22258433	22265765	22266189	50085691	22250000	22500000	0	201	424	7332	spaced
SUPER_17	39789660	39816302	IR	321	.	39802507	0.321	0.889	95	26637	39789660	39792745	39813217	39816317	50085691	39650000	39900000	0	2549	3085	20472	spaced
SUPER_17	31563597	31604301	IR	321	.	31583708	0.321	0.949	60	40842	31563597	31564161	31603737	31604301	50085691	31400000	31650000	60	3065	564	39576	spaced
SUPER_17	2658604	2718304	IR	321	.	2688896	0.321	0.841	47	59626	2658604	2658692	2718230	2718304	50085691	2650000	2900000	0	640	74	59538	spaced
SUPER_17	5499373	5576157	IR	321	.	5537385	0.321	0.750	33	76730	5499373	5499445	5576103	5576157	50085691	5350000	5600000	0	3129	54	76658	spaced
SUPER_17	48792047	48942199	IR	321	.	48867146	0.321	1.000	30	150104	48792047	48792095	48942151	48942199	50085691	48750000	49000000	252	1951	48	150056	wide
SUPER_17	20636830	20662702	IR	321	.	20649387	0.321	0.794	27	25818	20636830	20636898	20662648	20662702	50085691	20450000	20700000	0	3329	54	25750	spaced
SUPER_17	5576107	5751996	IR	321	.	5664086	0.321	0.958	24	175845	5576107	5576153	5751950	5751998	50085691	5550000	5800000	253	1900	46	175797	wide
SUPER_17	43691404	43881745	IR	320	.	43786903	0.320	0.879	122	190322	43691404	43695242	43877997	43881745	50085691	43650000	43900000	0	2276	3748	182755	wide
SUPER_17	38447944	38544552	IR	320	.	38496338	0.320	0.901	94	96993	38447944	38450181	38542330	38544552	50085691	38350000	38600000	94	2437	2222	92149	spaced
SUPER_17	33523042	33551096	IR	320	.	33536895	0.320	0.924	52	28301	33523042	33523782	33550362	33551096	50085691	33350000	33600000	54	3117	734	26580	spaced
SUPER_17	17644653	17651536	IR	320	.	17648280	0.320	0.940	32	6908	17644653	17644970	17651223	17651536	50085691	17450000	17700000	32	3301	313	6253	spaced
SUPER_17	4508401	4546559	IR	320	.	4527882	0.320	0.632	28	38112	4508401	4508449	4546511	4546587	50085691	4450000	4700000	0	1291	48	38062	spaced
SUPER_17	6567328	6569517	IR	320	.	6568535	0.320	0.932	28	2426	6567328	6567637	6569213	6569517	50085691	6500000	6750000	30	1140	304	1576	immediate
SUPER_17	3946472	4012014	IR	320	.	3978781	0.320	0.929	23	65492	3946472	3946524	4011962	4012018	50085691	3800000	4050000	0	2987	52	65438	spaced
SUPER_17	4993669	5035663	IR	319	.	5014893	0.319	0.856	113	44298	4993669	4994131	5035223	5035663	50085691	4800000	5050000	14	3577	440	41092	spaced
SUPER_17	23963013	23983163	IR	319	.	23973015	0.319	0.796	56	20614	23963013	23965891	23980418	23983163	50085691	23750000	24000000	56	3717	2745	14527	spaced
SUPER_17	32690267	32707661	IR	319	.	32698962	0.319	0.849	39	17612	32690267	32691573	32706355	32707691	50085691	32550000	32800000	41	2482	1306	14782	spaced
SUPER_17	47282922	47444587	IR	319	.	47363475	0.319	0.604	34	161621	47282922	47283004	47444539	47444587	50085691	47200000	47450000	0	2729	48	161535	wide
SUPER_17	13137109	13139995	IR	319	.	13138902	0.319	0.630	30	2842	13137109	13137185	13139949	13139995	50085691	12900000	13150000	0	3975	46	2764	spaced
SUPER_17	20305541	20330277	IR	318	.	20318256	0.318	0.915	206	24753	20305541	20307608	20328210	20330315	50085691	20200000	20450000	0	1965	2067	20602	spaced
SUPER_17	18530668	18712327	IR	318	.	18621721	0.318	0.862	35	181605	18530668	18530718	18712277	18712335	50085691	18500000	18750000	412	2024	50	181559	wide
SUPER_17	27510174	27568337	IR	318	.	27539683	0.318	0.790	32	58219	27510174	27511454	27567057	27568418	50085691	27350000	27600000	0	3154	1280	55603	spaced
SUPER_17	39189515	39225707	IR	318	.	39207733	0.318	0.786	32	36391	39189515	39193676	39221554	39225707	50085691	39050000	39300000	32	2626	4153	27878	spaced
SUPER_17	28595931	28598822	IR	318	.	28596961	0.318	0.913	28	2790	28595931	28596239	28598528	28598822	50085691	28550000	28800000	0	789	294	2289	spaced
SUPER_17	1887590	1940728	IR	318	.	1914252	0.318	0.795	27	53277	1887590	1888174	1940160	1940728	50085691	1700000	1950000	27	3569	568	51986	spaced
SUPER_17	7447022	7454935	IR	318	.	7451352	0.318	0.662	21	7917	7447022	7447065	7454892	7454957	50085691	7250000	7500000	0	3349	43	7827	spaced
SUPER_17	509761	646353	IR	317	.	577727	0.317	0.862	469	136582	509761	522379	633735	646367	50085691	500000	750000	0	1300	12618	111356	wide
SUPER_17	38605407	38651747	IR	317	.	38629033	0.317	0.805	49	46281	38605407	38605831	38651399	38651747	50085691	38450000	38700000	0	2976	348	45568	spaced
SUPER_17	33588200	33732125	IR	317	.	33659891	0.317	0.520	43	143875	33588200	33588294	33732075	33732125	50085691	33500000	33750000	0	2669	50	143781	wide
SUPER_17	17182457	17343154	IR	317	.	17262345	0.317	0.765	26	160645	17182457	17182525	17343102	17343154	50085691	17100000	17350000	0	2713	52	160577	wide
SUPER_17	29747672	29883662	IR	317	.	29815641	0.317	0.958	23	135946	29747672	29747720	29883616	29883662	50085691	29700000	29950000	229	1927	46	135896	wide
SUPER_17	8796281	8882866	IR	316	.	8839114	0.316	0.430	100	68300	8796281	8816504	8862664	8882866	50085691	8750000	9000000	0	1492	20202	46160	spaced
SUPER_17	4614108	4635454	IR	315	.	4624977	0.315	0.930	91	22762	4614108	4615444	4634118	4635468	50085691	4400000	4650000	91	3746	1336	18674	spaced
SUPER_17	1742063	1758915	IR	315	.	1750020	0.315	0.831	25	16895	1742063	1743256	1757722	1758981	50085691	1600000	1850000	0	2508	1193	14466	spaced
SUPER_17	21551163	21601544	IR	315	.	21576011	0.315	0.807	21	50291	21551163	21553520	21599189	21601544	50085691	21400000	21650000	0	2939	2355	45669	spaced
SUPER_17	39974311	40060598	IR	314	.	40017548	0.314	0.857	39	86237	39974311	39974359	40060550	40060606	50085691	39850000	40100000	562	2790	48	86191	spaced
SUPER_17	14781262	14838218	IR	314	.	14810163	0.314	0.927	20	56939	14781262	14781317	14838167	14838218	50085691	14600000	14850000	0	3495	51	56850	spaced
SUPER_17	48207284	48237156	IR	313	.	48222449	0.313	0.608	53	33172	48207284	48208873	48235586	48237156	50085691	48000000	48250000	14	3703	1570	26713	spaced
SUPER_17	26167949	26273310	IR	313	.	26221047	0.313	0.857	20	105313	26167949	26168005	26273262	26273310	50085691	26050000	26300000	0	2843	48	105257	wide
SUPER_17	13912418	13987834	IR	312	.	13950501	0.312	0.849	106	75394	13912418	13915445	13984884	13987834	50085691	13750000	14000000	0	3335	2950	69439	spaced
SUPER_17	1956610	2056478	IR	312	.	2006104	0.312	0.518	26	99872	1956610	1959568	2053520	2056507	50085691	1950000	2200000	0	942	2958	93952	spaced
SUPER_17	3048384	3056412	IR	312	.	3051971	0.312	0.839	24	7978	3048384	3048446	3056360	3056412	50085691	2850000	3100000	0	3373	52	7914	spaced
SUPER_17	4886315	4889560	IR	312	.	4888310	0.312	0.636	22	3186	4886315	4886587	4889383	4889560	50085691	4700000	4950000	0	3132	177	2796	spaced
SUPER_17	45633907	45721166	IR	311	.	45677364	0.311	0.936	101	87557	45633907	45634755	45720318	45721168	50085691	45500000	45750000	101	2958	848	85563	spaced
SUPER_17	49265505	49381605	IR	311	.	49323964	0.311	0.470	53	116080	49265505	49289657	49357475	49381605	50085691	49150000	49400000	0	2892	24130	67818	spaced
SUPER_17	30584187	30636138	IR	311	.	30609813	0.311	0.743	27	51899	30584187	30584257	30636086	30636138	50085691	30400000	30650000	0	3502	52	51829	spaced
SUPER_17	2632697	2643399	IR	311	.	2638538	0.311	0.786	21	10658	2632697	2632741	2643355	2643411	50085691	2400000	2650000	0	3967	44	10614	spaced
SUPER_17	41042356	41047257	IR	310	.	41044990	0.310	0.936	37	4945	41042356	41042622	41046991	41047273	50085691	40850000	41100000	37	3246	266	4369	spaced
SUPER_17	5769239	5771984	IR	309	.	5770780	0.309	0.972	48	2803	5769239	5769595	5771628	5771986	50085691	5600000	5850000	48	2843	356	2033	spaced
SUPER_17	19994403	19998375	IR	309	.	19996568	0.309	0.790	34	4016	19994403	19994639	19998139	19998428	50085691	19900000	20150000	38	1606	236	3500	spaced
SUPER_17	305635	362195	IR	309	.	333655	0.309	0.862	26	56538	305635	306277	361587	362195	50085691	150000	400000	0	3065	608	55310	spaced
SUPER_17	32562502	32587934	IR	308	.	32575412	0.308	0.934	166	25689	32562502	32564838	32585603	32587934	50085691	32350000	32600000	166	3753	2331	20765	spaced
SUPER_17	13684973	13692334	IR	308	.	13688682	0.308	0.975	69	7407	13684973	13685495	13691812	13692337	50085691	13450000	13700000	69	3977	522	6317	spaced
SUPER_17	9001539	9038836	IR	307	.	9020677	0.307	0.622	27	37255	9001539	9001614	9038791	9038836	50085691	8800000	9050000	0	3669	45	37177	spaced
SUPER_17	28930832	28939018	IR	307	.	28935093	0.307	0.912	27	8936	28930832	28931139	28938715	28939018	50085691	28800000	29050000	31	2248	303	7576	spaced
SUPER_17	50020907	50070684	IR	306	.	50045977	0.306	0.920	341	54490	50020907	50026916	50064675	50070730	50085691	49850000	50085691	342	3263	6009	37759	spaced
SUPER_17	37072963	37129660	IR	306	.	37101301	0.306	0.826	82	57118	37072963	37075037	37127586	37129690	50085691	36900000	37150000	82	3355	2074	52549	spaced
SUPER_17	11797872	11840710	IR	306	.	11819496	0.306	0.839	35	43231	11797872	11800190	11838396	11840710	50085691	11600000	11850000	35	3654	2314	38206	spaced
SUPER_17	18508232	18530712	IR	306	.	18519079	0.306	0.828	22	22432	18508232	18508280	18530664	18530722	50085691	18300000	18550000	0	3657	48	22384	spaced
SUPER_17	6447609	6523288	IR	305	.	6485081	0.305	0.723	51	75542	6447609	6448822	6522181	6523288	50085691	6400000	6650000	0	1424	1107	73359	spaced
SUPER_17	45980946	45988738	IR	305	.	45984730	0.305	0.705	38	7809	45980946	45981910	45987821	45988738	50085691	45800000	46050000	38	3080	917	5911	spaced
SUPER_17	42496993	42520817	IR	305	.	42508476	0.305	0.883	33	23800	42496993	42497926	42519906	42520817	50085691	42350000	42600000	0	2648	911	21980	spaced
SUPER_17	39078135	39131398	IR	304	.	39104431	0.304	0.890	82	53242	39078135	39081262	39128271	39131428	50085691	38900000	39150000	0	3412	3127	47009	spaced
SUPER_17	24500189	24550761	IR	304	.	24525386	0.304	0.640	33	50659	24500189	24501500	24549530	24550761	50085691	24400000	24650000	33	2091	1231	48030	spaced
SUPER_17	29504886	29509114	IR	303	.	29507306	0.303	0.914	76	4248	29504886	29505449	29508551	29509159	50085691	29350000	29600000	0	2616	563	3102	spaced
SUPER_17	44915423	44930099	IR	302	.	44922565	0.302	0.925	61	14786	44915423	44916291	44929244	44930099	50085691	44800000	45050000	61	2045	855	12953	spaced
SUPER_17	48268220	48480741	IR	302	.	48374304	0.302	0.679	24	212489	48268220	48268276	48480703	48480741	50085691	48250000	48500000	89	2074	38	212427	wide
SUPER_17	9076308	9142476	IR	301	.	9109417	0.301	0.852	28	66126	9076308	9076362	9142430	9142476	50085691	9050000	9300000	397	989	46	66068	spaced
SUPER_17	17731849	17741077	IR	300	.	17736436	0.300	0.994	622	10084	17731849	17735034	17737892	17741077	50085691	17500000	17750000	622	3940	3185	2858	spaced
SUPER_17	38812689	38872356	IR	299	.	38843005	0.299	0.798	226	59290	38812689	38819483	38865581	38872356	50085691	38650000	38900000	0	3208	6775	46098	spaced
SUPER_17	26059852	26066574	IR	299	.	26063053	0.299	0.932	68	7228	26059852	26060684	26065742	26066598	50085691	25850000	26100000	68	3553	832	5058	spaced
SUPER_17	28401206	28440532	IR	299	.	28420532	0.299	0.896	24	39300	28401206	28402425	28439321	28440532	50085691	28200000	28450000	0	3681	1211	36896	spaced
SUPER_17	33031018	33099841	IR	296	.	33065004	0.296	0.964	240	68807	33031018	33033644	33097215	33099843	50085691	32850000	33100000	0	3590	2626	63571	spaced
SUPER_17	28776939	28882066	IR	296	.	28829630	0.296	0.880	38	105493	28776939	28778278	28880727	28882088	50085691	28650000	28900000	38	2991	1339	102449	wide
SUPER_17	25564233	25727120	IR	296	.	25645902	0.296	0.957	21	162843	25564233	25564279	25727076	25727120	50085691	25500000	25750000	204	2427	44	162797	wide
SUPER_17	26709814	26740303	IR	295	.	26725001	0.295	0.885	28	45421	26709814	26710827	26739290	26740316	50085691	26550000	26800000	28	2917	1013	28463	spaced
SUPER_17	47803154	47850956	IR	294	.	47826789	0.294	0.899	244	47743	47803154	47807384	47846781	47850956	50085691	47700000	47950000	0	2117	4175	39397	spaced
SUPER_17	14869561	15021016	IR	293	.	14945350	0.293	0.965	307	151902	14869561	14871074	15019503	15021059	50085691	14850000	15100000	337	1588	1513	148429	wide
SUPER_17	13058	95266	IR	293	.	54293	0.293	0.631	34	82252	13058	14094	94230	95310	50085691	0	250000	35	902	1036	80136	spaced
SUPER_17	8751243	8767395	IR	293	.	8759381	0.293	0.897	30	16160	8751243	8751583	8767055	8767396	50085691	8600000	8850000	31	2655	340	15472	spaced
SUPER_17	8540339	8621280	IR	291	.	8580758	0.291	0.848	70	84481	8540339	8544709	8616910	8621287	50085691	8500000	8750000	73	1346	4370	72201	spaced
SUPER_18	34577186	34583410	IR	684	.	34580559	0.684	0.902	87	5869	34577186	34578984	34581657	34583410	50049746	34350000	34600000	0	3838	1753	2673	spaced
SUPER_18	14868389	14870339	IR	641	.	14869364	0.641	0.972	109	2130	14868389	14869201	14869527	14870341	50049746	14650000	14900000	109	3655	812	326	immediate
SUPER_18	24916455	24919307	IR	636	.	24917892	0.636	0.910	61	2966	24916455	24917409	24918375	24919307	50049746	24800000	25050000	61	1964	932	966	immediate
SUPER_18	15502994	15508888	IR	608	.	15505677	0.608	0.708	66	5874	15502994	15505940	15505943	15508888	50049746	15300000	15550000	0	3432	2945	3	immediate
SUPER_18	955446	958452	IR	600	.	956945	0.600	0.945	134	3703	955446	956572	957338	958452	50049746	800000	1050000	134	2615	1114	766	immediate
SUPER_18	27866218	28030399	IR	588	.	27948315	0.588	0.386	85	164131	27866218	27947901	27948729	28030399	50049746	27850000	28100000	284	1638	81670	828	immediate
SUPER_18	45025452	45238886	IR	587	.	45132451	0.587	0.950	313	213360	45025452	45029663	45234707	45238886	50049746	45000000	45250000	0	2202	4179	205044	wide
SUPER_18	13907141	13908729	IR	574	.	13907941	0.574	0.948	74	27795	13907141	13907879	13907991	13908741	50049746	13800000	14050000	90	1798	738	112	immediate
SUPER_18	37427674	37429250	IR	573	.	37428472	0.573	0.826	44	147066	37427674	37428243	37428681	37429270	50049746	37350000	37600000	52	1307	569	438	immediate
SUPER_18	24740217	24742857	IR	570	.	24741405	0.570	0.692	22	2666	24740217	24741307	24741768	24742857	50049746	24500000	24750000	22	4025	1089	461	immediate
SUPER_18	42229999	42248353	IR	563	.	42239507	0.563	0.404	43	9459	42229999	42239103	42239249	42248451	50049746	42150000	42400000	0	1486	9104	146	immediate
SUPER_18	36660801	36663612	IR	547	.	36662290	0.547	0.964	44	2918	36660801	36661165	36663248	36663612	50049746	36450000	36700000	45	3536	364	2083	spaced
SUPER_18	15603745	15607121	IR	541	.	15605433	0.541	0.949	117	3740	15603745	15604892	15605974	15607134	50049746	15400000	15650000	117	3423	1147	1082	immediate
SUPER_18	34214050	34216148	IR	541	.	34215099	0.541	0.972	112	2186	34214050	34214859	34215339	34216148	50049746	34000000	34250000	112	3584	809	480	immediate
SUPER_18	45736503	45739571	IR	528	.	45738037	0.528	0.967	92	3523	45736503	45737286	45738788	45739571	50049746	45600000	45850000	92	2300	783	1502	immediate
SUPER_18	38253848	38255337	IR	517	.	38254596	0.517	0.873	92	45492	38253848	38254529	38254663	38255337	50049746	38100000	38350000	104	2576	674	134	immediate
SUPER_18	37719459	37907844	IR	502	.	37813386	0.502	0.384	20	188343	37719459	37810255	37817136	37907844	50049746	37700000	37950000	0	1894	90708	6881	spaced
SUPER_18	30187076	30188972	IR	491	.	30188024	0.491	0.975	127	2139	30187076	30187825	30188223	30188973	50049746	29950000	30200000	127	3966	749	398	immediate
SUPER_18	39346353	39352223	IR	482	.	39349069	0.482	0.767	46	5951	39346353	39347200	39351376	39352260	50049746	39150000	39400000	37	3321	847	4176	spaced
SUPER_18	38560283	38562154	IR	480	.	38561220	0.480	0.958	74	2146	38560283	38560822	38561615	38562154	50049746	38350000	38600000	74	3520	539	793	immediate
SUPER_18	49081560	49186752	IR	477	.	49134111	0.477	0.913	21	106039	49081560	49081602	49186710	49186756	50049746	48950000	49200000	153	3069	42	105108	wide
SUPER_18	24972411	24979284	IR	471	.	24975858	0.471	0.967	338	15926	24972411	24974725	24976991	24979284	50049746	24850000	25100000	338	2097	2293	2266	spaced
SUPER_18	22592158	22593989	IR	466	.	22593081	0.466	0.934	88	2158	22592158	22592895	22593252	22594006	50049746	22350000	22600000	91	4051	737	357	immediate
SUPER_18	8748860	8862631	IR	462	.	8805278	0.462	0.951	212	113765	8748860	8750992	8860499	8862645	50049746	8650000	8900000	0	2595	2132	109507	wide
SUPER_18	5338922	5341488	IR	459	.	5340205	0.459	0.968	54	2664	5338922	5339391	5341019	5341488	50049746	5300000	5550000	54	669	469	1628	immediate
SUPER_18	1741554	1743914	IR	457	.	1742734	0.457	0.958	75	2735	1741554	1742359	1743109	1743916	50049746	1500000	1750000	79	4045	805	750	immediate
SUPER_18	47527049	47650097	IR	453	.	47589074	0.453	0.406	37	122696	47527049	47570344	47606883	47650097	50049746	47500000	47750000	0	1476	43214	36539	spaced
SUPER_18	8157488	8167989	IR	448	.	8162746	0.448	0.886	96	10807	8157488	8158694	8166783	8168040	50049746	7950000	8200000	96	3545	1206	8089	spaced
SUPER_18	43164305	43167059	IR	447	.	43165682	0.447	0.875	20	2815	43164305	43164955	43166409	43167073	50049746	42950000	43200000	20	3594	650	1454	immediate
SUPER_18	9885048	10049950	IR	444	.	9967473	0.444	0.525	134	191836	9885048	9935848	9999202	10049950	50049746	9850000	10100000	139	1958	50748	63354	spaced
SUPER_18	16020097	16022607	IR	442	.	16021372	0.442	0.789	36	2581	16020097	16020869	16021927	16022607	50049746	15900000	16150000	36	2022	680	1058	immediate
SUPER_18	31237675	31359226	IR	441	.	31298805	0.441	0.263	32	121513	31237675	31237713	31359188	31359278	50049746	31150000	31400000	0	2474	38	121475	wide
SUPER_18	13285765	13468425	IR	438	.	13377305	0.438	0.851	82	183392	13285765	13289632	13464558	13468529	50049746	13250000	13500000	82	2118	3867	174926	wide
SUPER_18	8390913	8454475	IR	436	.	8422739	0.436	0.723	96	63768	8390913	8393256	8452132	8454509	50049746	8250000	8500000	98	2878	2343	58876	spaced
SUPER_18	28562678	28566476	IR	431	.	28564581	0.431	0.861	24	3791	28562678	28563779	28565383	28566476	50049746	28350000	28600000	24	3576	1093	1604	immediate
SUPER_18	44538509	44703767	IR	420	.	44621451	0.420	0.834	42	165209	44538509	44540086	44702198	44703767	50049746	44500000	44750000	0	2018	1569	162112	wide
SUPER_18	40197706	40281632	IR	420	.	40240132	0.420	0.389	27	48601	40197706	40233058	40246339	40281632	50049746	40050000	40300000	0	3161	35293	13281	spaced
SUPER_18	8588542	8659354	IR	418	.	8624083	0.418	0.935	218	71771	8588542	8590481	8657415	8659374	50049746	8550000	8800000	224	1232	1939	66934	spaced
SUPER_18	33818565	33991438	IR	418	.	33905281	0.418	0.643	24	172919	33818565	33819595	33990408	33991501	50049746	33750000	34000000	0	2583	1030	170813	wide
SUPER_18	8455173	8539072	IR	415	.	8497162	0.415	0.954	160	84083	8455173	8456269	8537976	8539086	50049746	8300000	8550000	162	3285	1096	81707	spaced
SUPER_18	25877754	25881510	IR	413	.	25879583	0.413	0.899	41	3814	25877754	25878236	25881044	25881510	50049746	25650000	25900000	41	3827	466	2808	spaced
SUPER_18	31069243	31070914	IR	413	.	31070085	0.413	0.872	22	49476	31069243	31069573	31070597	31070914	50049746	31000000	31250000	26	1167	317	1024	immediate
SUPER_18	9271837	9345499	IR	411	.	9309153	0.411	0.900	80	73661	9271837	9274336	9343000	9345516	50049746	9250000	9500000	0	977	2499	68664	spaced
SUPER_18	1791240	1795946	IR	411	.	1793594	0.411	0.853	71	5118	1791240	1793246	1793942	1795946	50049746	1750000	2000000	71	726	2004	696	immediate
SUPER_18	44030860	44152489	IR	402	.	44091786	0.402	0.897	27	121675	44030860	44031295	44152064	44152489	50049746	44000000	44250000	27	1527	425	120769	wide
SUPER_18	9868420	9873037	IR	401	.	9870480	0.401	0.943	280	127337	9868420	9868560	9872897	9873037	50049746	9750000	10000000	5	2012	140	4337	spaced
SUPER_18	39633830	39678466	IR	401	.	39655701	0.401	0.905	136	44615	39633830	39635671	39676650	39678466	50049746	39450000	39700000	0	3435	1816	40979	spaced
SUPER_18	14384054	14429642	IR	396	.	14407267	0.396	0.872	38	45594	14384054	14385890	14427806	14429665	50049746	14300000	14550000	0	1780	1836	41916	spaced
SUPER_18	31991071	31993721	IR	396	.	31992637	0.396	0.963	29	2635	31991071	31991394	31993398	31993724	50049746	31750000	32000000	0	4039	323	2004	spaced
SUPER_18	18319938	18330613	IR	394	.	18325231	0.394	0.889	31	10625	18319938	18319986	18330565	18330619	50049746	18200000	18450000	394	2087	48	10579	spaced
SUPER_18	35624856	35799967	IR	393	.	35712413	0.393	0.974	21	175129	35624856	35625046	35799777	35799967	50049746	35550000	35800000	25	2706	190	174731	wide
SUPER_18	10794722	10798101	IR	390	.	10796414	0.390	0.870	47	3582	10794722	10795542	10797281	10798133	50049746	10550000	10800000	47	4106	820	1739	immediate
SUPER_18	27417114	27535773	IR	389	.	27476538	0.389	0.893	37	119174	27417114	27417566	27535325	27535773	50049746	27350000	27600000	37	2107	448	117759	wide
SUPER_18	25967969	25995360	IR	388	.	25981297	0.388	0.753	653	27367	25967969	25976869	25986462	25995360	50049746	25850000	26100000	0	2194	8898	9593	spaced
SUPER_18	19938563	19941547	IR	385	.	19940062	0.385	0.904	59	3255	19938563	19939307	19940818	19941547	50049746	19800000	20050000	60	2334	729	1511	immediate
SUPER_18	38003237	38068378	IR	385	.	38035697	0.385	0.724	26	65105	38003237	38003295	38068336	38068378	50049746	38000000	38250000	170	596	42	65041	spaced
SUPER_18	40473330	40586999	IR	384	.	40530612	0.384	0.950	286	113657	40473330	40475855	40584474	40587007	50049746	40350000	40600000	0	3002	2525	108619	wide
SUPER_18	35397646	35506343	IR	384	.	35451799	0.384	0.930	81	109696	35397646	35398644	35505345	35506364	50049746	35300000	35550000	81	2533	998	106701	wide
SUPER_18	35066031	35132895	IR	383	.	35099631	0.383	0.932	343	67609	35066031	35069928	35128998	35132937	50049746	34900000	35150000	343	3324	3897	59070	spaced
SUPER_18	3069069	3071401	IR	383	.	3070235	0.383	0.989	51	70232	3069069	3069337	3071133	3071401	50049746	2900000	3150000	51	2837	268	1796	immediate
SUPER_18	41605880	41676678	IR	382	.	41641614	0.382	0.525	26	70758	41605880	41605954	41676638	41676678	50049746	41500000	41750000	0	2354	40	70684	spaced
SUPER_18	24479717	24483103	IR	380	.	24481410	0.380	0.918	23	3395	24479717	24480512	24482308	24483107	50049746	24250000	24500000	23	3856	795	1796	immediate
SUPER_18	40871723	41094796	IR	380	.	40983263	0.380	0.772	21	225542	40871723	40873063	41093468	41094796	50049746	40850000	41100000	21	2220	1328	220405	wide
SUPER_18	39497914	39573379	IR	379	.	39535646	0.379	0.401	56	75673	39497914	39535306	39536045	39573379	50049746	39450000	39700000	56	1427	37334	739	immediate
SUPER_18	48443520	48581875	IR	377	.	48512696	0.377	0.747	42	138555	48443520	48444609	48580786	48581944	50049746	48400000	48650000	50	1878	1089	136177	wide
SUPER_18	39812336	39977376	IR	377	.	39894956	0.377	0.736	26	165147	39812336	39812923	39976789	39977470	50049746	39750000	40000000	27	2414	587	163866	wide
SUPER_18	30078907	30098339	IR	375	.	30088323	0.375	0.753	26	19405	30078907	30079154	30098152	30098339	50049746	29950000	30200000	0	2310	187	18998	spaced
SUPER_18	26604092	26651063	IR	374	.	26627740	0.374	0.872	94	47335	26604092	26605445	26649722	26651063	50049746	26450000	26700000	98	2959	1341	44277	spaced
SUPER_18	21567655	21571656	IR	374	.	21570103	0.374	0.890	45	3905	21567655	21568643	21570668	21571676	50049746	21400000	21650000	0	2827	988	2025	spaced
SUPER_18	2519908	2562175	IR	373	.	2540947	0.373	0.906	138	43553	2519908	2522398	2559685	2562202	50049746	2400000	2650000	138	2350	2490	37287	spaced
SUPER_18	46542936	46577453	IR	373	.	46560033	0.373	0.769	20	34471	46542936	46542976	46577413	46577465	50049746	46350000	46600000	107	3503	40	34437	spaced
SUPER_18	36449604	36496626	IR	372	.	36473451	0.372	0.923	20	46974	36449604	36449652	36496578	36496630	50049746	36350000	36600000	0	2051	48	46926	spaced
SUPER_18	27634689	27673924	IR	369	.	27654463	0.369	0.925	51	40107	27634689	27635517	27673096	27673926	50049746	27450000	27700000	51	3404	828	37579	spaced
SUPER_18	990745	1138853	IR	368	.	1064936	0.368	0.861	76	148334	990745	992153	1137445	1138884	50049746	900000	1150000	80	2746	1408	145292	wide
SUPER_18	234560	263454	IR	367	.	249118	0.367	0.535	21	28958	234560	235926	262088	263472	50049746	50000	300000	21	3316	1366	26162	spaced
SUPER_18	44476555	44515564	IR	365	.	44496133	0.365	0.808	20	38961	44476555	44476597	44515522	44515574	50049746	44300000	44550000	128	3267	42	38925	spaced
SUPER_18	29267229	29499993	IR	363	.	29384036	0.363	0.723	229	232742	29267229	29274275	29492978	29499993	50049746	29250000	29500000	0	2226	7015	218703	wide
SUPER_18	28660942	28787805	IR	363	.	28724218	0.363	0.958	28	126839	28660942	28660990	28787759	28787805	50049746	28550000	28800000	323	2906	46	126769	wide
SUPER_18	3760442	3763415	IR	362	.	3762147	0.362	0.840	20	2927	3760442	3760484	3763373	3763423	50049746	3600000	3850000	135	2698	42	2889	spaced
SUPER_18	7916068	8129055	IR	361	.	8022327	0.361	0.912	74	214169	7916068	7917016	8128114	8129055	50049746	7900000	8150000	75	2042	941	211098	wide
SUPER_18	38488337	38558365	IR	361	.	38522851	0.361	0.791	45	69960	38488337	38488423	38558297	38558365	50049746	38450000	38700000	0	1222	68	69874	spaced
SUPER_18	21977611	22017081	IR	361	.	21996854	0.361	0.969	29	39410	21977611	21977675	22017019	22017081	50049746	21800000	22050000	0	3288	62	39344	spaced
SUPER_18	40038797	40042480	IR	361	.	40040638	0.361	0.819	28	3731	40038797	40040027	40041278	40042480	50049746	39950000	40200000	31	1510	1202	1251	immediate
SUPER_18	30893930	30922447	IR	361	.	30908269	0.361	0.920	24	28510	30893930	30893980	30922401	30922447	50049746	30700000	30950000	253	3469	46	28421	spaced
SUPER_18	42608300	42700115	IR	360	.	42654393	0.360	0.956	126	92784	42608300	42609231	42699184	42700116	50049746	42500000	42750000	126	2569	931	89953	spaced
SUPER_18	38805708	38858232	IR	360	.	38831727	0.360	0.818	26	52522	38805708	38807082	38856858	38858241	50049746	38650000	38900000	21	3032	1374	49776	spaced
SUPER_18	36888162	37006031	IR	359	.	36946768	0.359	0.882	40	117848	36888162	36889131	37005080	37006031	50049746	36800000	37050000	0	2451	951	115949	wide
SUPER_18	45519728	45522687	IR	359	.	45521543	0.359	0.885	34	2935	45519728	45520209	45522229	45522687	50049746	45300000	45550000	0	3686	458	2020	spaced
SUPER_18	13781055	13885548	IR	359	.	13833653	0.359	0.380	30	104459	13781055	13833316	13833287	13885550	50049746	13650000	13900000	0	3054	52261	-29	overlap
SUPER_18	21332049	21371995	IR	359	.	21351891	0.359	0.917	20	39906	21332049	21332097	21371951	21371995	50049746	21300000	21550000	132	866	44	39854	spaced
SUPER_18	38351010	38482161	IR	358	.	38416340	0.358	0.810	126	132209	38351010	38351062	38482109	38482162	50049746	38350000	38600000	10	1109	52	131047	wide
SUPER_18	45862177	45952242	IR	358	.	45907025	0.358	0.925	39	90085	45862177	45863033	45951386	45952242	50049746	45850000	46100000	39	953	856	88353	spaced
SUPER_18	15392832	15487591	IR	357	.	15440691	0.357	0.767	381	94099	15392832	15404573	15475947	15487591	50049746	15250000	15500000	0	3170	11644	71374	spaced
SUPER_18	6007168	6131565	IR	357	.	6069567	0.357	0.943	333	126424	6007168	6009931	6128802	6131566	50049746	6000000	6250000	266	1155	2763	118871	wide
SUPER_18	31510715	31537476	IR	357	.	31524009	0.357	0.904	116	27480	31510715	31512134	31536076	31537476	50049746	31350000	31600000	116	2901	1400	23942	spaced
SUPER_18	45842921	45846920	IR	357	.	45844903	0.357	0.895	48	4036	45842921	45843926	45845919	45846920	50049746	45800000	46050000	49	748	1001	1993	immediate
SUPER_18	4231333	4394050	IR	357	.	4312202	0.357	0.878	37	162708	4231333	4232868	4392515	4394063	50049746	4200000	4450000	0	1878	1535	159647	wide
SUPER_18	18653914	18715564	IR	357	.	18684920	0.357	0.715	36	61859	18653914	18654389	18715089	18715596	50049746	18500000	18750000	36	3078	475	60700	spaced
SUPER_18	43619016	43635463	IR	357	.	43627163	0.357	0.926	29	16399	43619016	43619066	43635413	43635467	50049746	43400000	43650000	438	3787	50	16347	spaced
SUPER_18	18913410	18921009	IR	356	.	18916855	0.356	0.920	23	7567	18913410	18913910	18920509	18921012	50049746	18900000	19150000	0	286	500	6599	spaced
SUPER_18	47900548	48015629	IR	355	.	47957868	0.355	0.645	26	115033	47900548	47900588	48015589	48015651	50049746	47800000	48050000	152	2634	40	115001	wide
SUPER_18	24551475	24566695	IR	354	.	24559057	0.354	0.967	39	15164	24551475	24551533	24566637	24566697	50049746	24350000	24600000	779	3484	58	15104	spaced
SUPER_18	40590099	40765520	IR	354	.	40677344	0.354	0.871	24	175383	40590099	40590153	40765466	40765528	50049746	40550000	40800000	0	2130	54	175313	wide
SUPER_18	42402840	42437638	IR	354	.	42420129	0.354	0.714	23	34764	42402840	42402896	42437598	42437638	50049746	42200000	42450000	172	3670	40	34702	spaced
SUPER_18	37988039	38003202	IR	353	.	37995111	0.353	0.949	476	15154	37988039	37992020	37999221	38003215	50049746	37900000	38150000	0	1593	3981	7201	spaced
SUPER_18	35805007	35820070	IR	352	.	35812956	0.352	0.894	169	15040	35805007	35808077	35817080	35820070	50049746	35750000	36000000	0	1042	2990	9003	spaced
SUPER_18	6932747	6939935	IR	352	.	6936562	0.352	0.949	146	7539	6932747	6934034	6938648	6939939	50049746	6900000	7150000	144	605	1287	4614	spaced
SUPER_18	26298442	26302585	IR	352	.	26300557	0.352	0.785	37	4516	26298442	26300384	26300729	26302585	50049746	26200000	26450000	37	1675	1856	345	immediate
SUPER_18	15003516	15129454	IR	352	.	15065997	0.352	0.926	20	125888	15003516	15003570	15129404	15129454	50049746	14900000	15150000	0	2774	50	125834	wide
SUPER_18	18141411	18158132	IR	351	.	18150109	0.351	0.852	52	16619	18141411	18144962	18154641	18158132	50049746	17950000	18200000	0	3329	3491	9679	spaced
SUPER_18	38884332	38943887	IR	351	.	38913659	0.351	0.625	22	59515	38884332	38884372	38943847	38943913	50049746	38700000	38950000	0	3568	40	59475	spaced
SUPER_18	32981795	33043139	IR	350	.	33012131	0.350	0.831	42	61311	32981795	32982878	33042056	33043162	50049746	32850000	33100000	0	2707	1083	59178	spaced
SUPER_18	48774085	48916572	IR	350	.	48845170	0.350	0.790	38	142733	48774085	48775313	48915344	48916666	50049746	48700000	48950000	38	2422	1228	140031	wide
SUPER_18	48984922	48987243	IR	350	.	48986098	0.350	0.831	20	2482	48984922	48985583	48986582	48987292	50049746	48800000	49050000	20	3101	661	999	immediate
SUPER_18	9144945	9239382	IR	349	.	9192263	0.349	0.851	96	95322	9144945	9146592	9237735	9239459	50049746	9050000	9300000	96	2369	1647	91143	spaced
SUPER_18	12288305	12433841	IR	349	.	12360885	0.349	0.708	71	146797	12288305	12290148	12432068	12433841	50049746	12250000	12500000	77	1851	1773	141920	wide
SUPER_18	34264672	34323801	IR	349	.	34293999	0.349	0.913	66	59210	34264672	34265698	34322789	34323801	50049746	34150000	34400000	66	2403	1012	57091	spaced
SUPER_18	32420188	32477903	IR	349	.	32449420	0.349	0.908	24	57509	32420188	32420870	32477230	32477903	50049746	32250000	32500000	0	3317	673	56360	spaced
SUPER_18	33200251	33300767	IR	349	.	33250621	0.349	0.833	20	100476	33200251	33200291	33300727	33300775	50049746	33100000	33350000	158	2508	40	100436	wide
SUPER_18	3898475	3977923	IR	348	.	3938124	0.348	0.956	100	80125	3898475	3899480	3976918	3977923	50049746	3750000	4000000	100	3136	1005	77438	spaced
SUPER_18	35862902	35976164	IR	348	.	35919422	0.348	0.881	76	113476	35862902	35863759	35975354	35976164	50049746	35750000	36000000	76	2825	810	111595	wide
SUPER_18	29643433	29661858	IR	348	.	29652241	0.348	0.528	21	18389	29643433	29643469	29661822	29661888	50049746	29450000	29700000	0	3377	36	18353	spaced
SUPER_18	47387949	47403824	IR	348	.	47395853	0.348	0.667	21	15833	47387949	47387985	47403788	47403842	50049746	47200000	47450000	183	3264	36	15803	spaced
SUPER_18	21239989	21332083	IR	348	.	21285703	0.348	0.553	20	92056	21239989	21240027	21332045	21332113	50049746	21150000	21400000	0	2267	38	92018	spaced
SUPER_18	20730456	20888745	IR	347	.	20809965	0.347	0.814	45	158219	20730456	20730542	20888675	20888745	50049746	20700000	20950000	0	1826	70	158133	wide
SUPER_18	28925651	28960058	IR	347	.	28942537	0.347	0.393	21	34423	28925651	28926644	28959065	28960091	50049746	28750000	29000000	0	3214	993	32421	spaced
SUPER_18	13190498	13190564	IR	346	.	13190382	0.346	1.000	28	14366	13190498	13190543	13190519	13190564	50049746	12950000	13200000	351	4008	45	-24	overlap
SUPER_18	13190496	13190553	IR	346	.	13190382	0.346	0.923	25	14366	13190496	13190532	13190517	13190556	50049746	13050000	13300000	130	2341	36	-15	overlap
SUPER_18	21622303	21782852	IR	345	.	21702432	0.345	0.887	110	160956	21622303	21623530	21781681	21782852	50049746	21600000	21850000	110	1709	1171	158151	wide
SUPER_18	11312495	11372895	IR	345	.	11343005	0.345	0.965	61	60370	11312495	11313181	11372209	11372895	50049746	11150000	11400000	0	3211	686	59028	spaced
SUPER_18	39007259	39174052	IR	345	.	39090615	0.345	0.778	25	166765	39007259	39007313	39174010	39174052	50049746	38950000	39200000	270	2344	42	166697	wide
SUPER_18	23330204	23433096	IR	345	.	23381290	0.345	0.719	22	102846	23330204	23330268	23433050	23433096	50049746	23200000	23450000	0	3027	46	102782	wide
SUPER_18	34049017	34076198	IR	344	.	34062777	0.344	0.833	36	27289	34049017	34049640	34075608	34076198	50049746	33950000	34200000	37	1876	590	25968	spaced
SUPER_18	11876697	12018704	IR	344	.	11947253	0.344	0.841	30	141984	11876697	11876956	12018445	12018740	50049746	11800000	12050000	0	2461	259	141489	wide
SUPER_18	33651271	33661720	IR	344	.	33656035	0.344	0.742	23	10403	33651271	33651333	33661674	33661720	50049746	33450000	33700000	0	3441	46	10341	spaced
SUPER_18	41227919	41286701	IR	343	.	41256870	0.343	0.949	310	58807	41227919	41230566	41284054	41286745	50049746	41150000	41400000	0	1788	2647	53488	spaced
SUPER_18	32223102	32316886	IR	343	.	32269760	0.343	0.794	24	94575	32223102	32226560	32313428	32316895	50049746	32100000	32350000	24	2833	3458	86868	spaced
SUPER_18	44515516	44520587	IR	343	.	44517741	0.343	0.688	22	5031	44515516	44515580	44520543	44520587	50049746	44300000	44550000	0	3634	44	4963	spaced
SUPER_18	1166817	1170292	IR	342	.	1168595	0.342	0.805	56	3538	1166817	1167700	1169409	1170334	50049746	1000000	1250000	65	2809	883	1709	immediate
SUPER_18	49834140	49937152	IR	342	.	49885905	0.342	0.852	49	103032	49834140	49835589	49935703	49937206	50049746	49800000	50049746	0	1427	1449	100114	wide
SUPER_18	562102	619217	IR	342	.	590698	0.342	0.834	48	57392	562102	562651	618668	619252	50049746	450000	700000	61	2344	549	56017	spaced
SUPER_18	10798681	10878805	IR	342	.	10838286	0.342	0.795	41	80158	10798681	10799740	10877746	10878865	50049746	10700000	10950000	0	2312	1059	78006	spaced
SUPER_18	36211173	36328040	IR	342	.	36269930	0.342	0.931	23	116813	36211173	36211227	36327986	36328044	50049746	36100000	36350000	0	2826	54	116759	wide
SUPER_18	632823	810488	IR	341	.	721228	0.341	0.874	198	177641	632823	637370	805956	810488	50049746	600000	850000	0	2027	4532	168586	wide
SUPER_18	4670690	4777599	IR	341	.	4724487	0.341	0.844	37	106853	4670690	4671714	4776600	4777599	50049746	4550000	4800000	0	2902	999	104886	wide
SUPER_18	37099526	37234303	IR	341	.	37166555	0.341	0.875	28	134721	37099526	37099582	37234247	37234311	50049746	37000000	37250000	0	2781	56	134665	wide
SUPER_18	37234247	37365293	IR	341	.	37299519	0.341	0.656	20	131010	37234247	37234311	37365251	37365293	50049746	37150000	37400000	0	2496	42	130940	wide
SUPER_18	48145173	48281021	IR	340	.	48213580	0.340	0.909	97	135824	48145173	48147301	48278893	48281023	50049746	48050000	48300000	0	2718	2128	131592	wide
SUPER_18	42921313	43018093	IR	340	.	42969908	0.340	0.941	77	96906	42921313	42922425	43016986	43018093	50049746	42800000	43050000	77	2828	1107	94561	spaced
SUPER_18	32565562	32746982	IR	340	.	32655886	0.340	0.873	46	181353	32565562	32567591	32744984	32746982	50049746	32500000	32750000	0	2604	1998	177393	wide
SUPER_18	41776713	41784123	IR	340	.	41780707	0.340	0.727	43	7356	41776713	41776777	41784059	41784147	50049746	41700000	41950000	0	1340	64	7282	spaced
SUPER_18	27298359	27323213	IR	340	.	27310717	0.340	0.971	34	25003	27298359	27298674	27322898	27323213	50049746	27100000	27350000	34	3512	315	24224	spaced
SUPER_18	24299882	24446459	IR	340	.	24372726	0.340	0.876	25	146557	24299882	24300516	24445840	24446459	50049746	24200000	24450000	0	2886	619	145324	wide
SUPER_18	25100198	25184192	IR	340	.	25141906	0.340	0.629	23	83950	25100198	25100268	25184148	25184192	50049746	25000000	25250000	0	2369	44	83880	spaced
SUPER_18	18381749	18569760	IR	340	.	18475959	0.340	0.731	21	187963	18381749	18381787	18569722	18569774	50049746	18350000	18600000	146	2095	38	187935	wide
SUPER_18	21390205	21410645	IR	340	.	21400541	0.340	0.704	21	20400	21390205	21390243	21410607	21410661	50049746	21300000	21550000	165	1673	38	20364	spaced
SUPER_18	27031158	27121520	IR	340	.	27076455	0.340	0.741	20	90328	27031158	27031212	27121480	27121520	50049746	26950000	27200000	102	2105	40	90268	spaced
SUPER_18	20141983	20258435	IR	339	.	20200098	0.339	0.918	345	121522	20141983	20147443	20253025	20258435	50049746	20050000	20300000	345	2503	5410	105582	wide
SUPER_18	49349334	49412691	IR	339	.	49381473	0.339	0.933	220	63336	49349334	49352435	49409625	49412691	50049746	49250000	49500000	0	2183	3066	57190	spaced
SUPER_18	22622584	22797336	IR	339	.	22710185	0.339	0.930	90	175718	22622584	22624058	22795863	22797336	50049746	22550000	22800000	90	2665	1473	171805	wide
SUPER_18	14077683	14094541	IR	339	.	14085617	0.339	0.896	71	16824	14077683	14079143	14093093	14094541	50049746	13850000	14100000	0	3935	1448	13950	spaced
SUPER_18	20613519	20693432	IR	339	.	20653310	0.339	0.781	66	80169	20613519	20614838	20692113	20693434	50049746	20500000	20750000	66	2557	1319	77275	spaced
SUPER_18	47061827	47138824	IR	339	.	47099925	0.339	0.952	49	76952	47061827	47062655	47137996	47138824	50049746	47050000	47300000	0	838	828	75341	spaced
SUPER_18	16217398	16312950	IR	339	.	16265609	0.339	0.861	44	95153	16217398	16218424	16311924	16312957	50049746	16200000	16450000	0	1086	1026	93500	spaced
SUPER_18	34159764	34185473	IR	339	.	34172504	0.339	0.867	37	25847	34159764	34160694	34184543	34185501	50049746	33950000	34200000	37	3710	930	23849	spaced
SUPER_18	30589495	30776320	IR	338	.	30682661	0.338	0.959	154	187204	30589495	30590913	30774903	30776320	50049746	30550000	30800000	154	2214	1417	183990	wide
SUPER_18	34141798	34154289	IR	338	.	34147699	0.338	0.958	93	12464	34141798	34142724	34153374	34154289	50049746	33950000	34200000	0	3300	915	10650	spaced
SUPER_18	45562374	45585467	IR	338	.	45573542	0.338	0.892	78	23018	45562374	45564398	45583443	45585486	50049746	45450000	45700000	0	2065	2024	19045	spaced
SUPER_18	30946084	31045849	IR	338	.	30996131	0.338	0.764	57	99969	30946084	30951318	31040615	31045867	50049746	30900000	31150000	57	1599	5234	89297	spaced
SUPER_18	26109728	26291345	IR	338	.	26200240	0.338	0.907	48	181600	26109728	26110201	26290905	26291345	50049746	26100000	26350000	0	1675	440	180704	wide
SUPER_18	17609827	17649472	IR	338	.	17630136	0.338	0.820	46	39310	17609827	17611329	17647970	17649588	50049746	17450000	17700000	0	2994	1502	36641	spaced
SUPER_18	22970536	23025891	IR	338	.	22997853	0.338	0.316	29	55317	22970536	22970622	23025853	23025891	50049746	22800000	23050000	0	3303	38	55231	spaced
SUPER_18	32782846	32845469	IR	338	.	32813841	0.338	0.788	28	62571	32782846	32782898	32845417	32845483	50049746	32700000	32950000	0	1902	52	62519	spaced
SUPER_18	3252030	3416618	IR	338	.	3334643	0.338	0.850	26	164570	3252030	3252767	3415903	3416618	50049746	3250000	3500000	0	1405	715	163136	wide
SUPER_18	5676486	5775996	IR	337	.	5726765	0.337	0.928	369	99544	5676486	5682245	5770237	5776086	50049746	5550000	5800000	0	2937	5759	87992	spaced
SUPER_18	23882174	23947127	IR	337	.	23915064	0.337	0.662	236	63397	23882174	23890182	23939133	23947127	50049746	23750000	24000000	0	2744	7994	48951	spaced
SUPER_18	6217347	6279073	IR	337	.	6247705	0.337	0.943	131	61704	6217347	6219072	6277378	6279073	50049746	6100000	6350000	0	2470	1695	58306	spaced
SUPER_18	19620016	19641528	IR	337	.	19631121	0.337	0.795	76	21469	19620016	19623112	19638438	19641528	50049746	19450000	19700000	0	3012	3090	15326	spaced
SUPER_18	43775710	43921868	IR	337	.	43848743	0.337	0.750	27	146122	43775710	43775766	43921826	43921868	50049746	43700000	43950000	276	2479	42	146060	wide
SUPER_18	28037901	28160754	IR	337	.	28099683	0.337	0.836	26	122697	28037901	28038978	28159677	28160769	50049746	27950000	28200000	0	2488	1077	120699	wide
SUPER_18	14010097	14062642	IR	337	.	14036594	0.337	0.920	24	52499	14010097	14010143	14062596	14062646	50049746	13950000	14200000	250	1439	46	52453	spaced
SUPER_18	34647180	34661956	IR	336	.	34654310	0.336	0.989	70	14742	34647180	34647702	34661435	34661956	50049746	34450000	34700000	0	3409	521	13733	spaced
SUPER_18	44274426	44285166	IR	336	.	44279638	0.336	0.778	48	10923	44274426	44275683	44283956	44285166	50049746	44150000	44400000	52	2163	1210	8273	spaced
SUPER_18	6716267	6724747	IR	336	.	6720430	0.336	0.526	34	8432	6716267	6716305	6724709	6724779	50049746	6600000	6850000	155	2008	38	8404	spaced
SUPER_18	36752040	36872724	IR	336	.	36812743	0.336	0.866	30	120663	36752040	36752789	36872002	36872724	50049746	36750000	37000000	0	1039	722	119213	wide
SUPER_18	8932035	9062972	IR	335	.	8997166	0.335	0.931	305	130873	8932035	8935084	9059923	9063052	50049746	8850000	9100000	0	2458	3049	124839	wide
SUPER_18	12050362	12099779	IR	335	.	12075272	0.335	0.954	177	49969	12050362	12051680	12098461	12099798	50049746	11950000	12200000	202	2084	1318	46781	spaced
SUPER_18	44286578	44338235	IR	335	.	44312455	0.335	0.806	91	52011	44286578	44287714	44337215	44338235	50049746	44150000	44400000	96	2706	1020	49501	spaced
SUPER_18	11772766	11837115	IR	335	.	11804978	0.335	0.848	78	64661	11772766	11773770	11836111	11837193	50049746	11650000	11900000	78	2582	1004	62341	spaced
SUPER_18	20888675	21038896	IR	335	.	20963357	0.335	0.647	23	150177	20888675	20888743	21038852	21038896	50049746	20800000	21050000	0	2729	44	150109	wide
SUPER_18	2055858	2121050	IR	335	.	2088528	0.335	0.840	21	65150	2055858	2055900	2121008	2121058	50049746	1950000	2200000	170	2307	42	65108	spaced
SUPER_18	18884734	18887683	IR	334	.	18886225	0.334	0.959	89	3088	18884734	18885485	18886932	18887683	50049746	18650000	18900000	89	3936	751	1447	immediate
SUPER_18	14236649	14247743	IR	334	.	14241815	0.334	0.884	38	11035	14236649	14237743	14246649	14247750	50049746	14100000	14350000	0	2369	1094	8906	spaced
SUPER_18	23976592	24063132	IR	334	.	24020021	0.334	0.458	34	86523	23976592	23976663	24063096	24063132	50049746	23900000	24150000	133	1997	36	86433	spaced
SUPER_18	31677894	31769399	IR	334	.	31723195	0.334	0.812	27	91128	31677894	31679253	31768072	31769399	50049746	31600000	31850000	0	2060	1327	88819	spaced
SUPER_18	14571338	14630229	IR	334	.	14601103	0.334	0.548	25	58849	14571338	14571414	14630187	14630229	50049746	14400000	14650000	0	3346	42	58773	spaced
SUPER_18	33569632	33599900	IR	334	.	33584611	0.334	0.619	25	30381	33569632	33570851	33598681	33599970	50049746	33400000	33650000	29	3079	1219	27830	spaced
SUPER_18	33300721	33373485	IR	334	.	33337434	0.334	0.800	20	72718	33300721	33300781	33373437	33373485	50049746	33150000	33400000	0	3118	48	72656	spaced
SUPER_18	31914632	31925389	IR	333	.	31919721	0.333	0.728	220	10774	31914632	31919933	31920088	31925427	50049746	31800000	32050000	0	2000	5301	155	immediate
SUPER_18	6832038	6838082	IR	333	.	6834636	0.333	0.951	150	6025	6832038	6833770	6836350	6838089	50049746	6650000	6900000	0	3084	1732	2580	spaced
SUPER_18	27161531	27231210	IR	333	.	27196438	0.333	0.906	47	69623	27161531	27161595	27231152	27231210	50049746	27050000	27300000	1071	2439	58	69557	spaced
SUPER_18	10922039	11069662	IR	333	.	10995556	0.333	0.500	30	147581	10922039	10922081	11069620	11069700	50049746	10900000	11150000	0	1597	42	147539	wide
SUPER_18	34408928	34502383	IR	333	.	34455448	0.333	0.871	27	93623	34408928	34409744	34501567	34502394	50049746	34400000	34650000	30	927	816	91823	spaced
SUPER_18	24790561	24858224	IR	333	.	24823984	0.333	0.706	24	67615	24790561	24790609	24858176	24858244	50049746	24650000	24900000	0	2906	48	67567	spaced
SUPER_18	19705385	19834149	IR	333	.	19770083	0.333	0.931	23	128712	19705385	19705443	19834095	19834149	50049746	19600000	19850000	0	2829	54	128652	wide
SUPER_18	25244156	25272991	IR	333	.	25258553	0.333	0.655	23	28789	25244156	25244194	25272953	25273011	50049746	25200000	25450000	99	976	38	28759	spaced
SUPER_18	5826689	5890700	IR	332	.	5858616	0.332	0.923	124	64359	5826689	5828033	5889356	5890719	50049746	5750000	6000000	129	1811	1344	61323	spaced
SUPER_18	36700993	36749651	IR	332	.	36724983	0.332	0.793	93	48631	36700993	36702999	36747663	36749651	50049746	36500000	36750000	0	3755	1988	44664	spaced
SUPER_18	30489648	30504684	IR	332	.	30497167	0.332	0.901	91	15146	30489648	30490420	30503912	30504685	50049746	30400000	30650000	100	1619	772	13492	spaced
SUPER_18	314406	424149	IR	332	.	369141	0.332	0.923	69	109961	314406	315136	423455	424149	50049746	300000	550000	69	1154	694	108319	wide
SUPER_18	10263798	10374726	IR	331	.	10319082	0.331	0.899	155	112372	10263798	10265893	10372697	10374726	50049746	10250000	10500000	155	1154	2029	106804	wide
SUPER_18	47001424	47008081	IR	331	.	47004336	0.331	0.943	71	6661	47001424	47001886	47007619	47008105	50049746	46800000	47050000	0	3412	462	5733	spaced
SUPER_18	5429115	5572856	IR	331	.	5500926	0.331	0.916	58	143908	5429115	5429639	5572353	5572856	50049746	5350000	5600000	58	2516	503	142714	wide
SUPER_18	17287872	17369287	IR	331	.	17328283	0.331	0.648	54	81394	17287872	17291917	17365298	17369287	50049746	17150000	17400000	0	2976	3989	73381	spaced
SUPER_18	2244993	2339856	IR	331	.	2292036	0.331	0.939	31	94838	2244993	2245532	2339317	2339857	50049746	2200000	2450000	0	1540	539	93785	spaced
SUPER_18	9551231	9579621	IR	331	.	9565420	0.331	0.897	29	28374	9551231	9551283	9579569	9579627	50049746	9350000	9600000	219	3590	52	28286	spaced
SUPER_18	25392874	25433387	IR	330	.	25412856	0.330	0.938	240	40321	25392874	25396480	25429781	25433399	50049746	25200000	25450000	0	3552	3606	33301	spaced
SUPER_18	36026431	36048956	IR	330	.	36038070	0.330	0.912	226	22547	36026431	36028475	36046912	36049013	50049746	35850000	36100000	0	3128	2044	18437	spaced
SUPER_18	42752813	42825935	IR	330	.	42788924	0.330	0.934	218	72893	42752813	42756860	42821888	42825937	50049746	42650000	42900000	0	2322	4047	65028	spaced
SUPER_18	33066000	33140019	IR	330	.	33102853	0.330	0.958	110	74110	33066000	33067054	33138965	33140020	50049746	32900000	33150000	110	3383	1054	71911	spaced
SUPER_18	12723081	12797505	IR	330	.	12759833	0.330	0.902	95	74431	12723081	12724646	12795940	12797536	50049746	12600000	12850000	0	2671	1565	71294	spaced
SUPER_18	7177183	7214104	IR	330	.	7195559	0.330	0.943	94	36986	7177183	7178485	7212805	7214104	50049746	7000000	7250000	94	3260	1299	34320	spaced
SUPER_18	19171957	19318971	IR	330	.	19245433	0.330	0.867	72	147092	19171957	19173017	19317938	19318971	50049746	19100000	19350000	72	2424	1033	144921	wide
SUPER_18	29842189	29900769	IR	330	.	29871857	0.330	0.782	70	58563	29842189	29844261	29898771	29900769	50049746	29800000	30050000	0	1191	1998	54510	spaced
SUPER_18	19848527	19871848	IR	330	.	19859771	0.330	0.879	45	23290	19848527	19849800	19870592	19871848	50049746	19700000	19950000	0	2669	1256	20792	spaced
SUPER_18	43217042	43305897	IR	330	.	43261848	0.330	0.388	42	88813	43217042	43259587	43263362	43305897	50049746	43200000	43450000	0	1024	42535	3775	spaced
SUPER_18	46707938	46778311	IR	330	.	46743457	0.330	0.946	38	70347	46707938	46708736	46777513	46778311	50049746	46550000	46800000	0	3218	798	68777	spaced
SUPER_18	43759371	43775754	IR	330	.	43767081	0.330	0.743	31	16331	43759371	43759423	43775702	43775772	50049746	43650000	43900000	0	1959	52	16279	spaced
SUPER_18	43635411	43684233	IR	330	.	43659643	0.330	0.960	27	48776	43635411	43635461	43684185	43684233	50049746	43450000	43700000	247	3496	48	48724	spaced
SUPER_18	12434899	12540505	IR	330	.	12487701	0.330	0.513	26	105565	12434899	12434937	12540467	12540538	50049746	12300000	12550000	104	3128	38	105530	wide
SUPER_18	30252170	30311872	IR	329	.	30281727	0.329	0.923	245	59677	30252170	30255228	30308823	30311872	50049746	30100000	30350000	0	3033	3049	53595	spaced
SUPER_18	23106219	23141763	IR	329	.	23123570	0.329	0.851	23	35374	23106219	23106649	23141346	23141763	50049746	22900000	23150000	0	3733	417	34697	spaced
SUPER_18	12576275	12722566	IR	329	.	12649178	0.329	0.875	22	146249	12576275	12576323	12722524	12722566	50049746	12500000	12750000	133	2490	42	146201	wide
SUPER_18	29922478	29922540	IR	329	.	29922510	0.329	1.000	22	78562	29922478	29922521	29922497	29922540	50049746	29800000	30050000	294	2041	43	-24	overlap
SUPER_18	29922478	29922540	IR	329	.	29922510	0.329	1.000	21	7495	29922478	29922521	29922497	29922540	50049746	29700000	29950000	293	3708	43	-24	overlap
SUPER_18	29922484	29922542	IR	329	.	29922510	0.329	0.923	21	7495	29922484	29922523	29922506	29922542	50049746	29750000	30000000	157	2875	36	-17	overlap
SUPER_18	29922478	29922540	IR	329	.	29922510	0.329	1.000	21	7495	29922478	29922521	29922497	29922540	50049746	29850000	30100000	293	1208	43	-24	overlap
SUPER_18	29922484	29922542	IR	329	.	29922510	0.329	0.923	21	7495	29922484	29922523	29922506	29922542	50049746	29900000	30150000	157	375	36	-17	overlap
SUPER_18	7274077	7396064	IR	328	.	7334844	0.328	0.933	293	122547	7274077	7276825	7393316	7396097	50049746	7150000	7400000	293	3084	2748	116491	wide
SUPER_18	17403857	17525034	IR	328	.	17463952	0.328	0.952	135	121160	17403857	17405569	17523322	17525034	50049746	17400000	17650000	0	1073	1712	117753	wide
SUPER_18	28209068	28274773	IR	328	.	28242227	0.328	0.899	33	65700	28209068	28209575	28274266	28274797	50049746	28200000	28450000	0	698	507	64691	spaced
SUPER_18	12843157	12978140	IR	328	.	12911100	0.328	0.858	29	134961	12843157	12844331	12976984	12978140	50049746	12750000	13000000	0	2677	1156	132653	wide
SUPER_18	34793300	34903335	IR	328	.	34848347	0.328	0.917	23	109991	34793300	34793344	34903291	34903339	50049746	34700000	34950000	263	2471	44	109947	wide
SUPER_18	7402670	7491720	IR	327	.	7447418	0.327	0.975	199	89051	7402670	7402871	7491519	7491720	50049746	7250000	7500000	27	3286	201	88648	spaced
SUPER_18	29090954	29116276	IR	327	.	29103941	0.327	0.917	82	25316	29090954	29092833	29114397	29116288	50049746	28900000	29150000	0	3393	1879	21564	spaced
SUPER_18	6571983	6578286	IR	327	.	6575574	0.327	0.927	53	6284	6571983	6573137	6577148	6578286	50049746	6400000	6650000	0	2918	1138	4011	spaced
SUPER_18	10602745	10673869	IR	327	.	10638009	0.327	0.869	43	71079	10602745	10604466	10672196	10673869	50049746	10600000	10850000	0	638	1673	67730	spaced
SUPER_18	16337056	16409206	IR	327	.	16373427	0.327	0.762	43	72086	16337056	16337140	16409142	16409206	50049746	16300000	16550000	0	1218	64	72002	spaced
SUPER_18	20008358	20132761	IR	327	.	20070912	0.327	0.913	35	124378	20008358	20009070	20132049	20132762	50049746	19950000	20200000	0	2009	712	122979	wide
SUPER_18	27121480	27161561	IR	327	.	27141167	0.327	0.400	29	40041	27121480	27121520	27161521	27161605	50049746	27050000	27300000	0	1525	40	40001	spaced
SUPER_18	33418162	33464872	IR	327	.	33441568	0.327	0.857	27	47079	33418162	33419693	33463344	33464872	50049746	33400000	33650000	27	691	1528	43651	spaced
SUPER_18	18943700	19100438	IR	326	.	19022477	0.326	0.897	134	156645	18943700	18948368	19095770	19100454	50049746	18900000	19150000	0	2034	4668	147402	wide
SUPER_18	45310588	45315263	IR	326	.	45313444	0.326	0.922	131	4658	45310588	45311668	45314254	45315263	50049746	45300000	45550000	0	215	1009	2586	spaced
SUPER_18	1175835	1323501	IR	326	.	1250173	0.326	0.885	75	147648	1175835	1177452	1321924	1323501	50049746	1100000	1350000	0	2494	1577	144472	wide
SUPER_18	22267476	22369040	IR	326	.	22318257	0.326	0.796	46	102057	22267476	22268743	22367773	22369179	50049746	22150000	22400000	46	2804	1267	99030	spaced
SUPER_18	22965930	22970598	IR	326	.	22967954	0.326	0.721	42	4606	22965930	22965992	22970536	22970622	50049746	22750000	23000000	0	3637	62	4544	spaced
SUPER_18	15150010	15301095	IR	326	.	15225165	0.326	0.945	33	151069	15150010	15150612	15300493	15301098	50049746	15150000	15400000	0	1259	602	149881	wide
SUPER_18	37077804	37081844	IR	326	.	37079662	0.326	0.821	31	4197	37077804	37078231	37081417	37081909	50049746	37000000	37250000	31	1330	427	3186	spaced
SUPER_18	40074946	40135541	IR	326	.	40105193	0.326	0.895	23	60584	40074946	40075686	40134803	40135541	50049746	39900000	40150000	23	3420	738	59117	spaced
SUPER_18	7519890	7612915	IR	325	.	7566200	0.325	0.912	121	93288	7519890	7521130	7611680	7612915	50049746	7500000	7750000	121	1106	1235	90550	spaced
SUPER_18	45634681	45638716	IR	325	.	45636527	0.325	0.743	43	4065	45634681	45635436	45637961	45638716	50049746	45450000	45700000	43	3111	755	2525	spaced
SUPER_18	3183496	3198052	IR	325	.	3190327	0.325	0.917	41	14540	3183496	3183933	3197615	3198053	50049746	2950000	3200000	0	4012	437	13682	spaced
SUPER_18	5063164	5180184	IR	325	.	5121796	0.325	0.904	38	117128	5063164	5064187	5179165	5180184	50049746	5000000	5250000	38	2027	1019	114978	wide
SUPER_18	27824710	27866258	IR	325	.	27845392	0.325	0.917	27	41543	27824710	27824754	27866214	27866262	50049746	27700000	27950000	123	2424	44	41460	spaced
SUPER_18	11069620	11222967	IR	325	.	11145938	0.325	0.333	25	153311	11069620	11069700	11222931	11222967	50049746	11000000	11250000	0	2438	36	153231	wide
SUPER_18	41442387	41605918	IR	325	.	41524487	0.325	0.474	25	163493	41442387	41442425	41605880	41605954	50049746	41400000	41650000	0	2069	38	163455	wide
SUPER_18	21871204	21972888	IR	325	.	21921637	0.325	0.868	24	101655	21871204	21872177	21971939	21972888	50049746	21750000	22000000	0	2867	949	99762	spaced
SUPER_18	34903287	34941013	IR	325	.	34922589	0.325	0.893	21	37676	34903287	34903343	34940963	34941013	50049746	34700000	34950000	0	3702	50	37620	spaced
SUPER_18	13472619	13530721	IR	324	.	13501877	0.324	0.959	220	58543	13472619	13474767	13528575	13530721	50049746	13300000	13550000	220	3361	2146	53808	spaced
SUPER_18	15783134	15999806	IR	324	.	15891336	0.324	0.975	168	217026	15783134	15784263	15998677	15999806	50049746	15750000	16000000	168	2357	1129	214414	wide
SUPER_18	8368548	8373135	IR	324	.	8370602	0.324	0.881	36	5108	8368548	8368694	8372989	8373149	50049746	8200000	8450000	13	2847	146	4295	spaced
SUPER_18	49186706	49255017	IR	324	.	49220397	0.324	0.388	30	68257	49186706	49196211	49245592	49255017	50049746	49100000	49350000	0	2014	9425	49381	spaced
SUPER_18	6998057	7173911	IR	324	.	7085874	0.324	0.690	25	175810	6998057	6998097	7173871	7173929	50049746	6950000	7200000	222	2266	40	175774	wide
SUPER_18	9374356	9551269	IR	324	.	9462916	0.324	0.714	25	176875	9374356	9374396	9551229	9551285	50049746	9350000	9600000	189	1880	40	176833	wide
SUPER_18	1948805	2055902	IR	324	.	2001894	0.324	0.800	21	107053	1948805	1948865	2055854	2055902	50049746	1850000	2100000	0	2539	48	106989	wide
SUPER_18	45365681	45436780	IR	324	.	45401578	0.324	0.774	21	71094	45365681	45365729	45436732	45436794	50049746	45350000	45600000	0	853	48	71003	spaced
SUPER_18	25886999	25920146	IR	323	.	25903616	0.323	0.960	300	34285	25886999	25889175	25917970	25920149	50049746	25700000	25950000	300	3392	2176	28795	spaced
SUPER_18	19407076	19413549	IR	323	.	19410157	0.323	0.898	269	15084	19407076	19409322	19411323	19413549	50049746	19250000	19500000	270	2671	2226	2001	spaced
SUPER_18	9814691	9847617	IR	323	.	9831443	0.323	0.780	75	32357	9814691	9817145	9845204	9847617	50049746	9600000	9850000	0	3852	2413	28059	spaced
SUPER_18	10101359	10246324	IR	323	.	10173454	0.323	0.417	74	144944	10101359	10136041	10211679	10246324	50049746	10000000	10250000	0	2897	34645	75638	spaced
SUPER_18	47143069	47171368	IR	323	.	47157692	0.323	0.891	42	28278	47143069	47144126	47170320	47171368	50049746	47050000	47300000	0	1786	1048	26194	spaced
SUPER_18	22924034	22965980	IR	323	.	22944722	0.323	0.806	24	41896	22924034	22924084	22965930	22965992	50049746	22800000	23050000	0	2416	50	41846	spaced
SUPER_18	49485682	49518846	IR	323	.	49502158	0.323	0.915	24	33806	49485682	49486231	49518297	49518848	50049746	49400000	49650000	24	1704	549	32066	spaced
SUPER_18	5965272	5977468	IR	323	.	5971491	0.323	1.000	22	12150	5965272	5965318	5977422	5977468	50049746	5750000	6000000	242	3689	46	12104	spaced
SUPER_18	29922476	29973713	IR	323	.	29948462	0.323	0.625	20	51197	29922476	29922542	29973673	29973713	50049746	29750000	30000000	0	3301	40	51131	spaced
SUPER_18	47756365	47787179	IR	322	.	47772198	0.322	0.889	48	30666	47756365	47757570	47786005	47787179	50049746	47550000	47800000	0	3696	1174	28435	spaced
SUPER_18	17071062	17100008	IR	322	.	17085302	0.322	0.720	30	29489	17071062	17071214	17099856	17100008	50049746	16900000	17150000	8	3092	152	28642	spaced
SUPER_18	2829263	2834421	IR	322	.	2832177	0.322	0.791	24	5136	2829263	2829638	2834109	2834421	50049746	2700000	2950000	0	2197	312	4471	spaced
SUPER_18	16861095	16947795	IR	322	.	16904921	0.322	0.726	21	86502	16861095	16862246	16946689	16947795	50049746	16700000	16950000	0	3407	1106	84443	spaced
SUPER_18	24704862	24710576	IR	321	.	24707597	0.321	1.000	332	151000	24704862	24706459	24708979	24710576	50049746	24600000	24850000	354	1795	1597	2520	spaced
SUPER_18	24222998	24279129	IR	321	.	24251556	0.321	0.858	213	55719	24222998	24228243	24273917	24279129	50049746	24100000	24350000	0	2517	5212	45674	spaced
SUPER_18	6626477	6682392	IR	321	.	6654176	0.321	0.874	82	55924	6626477	6630332	6678537	6682454	50049746	6450000	6700000	0	3407	3855	48205	spaced
SUPER_18	4797798	4945620	IR	321	.	4872176	0.321	0.406	72	147798	4797798	4851356	4892062	4945636	50049746	4700000	4950000	0	2861	53558	40706	spaced
SUPER_18	1543740	1620017	IR	321	.	1581685	0.321	0.859	48	76375	1543740	1545125	1618654	1620017	50049746	1400000	1650000	53	3031	1363	73529	spaced
SUPER_18	41784067	41941488	IR	321	.	41862885	0.321	0.600	35	157387	41784067	41784135	41941448	41941488	50049746	41750000	42000000	329	1879	40	157313	wide
SUPER_18	31442019	31449096	IR	321	.	31445146	0.321	0.960	20	7029	31442019	31442067	31449048	31449098	50049746	31400000	31650000	0	759	48	6981	spaced
SUPER_18	15698907	15740556	IR	320	.	15719378	0.320	0.966	334	41624	15698907	15702063	15737427	15740556	50049746	15500000	15750000	0	3662	3129	35364	spaced
SUPER_18	10695751	10793422	IR	320	.	10744988	0.320	0.894	77	97650	10695751	10698221	10791013	10793422	50049746	10650000	10900000	0	1576	2409	92792	spaced
SUPER_18	49575017	49776910	IR	320	.	49676064	0.320	0.393	46	202225	49575017	49670231	49681696	49776959	50049746	49550000	49800000	46	2099	95214	11465	spaced
SUPER_18	42380539	42402902	IR	320	.	42391394	0.320	0.971	36	22305	42380539	42380607	42402834	42402904	50049746	42200000	42450000	0	3195	68	22227	spaced
SUPER_18	25272939	25350361	IR	320	.	25312085	0.320	0.692	35	77386	25272939	25273017	25350307	25350361	50049746	25150000	25400000	0	2694	54	77290	spaced
SUPER_18	13975695	14010147	IR	320	.	13992516	0.320	0.778	33	34398	13975695	13975767	14010091	14010147	50049746	13950000	14200000	0	715	56	34324	spaced
SUPER_18	7775963	7795519	IR	320	.	7785310	0.320	0.695	29	19518	7775963	7777399	7794172	7795519	50049746	7650000	7900000	0	2262	1347	16773	spaced
SUPER_18	23245567	23330260	IR	320	.	23288141	0.320	0.917	27	84641	23245567	23245611	23330216	23330264	50049746	23100000	23350000	183	3131	44	84605	spaced
SUPER_18	30816168	30821407	IR	319	.	30819257	0.319	0.892	116	5213	30816168	30817637	30819948	30821407	50049746	30600000	30850000	0	3646	1459	2311	spaced
SUPER_18	40161649	40168990	IR	319	.	40165614	0.319	0.869	93	7324	40161649	40163258	40167430	40168990	50049746	39950000	40200000	0	3588	1560	4172	spaced
SUPER_18	3617411	3730931	IR	319	.	3674562	0.319	0.920	38	113510	3617411	3618104	3730238	3730946	50049746	3500000	3750000	0	2902	693	112134	wide
SUPER_18	17214493	17219112	IR	319	.	17216485	0.319	0.827	36	4559	17214493	17215583	17218026	17219112	50049746	17050000	17300000	0	2779	1086	2443	spaced
SUPER_18	32845423	32855957	IR	319	.	32850468	0.319	0.964	36	10480	32845423	32845477	32855903	32855959	50049746	32700000	32950000	614	2511	54	10426	spaced
SUPER_18	35580796	35593710	IR	319	.	35587196	0.319	0.926	29	93919	35580796	35580846	35593660	35593714	50049746	35450000	35700000	339	2287	50	12814	spaced
SUPER_18	14562398	14571384	IR	319	.	14566824	0.319	0.667	26	8940	14562398	14562438	14571344	14571404	50049746	14350000	14600000	175	3614	40	8906	spaced
SUPER_18	41346908	41351200	IR	319	.	41349083	0.319	0.931	24	4316	41346908	41347190	41350918	41351208	50049746	41300000	41550000	24	817	282	3728	spaced
SUPER_18	23516169	23549638	IR	318	.	23532663	0.318	0.847	76	35733	23516169	23516700	23549117	23549638	50049746	23350000	23600000	14	3048	521	32417	spaced
SUPER_18	17998862	18090214	IR	318	.	18044558	0.318	0.827	36	91643	17998862	17999853	18089225	18090214	50049746	17950000	18200000	36	1575	989	89372	spaced
SUPER_18	11599241	11630242	IR	318	.	11614918	0.318	0.860	23	31065	11599241	11600383	11629111	11630242	50049746	11450000	11700000	23	2745	1131	28728	spaced
SUPER_18	22017025	22227054	IR	318	.	22122152	0.318	0.875	23	209989	22017025	22017073	22227012	22227054	50049746	22000000	22250000	208	2033	42	209939	wide
SUPER_18	849468	893739	IR	317	.	871564	0.317	0.877	162	45616	849468	851432	891775	893767	50049746	650000	900000	162	3693	1964	40343	spaced
SUPER_18	32864010	32940073	IR	317	.	32902250	0.317	0.906	73	76685	32864010	32865512	32938585	32940073	50049746	32850000	33100000	73	867	1488	73073	spaced
SUPER_18	29171918	29256778	IR	317	.	29214041	0.317	0.404	49	84819	29171918	29199256	29229503	29256778	50049746	29150000	29400000	0	1072	27275	30247	spaced
SUPER_18	2449478	2509919	IR	317	.	2480014	0.317	0.966	34	60422	2449478	2449775	2509623	2509919	50049746	2300000	2550000	0	2994	296	59848	spaced
SUPER_18	17734563	17946011	IR	317	.	17840280	0.317	0.817	22	211520	17734563	17736471	17944103	17946012	50049746	17700000	17950000	22	2337	1908	207632	wide
SUPER_18	8374096	8383093	IR	316	.	8378848	0.316	0.995	649	8980	8374096	8377983	8379206	8383098	50049746	8150000	8400000	0	3809	3887	1223	immediate
SUPER_18	43580960	43585078	IR	316	.	43583479	0.316	0.985	41	4099	43580960	43581220	43584818	43585081	50049746	43350000	43600000	0	3883	260	3598	spaced
SUPER_18	14429742	14435725	IR	316	.	14432673	0.316	0.830	32	6221	14429742	14431046	14434424	14435725	50049746	14250000	14500000	37	3045	1301	3378	spaced
SUPER_18	32513082	32526703	IR	316	.	32519785	0.316	0.839	26	13673	32513082	32513650	32526135	32526722	50049746	32300000	32550000	26	3664	568	12485	spaced
SUPER_18	22470189	22517082	IR	316	.	22493663	0.316	0.957	20	46853	22470189	22470233	22517038	22517084	50049746	22300000	22550000	176	3227	44	46805	spaced
SUPER_18	44796037	44865970	IR	315	.	44831444	0.315	0.969	137	69916	44796037	44797305	44864702	44865971	50049746	44650000	44900000	0	3016	1268	67397	spaced
SUPER_18	31822944	31863168	IR	315	.	31842955	0.315	0.847	36	40407	31822944	31823705	31862407	31863172	50049746	31650000	31900000	37	3217	761	38702	spaced
SUPER_18	44986171	44991152	IR	315	.	44988372	0.315	0.935	34	4963	44986171	44986512	44990829	44991152	50049746	44800000	45050000	0	3144	323	4317	spaced
SUPER_18	26910950	27031193	IR	315	.	26970659	0.315	0.610	22	120253	26910950	26910991	27031152	27031221	50049746	26800000	27050000	0	2851	41	120161	wide
SUPER_18	48340417	48398500	IR	315	.	48369195	0.315	0.963	20	58031	48340417	48340469	48398448	48398502	50049746	48150000	48400000	0	3657	52	57979	spaced
SUPER_18	14891362	15003570	IR	314	.	14946994	0.314	0.636	40	112154	14891362	14891450	15003514	15003570	50049746	14800000	15050000	0	2457	56	112064	wide
SUPER_18	18166031	18175693	IR	314	.	18170464	0.314	0.813	28	9502	18166031	18166617	18175148	18175693	50049746	18050000	18300000	0	2014	545	8531	spaced
SUPER_18	24211900	24215468	IR	314	.	24213313	0.314	0.786	27	3548	24211900	24212264	24215157	24215468	50049746	24000000	24250000	0	3561	311	2893	spaced
SUPER_18	17949778	17991207	IR	314	.	17970873	0.314	0.625	21	41389	17949778	17949842	17991167	17991207	50049746	17750000	18000000	0	3674	40	41325	spaced
SUPER_18	1942396	1948845	IR	314	.	1945818	0.314	0.783	20	6411	1942396	1942432	1948809	1948855	50049746	1700000	1950000	137	4093	36	6377	spaced
SUPER_18	445233	483241	IR	313	.	464702	0.313	0.816	66	37986	445233	446809	481765	483241	50049746	300000	550000	0	2737	1476	34956	spaced
SUPER_18	44901032	44975924	IR	313	.	44938964	0.313	0.769	29	74852	44901032	44901941	44975096	44975924	50049746	44900000	45150000	0	641	828	73155	spaced
SUPER_18	16603821	16815341	IR	313	.	16709250	0.313	0.877	27	211499	16603821	16604887	16814276	16815341	50049746	16600000	16850000	0	1826	1065	209389	wide
SUPER_18	28393446	28485834	IR	313	.	28439722	0.313	0.868	22	92395	28393446	28394607	28484673	28485855	50049746	28250000	28500000	22	3160	1161	90066	spaced
SUPER_18	13240930	13253053	IR	312	.	13247344	0.312	0.954	65	12106	13240930	13241543	13252451	13253053	50049746	13100000	13350000	0	2449	602	10908	spaced
SUPER_18	8281917	8297649	IR	312	.	8289381	0.312	0.885	54	15680	8281917	8283179	8296395	8297649	50049746	8200000	8450000	0	1496	1254	13216	spaced
SUPER_18	14261009	14382964	IR	312	.	14322384	0.312	0.828	30	121896	14261009	14262264	14381748	14382964	50049746	14150000	14400000	0	2866	1216	119484	wide
SUPER_18	39427106	39447030	IR	312	.	39437259	0.312	0.821	28	19880	39427106	39427162	39446984	39447030	50049746	39250000	39500000	374	3117	46	19822	spaced
SUPER_18	22517038	22573667	IR	312	.	22545222	0.312	0.676	20	56583	22517038	22517084	22573621	22573689	50049746	22400000	22650000	180	2422	46	56537	spaced
SUPER_18	44367170	44438727	IR	311	.	44402565	0.311	0.784	476	71506	44367170	44377940	44428021	44438727	50049746	44250000	44500000	0	2549	10706	50081	spaced
SUPER_18	10484998	10512658	IR	311	.	10498746	0.311	0.934	88	28184	10484998	10486118	10511557	10512658	50049746	10350000	10600000	88	2480	1101	25439	spaced
SUPER_18	48053590	48109462	IR	311	.	48081812	0.311	0.791	42	55849	48053590	48054914	48108205	48109462	50049746	48050000	48300000	0	525	1257	53291	spaced
SUPER_18	6279137	6431986	IR	311	.	6355368	0.311	0.889	40	152958	6279137	6280212	6430911	6431986	50049746	6250000	6500000	40	1759	1075	150699	wide
SUPER_18	4420121	4611652	IR	311	.	4516202	0.311	0.709	35	190891	4420121	4422448	4609341	4611652	50049746	4400000	4650000	0	1931	2311	186893	wide
SUPER_18	16088944	16107141	IR	310	.	16098206	0.310	0.844	56	18891	16088944	16090593	16105521	16107141	50049746	15950000	16200000	56	2467	1620	14928	spaced
SUPER_18	27567616	27583684	IR	309	.	27575312	0.309	0.897	150	16100	27567616	27571235	27580065	27583735	50049746	27400000	27650000	0	2927	3619	8830	spaced
SUPER_18	40800379	40840165	IR	309	.	40819925	0.309	0.810	40	39739	40800379	40803934	40836610	40840277	50049746	40600000	40850000	0	3671	3555	32676	spaced
SUPER_18	41183599	41193831	IR	309	.	41188583	0.309	0.755	24	10325	41183599	41185101	41192329	41193933	50049746	41000000	41250000	25	3145	1502	7228	spaced
SUPER_18	26668902	26899143	IR	309	.	26783920	0.309	0.801	20	230301	26668902	26669509	26898536	26899190	50049746	26650000	26900000	21	2233	607	229027	wide
SUPER_18	46190729	46201580	IR	308	.	46196299	0.308	0.996	804	11976	46190729	46194674	46197635	46201580	50049746	46000000	46250000	804	3269	3945	2961	spaced
SUPER_18	25624006	25636641	IR	308	.	25630561	0.308	0.983	273	12616	25624006	25625986	25634668	25636641	50049746	25400000	25650000	0	3838	1973	8682	spaced
SUPER_18	17000110	17011810	IR	308	.	17005773	0.308	0.895	29	11715	17000110	17000708	17011212	17011831	50049746	16800000	17050000	29	3432	598	10504	spaced
SUPER_18	23619238	23623855	IR	308	.	23621139	0.308	0.854	29	4635	23619238	23619571	23623522	23623897	50049746	23550000	23800000	0	1192	333	3951	spaced
SUPER_18	38611505	38615770	IR	308	.	38613484	0.308	0.763	22	4337	38611505	38613100	38614175	38615770	50049746	38600000	38850000	22	227	1595	1075	immediate
SUPER_18	2121004	2182592	IR	308	.	2151372	0.308	0.793	20	61542	2121004	2121062	2182546	2182592	50049746	1950000	2200000	0	3363	46	61484	spaced
SUPER_18	42864802	42916077	IR	307	.	42890806	0.307	0.960	349	51254	42864802	42867822	42913060	42916077	50049746	42700000	42950000	0	3173	3017	45238	spaced
SUPER_18	13610032	13650699	IR	307	.	13629870	0.307	0.897	101	40646	13610032	13611139	13649651	13650699	50049746	13550000	13800000	0	1339	1048	38512	spaced
SUPER_18	25005962	25009628	IR	307	.	25008024	0.307	1.000	60	5738	25005962	25005979	25009611	25009628	50049746	24850000	25100000	1	2629	17	3632	spaced
SUPER_18	13124002	13190552	IR	307	.	13156766	0.307	0.806	31	66494	13124002	13124060	13190494	13190566	50049746	12950000	13200000	0	3454	58	66434	spaced
SUPER_18	20715898	20730502	IR	306	.	20723031	0.306	0.500	28	14560	20715898	20715932	20730468	20730532	50049746	20550000	20800000	102	2886	34	14536	spaced
SUPER_18	57490	93199	IR	305	.	75413	0.305	0.969	24	35707	57490	57747	92942	93199	50049746	0	250000	24	1255	257	35195	spaced
SUPER_18	1751037	1759904	IR	304	.	1755176	0.304	0.947	74	8813	1751037	1752186	1758760	1759904	50049746	1750000	2000000	0	91	1144	6574	spaced
SUPER_18	43199000	43217084	IR	303	.	43208355	0.303	0.318	41	18042	43199000	43199044	43217040	43217140	50049746	43000000	43250000	0	3467	44	17996	spaced
SUPER_18	20280547	20465101	IR	302	.	20372851	0.302	1.000	22	184514	20280547	20280591	20465057	20465101	50049746	20250000	20500000	140	2046	44	184466	wide
SUPER_18	45982472	46019619	IR	301	.	46001439	0.301	0.912	48	37126	45982472	45983318	46018773	46019621	50049746	45800000	46050000	0	3350	846	35455	spaced
SUPER_18	2871195	3031323	IR	300	.	2950979	0.300	0.851	27	160017	2871195	2871791	3030781	3031323	50049746	2850000	3100000	0	1687	542	158990	wide
SUPER_18	38943855	38993814	IR	300	.	38968606	0.300	0.769	27	49931	38943855	38943907	38993774	38993814	50049746	38750000	39000000	276	3647	40	49867	spaced
SUPER_18	48616107	48730129	IR	299	.	48672721	0.299	0.405	78	113980	48616107	48651240	48695024	48730129	50049746	48500000	48750000	0	2885	35105	43784	spaced
SUPER_18	45683048	45690569	IR	299	.	45686934	0.299	0.927	56	7666	45683048	45683499	45690118	45690576	50049746	45450000	45700000	56	3946	451	6619	spaced
SUPER_18	46577409	46679355	IR	299	.	46628500	0.299	0.958	28	101902	46577409	46577457	46679309	46679355	50049746	46450000	46700000	229	2972	46	101852	wide
SUPER_18	32045851	32222691	IR	298	.	32133852	0.298	0.951	125	176819	32045851	32047230	32221312	32222694	50049746	32000000	32250000	0	2237	1379	174082	wide
SUPER_18	24513173	24551533	IR	298	.	24531894	0.298	0.892	38	38320	24513173	24513239	24551467	24551541	50049746	24350000	24600000	0	3039	66	38228	spaced
SUPER_18	12558416	12576317	IR	298	.	12567494	0.298	0.800	21	17859	12558416	12558456	12576277	12576327	50049746	12350000	12600000	168	3622	40	17821	spaced
SUPER_18	36564883	36590050	IR	297	.	36577067	0.297	0.827	56	25129	36564883	36566898	36588035	36590057	50049746	36450000	36700000	0	2124	2015	21137	spaced
SUPER_19	15667853	15671935	IR	914	.	15669894	0.914	0.935	155	4527	15667853	15669586	15670202	15671948	43325428	15450000	15700000	155	3664	1733	616	immediate
SUPER_19	28751895	28754207	IR	742	.	28753051	0.742	0.981	121	27823	28751895	28752633	28753469	28754207	43325428	28550000	28800000	121	3384	738	836	immediate
SUPER_19	18822055	18825353	IR	695	.	18823705	0.695	0.994	323	8009	18822055	18823514	18823896	18825353	43325428	18600000	18850000	323	3728	1457	382	immediate
SUPER_19	34686257	34851365	IR	631	.	34768820	0.631	0.395	79	165743	34686257	34768450	34769188	34851365	43325428	34650000	34900000	79	1980	82177	738	immediate
SUPER_19	7948801	7949952	IR	608	.	7949377	0.608	0.978	77	48205	7948801	7949266	7949488	7949952	43325428	7800000	8050000	83	2489	464	222	immediate
SUPER_19	27294519	27296789	IR	588	.	27295654	0.588	0.949	40	2401	27294519	27295071	27296237	27296789	43325428	27200000	27450000	40	1594	552	1166	immediate
SUPER_19	40919397	40922008	IR	582	.	40920835	0.582	0.686	31	19962	40919397	40920473	40920932	40922029	43325428	40850000	41100000	32	1178	1076	459	immediate
SUPER_19	32601820	32603864	IR	496	.	32602840	0.496	0.973	146	2165	32601820	32602636	32603051	32603864	43325428	32400000	32650000	146	3380	813	415	immediate
SUPER_19	42015615	42120369	IR	493	.	42067600	0.493	0.960	183	104699	42015615	42017281	42118727	42120369	43325428	41900000	42150000	0	2799	1642	101446	wide
SUPER_19	20526471	20528576	IR	491	.	20527526	0.491	0.928	72	2238	20526471	20527343	20527710	20528576	43325428	20350000	20600000	72	2958	866	367	immediate
SUPER_19	9334638	9336896	IR	486	.	9335767	0.486	0.987	98	2363	9334638	9335197	9336338	9336896	43325428	9150000	9400000	98	3095	558	1141	immediate
SUPER_19	19130793	19133340	IR	472	.	19132069	0.472	0.898	66	2924	19130793	19131369	19132772	19133340	43325428	18900000	19150000	66	3867	568	1403	immediate
SUPER_19	24805661	24805722	IR	461	.	24805459	0.461	1.000	25	39988	24805661	24805678	24805705	24805722	43325428	24600000	24850000	1	3428	17	27	immediate
SUPER_19	1645956	1650083	IR	460	.	1648053	0.460	0.895	120	4819	1645956	1647661	1648445	1650083	43325428	1450000	1700000	120	3300	1638	784	immediate
SUPER_19	8716955	8718934	IR	445	.	8717947	0.445	0.983	125	2165	8716955	8717742	8718148	8718934	43325428	8500000	8750000	125	3632	786	406	immediate
SUPER_19	11860907	11874375	IR	444	.	11867830	0.444	0.581	130	13829	11860907	11866321	11868995	11874375	43325428	11650000	11900000	138	3627	5380	2674	spaced
SUPER_19	40944884	40963707	IR	443	.	40954123	0.443	0.750	23	18791	40944884	40944932	40963671	40963707	43325428	40750000	41000000	139	3404	36	18739	spaced
SUPER_19	14878866	14880402	IR	440	.	14879635	0.440	0.968	64	22034	14878866	14879369	14879899	14880405	43325428	14850000	15100000	68	493	503	530	immediate
SUPER_19	35551347	35723614	IR	434	.	35637004	0.434	0.874	57	172071	35551347	35554297	35720694	35723614	43325428	35500000	35750000	0	2291	2920	166397	wide
SUPER_19	29722078	29743009	IR	434	.	29732182	0.434	0.875	50	20756	29722078	29723367	29741720	29743035	43325428	29500000	29750000	0	3875	1289	18353	spaced
SUPER_19	34103946	34158083	IR	433	.	34130577	0.433	0.743	29	54085	34103946	34104016	34158031	34158083	43325428	33950000	34200000	0	3016	52	54015	spaced
SUPER_19	15811683	15814976	IR	430	.	15813353	0.430	0.905	89	3519	15811683	15812645	15814061	15814976	43325428	15600000	15850000	89	3555	915	1416	immediate
SUPER_19	33454010	33457248	IR	425	.	33455633	0.425	0.877	40	3598	33454010	33454789	33456477	33457248	43325428	33250000	33500000	42	3427	771	1688	immediate
SUPER_19	29286059	29374296	IR	421	.	29330136	0.421	0.893	38	88185	29286059	29286109	29374246	29374302	43325428	29150000	29400000	494	3002	50	88137	spaced
SUPER_19	15101179	15103544	IR	419	.	15102380	0.419	0.889	72	2746	15101179	15102005	15102754	15103544	43325428	14950000	15200000	73	2539	790	749	immediate
SUPER_19	10722509	10723472	IR	416	.	10722991	0.416	0.879	41	3207	10722509	10722905	10723076	10723503	43325428	10550000	10800000	42	2883	396	171	immediate
SUPER_19	21732671	21848958	IR	414	.	21791115	0.414	0.490	60	116265	21732671	21763827	21817802	21849037	43325428	21600000	21850000	0	3180	31156	53975	spaced
SUPER_19	34158031	34231329	IR	412	.	34195045	0.412	0.390	30	73333	34158031	34194611	34194749	34231422	43325428	34050000	34300000	0	2411	36580	138	immediate
SUPER_19	34959617	35145113	IR	410	.	35051962	0.410	0.388	50	99871	34959617	35047073	35057657	35145146	43325428	34900000	35150000	0	2539	87456	10584	spaced
SUPER_19	18552685	18704387	IR	407	.	18628143	0.407	0.886	55	151651	18552685	18553845	18703273	18704387	43325428	18500000	18750000	0	2142	1114	149428	wide
SUPER_19	21402784	21646673	IR	406	.	21524354	0.406	0.566	43	242477	21402784	21448406	21601082	21646673	43325428	21400000	21650000	0	2078	45591	152676	wide
SUPER_19	22462645	22463768	IR	404	.	22463219	0.404	0.892	28	98469	22462645	22462997	22463441	22463768	43325428	22350000	22600000	28	1886	327	444	immediate
SUPER_19	38969917	38972009	IR	401	.	38970973	0.401	0.905	38	2193	38969917	38970282	38971664	38972009	43325428	38750000	39000000	38	3682	345	1382	immediate
SUPER_19	5828872	5981807	IR	400	.	5905316	0.400	0.854	139	153123	5828872	5829960	5980757	5981807	43325428	5800000	6050000	139	1755	1050	150797	wide
SUPER_19	26198340	26239594	IR	398	.	26218616	0.398	0.600	20	41263	26198340	26198380	26239554	26239622	43325428	26000000	26250000	0	3649	40	41174	spaced
SUPER_19	21281086	21398127	IR	397	.	21339567	0.397	0.890	82	117407	21281086	21283892	21395328	21398127	43325428	21250000	21500000	82	1493	2799	111436	wide
SUPER_19	35447404	35454413	IR	397	.	35450664	0.397	1.000	20	159329	35447404	35447421	35454396	35454413	43325428	35300000	35550000	1	2515	17	6975	spaced
SUPER_19	1794748	1898000	IR	396	.	1846870	0.396	0.600	22	103212	1794748	1794788	1897960	1898028	43325428	1650000	1900000	0	3272	40	103172	wide
SUPER_19	38076431	38078361	IR	395	.	38077426	0.395	0.917	22	2058	38076431	38076625	38078167	38078372	43325428	38050000	38300000	22	456	194	1542	immediate
SUPER_19	18005068	18188206	IR	394	.	18096962	0.394	0.859	58	183063	18005068	18008809	18184491	18188206	43325428	18000000	18250000	0	1610	3715	175682	wide
SUPER_19	24094378	24159667	IR	393	.	24127367	0.393	0.778	100	65315	24094378	24096770	24157275	24159717	43325428	23950000	24200000	0	2950	2392	60505	spaced
SUPER_19	11612234	11715332	IR	393	.	11664073	0.393	0.410	61	103075	11612234	11662024	11665607	11715332	43325428	11550000	11800000	0	1896	49725	3583	spaced
SUPER_19	21212745	21253840	IR	392	.	21233656	0.392	0.812	507	41098	21212745	21219217	21247368	21253868	43325428	21150000	21400000	0	1388	6472	28151	spaced
SUPER_19	17433132	17592986	IR	391	.	17512587	0.391	0.884	45	159850	17433132	17434050	17592068	17593001	43325428	17350000	17600000	0	2717	918	158018	wide
SUPER_19	29847428	30049088	IR	388	.	29948283	0.388	0.908	109	202464	29847428	29850029	30046502	30049088	43325428	29800000	30050000	109	2470	2586	196473	wide
SUPER_19	12699896	12860860	IR	384	.	12780259	0.384	0.930	66	161068	12699896	12700455	12860306	12860860	43325428	12650000	12900000	66	2172	554	159851	wide
SUPER_19	33251039	33254266	IR	383	.	33252785	0.383	0.878	35	3374	33251039	33251541	33253764	33254297	43325428	33050000	33300000	35	3377	502	2223	spaced
SUPER_19	15588734	15592371	IR	382	.	15590552	0.382	0.901	134	3874	15588734	15590109	15590996	15592437	43325428	15350000	15600000	134	4009	1375	887	immediate
SUPER_19	38717333	38782831	IR	380	.	38750456	0.380	0.903	115	65467	38717333	38718312	38781881	38782831	43325428	38600000	38850000	0	2501	950	63569	spaced
SUPER_19	8070736	8146131	IR	379	.	8108227	0.379	0.883	66	75876	8070736	8072554	8144313	8146140	43325428	7900000	8150000	66	3473	1818	71759	spaced
SUPER_19	34303816	34466958	IR	379	.	34384952	0.379	0.475	25	163102	34303816	34303894	34466918	34466958	43325428	34250000	34500000	0	2256	40	163024	wide
SUPER_19	7809336	7943814	IR	376	.	7876190	0.376	0.771	27	132827	7809336	7813208	7939995	7943814	43325428	7800000	8050000	0	1276	3819	126787	wide
SUPER_19	28632707	28714424	IR	375	.	28673878	0.375	0.945	656	81721	28632707	28640399	28706732	28714447	43325428	28500000	28750000	0	2892	7692	66333	spaced
SUPER_19	13299579	13469740	IR	375	.	13384185	0.375	0.387	21	170143	13299579	13383440	13385879	13469774	43325428	13250000	13500000	0	2244	83861	2439	spaced
SUPER_19	16387307	16395737	IR	374	.	16391826	0.374	0.850	93	8406	16387307	16388885	16394194	16395737	43325428	16150000	16400000	0	4025	1543	5309	spaced
SUPER_19	30121005	30219742	IR	373	.	30170356	0.373	0.801	230	100640	30121005	30124609	30216154	30219742	43325428	30000000	30250000	258	2839	3588	91545	spaced
SUPER_19	42888069	43099711	IR	372	.	42993889	0.372	0.393	135	211981	42888069	42992741	42995039	43099815	43325428	42850000	43100000	135	2398	104672	2298	spaced
SUPER_19	16171848	16223090	IR	372	.	16197141	0.372	0.806	23	51180	16171848	16172289	16222649	16223096	43325428	16150000	16400000	0	791	441	50360	spaced
SUPER_19	40835554	40838830	IR	370	.	40837199	0.370	0.638	42	3743	40835554	40836746	40837694	40838830	43325428	40700000	40950000	57	2286	1136	948	immediate
SUPER_19	41600753	41673204	IR	370	.	41636742	0.370	0.993	28	72536	41600753	41600893	41673064	41673204	43325428	41600000	41850000	29	616	140	72171	spaced
SUPER_19	24825690	24875627	IR	370	.	24850191	0.370	0.643	22	49895	24825690	24825758	24875585	24875627	43325428	24800000	25050000	0	844	42	49827	spaced
SUPER_19	32997681	33181352	IR	367	.	33089746	0.367	0.952	602	186533	32997681	33004433	33174600	33181356	43325428	32950000	33200000	215	2325	6752	170167	wide
SUPER_19	4762632	4998198	IR	367	.	4880688	0.367	0.412	45	235520	4762632	4762683	4998147	4998254	43325428	4750000	5000000	0	2173	51	235464	wide
SUPER_19	40541961	40716082	IR	365	.	40628914	0.365	0.971	98	174454	40541961	40542758	40715285	40716082	43325428	40500000	40750000	98	2150	797	172527	wide
SUPER_19	6774208	6776357	IR	365	.	6775640	0.365	0.824	29	2093	6774208	6774276	6776301	6776357	43325428	6550000	6800000	0	3754	56	2025	spaced
SUPER_19	36739204	36890472	IR	365	.	36814694	0.365	0.833	20	151228	36739204	36739252	36890432	36890472	43325428	36650000	36900000	154	2747	40	151180	wide
SUPER_19	41016869	41247558	IR	364	.	41132311	0.364	0.971	261	232748	41016869	41018746	41245683	41247558	43325428	41000000	41250000	261	2203	1875	226937	wide
SUPER_19	11361424	11405729	IR	363	.	11383138	0.363	0.943	328	44338	11361424	11365602	11401551	11405785	43325428	11350000	11600000	0	559	4178	35949	spaced
SUPER_19	11422277	11444118	IR	363	.	11433253	0.363	0.794	60	21926	11422277	11423258	11443137	11444133	43325428	11400000	11650000	60	553	981	19879	spaced
SUPER_19	33722128	33727948	IR	363	.	33725311	0.363	0.980	58	5756	33722128	33722582	33727494	33727948	43325428	33700000	33950000	0	417	454	4912	spaced
SUPER_19	3674043	3674109	IR	363	.	3674069	0.363	0.911	23	136773	3674043	3674088	3674068	3674109	43325428	3500000	3750000	307	2901	41	-20	overlap
SUPER_19	39684089	39800767	IR	362	.	39742130	0.362	0.342	32	116640	39684089	39684173	39800729	39800767	43325428	39650000	39900000	0	1540	38	116556	wide
SUPER_19	35774966	35782317	IR	361	.	35778998	0.361	0.926	70	7289	35774966	35775034	35782254	35782317	43325428	35550000	35800000	0	3810	63	7220	spaced
SUPER_19	23634628	23744114	IR	360	.	23689737	0.360	0.400	30	108617	23634628	23663566	23715182	23744114	43325428	23550000	23800000	0	2322	28932	51616	spaced
SUPER_19	7261853	7433622	IR	359	.	7347939	0.359	0.874	55	172888	7261853	7262804	7432684	7433622	43325428	7250000	7500000	56	1628	938	169880	wide
SUPER_19	31932919	31991689	IR	359	.	31961937	0.359	0.386	38	58726	31932919	31933013	31991645	31991689	43325428	31750000	32000000	0	3538	44	58632	spaced
SUPER_19	24452027	24491405	IR	357	.	24471650	0.357	0.889	277	39872	24452027	24456857	24486592	24491405	43325428	24300000	24550000	277	2861	4813	29735	spaced
SUPER_19	28313609	28324533	IR	356	.	28318755	0.356	0.553	22	10888	28313609	28313647	28324495	28324563	43325428	28100000	28350000	0	3651	38	10848	spaced
SUPER_19	11258554	11357627	IR	355	.	11307623	0.355	0.830	370	99055	11258554	11267786	11348442	11357627	43325428	11250000	11500000	0	968	9185	80656	spaced
SUPER_19	40188455	40231344	IR	355	.	40209653	0.355	0.929	217	45407	40188455	40189144	40230655	40231347	43325428	40000000	40250000	81	3498	689	41511	spaced
SUPER_19	35168896	35203297	IR	354	.	35185872	0.354	0.757	24	35474	35168896	35169497	35202696	35203306	43325428	35050000	35300000	13	2268	601	33199	spaced
SUPER_19	114075	167670	IR	352	.	140835	0.352	0.857	181	106303	114075	118661	163084	167712	43325428	50000	300000	181	1514	4586	44423	spaced
SUPER_19	1144882	1243045	IR	352	.	1193901	0.352	0.921	20	98188	1144882	1145221	1242706	1243045	43325428	1000000	1250000	21	3232	339	97485	spaced
SUPER_19	31624222	31826595	IR	351	.	31725752	0.351	0.409	154	202325	31624222	31663727	31787090	31826619	43325428	31600000	31850000	0	2090	39505	123363	wide
SUPER_19	14516435	14546706	IR	351	.	14531168	0.351	0.900	94	30237	14516435	14518006	14545140	14546706	43325428	14300000	14550000	0	3859	1566	27134	spaced
SUPER_19	43268970	43277147	IR	351	.	43273357	0.351	0.830	76	8154	43268970	43272122	43274006	43277147	43325428	43100000	43325428	0	2884	3141	1884	immediate
SUPER_19	607887	769279	IR	350	.	688794	0.350	0.774	35	161336	607887	607935	769231	769293	43325428	550000	800000	485	2309	48	161296	wide
SUPER_19	22737992	22798618	IR	350	.	22768795	0.350	0.939	33	60598	22737992	22738657	22797955	22798618	43325428	22550000	22800000	0	3638	663	59298	spaced
SUPER_19	29069122	29237409	IR	350	.	29152827	0.350	0.803	24	168305	29069122	29070300	29236231	29237448	43325428	29000000	29250000	0	2554	1178	165931	wide
SUPER_19	20313681	20463431	IR	350	.	20388484	0.350	0.812	20	150164	20313681	20316425	20460687	20463447	43325428	20250000	20500000	20	2309	2744	144262	wide
SUPER_19	27136997	27205152	IR	349	.	27171294	0.349	0.920	74	69175	27136997	27138026	27204123	27205155	43325428	27050000	27300000	58	2017	1029	66097	spaced
SUPER_19	39359093	39408752	IR	349	.	39383500	0.349	0.911	32	49528	39359093	39359663	39408182	39408762	43325428	39200000	39450000	0	3065	570	48519	spaced
SUPER_19	30408627	30472769	IR	349	.	30440836	0.349	0.769	23	64106	30408627	30408679	30472729	30472769	43325428	30350000	30600000	181	1511	40	64050	spaced
SUPER_19	225121	266225	IR	349	.	246051	0.349	0.575	21	41064	225121	225191	266185	266225	43325428	50000	300000	0	3261	40	40994	spaced
SUPER_19	14277999	14295720	IR	349	.	14286490	0.349	0.934	21	17672	14277999	14278401	14295318	14295722	43325428	14050000	14300000	0	3947	402	16917	spaced
SUPER_19	40722028	40722124	IR	348	.	40722076	0.348	0.970	42	172824	40722028	40722095	40722059	40722124	43325428	40600000	40850000	1372	2034	65	-36	overlap
SUPER_19	40722036	40722126	IR	348	.	40722076	0.348	0.812	40	80528	40722036	40722100	40722074	40722126	43325428	40650000	40900000	950	1201	52	-26	overlap
SUPER_19	12182188	12307790	IR	348	.	12245400	0.348	0.667	32	125566	12182188	12182240	12307738	12307816	43325428	12150000	12400000	0	1583	52	125498	wide
SUPER_19	20617490	20640869	IR	348	.	20629618	0.348	0.475	28	23339	20617490	20617530	20640829	20640907	43325428	20400000	20650000	0	3819	40	23299	spaced
SUPER_19	37901182	38048607	IR	348	.	37975371	0.348	0.781	25	147375	37901182	37901232	38048557	38048621	43325428	37800000	38050000	0	2914	50	147325	wide
SUPER_19	3101851	3283240	IR	347	.	3192371	0.347	0.786	48	181441	3101851	3102818	3282273	3283258	43325428	3050000	3300000	48	2375	967	179455	wide
SUPER_19	2672199	2855050	IR	347	.	2763252	0.347	0.971	37	182783	2672199	2672269	2854982	2855050	43325428	2650000	2900000	0	1893	68	182713	wide
SUPER_19	12425058	12445763	IR	347	.	12435039	0.347	0.775	21	20682	12425058	12426456	12444387	12445763	43325428	12300000	12550000	0	2256	1376	17931	spaced
SUPER_19	17097727	17129675	IR	346	.	17113867	0.346	0.935	270	32708	17097727	17100813	17126589	17129731	43325428	16950000	17200000	270	2728	3086	25776	spaced
SUPER_19	13945059	14139312	IR	346	.	14041835	0.346	0.915	243	194239	13945059	13950294	14134077	14139320	43325428	13900000	14150000	0	2369	5235	183783	wide
SUPER_19	25726228	25785029	IR	346	.	25755604	0.346	0.927	189	60218	25726228	25729363	25781894	25785030	43325428	25600000	25850000	189	2593	3135	52531	spaced
SUPER_19	42283354	42461754	IR	346	.	42372781	0.346	0.938	48	178738	42283354	42283903	42461205	42461754	43325428	42250000	42500000	43	2042	549	177302	wide
SUPER_19	35386884	35393019	IR	346	.	35389924	0.346	0.819	46	6257	35386884	35388263	35391723	35393019	43325428	35150000	35400000	46	3999	1296	3460	spaced
SUPER_19	37464889	37696186	IR	346	.	37580587	0.346	0.926	29	231249	37464889	37464943	37696136	37696186	43325428	37450000	37700000	413	2175	50	231193	wide
SUPER_19	26821841	26849778	IR	346	.	26836157	0.346	0.890	25	27934	26821841	26822520	26849099	26849792	43325428	26600000	26850000	0	3930	679	26579	spaced
SUPER_19	19185646	19275765	IR	345	.	19231042	0.345	0.693	34	90098	19185646	19188337	19273114	19275765	43325428	19050000	19300000	0	3011	2651	84777	spaced
SUPER_19	3689903	3725183	IR	345	.	3707893	0.345	0.955	32	35252	3689903	3690306	3724780	3725184	43325428	3650000	3900000	0	958	403	34474	spaced
SUPER_19	41384298	41535707	IR	345	.	41460326	0.345	0.476	30	151367	41384298	41384380	41535665	41535707	43325428	41300000	41550000	0	2666	42	151285	wide
SUPER_19	24884572	25088108	IR	345	.	24986652	0.345	0.780	27	203517	24884572	24885026	25087732	25088108	43325428	24850000	25100000	0	2272	376	202706	wide
SUPER_19	3866446	3907433	IR	344	.	3886948	0.344	0.901	22	40981	3866446	3866969	3906924	3907433	43325428	3700000	3950000	22	3115	509	39955	spaced
SUPER_19	8853574	8867281	IR	343	.	8859942	0.343	0.732	37	13647	8853574	8853656	8867221	8867281	43325428	8700000	8950000	0	2673	60	13565	spaced
SUPER_19	36107514	36327881	IR	343	.	36217373	0.343	0.388	31	110822	36107514	36217316	36218079	36327934	43325428	36100000	36350000	0	1961	109802	763	immediate
SUPER_19	6894870	6974672	IR	343	.	6934439	0.343	0.964	27	79748	6894870	6894924	6974618	6974674	43325428	6850000	7100000	0	1412	54	79694	spaced
SUPER_19	32722066	32895679	IR	342	.	32809139	0.342	0.944	625	173641	32722066	32727836	32889909	32895731	43325428	32700000	32950000	0	1814	5770	162073	wide
SUPER_19	11543483	11550935	IR	342	.	11547592	0.342	0.980	210	7437	11543483	11544790	11549628	11550943	43325428	11400000	11650000	0	2453	1307	4838	spaced
SUPER_19	27033985	27037835	IR	342	.	27035921	0.342	0.814	51	4017	27033985	27034604	27037216	27037935	43325428	26900000	27150000	51	2265	619	2612	spaced
SUPER_19	26932576	26970806	IR	342	.	26951609	0.342	0.962	39	38373	26932576	26932940	26970444	26970806	43325428	26750000	27000000	39	3361	362	37504	spaced
SUPER_19	34231362	34303876	IR	342	.	34268086	0.342	0.750	36	72458	34231362	34231422	34303816	34303896	43325428	34150000	34400000	0	1960	60	72394	spaced
SUPER_19	317601	398988	IR	342	.	358335	0.342	0.960	32	81353	317601	317649	398940	398990	43325428	200000	450000	355	2638	48	81291	spaced
SUPER_19	3541717	3674081	IR	342	.	3607964	0.342	0.633	26	132320	3541717	3541755	3674043	3674103	43325428	3450000	3700000	210	2631	38	132288	wide
SUPER_19	31524932	31624201	IR	342	.	31574675	0.342	0.425	23	99362	31524932	31572919	31576214	31624241	43325428	31400000	31650000	23	2909	47987	3295	spaced
SUPER_19	9162245	9281742	IR	341	.	9221819	0.341	0.955	121	120066	9162245	9163137	9280860	9281742	43325428	9150000	9400000	132	1199	882	117723	wide
SUPER_19	4170747	4335938	IR	341	.	4253732	0.341	0.907	92	165212	4170747	4171591	4335094	4335978	43325428	4100000	4350000	0	2555	844	163503	wide
SUPER_19	4716522	4749697	IR	341	.	4733049	0.341	0.935	75	33396	4716522	4717530	4748689	4749720	43325428	4600000	4850000	75	2218	1008	31159	spaced
SUPER_19	17166283	17256909	IR	341	.	17211882	0.341	0.392	37	90606	17166283	17211618	17211594	17256909	43325428	17050000	17300000	0	2693	45315	-24	overlap
SUPER_19	26556410	26568070	IR	341	.	26562205	0.341	0.762	27	11861	26556410	26556660	26567820	26568135	43325428	26500000	26750000	27	1037	250	11160	spaced
SUPER_19	41579525	41585524	IR	341	.	41582964	0.341	0.697	24	5953	41579525	41579591	41585478	41585524	43325428	41500000	41750000	0	1375	46	5887	spaced
SUPER_19	42669942	42782157	IR	340	.	42726315	0.340	0.864	42	112162	42669942	42671009	42781090	42782158	43325428	42650000	42900000	0	1267	1067	110081	wide
SUPER_19	5136587	5146316	IR	340	.	5141117	0.340	0.781	23	9679	5136587	5136637	5146266	5146330	43325428	5000000	5250000	0	2357	50	9629	spaced
SUPER_19	10148344	10294451	IR	340	.	10221175	0.340	0.741	22	146063	10148344	10148384	10294411	10294465	43325428	10050000	10300000	192	2856	40	146027	wide
SUPER_19	24185025	24356681	IR	339	.	24270412	0.339	0.853	57	171637	24185025	24187362	24354358	24356681	43325428	24150000	24400000	0	2014	2323	166996	wide
SUPER_19	18252700	18436926	IR	339	.	18345249	0.339	0.692	43	184200	18252700	18255003	18434708	18436926	43325428	18250000	18500000	0	1580	2218	179705	wide
SUPER_19	2002578	2119970	IR	339	.	2061157	0.339	0.838	32	117418	2002578	2003696	2118859	2119970	43325428	2000000	2250000	35	1021	1111	115163	wide
SUPER_19	38431998	38645147	IR	339	.	38538835	0.339	0.926	27	213132	38431998	38432402	38644748	38645147	43325428	38400000	38650000	0	2309	399	212346	wide
SUPER_19	39297820	39326340	IR	339	.	39312157	0.339	0.636	23	28797	39297820	39298808	39325616	39326340	43325428	39250000	39500000	26	1034	724	26808	spaced
SUPER_19	42553068	42661288	IR	338	.	42607341	0.338	0.905	409	109014	42553068	42558350	42656012	42661288	43325428	42550000	42800000	434	952	5276	97662	spaced
SUPER_19	3944600	4057215	IR	337	.	4001365	0.337	0.742	21	112569	3944600	3944646	4057169	4057231	43325428	3900000	4150000	0	1681	46	112523	wide
SUPER_19	20098358	20160611	IR	336	.	20129403	0.336	0.869	167	62865	20098358	20101533	20157436	20160641	43325428	19950000	20200000	167	2991	3175	55903	spaced
SUPER_19	4998017	5099701	IR	336	.	5049370	0.336	0.469	40	101538	4998017	4998254	5099555	5099701	43325428	4850000	5100000	0	3314	146	101301	wide
SUPER_19	31992174	32049899	IR	336	.	32021267	0.336	1.000	35	57645	31992174	31992210	32049863	32049899	43325428	31950000	32200000	13	1183	36	57653	spaced
SUPER_19	13469722	13518054	IR	336	.	13494180	0.336	0.743	33	48280	13469722	13469774	13518002	13518072	43325428	13300000	13550000	0	3231	52	48228	spaced
SUPER_19	37390840	37464933	IR	336	.	37427802	0.336	0.815	25	74096	37390840	37390884	37464889	37464943	43325428	37250000	37500000	232	2964	44	74005	spaced
SUPER_19	6219314	6415423	IR	336	.	6316960	0.336	0.656	20	196073	6219314	6219378	6415381	6415423	43325428	6200000	6450000	0	1956	42	196003	wide
SUPER_19	8347304	8414328	IR	335	.	8380926	0.335	0.957	90	67430	8347304	8348250	8413382	8414329	43325428	8200000	8450000	90	3013	946	65132	spaced
SUPER_19	30709727	30726739	IR	335	.	30717888	0.335	0.880	81	16991	30709727	30711635	30724832	30726739	43325428	30550000	30800000	0	2803	1907	13197	spaced
SUPER_19	27991261	28032865	IR	335	.	28012221	0.335	0.835	79	42098	27991261	27992894	28031232	28032900	43325428	27800000	28050000	82	3534	1633	38338	spaced
SUPER_19	13737963	13858505	IR	335	.	13797821	0.335	0.753	60	120560	13737963	13739469	13856999	13858546	43325428	13650000	13900000	0	2470	1506	117530	wide
SUPER_19	28951182	28970962	IR	335	.	28961218	0.335	0.815	24	19738	28951182	28951236	28970918	28970962	43325428	28750000	29000000	232	3517	44	19682	spaced
SUPER_19	33839246	33947053	IR	335	.	33892697	0.335	0.862	20	107759	33839246	33839296	33947003	33947061	43325428	33750000	34000000	0	2385	50	107707	wide
SUPER_19	1270172	1324878	IR	334	.	1297991	0.334	0.944	171	54694	1270172	1271795	1323255	1324900	43325428	1150000	1400000	0	2458	1623	51460	spaced
SUPER_19	1462954	1472723	IR	333	.	1467514	0.333	0.950	232	9766	1462954	1465897	1469780	1472741	43325428	1250000	1500000	0	3630	2943	3883	spaced
SUPER_19	20946779	20966556	IR	333	.	20956371	0.333	0.750	24	19729	20946779	20946843	20966508	20966556	43325428	20750000	21000000	0	3444	48	19665	spaced
SUPER_19	4469421	4493992	IR	333	.	4481283	0.333	0.733	20	24527	4469421	4469481	4493948	4493992	43325428	4250000	4500000	0	3861	44	24467	spaced
SUPER_19	34492953	34644665	IR	332	.	34568451	0.332	0.959	709	151724	34492953	34500693	34636925	34644697	43325428	34400000	34650000	0	2813	7740	136232	wide
SUPER_19	30472727	30658771	IR	332	.	30566186	0.332	0.432	34	186010	30472727	30472771	30658727	30658817	43325428	30450000	30700000	0	1929	44	185956	wide
SUPER_19	36410252	36598929	IR	332	.	36504296	0.332	0.870	32	188666	36410252	36410299	36598882	36598936	43325428	36350000	36600000	0	2576	47	188583	wide
SUPER_19	22016628	22248966	IR	331	.	22132806	0.331	0.941	109	232605	22016628	22017762	22247832	22248984	43325428	22000000	22250000	109	2213	1134	230070	wide
SUPER_19	40121610	40188476	IR	331	.	40155321	0.331	0.901	65	66868	40121610	40122875	40187211	40188496	43325428	40050000	40300000	0	1750	1265	64336	spaced
SUPER_19	35948741	35963202	IR	331	.	35955912	0.331	0.894	40	14592	35948741	35949706	35962244	35963202	43325428	35750000	36000000	40	3432	958	12538	spaced
SUPER_19	27605632	27616095	IR	331	.	27611131	0.331	0.824	36	10481	27605632	27606936	27614791	27616154	43325428	27550000	27800000	0	1014	1304	7855	spaced
SUPER_19	30808903	31041652	IR	331	.	30925404	0.331	1.000	25	232699	30808903	30808953	31041602	31041652	43325428	30800000	31050000	325	2087	50	232649	wide
SUPER_19	4601559	4624553	IR	331	.	4612828	0.331	0.885	24	22952	4601559	4601611	4624507	4624553	43325428	4400000	4650000	279	3550	46	22896	spaced
SUPER_19	10805607	10835531	IR	331	.	10820639	0.331	0.741	20	29878	10805607	10805647	10835491	10835545	43325428	10650000	10900000	99	2842	40	29844	spaced
SUPER_19	36999547	37021962	IR	330	.	37011266	0.330	0.734	164	22361	36999547	37003679	37017887	37021962	43325428	36850000	37100000	0	2679	4075	14208	spaced
SUPER_19	13116885	13293777	IR	330	.	13205403	0.330	0.920	81	177156	13116885	13118247	13292415	13293778	43325428	13050000	13300000	81	2588	1362	174168	wide
SUPER_19	25357590	25397588	IR	330	.	25377556	0.330	0.852	34	40081	25357590	25358673	25396505	25397624	43325428	25150000	25400000	35	3793	1083	37832	spaced
SUPER_19	30279935	30408669	IR	330	.	30344109	0.330	0.808	23	128688	30279935	30279977	30408627	30408679	43325428	30250000	30500000	215	1571	42	128650	wide
SUPER_19	9668777	9888462	IR	329	.	9778756	0.329	0.939	91	219911	9668777	9669717	9887522	9888481	43325428	9650000	9900000	91	2143	940	217805	wide
SUPER_19	39452573	39626826	IR	329	.	39539660	0.329	0.887	40	174965	39452573	39454121	39625278	39626830	43325428	39400000	39650000	40	2328	1548	171157	wide
SUPER_19	26607955	26611920	IR	329	.	26609692	0.329	0.991	35	4307	26607955	26608063	26611812	26611920	43325428	26450000	26700000	23	2665	108	3749	spaced
SUPER_19	3674035	3682303	IR	329	.	3677733	0.329	0.737	33	8212	3674035	3674111	3682247	3682303	43325428	3450000	3700000	0	3802	56	8136	spaced
SUPER_19	6188141	6219356	IR	329	.	6204137	0.329	0.676	24	31169	6188141	6188187	6219310	6219378	43325428	6000000	6250000	0	3395	46	31123	spaced
SUPER_19	23161150	23289876	IR	329	.	23225894	0.329	0.774	21	128682	23161150	23161212	23289828	23289876	43325428	23050000	23300000	0	2925	48	128616	wide
SUPER_19	21023966	21145893	IR	328	.	21085251	0.328	0.973	91	121901	21023966	21024671	21145192	21145893	43325428	20950000	21200000	0	2248	701	120521	wide
SUPER_19	8517292	8601608	IR	328	.	8559162	0.328	0.782	52	84031	8517292	8518672	8600228	8601659	43325428	8400000	8650000	0	2657	1380	81556	spaced
SUPER_19	7655552	7805726	IR	328	.	7730397	0.328	1.000	35	152228	7655552	7655575	7805703	7805726	43325428	7600000	7850000	2	2177	23	150128	wide
SUPER_19	29268161	29286105	IR	328	.	29277419	0.328	0.806	24	17894	29268161	29268211	29286055	29286117	43325428	29050000	29300000	0	3785	50	17844	spaced
SUPER_19	16778286	16804752	IR	328	.	16791816	0.328	0.853	21	26441	16778286	16778571	16804479	16804752	43325428	16600000	16850000	0	3191	273	25908	spaced
SUPER_19	6608703	6655629	IR	328	.	6632241	0.328	0.875	20	135531	6608703	6608745	6655587	6655635	43325428	6500000	6750000	152	2202	42	46842	spaced
SUPER_19	961246	1127381	IR	327	.	1044544	0.327	0.932	95	167127	961246	961362	1127266	1127381	43325428	950000	1200000	2	1571	115	165904	wide
SUPER_19	33969494	34051372	IR	327	.	34010779	0.327	0.873	79	81898	33969494	33971119	34049747	34051411	43325428	33950000	34200000	0	1007	1625	78628	spaced
SUPER_19	11920539	12145230	IR	327	.	12032818	0.327	0.897	31	225141	11920539	11921012	12144762	12145230	43325428	11900000	12150000	31	2214	468	223750	wide
SUPER_19	19918560	20061386	IR	327	.	19990400	0.327	0.645	20	142786	19918560	19918622	20061346	20061386	43325428	19850000	20100000	0	2332	40	142724	wide
SUPER_19	7131173	7173132	IR	326	.	7151839	0.326	0.895	134	41965	7131173	7133545	7170760	7173197	43325428	6950000	7200000	0	3369	2372	37215	spaced
SUPER_19	19627206	19665852	IR	326	.	19646755	0.326	0.882	125	38690	19627206	19627433	19665625	19665871	43325428	19550000	19800000	17	1608	227	38192	spaced
SUPER_19	31122430	31222742	IR	326	.	31173012	0.326	0.952	123	100285	31122430	31123974	31221203	31222742	43325428	31100000	31350000	0	1209	1539	97229	spaced
SUPER_19	10037801	10041229	IR	326	.	10039580	0.326	0.951	96	108641	10037801	10038453	10040577	10041238	43325428	9950000	10200000	96	1491	652	2124	spaced
SUPER_19	15392168	15445906	IR	326	.	15418546	0.326	0.902	79	53704	15392168	15393829	15444263	15445906	43325428	15350000	15600000	0	1150	1643	50434	spaced
SUPER_19	2407725	2517677	IR	326	.	2463076	0.326	0.939	50	109932	2407725	2408402	2517011	2517677	43325428	2300000	2550000	0	2711	666	108609	wide
SUPER_19	12967796	13048692	IR	326	.	13007772	0.326	0.879	33	80877	12967796	12968530	13047977	13048692	43325428	12800000	13050000	0	3470	715	79447	spaced
SUPER_19	19390083	19464333	IR	326	.	19426803	0.326	0.871	26	74196	19390083	19390137	19464279	19464341	43325428	19250000	19500000	0	2953	54	74142	spaced
SUPER_19	870735	956998	IR	326	.	913566	0.326	0.833	24	86213	870735	870795	956948	956998	43325428	800000	1050000	0	1897	50	86153	spaced
SUPER_19	10977269	11134600	IR	326	.	11055459	0.326	0.847	20	157284	10977269	10977319	11134550	11134609	43325428	10900000	11150000	0	2598	50	157231	wide
SUPER_19	1662710	1687877	IR	325	.	1675763	0.325	0.961	130	25111	1662710	1664103	1686486	1687877	43325428	1450000	1700000	0	3754	1391	22383	spaced
SUPER_19	40722020	40826898	IR	325	.	40774133	0.325	0.143	42	104836	40722020	40722130	40826856	40826898	43325428	40650000	40900000	0	2074	42	104726	wide
SUPER_19	6111124	6177318	IR	325	.	6143976	0.325	0.905	36	66689	6111124	6111880	6176562	6177318	43325428	5950000	6200000	36	3236	756	64682	spaced
SUPER_19	19873538	19883496	IR	325	.	19878306	0.325	0.823	31	10095	19873538	19873720	19883314	19883506	43325428	19650000	19900000	72	3808	182	9594	spaced
SUPER_19	14817303	14845812	IR	325	.	14831201	0.325	0.443	30	28488	14817303	14827863	14835252	14845841	43325428	14600000	14850000	0	3859	10560	7389	spaced
SUPER_19	26239554	26350117	IR	325	.	26295219	0.325	0.625	23	110523	26239554	26239620	26350077	26350117	43325428	26200000	26450000	0	1580	40	110457	wide
SUPER_19	5677132	5700515	IR	325	.	5688532	0.325	0.733	20	23339	5677132	5677176	5700471	5700531	43325428	5550000	5800000	0	2313	44	23295	spaced
SUPER_19	28762143	28822823	IR	324	.	28792369	0.324	0.924	148	60988	28762143	28764510	28820476	28822823	43325428	28650000	28900000	148	2374	2347	55966	spaced
SUPER_19	9602519	9630495	IR	324	.	9616280	0.324	0.739	55	27983	9602519	9608181	9624833	9630523	43325428	9500000	9750000	59	1941	5662	16652	spaced
SUPER_19	22910016	22949783	IR	324	.	22929468	0.324	0.879	42	39720	22910016	22910570	22949229	22949829	43325428	22700000	22950000	0	3831	554	38659	spaced
SUPER_19	5281196	5475819	IR	324	.	5378114	0.324	0.822	27	194556	5281196	5284320	5472729	5475819	43325428	5250000	5500000	0	2141	3090	188409	wide
SUPER_19	14576362	14595675	IR	324	.	14586435	0.324	0.795	27	19252	14576362	14577281	14594836	14595675	43325428	14550000	14800000	0	600	839	17555	spaced
SUPER_19	42163734	42228746	IR	324	.	42195848	0.324	0.524	26	64972	42163734	42163776	42228704	42228782	43325428	42050000	42300000	0	2437	42	64928	spaced
SUPER_19	15188498	15309758	IR	324	.	15248630	0.324	0.889	20	121212	15188498	15188546	15309710	15309764	43325428	15100000	15350000	0	2485	48	121164	wide
SUPER_19	11916070	11919177	IR	323	.	11917515	0.323	0.948	31	3202	11916070	11916510	11918737	11919177	43325428	11900000	12150000	31	293	440	2227	spaced
SUPER_19	8972210	8979912	IR	323	.	8976041	0.323	0.839	24	7929	8972210	8972946	8979176	8979948	43325428	8950000	9200000	24	434	736	6230	spaced
SUPER_19	24752569	24785750	IR	323	.	24768903	0.323	0.750	23	33133	24752569	24752633	24785702	24785750	43325428	24550000	24800000	0	3652	48	33069	spaced
SUPER_19	12864214	12885878	IR	322	.	12874817	0.322	0.721	60	23462	12864214	12864361	12885767	12885878	43325428	12700000	12950000	4	2917	111	21406	spaced
SUPER_19	25853476	26030795	IR	322	.	25942569	0.322	0.925	54	177196	25853476	25854208	26030071	26030795	43325428	25850000	26100000	0	1535	724	175863	wide
SUPER_19	27858102	27900217	IR	322	.	27879308	0.322	0.949	35	42297	27858102	27858458	27899862	27900217	43325428	27700000	27950000	35	2985	355	41404	spaced
SUPER_19	41301210	41384334	IR	322	.	41342414	0.322	0.306	28	83088	41301210	41301246	41384298	41384380	43325428	41200000	41450000	0	2379	36	83052	spaced
SUPER_19	9501158	9560462	IR	322	.	9530385	0.322	0.756	21	59302	9501158	9501388	9560232	9560478	43325428	9400000	9650000	0	2180	230	58844	spaced
SUPER_19	22977208	23084824	IR	321	.	23030529	0.321	0.441	175	107642	22977208	23014687	23047345	23084876	43325428	22900000	23150000	0	2183	37479	32658	spaced
SUPER_19	33375305	33393212	IR	321	.	33384692	0.321	0.957	65	17885	33375305	33375893	33392637	33393212	43325428	33150000	33400000	0	3904	575	16744	spaced
SUPER_19	41841076	41874589	IR	321	.	41858116	0.321	0.867	52	33527	41841076	41842529	41873136	41874620	43325428	41700000	41950000	0	2630	1453	30607	spaced
SUPER_19	27361803	27593651	IR	321	.	27477637	0.321	0.895	42	232489	27361803	27362393	27593061	27593652	43325428	27350000	27600000	42	2128	590	230668	wide
SUPER_19	5601509	5614422	IR	321	.	5607454	0.321	0.886	37	12909	5601509	5602626	5613305	5614437	43325428	5450000	5700000	0	2632	1117	10679	spaced
SUPER_19	20640829	20684428	IR	321	.	20662319	0.321	0.700	33	43545	20640829	20640909	20684372	20684428	43325428	20450000	20700000	0	3543	56	43463	spaced
SUPER_19	17593754	17740549	IR	321	.	17667298	0.321	0.873	23	146826	17593754	17594138	17740165	17740551	43325428	17550000	17800000	28	1952	384	146027	wide
SUPER_19	28401382	28582649	IR	321	.	28492318	0.321	0.819	23	181247	28401382	28403979	28580056	28582649	43325428	28350000	28600000	0	2366	2593	176077	wide
SUPER_19	32355535	32562673	IR	321	.	32459436	0.321	0.513	20	207103	32355535	32355573	32562635	32562706	43325428	32350000	32600000	0	1818	38	207062	wide
SUPER_19	6993750	7101770	IR	320	.	7048095	0.320	0.923	216	108003	6993750	6995830	7099743	7101770	43325428	6950000	7200000	0	1629	2027	103913	wide
SUPER_19	13539454	13588018	IR	320	.	13563493	0.320	0.924	71	52050	13539454	13540689	13586783	13588018	43325428	13500000	13750000	61	1062	1235	46094	spaced
SUPER_19	17825386	17847045	IR	320	.	17835853	0.320	0.896	49	21690	17825386	17826146	17846285	17847104	43325428	17650000	17900000	0	3103	760	20139	spaced
SUPER_19	8176536	8180987	IR	320	.	8179242	0.320	0.893	47	4471	8176536	8176871	8180652	8181026	43325428	8100000	8350000	0	1312	335	3781	spaced
SUPER_19	39131661	39160698	IR	320	.	39146501	0.320	0.952	33	29006	39131661	39132054	39160305	39160698	43325428	39000000	39250000	0	2436	393	28251	spaced
SUPER_19	10294413	10497692	IR	320	.	10396156	0.320	0.769	22	203251	10294413	10294465	10497652	10497692	43325428	10250000	10500000	139	2434	40	203187	wide
SUPER_19	8193521	8226568	IR	320	.	8210324	0.320	0.382	20	33013	8193521	8193593	8226534	8226568	43325428	8000000	8250000	0	3500	34	32941	spaced
SUPER_19	9454269	9462768	IR	319	.	9458619	0.319	0.964	397	9242	9454269	9456924	9460136	9462768	43325428	9250000	9500000	397	3475	2632	3212	spaced
SUPER_19	28278221	28291365	IR	319	.	28285153	0.319	0.913	166	13114	28278221	28280902	28288746	28291365	43325428	28050000	28300000	0	3913	2619	7844	spaced
SUPER_19	5198767	5278311	IR	319	.	5239016	0.319	0.805	54	79527	5198767	5200691	5276441	5278311	43325428	5150000	5400000	0	1475	1870	75750	spaced
SUPER_19	15878685	16073122	IR	319	.	15976214	0.319	0.803	36	193215	15878685	15882637	16069170	16073126	43325428	15850000	16100000	0	2098	3952	186533	wide
SUPER_19	32049851	32170232	IR	319	.	32110271	0.319	0.864	33	120383	32049851	32049895	32170194	32170232	43325428	32000000	32250000	53	1833	38	120299	wide
SUPER_19	23945724	23953552	IR	319	.	23949665	0.319	0.942	31	7852	23945724	23946253	23953023	23953553	43325428	23750000	24000000	31	3327	529	6770	spaced
SUPER_19	5146278	5159389	IR	319	.	5152860	0.319	0.917	23	13089	5146278	5146326	5159345	5159389	43325428	5000000	5250000	207	2547	44	13019	spaced
SUPER_19	37696132	37760267	IR	319	.	37728583	0.319	0.966	23	64079	37696132	37696190	37760211	37760267	43325428	37550000	37800000	0	2969	56	64021	spaced
SUPER_19	22279537	22312334	IR	319	.	22295695	0.319	0.917	21	32757	22279537	22279585	22312290	22312334	43325428	22100000	22350000	224	3265	44	32705	spaced
SUPER_19	423273	503652	IR	318	.	463001	0.318	0.912	144	80360	423273	425690	501235	503657	43325428	300000	550000	0	2724	2417	75545	spaced
SUPER_19	185932	225175	IR	317	.	205563	0.317	0.828	31	39193	185932	185980	225127	225185	43325428	0	250000	400	3425	48	39147	spaced
SUPER_19	16932052	17006150	IR	317	.	16968827	0.317	0.814	29	73782	16932052	16932936	17005318	17006150	43325428	16800000	17050000	0	2818	832	72382	spaced
SUPER_19	32970889	32991172	IR	317	.	32980566	0.317	0.614	27	20239	32970889	32970933	32991128	32991202	43325428	32750000	33000000	0	3850	44	20195	spaced
SUPER_19	26415364	26469260	IR	316	.	26441909	0.316	0.857	30	53879	26415364	26415784	26468883	26469260	43325428	26400000	26650000	0	705	377	53099	spaced
SUPER_19	16534936	16584799	IR	316	.	16560346	0.316	0.964	22	49809	16534936	16534990	16584745	16584801	43325428	16350000	16600000	0	3497	54	49755	spaced
SUPER_19	41535665	41579569	IR	316	.	41557453	0.316	0.769	22	43860	41535665	41535705	41579529	41579581	43325428	41400000	41650000	137	2626	40	43824	spaced
SUPER_19	10620855	10632676	IR	316	.	10626430	0.316	0.932	20	11783	10620855	10621088	10632443	10632677	43325428	10550000	10800000	0	1279	233	11355	spaced
SUPER_19	20232427	20276603	IR	315	.	20254138	0.315	0.896	102	44161	20232427	20233981	20275049	20276618	43325428	20100000	20350000	0	2575	1554	41068	spaced
SUPER_19	17022382	17055771	IR	315	.	17038894	0.315	0.877	94	33662	17022382	17023316	17054924	17055771	43325428	16850000	17100000	94	3151	847	31608	spaced
SUPER_19	15789398	15794917	IR	315	.	15792558	0.315	0.627	33	5496	15789398	15790632	15793699	15794917	43325428	15750000	16000000	0	702	1218	3067	spaced
SUPER_19	3368863	3470361	IR	314	.	3419373	0.314	0.875	38	102036	3368863	3369530	3469694	3470377	43325428	3350000	3600000	34	1160	667	100164	wide
SUPER_19	31895291	31932973	IR	314	.	31914049	0.314	0.595	36	37628	31895291	31895333	31932931	31933003	43325428	31750000	32000000	276	2735	42	37598	spaced
SUPER_19	25603058	25624773	IR	314	.	25613796	0.314	0.846	25	100163	25603058	25603110	25624729	25624773	43325428	25500000	25750000	261	1898	44	21619	spaced
SUPER_19	40993535	41007171	IR	314	.	41000425	0.314	0.958	25	13608	40993535	40993581	41007125	41007173	43325428	40800000	41050000	190	3339	46	13544	spaced
SUPER_19	18968939	19102745	IR	314	.	19035835	0.314	0.843	22	134253	18968939	18969837	19101880	19102745	43325428	18950000	19200000	22	1430	865	132043	wide
SUPER_19	19277363	19390131	IR	314	.	19333483	0.314	0.889	20	112720	19277363	19277411	19390083	19390137	43325428	19150000	19400000	0	3062	48	112672	wide
SUPER_19	2157820	2353681	IR	313	.	2256024	0.313	0.808	21	195825	2157820	2160053	2351464	2353681	43325428	2150000	2400000	0	1762	2217	191411	wide
SUPER_19	14721417	14807950	IR	312	.	14764660	0.312	0.931	89	86639	14721417	14722417	14806970	14807950	43325428	14600000	14850000	89	2744	980	84553	spaced
SUPER_19	24508179	24569849	IR	311	.	24539287	0.311	0.861	139	61692	24508179	24512672	24565356	24569889	43325428	24450000	24700000	0	1483	4493	52684	spaced
SUPER_19	39897821	40051833	IR	311	.	39974777	0.311	0.942	112	155389	39897821	39899487	40050167	40051835	43325428	39850000	40100000	112	2080	1666	150680	wide
SUPER_19	9288768	9315449	IR	311	.	9301817	0.311	0.565	31	26635	9288768	9288814	9315403	9315485	43325428	9100000	9350000	0	3368	46	26589	spaced
SUPER_19	27593665	27597974	IR	310	.	27595981	0.310	0.879	34	4454	27593665	27594249	27597390	27597982	43325428	27450000	27700000	35	2430	584	3141	spaced
SUPER_19	37324766	37329151	IR	310	.	37327061	0.310	0.919	24	36108	37324766	37325560	37328357	37329151	43325428	37150000	37400000	24	2949	794	2797	spaced
SUPER_19	6817829	6894920	IR	310	.	6855893	0.310	0.926	23	77041	6817829	6817879	6894870	6894924	43325428	6800000	7050000	0	939	50	76991	spaced
SUPER_19	10878476	10921593	IR	309	.	10900260	0.309	0.944	157	50456	10878476	10878743	10921326	10921593	43325428	10700000	10950000	17	3333	267	42583	spaced
SUPER_19	3746512	3753563	IR	309	.	3749705	0.309	0.968	51	7031	3746512	3746923	3753154	3753563	43325428	3650000	3900000	0	1667	409	6231	spaced
SUPER_19	40373091	40531239	IR	308	.	40451776	0.308	0.915	226	158109	40373091	40376235	40528095	40531242	43325428	40300000	40550000	0	2535	3144	151860	wide
SUPER_19	33560281	33585654	IR	308	.	33572953	0.308	0.926	55	25583	33560281	33561328	33584607	33585654	43325428	33350000	33600000	55	3715	1047	23279	spaced
SUPER_19	23337931	23480324	IR	305	.	23409151	0.305	0.857	40	142400	23337931	23339525	23478756	23480324	43325428	23300000	23550000	40	1818	1568	139231	wide
SUPER_19	29374250	29577720	IR	305	.	29475833	0.305	0.645	28	203438	29374250	29374312	29577680	29577720	43325428	29350000	29600000	253	2099	40	203368	wide
SUPER_19	1325393	1391069	IR	305	.	1358295	0.305	0.907	22	65655	1325393	1325855	1390615	1391069	43325428	1150000	1400000	30	3470	454	64760	spaced
SUPER_19	22604748	22737872	IR	303	.	22670875	0.303	0.838	46	133134	22604748	22606736	22735884	22737928	43325428	22500000	22750000	0	2855	1988	129148	wide
SUPER_19	8819679	8827580	IR	303	.	8823738	0.303	0.852	44	8037	8819679	8820929	8826365	8827580	43325428	8750000	9000000	44	1227	1215	5436	spaced
SUPER_19	33294205	33315781	IR	303	.	33304594	0.303	0.790	25	21555	33294205	33294879	33315143	33315781	43325428	33100000	33350000	0	3416	638	20264	spaced
SUPER_19	5700475	5739112	IR	303	.	5719581	0.303	0.808	20	38599	5700475	5700527	5739070	5739112	43325428	5500000	5750000	132	3663	42	38543	spaced
SUPER_19	19734528	19762282	IR	301	.	19748245	0.301	0.857	86	28703	19734528	19735492	19761318	19762384	43325428	19600000	19850000	86	2473	964	25826	spaced
SUPER_19	18925582	18927723	IR	301	.	18926656	0.301	1.000	54	2165	18925582	18925820	18927485	18927723	43325428	18850000	19100000	54	1277	238	1665	immediate
SUPER_19	24658445	24728844	IR	300	.	24693867	0.300	0.919	30	72750	24658445	24658507	24728784	24728844	43325428	24550000	24800000	5	2393	60	70277	spaced
SUPER_19	11751200	11770298	IR	299	.	11760396	0.299	0.812	32	19051	11751200	11756316	11765182	11770323	43325428	11750000	12000000	0	179	5116	8866	spaced
SUPER_19	36893577	36917392	IR	299	.	36905241	0.299	0.881	28	23867	36893577	36894148	36916824	36917392	43325428	36750000	37000000	10	2591	568	22676	spaced
SUPER_19	15309710	15368826	IR	299	.	15338779	0.299	0.852	20	59070	15309710	15309764	15368780	15368826	43325428	15150000	15400000	0	3154	46	59016	spaced
SUPER_19	19464279	19586976	IR	298	.	19525131	0.298	0.710	20	122653	19464279	19464341	19586932	19586976	43325428	19400000	19650000	0	2093	44	122591	wide
SUPER_19	2868845	2882244	IR	295	.	2875256	0.295	1.000	42	13370	2868845	2869063	2882026	2882244	43325428	2750000	3000000	0	2092	218	12963	spaced
SUPER_19	42800419	42850060	IR	295	.	42825738	0.295	0.824	28	49617	42800419	42801801	42848702	42850060	43325428	42700000	42950000	0	2087	1358	46901	spaced
SUPER_19	10600412	10612980	IR	294	.	10606373	0.294	0.990	701	12550	10600412	10604755	10608655	10612980	43325428	10400000	10650000	0	3444	4325	3900	spaced
SUPER_19	22469223	22497637	IR	293	.	22483276	0.293	0.891	34	28458	22469223	22470003	22496861	22497637	43325428	22300000	22550000	35	3057	776	26858	spaced
SUPER_19	13905336	13914863	IR	292	.	13910244	0.292	0.918	25	9520	13905336	13905591	13914621	13914863	43325428	13850000	14100000	25	1001	242	9030	spaced
SUPER_19	769221	870795	IR	290	.	819615	0.290	0.750	40	101514	769221	769301	870735	870795	43325428	650000	900000	0	2833	60	101434	wide
SUPER_19	25426486	25603102	IR	290	.	25515207	0.290	0.800	22	176574	25426486	25426534	25603054	25603114	43325428	25400000	25650000	0	1913	48	176520	wide
SUPER_20	19249953	19255642	IR	940	.	19252801	0.940	0.977	381	6328	19249953	19252458	19253144	19255642	42623543	19100000	19350000	402	2546	2498	686	immediate
SUPER_20	14460976	14463800	IR	837	.	14462388	0.837	0.946	103	3005	14460976	14462167	14462609	14463810	42623543	14250000	14500000	103	3539	1191	442	immediate
SUPER_20	26415574	26417536	IR	715	.	26416555	0.715	0.979	79	2106	26415574	26416088	26417022	26417536	42623543	26200000	26450000	79	3609	514	934	immediate
SUPER_20	8563951	8566225	IR	702	.	8565093	0.702	0.964	105	2461	8563951	8564715	8565461	8566235	42623543	8500000	8750000	105	1084	764	746	immediate
SUPER_20	1574794	1581505	IR	665	.	1578150	0.665	0.974	408	7452	1574794	1577697	1578604	1581505	42623543	1350000	1600000	409	3802	2901	907	immediate
SUPER_20	39442783	39444719	IR	618	.	39443751	0.618	0.899	79	132263	39442783	39443466	39444057	39444719	42623543	39300000	39550000	79	2395	662	591	immediate
SUPER_20	35942519	35944413	IR	565	.	35943483	0.565	0.853	72	2009	35942519	35943360	35943605	35944413	42623543	35700000	35950000	72	4057	808	245	immediate
SUPER_20	14454894	14459802	IR	552	.	14457474	0.552	0.926	145	5408	14454894	14456281	14458415	14459823	42623543	14250000	14500000	147	3455	1387	2134	spaced
SUPER_20	7106053	7111771	IR	539	.	7108581	0.539	0.488	38	5695	7106053	7108202	7109702	7111771	42623543	7000000	7250000	0	1815	2069	1500	immediate
SUPER_20	30457351	30461396	IR	514	.	30458983	0.514	0.643	32	4052	30457351	30458741	30460006	30461421	42623543	30450000	30700000	0	156	1390	1265	immediate
SUPER_20	28240975	28303936	IR	503	.	28272815	0.503	0.823	42	63012	28240975	28242307	28302604	28304034	42623543	28100000	28350000	0	2874	1332	60297	spaced
SUPER_20	30908701	31075748	IR	494	.	30991807	0.494	0.497	98	167027	30908701	30990363	30994088	31075748	42623543	30850000	31100000	0	2370	81660	3725	spaced
SUPER_20	31185327	31277578	IR	488	.	31231025	0.488	0.578	142	90563	31185327	31230208	31232748	31277578	42623543	31150000	31400000	0	1357	44830	2540	spaced
SUPER_20	15686829	15702977	IR	480	.	15694991	0.480	0.838	45	16310	15686829	15688077	15701729	15703027	42623543	15650000	15900000	45	748	1248	13652	spaced
SUPER_20	6737258	6739651	IR	469	.	6738461	0.469	0.970	101	2477	6737258	6737747	6739162	6739664	42623543	6550000	6800000	101	3140	489	1415	immediate
SUPER_20	17030298	17241814	IR	469	.	17135812	0.469	0.850	22	211506	17030298	17030332	17241780	17241820	42623543	17000000	17250000	12	2267	34	211448	wide
SUPER_20	19641477	19827943	IR	463	.	19734881	0.463	0.951	124	186866	19641477	19642613	19826807	19827948	42623543	19600000	19850000	128	2245	1136	184194	wide
SUPER_20	30644922	30647244	IR	460	.	30646083	0.460	0.901	22	2413	30644922	30645512	30646654	30647249	42623543	30600000	30850000	22	767	590	1142	immediate
SUPER_20	34704416	34714038	IR	457	.	34709242	0.457	0.861	87	10405	34704416	34708999	34709478	34714038	42623543	34600000	34850000	87	1820	4560	479	immediate
SUPER_20	26072273	26074449	IR	444	.	26073359	0.444	0.957	86	2253	26072273	26073130	26073597	26074449	42623543	25850000	26100000	86	3722	852	467	immediate
SUPER_20	6850007	6959515	IR	438	.	6905184	0.438	0.899	694	109485	6850007	6855487	6954096	6959515	42623543	6750000	7000000	0	2579	5419	98609	spaced
SUPER_20	29887201	29921865	IR	437	.	29904166	0.437	0.865	34	34637	29887201	29888075	29921021	29921865	42623543	29800000	30050000	0	1742	844	32946	spaced
SUPER_20	37128232	37176530	IR	420	.	37152199	0.420	0.929	20	48428	37128232	37128613	37176149	37176530	42623543	37050000	37300000	20	1706	381	47536	spaced
SUPER_20	31131723	31168955	IR	418	.	31150556	0.418	0.488	134	86101	31131723	31140718	31159978	31168955	42623543	30950000	31200000	51	3338	8977	19260	spaced
SUPER_20	7271193	7301107	IR	416	.	7285814	0.416	0.940	29	29896	7271193	7271260	7301044	7301107	42623543	7100000	7350000	0	3102	63	29784	spaced
SUPER_20	25382567	25397957	IR	414	.	25390261	0.414	0.960	917	17286	25382567	25389097	25391427	25398021	42623543	25150000	25400000	917	4004	6530	2330	spaced
SUPER_20	40222844	40245365	IR	409	.	40234596	0.409	0.827	35	22380	40222844	40223458	40244751	40245383	42623543	40150000	40400000	0	1401	614	21293	spaced
SUPER_20	2158561	2161807	IR	407	.	2160184	0.407	0.901	52	3344	2158561	2159223	2161145	2161809	42623543	1950000	2200000	52	3502	662	1922	immediate
SUPER_20	16941220	16980867	IR	405	.	16961267	0.405	0.781	49	39639	16941220	16941284	16980817	16980867	42623543	16750000	17000000	706	3517	50	39533	spaced
SUPER_20	9741435	9784713	IR	402	.	9763572	0.402	0.391	40	43313	9741435	9741481	9784667	9784765	42623543	9650000	9900000	0	1884	46	43186	spaced
SUPER_20	13722570	13894335	IR	397	.	13808078	0.397	0.800	22	171717	13722570	13722630	13894287	13894335	42623543	13650000	13900000	0	2640	48	171657	wide
SUPER_20	20115237	20338518	IR	396	.	20227252	0.396	0.848	24	223280	20115237	20117289	20336466	20338541	42623543	20100000	20350000	0	2114	2052	219177	wide
SUPER_20	10367348	10428519	IR	395	.	10398249	0.395	0.742	20	61125	10367348	10367394	10428473	10428535	42623543	10200000	10450000	0	3298	46	61079	spaced
SUPER_20	31395867	31460236	IR	394	.	31427831	0.394	0.910	180	63498	31395867	31400466	31455637	31460239	42623543	31300000	31550000	164	2134	4599	55171	spaced
SUPER_20	39797282	39922193	IR	394	.	39859270	0.394	0.958	69	124849	39797282	39798171	39921305	39922193	42623543	39700000	39950000	0	2662	888	123134	wide
SUPER_20	3069317	3175261	IR	394	.	3122514	0.394	0.941	25	105940	3069317	3069703	3174875	3175262	42623543	2950000	3200000	25	2871	386	105172	wide
SUPER_20	20821791	20958876	IR	393	.	20889929	0.393	0.730	594	137038	20821791	20832575	20948102	20958876	42623543	20750000	21000000	0	2338	10774	115527	wide
SUPER_20	12697924	12863416	IR	390	.	12781046	0.390	0.920	326	165471	12697924	12703410	12857948	12863416	42623543	12650000	12900000	0	2177	5468	154538	wide
SUPER_20	40737243	40739759	IR	389	.	40738502	0.389	0.876	38	2613	40737243	40737707	40739297	40739759	42623543	40700000	40950000	38	641	462	1590	immediate
SUPER_20	22116509	22321810	IR	388	.	22219103	0.388	0.919	52	205334	22116509	22117900	22320435	22321810	42623543	22100000	22350000	52	1985	1375	202535	wide
SUPER_20	37889560	37985343	IR	387	.	37937226	0.387	0.771	32	95732	37889560	37889680	37985223	37985367	42623543	37850000	38100000	81	1457	120	95543	spaced
SUPER_20	15703515	15757228	IR	384	.	15730423	0.384	0.938	37	54017	15703515	15703931	15756812	15757229	42623543	15650000	15900000	37	1339	416	52881	spaced
SUPER_20	27655280	27661061	IR	380	.	27658181	0.380	0.869	103	6638	27655280	27657681	27658660	27661175	42623543	27500000	27750000	103	2636	2401	979	immediate
SUPER_20	6365049	6365151	IR	380	.	6365107	0.380	0.827	55	19968	6365049	6365116	6365084	6365165	42623543	6200000	6450000	2260	2751	67	-32	overlap
SUPER_20	6365057	6365171	IR	380	.	6365107	0.380	0.896	55	20008	6365057	6365134	6365102	6365171	42623543	6250000	6500000	2380	1918	69	-32	overlap
SUPER_20	12293039	12477849	IR	380	.	12385368	0.380	0.918	51	185361	12293039	12293778	12477110	12477862	42623543	12250000	12500000	51	2257	739	183332	wide
SUPER_20	1835637	1865229	IR	379	.	1850853	0.379	0.897	26	29571	1835637	1836096	1864770	1865235	42623543	1650000	1900000	0	3340	459	28674	spaced
SUPER_20	36665360	36840476	IR	379	.	36752782	0.379	0.742	21	175724	36665360	36666322	36839556	36840476	42623543	36600000	36850000	21	2548	920	173234	wide
SUPER_20	41467621	41471975	IR	378	.	41469797	0.378	0.494	46	4409	41467621	41469728	41469868	41472070	42623543	41250000	41500000	76	3663	2107	140	immediate
SUPER_20	13607259	13674707	IR	377	.	13641045	0.377	0.913	63	68106	13607259	13608475	13673491	13674713	42623543	13450000	13700000	63	3182	1216	65016	spaced
SUPER_20	38808500	38849292	IR	377	.	38828424	0.377	0.477	33	40748	38808500	38808544	38849248	38849334	42623543	38650000	38900000	0	2981	44	40704	spaced
SUPER_20	21329559	21335799	IR	376	.	21333118	0.376	0.869	81	6252	21329559	21330591	21334767	21335835	42623543	21300000	21550000	0	544	1032	4176	spaced
SUPER_20	38269535	38364583	IR	374	.	38317416	0.374	0.881	419	94981	38269535	38278765	38355385	38364583	42623543	38250000	38500000	0	1117	9198	76620	spaced
SUPER_20	32280511	32294321	IR	374	.	32287797	0.374	0.896	56	13766	32280511	32282830	32292017	32294321	42623543	32050000	32300000	0	3956	2304	9187	spaced
SUPER_20	25404899	25609351	IR	374	.	25506656	0.374	0.789	23	204181	25404899	25406903	25607384	25609351	42623543	25400000	25650000	0	1785	1967	200481	wide
SUPER_20	3573885	3625301	IR	372	.	3599479	0.372	0.719	21	51515	3573885	3574925	3624284	3625301	42623543	3400000	3650000	21	3326	1017	49359	spaced
SUPER_20	2076875	2155451	IR	371	.	2116544	0.371	0.883	80	78635	2076875	2078407	2153919	2155530	42623543	1950000	2200000	0	2769	1532	75512	spaced
SUPER_20	18100567	18337237	IR	371	.	18218989	0.371	0.923	26	236624	18100567	18100619	18337189	18337237	42623543	18100000	18350000	330	1981	48	236570	wide
SUPER_20	4306537	4497205	IR	371	.	4401812	0.371	0.841	21	190758	4306537	4307156	4496586	4497250	42623543	4250000	4500000	21	2531	619	189430	wide
SUPER_20	1078967	1200400	IR	370	.	1139873	0.370	0.940	130	121880	1078967	1080763	1198605	1200400	42623543	1000000	1250000	130	2327	1795	117842	wide
SUPER_20	5859256	6091983	IR	370	.	5975684	0.370	0.847	38	233436	5859256	5860800	6090439	6091989	42623543	5850000	6100000	38	2093	1544	229639	wide
SUPER_20	32126863	32166943	IR	370	.	32147300	0.370	0.900	26	39847	32126863	32127974	32165832	32166950	42623543	31950000	32200000	0	3281	1111	37858	spaced
SUPER_20	16291148	16306250	IR	369	.	16298837	0.369	0.897	91	15317	16291148	16292107	16305291	16306295	42623543	16100000	16350000	91	3311	959	13184	spaced
SUPER_20	8441807	8492452	IR	368	.	8467105	0.368	0.939	106	50954	8441807	8442631	8491628	8492471	42623543	8300000	8550000	106	2785	824	48997	spaced
SUPER_20	4137221	4257802	IR	368	.	4197663	0.368	0.926	83	121095	4137221	4138264	4256776	4257802	42623543	4050000	4300000	84	2458	1026	118512	wide
SUPER_20	3899996	3915537	IR	366	.	3907866	0.366	0.964	517	16632	3899996	3904926	3910607	3915537	42623543	3700000	3950000	517	3462	4930	5681	spaced
SUPER_20	27066179	27191420	IR	366	.	27128512	0.366	0.942	95	125192	27066179	27067314	27190285	27191423	42623543	26950000	27200000	0	2979	1135	122971	wide
SUPER_20	4995452	5106075	IR	366	.	5050323	0.366	0.700	52	110585	4995452	4997494	5104063	5106075	42623543	4950000	5200000	0	1679	2012	106569	wide
SUPER_20	41154024	41328883	IR	366	.	41241761	0.366	0.902	26	174852	41154024	41154450	41328457	41328896	42623543	41100000	41350000	0	2357	426	174007	wide
SUPER_20	39242625	39250244	IR	365	.	39246050	0.365	0.836	26	7600	39242625	39244630	39248253	39250244	42623543	39200000	39450000	0	773	1991	3623	spaced
SUPER_20	42584561	42621413	IR	364	.	42602987	0.364	0.961	77	37090	42584561	42585210	42620766	42621413	42623543	42400000	42623543	77	3382	647	35556	spaced
SUPER_20	24655570	24866265	IR	364	.	24761405	0.364	0.774	40	210672	24655570	24657437	24864447	24866265	42623543	24650000	24900000	0	1848	1818	207010	wide
SUPER_20	552476	643018	IR	364	.	597890	0.364	0.939	26	90624	552476	552865	642629	643018	42623543	500000	750000	27	1628	389	89764	spaced
SUPER_20	18890902	18920145	IR	364	.	18905282	0.364	0.773	25	29213	18890902	18890946	18920111	18920145	42623543	18700000	18950000	19	3425	34	29165	spaced
SUPER_20	15053128	15124096	IR	363	.	15088121	0.363	0.492	150	67724	15053128	15085090	15092165	15124096	42623543	14900000	15150000	0	3143	31931	7075	spaced
SUPER_20	26868231	26918127	IR	362	.	26893665	0.362	0.811	34	49899	26868231	26869163	26917195	26918150	42623543	26850000	27100000	0	719	932	48032	spaced
SUPER_20	7445854	7576873	IR	362	.	7510863	0.362	0.384	24	69180	7445854	7507702	7515030	7576873	42623543	7350000	7600000	0	2689	61843	7328	spaced
SUPER_20	36357817	36477933	IR	361	.	36417405	0.361	0.935	737	120078	36357817	36364368	36471401	36477933	42623543	36300000	36550000	0	1964	6532	107033	wide
SUPER_20	17828943	17836966	IR	361	.	17832768	0.361	0.926	35	8000	17828943	17828993	17836916	17836970	42623543	17800000	18050000	406	549	50	7923	spaced
SUPER_20	25933428	25935660	IR	361	.	25934544	0.361	0.929	35	2356	25933428	25933735	25935353	25935676	42623543	25750000	26000000	35	3075	307	1618	immediate
SUPER_20	10025770	10038844	IR	360	.	10032535	0.360	1.000	23	13465	10025770	10025799	10038815	10038844	42623543	9900000	10150000	4	2204	29	13016	spaced
SUPER_20	23468196	23575178	IR	359	.	23522181	0.359	0.910	107	106959	23468196	23469371	23574073	23575178	42623543	23350000	23600000	0	2861	1105	104702	wide
SUPER_20	22409461	22572559	IR	359	.	22491178	0.359	0.897	98	163608	22409461	22410692	22571328	22572624	42623543	22350000	22600000	105	2350	1231	160636	wide
SUPER_20	34364529	34476817	IR	358	.	34420874	0.358	0.905	77	112362	34364529	34365482	34475864	34476829	42623543	34250000	34500000	77	2844	953	110382	wide
SUPER_20	13969595	14113618	IR	357	.	14041401	0.357	0.750	39	143971	13969595	13969643	14113570	14113634	42623543	13950000	14200000	578	1526	48	143927	wide
SUPER_20	10293078	10300507	IR	355	.	10296486	0.355	0.945	170	7409	10293078	10294939	10298682	10300507	42623543	10150000	10400000	0	2446	1825	3743	spaced
SUPER_20	42302521	42373564	IR	355	.	42337764	0.355	0.872	41	71016	42302521	42303563	42372531	42373564	42623543	42250000	42500000	0	1467	1033	68968	spaced
SUPER_20	15763185	15886294	IR	353	.	15824537	0.353	0.929	235	123617	15763185	15764766	15884754	15886294	42623543	15650000	15900000	255	2912	1540	119988	wide
SUPER_20	11536207	11564887	IR	353	.	11550194	0.353	0.928	129	28655	11536207	11538743	11562368	11564887	42623543	11350000	11600000	0	3342	2519	23625	spaced
SUPER_20	8853433	8863789	IR	353	.	8859005	0.353	0.571	25	10314	8853433	8853475	8863747	8863821	42623543	8650000	8900000	0	3476	42	10272	spaced
SUPER_20	32249138	32260482	IR	352	.	32254694	0.352	0.879	238	12135	32249138	32253314	32256306	32260501	42623543	32050000	32300000	238	3413	4176	2992	spaced
SUPER_20	27320089	27347266	IR	352	.	27333449	0.352	0.913	148	27564	27320089	27323748	27343627	27347266	42623543	27100000	27350000	148	3894	3639	19879	spaced
SUPER_20	21430146	21623691	IR	352	.	21527043	0.352	0.403	36	193490	21430146	21430182	21623655	21623730	42623543	21400000	21650000	108	2115	36	193473	wide
SUPER_20	30360752	30429690	IR	351	.	30395569	0.351	0.625	45	68878	30360752	30360812	30429630	30429726	42623543	30200000	30450000	0	3253	60	68818	spaced
SUPER_20	5423549	5633648	IR	351	.	5528322	0.351	0.728	26	209539	5423549	5425560	5631637	5633668	42623543	5400000	5650000	0	2143	2011	206077	wide
SUPER_20	21230086	21289520	IR	350	.	21259846	0.350	0.939	158	60669	21230086	21232394	21287212	21289525	42623543	21050000	21300000	158	3496	2308	54818	spaced
SUPER_20	843414	867987	IR	350	.	855222	0.350	0.437	99	24533	843414	855667	855816	867987	42623543	800000	1050000	0	928	12171	149	immediate
SUPER_20	7932599	7975107	IR	350	.	7953696	0.350	0.795	30	74099	7932599	7933620	7974086	7975132	42623543	7850000	8100000	36	1730	1021	40466	spaced
SUPER_20	9138954	9155279	IR	349	.	9147545	0.349	0.676	28	16275	9138954	9139028	9155229	9155279	42623543	8950000	9200000	0	3285	50	16201	spaced
SUPER_20	8863749	8863819	IR	349	.	8863783	0.349	1.000	23	42145	8863749	8863796	8863772	8863819	42623543	8700000	8950000	403	2729	47	-24	overlap
SUPER_20	25666679	25895973	IR	348	.	25781016	0.348	0.952	140	229290	25666679	25667805	25894847	25895998	42623543	25650000	25900000	0	2188	1126	227042	wide
SUPER_20	8097655	8245503	IR	347	.	8172093	0.347	0.909	234	147761	8097655	8102307	8240935	8245503	42623543	8050000	8300000	0	2026	4568	138628	wide
SUPER_20	22584418	22770000	IR	347	.	22676796	0.347	0.939	142	185562	22584418	22586059	22768374	22770000	42623543	22550000	22800000	0	2120	1626	182315	wide
SUPER_20	18551323	18689067	IR	347	.	18620688	0.347	0.751	26	137744	18551323	18554051	18686339	18689084	42623543	18450000	18700000	0	2836	2728	132288	wide
SUPER_20	13412238	13492920	IR	346	.	13452597	0.346	0.824	65	80912	13412238	13413009	13492149	13492967	42623543	13400000	13650000	70	876	771	79140	spaced
SUPER_20	21898476	22049273	IR	346	.	21973386	0.346	0.881	47	150723	21898476	21898550	22049199	22049283	42623543	21800000	22050000	0	2897	74	150649	wide
SUPER_20	29948165	29961769	IR	346	.	29955224	0.346	0.967	28	13546	29948165	29948225	29961711	29961769	42623543	29750000	30000000	0	3415	58	13486	spaced
SUPER_20	33318331	33380391	IR	345	.	33349773	0.345	0.879	113	62043	33318331	33319969	33378844	33380391	42623543	33200000	33450000	0	2489	1547	58875	spaced
SUPER_20	28732735	28813043	IR	345	.	28772780	0.345	0.895	96	80497	28732735	28735735	28810055	28813043	42623543	28600000	28850000	96	2881	2988	74320	spaced
SUPER_20	5251770	5284840	IR	345	.	5268038	0.345	0.803	57	33045	5251770	5252624	5284069	5284840	42623543	5200000	5450000	0	1138	771	31445	spaced
SUPER_20	11645081	11826781	IR	345	.	11735559	0.345	0.450	42	181622	11645081	11656627	11815308	11826781	42623543	11600000	11850000	0	2265	11473	158681	wide
SUPER_20	32732107	32775678	IR	345	.	32753480	0.345	0.754	31	43514	32732107	32733184	32774601	32775692	42623543	32550000	32800000	0	3398	1077	41417	spaced
SUPER_20	20483467	20615453	IR	345	.	20548979	0.345	0.845	30	131937	20483467	20483990	20614964	20615453	42623543	20450000	20700000	0	1657	489	130974	wide
SUPER_20	39531692	39551765	IR	345	.	39541481	0.345	1.000	27	20037	39531692	39531730	39551727	39551765	42623543	39450000	39700000	25	1528	38	19997	spaced
SUPER_20	38711391	38743030	IR	345	.	38727582	0.345	0.636	20	31644	38711391	38711433	38742988	38743054	42623543	38500000	38750000	0	3786	42	31555	spaced
SUPER_20	27561120	27596053	IR	344	.	27578287	0.344	0.890	54	34919	27561120	27562641	27594532	27596062	42623543	27350000	27600000	0	3809	1521	31891	spaced
SUPER_20	2657922	2730211	IR	344	.	2694390	0.344	0.200	37	72249	2657922	2657962	2730171	2730271	42623543	2500000	2750000	0	3234	40	72209	spaced
SUPER_20	28960573	29122144	IR	343	.	29040904	0.343	0.908	242	161551	28960573	28964786	29117943	29122144	42623543	28950000	29200000	0	1522	4201	153157	wide
SUPER_20	42099653	42210825	IR	343	.	42154772	0.343	0.903	27	111118	42099653	42099715	42210769	42210825	42623543	42000000	42250000	0	2587	56	111054	wide
SUPER_20	21694257	21898512	IR	343	.	21796109	0.343	0.447	23	204219	21694257	21694295	21898474	21898550	42623543	21650000	21900000	0	2439	38	204179	wide
SUPER_20	32983777	33110665	IR	343	.	33046721	0.343	0.892	23	126863	32983777	32984706	33109736	33110665	42623543	32900000	33150000	0	2453	929	125030	wide
SUPER_20	38003716	38089549	IR	343	.	38046774	0.343	0.704	23	85795	38003716	38003754	38089511	38089565	42623543	37850000	38100000	187	3277	38	85757	spaced
SUPER_20	29722885	29733394	IR	342	.	29728222	0.342	0.922	109	11064	29722885	29724046	29732255	29733394	42623543	29650000	29900000	115	1302	1139	8209	spaced
SUPER_20	32372730	32578091	IR	341	.	32475114	0.341	0.906	291	205431	32372730	32377436	32573385	32578179	42623543	32350000	32600000	0	2090	4706	195949	wide
SUPER_20	34541713	34543868	IR	341	.	34542796	0.341	0.984	29	2241	34541713	34541899	34543682	34543868	42623543	34350000	34600000	29	3213	186	1783	immediate
SUPER_20	26794465	26799989	IR	341	.	26797704	0.341	0.812	24	5474	26794465	26794529	26799937	26799989	42623543	26550000	26800000	0	4120	52	5408	spaced
SUPER_20	27774500	27960265	IR	340	.	27866896	0.340	0.898	163	185723	27774500	27778240	27956525	27960336	42623543	27750000	28000000	0	1956	3740	178285	wide
SUPER_20	5657357	5748691	IR	340	.	5703511	0.340	0.802	21	91403	5657357	5658509	5747539	5748778	42623543	5550000	5800000	0	2550	1152	89030	spaced
SUPER_20	12962497	13040376	IR	340	.	13001787	0.340	0.389	20	77922	12962497	12972277	13030596	13040471	42623543	12800000	13050000	0	3357	9780	58319	spaced
SUPER_20	30737944	30818886	IR	339	.	30778340	0.339	0.951	57	81088	30737944	30738676	30818155	30818886	42623543	30600000	30850000	57	2973	731	79479	spaced
SUPER_20	32812161	32873623	IR	339	.	32842391	0.339	0.806	34	61404	32812161	32812233	32873565	32873623	42623543	32650000	32900000	0	3214	58	61332	spaced
SUPER_20	3755814	3839002	IR	339	.	3797841	0.339	0.862	27	83138	3755814	3755864	3838952	3839010	42623543	3650000	3900000	0	2456	50	83088	spaced
SUPER_20	11235094	11240756	IR	339	.	11238184	0.339	0.931	23	5608	11235094	11235152	11240702	11240756	42623543	11000000	11250000	0	3965	54	5550	spaced
SUPER_20	10615322	10743390	IR	338	.	10679867	0.338	0.881	149	128132	10615322	10616877	10741835	10743483	42623543	10500000	10750000	0	2989	1555	124958	wide
SUPER_20	6365039	6461668	IR	338	.	6413082	0.338	0.053	38	96591	6365039	6365145	6461630	6461668	42623543	6250000	6500000	0	2722	38	96485	spaced
SUPER_20	28051717	28171527	IR	338	.	28111851	0.338	0.750	33	119736	28051717	28051753	28171491	28171539	42623543	27950000	28200000	38	2693	36	119738	wide
SUPER_20	6596785	6707577	IR	338	.	6652306	0.338	0.808	20	110748	6596785	6596827	6707535	6707587	42623543	6500000	6750000	162	2536	42	110708	wide
SUPER_20	39029121	39157555	IR	337	.	39093301	0.337	0.839	45	129670	39029121	39029864	39156832	39157555	42623543	39000000	39250000	45	1555	723	126968	wide
SUPER_20	4558410	4584868	IR	337	.	4571754	0.337	0.911	41	26493	4558410	4559481	4583797	4584869	42623543	4350000	4600000	41	3693	1071	24316	spaced
SUPER_20	3224608	3257309	IR	337	.	3241117	0.337	0.786	29	123165	3224608	3224652	3257265	3257321	42623543	3100000	3350000	305	2349	44	32613	spaced
SUPER_20	33602508	33671679	IR	337	.	33636749	0.337	0.964	25	69133	33602508	33602564	33671625	33671679	42623543	33450000	33700000	0	3118	54	69061	spaced
SUPER_20	20369301	20452036	IR	337	.	20411164	0.337	0.625	20	82699	20369301	20369367	20451996	20452036	42623543	20350000	20600000	0	1011	40	82629	spaced
SUPER_20	12499954	12655252	IR	336	.	12577360	0.336	0.890	93	155757	12499954	12503230	12651976	12655255	42623543	12450000	12700000	92	2126	3276	148746	wide
SUPER_20	37421569	37452483	IR	336	.	37437399	0.336	0.818	45	30166	37421569	37423272	37450780	37452516	42623543	37300000	37550000	0	2283	1703	27508	spaced
SUPER_20	18049034	18063053	IR	335	.	18055919	0.335	0.959	201	14905	18049034	18050514	18061597	18063053	42623543	17900000	18150000	201	2600	1456	11083	spaced
SUPER_20	29374291	29409125	IR	335	.	29391938	0.335	0.962	176	35012	29374291	29374977	29408439	29409125	42623543	29200000	29450000	87	3194	686	33462	spaced
SUPER_20	14583044	14642970	IR	335	.	14612533	0.335	0.848	132	59930	14583044	14585890	14640124	14642999	42623543	14450000	14700000	0	2716	2846	54234	spaced
SUPER_20	19899698	20089375	IR	335	.	19994444	0.335	0.864	40	190017	19899698	19900603	20088470	20089387	42623543	19850000	20100000	41	2408	905	187867	wide
SUPER_20	23420213	23436042	IR	335	.	23428279	0.335	0.857	28	15777	23420213	23420261	23435994	23436050	42623543	23250000	23500000	350	2968	48	15733	spaced
SUPER_20	8540314	8553400	IR	335	.	8546952	0.335	0.645	27	13040	8540314	8540354	8553360	8553422	42623543	8400000	8650000	242	2447	40	13006	spaced
SUPER_20	18839026	18890936	IR	335	.	18864505	0.335	0.368	27	51872	18839026	18839064	18890898	18890980	42623543	18700000	18950000	0	2749	38	51834	spaced
SUPER_20	16607592	16698061	IR	335	.	16652897	0.335	1.000	24	90460	16607592	16607638	16698015	16698061	42623543	16450000	16700000	213	3380	46	90377	spaced
SUPER_20	29486489	29596182	IR	334	.	29541128	0.334	0.947	181	109997	29486489	29488379	29594292	29596192	42623543	29450000	29700000	188	1522	1890	105913	wide
SUPER_20	19053265	19126712	IR	334	.	19089509	0.334	0.831	76	73505	19053265	19054451	19125526	19126788	42623543	18900000	19150000	0	3166	1186	71075	spaced
SUPER_20	3664100	3706946	IR	334	.	3685910	0.334	0.943	54	42809	3664100	3664978	3706068	3706946	42623543	3500000	3750000	0	3091	878	41090	spaced
SUPER_20	39551727	39777635	IR	334	.	39664376	0.334	0.914	34	225850	39551727	39551797	39777571	39777635	42623543	39550000	39800000	0	1911	64	225774	wide
SUPER_20	25193976	25242858	IR	334	.	25218257	0.334	0.793	33	49157	25193976	25196200	25240643	25242858	42623543	25000000	25250000	33	3640	2215	44443	spaced
SUPER_20	38089501	38141212	IR	334	.	38115819	0.334	0.714	28	51661	38089501	38089571	38141162	38141212	42623543	37900000	38150000	0	3589	50	51591	spaced
SUPER_20	9453184	9666866	IR	334	.	9559958	0.334	0.923	27	213632	9453184	9453232	9666818	9666870	42623543	9450000	9700000	341	1833	48	213586	wide
SUPER_20	13195411	13399887	IR	334	.	13298151	0.334	0.403	27	204458	13195411	13243614	13351706	13399887	42623543	13150000	13400000	0	2460	48181	108092	wide
SUPER_20	33130939	33258493	IR	334	.	33194963	0.334	0.898	22	127504	33130939	33130992	33258440	33258499	42623543	33050000	33300000	0	2411	53	127448	wide
SUPER_20	4913347	4992506	IR	334	.	4952835	0.334	0.720	20	79187	4913347	4913383	4992470	4992520	42623543	4800000	5050000	137	2548	36	79087	spaced
SUPER_20	35336588	35459797	IR	333	.	35398590	0.333	0.890	55	123191	35336588	35337310	35459121	35459797	42623543	35300000	35550000	0	1636	676	121811	wide
SUPER_20	6148676	6164343	IR	333	.	6156956	0.333	0.705	42	15454	6148676	6150219	6162907	6164343	42623543	6050000	6300000	0	1775	1436	12688	spaced
SUPER_20	30429642	30429722	IR	333	.	30429681	0.333	0.877	33	8496	30429642	30429699	30429672	30429722	42623543	30300000	30550000	772	2161	50	-27	overlap
SUPER_20	8251232	8302167	IR	333	.	8276298	0.333	0.386	28	50889	8251232	8276718	8276702	8302167	42623543	8150000	8400000	0	2111	25465	-16	overlap
SUPER_20	3257255	3358995	IR	333	.	3308395	0.333	0.622	27	101723	3257255	3257329	3358949	3358995	42623543	3150000	3400000	0	2635	46	101620	wide
SUPER_20	30429664	30429724	IR	333	.	30429681	0.333	0.902	22	8474	30429664	30429705	30429687	30429724	42623543	30200000	30450000	232	3828	37	-18	overlap
SUPER_20	30429664	30429724	IR	333	.	30429681	0.333	0.902	22	8474	30429664	30429705	30429687	30429724	42623543	30350000	30600000	232	1328	37	-18	overlap
SUPER_20	24322838	24352347	IR	332	.	24338131	0.332	0.797	122	29478	24322838	24324369	24350918	24352347	42623543	24200000	24450000	0	2293	1429	26549	spaced
SUPER_20	34655925	34666830	IR	332	.	34661129	0.332	0.859	63	12032	34655925	34656669	34666086	34666859	42623543	34550000	34800000	6	1856	744	9417	spaced
SUPER_20	33530267	33602550	IR	332	.	33565937	0.332	0.750	25	72241	33530267	33530309	33602508	33602564	42623543	33400000	33650000	0	2773	42	72199	spaced
SUPER_20	9110564	9138998	IR	332	.	9124779	0.332	0.679	24	28390	9110564	9110602	9138960	9139016	42623543	8900000	9150000	120	3746	38	28358	spaced
SUPER_20	40577089	40690980	IR	331	.	40633549	0.331	0.889	164	113878	40577089	40581409	40686660	40690992	42623543	40450000	40700000	0	3067	4320	105251	wide
SUPER_20	29330193	29372078	IR	331	.	29350653	0.331	0.891	124	41827	29330193	29332925	29369355	29372078	42623543	29250000	29500000	0	1685	2723	36430	spaced
SUPER_20	36008513	36073038	IR	331	.	36041165	0.331	0.876	93	64315	36008513	36013406	36068193	36073038	42623543	35850000	36100000	0	3179	4845	54787	spaced
SUPER_20	11938467	11973433	IR	331	.	11956377	0.331	0.333	46	34918	11938467	11938515	11973385	11973493	42623543	11750000	12000000	0	3432	48	34870	spaced
SUPER_20	41627143	41629539	IR	331	.	41628164	0.331	0.919	46	2519	41627143	41627505	41629182	41629539	42623543	41400000	41650000	46	3805	357	1677	immediate
SUPER_20	40518437	40534552	IR	331	.	40525991	0.331	0.767	20	16069	40518437	40518483	40534506	40534566	42623543	40350000	40600000	0	2941	46	16023	spaced
SUPER_20	16360240	16464746	IR	330	.	16412480	0.330	0.839	106	105708	16360240	16362545	16462441	16464875	42623543	16350000	16600000	106	1041	2305	99896	spaced
SUPER_20	17729024	17787000	IR	330	.	17757902	0.330	0.922	86	58192	17729024	17729951	17786090	17787000	42623543	17650000	17900000	86	1800	910	56139	spaced
SUPER_20	2399575	2492486	IR	330	.	2445632	0.330	0.760	64	92888	2399575	2402311	2489859	2492486	42623543	2250000	2500000	0	3267	2627	87548	spaced
SUPER_20	40902654	40920725	IR	330	.	40911921	0.330	0.929	27	19582	40902654	40902753	40920630	40920725	42623543	40750000	41000000	3	2694	95	17877	spaced
SUPER_20	24866321	25064998	IR	330	.	24965622	0.330	0.859	22	198714	24866321	24866859	25064461	25064998	42623543	24850000	25100000	22	1927	537	197602	wide
SUPER_20	17304429	17448468	IR	330	.	17376187	0.330	0.789	20	143436	17304429	17305410	17447487	17448512	42623543	17250000	17500000	0	2107	981	142077	wide
SUPER_20	37559212	37746429	IR	329	.	37652802	0.329	0.956	109	187394	37559212	37560103	37745538	37746445	42623543	37550000	37800000	109	1713	891	185435	wide
SUPER_20	35478544	35635132	IR	329	.	35556682	0.329	0.907	87	156918	35478544	35479719	35633957	35635139	42623543	35450000	35700000	92	1780	1175	154238	wide
SUPER_20	5811597	5830266	IR	329	.	5820432	0.329	0.977	40	18606	5811597	5811951	5829912	5830266	42623543	5600000	5850000	0	3682	354	17961	spaced
SUPER_20	17688022	17695613	IR	329	.	17691630	0.329	0.832	33	8072	17688022	17689820	17693815	17695618	42623543	17500000	17750000	33	3196	1798	3995	spaced
SUPER_20	9666818	9741479	IR	329	.	9704241	0.329	0.704	21	74627	9666818	9666872	9741441	9741479	42623543	9500000	9750000	171	3402	38	74569	spaced
SUPER_20	29167546	29328376	IR	328	.	29247676	0.328	0.919	124	160713	29167546	29170599	29325323	29328380	42623543	29100000	29350000	0	2465	3053	154724	wide
SUPER_20	40121294	40124837	IR	328	.	40123275	0.328	0.923	84	3648	40121294	40122041	40124090	40124860	42623543	39900000	40150000	84	3717	747	2049	spaced
SUPER_20	14644993	14714912	IR	328	.	14680418	0.328	0.789	60	69938	14644993	14646286	14713619	14714955	42623543	14600000	14850000	0	1332	1293	67333	spaced
SUPER_20	15259599	15284151	IR	328	.	15272098	0.328	0.889	36	220255	15259599	15259653	15284103	15284151	42623543	15150000	15400000	363	2031	48	24450	spaced
SUPER_20	112714	146447	IR	328	.	129686	0.328	0.808	27	33697	112714	112766	146405	146447	42623543	0	250000	273	2159	42	33639	spaced
SUPER_20	10853939	10997505	IR	328	.	10925234	0.328	0.636	20	143524	10853939	10853981	10997463	10997529	42623543	10750000	11000000	0	2928	42	143482	wide
SUPER_20	23152482	23399383	IR	327	.	23276151	0.327	0.914	89	247118	23152482	23153711	23398163	23399383	42623543	23150000	23400000	92	2098	1220	244452	wide
SUPER_20	7810834	7815153	IR	327	.	7813018	0.327	0.873	57	4519	7810834	7811886	7814122	7815153	42623543	7700000	7950000	63	1883	1031	2236	spaced
SUPER_20	20730675	20762495	IR	327	.	20747057	0.327	0.815	46	31801	20730675	20731507	20761741	20762495	42623543	20550000	20800000	0	3276	754	30234	spaced
SUPER_20	22049211	22069343	IR	327	.	22059187	0.327	0.625	31	20104	22049211	22049275	22069303	22069343	42623543	21900000	22150000	262	2654	40	20028	spaced
SUPER_20	23789445	23946383	IR	327	.	23867701	0.327	0.815	27	156898	23789445	23789499	23946339	23946383	42623543	23700000	23950000	261	2798	44	156840	wide
SUPER_20	25945677	26025981	IR	327	.	25986154	0.327	0.750	23	80270	25945677	25945741	26025933	26025981	42623543	25800000	26050000	0	3097	48	80192	spaced
SUPER_20	11017440	11219957	IR	327	.	11118817	0.327	1.000	22	202473	11017440	11017484	11219913	11219957	42623543	11000000	11250000	265	1978	44	202429	wide
SUPER_20	12915560	12920757	IR	326	.	12918175	0.326	0.922	251	6772	12915560	12917882	12918499	12920757	42623543	12800000	13050000	251	1969	2258	617	immediate
SUPER_20	21202206	21206903	IR	326	.	21204202	0.326	0.949	131	4679	21202206	21203359	21205776	21206903	42623543	21000000	21250000	0	3409	1127	2417	spaced
SUPER_20	1314956	1439414	IR	326	.	1376730	0.326	0.903	101	124441	1314956	1316603	1437812	1439414	42623543	1300000	1550000	0	1286	1602	121209	wide
SUPER_20	6209164	6365093	IR	326	.	6286735	0.326	0.000	51	155897	6209164	6209202	6365055	6365181	42623543	6200000	6450000	0	1452	38	155853	wide
SUPER_20	17465522	17503950	IR	326	.	17484341	0.326	0.925	41	38411	17465522	17466453	17503028	17503950	42623543	17300000	17550000	0	3078	922	36575	spaced
SUPER_20	27669890	27736768	IR	326	.	27703416	0.326	0.910	27	66970	27669890	27670504	27736158	27736768	42623543	27600000	27850000	27	1722	610	65654	spaced
SUPER_20	12937772	12962547	IR	326	.	12950601	0.326	0.893	21	24725	12937772	12937828	12962497	12962547	42623543	12750000	13000000	0	3335	50	24669	spaced
SUPER_20	162807	195407	IR	325	.	178967	0.325	0.916	59	32889	162807	163883	194331	195407	42623543	150000	400000	59	484	1076	30448	spaced
SUPER_20	40034798	40049220	IR	325	.	40042329	0.325	0.832	22	14483	40034798	40035837	40048181	40049307	42623543	39850000	40100000	0	3200	1039	12344	spaced
SUPER_20	3718	48020	IR	324	.	26341	0.324	0.990	2054	42603	3718	22247	29491	48026	42623543	0	250000	0	431	18529	7244	spaced
SUPER_20	35753663	35856446	IR	324	.	35804730	0.324	0.895	59	102761	35753663	35755307	35854856	35856446	42623543	35750000	36000000	0	917	1590	99549	spaced
SUPER_20	24129937	24221446	IR	324	.	24175529	0.324	0.800	44	91753	24129937	24132440	24218943	24221478	42623543	24000000	24250000	44	2928	2503	86503	spaced
SUPER_20	7875874	7881144	IR	324	.	7878101	0.324	0.738	40	5208	7875874	7875958	7881082	7881144	42623543	7650000	7900000	0	3808	62	5124	spaced
SUPER_20	32667449	32677226	IR	324	.	32672642	0.324	0.836	30	9757	32667449	32668275	32676464	32677226	42623543	32500000	32750000	0	2872	762	8189	spaced
SUPER_20	22910455	22979974	IR	324	.	22945377	0.324	0.828	29	69467	22910455	22910503	22979926	22979984	42623543	22750000	23000000	351	3253	48	69423	spaced
SUPER_20	40961787	41148885	IR	324	.	41055502	0.324	0.728	28	187266	40961787	40962492	41148180	41148937	42623543	40950000	41200000	28	1755	705	185688	wide
SUPER_20	30308451	30332933	IR	324	.	30320781	0.324	0.887	21	24473	30308451	30308952	30332432	30332955	42623543	30100000	30350000	27	3678	501	23480	spaced
SUPER_20	12007236	12033125	IR	323	.	12019959	0.323	0.967	484	26865	12007236	12011190	12029184	12033125	42623543	11800000	12050000	484	3669	3941	17994	spaced
SUPER_20	4801727	4844574	IR	323	.	4822800	0.323	0.860	199	42845	4801727	4806338	4839963	4844602	42623543	4600000	4850000	0	3719	4611	33625	spaced
SUPER_20	417066	541115	IR	323	.	479513	0.323	0.947	132	124029	417066	419108	539073	541119	42623543	300000	550000	0	2984	2042	119965	wide
SUPER_20	30067103	30195821	IR	323	.	30131302	0.323	0.840	34	129045	30067103	30068033	30194891	30195856	42623543	29950000	30200000	34	3024	930	126858	wide
SUPER_20	22979922	22987419	IR	323	.	22983425	0.323	1.000	25	7457	22979922	22979964	22987377	22987419	42623543	22750000	23000000	75	3894	42	7413	spaced
SUPER_20	15972425	16131130	IR	323	.	16052227	0.323	0.710	22	158661	15972425	15972487	16131086	16131130	42623543	15900000	16150000	0	2529	44	158599	wide
SUPER_20	16814365	16941238	IR	322	.	16878294	0.322	0.370	42	126827	16814365	16814411	16941192	16941292	42623543	16700000	16950000	0	2963	46	126781	wide
SUPER_20	21623636	21694293	IR	322	.	21658494	0.322	0.000	37	70621	21623636	21623740	21694257	21694293	42623543	21500000	21750000	0	2649	36	70517	spaced
SUPER_20	35062954	35290072	IR	322	.	35176609	0.322	0.795	20	227276	35062954	35063864	35289162	35290092	42623543	35050000	35300000	20	2108	910	225298	wide
SUPER_20	34019260	34166416	IR	321	.	34092685	0.321	0.801	72	149117	34019260	34022769	34162907	34166490	42623543	34000000	34250000	72	1547	3509	140138	wide
SUPER_20	15479112	15602287	IR	321	.	15540310	0.321	0.888	64	123096	15479112	15480702	15600705	15602287	42623543	15400000	15650000	0	2344	1582	120003	wide
SUPER_20	24471981	24481765	IR	321	.	24476668	0.321	0.870	50	9917	24471981	24473128	24480670	24481765	42623543	24250000	24500000	51	3781	1095	7542	spaced
SUPER_20	30429630	30433533	IR	321	.	30431907	0.321	0.083	37	3869	30429630	30429728	30433497	30433533	42623543	30250000	30500000	0	3026	36	3769	spaced
SUPER_20	17557727	17565479	IR	321	.	17562028	0.321	0.873	21	7745	17557727	17558046	17565160	17565511	42623543	17350000	17600000	0	3526	319	7114	spaced
SUPER_20	37457503	37556438	IR	321	.	37507082	0.321	0.833	20	98891	37457503	37457543	37556398	37556446	42623543	37400000	37650000	130	1782	40	98855	spaced
SUPER_20	38431793	38546251	IR	320	.	38489416	0.320	0.890	163	114261	38431793	38436491	38541593	38546251	42623543	38300000	38550000	0	3150	4658	105102	wide
SUPER_20	30510915	30520482	IR	320	.	30515844	0.320	0.920	93	9834	30510915	30513016	30518382	30520482	42623543	30450000	30700000	93	1094	2100	5366	spaced
SUPER_20	2570602	2589237	IR	320	.	2579824	0.320	0.817	36	18677	2570602	2571129	2588727	2589237	42623543	2450000	2700000	38	2165	510	17598	spaced
SUPER_20	10040461	10109514	IR	320	.	10075316	0.320	0.542	35	69005	10040461	10040509	10109466	10109554	42623543	10000000	10250000	0	1249	48	68957	spaced
SUPER_20	25158219	25161996	IR	320	.	25160157	0.320	0.868	35	3991	25158219	25159224	25161015	25161996	42623543	24950000	25200000	35	3501	981	1791	immediate
SUPER_20	705822	771288	IR	320	.	738252	0.320	0.396	21	65455	705822	738566	738544	771296	42623543	550000	800000	0	3142	32744	-22	overlap
SUPER_20	5188290	5246884	IR	320	.	5217276	0.320	0.893	21	58544	5188290	5188340	5246834	5246890	42623543	5000000	5250000	0	3626	50	58494	spaced
SUPER_20	39268480	39283689	IR	319	.	39276505	0.319	0.711	34	15155	39268480	39268534	39283635	39283711	42623543	39100000	39350000	0	2934	54	15101	spaced
SUPER_20	20964677	21197381	IR	319	.	21080537	0.319	0.915	31	232648	20964677	20964748	21197316	21197381	42623543	20950000	21200000	0	2183	65	232568	wide
SUPER_20	9819779	9967689	IR	319	.	9893880	0.319	0.778	27	147872	9819779	9819821	9967647	9967701	42623543	9800000	10050000	231	1562	42	147826	wide
SUPER_20	26669468	26794511	IR	319	.	26732364	0.319	0.742	20	125005	26669468	26669514	26794465	26794527	42623543	26550000	26800000	0	3033	46	124951	wide
SUPER_20	15622042	15655680	IR	318	.	15639162	0.318	0.539	311	33632	15622042	15635239	15642483	15655691	42623543	15550000	15800000	0	1480	13197	7244	spaced
SUPER_20	27005482	27014245	IR	318	.	27010058	0.318	0.943	108	9053	27005482	27006530	27013213	27014245	42623543	26800000	27050000	108	3497	1032	6683	spaced
SUPER_20	33380476	33517237	IR	318	.	33448758	0.318	0.943	49	136910	33380476	33380999	33516714	33517239	42623543	33350000	33600000	49	1647	523	135715	wide
SUPER_20	41776029	41954623	IR	318	.	41864865	0.318	0.722	36	178532	41776029	41777542	41953110	41954623	42623543	41750000	42000000	0	1921	1513	175568	wide
SUPER_20	7741141	7748443	IR	318	.	7744327	0.318	0.941	32	7280	7741141	7741530	7748055	7748443	42623543	7550000	7800000	0	3246	388	6525	spaced
SUPER_20	33879649	34007791	IR	318	.	33943667	0.318	0.821	26	128499	33879649	33880665	34006775	34007827	42623543	33800000	34050000	27	2395	1016	126110	wide
SUPER_20	28829089	28866570	IR	318	.	28847401	0.318	0.710	21	37445	28829089	28829133	28866526	28866588	42623543	28650000	28900000	0	3297	44	37393	spaced
SUPER_20	36327569	36355475	IR	318	.	36341833	0.318	0.929	21	27854	36327569	36327625	36355423	36355475	42623543	36150000	36400000	0	3191	52	27798	spaced
SUPER_20	11840636	11846821	IR	317	.	11843855	0.317	0.958	95	6273	11840636	11841810	11845649	11846821	42623543	11600000	11850000	95	4062	1172	3839	spaced
SUPER_20	37754363	37761442	IR	317	.	37757489	0.317	0.935	58	7057	37754363	37755066	37760739	37761442	42623543	37600000	37850000	0	2631	703	5673	spaced
SUPER_20	23755735	23789479	IR	317	.	23772872	0.317	0.625	22	33704	23755735	23755775	23789439	23789505	42623543	23600000	23850000	0	2876	40	33664	spaced
SUPER_20	18351117	18513925	IR	316	.	18432051	0.316	0.827	32	162759	18351117	18352337	18512705	18513989	42623543	18350000	18600000	0	1375	1220	160368	wide
SUPER_20	10428479	10562593	IR	316	.	10495585	0.316	0.962	26	134066	10428479	10428531	10562543	10562593	42623543	10350000	10600000	364	2425	50	134012	wide
SUPER_20	10997469	11017484	IR	316	.	11007645	0.316	0.846	25	19973	10997469	10997521	11017440	11017484	42623543	10800000	11050000	323	3457	44	19919	spaced
SUPER_20	11393428	11496086	IR	315	.	11444298	0.315	0.706	22	102636	11393428	11393902	11495683	11496086	42623543	11350000	11600000	0	1579	403	101781	wide
SUPER_20	22881201	22896924	IR	314	.	22888796	0.314	0.919	67	15706	22881201	22882786	22895353	22896924	42623543	22650000	22900000	0	3984	1571	12567	spaced
SUPER_20	18724461	18754660	IR	314	.	18740005	0.314	0.576	52	30179	18724461	18733997	18745124	18754660	42623543	18550000	18800000	0	3159	9536	11127	spaced
SUPER_20	11219909	11235146	IR	314	.	11227021	0.314	0.897	25	15185	11219909	11219961	11235094	11235152	42623543	11050000	11300000	0	2958	52	15133	spaced
SUPER_20	24484206	24570226	IR	312	.	24527367	0.312	0.943	128	86216	24484206	24485787	24568645	24570228	42623543	24350000	24600000	128	2953	1581	82858	spaced
SUPER_20	42429344	42497023	IR	312	.	42463088	0.312	0.815	32	67968	42429344	42432148	42494219	42497025	42623543	42350000	42600000	32	1886	2804	62071	spaced
SUPER_20	42224001	42245638	IR	311	.	42235104	0.311	0.880	51	21572	42224001	42225619	42244020	42245654	42623543	42200000	42450000	0	580	1618	18401	spaced
SUPER_20	10246480	10272280	IR	310	.	10259483	0.310	0.976	79	25859	10246480	10247059	10271703	10272280	42623543	10050000	10300000	79	3489	577	24644	spaced
SUPER_20	12117611	12136936	IR	310	.	12126842	0.310	0.842	47	19321	12117611	12118480	12136067	12136956	42623543	12100000	12350000	0	454	869	17587	spaced
SUPER_20	7217358	7223932	IR	310	.	7220833	0.310	0.679	25	6532	7217358	7217396	7223894	7223950	42623543	7000000	7250000	211	3677	38	6498	spaced
SUPER_20	18944867	19000854	IR	310	.	18972421	0.310	0.813	22	55996	18944867	18945824	18999897	19000887	42623543	18850000	19100000	0	2047	957	54073	spaced
SUPER_20	34345025	34363969	IR	308	.	34354330	0.308	0.869	42	19042	34345025	34345717	34363325	34363969	42623543	34200000	34450000	46	2574	644	17608	spaced
SUPER_20	39476630	39510898	IR	308	.	39493751	0.308	0.866	24	34538	39476630	39477418	39510110	39510923	42623543	39400000	39650000	24	1562	788	32692	spaced
SUPER_20	36150468	36161422	IR	307	.	36156002	0.307	0.912	42	11131	36150468	36151529	36160361	36161433	42623543	35950000	36200000	42	3432	1061	8832	spaced
SUPER_20	14194183	14372403	IR	307	.	14283634	0.307	0.700	35	178164	14194183	14194239	14372347	14372427	42623543	14150000	14400000	0	2221	56	178108	wide
SUPER_20	36216626	36301695	IR	307	.	36259133	0.307	0.813	29	85199	36216626	36217151	36301170	36301747	42623543	36100000	36350000	29	2652	525	84019	spaced
SUPER_20	14782692	14804865	IR	307	.	14793448	0.307	0.933	27	22152	14782692	14783288	14804269	14804869	42623543	14650000	14900000	0	2396	596	20981	spaced
SUPER_20	40412782	40518244	IR	306	.	40465691	0.306	0.898	22	105576	40412782	40412970	40518056	40518261	42623543	40300000	40550000	22	2758	188	105086	wide
SUPER_20	40155670	40164225	IR	305	.	40159700	0.305	0.996	59	8640	40155670	40155942	40163953	40164226	42623543	40050000	40300000	59	1832	272	8011	spaced
SUPER_20	9967633	10024532	IR	305	.	9995932	0.305	0.605	35	56869	9967633	9967697	10024494	10024532	42623543	9850000	10100000	397	2434	38	56797	spaced
SUPER_20	225146	254443	IR	305	.	239989	0.305	0.809	20	29379	225146	226744	252845	254526	42623543	200000	450000	20	663	1598	26101	spaced
SUPER_20	29604103	29702543	IR	304	.	29653125	0.304	0.883	141	98696	29604103	29606541	29700105	29702615	42623543	29500000	29750000	145	2555	2438	93564	spaced
SUPER_20	16698013	16745035	IR	304	.	16721671	0.304	1.000	22	46980	16698013	16698055	16744993	16745035	42623543	16500000	16750000	154	3691	42	46938	spaced
SUPER_20	34768027	34930217	IR	302	.	34849332	0.302	0.918	27	162890	34768027	34768501	34929748	34930217	42623543	34750000	35000000	27	1651	469	161247	wide
SUPER_20	27511168	27560212	IR	301	.	27536203	0.301	0.854	69	49013	27511168	27512618	27558764	27560212	42623543	27400000	27650000	0	2261	1448	46146	spaced
SUPER_20	24119231	24123522	IR	300	.	24121349	0.300	0.997	237	4534	24119231	24120262	24122491	24123524	42623543	23900000	24150000	237	3689	1031	2229	spaced
SUPER_20	32776708	32781534	IR	299	.	32779510	0.299	0.889	33	4808	32776708	32777277	32781007	32781534	42623543	32550000	32800000	0	3818	527	3730	spaced
SUPER_20	26508490	26626170	IR	298	.	26567240	0.298	0.731	26	118728	26508490	26510801	26624080	26626170	42623543	26400000	26650000	26	2788	2090	113279	wide
SUPER_20	24047907	24089002	IR	297	.	24068208	0.297	1.000	23	41341	24047907	24047924	24088985	24089002	42623543	23950000	24200000	1	1974	17	41061	spaced
SUPER_20	34991299	35019576	IR	296	.	35005308	0.296	0.828	32	28651	34991299	34992074	35018801	35019591	42623543	34900000	35150000	32	1757	775	26727	spaced
SUPER_20	10606166	10614251	IR	295	.	10609975	0.295	0.784	94	8436	10606166	10607982	10612458	10614251	42623543	10400000	10650000	83	3503	1793	4476	spaced
SUPER_20	19245823	19249974	IR	293	.	19248330	0.293	0.934	50	4146	19245823	19246183	19249614	19249995	42623543	19000000	19250000	0	4131	360	3431	spaced
SUPER_20	42032975	42099695	IR	293	.	42066028	0.293	0.677	20	66678	42032975	42033017	42099653	42099715	42623543	41850000	42100000	0	3605	42	66636	spaced
SUPER_20	14805149	14878294	IR	292	.	14841304	0.292	0.919	40	73143	14805149	14805604	14877839	14878310	42623543	14650000	14900000	0	3195	455	72235	spaced
SUPER_20	19521313	19533713	IR	291	.	19527156	0.291	0.912	98	12381	19521313	19522755	19532287	19533713	42623543	19300000	19550000	0	3791	1426	9532	spaced
SUPER_20	39970717	39976418	IR	291	.	39973088	0.291	0.953	25	5684	39970717	39971205	39975930	39976419	42623543	39850000	40100000	0	2059	488	4725	spaced
SUPER_21	13993316	14007519	IR	824	.	13999947	0.824	0.980	1065	14261	13993316	14000010	14000825	14007605	40814816	13800000	14050000	0	3340	6694	815	immediate
SUPER_21	336124	338212	IR	811	.	337174	0.811	0.914	45	2232	336124	336988	337360	338212	40814816	300000	550000	45	619	852	372	immediate
SUPER_21	18135114	18138860	IR	758	.	18136987	0.758	0.806	39	3906	18135114	18136771	18137203	18138897	40814816	17900000	18150000	39	3949	1657	432	immediate
SUPER_21	25107235	25110877	IR	713	.	25109060	0.713	0.949	114	4223	25107235	25108639	25109481	25110877	40814816	25050000	25300000	114	984	1396	842	immediate
SUPER_21	35269095	35271285	IR	712	.	35270190	0.712	0.982	89	2382	35269095	35269718	35270662	35271285	40814816	35050000	35300000	89	3669	623	944	immediate
SUPER_21	13352739	13354533	IR	683	.	13353636	0.683	0.967	80	7380	13352739	13353368	13353904	13354533	40814816	13250000	13500000	80	1727	629	536	immediate
SUPER_21	11113954	11116303	IR	575	.	11115129	0.575	0.969	109	2514	11113954	11114628	11115629	11116304	40814816	11050000	11300000	109	1085	674	1001	immediate
SUPER_21	6475833	6480246	IR	548	.	6478040	0.548	0.905	83	4888	6475833	6477564	6478515	6480257	40814816	6250000	6500000	83	3800	1731	951	immediate
SUPER_21	40218350	40223161	IR	536	.	40220774	0.536	0.954	262	5165	40218350	40220252	40221302	40223161	40814816	40000000	40250000	262	3679	1859	1050	immediate
SUPER_21	6535013	6536337	IR	528	.	6535675	0.528	0.920	89	191771	6535013	6535615	6535749	6536337	40814816	6400000	6650000	98	2261	588	134	immediate
SUPER_21	39593271	39616094	IR	519	.	39605169	0.519	0.412	33	22803	39593271	39604665	39604700	39616122	40814816	39400000	39650000	0	3411	11394	35	immediate
SUPER_21	21690178	21831849	IR	504	.	21761450	0.504	0.510	1022	141645	21690178	21760590	21761511	21831849	40814816	21650000	21900000	0	1850	70338	921	immediate
SUPER_21	33602976	33741676	IR	504	.	33672341	0.504	0.493	179	142088	33602976	33672128	33672547	33741676	40814816	33600000	33850000	182	1205	69129	419	immediate
SUPER_21	4795256	4915338	IR	485	.	4854900	0.485	0.438	30	120112	4795256	4855031	4855563	4915430	40814816	4700000	4950000	0	2588	59775	532	immediate
SUPER_21	1058791	1061160	IR	469	.	1059976	0.469	0.971	115	2976	1058791	1059701	1060250	1061161	40814816	850000	1100000	115	3499	910	549	immediate
SUPER_21	36207791	36211854	IR	463	.	36209843	0.463	0.916	114	4662	36207791	36209489	36210191	36211854	40814816	36100000	36350000	121	1830	1663	702	immediate
SUPER_21	10609977	10620421	IR	459	.	10615571	0.459	0.746	115	10394	10609977	10612365	10618079	10620421	40814816	10400000	10650000	0	3586	2342	5714	spaced
SUPER_21	32455085	32457021	IR	456	.	32456052	0.456	0.912	53	2242	32455085	32455785	32456322	32457021	40814816	32250000	32500000	53	3434	699	537	immediate
SUPER_21	17397718	17400252	IR	449	.	17398794	0.449	0.914	22	2676	17397718	17398143	17399827	17400270	40814816	17350000	17600000	22	816	425	1684	immediate
SUPER_21	8736725	8737479	IR	441	.	8737102	0.441	0.978	37	15897	8736725	8736949	8737257	8737479	40814816	8600000	8850000	37	2284	222	308	immediate
SUPER_21	12234285	12240829	IR	436	.	12237565	0.436	0.961	279	6905	12234285	12236540	12238577	12240829	40814816	12000000	12250000	279	3959	2252	2037	spaced
SUPER_21	927035	928909	IR	436	.	927973	0.436	0.834	34	2017	927035	927459	928485	928958	40814816	900000	1150000	36	466	424	1026	immediate
SUPER_21	22105249	22107245	IR	435	.	22106268	0.435	0.785	21	2102	22105249	22105542	22106952	22107287	40814816	22050000	22300000	21	937	293	1410	immediate
SUPER_21	20739356	20741238	IR	434	.	20740284	0.434	0.631	36	2391	20739356	20740081	20740513	20741479	40814816	20500000	20750000	36	4004	725	432	immediate
SUPER_21	8497433	8634449	IR	424	.	8566465	0.424	0.391	23	107860	8497433	8526622	8605344	8634449	40814816	8450000	8700000	0	1932	29105	78722	spaced
SUPER_21	17723631	17749460	IR	423	.	17736123	0.423	0.751	30	25747	17723631	17725145	17747946	17749531	40814816	17500000	17750000	0	3942	1514	22801	spaced
SUPER_21	35088943	35094552	IR	423	.	35091970	0.423	0.829	25	45511	35088943	35089676	35093819	35094576	40814816	34900000	35150000	22	3195	733	4143	spaced
SUPER_21	29241497	29244150	IR	422	.	29242833	0.422	0.898	33	63190	29241497	29242035	29243631	29244150	40814816	29050000	29300000	39	3213	519	1596	immediate
SUPER_21	32542506	32544971	IR	415	.	32543761	0.415	0.925	57	2509	32542506	32543245	32544235	32544971	40814816	32300000	32550000	60	4062	736	990	immediate
SUPER_21	3359283	3566132	IR	413	.	3462290	0.413	0.700	20	206807	3359283	3359343	3566090	3566132	40814816	3350000	3600000	0	1878	42	206747	wide
SUPER_21	33369985	33488999	IR	412	.	33429116	0.412	0.460	485	119063	33369985	33427680	33431304	33489095	40814816	33300000	33550000	0	2158	57695	3624	spaced
SUPER_21	38742948	38748949	IR	408	.	38745960	0.408	0.978	348	6593	38742948	38744962	38746958	38748949	40814816	38550000	38800000	348	3265	1991	1996	immediate
SUPER_21	15203656	15205905	IR	408	.	15204786	0.408	0.854	80	27334	15203656	15204257	15205304	15205989	40814816	15100000	15350000	82	1746	601	1047	immediate
SUPER_21	38417458	38583124	IR	404	.	38500429	0.404	0.862	45	165934	38417458	38419891	38580743	38583124	40814816	38400000	38650000	45	1671	2381	160852	wide
SUPER_21	5930974	5992891	IR	403	.	5961804	0.403	0.800	26	61877	5930974	5931014	5992851	5992901	40814816	5900000	6150000	156	1032	40	61837	spaced
SUPER_21	38100816	38261660	IR	403	.	38181238	0.403	0.912	21	160950	38100816	38101204	38261274	38261660	40814816	38100000	38350000	21	1353	386	160070	wide
SUPER_21	4105516	4262248	IR	402	.	4183942	0.402	0.853	141	156925	4105516	4107441	4260323	4262258	40814816	4050000	4300000	141	2231	1925	152882	wide
SUPER_21	1746575	1840097	IR	398	.	1792975	0.398	0.814	32	93385	1746575	1749241	1837431	1840156	40814816	1600000	1850000	0	3222	2666	88190	spaced
SUPER_21	20863179	20968278	IR	398	.	20915763	0.398	0.700	28	105063	20863179	20863239	20968236	20968278	40814816	20800000	21050000	292	1928	42	104997	wide
SUPER_21	5797455	5798248	IR	397	.	5797915	0.397	0.967	33	54264	5797455	5797663	5798040	5798250	40814816	5700000	5950000	33	1630	208	377	immediate
SUPER_21	5993275	6113697	IR	393	.	6053715	0.393	1.000	90	120382	5993275	5993319	6113653	6113697	40814816	5900000	6150000	69	2557	44	120334	wide
SUPER_21	17471000	17594284	IR	393	.	17533057	0.393	0.880	64	123207	17471000	17472606	17592684	17594284	40814816	17350000	17600000	0	3043	1600	120078	wide
SUPER_21	19794178	19874946	IR	393	.	19834912	0.393	0.806	24	80721	19794178	19795007	19874117	19875008	40814816	19750000	20000000	0	1409	829	79110	spaced
SUPER_21	12928871	12932302	IR	390	.	12930609	0.390	0.947	95	3746	12928871	12929781	12931392	12932303	40814816	12900000	13150000	95	509	910	1611	immediate
SUPER_21	11302999	11353197	IR	389	.	11328112	0.389	0.960	346	50869	11302999	11306117	11350080	11353197	40814816	11200000	11450000	347	2134	3117	43963	spaced
SUPER_21	31460494	31532833	IR	389	.	31496570	0.389	0.941	80	72745	31460494	31461450	31531880	31532833	40814816	31300000	31550000	80	3277	953	70430	spaced
SUPER_21	1576530	1595574	IR	389	.	1585739	0.389	0.687	24	19026	1576530	1578376	1593824	1595574	40814816	1350000	1600000	0	3934	1750	15448	spaced
SUPER_21	38273200	38347453	IR	388	.	38310797	0.388	0.752	22	74013	38273200	38275159	38345508	38347453	40814816	38200000	38450000	0	1838	1945	70349	spaced
SUPER_21	4924537	5046606	IR	387	.	4985875	0.387	0.465	168	122120	4924537	4985570	4985573	5046675	40814816	4900000	5150000	0	1426	61033	3	immediate
SUPER_21	16004704	16025914	IR	387	.	16015440	0.387	0.750	24	21160	16004704	16004746	16025872	16025928	40814816	15800000	16050000	176	3588	42	21126	spaced
SUPER_21	17231100	17235240	IR	382	.	17233348	0.382	0.908	34	4285	17231100	17231706	17234657	17235240	40814816	17000000	17250000	34	3886	583	2951	spaced
SUPER_21	15221363	15365632	IR	380	.	15293887	0.380	0.849	115	144251	15221363	15223280	15363726	15365632	40814816	15150000	15400000	0	2391	1906	140446	wide
SUPER_21	7938252	8030322	IR	380	.	7984767	0.380	0.906	28	92012	7938252	7938316	8030264	8030322	40814816	7800000	8050000	0	3071	58	91948	spaced
SUPER_21	11686881	11731256	IR	379	.	11708570	0.379	0.545	28	44331	11686881	11686961	11731212	11731256	40814816	11500000	11750000	0	3484	44	44251	spaced
SUPER_21	40113265	40126411	IR	377	.	40119840	0.377	0.636	69	13840	40113265	40119408	40120271	40126411	40814816	39950000	40200000	69	2830	6140	863	immediate
SUPER_21	29529644	29532917	IR	377	.	29531280	0.377	0.839	29	3596	29529644	29530507	29532099	29532917	40814816	29500000	29750000	36	521	818	1592	immediate
SUPER_21	29319550	29463747	IR	376	.	29391405	0.376	0.956	116	144510	29319550	29319685	29463612	29463747	40814816	29300000	29550000	11	1527	135	143927	wide
SUPER_21	10389500	10477672	IR	376	.	10433139	0.376	0.818	99	88051	10389500	10392314	10474919	10477672	40814816	10300000	10550000	0	2226	2753	82605	spaced
SUPER_21	23918543	24006498	IR	376	.	23962292	0.376	0.874	44	89263	23918543	23919709	24005332	24006521	40814816	23800000	24050000	44	2708	1166	85623	spaced
SUPER_21	23152819	23209406	IR	376	.	23181242	0.376	0.963	31	56535	23152819	23152871	23209354	23209408	40814816	23000000	23250000	510	3018	52	56483	spaced
SUPER_21	19438186	19440783	IR	376	.	19439970	0.376	0.704	30	2499	19438186	19439371	19439598	19440807	40814816	19200000	19450000	0	3991	1185	227	immediate
SUPER_21	33947399	34065991	IR	376	.	34006669	0.376	0.880	23	118544	33947399	33947443	34065947	34065997	40814816	33850000	34100000	226	2611	44	118504	wide
SUPER_21	9123614	9265287	IR	375	.	9194902	0.375	0.353	24	141639	9123614	9123688	9265253	9265287	40814816	9100000	9350000	0	1574	34	141565	wide
SUPER_21	32576968	32718663	IR	374	.	32647651	0.374	0.975	559	143146	32576968	32581126	32714505	32718663	40814816	32500000	32750000	559	2463	4158	133379	wide
SUPER_21	5323372	5328589	IR	373	.	5325547	0.373	0.961	68	5194	5323372	5324202	5327759	5328589	40814816	5100000	5350000	0	3766	830	3557	spaced
SUPER_21	34280581	34479138	IR	373	.	34380347	0.373	0.824	31	198503	34280581	34280649	34479082	34479138	40814816	34250000	34500000	0	2164	56	198433	wide
SUPER_21	10288570	10292099	IR	372	.	10290352	0.372	0.889	107	3745	10288570	10289954	10290753	10292099	40814816	10050000	10300000	109	4005	1346	799	immediate
SUPER_21	21062095	21108764	IR	371	.	21085145	0.371	0.414	34	46650	21062095	21073377	21097586	21108764	40814816	20950000	21200000	0	2257	11178	24209	spaced
SUPER_21	9400730	9473118	IR	369	.	9437024	0.369	0.938	134	72599	9400730	9401989	9471864	9473118	40814816	9250000	9500000	134	3115	1254	69875	spaced
SUPER_21	35915881	36116766	IR	368	.	36016530	0.368	0.637	44	200851	35915881	35915946	36116726	36116766	40814816	35900000	36150000	580	1938	40	200780	wide
SUPER_21	11682862	11686931	IR	367	.	11684895	0.367	0.632	33	4023	11682862	11682900	11686893	11686955	40814816	11500000	11750000	366	3081	38	3993	spaced
SUPER_21	27523057	27575659	IR	366	.	27549338	0.366	0.945	36	52777	27523057	27523469	27575247	27575661	40814816	27400000	27650000	38	2489	412	51778	spaced
SUPER_21	22257815	22405356	IR	364	.	22331306	0.364	0.962	22	147491	22257815	22257867	22405306	22405356	40814816	22200000	22450000	0	2192	50	147439	wide
SUPER_21	39336767	39449431	IR	363	.	39393062	0.363	0.879	70	112908	39336767	39337867	39448331	39449451	40814816	39300000	39550000	70	1551	1100	110464	wide
SUPER_21	29748079	29942855	IR	363	.	29845735	0.363	0.647	53	194712	29748079	29748181	29942789	29942855	40814816	29700000	29950000	0	2424	66	194608	wide
SUPER_21	28385972	28464125	IR	363	.	28424773	0.363	0.870	52	78111	28385972	28387549	28462611	28464125	40814816	28300000	28550000	0	2084	1514	75062	spaced
SUPER_21	1877497	1882847	IR	363	.	1880170	0.363	0.821	28	5300	1877497	1877543	1882801	1882857	40814816	1700000	1950000	314	3002	46	5258	spaced
SUPER_21	37502350	37626624	IR	362	.	37564838	0.362	0.802	104	124274	37502350	37510324	37618650	37626641	40814816	37500000	37750000	0	1074	7974	108326	wide
SUPER_21	29485404	29513220	IR	362	.	29499395	0.362	0.945	53	27828	29485404	29485950	29512677	29513220	40814816	29400000	29650000	54	1655	543	26727	spaced
SUPER_21	12256104	12371101	IR	362	.	12313144	0.362	0.924	21	114973	12256104	12256301	12370917	12371101	40814816	12200000	12450000	0	1893	184	114616	wide
SUPER_21	10723996	10767542	IR	361	.	10746193	0.361	0.828	85	43507	10723996	10726439	10765135	10767542	40814816	10700000	10950000	0	762	2407	38696	spaced
SUPER_21	39824150	39887757	IR	361	.	39855575	0.361	0.447	24	63571	39824150	39824188	39887719	39887795	40814816	39650000	39900000	0	3432	38	63531	spaced
SUPER_21	15866443	15990864	IR	360	.	15928672	0.360	0.817	27	124475	15866443	15867096	15990211	15990897	40814816	15750000	16000000	32	2977	653	123115	wide
SUPER_21	16899581	17060098	IR	359	.	16980090	0.359	0.832	23	160497	16899581	16901534	17058145	17060101	40814816	16850000	17100000	0	2163	1953	156611	wide
SUPER_21	7253996	7331971	IR	359	.	7292696	0.359	0.806	20	77969	7253996	7255647	7330320	7332030	40814816	7250000	7500000	0	716	1651	74673	spaced
SUPER_21	13851044	13874570	IR	358	.	13862606	0.358	0.967	72	24413	13851044	13851562	13874052	13874571	40814816	13750000	14000000	72	1879	518	22490	spaced
SUPER_21	28792243	28798771	IR	358	.	28795554	0.358	0.408	25	6707	28792243	28795514	28795500	28798804	40814816	28550000	28800000	124	4091	3271	-14	overlap
SUPER_21	30408776	30621042	IR	357	.	30515337	0.357	0.959	120	212258	30408776	30409951	30619867	30621055	40814816	30400000	30650000	0	1915	1175	209916	wide
SUPER_21	16751050	16883156	IR	357	.	16817113	0.357	0.877	41	132400	16751050	16752031	16882175	16883185	40814816	16750000	17000000	41	1118	981	130144	wide
SUPER_21	21908579	21926927	IR	356	.	21918112	0.356	0.333	27	18312	21908579	21908659	21926891	21926927	40814816	21850000	22100000	0	1129	36	18232	spaced
SUPER_21	11767928	11788635	IR	356	.	11778240	0.356	0.958	23	20661	11767928	11767976	11788589	11788635	40814816	11550000	11800000	241	3804	46	20613	spaced
SUPER_21	30318231	30321919	IR	355	.	30320071	0.355	0.850	115	4016	30318231	30319895	30320255	30321931	40814816	30100000	30350000	119	3667	1664	360	immediate
SUPER_21	14312579	14537496	IR	355	.	14424850	0.355	0.889	30	224871	14312579	14312633	14537448	14537496	40814816	14300000	14550000	342	2083	48	224815	wide
SUPER_21	27836854	27964490	IR	354	.	27900347	0.354	0.862	58	127646	27836854	27838195	27963149	27964526	40814816	27750000	28000000	0	2511	1341	124954	wide
SUPER_21	34613062	34660589	IR	354	.	34636625	0.354	0.826	38	47552	34613062	34614236	34659433	34660589	40814816	34450000	34700000	40	3113	1156	45197	spaced
SUPER_21	4002675	4011730	IR	354	.	4007664	0.354	0.545	28	9011	4002675	4002719	4011686	4011766	40814816	3900000	4150000	0	1786	44	8967	spaced
SUPER_21	4435399	4465034	IR	354	.	4449907	0.354	0.712	24	29713	4435399	4435702	4464731	4465131	40814816	4350000	4600000	0	1670	303	29029	spaced
SUPER_21	38806242	38824308	IR	354	.	38814931	0.354	0.625	21	18026	38806242	38806306	38824268	38824308	40814816	38600000	38850000	0	3587	40	17962	spaced
SUPER_21	36684783	36715718	IR	353	.	36700318	0.353	0.911	134	31453	36684783	36687659	36712851	36715718	40814816	36500000	36750000	134	3337	2867	25192	spaced
SUPER_21	31999901	32101687	IR	353	.	32051270	0.353	0.889	35	101777	31999901	31999965	32101623	32101695	40814816	31900000	32150000	0	2513	64	101658	wide
SUPER_21	2896888	3020562	IR	353	.	2959073	0.353	0.630	32	123650	2896888	2897868	3019652	3020562	40814816	2800000	3050000	0	2645	910	121784	wide
SUPER_21	33145734	33257075	IR	353	.	33201285	0.353	0.786	25	111301	33145734	33145790	33257031	33257075	40814816	33050000	33300000	266	2523	44	111241	wide
SUPER_21	14857066	14974182	IR	353	.	14915769	0.353	0.960	24	117072	14857066	14857116	14974134	14974182	40814816	14750000	15000000	270	2760	48	117018	wide
SUPER_21	7769481	7938316	IR	352	.	7853521	0.352	0.385	30	168771	7769481	7853927	7853911	7938316	40814816	7750000	8000000	0	1731	84405	-16	overlap
SUPER_21	13366129	13449987	IR	352	.	13408005	0.352	1.000	22	83812	13366129	13366173	13449943	13449987	40814816	13200000	13450000	196	3467	44	83770	spaced
SUPER_21	26293774	26407796	IR	352	.	26350746	0.352	0.854	20	114114	26293774	26294253	26407317	26407821	40814816	26250000	26500000	22	1679	479	113064	wide
SUPER_21	31219810	31398357	IR	351	.	31309437	0.351	0.922	171	178579	31219810	31222252	31395915	31398415	40814816	31150000	31400000	0	2651	2442	173663	wide
SUPER_21	35740544	35915943	IR	351	.	35827938	0.351	0.766	50	175335	35740544	35740616	35915871	35915965	40814816	35700000	35950000	0	2137	72	175255	wide
SUPER_21	21508800	21577312	IR	351	.	21543107	0.351	0.714	21	68478	21508800	21508856	21577272	21577312	40814816	21350000	21600000	103	3217	40	68416	spaced
SUPER_21	6687051	6736065	IR	350	.	6711258	0.350	0.893	64	48987	6687051	6688543	6734588	6736065	40814816	6500000	6750000	0	3525	1477	46045	spaced
SUPER_21	1279414	1297884	IR	350	.	1288565	0.350	0.879	44	18504	1279414	1280369	1296929	1297893	40814816	1200000	1450000	47	1477	955	16560	spaced
SUPER_21	18515826	18671939	IR	350	.	18593463	0.350	0.858	36	155943	18515826	18517247	18670518	18671943	40814816	18500000	18750000	0	1564	1421	153271	wide
SUPER_21	2766751	2774691	IR	350	.	2770300	0.350	0.432	34	7896	2766751	2766841	2774647	2774691	40814816	2600000	2850000	0	2845	44	7806	spaced
SUPER_21	2145592	2161693	IR	350	.	2153602	0.350	1.000	24	16059	2145592	2145636	2161649	2161693	40814816	1950000	2200000	198	3393	44	16013	spaced
SUPER_21	16361291	16376884	IR	349	.	16369496	0.349	0.988	36	15575	16361291	16361534	16376641	16376884	40814816	16150000	16400000	0	3651	243	15107	spaced
SUPER_21	2316140	2450157	IR	349	.	2383408	0.349	1.000	22	134000	2316140	2316196	2450101	2450157	40814816	2250000	2500000	0	2219	56	133905	wide
SUPER_21	11973462	11988511	IR	348	.	11981364	0.348	0.841	154	15079	11973462	11975425	11986548	11988568	40814816	11800000	12050000	0	3016	1963	11123	spaced
SUPER_21	30829257	30891051	IR	348	.	30859946	0.348	0.869	90	62009	30829257	30830659	30889668	30891051	40814816	30650000	30900000	94	3502	1383	59009	spaced
SUPER_21	24987436	25031062	IR	348	.	25009594	0.348	0.373	23	43609	24987436	25009276	25009236	25031062	40814816	24800000	25050000	0	3487	21826	-40	overlap
SUPER_21	30622063	30722044	IR	347	.	30671955	0.347	0.687	114	100218	30622063	30626028	30718141	30722044	40814816	30550000	30800000	114	2034	3903	92113	spaced
SUPER_21	596584	677055	IR	347	.	636737	0.347	0.937	87	81386	596584	597486	676153	677077	40814816	450000	700000	87	3113	902	78667	spaced
SUPER_21	25465330	25472374	IR	347	.	25469074	0.347	0.884	40	7298	25465330	25466163	25471541	25472394	40814816	25250000	25500000	40	3647	833	5378	spaced
SUPER_21	17255216	17377605	IR	347	.	17316136	0.347	0.383	27	122372	17255216	17316476	17316432	17377605	40814816	17200000	17450000	0	1940	61173	-44	overlap
SUPER_21	24435703	24611459	IR	346	.	24523441	0.346	0.972	404	177318	24435703	24438517	24608645	24611464	40814816	24400000	24650000	404	2059	2814	170128	wide
SUPER_21	23032262	23089952	IR	346	.	23061483	0.346	0.913	102	57610	23032262	23033909	23088334	23089952	40814816	22850000	23100000	0	3518	1618	54425	spaced
SUPER_21	15615388	15625688	IR	346	.	15620659	0.346	0.525	37	10268	15615388	15615462	15625648	15625688	40814816	15400000	15650000	341	3675	40	10186	spaced
SUPER_21	19074706	19295762	IR	346	.	19184817	0.346	1.000	25	220998	19074706	19074764	19295704	19295762	40814816	19050000	19300000	0	2253	58	220940	wide
SUPER_21	19601448	19605393	IR	345	.	19603648	0.345	0.930	192	4542	19601448	19602703	19604154	19605393	40814816	19400000	19650000	192	3390	1239	1451	immediate
SUPER_21	5433829	5570234	IR	345	.	5501800	0.345	0.833	41	136677	5433829	5434446	5569617	5570257	40814816	5400000	5650000	39	1700	617	135171	wide
SUPER_21	6279186	6306808	IR	345	.	6293420	0.345	0.476	31	27580	6279186	6279228	6306766	6306848	40814816	6150000	6400000	0	2383	42	27538	spaced
SUPER_21	28966935	28970887	IR	345	.	28968832	0.345	0.917	31	4001	28966935	28967283	28970543	28970887	40814816	28850000	29100000	31	1981	344	3260	spaced
SUPER_21	12672277	12708369	IR	345	.	12690645	0.345	0.430	24	36054	12672277	12684349	12696303	12708369	40814816	12550000	12800000	0	2338	12066	11954	spaced
SUPER_21	12468097	12584706	IR	345	.	12526619	0.345	0.947	21	118575	12468097	12468432	12584371	12584708	40814816	12350000	12600000	20	2939	335	115939	wide
SUPER_21	27401157	27500616	IR	344	.	27450605	0.344	0.772	249	97739	27401157	27405458	27496380	27500616	40814816	27350000	27600000	0	1681	4236	90922	spaced
SUPER_21	23790728	23850132	IR	344	.	23820911	0.344	0.394	30	41109	23790728	23809365	23831495	23850189	40814816	23650000	23900000	0	2840	18637	22130	spaced
SUPER_21	28472380	28606208	IR	344	.	28539254	0.344	0.800	24	133823	28472380	28472430	28606168	28606208	40814816	28400000	28650000	168	2321	40	133738	wide
SUPER_21	33795179	33865429	IR	344	.	33830569	0.344	0.386	23	35088	33795179	33830324	33830284	33865439	40814816	33700000	33950000	0	2171	35145	-40	overlap
SUPER_21	6982315	7150419	IR	343	.	7066829	0.343	0.718	34	168109	6982315	6982371	7150363	7150441	40814816	6950000	7200000	0	1939	56	167992	wide
SUPER_21	3612934	3670825	IR	342	.	3641916	0.342	0.922	64	58445	3612934	3613948	3669830	3670825	40814816	3550000	3800000	64	1531	995	55882	spaced
SUPER_21	8068381	8075724	IR	342	.	8072041	0.342	0.891	28	7435	8068381	8069481	8074624	8075724	40814816	8050000	8300000	28	367	1100	5143	spaced
SUPER_21	12063977	12162531	IR	341	.	12112930	0.341	0.916	331	98474	12063977	12070730	12155805	12162531	40814816	12000000	12250000	0	1887	6726	85075	spaced
SUPER_21	39623343	39679601	IR	341	.	39651734	0.341	0.896	212	56239	39623343	39629112	39673841	39679601	40814816	39450000	39700000	0	3357	5760	44729	spaced
SUPER_21	30987645	31096967	IR	341	.	31042001	0.341	0.860	93	109303	30987645	30990071	31094565	31096967	40814816	30900000	31150000	0	2371	2402	104494	wide
SUPER_21	22542778	22689467	IR	341	.	22616334	0.341	0.854	56	146744	22542778	22543771	22688555	22689467	40814816	22500000	22750000	58	1935	912	144784	wide
SUPER_21	18481607	18487730	IR	341	.	18484649	0.341	0.859	44	6263	18481607	18482021	18487316	18487775	40814816	18400000	18650000	44	1411	414	5295	spaced
SUPER_21	11373570	11377516	IR	341	.	11375690	0.341	1.000	31	3896	11373570	11373620	11377466	11377516	40814816	11150000	11400000	255	3758	50	3846	spaced
SUPER_21	3207140	3211775	IR	340	.	3209527	0.340	0.922	51	4879	3207140	3208054	3210861	3211776	40814816	3150000	3400000	51	990	914	2807	spaced
SUPER_21	24160373	24294786	IR	340	.	24227993	0.340	0.692	33	134359	24160373	24160451	24294732	24294786	40814816	24050000	24300000	0	2959	54	134281	wide
SUPER_21	3341161	3359339	IR	340	.	3350436	0.340	0.929	32	18128	3341161	3341217	3359287	3359339	40814816	3150000	3400000	493	3337	52	18070	spaced
SUPER_21	37147196	37264469	IR	339	.	37205410	0.339	0.408	116	75194	37147196	37191676	37219989	37264547	40814816	37050000	37300000	0	2597	44480	28313	spaced
SUPER_21	14080279	14197313	IR	339	.	14139024	0.339	0.909	26	116966	14080279	14080319	14197273	14197317	40814816	13950000	14200000	108	3146	40	116954	wide
SUPER_21	37298000	37493178	IR	338	.	37395087	0.338	0.896	178	195180	37298000	37301138	37490040	37493203	40814816	37250000	37500000	0	2426	3138	188902	wide
SUPER_21	4663077	4728947	IR	338	.	4696469	0.338	0.898	94	65736	4663077	4664814	4727240	4728947	40814816	4500000	4750000	0	3266	1707	62426	spaced
SUPER_21	36438635	36511345	IR	338	.	36475298	0.338	0.839	23	72658	36438635	36438687	36511293	36511355	40814816	36300000	36550000	0	2916	52	72606	spaced
SUPER_21	38951293	39025508	IR	337	.	38988239	0.337	0.849	49	74314	38951293	38952137	39024664	39025528	40814816	38850000	39100000	49	2306	844	72527	spaced
SUPER_21	15515049	15586976	IR	337	.	15550829	0.337	0.867	34	72087	15515049	15515940	15586085	15586997	40814816	15350000	15600000	34	3350	891	70145	spaced
SUPER_21	18046776	18124171	IR	337	.	18085141	0.337	0.958	34	77376	18046776	18047223	18123724	18124173	40814816	17900000	18150000	0	3091	447	76501	spaced
SUPER_21	20670025	20730206	IR	337	.	20699845	0.337	0.875	26	60125	20670025	20670081	20730150	20730214	40814816	20550000	20800000	0	2501	56	60069	spaced
SUPER_21	29277300	29312101	IR	336	.	29294889	0.336	0.914	46	42740	29277300	29277903	29311505	29312101	40814816	29150000	29400000	56	2411	596	33602	spaced
SUPER_21	30724778	30779204	IR	336	.	30751607	0.336	0.830	40	54406	30724778	30727212	30776777	30779204	40814816	30650000	30900000	0	1699	2427	49565	spaced
SUPER_21	14974132	15090808	IR	336	.	15032771	0.336	0.722	32	116624	14974132	14974184	15090756	15090828	40814816	14900000	15150000	0	2207	52	116572	wide
SUPER_21	25281721	25398472	IR	336	.	25339754	0.336	0.799	29	116736	25281721	25284180	25396013	25398475	40814816	25150000	25400000	0	3168	2459	111833	wide
SUPER_21	25846658	26012153	IR	336	.	25929445	0.336	0.559	24	165451	25846658	25846692	26012119	26012179	40814816	25800000	26050000	46	2156	34	165427	wide
SUPER_21	3809599	3921218	IR	335	.	3865305	0.335	0.970	220	112175	3809599	3811442	3919375	3921218	40814816	3800000	4050000	220	1090	1843	107933	wide
SUPER_21	2494999	2514077	IR	335	.	2504992	0.335	0.917	93	19029	2494999	2496115	2513021	2514077	40814816	2350000	2600000	0	2575	1056	16906	spaced
SUPER_21	14022083	14027850	IR	335	.	14025148	0.335	0.982	84	6821	14022083	14022591	14027345	14027850	40814816	13850000	14100000	84	2915	505	4754	spaced
SUPER_21	30076959	30218342	IR	335	.	30147806	0.335	0.754	59	141676	30076959	30078128	30217173	30218358	40814816	30000000	30250000	59	2460	1169	139045	wide
SUPER_21	22736127	22885004	IR	335	.	22810262	0.335	0.945	40	148795	22736127	22736816	22884316	22885004	40814816	22650000	22900000	0	2675	688	147500	wide
SUPER_21	10124935	10189481	IR	335	.	10157436	0.335	0.792	23	64526	10124935	10124983	10189443	10189481	40814816	9950000	10200000	134	3453	38	64460	spaced
SUPER_21	36950814	37146812	IR	334	.	37048356	0.334	0.935	150	195947	36950814	36953555	37144071	37146812	40814816	36900000	37150000	0	2480	2741	190516	wide
SUPER_21	37681966	37828184	IR	334	.	37754753	0.334	0.405	113	146199	37681966	37751161	37758989	37828184	40814816	37600000	37850000	0	2584	69195	7828	spaced
SUPER_21	886794	921030	IR	334	.	904370	0.334	0.859	77	34270	886794	887957	919867	921084	40814816	750000	1000000	0	2565	1163	31910	spaced
SUPER_21	21997249	22004961	IR	334	.	22001202	0.334	0.892	65	7753	21997249	21998110	22004100	22004962	40814816	21950000	22200000	65	851	861	5990	spaced
SUPER_21	27035426	27188137	IR	334	.	27112254	0.334	0.414	63	152764	27035426	27090646	27132917	27188208	40814816	26950000	27200000	0	2696	55220	42271	spaced
SUPER_21	33005438	33060172	IR	334	.	33033114	0.334	0.878	54	54760	33005438	33006077	33059533	33060218	40814816	32900000	33150000	0	2213	639	53456	spaced
SUPER_21	2670237	2686350	IR	334	.	2677872	0.334	0.816	48	16159	2670237	2670995	2685592	2686446	40814816	2550000	2800000	0	2138	758	14597	spaced
SUPER_21	21190800	21247618	IR	334	.	21219611	0.334	0.849	42	56784	21190800	21191963	21246455	21247657	40814816	21000000	21250000	0	3653	1163	54492	spaced
SUPER_21	40361302	40585436	IR	334	.	40473117	0.334	0.075	42	224100	40361302	40361412	40585396	40585436	40814816	40350000	40600000	0	2056	40	223984	wide
SUPER_21	26620598	26636157	IR	334	.	26628832	0.334	0.881	26	15530	26620598	26620978	26635786	26636157	40814816	26600000	26850000	0	472	371	14808	spaced
SUPER_21	23015323	23020519	IR	333	.	23017567	0.333	0.963	136	5171	23015323	23016518	23019343	23020519	40814816	22850000	23100000	0	2798	1176	2825	spaced
SUPER_21	18843935	18935417	IR	333	.	18889203	0.333	0.867	64	91480	18843935	18845345	18934007	18935445	40814816	18800000	19050000	0	1494	1410	88662	spaced
SUPER_21	1652545	1658934	IR	333	.	1655969	0.333	0.884	36	6922	1652545	1653200	1658279	1658950	40814816	1500000	1750000	26	2595	655	5079	spaced
SUPER_21	8751029	8782496	IR	332	.	8766317	0.332	0.909	151	31450	8751029	8752632	8780949	8782496	40814816	8600000	8850000	0	2779	1547	28317	spaced
SUPER_21	18770712	18823098	IR	332	.	18796995	0.332	0.909	135	52631	18770712	18773845	18819972	18823098	40814816	18600000	18850000	135	3281	3126	46127	spaced
SUPER_21	36814388	36943309	IR	332	.	36879080	0.332	0.931	47	129127	36814388	36815058	36942642	36943309	40814816	36700000	36950000	47	2980	667	127584	wide
SUPER_21	5668746	5763949	IR	332	.	5716465	0.332	0.800	22	95161	5668746	5668786	5763909	5763959	40814816	5550000	5800000	196	2772	40	95123	spaced
SUPER_21	17778932	17850055	IR	332	.	17814298	0.332	0.880	21	71075	17778932	17778976	17850011	17850061	40814816	17650000	17900000	217	2741	44	71035	spaced
SUPER_21	11418359	11586580	IR	331	.	11502900	0.331	0.919	263	168223	11418359	11421363	11583576	11586600	40814816	11400000	11650000	0	1707	3004	162213	wide
SUPER_21	39054759	39295356	IR	331	.	39175509	0.331	0.952	157	240499	39054759	39056775	39293340	39295357	40814816	39050000	39300000	0	2084	2016	236565	wide
SUPER_21	11817968	11928362	IR	331	.	11872925	0.331	0.935	102	114380	11817968	11818138	11928192	11928362	40814816	11800000	12050000	13	1219	170	110054	wide
SUPER_21	25560224	25764975	IR	331	.	25663018	0.331	0.895	87	204740	25560224	25562130	25763069	25764988	40814816	25550000	25800000	0	1876	1906	200939	wide
SUPER_21	35452621	35509430	IR	331	.	35481184	0.331	0.875	71	57163	35452621	35455780	35506288	35509430	40814816	35350000	35600000	71	2183	3142	50508	spaced
SUPER_21	26017395	26146362	IR	331	.	26081428	0.331	0.811	47	128715	26017395	26018723	26145034	26146460	40814816	25900000	26150000	0	3031	1328	126311	wide
SUPER_21	13727823	13727890	IR	331	.	13727839	0.331	0.978	35	22639	13727823	13727868	13727845	13727891	40814816	13500000	13750000	335	3797	45	-23	overlap
SUPER_21	13727823	13727890	IR	331	.	13727839	0.331	0.978	35	22639	13727823	13727868	13727845	13727891	40814816	13650000	13900000	335	1297	45	-23	overlap
SUPER_21	19446234	19541197	IR	331	.	19493315	0.331	0.778	33	94984	19446234	19447458	19539973	19541262	40814816	19350000	19600000	0	2395	1224	92515	spaced
SUPER_21	13727823	13727891	IR	331	.	13727839	0.331	0.956	32	22358	13727823	13727868	13727848	13727891	40814816	13550000	13800000	287	2964	43	-20	overlap
SUPER_21	13727823	13727891	IR	331	.	13727839	0.331	0.956	32	22358	13727823	13727868	13727848	13727891	40814816	13700000	13950000	287	464	43	-20	overlap
SUPER_21	13727823	13727887	IR	331	.	13727839	0.331	0.956	29	22639	13727823	13727866	13727844	13727889	40814816	13600000	13850000	310	2130	43	-22	overlap
SUPER_21	24661041	24868964	IR	331	.	24765191	0.331	0.707	23	208231	24661041	24663022	24867025	24868964	40814816	24650000	24900000	23	1916	1939	204003	wide
SUPER_21	17850005	17926019	IR	331	.	17887604	0.331	0.733	22	75970	17850005	17850065	17925975	17926019	40814816	17700000	17950000	0	3133	44	75910	spaced
SUPER_21	28136407	28254798	IR	330	.	28195322	0.330	0.937	78	118369	28136407	28137556	28253666	28254798	40814816	28050000	28300000	0	2426	1132	116110	wide
SUPER_21	34937755	34981048	IR	330	.	34959333	0.330	0.890	57	43583	34937755	34939084	34979719	34981086	40814816	34850000	35100000	57	1823	1329	40635	spaced
SUPER_21	32153711	32371484	IR	330	.	32262605	0.330	0.854	49	217855	32153711	32155213	32369982	32371544	40814816	32150000	32400000	49	1876	1502	214769	wide
SUPER_21	13315553	13342635	IR	330	.	13329003	0.330	0.846	42	27165	13315553	13316559	13341659	13342635	40814816	13100000	13350000	42	3818	976	25100	spaced
SUPER_21	14537446	14589761	IR	330	.	14563941	0.330	0.964	23	52261	14537446	14537502	14589707	14589761	40814816	14350000	14600000	0	3559	54	52205	spaced
SUPER_21	34065947	34227652	IR	330	.	34146815	0.330	0.920	22	161663	34065947	34065997	34227606	34227652	40814816	34000000	34250000	252	2446	46	161609	wide
SUPER_21	28852219	28872040	IR	330	.	28861761	0.330	0.561	21	19820	28852219	28854083	28870176	28872059	40814816	28850000	29100000	0	202	1864	16093	spaced
SUPER_21	40272047	40361366	IR	329	.	40316590	0.329	0.635	80	131780	40272047	40272099	40361314	40361400	40814816	40150000	40400000	1207	2778	52	89215	spaced
SUPER_21	26694766	26777493	IR	329	.	26735859	0.329	0.545	33	82719	26694766	26697020	26775239	26777597	40814816	26550000	26800000	0	3102	2254	78219	spaced
SUPER_21	20391836	20416641	IR	329	.	20403732	0.329	0.933	26	24749	20391836	20391892	20416585	20416645	40814816	20200000	20450000	0	3403	56	24693	spaced
SUPER_21	186976	316009	IR	329	.	251343	0.329	0.920	24	128987	186976	187022	315963	316013	40814816	100000	350000	325	2524	46	128941	wide
SUPER_21	20635907	20670077	IR	329	.	20652525	0.329	0.929	20	34128	20635907	20635959	20670025	20670081	40814816	20450000	20700000	0	3383	52	34066	spaced
SUPER_21	31904227	31957865	IR	328	.	31930799	0.328	0.902	56	53666	31904227	31904940	31957152	31957874	40814816	31750000	32000000	56	3017	713	52212	spaced
SUPER_21	7400150	7490926	IR	328	.	7446008	0.328	0.447	21	90720	7400150	7401901	7489213	7490926	40814816	7300000	7550000	0	2425	1713	87312	spaced
SUPER_21	30326213	30336983	IR	327	.	30331624	0.327	0.963	269	11349	30326213	30328571	30334626	30336983	40814816	30100000	30350000	269	3859	2357	6055	spaced
SUPER_21	34684958	34717493	IR	327	.	34701016	0.327	0.928	91	33306	34684958	34686135	34716332	34717493	40814816	34500000	34750000	91	3353	1161	30197	spaced
SUPER_21	10789037	10840340	IR	327	.	10814382	0.327	0.881	80	51262	10789037	10791045	10838332	10840364	40814816	10700000	10950000	0	1911	2008	47287	spaced
SUPER_21	13019429	13077966	IR	327	.	13048643	0.327	0.826	48	59144	13019429	13021704	13075719	13077966	40814816	13000000	13250000	48	811	2247	54015	spaced
SUPER_21	31168067	31207636	IR	327	.	31187774	0.327	0.766	35	39610	31168067	31168573	31207130	31207675	40814816	31100000	31350000	35	1464	506	38557	spaced
SUPER_21	36513922	36550074	IR	327	.	36532433	0.327	0.902	33	36151	36513922	36514649	36549347	36550094	40814816	36450000	36700000	0	1366	727	34698	spaced
SUPER_21	38700161	38711917	IR	326	.	38706083	0.326	0.851	95	12183	38700161	38701471	38710607	38711974	40814816	38600000	38850000	112	1767	1310	9136	spaced
SUPER_21	9000478	9007685	IR	326	.	9003893	0.326	0.821	34	7238	9000478	9000800	9007403	9007685	40814816	8800000	9050000	44	3401	282	6603	spaced
SUPER_21	26884909	26884963	IR	326	.	26884716	0.326	0.897	25	109503	26884909	26884948	26884928	26884963	40814816	26800000	27050000	168	1415	35	-20	overlap
SUPER_21	22453732	22502457	IR	326	.	22477919	0.326	0.915	24	48694	22453732	22453779	22502414	22502457	40814816	22300000	22550000	335	2968	43	48635	spaced
SUPER_21	26884909	26884963	IR	326	.	26884716	0.326	0.872	24	109333	26884909	26884948	26884929	26884963	40814816	26700000	26950000	161	3082	34	-19	overlap
SUPER_21	6113655	6220900	IR	326	.	6167149	0.326	0.840	22	107201	6113655	6113697	6220858	6220908	40814816	6000000	6250000	186	2787	42	107161	wide
SUPER_21	20154444	20384074	IR	326	.	20269062	0.326	0.752	20	229731	20154444	20154757	20383817	20384074	40814816	20150000	20400000	27	1987	257	229060	wide
SUPER_21	5162769	5167299	IR	325	.	5165096	0.325	0.962	70	4615	5162769	5163366	5166702	5167307	40814816	5000000	5250000	70	2750	597	3336	spaced
SUPER_21	35104606	35212731	IR	325	.	35158657	0.325	0.707	52	108201	35104606	35106610	35210727	35212754	40814816	35000000	35250000	59	2644	2004	104117	wide
SUPER_21	39887721	40016684	IR	325	.	39952679	0.325	0.757	34	128907	39887721	39887795	40016628	40016684	40814816	39800000	40050000	0	2536	56	128833	wide
SUPER_21	21498790	21508844	IR	325	.	21503480	0.325	0.735	26	10004	21498790	21498840	21508794	21508862	40814816	21300000	21550000	0	3396	50	9954	spaced
SUPER_21	1303154	1307888	IR	324	.	1305391	0.324	0.923	39	4686	1303154	1303202	1307840	1307892	40814816	1300000	1550000	262	91	48	4638	spaced
SUPER_21	8853920	8879220	IR	324	.	8866411	0.324	0.893	31	25246	8853920	8854286	8878857	8879220	40814816	8800000	9050000	37	1109	363	24571	spaced
SUPER_21	13727823	13741636	IR	324	.	13734996	0.324	0.765	27	13777	13727823	13727891	13741584	13741636	40814816	13500000	13750000	0	3912	52	13693	spaced
SUPER_21	36226213	36245618	IR	323	.	36235745	0.323	0.920	94	19822	36226213	36227211	36244636	36245618	40814816	36200000	36450000	98	598	982	17425	spaced
SUPER_21	23391152	23585361	IR	323	.	23488004	0.323	0.856	79	194274	23391152	23391712	23584837	23585361	40814816	23350000	23600000	36	2304	524	193125	wide
SUPER_21	23266989	23348230	IR	323	.	23308019	0.323	0.795	20	81177	23266989	23269032	23346279	23348230	40814816	23250000	23500000	0	960	1951	77247	spaced
SUPER_21	24318520	24428950	IR	322	.	24373473	0.322	0.837	42	110438	24318520	24319854	24427616	24428979	40814816	24200000	24450000	0	2895	1334	107762	wide
SUPER_21	863796	879706	IR	322	.	871270	0.322	0.908	41	15868	863796	864237	879265	879734	40814816	650000	900000	0	3695	441	15028	spaced
SUPER_21	16025864	16175589	IR	322	.	16100353	0.322	0.714	29	149675	16025864	16025934	16175539	16175589	40814816	16000000	16250000	0	1678	50	149605	wide
SUPER_21	39528795	39593323	IR	322	.	39560802	0.322	0.867	23	64476	39528795	39528847	39593271	39593331	40814816	39400000	39650000	0	2684	52	64424	spaced
SUPER_21	35657275	35665552	IR	321	.	35661629	0.321	0.936	268	158456	35657275	35659240	35663610	35665552	40814816	35550000	35800000	275	1856	1942	4370	spaced
SUPER_21	10095356	10106075	IR	321	.	10100481	0.321	0.980	118	11088	10095356	10096059	10105374	10106075	40814816	10000000	10250000	117	1678	701	9315	spaced
SUPER_21	28987423	29137646	IR	321	.	29062591	0.321	0.786	26	150185	28987423	28987479	29137602	29137646	40814816	28900000	29150000	276	2708	44	150123	wide
SUPER_21	18023584	18025791	IR	321	.	18024687	0.321	0.847	21	2231	18023584	18024136	18025239	18025812	40814816	17800000	18050000	21	3744	552	1103	immediate
SUPER_21	10503256	10510320	IR	320	.	10506856	0.320	0.904	124	7687	10503256	10505070	10508534	10510320	40814816	10300000	10550000	124	3446	1786	3464	spaced
SUPER_21	8219519	8232643	IR	320	.	8226233	0.320	0.898	46	13159	8219519	8219710	8232452	8232652	40814816	8050000	8300000	46	2934	191	12742	spaced
SUPER_21	19919476	20098236	IR	320	.	20008548	0.320	0.792	31	178770	19919476	19920842	20096870	20098263	40814816	19850000	20100000	0	2647	1366	176028	wide
SUPER_21	31711003	31767063	IR	320	.	31739247	0.320	0.901	29	56115	31711003	31711717	31766349	31767065	40814816	31550000	31800000	29	3150	714	54632	spaced
SUPER_21	38020599	38041586	IR	319	.	38031421	0.319	0.908	147	20917	38020599	38021886	38040383	38041586	40814816	37850000	38100000	0	3018	1203	18497	spaced
SUPER_21	8243320	8338204	IR	319	.	8290982	0.319	0.807	66	95034	8243320	8244151	8337408	8338204	40814816	8100000	8350000	66	3179	796	93257	spaced
SUPER_21	12585090	12610147	IR	319	.	12597209	0.319	0.921	36	25048	12585090	12585687	12609550	12610159	40814816	12400000	12650000	0	3293	597	23863	spaced
SUPER_21	13565373	13727871	IR	319	.	13646390	0.319	0.750	25	162452	13565373	13565415	13727829	13727885	40814816	13500000	13750000	245	2443	42	162414	wide
SUPER_21	35679669	35717912	IR	318	.	35698829	0.318	0.970	179	42443	35679669	35681029	35716552	35717917	40814816	35500000	35750000	179	3313	1360	35523	spaced
SUPER_21	23594469	23634202	IR	318	.	23613965	0.318	0.723	37	39711	23594469	23596485	23632186	23634203	40814816	23450000	23700000	0	2738	2016	35701	spaced
SUPER_21	14197249	14238116	IR	318	.	14217852	0.318	0.677	29	40860	14197249	14197311	14238074	14238116	40814816	14050000	14300000	281	2794	42	40763	spaced
SUPER_21	28057345	28092850	IR	318	.	28074916	0.318	1.000	26	35453	28057345	28057397	28092798	28092850	40814816	27850000	28100000	377	3751	52	35401	spaced
SUPER_21	11079206	11096249	IR	318	.	11087239	0.318	0.897	22	16991	11079206	11079258	11096197	11096255	40814816	10900000	11150000	0	3128	52	16939	spaced
SUPER_21	24098033	24106366	IR	317	.	24102349	0.317	0.993	205	8587	24098033	24099096	24105303	24106366	40814816	23900000	24150000	205	3369	1063	6207	spaced
SUPER_21	40028142	40034729	IR	317	.	40031223	0.317	0.876	71	7681	40028142	40029204	40033699	40034729	40814816	39950000	40200000	72	1357	1030	4495	spaced
SUPER_21	7160023	7195889	IR	317	.	7177474	0.317	0.411	59	20686	7160023	7176055	7179857	7195900	40814816	7050000	7300000	0	2132	16032	3802	spaced
SUPER_21	18732897	18736761	IR	317	.	18735106	0.317	0.911	52	3834	18732897	18733600	18736086	18736761	40814816	18500000	18750000	0	3913	675	2486	spaced
SUPER_21	26589110	26614498	IR	317	.	26601553	0.317	0.920	41	25371	26589110	26590138	26613473	26614498	40814816	26450000	26700000	0	2529	1025	23335	spaced
SUPER_21	2288629	2296849	IR	317	.	2292665	0.317	0.784	34	11285	2288629	2291613	2293865	2296888	40814816	2050000	2300000	35	4045	2984	2252	spaced
SUPER_21	28263797	28376026	IR	317	.	28319595	0.317	0.824	34	112248	28263797	28266336	28373487	28376070	40814816	28200000	28450000	0	1998	2539	107151	wide
SUPER_21	4265351	4374991	IR	317	.	4320259	0.317	0.852	29	110103	4265351	4267078	4373264	4375003	40814816	4150000	4400000	29	2836	1727	106186	wide
SUPER_21	16447551	16643595	IR	317	.	16545155	0.317	0.926	20	196002	16447551	16447601	16643545	16643599	40814816	16400000	16650000	0	2426	50	195944	wide
SUPER_21	21281825	21441628	IR	316	.	21361863	0.316	0.932	35	159956	21281825	21282313	21441141	21441628	40814816	21200000	21450000	35	2695	487	158828	wide
SUPER_21	1561862	1561928	IR	316	.	1562120	0.316	0.909	32	22229	1561862	1561906	1561888	1561928	40814816	1450000	1700000	290	1864	40	-18	overlap
SUPER_21	26489113	26522130	IR	316	.	26506070	0.316	0.830	27	32986	26489113	26489868	26521413	26522130	40814816	26350000	26600000	0	2593	717	31545	spaced
SUPER_21	33137475	33145774	IR	316	.	33141221	0.316	0.676	24	8253	33137475	33137521	33145728	33145796	40814816	33000000	33250000	0	2360	46	8207	spaced
SUPER_21	1948722	2122439	IR	315	.	2036043	0.315	0.921	121	173693	1948722	1950031	2121166	2122439	40814816	1900000	2150000	0	2259	1273	171135	wide
SUPER_21	14850517	14857102	IR	315	.	14854287	0.315	0.692	21	6543	14850517	14850562	14857057	14857122	40814816	14650000	14900000	0	3396	45	6495	spaced
SUPER_21	37997665	38013410	IR	314	.	38005075	0.314	0.935	64	15725	37997665	37998333	38012742	38013411	40814816	37800000	38050000	0	3425	668	14409	spaced
SUPER_21	23143297	23152861	IR	314	.	23148423	0.314	0.750	23	9516	23143297	23143345	23152813	23152877	40814816	22950000	23200000	0	3301	48	9468	spaced
SUPER_21	3066715	3125367	IR	313	.	3096477	0.313	0.880	87	58697	3066715	3068240	3123842	3125461	40814816	2900000	3150000	0	3267	1525	55602	spaced
SUPER_21	15844504	15854684	IR	313	.	15849748	0.313	0.969	45	10178	15844504	15844830	15854358	15854684	40814816	15650000	15900000	45	3326	326	9528	spaced
SUPER_21	33503981	33563364	IR	312	.	33533997	0.312	0.700	231	59354	33503981	33518874	33548471	33563366	40814816	33350000	33600000	0	3061	14893	29597	spaced
SUPER_21	40589737	40672129	IR	312	.	40630690	0.312	0.888	60	90038	40589737	40590432	40671434	40672129	40814816	40500000	40750000	18	2182	695	81002	spaced
SUPER_21	13764587	13801945	IR	312	.	13782909	0.312	0.740	45	37230	13764587	13768859	13797673	13801949	40814816	13750000	14000000	0	554	4272	28814	spaced
SUPER_21	31547033	31575382	IR	312	.	31560890	0.312	0.893	42	28329	31547033	31547631	31574821	31575382	40814816	31450000	31700000	0	1853	561	27190	spaced
SUPER_21	9917874	9937313	IR	311	.	9927462	0.311	0.947	427	21025	9917874	9922500	9932723	9937313	40814816	9800000	10050000	427	2126	4590	10223	spaced
SUPER_21	25160082	25167627	IR	311	.	25163357	0.311	0.951	66	7504	25160082	25161105	25166607	25167627	40814816	25150000	25400000	0	230	1020	5502	spaced
SUPER_21	11214	53066	IR	311	.	32297	0.311	0.417	36	41830	11214	11288	53030	53066	40814816	0	250000	131	535	36	41742	spaced
SUPER_21	32818964	32987642	IR	311	.	32903650	0.311	1.000	23	168624	32818964	32819018	32987588	32987642	40814816	32750000	33000000	0	2554	54	168570	wide
SUPER_21	11023582	11029599	IR	310	.	11026522	0.310	0.897	155	6625	11023582	11024812	11028369	11029599	40814816	10800000	11050000	176	3776	1230	3557	spaced
SUPER_21	9540059	9577607	IR	310	.	9558870	0.310	0.915	75	38687	9540059	9541703	9575969	9577607	40814816	9450000	9700000	75	1813	1638	34266	spaced
SUPER_21	2818286	2886658	IR	310	.	2852112	0.310	0.402	57	68351	2818286	2846922	2858068	2886658	40814816	2800000	3050000	0	874	28590	11146	spaced
SUPER_21	18395376	18412897	IR	310	.	18403954	0.310	0.679	22	17477	18395376	18395414	18412859	18412915	40814816	18200000	18450000	98	3402	38	17445	spaced
SUPER_21	6550282	6665017	IR	309	.	6607172	0.309	0.866	31	114716	6550282	6551052	6664247	6665064	40814816	6450000	6700000	0	2627	770	113195	wide
SUPER_21	34775045	34858173	IR	309	.	34816398	0.309	0.625	31	83086	34775045	34775081	34858137	34858196	40814816	34700000	34950000	223	1943	36	83056	spaced
SUPER_21	955547	1015255	IR	309	.	985513	0.309	0.897	23	59728	955547	955715	1015087	1015271	40814816	900000	1150000	23	1423	168	59372	spaced
SUPER_21	33070291	33076566	IR	307	.	33073195	0.307	0.969	59	6214	33070291	33070355	33076502	33076566	40814816	32950000	33200000	3	2057	64	6147	spaced
SUPER_21	39791132	39821011	IR	307	.	39805900	0.307	0.884	48	30123	39791132	39792221	39819942	39821011	40814816	39600000	39850000	48	3434	1069	27721	spaced
SUPER_21	1307838	1322446	IR	307	.	1314793	0.307	0.333	26	14572	1307838	1307918	1322410	1322446	40814816	1300000	1550000	0	252	36	14492	spaced
SUPER_21	26857977	26884959	IR	307	.	26871955	0.307	0.929	20	26932	26857977	26858029	26884907	26884963	40814816	26700000	26950000	0	2857	52	26878	spaced
SUPER_21	31626607	31634411	IR	306	.	31630497	0.306	0.713	32	7818	31626607	31627627	31633434	31634411	40814816	31500000	31750000	32	2175	977	5807	spaced
SUPER_21	8166012	8175712	IR	305	.	8171258	0.305	0.924	124	9623	8166012	8167381	8174379	8175712	40814816	8000000	8250000	0	2847	1333	6998	spaced
SUPER_21	39034831	39042827	IR	305	.	39038434	0.305	0.923	69	7909	39034831	39036657	39041001	39042833	40814816	38800000	39050000	0	3980	1826	4344	spaced
SUPER_21	17240032	17246381	IR	305	.	17243484	0.305	0.818	32	6380	17240032	17240423	17245990	17246435	40814816	17000000	17250000	0	4053	391	5567	spaced
SUPER_21	1338331	1384599	IR	305	.	1361073	0.305	0.891	24	46263	1338331	1338882	1384048	1384616	40814816	1150000	1400000	0	3524	551	45166	spaced
SUPER_21	28652226	28748598	IR	300	.	28700616	0.300	0.970	65	96605	28652226	28652790	28748034	28748599	40814816	28500000	28750000	65	3340	564	95244	spaced
SUPER_21	28010567	28017899	IR	297	.	28013736	0.297	0.927	29	7273	28010567	28011177	28017294	28017899	40814816	27950000	28200000	0	1070	605	6117	spaced
SUPER_21	10213877	10271297	IR	297	.	10242154	0.297	0.926	24	57396	10213877	10214455	10270723	10271297	40814816	10200000	10450000	0	709	574	56268	spaced
SUPER_21	3925708	4002717	IR	295	.	3964420	0.295	0.800	20	76983	3925708	3925758	4002677	4002717	40814816	3900000	4150000	174	1070	40	76919	spaced
SUPER_21	25064279	25073490	IR	294	.	25068501	0.294	0.990	293	9188	25064279	25066264	25071505	25073490	40814816	24950000	25200000	0	1981	1985	5241	spaced
SUPER_21	13490217	13546136	IR	294	.	13518055	0.294	0.731	40	55936	13490217	13491188	13545182	13546136	40814816	13450000	13700000	43	1136	954	53994	spaced
SUPER_21	36793676	36807114	IR	292	.	36800522	0.292	0.905	31	13467	36793676	36794556	36806234	36807119	40814816	36600000	36850000	31	3339	880	11678	spaced
HAP1_SCAFFOLD_21	873005	875982	IR	552	.	874456	0.552	0.965	134	53163	873005	874167	874844	875982	1209677	700000	950000	140	2908	1138	677	immediate
HAP1_SCAFFOLD_21	926874	988984	IR	429	.	957630	0.429	0.771	152	62118	926874	931671	984187	989065	1209677	800000	1050000	0	2632	4797	52516	spaced
HAP1_SCAFFOLD_21	122340	297969	IR	421	.	209674	0.421	0.615	74	174798	122340	195935	224374	298055	1209677	50000	300000	0	2669	73595	28439	spaced
HAP1_SCAFFOLD_21	1032376	1151844	IR	408	.	1091962	0.408	0.833	368	144690	1032376	1046518	1137762	1151844	1209677	950000	1200000	374	2368	14082	91244	spaced
HAP1_SCAFFOLD_25	156750	264461	IR	454	.	210518	0.454	0.786	48	145341	156750	195599	225612	264465	883234	50000	300000	48	2676	38849	30013	spaced
HAP1_SCAFFOLD_25	722	45027	IR	425	.	23215	0.425	0.748	83	44131	722	11444	34305	45090	883234	0	250000	0	381	10722	22861	spaced
HAP1_SCAFFOLD_25	665864	794799	IR	390	.	730394	0.390	0.833	101	129196	665864	683526	777137	794873	883234	600000	850000	105	2172	17662	93611	spaced
HAP1_SCAFFOLD_26	548452	573164	IR	372	.	561279	0.372	0.928	43	24622	548452	549219	572397	573172	841458	350000	600000	0	3513	767	23178	spaced
HAP1_SCAFFOLD_26	574980	593452	IR	356	.	584056	0.356	0.966	202	18638	574980	576619	591823	593452	841458	350000	600000	202	3903	1629	15204	spaced
HAP1_SCAFFOLD_28	420685	448189	IR	451	.	434912	0.451	0.545	49	27460	420685	430929	438041	448189	672755	200000	450000	0	3907	10148	7112	spaced
HAP1_SCAFFOLD_28	454226	598916	IR	420	.	526933	0.420	0.713	80	142592	454226	481003	572161	598916	672755	450000	672755	0	1276	26755	91158	spaced
HAP1_SCAFFOLD_29	633716	644937	IR	467	.	638883	0.467	0.910	277	11191	633716	638626	640100	644937	665889	450000	665889	0	3155	4837	1474	immediate
HAP1_SCAFFOLD_31	482176	488303	IR	392	.	484745	0.392	0.902	69	5668	482176	484106	486373	488327	585269	300000	550000	0	3087	1930	2267	spaced
HAP1_SCAFFOLD_31	101121	192953	IR	363	.	146795	0.363	0.679	54	92528	101121	106802	187481	192953	585269	100000	350000	56	783	5472	80679	spaced
HAP1_SCAFFOLD_32	200296	300891	IR	454	.	250197	0.454	0.506	54	100091	200296	249406	251868	300891	574000	200000	450000	0	843	49023	2462	spaced
HAP1_SCAFFOLD_32	454808	547372	IR	400	.	501383	0.400	0.438	31	92561	454808	498277	503903	547417	574000	300000	550000	0	3351	43469	5626	spaced
HAP1_SCAFFOLD_32	13106	38644	IR	349	.	25623	0.349	0.889	51	25562	13106	13945	37805	38686	574000	0	250000	0	431	839	23860	spaced
HAP1_SCAFFOLD_32	39340	49260	IR	301	.	44384	0.301	0.896	168	10619	39340	42612	46055	49260	574000	0	250000	168	738	3205	3443	spaced
HAP1_SCAFFOLD_33	407248	496368	IR	425	.	452036	0.425	0.597	189	150667	407248	443204	460412	496368	528148	300000	528148	8	2529	35956	17208	spaced
HAP1_SCAFFOLD_33	117601	323791	IR	419	.	221164	0.419	0.528	122	159798	117601	194586	246806	323855	528148	100000	350000	0	2011	76985	52220	spaced
HAP1_SCAFFOLD_36	21927	91274	IR	462	.	56919	0.462	0.553	51	69389	21927	55853	57348	91336	460000	0	250000	0	943	33926	1495	immediate
HAP1_SCAFFOLD_36	339850	408055	IR	386	.	374391	0.386	0.861	227	68244	339850	344716	403189	408111	460000	200000	450000	0	2899	4866	58473	spaced
HAP1_SCAFFOLD_40	53185	57446	IR	533	.	55303	0.533	0.886	61	4346	53185	54810	55821	57447	384962	50000	300000	61	88	1625	1011	immediate
HAP1_SCAFFOLD_42	55477	297874	IR	392	.	176461	0.392	0.777	75	245934	55477	99918	253480	297874	309976	50000	300000	30	2111	44394	153562	wide
HAP1_SCAFFOLD_44	262634	298384	IR	517	.	280509	0.517	0.512	48	44232	262634	280092	280926	298401	307466	100000	307466	48	3008	17458	834	immediate
HAP1_SCAFFOLD_44	34806	192906	IR	416	.	113775	0.416	0.614	42	158528	34806	39695	188017	192957	307466	0	250000	87	1897	4889	148322	wide
HAP1_SCAFFOLD_48	15	244229	IR	407	.	122435	0.407	0.531	551	244227	15	61201	183043	244260	273000	0	250000	0	2035	61186	121842	wide
HAP1_SCAFFOLD_49	97265	265441	IR	429	.	181098	0.429	0.659	384	164883	97265	159723	202991	265441	266353	50000	266353	0	2189	62450	43268	spaced
HAP1_SCAFFOLD_50	7007	247907	IR	371	.	127822	0.371	0.592	73	240751	7007	55146	199844	247907	263440	0	250000	0	2124	48063	144698	wide
HAP1_SCAFFOLD_54	95855	239091	IR	429	.	167073	0.429	0.505	72	90093	95855	150243	184712	239091	239853	0	239853	0	2791	54379	34469	spaced
HAP1_SCAFFOLD_57	2613	182859	IR	445	.	92353	0.445	0.996	21	39717	2613	42298	143174	182908	236130	0	236130	0	1545	39685	100876	wide
HAP1_SCAFFOLD_63	41086	111805	IR	517	.	76440	0.517	0.650	733	75167	41086	75098	77800	111805	205345	0	205345	736	1273	34005	2702	spaced
HAP1_SCAFFOLD_64	3710	119122	IR	413	.	61783	0.413	0.533	27	112284	3710	43743	79139	119122	205228	0	205228	0	1023	39983	35396	spaced
HAP1_SCAFFOLD_65	49923	199601	IR	421	.	124922	0.421	0.995	4573	160273	49923	94887	154637	199621	205169	0	205169	4573	2079	44964	59750	spaced
HAP1_SCAFFOLD_75	465	33565	IR	319	.	17402	0.319	0.608	24	31714	465	3952	30078	33625	181796	0	181796	0	283	3487	26126	spaced
HAP1_SCAFFOLD_78	39549	173324	IR	371	.	106054	0.371	0.846	117	132298	39549	58565	154308	173326	173359	0	173359	0	1773	19016	95743	spaced
HAP1_SCAFFOLD_83	11161	163191	IR	420	.	86947	0.420	0.641	63	154636	11161	27217	147158	163191	166462	0	166462	63	1452	16033	119941	wide
HAP1_SCAFFOLD_87	1961	139694	IR	397	.	70831	0.397	0.500	22	139290	1961	13133	130062	139694	158398	0	158398	26	1180	9632	116929	wide
HAP1_SCAFFOLD_89	9992	131082	IR	421	.	70673	0.421	0.825	597	125456	9992	59433	81641	131083	153834	0	153834	601	1175	49441	22208	spaced
HAP1_SCAFFOLD_95	8608	126433	IR	412	.	67103	0.412	0.464	60	92302	8608	66510	68531	126509	143877	0	143877	0	1125	57902	2021	spaced
HAP1_SCAFFOLD_96	95611	130427	IR	368	.	112683	0.368	0.935	156	34785	95611	97810	128228	130428	140173	0	140173	0	1883	2199	30418	spaced
HAP1_SCAFFOLD_96	69294	82914	IR	333	.	76119	0.333	0.930	296	15006	69294	71991	80217	83003	140173	0	140173	296	1268	2697	8226	spaced
HAP1_SCAFFOLD_102	25781	56676	IR	330	.	41619	0.330	0.831	44	30304	25781	29026	53496	56676	135701	0	135701	0	687	3180	24470	spaced
HAP1_SCAFFOLD_123	100697	102735	IR	606	.	101716	0.606	0.923	58	2159	100697	101122	102310	102766	118283	0	118283	64	1695	425	1188	immediate
HAP1_SCAFFOLD_127	2698	60778	IR	364	.	31524	0.364	0.621	46	60017	2698	22003	43388	60778	112538	0	112538	46	527	17390	21385	spaced
HAP1_SCAFFOLD_133	11050	79568	IR	397	.	45686	0.397	0.449	23	68471	11050	33864	56820	79568	106830	0	106830	0	755	22748	22956	spaced
HAP1_SCAFFOLD_138	10644	96799	IR	377	.	53950	0.377	0.828	84	86761	10644	30145	77387	96799	100567	0	100567	82	895	19412	47242	spaced
HAP1_SCAFFOLD_140	8457	98765	IR	411	.	54079	0.411	0.470	54	84050	8457	52899	54368	98765	99634	0	99634	0	893	44397	1469	immediate
HAP1_SCAFFOLD_145	21028	38524	IR	340	.	29522	0.340	0.522	37	12782	21028	26828	32776	38524	96580	0	96580	0	496	5748	5948	spaced
HAP1_SCAFFOLD_145	51489	83183	IR	327	.	67345	0.327	0.768	57	31756	51489	53241	81433	83183	96580	0	96580	57	1122	1750	28192	spaced
HAP1_SCAFFOLD_154	3837	27364	IR	358	.	15802	0.358	0.967	71	24412	3837	4351	26851	27364	90067	0	90067	71	259	513	22500	spaced
HAP1_SCAFFOLD_160	2488	75299	IR	338	.	39191	0.338	0.828	40	72794	2488	4017	73770	75299	88078	0	88078	0	648	1529	69753	spaced
HAP1_SCAFFOLD_203	33836	35930	IR	593	.	34891	0.593	0.937	77	2223	33836	34627	35139	35946	70000	0	70000	78	581	791	512	immediate
HAP1_SCAFFOLD_215	1920	4385	IR	415	.	3175	0.415	0.925	57	2509	1920	2659	3649	4385	66083	0	66083	60	52	736	990	immediate
HAP1_SCAFFOLD_215	6432	14724	IR	314	.	10963	0.314	0.809	20	8268	6432	8828	12330	14724	66083	0	66083	0	176	2394	3502	spaced
HAP1_SCAFFOLD_215	48014	62787	IR	293	.	55329	0.293	1.000	22	14723	48014	48062	62739	62787	66083	0	66083	210	923	48	14677	spaced
HAP1_SCAFFOLD_231	19347	43282	IR	330	.	31545	0.330	1.000	22	23887	19347	19385	43244	43282	62276	0	62276	16	521	38	23859	spaced
HAP1_SCAFFOLD_238	52688	59554	IR	305	.	56543	0.305	0.818	27	6869	52688	53071	59171	59585	61013	0	61013	0	935	383	6100	spaced
HAP1_SCAFFOLD_240	20936	27668	IR	402	.	24316	0.402	0.869	34	6736	20936	22181	26423	27672	60288	0	60288	34	404	1245	4242	spaced
HAP1_SCAFFOLD_247	10173	39304	IR	346	.	24674	0.346	0.523	24	29175	10173	12456	37027	39304	59024	0	59024	25	412	2277	24571	spaced
HAP1_SCAFFOLD_264	2477	51528	IR	575	.	27124	0.575	0.981	3931	53975	2477	22893	31112	51531	55679	0	55679	3931	449	20416	8219	spaced
HAP1_SCAFFOLD_278	1111	51747	IR	418	.	26675	0.418	0.476	20	49496	1111	25875	26983	51749	52000	0	52000	0	440	24764	1108	immediate
HAP1_SCAFFOLD_295	21733	40841	IR	319	.	31658	0.319	0.939	24	19082	21733	21978	40596	40842	50526	0	50526	0	521	245	18618	spaced
HAP1_SCAFFOLD_392	4579	21177	IR	341	.	13010	0.341	0.667	35	16544	4579	4623	21133	21199	41270	0	41270	478	214	44	16510	spaced
HAP1_SCAFFOLD_502	9638	12542	IR	510	.	10839	0.510	0.714	30	2884	9638	10997	11189	12542	34877	0	34877	0	184	1353	192	immediate
HAP1_SCAFFOLD_538	4723	23094	IR	322	.	13541	0.322	0.905	42	18354	4723	6030	21787	23102	32790	0	32790	0	231	1307	15757	spaced
HAP1_SCAFFOLD_638	14134	21870	IR	350	.	18036	0.350	0.925	40	7814	14134	14844	21163	21870	28123	0	28123	40	299	707	6319	spaced
HAP1_SCAFFOLD_693	918	3467	IR	331	.	2123	0.331	0.878	28	2721	918	1465	2954	3467	25572	0	25572	28	36	513	1489	immediate
HAP1_SCAFFOLD_693	6634	21836	IR	295	.	14159	0.295	0.000	26	15287	6634	8409	21208	21836	25572	0	25572	26	237	628	12799	spaced
HAP1_SCAFFOLD_751	2931	5849	IR	402	.	3929	0.402	0.570	29	2763	2931	4445	4429	5849	21307	0	21307	0	73	1420	-16	overlap
scaffold_MT_2	99532	123342	IR	291	.	110995	0.291	0.989	26	23787	99532	99722	123152	123342	126390	0	126390	0	1857	190	23430	spaced
scaffold_Pltd_1	85420	155168	IR	330	.	120633	0.330	1.000	4725	69725	85420	111270	129318	155168	155175	0	155175	0	2004	25850	18048	spaced
scaffold_Pltd_1	1	85412	IR	314	.	43042	0.314	1.000	32	85378	1	188	85225	85412	155175	0	155175	0	711	187	85037	spaced
